datetime,pwv,t2m,sp,wind_speed,rh,tp_era5,gpm_precip_sum_1h
2018-01-01 00:00:00,56.64,303.5826,991.6797,2.1231704,71.08739,8.2060995,0.0
2018-01-01 01:00:00,56.94,305.04095,991.5002,2.8450222,67.244865,0.0,0.0
2018-01-01 02:00:00,57.51,306.28845,991.0522,3.338515,62.79499,0.0,0.0
2018-01-01 03:00:00,57.67,307.54788,990.29486,3.5749938,57.59073,0.0,0.0
2018-01-01 04:00:00,57.25,308.7741,989.47943,3.7757432,52.47519,0.0,0.0
2018-01-01 05:00:00,56.46,309.5796,988.60596,3.9439101,48.54154,0.0,0.08
2018-01-01 06:00:00,55.18,310.2301,987.9018,4.3600154,45.7279,0.0,3.35
2018-01-01 07:00:00,54.3,310.8412,986.5683,3.914612,38.51937,0.014491379,2.54
2018-01-01 08:00:00,52.56,310.78094,986.46124,3.5203724,38.330425,0.009469688,0.04
2018-01-01 09:00:00,51.96,307.22968,987.3699,5.5566387,49.242325,0.81854314,0.65999997
2018-01-01 10:00:00,53.64,304.64807,988.2063,2.6553297,60.502518,0.19005686,1.8499999
2018-01-01 11:00:00,55.93,304.32248,989.15814,0.34515935,63.434566,0.021830201,0.58
2018-01-01 12:00:00,57.07,303.92896,989.7257,1.090992,69.171486,0.0060796738,2.17
2018-01-01 13:00:00,56.29,303.39117,990.3741,1.2071548,76.80564,0.0,1.3999999
2018-01-01 14:00:00,54.71,303.15625,990.29456,1.140333,78.21763,0.0,0.01
2018-01-01 15:00:00,53.58,302.67584,990.09937,0.73124206,81.07309,0.13440847,0.52
2018-01-01 16:00:00,54.32,302.57205,989.4973,1.206244,76.07097,0.08329749,2.65
2018-01-01 17:00:00,56.75,302.22113,989.4043,2.4623864,77.07007,0.069752336,2.6899998
2018-01-01 18:00:00,58.58,301.6611,989.7548,4.3998733,76.42686,0.10746124,2.84
2018-01-01 19:00:00,58.79,299.33972,990.52826,2.2134745,89.68066,0.3760606,1.48
2018-01-01 20:00:00,60.46,299.31934,990.17865,3.192583,89.16501,0.57308364,2.1799998
2018-01-01 21:00:00,60.92,299.214,990.62695,5.452275,88.993,0.2721697,3.7199998
2018-01-01 22:00:00,60.15,299.2802,992.06396,5.0985856,88.55393,0.7520318,1.65
2018-01-01 23:00:00,58.65,300.0389,992.8416,6.7372556,84.14022,0.28127432,0.0
2018-01-02 00:00:00,46.64,300.72458,992.21014,7.5060267,78.33873,3.74327,0.0
2018-01-02 01:00:00,47.0,302.07452,991.6273,7.037414,67.485275,0.0,0.0
2018-01-02 02:00:00,47.73,303.59525,990.76654,5.781124,61.785202,0.0,0.0
2018-01-02 03:00:00,48.33,305.15594,990.1456,4.5161624,58.242268,0.0,0.0
2018-01-02 04:00:00,49.02,306.28644,989.2223,3.6881564,56.21586,0.0,0.0
2018-01-02 05:00:00,49.73,307.64508,988.26056,3.1130984,52.26919,0.0,0.0
2018-01-02 06:00:00,50.4,308.43542,987.3889,2.4850273,48.96737,0.0,0.0
2018-01-02 07:00:00,50.7,307.2426,987.7614,4.610221,51.23561,0.0,0.0
2018-01-02 08:00:00,49.82,307.05438,987.19104,4.2280245,51.2853,0.0,0.0
2018-01-02 09:00:00,49.7,306.56097,987.47955,4.1488886,53.13337,0.0,0.0
2018-01-02 10:00:00,49.98,305.5352,988.27924,3.3485692,58.764576,0.0,0.0
2018-01-02 11:00:00,51.33,304.21417,989.1713,2.8375716,65.90277,0.0,0.0
2018-01-02 12:00:00,51.01,303.2868,990.1355,3.0577776,70.32847,0.0,0.0
2018-01-02 13:00:00,51.5,302.56915,990.5701,2.91258,73.65299,0.0,0.0
2018-01-02 14:00:00,51.87,301.8529,990.7921,2.8317482,77.03793,0.0,0.0
2018-01-02 15:00:00,51.57,301.2848,990.3502,2.68479,79.654495,0.0,0.0
2018-01-02 16:00:00,51.94,300.93005,989.9512,2.537921,81.37159,0.0,0.0
2018-01-02 17:00:00,52.96,300.56525,989.62305,2.2494202,83.07499,0.0,0.0
2018-01-02 18:00:00,54.04,300.28064,989.8064,1.7898357,84.89284,0.0,0.0
2018-01-02 19:00:00,53.92,300.32605,989.4747,1.2270408,90.476364,0.0,0.0
2018-01-02 20:00:00,54.61,300.4156,990.0811,1.6118774,88.56709,0.0,0.0
2018-01-02 21:00:00,54.96,300.2649,990.4969,1.6721004,88.606155,0.0,0.0
2018-01-02 22:00:00,55.94,300.65158,991.3964,1.3221202,87.05405,0.0,0.0
2018-01-02 23:00:00,55.89,302.0865,992.1311,1.0569402,78.03123,0.0,0.0
2018-01-03 00:00:00,57.63,304.13907,992.0993,1.066191,67.473045,0.002670288,0.0
2018-01-03 01:00:00,57.82,305.84595,991.77765,2.0979805,57.481354,0.0,0.0
2018-01-03 02:00:00,57.59,307.41434,991.34955,2.7162652,50.15152,0.0010617077,0.0
2018-01-03 03:00:00,57.03,308.47983,990.6301,2.553916,45.65566,0.011868775,0.0
2018-01-03 04:00:00,55.78,309.4756,989.6013,2.6043763,41.673573,0.0040754676,0.0
2018-01-03 05:00:00,54.19,310.34558,988.5253,2.561498,38.929996,0.008925796,0.0
2018-01-03 06:00:00,53.26,310.47003,987.5125,2.6322663,37.39093,0.013466924,0.0
2018-01-03 07:00:00,51.78,310.26447,987.4881,2.2199047,39.906467,0.028388204,0.0
2018-01-03 08:00:00,49.77,309.55127,987.5622,1.8453053,41.099377,0.026129186,0.0
2018-01-03 09:00:00,48.61,308.35425,987.7488,0.90867513,44.264378,0.2419278,0.0
2018-01-03 10:00:00,47.22,308.07104,988.39453,0.07983134,45.783306,0.002451241,0.0
2018-01-03 11:00:00,46.67,307.0118,988.66797,0.33238673,51.456295,0.0,0.0
2018-01-03 12:00:00,48.66,306.05408,989.81537,1.4613342,58.22651,0.0,0.0
2018-01-03 13:00:00,50.6,305.13086,989.7489,2.2708983,60.584324,0.0,0.0
2018-01-03 14:00:00,51.06,304.31598,989.9222,2.3780508,63.07674,0.0,0.0
2018-01-03 15:00:00,50.25,303.33356,989.8234,1.6713827,69.62455,0.0,0.0
2018-01-03 16:00:00,49.27,302.94476,989.4547,0.569037,70.82094,0.0,0.0
2018-01-03 17:00:00,48.82,302.67346,989.3346,0.30628172,72.03267,0.0,0.0
2018-01-03 18:00:00,49.06,302.06543,989.5125,1.5669639,75.21863,0.0,0.0
2018-01-03 19:00:00,50.82,301.56476,990.3049,3.1234775,74.297806,0.0,0.0
2018-01-03 20:00:00,53.15,301.17487,990.4696,3.1530106,74.20872,0.0,0.0
2018-01-03 21:00:00,53.17,300.8346,991.1887,3.0059536,74.325485,0.0,0.0
2018-01-03 22:00:00,52.73,301.00244,991.9147,2.5798643,72.65553,0.0,0.0
2018-01-03 23:00:00,51.99,302.65036,992.4285,2.014284,63.565613,0.0,0.0
2018-01-04 00:00:00,48.53,304.5107,992.248,1.3014212,55.559055,0.33831,0.0
2018-01-04 01:00:00,48.16,306.05258,992.09155,0.9902468,50.18604,0.0,0.0
2018-01-04 02:00:00,47.76,307.69556,991.5264,1.2218782,43.686382,0.0,0.0
2018-01-04 03:00:00,48.29,309.2235,990.60345,1.6198552,38.19458,0.015638769,0.0
2018-01-04 04:00:00,48.43,310.60516,989.59717,1.8140992,33.181866,0.011004508,0.0
2018-01-04 05:00:00,48.66,311.85144,988.6141,1.7666749,29.516256,0.0,0.72999996
2018-01-04 06:00:00,48.97,312.46588,987.5887,1.3509653,27.607456,0.010326505,0.9
2018-01-04 07:00:00,48.93,310.67218,988.0312,5.127065,32.018593,0.38175583,1.29
2018-01-04 08:00:00,48.41,305.7738,989.12585,7.7657022,46.414158,0.8980558,0.0
2018-01-04 09:00:00,48.0,306.55212,988.7317,4.4515285,42.696205,0.043205917,0.0
2018-01-04 10:00:00,46.83,305.97775,989.2835,3.9914699,46.177708,0.0,0.0
2018-01-04 11:00:00,46.11,305.32343,989.98596,3.79121,50.593956,0.0,0.0
2018-01-04 12:00:00,46.57,304.61612,990.8468,3.770307,55.263817,0.0,0.0
2018-01-04 13:00:00,45.97,304.13766,991.0619,3.0672388,58.585503,0.0,0.0
2018-01-04 14:00:00,45.09,303.66254,991.41327,3.1599119,61.52614,0.0,0.0
2018-01-04 15:00:00,45.18,303.09454,991.3144,3.4767578,64.58518,0.0,0.0
2018-01-04 16:00:00,45.85,302.45984,990.9643,2.8611948,68.27364,0.0,0.0
2018-01-04 17:00:00,45.84,301.7604,990.4359,2.2116544,72.52588,0.0,0.0
2018-01-04 18:00:00,45.43,301.19125,990.01794,1.7990886,76.576546,0.0,0.0
2018-01-04 19:00:00,44.95,300.77075,990.53625,2.6960018,79.385826,0.0,0.0
2018-01-04 20:00:00,45.09,300.2419,990.4293,1.578435,83.64116,0.0,0.0
2018-01-04 21:00:00,44.11,299.7519,990.8606,1.0530586,87.973,0.0,0.0
2018-01-04 22:00:00,41.25,300.32086,991.6039,1.286876,83.31528,0.0,0.0
2018-01-04 23:00:00,38.68,301.69324,991.9191,1.8417009,75.90718,0.0,0.0
2018-01-05 00:00:00,34.02,303.4638,991.6961,1.8752122,67.6355,1.3608426,0.0
2018-01-05 01:00:00,33.83,305.33954,991.5228,1.827097,59.513493,0.0,0.0
2018-01-05 02:00:00,33.34,307.20218,991.1172,1.8023878,51.65596,0.0,0.0
2018-01-05 03:00:00,33.0,308.97064,990.44995,1.4414802,42.772167,0.0,0.0
2018-01-05 04:00:00,33.91,310.2895,989.4702,0.11073041,34.917896,0.0,0.0
2018-01-05 05:00:00,35.19,311.65186,988.5207,0.98721325,28.201283,0.0,0.0
2018-01-05 06:00:00,35.11,312.54745,987.5536,1.3484513,24.146296,0.0,0.0
2018-01-05 07:00:00,34.99,312.18106,987.20544,0.1897748,23.560349,0.0,0.0
2018-01-05 08:00:00,35.53,312.42224,986.5736,0.5212585,22.165232,0.0,0.0
2018-01-05 09:00:00,35.9,312.42603,986.5695,0.8584003,21.416512,0.0,0.0
2018-01-05 10:00:00,36.4,311.97607,986.9244,1.3782763,21.40105,0.0,0.0
2018-01-05 11:00:00,37.6,311.47595,987.57544,2.1846683,22.09236,0.0,0.0
2018-01-05 12:00:00,38.14,310.7031,987.923,3.5336292,24.716377,0.0,0.0
2018-01-05 13:00:00,38.64,308.7354,988.7958,4.7848663,33.93872,0.0,0.0
2018-01-05 14:00:00,39.17,306.23132,989.2511,6.2403803,50.195015,0.0,0.0
2018-01-05 15:00:00,41.99,304.95868,989.46893,5.4748983,57.104553,0.0,0.0
2018-01-05 16:00:00,44.36,304.22498,989.66626,4.0622826,59.865604,0.0,0.0
2018-01-05 17:00:00,44.95,303.60315,989.4547,3.608201,62.864304,0.0,0.0
2018-01-05 18:00:00,43.99,302.932,989.1651,3.2372794,66.71351,0.0,0.0
2018-01-05 19:00:00,41.38,301.338,989.5555,3.4471152,76.44617,0.0,0.0
2018-01-05 20:00:00,38.63,300.7526,989.5896,3.0997832,80.05066,0.0,0.0
2018-01-05 21:00:00,36.61,300.28198,989.92377,2.759573,82.79205,0.0,0.0
2018-01-05 22:00:00,36.03,300.45743,990.8328,2.9311564,82.00095,0.0,0.0
2018-01-05 23:00:00,37.37,302.12537,991.1511,3.2148037,72.92503,0.0,0.0
2018-01-06 00:00:00,36.36,304.44836,991.3652,3.1753109,61.157196,0.002573738,0.0
2018-01-06 01:00:00,37.38,306.74033,991.08453,3.0808787,51.327522,0.0,0.0
2018-01-06 02:00:00,37.93,308.90442,990.6426,3.1184645,43.538322,0.0021196902,0.0
2018-01-06 03:00:00,37.86,310.83313,990.0722,3.087956,37.15386,0.009369105,0.0
2018-01-06 04:00:00,37.69,311.89783,988.95953,2.31862,31.818121,0.0,0.0
2018-01-06 05:00:00,38.81,312.58344,988.3145,1.6484364,28.678694,0.0064074993,0.0
2018-01-06 06:00:00,41.33,313.32935,987.2425,1.6571124,25.928957,0.0043213367,0.0
2018-01-06 07:00:00,42.51,314.0965,986.3208,2.2917373,18.750818,0.0,0.0
2018-01-06 08:00:00,42.76,314.4505,985.635,1.7256223,16.250044,0.0,0.0
2018-01-06 09:00:00,42.4,314.42566,985.40485,1.693415,14.657833,0.0,0.0
2018-01-06 10:00:00,41.46,314.16824,985.6805,2.7113888,14.762524,0.0,0.0
2018-01-06 11:00:00,39.8,312.88556,986.47955,3.2050188,16.988428,0.0,0.0
2018-01-06 12:00:00,39.08,310.22778,988.2347,5.3280745,26.752735,0.0,0.0
2018-01-06 13:00:00,39.47,305.37122,989.905,8.193801,58.33114,0.012894642,0.17
2018-01-06 14:00:00,40.27,302.79987,990.6808,8.036833,71.747444,0.0,0.0
2018-01-06 15:00:00,41.13,301.9643,990.5969,7.5851636,76.160126,0.0,0.0
2018-01-06 16:00:00,41.95,301.53442,990.42206,6.2513866,77.993164,0.0,0.0
2018-01-06 17:00:00,42.06,301.25052,990.45044,4.651369,79.628365,0.0,0.0
2018-01-06 18:00:00,41.56,301.06284,990.2314,3.051947,80.95913,0.0,0.0
2018-01-06 19:00:00,40.75,300.6048,990.39014,2.7892137,87.15862,0.0,0.0
2018-01-06 20:00:00,39.76,300.44742,990.8231,2.706237,87.39967,0.0,0.22999999
2018-01-06 21:00:00,38.67,300.38556,991.53815,2.9588854,87.213646,0.0,0.0
2018-01-06 22:00:00,37.79,300.7541,992.27783,3.2145784,84.656265,0.0,0.0
2018-01-06 23:00:00,37.15,301.80988,992.77203,2.871244,78.39988,0.0,0.0
2018-01-07 00:00:00,40.12,303.57263,992.55994,1.9187392,66.90141,0.03823242,0.0
2018-01-07 01:00:00,40.31,305.62955,992.1332,1.6850482,56.65262,0.0,0.0
2018-01-07 02:00:00,41.01,308.1365,991.6944,2.1685574,45.914837,0.0028517097,0.0
2018-01-07 03:00:00,41.97,310.56232,990.7606,2.639876,35.101597,0.014418736,0.0
2018-01-07 04:00:00,42.33,312.297,989.58044,2.9508,28.728788,0.0,0.0
2018-01-07 05:00:00,42.31,313.50473,988.2619,3.5499856,25.229803,0.0,0.0
2018-01-07 06:00:00,41.66,314.4166,987.17377,4.53288,22.983286,0.0,0.42
2018-01-07 07:00:00,,314.2655,986.7578,4.3666186,21.299852,0.0,5.3199997
2018-01-07 08:00:00,,314.56415,986.09155,4.6089463,20.28142,0.0,5.68
2018-01-07 09:00:00,,314.39893,986.19,5.079619,19.306934,0.0,1.98
2018-01-07 10:00:00,,313.98358,986.6425,5.2131276,18.331905,0.0,0.9
2018-01-07 11:00:00,,312.93628,987.5852,4.6661386,18.698158,0.0,0.0
2018-01-07 12:00:00,,311.83435,988.69727,5.2778006,19.875816,0.0,0.0
2018-01-07 13:00:00,,310.7919,989.0737,4.574859,21.757818,0.0,0.0
2018-01-07 14:00:00,,309.77863,989.3601,3.657996,23.371056,0.0,0.0
2018-01-07 15:00:00,,308.32324,989.6686,5.7605124,28.046366,0.0,0.0
2018-01-07 16:00:00,,306.575,990.54596,6.3760705,37.310783,0.0,0.0
2018-01-07 17:00:00,,305.22293,990.5711,5.3194733,45.520973,0.0,0.0
2018-01-07 18:00:00,,304.1648,990.3116,4.5735245,55.30459,0.0,0.0
2018-01-07 19:00:00,,302.91223,989.6738,4.5138574,64.216385,0.0,0.0
2018-01-07 20:00:00,,301.93356,990.03033,3.9311988,73.50639,0.0,0.0
2018-01-07 21:00:00,,301.41876,990.64514,2.8213177,78.24608,0.0,0.0
2018-01-07 22:00:00,,301.46075,991.34485,2.3214025,79.437744,0.0064998874,0.0
2018-01-07 23:00:00,,302.47528,991.772,2.0950737,74.25312,0.06451965,0.0
2018-01-08 00:00:00,46.49,303.5431,991.55396,1.0352467,67.58311,0.14587641,0.0
2018-01-08 01:00:00,46.8,305.23456,991.4397,1.7778872,57.599457,0.0,0.0
2018-01-08 02:00:00,46.98,307.15375,990.72314,3.0971434,48.739075,0.00916142,0.04
2018-01-08 03:00:00,46.69,308.3161,989.7283,3.589081,43.108852,0.0,1.56
2018-01-08 04:00:00,47.43,309.84033,988.9136,3.4803574,37.775078,0.0,0.0
2018-01-08 05:00:00,49.51,310.81134,987.55524,3.6462896,34.79581,0.0,0.0
2018-01-08 06:00:00,51.42,311.43393,986.65155,4.0054975,33.185623,0.0,0.0
2018-01-08 07:00:00,52.24,312.08533,985.7939,4.400661,30.259096,0.005222857,0.0
2018-01-08 08:00:00,52.08,311.96112,985.3742,5.1362734,30.531603,0.055232644,0.0
2018-01-08 09:00:00,52.98,306.84274,987.1875,8.618379,46.215313,1.3146847,0.0
2018-01-08 10:00:00,54.72,305.453,988.2241,7.4514503,51.17601,0.12642145,0.0
2018-01-08 11:00:00,55.73,304.78143,988.8939,6.9217305,54.35933,0.0,0.24
2018-01-08 12:00:00,57.35,304.18542,989.5842,6.7295485,57.91148,0.0,1.12
2018-01-08 13:00:00,59.26,303.50067,990.3565,6.114851,61.008846,0.0,1.43
2018-01-08 14:00:00,61.58,302.8006,991.26807,5.6466203,63.82172,0.0,2.4
2018-01-08 15:00:00,62.77,302.00446,991.35376,4.8083324,67.65174,0.017270446,3.08
2018-01-08 16:00:00,63.05,301.0169,990.90936,3.6572955,73.492065,0.2361238,2.02
2018-01-08 17:00:00,61.75,300.73297,990.0767,3.8340394,75.17083,0.29751647,1.79
2018-01-08 18:00:00,61.05,300.67474,989.6842,4.1241617,74.81556,0.050976872,0.0
2018-01-08 19:00:00,60.9,300.39832,990.0062,3.0455918,75.067314,0.036403537,0.39
2018-01-08 20:00:00,60.1,300.1317,989.9355,3.5937326,75.97887,0.019168947,0.51
2018-01-08 21:00:00,59.76,299.88852,990.16876,4.0667214,77.13368,0.0049800146,0.0
2018-01-08 22:00:00,59.53,299.89398,990.63007,5.181931,77.34875,0.007301569,0.0
2018-01-08 23:00:00,58.9,300.8346,991.3331,7.3289533,72.74353,0.029588584,0.0
2018-01-09 00:00:00,59.18,301.93167,991.46716,7.70941,67.900955,2.3609676,0.0
2018-01-09 01:00:00,59.68,302.96417,991.22675,7.9973354,64.09758,0.0,0.0
2018-01-09 02:00:00,59.88,304.04938,990.7111,8.38206,60.111206,0.08411333,0.0
2018-01-09 03:00:00,59.59,304.60046,989.8656,8.937336,57.599747,0.087708235,0.71
2018-01-09 04:00:00,59.49,303.96136,989.2494,8.968169,59.741295,0.28710067,0.0
2018-01-09 05:00:00,59.98,303.32202,988.3617,8.639242,62.674976,0.51127005,0.0
2018-01-09 06:00:00,60.85,302.8879,988.1917,8.380301,65.115074,0.78198314,2.4299998
2018-01-09 07:00:00,61.58,302.16702,986.94556,9.783919,67.51119,0.87301064,4.35
2018-01-09 08:00:00,61.37,301.55835,987.1928,7.792023,72.837006,1.5809387,4.8399997
2018-01-09 09:00:00,61.22,300.80334,987.6756,6.7903695,76.76085,2.3177118,5.4799995
2018-01-09 10:00:00,60.96,300.04254,987.93445,6.829426,82.416245,2.9057713,3.98
2018-01-09 11:00:00,61.32,299.35773,988.9412,7.7936096,84.773285,3.598325,1.43
2018-01-09 12:00:00,62.13,299.07535,989.6113,7.5384073,84.21785,1.7739534,0.84000003
2018-01-09 13:00:00,62.51,299.25183,990.2017,6.552058,83.14887,0.6695986,1.04
2018-01-09 14:00:00,63.34,299.27216,990.64624,5.753602,83.58987,0.34236908,0.14
2018-01-09 15:00:00,63.06,299.22485,990.34204,5.438859,83.7414,0.27021766,0.71
2018-01-09 16:00:00,62.21,299.16284,989.99225,5.5110683,83.87228,0.20432472,1.0699999
2018-01-09 17:00:00,61.64,299.0221,989.52124,5.155742,84.44419,0.19136444,2.3
2018-01-09 18:00:00,60.75,298.88373,988.90094,4.923308,85.142,0.047519803,2.62
2018-01-09 19:00:00,60.18,298.546,988.66205,5.0209265,87.032524,0.07878244,2.72
2018-01-09 20:00:00,59.0,298.51727,988.9564,5.1141057,86.68332,0.055015087,0.22
2018-01-09 21:00:00,58.28,298.526,989.40076,5.03622,86.292915,0.07084012,0.0
2018-01-09 22:00:00,57.89,298.64355,989.95483,4.5660424,86.097534,0.09468198,0.71
2018-01-09 23:00:00,58.42,299.19974,990.33685,5.9135046,82.419586,0.060021877,0.72999996
2018-01-10 00:00:00,58.34,300.30576,990.39545,8.26138,76.148155,16.982649,0.0
2018-01-10 01:00:00,58.02,301.63977,990.1652,8.361293,69.47654,0.0,0.0
2018-01-10 02:00:00,58.86,302.58844,989.5508,7.5142965,66.33045,0.017865561,0.42
2018-01-10 03:00:00,59.27,303.17563,988.95654,7.6788588,64.02587,0.019004568,0.07
2018-01-10 04:00:00,59.65,302.76038,988.3077,7.5382347,65.85414,0.10543689,0.19
2018-01-10 05:00:00,59.48,302.9143,987.29626,7.580234,65.93799,0.0,0.0
2018-01-10 06:00:00,58.62,303.58493,986.6131,7.9168115,63.365417,0.0,0.02
2018-01-10 07:00:00,57.4,304.4992,986.34094,6.368694,58.444206,0.0,0.14
2018-01-10 08:00:00,57.11,304.55573,986.1373,5.721992,58.757347,0.0029876828,0.0
2018-01-10 09:00:00,57.57,304.0216,986.7188,5.1749773,62.225117,0.023461878,0.0
2018-01-10 10:00:00,58.33,302.21646,987.6877,4.15039,72.0068,0.5565584,0.7
2018-01-10 11:00:00,58.94,301.3247,988.549,3.6658585,76.917145,0.34284598,0.29
2018-01-10 12:00:00,58.72,300.94327,988.75287,3.5347407,79.30319,0.23474544,0.17999999
2018-01-10 13:00:00,58.28,300.784,988.7966,4.2110896,79.40021,0.019155443,0.0
2018-01-10 14:00:00,58.51,300.5669,988.99054,4.827363,79.23258,0.002168119,0.0
2018-01-10 15:00:00,57.85,300.24826,988.73724,5.193142,79.70374,0.0012814999,0.0
2018-01-10 16:00:00,57.47,299.8825,988.2434,5.360037,80.265564,0.0,0.0
2018-01-10 17:00:00,57.13,299.53604,987.71295,5.3469234,81.13306,0.0,0.0
2018-01-10 18:00:00,57.59,299.2943,986.89984,5.100191,82.21399,0.0,0.0
2018-01-10 19:00:00,57.65,298.97345,986.63,5.5793557,83.01451,0.0,0.0
2018-01-10 20:00:00,57.38,298.84494,986.8984,5.5792503,83.682076,0.0,0.0
2018-01-10 21:00:00,57.42,298.78018,987.40765,5.72832,83.87248,0.0,0.0
2018-01-10 22:00:00,57.93,299.00443,987.7484,5.8822737,83.1011,0.0,0.0
2018-01-10 23:00:00,58.19,299.775,987.5835,6.7232347,79.875694,0.0,0.0
2018-01-11 00:00:00,56.53,301.10876,987.9572,8.853649,73.84563,1.340729,0.0
2018-01-11 01:00:00,56.79,302.1739,988.3833,9.563389,69.277725,0.0,1.24
2018-01-11 02:00:00,57.8,303.03845,988.0711,8.762774,65.95337,0.0030323863,2.58
2018-01-11 03:00:00,59.27,304.241,987.1984,9.007006,60.714615,0.0,4.3199997
2018-01-11 04:00:00,60.59,305.4571,986.5197,9.512409,55.852654,0.0,0.84
2018-01-11 05:00:00,60.1,306.08603,986.0759,8.936569,53.447556,0.0,0.0
2018-01-11 06:00:00,58.23,304.75446,985.64575,8.471102,57.23329,0.112921,0.0
2018-01-11 07:00:00,56.12,304.21747,985.1866,8.77218,58.944237,1.4513582,0.17999999
2018-01-11 08:00:00,56.21,302.9665,985.96094,6.633514,66.271736,1.0655969,0.27999997
2018-01-11 09:00:00,56.87,302.87534,985.6866,4.9956565,68.29062,0.081151724,0.0
2018-01-11 10:00:00,56.99,302.5562,986.16315,5.7814846,69.436386,0.0,0.0
2018-01-11 11:00:00,57.44,301.76465,986.90906,5.9023824,71.733635,0.0,0.0
2018-01-11 12:00:00,57.27,301.12958,987.832,6.0399747,73.67212,0.0,0.0
2018-01-11 13:00:00,57.61,300.53137,988.5622,6.078698,75.49083,0.0,0.0
2018-01-11 14:00:00,57.48,300.13367,989.03314,6.239368,76.86486,0.0,0.0
2018-01-11 15:00:00,56.62,299.76935,988.6756,6.2079563,78.59624,0.0,0.06
2018-01-11 16:00:00,55.92,299.48135,988.27545,5.945547,80.27587,0.0,0.0
2018-01-11 17:00:00,56.45,299.15186,987.3708,5.7147512,82.0412,0.0,0.0
2018-01-11 18:00:00,56.69,298.90173,986.9006,5.843794,83.22829,0.0,0.0
2018-01-11 19:00:00,57.22,298.8186,986.1753,6.8695035,83.263695,0.21071732,0.38
2018-01-11 20:00:00,57.39,298.80298,986.67377,6.5372796,83.62359,0.08790195,0.0
2018-01-11 21:00:00,57.94,298.75034,987.432,6.4761405,84.257256,0.09691715,0.53999996
2018-01-11 22:00:00,58.02,298.9676,988.66,6.567423,83.8885,0.11497736,0.0
2018-01-11 23:00:00,58.7,299.64066,989.3269,6.7811856,81.496254,0.023022294,0.0
2018-01-12 00:00:00,58.4,300.50406,989.13654,8.340078,77.36634,3.306228,0.17
2018-01-12 01:00:00,58.62,301.32257,989.16455,9.019252,73.58572,0.0,0.0
2018-01-12 02:00:00,58.24,302.4372,988.7442,9.540689,68.27091,0.0,0.34
2018-01-12 03:00:00,58.07,303.78625,988.5299,9.354512,62.364857,0.0033844262,0.32999998
2018-01-12 04:00:00,58.38,304.0312,987.91797,8.561318,61.082478,0.005491078,0.0
2018-01-12 05:00:00,58.65,304.51526,987.2367,7.9747996,59.711254,0.010795891,0.0
2018-01-12 06:00:00,59.31,305.38507,986.6248,7.384895,58.110737,0.0,0.25
2018-01-12 07:00:00,58.06,303.66602,986.4313,7.732114,63.129444,0.024366383,0.0
2018-01-12 08:00:00,57.08,303.38232,986.0806,7.354962,63.860996,0.037238,0.0
2018-01-12 09:00:00,56.17,302.87347,987.2452,6.915624,66.062325,0.053286552,0.0
2018-01-12 10:00:00,56.85,301.79895,988.2539,5.008306,72.24199,0.022038817,0.61
2018-01-12 11:00:00,58.21,300.16888,989.1715,4.75588,78.92579,0.27485192,1.22
2018-01-12 12:00:00,57.67,300.01086,990.0027,3.8818815,80.303246,0.058323145,0.0
2018-01-12 13:00:00,57.23,299.80023,990.5965,4.064094,81.00279,0.013366342,0.0
2018-01-12 14:00:00,56.89,299.59958,991.0664,3.9329493,81.6614,0.0017732382,0.0
2018-01-12 15:00:00,55.41,299.29022,991.02094,3.8384302,82.68569,0.011742115,0.0
2018-01-12 16:00:00,55.04,299.09546,990.5427,3.672916,83.2709,0.023841858,0.0
2018-01-12 17:00:00,55.53,298.85077,990.10486,3.2593713,84.339554,0.010728836,0.0
2018-01-12 18:00:00,55.27,298.60974,989.6456,3.0434608,85.469604,0.0012814999,0.0
2018-01-12 19:00:00,54.9,298.17065,989.60443,2.745372,87.247215,0.007480383,0.0
2018-01-12 20:00:00,55.01,298.05084,989.7636,2.5806544,87.94215,0.0,0.12
2018-01-12 21:00:00,54.36,297.86627,990.50903,2.6294265,88.83976,0.0,0.0
2018-01-12 22:00:00,53.94,298.12592,991.0935,2.899366,87.58651,0.0,0.0
2018-01-12 23:00:00,53.76,299.45093,991.91315,3.8501258,79.92105,0.0,0.0
2018-01-13 00:00:00,54.58,300.73578,992.38513,4.2061496,72.29621,0.6123364,0.0
2018-01-13 01:00:00,54.21,301.31256,992.4139,4.310758,68.59313,0.0,0.0
2018-01-13 02:00:00,54.3,301.95038,992.44165,3.7665665,66.02117,0.43227988,0.0
2018-01-13 03:00:00,54.88,301.92966,991.6986,3.1014335,65.96592,0.14505908,0.0
2018-01-13 04:00:00,55.36,302.90936,991.10187,2.932683,62.52718,0.058272853,0.0
2018-01-13 05:00:00,55.37,303.75137,990.173,2.9408944,59.23506,0.0,0.0
2018-01-13 06:00:00,55.28,304.6413,989.3836,2.7087076,56.548645,0.0,0.0
2018-01-13 07:00:00,54.75,306.18878,988.33344,2.039024,49.62036,0.0,0.0
2018-01-13 08:00:00,54.54,306.3222,988.3833,2.2242303,49.635582,0.0,0.0
2018-01-13 09:00:00,55.05,305.1515,989.175,4.413903,54.44714,0.15287846,0.0
2018-01-13 10:00:00,55.48,303.35016,990.29565,4.020083,64.09629,0.0,0.0
2018-01-13 11:00:00,55.88,302.16223,991.37036,4.0141487,71.13654,0.0050216913,0.0
2018-01-13 12:00:00,56.75,301.16956,992.1312,3.8917797,76.63289,0.0,0.0
2018-01-13 13:00:00,57.78,300.2105,992.65405,3.6290665,81.50282,0.0,0.0
2018-01-13 14:00:00,58.77,299.63043,993.44037,2.6954682,84.59185,0.0,0.0
2018-01-13 15:00:00,57.96,299.32214,992.99664,1.6391329,86.48287,0.0,0.0
2018-01-13 16:00:00,55.91,299.0256,992.40283,1.286426,88.54646,0.0,0.0
2018-01-13 17:00:00,54.36,298.84332,992.0481,1.5069468,89.1972,0.0017285347,0.0
2018-01-13 18:00:00,52.9,298.65164,991.7972,1.2430288,90.476555,0.018775463,0.0
2018-01-13 19:00:00,50.83,298.67603,991.2581,0.84303623,94.45076,0.0,0.0
2018-01-13 20:00:00,49.01,298.60852,991.72,0.95898616,94.49624,0.0,0.0
2018-01-13 21:00:00,47.29,298.72333,992.402,1.9226537,92.63127,0.0,0.0
2018-01-13 22:00:00,44.26,298.86896,993.23065,2.740568,90.35762,0.0,0.0
2018-01-13 23:00:00,41.41,299.80386,993.6873,2.7975664,84.4383,0.0013709068,0.0
2018-01-14 00:00:00,36.53,301.24588,993.5066,2.327506,76.456795,1.1517286,0.0
2018-01-14 01:00:00,35.53,302.6868,993.25616,1.1884289,69.62464,0.0,0.0
2018-01-14 02:00:00,35.48,303.8612,992.8826,0.49574503,63.09144,0.050753355,0.0
2018-01-14 03:00:00,37.1,304.99915,992.2697,1.0009171,58.06725,0.01609698,0.0
2018-01-14 04:00:00,39.24,306.048,991.6,1.2738994,53.897423,0.004772097,0.0
2018-01-14 05:00:00,40.53,307.05127,990.5175,1.4860448,49.92194,0.0,0.0
2018-01-14 06:00:00,40.37,307.77722,989.70795,1.3374527,46.451794,0.0,0.0
2018-01-14 07:00:00,40.82,309.042,988.78314,2.5798416,39.21372,0.0,0.0
2018-01-14 08:00:00,40.73,309.27795,988.40094,2.7969887,37.495514,0.0,0.0
2018-01-14 09:00:00,40.21,308.9421,988.207,3.0142004,38.127277,0.0,0.0
2018-01-14 10:00:00,40.44,307.72168,988.865,3.2376115,44.705128,0.0,0.0
2018-01-14 11:00:00,41.94,305.69345,988.98157,3.5545847,54.42292,0.0,0.0
2018-01-14 12:00:00,43.65,304.2696,990.0261,3.6381755,61.637245,0.0,0.0
2018-01-14 13:00:00,46.12,303.12363,990.52484,3.3407612,68.06217,0.0,0.0
2018-01-14 14:00:00,48.55,302.26022,991.35077,2.7801342,73.780075,0.0,0.0
2018-01-14 15:00:00,51.16,301.7679,991.19556,2.5131452,77.43912,0.0,9.66
2018-01-14 16:00:00,53.01,301.37833,991.0572,2.4169261,79.9648,0.0,13.59
2018-01-14 17:00:00,54.17,301.14825,990.7869,2.3329136,81.50469,0.0,5.45
2018-01-14 18:00:00,55.5,300.88873,990.47656,2.149066,83.16615,0.0,0.0
2018-01-14 19:00:00,55.18,300.0027,990.7555,1.9644891,81.42755,0.29943883,0.0
2018-01-14 20:00:00,55.41,299.61127,990.86346,3.7273173,82.62398,0.1502186,0.0
2018-01-14 21:00:00,55.19,299.34778,991.2502,3.848173,83.05711,0.04324317,0.0
2018-01-14 22:00:00,55.34,299.49847,991.4481,2.840762,81.713356,0.005185604,0.0
2018-01-14 23:00:00,55.2,301.07227,991.9794,2.399801,72.58688,0.0,0.0
2018-01-15 00:00:00,56.25,302.7019,991.7958,2.022696,65.08829,0.6458163,0.0
2018-01-15 01:00:00,56.22,304.7478,991.15906,1.7783722,56.877792,0.0,0.0
2018-01-15 02:00:00,55.57,306.75616,990.7219,2.0202677,49.102715,0.0,0.0
2018-01-15 03:00:00,55.75,308.35345,989.71814,2.0421302,42.531765,0.0035315752,0.0
2018-01-15 04:00:00,56.68,309.50598,988.7584,1.831989,38.59541,0.009223819,0.0
2018-01-15 05:00:00,56.1,310.47095,987.8264,1.3859432,36.398445,0.01232326,0.0
2018-01-15 06:00:00,54.88,310.988,986.65643,0.83050674,35.239647,0.0064224005,0.0
2018-01-15 07:00:00,52.86,306.31406,988.40936,2.5968537,47.909565,0.087574124,0.0
2018-01-15 08:00:00,51.31,305.53528,987.99963,2.3297892,50.471092,0.07855892,0.12
2018-01-15 09:00:00,50.66,305.50946,988.2818,2.566984,50.617695,0.0,0.0
2018-01-15 10:00:00,51.0,305.23297,988.57135,3.2723713,52.035088,0.0,0.0
2018-01-15 11:00:00,52.9,304.31204,989.1072,3.6386292,57.756596,0.0,0.0
2018-01-15 12:00:00,55.01,303.3172,989.7483,3.475439,64.43998,0.0,0.0
2018-01-15 13:00:00,55.85,302.63055,989.3011,2.7049077,68.80842,0.0,0.0
2018-01-15 14:00:00,56.75,302.19162,989.6937,1.6499795,71.86409,0.0017166167,0.0
2018-01-15 15:00:00,57.35,301.67252,990.05505,1.5395819,75.85391,0.0,0.0
2018-01-15 16:00:00,56.92,301.37994,990.1282,2.5452158,77.018524,0.15431641,0.0
2018-01-15 17:00:00,56.4,301.0904,990.0875,2.8017452,78.69826,0.11467934,0.0
2018-01-15 18:00:00,57.1,300.75403,989.5228,2.4829245,80.751564,0.0,0.0
2018-01-15 19:00:00,57.56,299.49384,989.2325,3.6386335,86.916664,0.04312396,0.0
2018-01-15 20:00:00,57.58,299.27588,989.3457,2.7032866,87.51762,0.0,0.0
2018-01-15 21:00:00,57.85,299.02927,989.82806,2.1288388,88.80334,0.0,0.0
2018-01-15 22:00:00,56.79,299.167,990.6781,2.4533968,87.69516,0.0,0.0
2018-01-15 23:00:00,55.41,300.33527,991.0261,2.6789255,80.76174,0.0,0.0
2018-01-16 00:00:00,54.46,301.80566,990.8225,2.7630982,73.0733,0.51178336,0.0
2018-01-16 01:00:00,54.48,303.84778,990.5343,2.5094895,63.635986,0.0,0.0
2018-01-16 02:00:00,55.03,305.34802,989.9442,2.3218334,58.043133,0.013453886,0.0
2018-01-16 03:00:00,55.03,306.36554,989.2361,2.1096818,54.094547,0.038396567,0.0
2018-01-16 04:00:00,54.34,307.47214,988.40393,2.1816843,50.647385,0.0036880374,0.0
2018-01-16 05:00:00,53.31,308.45575,987.6781,2.1816034,47.134083,0.0,0.0
2018-01-16 06:00:00,52.73,308.97495,986.8795,2.2990382,44.33689,0.0,0.0
2018-01-16 07:00:00,53.3,310.31433,985.99646,3.4296427,37.663292,0.003874302,0.0
2018-01-16 08:00:00,54.41,309.7351,985.60187,3.610051,37.552296,0.016018748,0.32
2018-01-16 09:00:00,55.12,308.8855,985.99304,1.954255,39.44257,0.0256598,1.0699999
2018-01-16 10:00:00,55.94,306.6034,987.2825,2.486865,46.885757,0.24612544,0.0
2018-01-16 11:00:00,57.31,305.19653,988.2717,2.6684127,52.831482,0.06440282,4.95
2018-01-16 12:00:00,58.66,304.39996,989.02264,2.2682736,56.454002,0.029712915,7.7
2018-01-16 13:00:00,58.59,303.6439,989.294,3.4763455,59.96528,0.0616163,7.8500004
2018-01-16 14:00:00,58.14,302.3767,990.04,5.1688266,66.90122,0.24552643,8.969999
2018-01-16 15:00:00,57.27,301.4338,989.72845,4.405603,71.061966,0.1770109,6.62
2018-01-16 16:00:00,57.53,300.98425,989.5761,3.0244846,73.267334,0.09047991,3.4099998
2018-01-16 17:00:00,57.6,300.30573,989.7131,1.1739521,76.20614,0.77696145,0.93
2018-01-16 18:00:00,55.81,299.95782,989.5408,2.6927135,78.139824,0.64757466,0.28
2018-01-16 19:00:00,52.08,299.8833,988.52545,3.3553357,81.752106,0.11305511,0.71999997
2018-01-16 20:00:00,48.33,299.78668,988.64825,4.2769156,82.00568,0.30621886,0.0
2018-01-16 21:00:00,46.04,299.62152,988.7445,4.7214317,82.80147,0.0795573,0.0
2018-01-16 22:00:00,45.3,299.42987,988.7365,3.3541574,83.7802,0.0016987324,0.0
2018-01-16 23:00:00,45.54,299.6713,989.13763,1.0490965,83.05551,0.0,0.0
2018-01-17 00:00:00,46.67,300.69162,989.37195,0.9367031,78.25241,2.951506,0.0
2018-01-17 01:00:00,47.49,302.40088,989.5602,1.5078797,70.73814,0.0,0.0
2018-01-17 02:00:00,48.44,303.02032,989.35205,2.0211654,67.617935,0.0,0.0
2018-01-17 03:00:00,48.88,303.9793,988.6802,1.7875025,63.42494,0.0,0.0
2018-01-17 04:00:00,49.74,305.58868,987.923,1.5397813,56.618084,0.0,0.0
2018-01-17 05:00:00,50.02,306.85822,986.8303,1.8168924,51.52178,0.0011697412,0.0
2018-01-17 06:00:00,50.01,307.8783,985.9964,2.2425191,47.16177,0.011079013,0.0
2018-01-17 07:00:00,49.49,305.46127,986.66345,3.5167532,52.324177,0.091947615,0.0
2018-01-17 08:00:00,49.7,306.4013,986.512,3.3574786,48.21432,0.0,0.29999998
2018-01-17 09:00:00,51.23,306.01624,986.59326,3.8408515,50.98233,0.0,1.68
2018-01-17 10:00:00,51.58,305.19806,987.6836,3.9468484,56.58883,0.0,0.92999995
2018-01-17 11:00:00,51.58,304.028,988.59467,4.395486,64.15005,0.017128885,2.26
2018-01-17 12:00:00,50.45,303.05927,989.313,4.070624,70.183075,0.0,1.1899999
2018-01-17 13:00:00,49.25,302.3697,989.6647,3.5276341,74.21113,0.0,0.0
2018-01-17 14:00:00,47.53,301.6678,989.97174,4.086276,77.66873,0.0,0.0
2018-01-17 15:00:00,45.88,301.01642,989.5783,4.1816244,80.1789,0.0,0.0
2018-01-17 16:00:00,45.96,300.50406,989.2039,3.680181,81.81725,0.0,0.0
2018-01-17 17:00:00,46.3,300.14554,988.8083,3.160068,83.03411,0.0,0.0
2018-01-17 18:00:00,46.01,299.87057,988.4727,3.0413918,84.05743,0.0,0.0
2018-01-17 19:00:00,45.9,300.08728,988.14966,2.5539827,86.082726,0.0,0.0
2018-01-17 20:00:00,46.49,299.77542,988.15814,2.3981402,86.96614,0.0,0.0
2018-01-17 21:00:00,46.69,299.52972,988.72516,2.0229025,87.790665,0.011846423,0.0
2018-01-17 22:00:00,46.34,299.78143,989.43604,1.7234069,86.61937,0.0,0.0
2018-01-17 23:00:00,46.14,301.46127,989.9071,1.9390893,77.83578,0.0,0.0
2018-01-18 00:00:00,50.27,303.34256,989.91376,1.6578084,68.80032,0.13315678,0.0
2018-01-18 01:00:00,51.21,304.9758,989.8767,1.037694,61.58002,0.0,0.0
2018-01-18 02:00:00,51.68,306.49384,989.47266,0.92567176,54.26643,0.027071685,0.0
2018-01-18 03:00:00,50.56,307.99686,988.77344,1.2412294,47.3425,0.026788563,0.0
2018-01-18 04:00:00,48.39,309.30414,988.2983,1.5101967,42.385326,0.015802681,0.0
2018-01-18 05:00:00,46.52,310.38348,987.1475,1.6142602,37.2537,0.015109777,0.0
2018-01-18 06:00:00,44.43,310.99228,986.3257,2.3609917,34.870014,0.008679926,0.0
2018-01-18 07:00:00,44.0,310.97595,986.09686,2.3862066,33.970932,0.0,0.0
2018-01-18 08:00:00,44.42,308.50073,985.7064,3.6925268,40.72608,0.5960718,0.0
2018-01-18 09:00:00,45.53,308.3966,986.2545,4.513895,42.520496,0.06931572,0.0
2018-01-18 10:00:00,46.94,307.48865,987.3811,3.6690059,45.99948,0.0034868717,0.0
2018-01-18 11:00:00,48.14,306.72067,987.95404,3.3914459,49.52605,0.0,0.75
2018-01-18 12:00:00,49.73,306.08075,988.415,3.444893,53.378357,0.0,6.51
2018-01-18 13:00:00,50.54,305.22678,989.35425,3.302341,58.669918,0.119552016,7.2099996
2018-01-18 14:00:00,50.53,302.0567,990.46,3.8296797,75.49221,4.759848,8.38
2018-01-18 15:00:00,50.69,299.5782,991.2136,5.877951,86.515434,12.547776,5.8199997
2018-01-18 16:00:00,49.96,297.82315,991.53485,5.629635,91.45678,9.387374,2.83
2018-01-18 17:00:00,49.03,297.8407,990.61597,2.1819232,89.466,3.2474546,1.8599999
2018-01-18 18:00:00,48.79,297.91046,989.775,2.1050844,89.047035,1.0814984,2.54
2018-01-18 19:00:00,48.78,299.40796,989.9935,1.557097,83.73656,0.041365623,1.78
2018-01-18 20:00:00,47.49,299.18152,989.8571,2.0503767,86.24863,0.0,0.28
2018-01-18 21:00:00,45.9,299.0078,990.3059,1.8015931,88.42072,0.0,0.0
2018-01-18 22:00:00,45.67,299.02753,990.63947,1.2939402,89.1184,0.0,0.0
2018-01-18 23:00:00,46.47,299.854,990.78735,1.2788452,84.289825,0.0,0.0
2018-01-19 00:00:00,47.39,301.0915,990.7102,1.6212256,79.95585,31.947828,0.0
2018-01-19 01:00:00,47.83,302.548,990.935,1.6525079,74.72511,0.0,0.0
2018-01-19 02:00:00,48.53,303.8195,990.3808,1.895834,69.937775,0.058814883,0.0
2018-01-19 03:00:00,49.34,304.8724,989.79944,2.1530397,65.6464,0.07279217,0.0
2018-01-19 04:00:00,49.35,305.75024,988.9367,2.1556926,63.55136,0.034451485,0.0
2018-01-19 05:00:00,48.66,305.8991,987.8747,1.9768125,62.482292,0.17426163,0.0
2018-01-19 06:00:00,48.01,304.45532,987.1953,0.86159146,67.92247,1.6276612,0.0
2018-01-19 07:00:00,48.83,308.18707,985.41095,2.8382263,46.98824,0.010930002,0.0
2018-01-19 08:00:00,49.54,307.99194,985.0122,2.5982127,45.696674,0.11010468,0.29999998
2018-01-19 09:00:00,49.72,305.33148,985.90625,2.6844723,55.017906,0.5215928,1.6499999
2018-01-19 10:00:00,49.34,303.47,986.6989,3.4037693,67.359,0.14953315,0.78999996
2018-01-19 11:00:00,50.71,302.51404,987.108,3.7814264,73.32663,0.0,2.3799999
2018-01-19 12:00:00,52.69,301.98517,988.3253,4.166857,76.8063,0.0,4.18
2018-01-19 13:00:00,53.44,301.2952,988.95056,4.09465,80.0479,0.0,2.09
2018-01-19 14:00:00,52.68,300.83563,989.4152,3.2717614,82.27957,0.0,0.17
2018-01-19 15:00:00,53.69,300.54797,988.637,2.652588,83.877495,0.0,0.03
2018-01-19 16:00:00,54.89,300.20303,988.37,2.0102239,85.84542,0.0,0.0
2018-01-19 17:00:00,55.09,299.8928,988.3706,1.3448505,88.15979,0.0,0.0
2018-01-19 18:00:00,54.38,299.70126,988.2383,0.80171764,90.27724,0.0,0.0
2018-01-19 19:00:00,53.88,299.47998,988.5453,1.2823261,86.55333,0.0,0.0
2018-01-19 20:00:00,53.27,299.31635,988.82513,1.6474742,88.13838,0.0,0.0
2018-01-19 21:00:00,54.03,299.2066,989.07733,1.5123173,88.85484,0.0,0.0
2018-01-19 22:00:00,55.64,299.33847,989.665,1.2142988,87.55668,0.0,0.61
2018-01-19 23:00:00,54.24,300.20337,990.02594,1.2125118,80.92338,0.0,0.38
2018-01-20 00:00:00,51.37,301.43625,989.84265,1.2661546,75.29995,2.7610106,0.0
2018-01-20 01:00:00,51.25,302.83813,989.323,1.8835454,69.932526,0.0,0.0
2018-01-20 02:00:00,51.15,304.16147,988.77765,2.4296808,64.870766,0.024747103,0.0
2018-01-20 03:00:00,50.83,305.09814,988.03467,2.5777516,61.032444,0.022813678,0.0
2018-01-20 04:00:00,51.58,305.84528,987.5222,2.0758867,58.673374,0.0030063093,0.0
2018-01-20 05:00:00,51.6,306.4237,986.6161,1.379727,57.395065,0.0038966537,0.0
2018-01-20 06:00:00,51.18,305.89743,985.6487,0.8695498,59.13389,0.3887266,0.0
2018-01-20 07:00:00,50.98,307.27087,985.1311,1.9995391,52.611225,0.009924173,0.0
2018-01-20 08:00:00,51.44,307.1468,984.511,1.7672769,52.792316,0.032909214,0.0
2018-01-20 09:00:00,52.03,307.02582,984.8876,1.1939415,52.624798,0.0,1.79
2018-01-20 10:00:00,53.0,306.4497,985.54767,1.8695343,57.85206,0.0,1.9300001
2018-01-20 11:00:00,54.54,304.8831,986.2354,1.9574554,68.93467,0.03877282,0.0
2018-01-20 12:00:00,55.68,302.7077,987.94946,3.7127724,75.32922,4.1594954,0.0
2018-01-20 13:00:00,55.36,299.77765,989.2394,4.9686704,88.2289,8.905694,0.0
2018-01-20 14:00:00,54.16,299.16693,989.4419,3.2171192,89.96493,0.957489,0.0
2018-01-20 15:00:00,53.09,299.3172,988.35626,2.3020184,88.289474,0.060647726,0.0
2018-01-20 16:00:00,51.99,299.27887,987.8993,2.3032274,89.85852,0.0036656857,0.0
2018-01-20 17:00:00,51.09,299.30328,987.2721,1.9187523,89.88033,0.0,0.0
2018-01-20 18:00:00,50.69,299.31113,986.76196,1.7353837,90.1617,0.0,0.0
2018-01-20 19:00:00,50.61,299.96033,986.5097,2.4126773,88.04284,0.0,0.0
2018-01-20 20:00:00,50.09,299.6799,986.7328,2.9346473,89.71521,0.0,0.0
2018-01-20 21:00:00,49.09,299.39542,986.79987,3.2809808,91.359695,0.0,0.0
2018-01-20 22:00:00,48.57,299.5552,987.6408,2.9988794,91.55324,0.0,0.0
2018-01-20 23:00:00,48.28,300.6717,988.2136,3.4127905,86.92654,0.0,0.0
2018-01-21 00:00:00,48.53,302.1988,988.4429,3.2746947,81.061325,14.611795,0.0
2018-01-21 01:00:00,47.75,303.63928,988.53406,2.8304787,74.83294,0.0,0.0
2018-01-21 02:00:00,46.78,305.08936,988.02484,2.657772,68.45458,0.0,0.0
2018-01-21 03:00:00,46.12,306.38794,987.0577,2.7035196,62.624012,0.0,0.0
2018-01-21 04:00:00,46.41,307.2832,986.2381,2.6054957,57.62413,0.0,0.0
2018-01-21 05:00:00,46.45,308.13208,985.15405,2.8904977,53.14066,0.04544854,2.1499999
2018-01-21 06:00:00,45.27,308.19232,984.36725,3.2175798,50.141533,0.1764819,0.53999996
2018-01-21 07:00:00,45.13,308.54138,983.93085,2.201546,46.170254,0.017799437,0.0
2018-01-21 08:00:00,45.84,307.54443,983.6166,1.4703115,47.93939,0.8010194,0.0
2018-01-21 09:00:00,46.72,307.45038,983.60767,2.5416846,49.577953,0.0,0.0
2018-01-21 10:00:00,47.42,305.61664,983.97064,5.0108304,59.38298,0.0,0.0
2018-01-21 11:00:00,47.7,303.3022,984.62726,5.802043,67.455826,0.0,0.0
2018-01-21 12:00:00,46.87,302.0484,985.5792,5.2374396,72.80174,0.0,0.0
2018-01-21 13:00:00,45.28,301.27222,986.3594,4.263458,77.19905,0.0,0.0
2018-01-21 14:00:00,45.4,300.83118,987.0407,3.4629722,80.74451,0.0,0.049999997
2018-01-21 15:00:00,45.4,300.4359,986.6052,3.3419046,83.57944,0.0,0.0
2018-01-21 16:00:00,44.69,300.0426,985.9445,4.12654,85.50737,0.0,0.0
2018-01-21 17:00:00,44.06,299.72754,985.325,4.518848,86.70098,0.0,0.0
2018-01-21 18:00:00,43.91,299.4899,985.1864,4.2934265,87.79183,0.0,0.0
2018-01-21 19:00:00,42.77,299.52545,985.7525,4.1696763,89.73131,0.0,0.0
2018-01-21 20:00:00,42.02,299.33478,985.9328,3.642902,91.189545,0.0,0.0
2018-01-21 21:00:00,42.68,299.16296,986.4258,2.886349,92.36512,0.0,0.0
2018-01-21 22:00:00,43.43,299.31583,987.0748,2.509476,92.679214,0.0,0.0
2018-01-21 23:00:00,44.14,300.82428,987.55133,3.2373176,86.99236,0.0,0.0
2018-01-22 00:00:00,41.51,302.5412,987.3562,3.7740142,79.650696,1.0409951,0.0
2018-01-22 01:00:00,40.45,304.1536,987.28436,3.5905898,73.67805,0.0,0.0
2018-01-22 02:00:00,39.69,305.52417,986.8059,3.3351357,68.89584,0.0,0.0
2018-01-22 03:00:00,38.94,306.7918,985.9588,3.0998628,64.46387,0.0,0.0
2018-01-22 04:00:00,38.8,307.73364,985.2101,2.3906646,59.68395,0.0,0.0
2018-01-22 05:00:00,39.31,308.59915,984.5221,1.482828,55.029076,0.0,2.6299999
2018-01-22 06:00:00,41.13,308.64487,984.0096,1.3092883,51.09428,0.15440583,10.429999
2018-01-22 07:00:00,41.73,306.70026,983.807,2.727631,55.481262,1.40329,5.1099997
2018-01-22 08:00:00,40.94,304.19876,983.7511,1.4149269,66.54399,0.37766248,2.86
2018-01-22 09:00:00,39.01,304.3294,983.02155,4.1056695,67.20569,0.0,1.3499999
2018-01-22 10:00:00,37.69,303.50446,983.25037,4.758932,73.186584,0.0,0.0
2018-01-22 11:00:00,37.42,302.52362,983.90356,4.472312,78.505165,0.0,0.0
2018-01-22 12:00:00,37.85,301.96686,984.71814,3.2201293,81.459984,0.0,0.0
2018-01-22 13:00:00,38.97,301.42957,985.5153,3.191425,83.87753,0.0,0.0
2018-01-22 14:00:00,39.43,301.13916,986.21655,3.962921,84.700485,0.0,0.0
2018-01-22 15:00:00,38.08,300.81992,986.2523,4.391127,86.101616,0.0,0.0
2018-01-22 16:00:00,37.04,300.27332,986.3317,3.5013945,89.06127,0.0,0.0
2018-01-22 17:00:00,36.31,299.93448,985.9269,2.1289349,91.05381,0.0,0.0
2018-01-22 18:00:00,36.64,299.64102,985.8247,1.4996645,92.76713,0.0,0.0
2018-01-22 19:00:00,37.13,299.1479,986.5742,1.3208028,93.866165,0.0,0.0
2018-01-22 20:00:00,38.27,298.94492,986.64795,1.679035,94.9418,0.0,0.0
2018-01-22 21:00:00,39.02,299.01288,987.2766,1.8912659,94.87466,0.0,0.0
2018-01-22 22:00:00,37.86,299.39536,987.71185,2.4620774,93.49544,0.0,0.0
2018-01-22 23:00:00,36.63,300.61685,988.3714,3.212113,86.71392,0.0013262033,0.0
2018-01-23 00:00:00,35.42,301.83453,988.0704,3.3681638,80.33731,1.9377798,0.0
2018-01-23 01:00:00,36.0,303.466,987.6827,3.49822,73.13248,0.0,0.0
2018-01-23 02:00:00,36.35,305.0839,986.894,3.6935344,66.918144,0.0,0.0
2018-01-23 03:00:00,36.56,306.8745,985.6131,3.9911935,55.242104,0.0,0.0
2018-01-23 04:00:00,38.27,308.10742,985.0723,3.4533043,47.952442,0.0,0.0
2018-01-23 05:00:00,40.59,308.78436,984.4446,3.591321,45.76428,0.0,0.0
2018-01-23 06:00:00,42.42,309.50317,983.7456,3.505921,41.59582,0.0,0.0
2018-01-23 07:00:00,42.71,309.60733,983.4611,2.2887492,37.63926,0.0,0.0
2018-01-23 08:00:00,43.24,310.25055,982.6503,1.8746713,33.626385,0.0,0.0
2018-01-23 09:00:00,42.62,309.24866,982.32806,3.9066877,41.18796,0.0,0.0
2018-01-23 10:00:00,40.98,306.96182,982.8897,4.3949065,50.58367,0.0,0.0
2018-01-23 11:00:00,41.07,304.8864,983.5925,4.0782027,56.41166,0.0,0.0
2018-01-23 12:00:00,40.87,303.8363,984.5857,3.8015845,59.64955,0.0,0.0
2018-01-23 13:00:00,40.88,302.93695,984.71124,3.7339442,63.073902,0.0,0.0
2018-01-23 14:00:00,40.32,302.10635,985.1269,3.2446282,67.436615,0.0,0.0
2018-01-23 15:00:00,39.39,301.41022,985.1033,2.9940271,71.33336,0.0,0.0
2018-01-23 16:00:00,39.77,301.09448,984.53375,3.9845462,73.34739,0.0,0.0
2018-01-23 17:00:00,42.18,300.5159,984.1797,5.3686824,79.62399,0.0,0.0
2018-01-23 18:00:00,44.26,300.07043,984.003,5.4719067,86.68229,0.0,0.0
2018-01-23 19:00:00,44.98,300.0622,983.9464,4.6027884,85.814926,0.0,0.0
2018-01-23 20:00:00,45.45,299.85324,984.26843,4.1452756,88.43012,0.0,0.0
2018-01-23 21:00:00,46.13,299.69022,984.85065,3.6592956,90.07946,0.0,0.0
2018-01-23 22:00:00,46.1,299.8379,985.4492,3.0568836,90.592476,0.0,0.0
2018-01-23 23:00:00,45.65,301.33844,985.97144,3.822867,84.39762,0.0,0.0
2018-01-24 00:00:00,43.11,302.99066,985.738,4.2622433,76.9843,0.0031783632,0.0
2018-01-24 01:00:00,43.94,304.778,985.3666,4.15358,68.87926,0.0,0.0
2018-01-24 02:00:00,43.57,306.4702,984.5145,3.617304,61.562843,0.0,0.0
2018-01-24 03:00:00,43.13,308.17236,983.5853,3.1625662,54.0804,0.0,0.0
2018-01-24 04:00:00,42.46,309.8307,982.6072,2.7960482,45.556602,0.0,0.0
2018-01-24 05:00:00,43.31,311.06134,981.7869,2.586941,37.05455,0.003207475,0.0
2018-01-24 06:00:00,45.64,311.6266,981.14795,2.855171,32.87364,0.0,0.0
2018-01-24 07:00:00,45.38,311.7776,980.5697,2.7935052,30.807621,0.0,0.0
2018-01-24 08:00:00,44.78,311.81064,979.9825,1.9526213,29.125933,0.0,0.0
2018-01-24 09:00:00,44.22,310.8927,979.5428,3.4141688,33.500324,0.0,0.0
2018-01-24 10:00:00,43.29,308.11206,979.85486,5.684701,43.83679,0.0,0.0
2018-01-24 11:00:00,42.98,305.48178,980.3769,6.013227,57.74661,0.0,0.0
2018-01-24 12:00:00,43.47,304.54907,981.1439,5.7455654,63.507576,0.0,0.0
2018-01-24 13:00:00,45.14,304.1589,981.53534,5.4012656,65.06052,0.0,0.0
2018-01-24 14:00:00,47.28,303.5039,982.3806,4.724279,68.2004,0.0,0.0
2018-01-24 15:00:00,48.65,302.76556,982.3772,3.9725676,71.35548,0.0,0.0
2018-01-24 16:00:00,48.15,302.29785,982.22375,3.9307992,74.13553,0.0,0.0
2018-01-24 17:00:00,46.88,301.7806,982.1615,4.1455393,77.9056,0.0,0.0
2018-01-24 18:00:00,45.48,301.3156,982.087,4.3552523,81.51353,0.0,0.0
2018-01-24 19:00:00,45.49,300.63098,981.84705,5.8728237,85.17177,0.0,0.0
2018-01-24 20:00:00,46.3,300.28912,982.10406,6.1936545,85.812996,0.0,0.0
2018-01-24 21:00:00,46.89,299.99115,983.03125,5.6546626,86.74176,0.0,0.0
2018-01-24 22:00:00,45.41,299.9928,983.4903,4.449132,87.205986,0.0,0.0
2018-01-24 23:00:00,44.83,301.38605,984.3331,6.0992126,80.33695,0.0,0.0
2018-01-25 00:00:00,44.0,302.93512,984.427,5.161113,73.06626,0.016412089,0.0
2018-01-25 01:00:00,44.09,304.60632,984.348,3.988746,65.354126,0.0,0.0
2018-01-25 02:00:00,43.37,306.1252,983.5104,3.239569,58.717873,0.0,0.0
2018-01-25 03:00:00,42.17,307.63068,982.33093,3.6031148,53.823997,0.0,0.0
2018-01-25 04:00:00,41.42,309.19745,981.15234,4.295111,48.1349,0.0,0.0
2018-01-25 05:00:00,40.64,310.61505,980.1565,4.2221727,42.626293,0.0,0.0
2018-01-25 06:00:00,40.32,311.4517,979.2686,3.9495304,38.643227,0.0,0.0
2018-01-25 07:00:00,42.27,311.8565,978.95276,3.8071222,34.401073,0.0,0.0
2018-01-25 08:00:00,44.3,311.80634,978.34186,3.9904854,33.01752,0.0,0.0
2018-01-25 09:00:00,46.62,311.69684,978.495,4.048915,32.41191,0.0,0.0
2018-01-25 10:00:00,48.42,310.30627,978.71295,4.6855235,37.31038,0.0,0.0
2018-01-25 11:00:00,48.87,307.7801,979.1259,6.9623904,50.253475,0.0,0.0
2018-01-25 12:00:00,48.56,305.32224,979.7261,9.399425,66.90923,0.0,0.0
2018-01-25 13:00:00,49.22,303.54266,980.48267,8.0843315,75.32317,0.0,0.0
2018-01-25 14:00:00,52.27,302.9666,981.8583,5.1009493,77.49153,0.09286404,0.0
2018-01-25 15:00:00,55.69,302.60126,983.07404,1.5379609,79.29861,0.48460063,0.0
2018-01-25 16:00:00,58.79,302.1355,983.3404,2.9887898,79.608055,0.43526292,0.9
2018-01-25 17:00:00,61.11,301.5782,983.1188,3.8621864,83.07658,0.26668608,10.75
2018-01-25 18:00:00,61.72,301.38297,982.5725,4.4412274,85.336296,0.028386712,1.5699999
2018-01-25 19:00:00,61.66,301.52322,981.758,3.9449668,84.04289,0.012114644,6.5299997
2018-01-25 20:00:00,60.35,301.41824,981.79376,3.8758137,84.96115,0.0027120113,5.8999996
2018-01-25 21:00:00,58.38,301.33514,982.04706,4.805415,85.18099,0.0,4.13
2018-01-25 22:00:00,56.01,301.4876,982.568,5.3214107,84.466866,0.006556511,1.67
2018-01-25 23:00:00,54.64,302.22995,983.122,6.596883,79.9788,0.023588538,0.54999995
2018-01-26 00:00:00,48.86,303.44955,983.00037,6.0697584,73.42656,1.3919979,2.73
2018-01-26 01:00:00,48.51,305.20352,982.8437,4.8613257,65.221695,0.0,2.59
2018-01-26 02:00:00,47.36,306.46655,982.35626,2.8093684,59.136654,0.022161752,2.82
2018-01-26 03:00:00,46.74,307.37088,981.46124,1.4720904,54.847683,0.03991276,3.9699998
2018-01-26 04:00:00,48.64,308.27368,980.46313,0.9317195,48.95159,0.007636845,1.0699999
2018-01-26 05:00:00,51.12,308.94656,979.7543,0.65177417,46.57667,0.017762184,0.0
2018-01-26 06:00:00,52.87,309.34866,978.94995,0.8075029,44.48458,0.0,0.01
2018-01-26 07:00:00,55.43,309.00238,979.1945,3.9103014,45.808765,0.0,0.16
2018-01-26 08:00:00,56.09,308.72943,978.8764,3.9416134,45.629547,0.22405386,0.0
2018-01-26 09:00:00,55.22,307.61075,979.4146,4.334647,49.26955,0.44989586,0.0
2018-01-26 10:00:00,56.44,306.26257,979.9941,5.6532764,58.045013,0.024318695,0.0
2018-01-26 11:00:00,57.7,304.10223,981.202,5.4538283,70.43398,0.23381412,0.0
2018-01-26 12:00:00,58.27,302.7736,982.3389,3.5222695,77.226105,1.9008666,0.0
2018-01-26 13:00:00,59.86,301.75363,982.8235,1.6666789,81.88028,4.948914,0.0
2018-01-26 14:00:00,60.42,300.36343,983.2997,1.0221696,88.415665,10.31217,0.0
2018-01-26 15:00:00,59.86,299.24725,983.16296,1.2940674,92.68113,14.048561,3.1799998
2018-01-26 16:00:00,60.23,298.46545,983.11206,0.6818161,95.52498,11.036918,8.5
2018-01-26 17:00:00,60.47,298.09308,982.15955,1.0944695,98.26034,3.6613047,5.2699995
2018-01-26 18:00:00,60.63,298.18137,981.51337,2.8989103,96.81955,1.1823326,2.84
2018-01-26 19:00:00,59.76,297.69397,981.4707,3.2864048,97.92453,11.364966,0.44
2018-01-26 20:00:00,59.43,297.70166,981.3014,2.9462905,95.65579,8.853465,0.0
2018-01-26 21:00:00,59.32,297.77283,981.38904,3.280391,96.13845,3.3368766,0.19
2018-01-26 22:00:00,59.76,298.0536,981.3484,3.3841507,95.46753,1.9215047,0.0
2018-01-26 23:00:00,59.2,298.49463,982.10443,4.854106,92.21304,0.5866587,0.0
2018-01-27 00:00:00,61.74,299.17017,981.7686,5.119112,90.14623,74.25919,0.0
2018-01-27 01:00:00,61.65,300.39417,981.4191,4.63194,86.75077,0.0,0.0
2018-01-27 02:00:00,62.9,301.6006,981.03467,3.7471519,83.28994,0.039000064,0.0
2018-01-27 03:00:00,63.91,303.01166,980.2244,3.9656708,76.67663,0.07234141,0.0
2018-01-27 04:00:00,63.64,303.9135,979.14557,4.22833,71.79228,0.04351139,0.57
2018-01-27 05:00:00,63.22,304.3022,977.8036,4.6652308,68.85503,0.029623508,0.0
2018-01-27 06:00:00,61.97,304.33905,977.2386,5.345501,67.91801,0.052705407,0.51
2018-01-27 07:00:00,63.24,304.29102,977.78174,5.996995,62.5799,0.014379621,5.18
2018-01-27 08:00:00,64.51,303.79724,977.32794,5.5309505,64.72463,0.050276518,4.4399996
2018-01-27 09:00:00,65.79,302.1399,978.1153,5.1759543,72.44328,0.37256628,3.8999999
2018-01-27 10:00:00,66.33,301.14172,978.9828,5.063808,80.43002,0.490278,1.39
2018-01-27 11:00:00,67.34,300.03693,979.5402,4.753336,87.15274,0.40453672,0.29
2018-01-27 12:00:00,68.63,299.60895,979.97375,4.801796,89.90394,0.22223592,0.0
2018-01-27 13:00:00,68.63,299.41486,979.8661,5.074726,90.74494,0.6390214,0.0
2018-01-27 14:00:00,68.32,299.22934,980.2009,5.104242,90.63429,1.8709898,1.6099999
2018-01-27 15:00:00,68.9,298.84903,979.4911,5.6090326,91.96885,1.987651,3.78
2018-01-27 16:00:00,69.89,298.5566,978.6303,6.353545,92.548546,1.2864321,24.02
2018-01-27 17:00:00,70.64,298.52078,977.9263,6.8336544,92.18566,2.0038188,29.88
2018-01-27 18:00:00,70.88,298.2898,977.34375,6.4551167,93.64217,1.4734864,32.44
2018-01-27 19:00:00,69.63,298.46143,975.2886,9.0359,92.72657,2.4689734,35.98
2018-01-27 20:00:00,67.85,298.39343,975.21185,10.333335,92.48588,1.9257218,14.709999
2018-01-27 21:00:00,66.95,298.40332,975.79236,10.101444,90.242676,0.7915795,4.74
2018-01-27 22:00:00,67.23,298.33203,975.9847,9.206467,90.987816,0.28924644,0.53
2018-01-27 23:00:00,66.94,298.4391,976.5678,8.551602,91.42738,0.49328804,0.88
2018-01-28 00:00:00,68.84,298.44055,976.1864,7.78521,92.871735,18.210411,2.55
2018-01-28 01:00:00,68.1,299.1687,976.04,8.083068,89.10008,0.0,2.85
2018-01-28 02:00:00,68.19,299.5825,975.52856,8.120563,86.67331,0.671722,3.06
2018-01-28 03:00:00,67.86,299.65918,974.88586,8.963826,86.14186,0.47519618,4.1099997
2018-01-28 04:00:00,67.52,299.74884,974.1699,9.375667,85.74277,0.27142465,2.81
2018-01-28 05:00:00,67.79,299.8125,973.16205,8.763424,84.85398,0.27010217,1.1899999
2018-01-28 06:00:00,66.93,300.60065,972.59143,8.551061,81.97743,0.3802292,0.32999998
2018-01-28 07:00:00,66.47,298.79358,974.08624,6.4828596,89.53474,1.476869,0.14
2018-01-28 08:00:00,66.39,298.91605,974.06866,6.704278,88.817696,1.1148155,0.0
2018-01-28 09:00:00,66.83,298.95453,974.334,5.2985144,88.48882,0.97163767,0.32
2018-01-28 10:00:00,67.27,298.88303,974.8016,5.5564556,88.04279,2.0179524,0.21
2018-01-28 11:00:00,66.64,298.4701,975.01056,5.6354985,92.220436,4.2922225,0.0
2018-01-28 12:00:00,66.66,298.26654,975.01984,5.773174,94.07879,6.9441657,0.0
2018-01-28 13:00:00,66.52,298.20428,974.34766,5.041821,94.834274,11.321365,0.0
2018-01-28 14:00:00,67.39,298.31183,973.74506,6.3727283,94.19995,19.81607,0.06
2018-01-28 15:00:00,68.14,298.18503,972.79456,9.476265,93.96221,24.520378,0.0
2018-01-28 16:00:00,67.63,298.14197,972.63617,10.559127,93.042984,19.439861,0.0
2018-01-28 17:00:00,67.93,297.9741,972.63,7.869035,95.16008,21.784931,0.0
2018-01-28 18:00:00,68.6,297.57355,972.07623,4.188502,97.99524,28.842672,1.6999999
2018-01-28 19:00:00,68.07,298.06476,973.8695,7.8377547,96.67346,11.665612,6.75
2018-01-28 20:00:00,67.77,298.34958,974.01544,8.393271,94.3926,9.553432,5.63
2018-01-28 21:00:00,66.35,298.6087,974.6278,8.761577,91.530815,4.384309,0.96999997
2018-01-28 22:00:00,66.35,298.5091,975.40454,8.426449,90.521706,2.3180544,0.39
2018-01-28 23:00:00,66.01,298.80566,975.88446,8.419758,88.59331,0.9845942,0.49999997
2018-01-29 00:00:00,66.96,299.3911,976.11475,9.1330805,86.34029,174.85019,0.21
2018-01-29 01:00:00,66.13,300.5157,976.21686,9.650133,81.886635,0.0,0.0
2018-01-29 02:00:00,65.49,300.05548,976.11414,8.968164,81.10403,1.0055062,0.17999999
2018-01-29 03:00:00,65.22,300.40012,975.6277,9.216453,81.57128,0.27878582,0.0
2018-01-29 04:00:00,64.74,300.42978,974.90314,9.166545,81.93264,0.38405135,0.53
2018-01-29 05:00:00,64.62,299.6797,973.8826,11.68184,81.41123,1.1172593,2.9499998
2018-01-29 06:00:00,63.71,299.52655,973.09454,11.333817,82.26601,1.7102063,0.71999997
2018-01-29 07:00:00,62.6,300.1118,974.6014,8.957031,79.78989,2.2389815,0.0
2018-01-29 08:00:00,61.74,299.64252,974.2317,10.987247,80.6558,1.7489493,0.0
2018-01-29 09:00:00,60.94,299.26807,974.3234,11.452826,81.94421,1.403302,0.0
2018-01-29 10:00:00,61.64,299.23126,975.2517,11.797879,83.62126,1.4314876,0.0
2018-01-29 11:00:00,63.12,299.10364,976.23334,12.039093,84.314575,0.84508955,0.17999999
2018-01-29 12:00:00,63.39,299.33478,976.9467,12.151579,80.573235,1.1145622,0.91999996
2018-01-29 13:00:00,63.12,299.15625,977.20703,12.003119,78.24586,0.5404651,0.0
2018-01-29 14:00:00,62.92,299.17456,977.7875,11.613703,78.618126,0.5592257,0.0
2018-01-29 15:00:00,63.56,299.23785,978.0831,11.097254,81.2904,1.4592111,0.75
2018-01-29 16:00:00,62.93,299.1643,978.09174,10.407297,83.605286,1.3903081,1.8999999
2018-01-29 17:00:00,61.24,298.9602,977.7996,9.766374,85.83762,0.86304545,4.2599998
2018-01-29 18:00:00,60.23,298.74295,977.72705,9.572515,87.32636,0.11226535,2.6
2018-01-29 19:00:00,60.0,299.1719,975.9328,10.8115015,82.90014,1.5502274,2.09
2018-01-29 20:00:00,59.16,299.06705,976.1217,10.588888,83.093864,0.62672794,1.25
2018-01-29 21:00:00,57.7,299.05814,976.5641,10.679868,82.54625,0.2451539,0.049999997
2018-01-29 22:00:00,57.68,299.07593,977.206,10.273728,82.55804,0.025942922,0.0
2018-01-29 23:00:00,58.53,299.51807,977.8014,9.916836,80.862946,0.056028366,0.0
2018-01-30 00:00:00,56.87,299.40906,978.4736,9.219925,81.98567,21.19416,0.0
2018-01-30 01:00:00,57.1,299.68335,978.8473,7.6441603,83.80545,0.0,0.0
2018-01-30 02:00:00,57.57,300.39087,979.0849,10.153347,77.38651,0.22279285,0.0
2018-01-30 03:00:00,56.94,301.15955,979.0422,11.888433,73.33029,0.22199377,0.0
2018-01-30 04:00:00,54.9,301.1907,979.05493,10.925412,71.09688,0.33324957,0.0
2018-01-30 05:00:00,54.49,300.87448,978.808,11.352199,74.25439,1.2473464,0.0
2018-01-30 06:00:00,55.41,300.076,978.7559,9.561852,78.47127,1.5799775,0.0
2018-01-30 07:00:00,55.29,302.8101,977.72925,12.636496,61.68354,0.008232892,0.89
2018-01-30 08:00:00,55.98,301.95477,978.34204,10.427738,66.704056,0.020094216,2.56
2018-01-30 09:00:00,57.0,300.81717,979.34033,9.402603,71.770775,0.010937452,0.89
2018-01-30 10:00:00,57.2,299.71698,980.7265,8.445873,75.496315,0.0,0.0
2018-01-30 11:00:00,57.4,299.00974,982.09534,7.8919806,77.41642,0.0012814999,0.0
2018-01-30 12:00:00,56.18,298.4726,982.69006,7.5498223,80.67367,0.06702542,0.0
2018-01-30 13:00:00,55.94,298.0696,983.2039,6.8342643,84.04079,0.19483268,0.0
2018-01-30 14:00:00,57.14,297.52197,983.8586,6.5280695,87.64576,0.5297987,0.0
2018-01-30 15:00:00,58.25,296.93567,983.43726,6.2724805,91.32641,1.4189631,0.44
2018-01-30 16:00:00,58.88,296.92584,983.0008,6.0580015,91.645256,2.3677945,1.8199999
2018-01-30 17:00:00,60.04,297.1551,982.23987,6.1936235,90.99738,1.4575273,1.3199999
2018-01-30 18:00:00,60.91,297.38705,981.9403,7.7204056,89.220245,0.96076727,0.65999997
2018-01-30 19:00:00,60.87,297.62228,981.92444,6.459168,89.82669,0.7482469,0.25
2018-01-30 20:00:00,59.91,297.63977,981.7875,7.1131153,88.166084,1.0489821,0.0
2018-01-30 21:00:00,59.61,297.7772,982.2997,6.495588,89.07994,0.607159,0.65999997
2018-01-30 22:00:00,59.77,297.5989,983.26196,7.4281597,91.686615,1.2754276,1.17
2018-01-30 23:00:00,59.72,297.6806,983.82,7.5797753,88.618706,2.7028983,0.0
2018-01-31 00:00:00,60.25,298.11182,984.4685,7.2967796,87.56778,18.065897,0.0
2018-01-31 01:00:00,60.67,298.56107,984.8816,6.161631,87.565384,0.0,0.0
2018-01-31 02:00:00,60.61,298.94797,984.91266,5.789372,86.00114,0.33722258,0.0
2018-01-31 03:00:00,60.29,299.2368,984.55896,5.891648,85.08566,0.37539005,0.0
2018-01-31 04:00:00,60.38,299.6073,984.24475,6.3504405,83.34676,0.34024566,0.0
2018-01-31 05:00:00,61.4,299.9763,983.6133,7.2378345,81.5692,0.14668703,0.29
2018-01-31 06:00:00,62.18,300.2597,983.1188,7.9491787,79.78156,0.05672872,0.53
2018-01-31 07:00:00,61.54,300.6156,982.739,8.826511,73.48695,0.53681433,2.07
2018-01-31 08:00:00,61.37,300.01556,982.7686,8.918109,77.99697,0.0795722,7.8199997
2018-01-31 09:00:00,61.04,299.6649,983.0189,8.513458,79.941574,0.122219324,5.29
2018-01-31 10:00:00,61.29,299.06805,984.08685,8.3658,83.21249,1.314953,2.4
2018-01-31 11:00:00,60.15,298.65903,984.88165,7.952791,83.91503,2.0457654,0.97
2018-01-31 12:00:00,59.22,298.23743,985.83826,7.9442973,85.77278,1.790762,0.19999999
2018-01-31 13:00:00,59.12,297.97754,986.3125,7.439161,86.60249,0.7773638,1.51
2018-01-31 14:00:00,57.51,297.87643,986.76154,7.093796,86.70485,0.63186884,1.25
2018-01-31 15:00:00,56.25,297.65192,986.2942,7.0878186,87.99562,0.22669137,0.089999996
2018-01-31 16:00:00,55.09,297.45026,985.7572,6.8663735,88.919586,0.095143914,0.53
2018-01-31 17:00:00,54.24,297.36752,985.2063,6.853201,88.54954,0.06341934,0.0
2018-01-31 18:00:00,54.48,297.29187,984.8725,6.710611,88.5382,0.009641051,0.0
2018-01-31 19:00:00,54.55,297.5428,985.14166,6.8256416,88.84955,0.054851174,0.0
2018-01-31 20:00:00,54.02,297.35083,985.32,6.8515987,89.60536,0.059127808,0.0
2018-01-31 21:00:00,52.22,297.0972,985.72284,6.8232117,90.401405,0.056162477,0.0
2018-01-31 22:00:00,50.82,297.2004,986.697,5.905375,90.27208,0.09143632,0.0
2018-01-31 23:00:00,50.17,297.82803,987.489,5.6366844,88.137375,0.019982457,0.0
2018-02-01 00:00:00,50.83,298.56427,987.8386,6.56078,85.33041,9.599077,0.0
2018-02-01 01:00:00,50.81,299.45013,987.85345,6.83492,82.872185,0.0,0.0
2018-02-01 02:00:00,50.0,300.29614,987.6301,7.234472,79.92295,0.08248165,0.0
2018-02-01 03:00:00,48.68,301.3191,986.98267,7.2399626,75.66849,0.08957647,0.0
2018-02-01 04:00:00,48.51,302.62454,986.0686,6.8335505,71.04573,0.081215054,0.0
2018-02-01 05:00:00,49.46,301.07907,985.6127,8.174589,73.39816,0.97443163,0.0
2018-02-01 06:00:00,49.97,301.50916,985.14136,7.7970104,73.20799,0.5275011,0.0
2018-02-01 07:00:00,48.67,301.97177,984.51483,7.2471404,71.14489,0.09209663,0.0
2018-02-01 08:00:00,,301.20538,984.60736,6.966502,72.137245,0.4708916,0.0
2018-02-01 09:00:00,,300.94614,984.7866,6.0855036,73.73365,0.06801635,0.0
2018-02-01 10:00:00,,300.25427,985.83295,5.350421,77.74709,0.014014542,0.0
2018-02-01 11:00:00,,299.47113,986.75195,4.924294,81.0794,0.0017210841,0.0
2018-02-01 12:00:00,,298.86636,987.27545,4.568274,83.98106,0.012800097,0.0
2018-02-01 13:00:00,,298.32944,987.6181,4.4041843,86.354675,0.0030174851,0.0
2018-02-01 14:00:00,,298.0501,988.1894,4.441962,87.764656,0.0012814999,0.0
2018-02-01 15:00:00,,297.63983,988.2562,4.562813,89.7116,0.008136034,0.0
2018-02-01 16:00:00,,297.52454,987.6675,4.6109934,90.66057,0.018033432,0.0
2018-02-01 17:00:00,,297.49854,987.3103,4.9394636,91.15636,0.08583371,0.0
2018-02-01 18:00:00,,297.41263,986.94696,4.6481123,91.77306,0.110819936,0.0
2018-02-01 19:00:00,,297.35892,987.3295,4.0492525,91.78509,0.026923604,0.0
2018-02-01 20:00:00,,297.2407,987.3748,3.993889,92.12719,0.29406348,0.0
2018-02-01 21:00:00,,297.03418,987.6852,3.834757,93.28871,0.07966161,0.0
2018-02-01 22:00:00,,297.0362,988.14734,3.4964757,93.93988,0.033572316,0.0
2018-02-01 23:00:00,,297.84552,988.4668,4.7658243,90.20174,0.08603767,0.0
2018-02-02 00:00:00,40.67,299.601,988.4235,5.1950426,80.46066,3.364828,0.0
2018-02-02 01:00:00,39.75,300.8159,988.515,4.997569,73.14907,0.0,0.0
2018-02-02 02:00:00,39.89,302.12833,988.2658,5.241452,66.16698,0.12882054,0.0
2018-02-02 03:00:00,40.52,302.932,987.57153,5.4109383,61.670433,0.077314675,0.0
2018-02-02 04:00:00,41.3,303.6176,987.137,5.634844,58.565895,0.054176897,0.0
2018-02-02 05:00:00,41.19,303.6244,986.622,5.693884,57.63161,0.04991889,0.0
2018-02-02 06:00:00,40.55,303.3042,986.31305,5.804142,59.209232,0.18584728,0.0
2018-02-02 07:00:00,42.3,303.62622,986.1181,5.265623,58.815147,0.08092372,0.0
2018-02-02 08:00:00,41.95,303.12842,986.2562,5.049819,60.45996,0.057555735,0.0
2018-02-02 09:00:00,41.1,302.2768,986.5878,4.87231,65.43257,0.069350004,0.0
2018-02-02 10:00:00,40.78,301.13147,987.71405,3.600306,72.78563,0.0018328428,0.0
2018-02-02 11:00:00,40.57,300.0537,988.5414,2.6929944,79.01379,0.009462237,0.0
2018-02-02 12:00:00,41.23,299.48532,988.9256,2.2900777,82.82781,0.07879734,0.0
2018-02-02 13:00:00,40.33,299.08096,989.4518,2.0387716,85.43206,0.07595122,0.0
2018-02-02 14:00:00,42.23,298.59192,990.03107,1.8609325,87.759224,0.0119954925,0.0
2018-02-02 15:00:00,43.84,298.27142,989.8114,2.151403,88.952484,0.0023245811,0.0
2018-02-02 16:00:00,44.93,298.0852,989.3058,2.560916,89.450966,0.002771616,0.0
2018-02-02 17:00:00,45.74,297.7384,989.0839,2.9627233,90.240105,0.0,0.0
2018-02-02 18:00:00,46.11,297.6187,988.79205,3.0751872,90.35482,0.0,0.0
2018-02-02 19:00:00,45.88,297.7527,988.8608,3.309349,89.63614,0.0,0.0
2018-02-02 20:00:00,45.81,297.63617,989.28906,3.2964466,90.55685,0.0,0.0
2018-02-02 21:00:00,45.94,297.3163,989.7721,3.165788,92.10466,0.0,0.0
2018-02-02 22:00:00,44.71,297.137,990.39453,2.7618392,93.38953,0.0,0.0
2018-02-02 23:00:00,43.33,298.36566,990.9836,3.564529,88.41625,0.0,0.0
2018-02-03 00:00:00,42.67,299.6739,991.0684,4.2154155,81.5253,0.9993536,0.0
2018-02-03 01:00:00,43.7,301.0574,991.2622,3.8077567,72.88355,0.0,0.0
2018-02-03 02:00:00,44.44,301.8263,990.79156,3.6617682,68.363594,0.03720075,0.0
2018-02-03 03:00:00,44.55,302.48734,990.0156,3.5565388,65.83233,0.17845258,0.0
2018-02-03 04:00:00,44.54,303.14594,989.81024,3.91235,65.60229,0.22836402,0.0
2018-02-03 05:00:00,43.57,303.72192,989.30347,3.8987923,65.497635,0.062085688,0.0
2018-02-03 06:00:00,41.81,304.30328,988.594,3.6043215,61.573147,0.022888184,0.0
2018-02-03 07:00:00,40.17,303.82715,988.32983,3.4852028,63.317238,0.01744926,0.0
2018-02-03 08:00:00,39.35,303.89288,988.1417,3.4344485,64.45736,0.013180077,0.0
2018-02-03 09:00:00,39.62,303.28314,988.27673,3.6395402,66.74572,0.068083405,0.0
2018-02-03 10:00:00,41.45,302.0325,989.5136,3.1053834,74.99855,0.0667572,0.0
2018-02-03 11:00:00,44.15,300.94373,990.525,2.822567,81.123375,0.043824315,0.0
2018-02-03 12:00:00,46.26,299.92963,991.8791,3.512441,84.70379,0.36874413,0.0
2018-02-03 13:00:00,46.98,299.27917,992.2196,3.600272,86.47288,0.141114,0.0
2018-02-03 14:00:00,48.14,298.86166,992.2512,3.1452644,87.868645,0.0012665987,0.0
2018-02-03 15:00:00,50.23,298.50772,992.1409,2.53597,89.191376,0.0,0.0
2018-02-03 16:00:00,52.88,298.21503,992.03156,2.12925,90.444824,0.0,0.32
2018-02-03 17:00:00,54.36,297.89032,991.6384,1.9087481,91.779205,0.0,0.0
2018-02-03 18:00:00,55.45,297.65408,991.49536,1.9980505,92.71084,0.0,0.0
2018-02-03 19:00:00,56.53,297.79553,991.1821,2.6110356,92.2829,0.0,0.0
2018-02-03 20:00:00,56.68,297.6042,991.41327,2.3142314,93.132576,0.0,0.0
2018-02-03 21:00:00,56.29,297.43207,991.65314,2.2221534,93.789566,0.0,0.089999996
2018-02-03 22:00:00,56.83,297.52313,992.1437,2.3202362,93.61807,0.0,0.0
2018-02-03 23:00:00,57.12,298.67084,992.9153,3.203386,88.55977,0.0,0.0
2018-02-04 00:00:00,55.8,300.02423,993.25085,4.0533757,81.719284,1.2557507,0.0
2018-02-04 01:00:00,56.31,301.20612,993.0943,4.013591,75.83036,0.0,0.0
2018-02-04 02:00:00,56.26,302.52905,992.6267,3.5060828,69.20067,0.050086528,0.0
2018-02-04 03:00:00,56.4,303.19943,992.03436,3.0051563,66.124016,0.054746866,0.0
2018-02-04 04:00:00,56.22,303.70493,991.5042,2.4396024,63.129932,0.0029802322,0.0
2018-02-04 05:00:00,55.99,304.29724,991.0337,2.3043523,63.47977,0.0017136335,0.0
2018-02-04 06:00:00,55.63,304.64166,990.2247,2.5066195,64.258995,0.006362796,0.0
2018-02-04 07:00:00,54.12,305.8002,989.13983,3.0951648,57.45763,0.0,0.0
2018-02-04 08:00:00,52.07,305.6054,988.655,3.5029845,58.012085,0.0,0.0
2018-02-04 09:00:00,50.97,304.98257,988.7075,3.53199,60.42024,0.0023841858,0.0
2018-02-04 10:00:00,51.52,303.86383,989.92267,2.2362502,68.86287,0.0038146973,0.0
2018-02-04 11:00:00,53.06,302.62576,990.3475,2.3326442,76.270195,0.0,0.0
2018-02-04 12:00:00,53.69,301.8415,991.06274,2.47257,80.30494,0.0,0.0
2018-02-04 13:00:00,53.61,301.18896,991.2968,2.7078304,82.38346,0.0,0.0
2018-02-04 14:00:00,53.76,300.78217,991.77,2.6873622,83.87575,0.0,0.03
2018-02-04 15:00:00,54.63,300.27914,991.7394,2.6770537,86.007515,0.0104010105,0.0
2018-02-04 16:00:00,54.72,299.85706,991.65564,1.93562,88.76853,0.109016895,0.0
2018-02-04 17:00:00,54.51,299.6603,991.05774,1.790824,90.121284,0.0,0.0
2018-02-04 18:00:00,54.18,299.37225,990.61127,1.583831,91.88316,0.0,0.0
2018-02-04 19:00:00,54.86,298.55997,990.22565,1.3235675,88.1288,0.016152859,0.0
2018-02-04 20:00:00,55.64,298.30887,990.18195,1.3383303,89.885704,0.00885129,0.0
2018-02-04 21:00:00,56.47,298.29166,990.505,1.8369212,89.50377,0.0,0.0
2018-02-04 22:00:00,57.24,298.30545,991.06537,1.9195825,89.78822,0.0,0.0
2018-02-04 23:00:00,56.64,299.9615,991.7314,2.1914988,82.13056,0.0,0.0
2018-02-05 00:00:00,53.86,301.65942,991.94977,2.5252197,75.32135,0.28845668,0.0
2018-02-05 01:00:00,53.96,303.1244,992.09155,2.7787683,71.009895,0.0,0.0
2018-02-05 02:00:00,55.22,304.37653,991.9554,2.9269354,67.71974,0.0,0.0
2018-02-05 03:00:00,56.05,305.50937,991.0915,3.3832798,64.575516,0.0027641654,0.0
2018-02-05 04:00:00,56.18,306.41742,989.9674,3.8040566,61.59918,0.016778708,0.0
2018-02-05 05:00:00,55.86,306.88324,989.356,3.3186576,58.993103,0.0037029386,0.0
2018-02-05 06:00:00,55.93,307.12784,988.45514,3.1142342,58.036816,0.0,0.0
2018-02-05 07:00:00,56.09,307.2539,987.9778,2.9928837,57.488014,0.0,0.0
2018-02-05 08:00:00,55.43,307.3191,987.29333,2.8456366,56.277817,0.0,0.0
2018-02-05 09:00:00,56.05,306.9276,987.6936,3.2795503,58.3685,0.0,0.29999998
2018-02-05 10:00:00,55.17,304.2325,988.8144,3.1148887,69.68126,1.2607574,0.0
2018-02-05 11:00:00,54.72,302.04474,989.7394,2.4102182,79.78617,1.9281282,0.0
2018-02-05 12:00:00,54.51,301.26904,990.6795,2.851058,84.19276,0.18460304,0.0
2018-02-05 13:00:00,53.44,300.3255,991.5589,3.2241216,86.75335,1.1146963,0.0
2018-02-05 14:00:00,53.05,299.69083,992.33264,2.8998373,89.06598,0.9449017,0.0
2018-02-05 15:00:00,52.21,299.57147,991.7333,2.3274858,89.36346,0.01821341,0.0
2018-02-05 16:00:00,49.8,299.38577,990.7512,1.8322512,89.97515,0.0,0.0
2018-02-05 17:00:00,46.07,299.01385,990.1912,0.8244151,92.49772,0.0,0.0
2018-02-05 18:00:00,41.19,299.00098,989.97144,0.6024994,91.68407,0.0,0.0
2018-02-05 19:00:00,37.32,298.90265,989.90063,0.7107404,94.01696,0.0,0.0
2018-02-05 20:00:00,35.01,298.17957,989.78296,1.0773972,96.493324,0.0,0.0
2018-02-05 21:00:00,34.02,297.70633,989.64514,1.7390107,97.476105,0.0,0.0
2018-02-05 22:00:00,31.58,297.65765,990.17377,1.7607714,97.59569,0.0,0.0
2018-02-05 23:00:00,29.42,299.8886,990.85547,1.5968466,89.75062,0.0,0.0
2018-02-06 00:00:00,27.14,301.55463,991.1912,1.568429,82.00007,5.4758754,0.0
2018-02-06 01:00:00,26.69,302.94775,991.20905,1.7380348,76.755,0.0,0.0
2018-02-06 02:00:00,26.54,304.21698,991.08594,1.7470589,70.86036,0.0042431056,0.0
2018-02-06 03:00:00,26.53,305.31165,990.3839,1.3928554,64.97718,0.0,0.0
2018-02-06 04:00:00,26.42,306.27686,989.6739,0.84244525,58.03583,0.0,0.0
2018-02-06 05:00:00,26.82,307.06036,988.8638,0.19135904,51.86297,0.0,0.0
2018-02-06 06:00:00,28.02,307.3792,988.41077,0.64295423,48.10621,0.0,0.0
2018-02-06 07:00:00,30.69,307.5454,988.0693,0.38184184,43.727177,0.0,0.0
2018-02-06 08:00:00,33.09,307.42523,987.72595,0.60542125,42.98501,0.0,0.0
2018-02-06 09:00:00,35.21,307.06454,988.2675,0.93277085,43.689335,0.0,0.0
2018-02-06 10:00:00,36.55,305.38495,989.09814,1.4026568,53.197254,0.20416826,0.0
2018-02-06 11:00:00,36.82,303.4286,989.88055,1.2573409,70.230606,0.0,0.0
2018-02-06 12:00:00,37.08,303.59094,990.2969,0.52685034,60.52917,0.009931624,0.0
2018-02-06 13:00:00,38.39,302.3717,990.3278,1.4584235,71.39173,0.0,0.0
2018-02-06 14:00:00,39.34,302.15976,990.33295,2.4454672,67.883224,0.0,0.0
2018-02-06 15:00:00,39.79,301.06525,989.78925,2.655916,73.144295,0.0,0.0
2018-02-06 16:00:00,39.23,300.53354,989.5016,3.525789,73.86096,0.0,0.0
2018-02-06 17:00:00,37.99,299.81238,989.06177,4.0089664,80.43095,0.0,0.0
2018-02-06 18:00:00,37.93,299.26904,988.91943,3.4973361,87.19744,0.0,0.0
2018-02-06 19:00:00,39.38,299.25208,988.9093,3.017304,90.074524,0.009730458,0.0
2018-02-06 20:00:00,39.87,299.0782,989.54236,2.55121,90.96147,0.0,0.0
2018-02-06 21:00:00,40.05,298.83008,989.7068,2.590345,92.17557,0.0,0.0
2018-02-06 22:00:00,40.68,298.86694,990.4261,2.8976333,92.318535,0.0,0.0
2018-02-06 23:00:00,41.11,299.85886,990.85443,3.4808059,88.1923,0.0,0.0
2018-02-07 00:00:00,41.21,301.4218,991.1867,3.7874527,81.59299,0.22936165,0.0
2018-02-07 01:00:00,40.78,302.90964,991.03436,3.4917383,74.91815,0.0,0.0
2018-02-07 02:00:00,40.52,304.12158,990.6345,3.174353,69.865456,0.045308843,0.0
2018-02-07 03:00:00,41.7,304.9309,989.6895,3.046317,68.06988,0.04258752,0.0
2018-02-07 04:00:00,42.88,305.4136,988.7648,2.924754,66.3609,0.035550445,0.0
2018-02-07 05:00:00,43.89,305.5843,988.159,2.973471,64.39747,0.045359135,0.0
2018-02-07 06:00:00,44.85,306.14172,987.26263,3.06786,61.4046,0.007390976,0.17
2018-02-07 07:00:00,46.25,307.51932,986.5835,3.1660604,46.602,0.25440753,0.0
2018-02-07 08:00:00,47.11,305.2961,986.78485,4.2463856,49.929375,0.93378127,0.0
2018-02-07 09:00:00,46.64,304.48245,987.28876,2.1459572,53.21386,0.101819634,0.0
2018-02-07 10:00:00,46.3,303.9693,987.7553,0.4095229,58.430473,0.0,0.0
2018-02-07 11:00:00,46.71,302.7776,988.45123,1.8020589,66.74859,0.0,0.0
2018-02-07 12:00:00,48.13,301.3841,989.4469,2.2738712,76.23719,0.0,0.0
2018-02-07 13:00:00,49.18,300.4114,989.85175,2.5388803,82.23392,0.0,0.0
2018-02-07 14:00:00,50.84,299.7529,990.2889,2.788779,86.3295,0.0,0.0
2018-02-07 15:00:00,52.42,299.17654,990.2461,2.9331815,89.527054,0.0,0.65
2018-02-07 16:00:00,53.66,298.80048,989.9808,3.128832,90.530975,0.0,0.47
2018-02-07 17:00:00,54.03,298.33005,989.70166,3.1371727,91.39115,0.0,0.0
2018-02-07 18:00:00,53.33,298.07486,989.84015,2.839836,91.49586,0.0,0.0
2018-02-07 19:00:00,52.73,298.25647,990.0301,2.4776192,90.64322,0.0,0.0
2018-02-07 20:00:00,51.91,298.18652,990.072,2.1240134,91.62414,0.0,0.0
2018-02-07 21:00:00,51.22,297.9489,990.4178,1.9739811,93.00605,0.0,0.0
2018-02-07 22:00:00,51.06,297.94614,991.0274,1.8825682,93.59178,0.0,0.0
2018-02-07 23:00:00,51.25,299.224,991.7654,2.4474473,88.591995,0.0,0.0
2018-02-08 00:00:00,51.88,300.65225,992.2304,2.1968093,80.661095,1.4666766,0.0
2018-02-08 01:00:00,51.29,301.7298,992.2425,1.2789347,74.53841,0.0,0.0
2018-02-08 02:00:00,51.21,302.99246,992.0064,1.2465143,70.185295,0.0056279823,0.0
2018-02-08 03:00:00,50.55,303.82782,991.1611,1.3808753,67.505905,0.022802502,0.0
2018-02-08 04:00:00,49.57,304.66556,990.6884,1.7488085,64.70845,0.018000603,0.0
2018-02-08 05:00:00,48.65,305.28748,989.5527,1.6234637,62.88755,0.0013411045,0.0
2018-02-08 06:00:00,47.15,305.84534,988.7402,1.5606865,58.971714,0.022873282,0.0
2018-02-08 07:00:00,47.11,306.35928,988.0672,1.2983959,52.899532,0.0034794211,0.0
2018-02-08 08:00:00,47.39,306.29477,987.8064,1.0211515,51.243107,0.011965632,0.0
2018-02-08 09:00:00,47.99,306.1019,987.70135,0.20945165,50.54977,0.0022366657,0.0
2018-02-08 10:00:00,50.81,305.57553,989.0422,0.43908367,54.539726,0.0018849969,0.37
2018-02-08 11:00:00,53.86,304.20007,989.7481,1.9026322,65.537155,0.0,0.16
2018-02-08 12:00:00,55.41,302.86328,990.7531,2.0662053,74.619064,0.0,0.59999996
2018-02-08 13:00:00,56.75,301.74945,991.8938,3.7586377,77.59434,0.58081746,0.0
2018-02-08 14:00:00,58.2,300.42587,992.3292,2.9633107,80.094055,1.3061463,0.0
2018-02-08 15:00:00,59.58,299.99866,992.0799,1.4827856,84.61011,0.0,0.0
2018-02-08 16:00:00,59.86,299.5682,991.475,0.83151984,89.85755,0.0,0.0
2018-02-08 17:00:00,60.01,299.62967,990.72217,0.37391293,86.7311,0.0,0.0
2018-02-08 18:00:00,61.23,299.44965,990.5083,0.29138938,88.82979,0.030249357,0.0
2018-02-08 19:00:00,61.06,299.25446,991.0803,2.2405066,87.29068,0.06632507,0.0
2018-02-08 20:00:00,60.48,299.02307,991.2296,2.3708105,87.832184,0.09728968,0.0
2018-02-08 21:00:00,59.7,298.95346,991.618,2.2768393,87.97304,0.08197129,0.0
2018-02-08 22:00:00,59.72,298.96738,991.9257,2.3966773,88.23414,0.005990267,0.0
2018-02-08 23:00:00,59.66,299.59784,992.65155,2.3185296,85.287346,0.0,0.0
2018-02-09 00:00:00,57.91,300.2068,993.3141,1.8433465,81.65041,2.2601993,0.0
2018-02-09 01:00:00,56.61,301.0569,993.53595,1.7170161,77.25771,0.0,0.0
2018-02-09 02:00:00,55.73,301.62866,993.40204,1.3435278,74.53746,0.0,0.0
2018-02-09 03:00:00,55.25,302.4084,992.53326,0.7450036,71.14643,0.0,0.0
2018-02-09 04:00:00,55.07,303.6862,991.77954,1.3210858,65.94959,0.0069364905,0.0
2018-02-09 05:00:00,55.04,304.74823,990.9271,2.4954903,61.133343,0.053606927,0.0
2018-02-09 06:00:00,55.29,305.2697,989.9501,2.8826,58.733486,0.01450628,0.0
2018-02-09 07:00:00,54.95,306.37665,988.9392,2.8720064,51.27251,0.0,0.0
2018-02-09 08:00:00,53.94,306.40982,988.928,2.850427,49.74886,0.0,0.0
2018-02-09 09:00:00,54.26,306.26575,988.8914,2.3172834,49.798058,0.0,0.13
2018-02-09 10:00:00,54.26,305.2503,989.62164,1.6182845,57.78831,0.0,0.0
2018-02-09 11:00:00,52.04,303.57184,990.4292,2.3381379,67.99842,0.0,0.0
2018-02-09 12:00:00,49.96,302.22736,991.28534,2.076481,75.80968,0.0,0.0
2018-02-09 13:00:00,47.43,301.3453,991.4387,1.7829702,81.0637,0.0,0.0
2018-02-09 14:00:00,45.41,300.90695,991.64703,1.9644392,81.96423,0.0,0.0
2018-02-09 15:00:00,44.34,300.5135,991.3385,2.437569,82.08769,0.0,0.0
2018-02-09 16:00:00,43.68,299.93973,990.97327,2.977773,84.264755,0.0,0.0
2018-02-09 17:00:00,43.51,299.32355,990.8832,2.8712301,88.46664,0.0,0.0
2018-02-09 18:00:00,43.67,298.82596,990.83655,2.4480076,92.140785,0.0,0.0
2018-02-09 19:00:00,44.98,298.27423,990.63055,1.5951385,95.343414,0.0,0.0
2018-02-09 20:00:00,46.08,298.05566,990.87427,1.5043088,96.137825,0.0,0.0
2018-02-09 21:00:00,46.42,297.8794,991.5262,1.6362952,96.61473,0.0,0.0
2018-02-09 22:00:00,46.04,297.93695,992.15735,1.5688757,96.84328,0.0,0.0
2018-02-09 23:00:00,46.06,299.46512,992.5221,1.8628517,91.135796,0.0,0.0
2018-02-10 00:00:00,46.05,301.0115,992.79846,1.6420634,85.48029,0.07587671,0.0
2018-02-10 01:00:00,45.77,302.7138,992.70435,0.9427294,77.42933,0.0,0.0
2018-02-10 02:00:00,45.45,304.1537,992.8507,0.1188481,68.11408,0.018786639,0.0
2018-02-10 03:00:00,45.07,305.2706,992.3858,0.6197134,60.495968,0.0021196902,0.0
2018-02-10 04:00:00,44.16,306.16162,991.6697,1.0562735,55.265896,0.0036135316,0.0
2018-02-10 05:00:00,43.3,306.77713,990.9732,1.5396454,52.669968,0.0029727817,0.0
2018-02-10 06:00:00,42.08,306.9661,990.4389,1.727123,51.31415,0.0,0.0
2018-02-10 07:00:00,39.99,307.23837,989.3367,2.0915992,45.52252,0.0,0.0
2018-02-10 08:00:00,38.03,307.24115,989.1,1.1807123,44.03281,0.0,0.0
2018-02-10 09:00:00,38.38,307.0752,989.09186,0.5855118,43.765793,0.0,0.0
2018-02-10 10:00:00,39.72,306.18402,989.694,0.96172774,49.706356,0.0,0.0
2018-02-10 11:00:00,40.26,304.23163,990.1886,2.5025403,61.70047,0.0,0.0
2018-02-10 12:00:00,40.36,302.94226,990.6701,2.9809093,68.01702,0.0,0.0
2018-02-10 13:00:00,41.87,302.15637,991.0878,2.9082272,71.09262,0.0,0.0
2018-02-10 14:00:00,43.72,301.63815,991.34033,2.5761354,73.97781,0.0,0.0
2018-02-10 15:00:00,44.26,301.09583,991.0675,2.1297581,77.68141,0.0,0.0
2018-02-10 16:00:00,45.26,300.8005,990.5631,1.9444009,79.72404,0.0,0.0
2018-02-10 17:00:00,45.62,300.46216,989.88586,2.0829124,80.50317,0.0,0.0
2018-02-10 18:00:00,47.07,300.05414,989.67737,2.1250644,82.17264,0.0,0.0
2018-02-10 19:00:00,48.71,299.75626,989.859,2.627364,81.25408,0.0,0.0
2018-02-10 20:00:00,49.42,299.52594,990.1069,2.8630283,80.91379,0.0,0.0
2018-02-10 21:00:00,49.76,299.06793,990.84534,2.9909873,82.99576,0.0,0.0
2018-02-10 22:00:00,50.07,298.87982,991.41656,2.7079356,86.823524,0.0,0.0
2018-02-10 23:00:00,50.52,300.3193,992.2067,3.1241937,85.040405,0.0,0.0
2018-02-11 00:00:00,52.37,302.14032,992.12573,3.3338459,79.231415,0.027745962,0.0
2018-02-11 01:00:00,51.7,303.9887,992.29517,3.1513364,70.39311,0.0,0.0
2018-02-11 02:00:00,51.46,305.4347,992.01,3.0113885,63.788975,0.0037206337,0.0
2018-02-11 03:00:00,50.26,306.41183,990.96173,3.16561,58.114655,0.01629442,0.0
2018-02-11 04:00:00,48.59,307.157,990.046,3.1129453,55.3174,0.011347234,0.0
2018-02-11 05:00:00,47.17,307.36618,989.28577,3.0933127,53.322823,0.0026598573,0.0
2018-02-11 06:00:00,46.76,306.90076,988.8164,3.5804543,55.20918,0.060483813,0.0
2018-02-11 07:00:00,47.83,307.60565,988.3829,3.7968647,50.16013,0.0,0.0
2018-02-11 08:00:00,49.55,307.51862,988.2506,3.713186,49.710724,0.027889008,0.0
2018-02-11 09:00:00,51.01,306.98578,988.4062,3.487779,51.20696,0.0,0.0
2018-02-11 10:00:00,51.72,304.88586,989.5275,2.080769,62.284046,0.1540333,0.0
2018-02-11 11:00:00,52.56,303.57266,989.9324,2.3863244,69.967026,0.0,2.52
2018-02-11 12:00:00,54.07,302.78516,990.68274,2.4342167,75.25441,0.0,3.3899999
2018-02-11 13:00:00,53.98,302.13196,991.27704,2.8173828,78.901794,0.0,0.0
2018-02-11 14:00:00,53.04,301.80743,991.67236,3.4392185,80.59238,0.0,0.0
2018-02-11 15:00:00,51.52,301.5096,991.2942,4.0355153,81.889,0.0,0.0
2018-02-11 16:00:00,50.79,301.09317,990.96014,4.3434277,83.16281,0.0,0.0
2018-02-11 17:00:00,50.58,300.46906,990.40295,4.318301,84.91861,0.0,0.0
2018-02-11 18:00:00,51.11,300.01764,990.11755,4.3137236,85.94137,0.0,0.0
2018-02-11 19:00:00,52.16,299.84256,990.03595,4.0750318,86.817375,0.0,0.0
2018-02-11 20:00:00,52.66,299.64288,990.2484,4.1600223,87.250725,0.0,0.0
2018-02-11 21:00:00,53.31,299.505,990.8027,3.975968,88.08798,0.0,0.0
2018-02-11 22:00:00,52.64,299.51965,991.7103,3.5832539,88.71139,0.0,0.0
2018-02-11 23:00:00,52.19,300.75842,992.447,4.2911215,84.0831,0.0,0.0
2018-02-12 00:00:00,49.91,302.2077,992.54156,4.9656525,79.04712,0.27690232,0.0
2018-02-12 01:00:00,48.56,303.71094,992.27936,5.4181614,72.74594,0.0,0.0
2018-02-12 02:00:00,47.71,305.2843,991.77844,5.8798275,65.10681,0.005148351,0.0
2018-02-12 03:00:00,46.65,306.5047,990.7075,5.9898257,59.872078,0.0053159893,0.0
2018-02-12 04:00:00,45.58,306.98126,989.91455,5.7718825,57.376236,0.0038854778,0.0
2018-02-12 05:00:00,44.46,307.38342,989.1758,5.839484,55.013866,0.0073090196,0.0
2018-02-12 06:00:00,43.24,307.9653,988.5622,5.855793,52.921528,0.0011846423,0.0
2018-02-12 07:00:00,42.57,306.97742,988.0589,4.4314413,53.61081,0.06709993,0.0
2018-02-12 08:00:00,40.75,306.97296,987.6459,4.912536,53.875877,0.031672418,0.0
2018-02-12 09:00:00,40.93,306.7954,987.67236,4.5057263,54.017597,0.0,0.17999999
2018-02-12 10:00:00,43.86,305.6605,988.6805,2.6485486,60.861046,0.0,4.0699997
2018-02-12 11:00:00,47.93,304.20093,989.5192,2.5033329,68.79014,0.041268766,6.5699997
2018-02-12 12:00:00,50.3,302.63123,990.8677,4.0319557,74.876945,0.43451786,5.98
2018-02-12 13:00:00,50.66,301.19943,991.7525,4.4746366,79.872444,0.2413243,3.1
2018-02-12 14:00:00,49.4,300.31055,992.0703,3.9485452,83.032364,0.0,1.18
2018-02-12 15:00:00,47.33,299.46765,992.66565,4.6954155,85.36081,0.88547176,0.12
2018-02-12 16:00:00,45.83,298.4708,992.64124,5.1041512,87.392624,2.7197597,0.0
2018-02-12 17:00:00,44.8,298.31348,991.58655,2.9554503,88.816086,0.016525388,0.0
2018-02-12 18:00:00,44.98,298.3996,991.1945,2.6545274,89.228775,0.0024824403,0.0
2018-02-12 19:00:00,45.03,298.3385,990.8695,2.537306,89.45843,0.0,0.0
2018-02-12 20:00:00,45.15,298.4549,991.3699,2.3708997,90.36678,0.0,0.0
2018-02-12 21:00:00,44.13,298.5151,991.5528,2.460382,91.70421,0.0,0.0
2018-02-12 22:00:00,44.24,298.70013,992.26685,2.640098,92.51326,0.0,0.0
2018-02-12 23:00:00,44.92,300.04327,993.0811,3.9087029,86.89098,0.0,0.0
2018-02-13 00:00:00,46.36,301.55667,993.0868,4.0820312,78.736824,4.4643583,0.0
2018-02-13 01:00:00,45.76,302.9032,993.1984,3.632071,71.81706,0.0,0.0
2018-02-13 02:00:00,44.6,304.41125,992.57733,3.422501,65.21785,0.0,0.0
2018-02-13 03:00:00,42.86,305.6825,991.69086,3.0905097,60.343914,0.0,0.0
2018-02-13 04:00:00,41.07,306.6925,990.9521,2.8686755,56.53506,0.0012852252,0.0
2018-02-13 05:00:00,39.64,307.4038,990.0838,2.7260537,53.17011,0.0,0.0
2018-02-13 06:00:00,38.94,307.8982,989.3194,2.8447251,50.842712,0.0,0.0
2018-02-13 07:00:00,38.1,308.63818,988.05695,3.5366607,48.144497,0.0,0.0
2018-02-13 08:00:00,37.32,308.8183,987.8311,3.1692514,45.99486,0.0,0.0
2018-02-13 09:00:00,37.14,308.3768,988.1132,2.1804895,44.48984,0.12306869,0.0
2018-02-13 10:00:00,37.89,307.2678,988.65875,0.77646524,49.16929,0.009119511,0.02
2018-02-13 11:00:00,40.29,305.4571,989.5951,0.9748385,66.11064,0.0,0.16
2018-02-13 12:00:00,42.49,304.58115,990.4277,1.9729561,66.29937,0.0,0.0
2018-02-13 13:00:00,43.95,303.32645,991.20374,2.5865598,73.5513,0.0,0.0
2018-02-13 14:00:00,44.3,302.37448,991.7452,2.6949754,78.220924,0.0,0.0
2018-02-13 15:00:00,45.31,301.75348,991.26984,2.8866775,80.34656,0.0,0.0
2018-02-13 16:00:00,47.36,301.30292,990.6004,3.2421658,81.09315,0.0,0.0
2018-02-13 17:00:00,48.95,300.95947,990.27313,3.256424,81.81092,0.0,0.0
2018-02-13 18:00:00,50.2,300.58197,990.11096,3.0491955,84.07288,0.0,0.14999999
2018-02-13 19:00:00,51.49,300.16577,989.9314,2.6591554,86.78456,0.0,1.22
2018-02-13 20:00:00,52.75,299.83292,990.3705,2.4592896,89.2977,0.0,1.5799999
2018-02-13 21:00:00,52.17,299.59592,990.4384,2.377487,91.18368,0.0,4.68
2018-02-13 22:00:00,49.69,299.55072,991.2125,2.545504,92.18167,0.0,1.26
2018-02-13 23:00:00,47.7,300.72375,991.60065,3.1730337,87.33671,0.0,0.7
2018-02-14 00:00:00,43.12,302.677,991.9317,2.9331143,78.66076,0.13636649,0.0
2018-02-14 01:00:00,41.89,304.43127,991.8619,2.5973396,70.64055,0.0,0.11
2018-02-14 02:00:00,41.01,306.192,991.1384,2.4527361,61.895042,0.0,0.0
2018-02-14 03:00:00,40.83,307.6809,990.53125,2.1866302,53.65572,0.0,0.0
2018-02-14 04:00:00,41.42,308.73944,989.76764,2.55432,48.35471,0.0,0.0
2018-02-14 05:00:00,42.32,309.26065,988.8181,3.7843087,44.89499,0.0,0.0
2018-02-14 06:00:00,42.11,309.3653,988.0796,4.602566,43.72787,0.0,0.0
2018-02-14 07:00:00,44.76,309.56085,987.4453,3.4993064,45.962997,0.0,0.0
2018-02-14 08:00:00,47.79,309.47418,987.14813,4.014917,44.168983,0.0,0.099999994
2018-02-14 09:00:00,49.27,309.1452,987.35803,4.566391,43.785004,0.006020069,0.03
2018-02-14 10:00:00,49.77,306.2907,988.59064,5.0546455,51.063515,0.17744303,0.0
2018-02-14 11:00:00,51.12,304.40826,989.3857,5.227258,61.16298,0.0,0.0
2018-02-14 12:00:00,52.22,303.1614,990.5522,4.1394095,68.07505,0.0,0.0
2018-02-14 13:00:00,53.54,302.4214,990.9712,2.8586078,72.632065,0.0,0.0
2018-02-14 14:00:00,54.58,301.943,991.22546,2.357666,75.90317,0.0,0.14
2018-02-14 15:00:00,55.17,301.68542,991.33124,2.4929254,77.16615,0.0,0.0
2018-02-14 16:00:00,55.78,301.48373,991.0878,2.9284856,76.79947,0.0,0.0
2018-02-14 17:00:00,55.55,301.38342,990.9498,3.771916,73.71626,0.0,0.0
2018-02-14 18:00:00,55.45,301.07574,990.7378,4.0097837,72.263695,0.0,1.26
2018-02-14 19:00:00,54.81,300.37482,990.3205,3.0803018,78.81555,0.0,1.76
2018-02-14 20:00:00,56.09,300.21594,990.98065,4.0742517,77.92805,0.0066120992,0.72999996
2018-02-14 21:00:00,56.26,299.82672,991.837,4.082868,79.61746,0.059613593,0.19999999
2018-02-14 22:00:00,56.14,299.7244,991.8228,3.6731594,80.96719,0.055573676,0.11
2018-02-14 23:00:00,55.93,300.5,992.30347,4.330724,78.19977,0.0,0.0
2018-02-15 00:00:00,56.16,301.46613,992.44653,6.5334196,73.17054,0.30675557,0.0
2018-02-15 01:00:00,56.65,302.54797,992.06036,7.7981267,67.90864,0.0,0.0
2018-02-15 02:00:00,56.59,303.88092,991.4737,8.87713,62.622726,0.0336729,0.63
2018-02-15 03:00:00,56.4,304.90283,990.8747,9.588021,58.374786,0.043338165,0.21
2018-02-15 04:00:00,57.06,303.94495,989.9458,9.553504,60.911472,0.7249676,0.0
2018-02-15 05:00:00,57.85,305.12003,989.02313,10.610661,57.71551,0.0054091215,0.65999997
2018-02-15 06:00:00,57.99,304.4854,988.0848,11.146314,57.994385,0.1405403,0.0
2018-02-15 07:00:00,57.62,303.53766,988.7048,10.617054,62.734722,0.16822223,0.58
2018-02-15 08:00:00,58.35,303.12402,988.59467,10.044304,66.22592,0.1712814,0.67999995
2018-02-15 09:00:00,59.38,302.1505,988.72546,8.669968,71.507065,0.1975298,1.42
2018-02-15 10:00:00,60.89,301.4608,989.4275,7.80755,75.1015,0.22032112,4.3
2018-02-15 11:00:00,60.73,300.71832,989.8529,7.986277,77.37992,0.44050068,5.14
2018-02-15 12:00:00,60.83,300.2744,990.419,7.696504,79.21191,0.7403791,4.87
2018-02-15 13:00:00,60.75,300.00568,991.1425,7.66189,80.62846,0.9293854,5.8099995
2018-02-15 14:00:00,61.86,299.7591,991.6499,7.802982,81.97717,0.9436009,4.7299995
2018-02-15 15:00:00,62.74,299.52875,991.70416,7.8995543,83.12678,0.76158065,3.06
2018-02-15 16:00:00,62.94,299.26935,991.5867,7.641461,83.76357,0.6144666,0.78
2018-02-15 17:00:00,62.73,299.03345,991.31525,7.146551,84.274635,0.3410494,3.24
2018-02-15 18:00:00,61.81,298.85632,990.892,6.94448,84.74993,0.086243264,2.54
2018-02-15 19:00:00,61.18,298.2588,990.77783,6.481264,86.764,0.6598597,3.6799998
2018-02-15 20:00:00,60.81,298.29498,990.9389,6.4902973,85.93387,0.56163967,3.26
2018-02-15 21:00:00,60.52,298.33875,991.3677,6.6618104,85.60547,0.3551687,3.25
2018-02-15 22:00:00,60.65,298.43942,991.8105,6.9161887,85.29803,0.26868284,2.85
2018-02-15 23:00:00,60.38,298.86545,992.5831,6.5237913,84.31202,0.17523766,2.25
2018-02-16 00:00:00,61.07,299.2639,992.8977,6.8358493,81.96743,8.760358,2.17
2018-02-16 01:00:00,61.05,299.73026,992.8003,7.9062366,79.11421,0.0,2.33
2018-02-16 02:00:00,61.19,300.34906,992.541,8.649094,75.82187,0.15673506,2.71
2018-02-16 03:00:00,61.23,301.02924,992.1956,7.8158317,73.71885,0.16658008,2.21
2018-02-16 04:00:00,61.2,301.39032,991.52686,7.3664303,72.18788,0.16331859,1.78
2018-02-16 05:00:00,61.22,301.39536,990.76,6.824934,72.21106,0.15578791,2.76
2018-02-16 06:00:00,61.5,301.3297,990.0471,6.8817406,72.51329,0.2322644,2.51
2018-02-16 07:00:00,60.87,299.66617,990.8713,5.7964573,80.988754,1.1959411,2.01
2018-02-16 08:00:00,59.78,299.50366,990.48126,5.33968,81.98592,1.0805777,1.85
2018-02-16 09:00:00,60.65,299.4071,990.3209,5.5278544,82.80351,0.8007288,2.92
2018-02-16 10:00:00,60.84,299.05328,990.78534,5.184268,83.90186,0.6369576,3.3799999
2018-02-16 11:00:00,60.24,298.71436,991.3787,5.0303664,84.7676,0.42501092,3.09
2018-02-16 12:00:00,60.55,298.44485,991.8917,4.9102783,85.40474,0.33423305,2.31
2018-02-16 13:00:00,61.46,298.3138,992.0192,5.0980487,85.51103,0.21816045,0.92999995
2018-02-16 14:00:00,61.76,298.193,991.9261,5.2651825,85.53543,0.1006322,0.19
2018-02-16 15:00:00,61.92,298.04932,991.55975,5.3269973,85.61296,0.04592957,0.0
2018-02-16 16:00:00,60.39,297.88928,990.90155,5.1445327,85.64385,0.024691224,0.16
2018-02-16 17:00:00,59.42,297.81693,990.2444,5.123389,85.2706,0.01758337,0.0
2018-02-16 18:00:00,59.06,297.77173,989.39954,5.073732,84.608116,0.0030994415,0.0
2018-02-16 19:00:00,58.9,297.78778,989.2389,5.8189983,84.05725,0.27805567,0.37
2018-02-16 20:00:00,59.34,297.7185,989.8064,5.583599,84.60549,0.8196831,0.46999997
2018-02-16 21:00:00,59.14,297.58307,989.73346,5.865654,85.254166,0.763461,0.41
2018-02-16 22:00:00,58.53,297.5149,990.2735,5.8674774,85.33588,0.7544793,0.16
2018-02-16 23:00:00,58.12,297.60944,990.20123,6.4145985,85.08793,1.105845,0.0
2018-02-17 00:00:00,59.72,298.2121,990.3158,6.29454,84.55721,9.850851,0.0
2018-02-17 01:00:00,60.06,298.9513,990.2642,6.9674144,81.19002,0.0,0.0
2018-02-17 02:00:00,60.65,299.2935,990.4547,6.864197,79.63066,0.49708223,0.0
2018-02-17 03:00:00,60.82,299.08493,990.1778,4.8651056,83.06832,1.4879293,0.0
2018-02-17 04:00:00,60.79,299.78156,988.9651,6.020254,78.61299,1.9232966,0.06
2018-02-17 05:00:00,60.86,299.9986,987.83014,6.764191,78.8138,0.95175767,0.22999999
2018-02-17 06:00:00,60.87,300.99518,987.19446,7.62872,75.06943,0.42151287,0.74
2018-02-17 07:00:00,60.83,300.39554,987.3928,5.1241946,79.841415,1.5056878,0.14999999
2018-02-17 08:00:00,60.63,299.80035,987.57544,4.8012514,81.87216,0.9464547,0.39
2018-02-17 09:00:00,59.88,299.20068,987.51514,4.416254,85.0382,0.69472194,0.58
2018-02-17 10:00:00,60.18,298.97168,988.34686,4.6070147,85.39863,0.4532449,0.0
2018-02-17 11:00:00,60.14,298.67923,988.73236,4.6332955,86.102,0.7459596,0.0
2018-02-17 12:00:00,59.95,298.5113,989.2072,4.6437273,85.82493,1.2321658,0.0
2018-02-17 13:00:00,59.57,298.38983,989.59393,4.898564,86.553764,0.6613806,0.0
2018-02-17 14:00:00,60.35,298.16077,989.4443,4.762162,87.23342,0.39945543,0.0
2018-02-17 15:00:00,60.53,297.8614,989.1638,5.049924,87.862755,0.36352873,0.0
2018-02-17 16:00:00,60.7,297.68036,988.4065,5.20488,88.0797,0.1994595,0.0
2018-02-17 17:00:00,60.17,297.70538,988.0027,5.034639,88.060295,0.54928195,0.0
2018-02-17 18:00:00,59.3,297.77777,987.65607,4.9964933,88.09638,0.46332833,0.0
2018-02-17 19:00:00,57.97,297.43314,987.2491,4.506399,88.85587,0.36863983,0.0
2018-02-17 20:00:00,57.66,297.31927,987.2078,4.917369,89.57009,0.39160252,0.29
2018-02-17 21:00:00,58.28,297.3827,988.02466,5.892029,89.261475,0.44556987,1.6299999
2018-02-17 22:00:00,59.45,297.3437,988.55585,6.1907654,88.6068,0.62085783,1.71
2018-02-17 23:00:00,59.97,297.4569,988.9531,5.6515317,87.965706,0.70655346,1.14
2018-02-18 00:00:00,58.7,298.10498,989.4472,7.2378154,85.36916,16.441797,0.0
2018-02-18 01:00:00,58.74,298.849,989.23706,7.741709,82.031364,0.0,0.0
2018-02-18 02:00:00,59.01,299.8512,989.15515,7.510582,78.45823,0.23224019,0.0
2018-02-18 03:00:00,59.0,300.91333,988.04877,7.374138,73.78236,0.12438558,0.0
2018-02-18 04:00:00,59.1,302.6814,986.8195,7.0516024,69.12842,0.03926456,0.0
2018-02-18 05:00:00,59.18,301.65454,986.568,7.535027,71.95831,4.6505,0.0
2018-02-18 06:00:00,58.47,300.99893,986.2308,6.6109757,74.22567,4.4538713,0.0
2018-02-18 07:00:00,57.87,301.20667,986.4906,6.3319187,74.1481,1.0401644,0.0
2018-02-18 08:00:00,58.66,300.67484,986.556,6.7375083,78.44109,0.6703213,4.05
2018-02-18 09:00:00,60.32,299.95947,986.9629,6.4836864,81.563934,0.61941147,0.26999998
2018-02-18 10:00:00,60.76,299.37994,988.0712,6.2894244,83.70453,0.7584095,0.16
2018-02-18 11:00:00,60.66,298.95215,988.80835,5.8618164,84.19787,1.0386556,0.0
2018-02-18 12:00:00,60.75,298.58997,989.40454,5.7973847,85.722206,1.032725,0.37
2018-02-18 13:00:00,60.82,298.32953,989.7994,5.8527927,86.87111,0.958547,0.19
2018-02-18 14:00:00,61.56,298.05142,989.93506,6.004586,88.17614,0.6404817,0.0
2018-02-18 15:00:00,62.05,297.93164,989.4695,6.13247,88.75836,0.2464056,0.0
2018-02-18 16:00:00,62.31,297.80826,988.8978,6.0128508,89.17667,0.1373589,0.0
2018-02-18 17:00:00,62.09,297.65125,988.40814,5.635086,90.24345,0.07613003,0.0
2018-02-18 18:00:00,61.63,297.6211,988.2461,5.6055045,90.2116,0.024080276,0.26
2018-02-18 19:00:00,60.99,298.35666,988.0421,6.277242,87.39669,0.022470951,0.45999998
2018-02-18 20:00:00,60.26,298.2663,987.73346,6.0764775,88.00593,0.017553568,0.14999999
2018-02-18 21:00:00,57.13,298.25726,988.5469,5.822953,88.2312,0.052645802,0.0
2018-02-18 22:00:00,54.49,298.2413,989.17377,6.1448245,88.6857,0.11542812,0.0
2018-02-18 23:00:00,52.2,298.9214,989.6169,6.097531,86.650696,0.1450479,0.0
2018-02-19 00:00:00,49.87,300.03134,989.90314,6.956946,81.97341,17.271835,0.0
2018-02-19 01:00:00,50.37,301.17395,989.8212,7.075925,77.63177,0.0,0.0
2018-02-19 02:00:00,51.02,301.84137,989.365,7.243424,74.71683,0.29105785,0.0
2018-02-19 03:00:00,51.46,301.242,988.5192,7.0930514,75.71991,0.2624467,0.0
2018-02-19 04:00:00,51.32,301.9198,988.0683,6.859719,72.682175,0.30577928,0.0
2018-02-19 05:00:00,51.71,303.35498,987.38983,7.023299,69.70415,0.049881637,0.63
2018-02-19 06:00:00,52.19,300.9937,987.0112,7.359537,76.716675,1.4003217,0.03
2018-02-19 07:00:00,51.2,304.25806,986.61017,7.237729,64.85698,0.11077523,0.0
2018-02-19 08:00:00,51.15,303.4612,986.71014,6.2521806,68.159805,0.29102713,0.0
2018-02-19 09:00:00,51.11,302.75708,986.98694,5.047291,72.559685,0.03312528,0.0
2018-02-19 10:00:00,50.87,301.81036,987.76404,4.753402,76.748245,0.0,0.0
2018-02-19 11:00:00,50.2,300.8576,988.6378,4.4466376,79.86927,0.0043436885,0.32
2018-02-19 12:00:00,49.43,300.1735,989.06036,4.3345323,81.630745,0.0017359853,0.049999997
2018-02-19 13:00:00,47.26,299.69357,989.8094,4.323216,83.08047,0.0,0.0
2018-02-19 14:00:00,44.93,299.34952,989.69763,4.6591086,84.511086,0.0,0.0
2018-02-19 15:00:00,40.61,299.0016,989.8572,4.7012057,86.273026,0.0,0.0
2018-02-19 16:00:00,35.55,298.58502,989.47546,4.4179626,88.28001,0.0,0.0
2018-02-19 17:00:00,32.51,298.26645,989.3845,3.9422166,89.86156,0.0,0.0
2018-02-19 18:00:00,30.76,298.10443,989.4001,3.818013,90.74841,0.0,0.0
2018-02-19 19:00:00,31.75,297.7381,989.772,3.2132828,92.13186,0.0038146973,0.0
2018-02-19 20:00:00,32.93,297.6087,990.1409,2.8781538,92.99243,0.0140070915,0.0
2018-02-19 21:00:00,33.25,297.46957,990.489,2.865639,93.69439,0.0046789646,0.0
2018-02-19 22:00:00,33.96,297.39206,990.96735,3.3659782,93.936646,0.0,0.0
2018-02-19 23:00:00,34.39,298.46112,991.4807,4.0936,90.180466,0.0,0.0
2018-02-20 00:00:00,35.59,300.09708,991.84515,5.857608,81.12608,2.803883,0.0
2018-02-20 01:00:00,36.2,301.2962,991.46313,5.3488307,73.66164,0.0,0.0
2018-02-20 02:00:00,36.92,302.37766,991.01373,4.7590175,69.00465,0.0,0.0
2018-02-20 03:00:00,37.47,303.54395,990.3072,4.5457683,64.51341,0.0,0.0
2018-02-20 04:00:00,37.13,304.46057,989.66406,4.468913,61.068314,0.0021196902,0.0
2018-02-20 05:00:00,36.92,305.15918,988.9856,4.662022,59.018898,0.0,0.0
2018-02-20 06:00:00,36.27,305.2968,988.29987,4.7328115,59.906124,0.0,0.0
2018-02-20 07:00:00,35.13,305.21924,988.18256,5.4472632,58.10666,0.0,0.0
2018-02-20 08:00:00,34.39,304.4862,987.9549,4.599999,61.14965,0.024497509,0.0
2018-02-20 09:00:00,34.37,303.74518,988.1185,3.3935483,66.860405,0.0,0.0
2018-02-20 10:00:00,34.05,302.63342,988.97595,2.9553878,73.53748,0.0,0.0
2018-02-20 11:00:00,35.56,301.4893,989.135,3.1957464,78.838646,0.0,0.0
2018-02-20 12:00:00,37.55,300.80542,989.76447,3.3615668,81.68739,0.0,0.0
2018-02-20 13:00:00,37.9,300.2751,990.27655,3.3481631,83.72963,0.0,0.0
2018-02-20 14:00:00,37.23,299.84204,990.65814,3.5515156,85.04715,0.0,0.0
2018-02-20 15:00:00,37.64,299.3675,990.62085,3.7504988,86.460236,0.0,0.0
2018-02-20 16:00:00,38.87,298.9228,990.31586,3.7643476,88.04862,0.0,0.0
2018-02-20 17:00:00,38.81,298.50574,989.7449,3.5162244,89.77265,0.0,0.0
2018-02-20 18:00:00,39.0,298.156,989.69135,3.2352808,91.32211,0.0,0.0
2018-02-20 19:00:00,38.46,297.87933,989.7351,3.0120926,92.82105,0.0,0.0
2018-02-20 20:00:00,37.27,297.5219,989.7756,2.6875956,94.44281,0.0,0.0
2018-02-20 21:00:00,37.66,297.26294,990.1788,2.444411,95.55247,0.0,0.0
2018-02-20 22:00:00,38.48,297.17996,990.4866,2.2210836,96.17851,0.0,0.0
2018-02-20 23:00:00,39.64,298.4265,991.03326,3.384367,90.15565,0.010982156,0.0
2018-02-21 00:00:00,39.16,299.70267,991.28076,3.9384694,82.806404,0.05045533,0.0
2018-02-21 01:00:00,39.58,300.76624,991.1692,3.975384,76.162285,0.0,0.0
2018-02-21 02:00:00,39.18,302.11517,990.66296,4.0357337,69.237434,0.002156943,0.0
2018-02-21 03:00:00,38.76,303.22186,989.82776,3.8913429,62.77967,0.0012777746,0.0
2018-02-21 04:00:00,37.6,304.25415,988.9811,3.7688391,58.45238,0.0,0.0
2018-02-21 05:00:00,37.3,305.02905,987.8903,3.6822982,54.964317,0.0,0.0
2018-02-21 06:00:00,36.66,305.35852,987.21533,3.6740305,54.036186,0.0,0.0
2018-02-21 07:00:00,36.6,305.69388,987.1763,3.5357437,54.391605,0.0,0.0
2018-02-21 08:00:00,37.24,305.67773,987.0968,3.419606,53.214706,0.0,0.0
2018-02-21 09:00:00,38.02,305.1486,987.5781,2.930994,56.024178,0.0,0.0
2018-02-21 10:00:00,38.47,303.87543,988.1632,2.1627183,65.070076,0.0,0.0
2018-02-21 11:00:00,39.14,302.26794,988.79297,2.6943412,73.51322,0.0,0.0
2018-02-21 12:00:00,40.17,301.17612,989.4817,3.7288136,78.18573,0.0,0.0
2018-02-21 13:00:00,39.8,300.31406,990.13727,4.1347475,83.00906,0.041902065,0.0
2018-02-21 14:00:00,39.66,299.70004,990.46735,3.6742537,86.59073,0.0017434359,0.0
2018-02-21 15:00:00,39.96,299.1687,990.29846,2.9828086,89.164856,0.0,0.0
2018-02-21 16:00:00,41.29,298.70016,989.92487,2.4932802,91.09083,0.0,0.0
2018-02-21 17:00:00,42.12,298.37454,989.97516,1.9920338,92.60304,0.0,0.0
2018-02-21 18:00:00,43.07,298.11066,990.0186,1.7554404,93.74438,0.0,0.0
2018-02-21 19:00:00,43.84,297.97748,989.7019,1.977322,93.49234,0.0,0.0
2018-02-21 20:00:00,44.42,297.79462,990.09534,2.0973895,94.24341,0.0,0.0
2018-02-21 21:00:00,44.81,297.7166,990.3028,2.1729908,94.566475,0.0,0.0
2018-02-21 22:00:00,45.28,297.66522,990.6887,1.9527571,94.901825,0.0,0.0
2018-02-21 23:00:00,44.52,299.04904,991.0408,2.1960135,89.44649,0.0,0.0
2018-02-22 00:00:00,43.89,300.62,991.50494,2.8098598,81.89345,0.07324867,0.0
2018-02-22 01:00:00,43.6,301.8957,991.3259,3.06375,75.19215,0.015556667,0.0
2018-02-22 02:00:00,44.13,302.95752,990.89813,2.8758109,70.04145,0.1246687,0.0
2018-02-22 03:00:00,44.83,303.66312,990.0641,2.906986,66.57784,0.08139759,0.0
2018-02-22 04:00:00,45.29,304.4082,989.4972,3.1526716,64.00589,0.034034252,0.0
2018-02-22 05:00:00,45.1,304.9183,988.8106,3.4262443,63.560837,0.021331012,0.0
2018-02-22 06:00:00,44.45,305.36017,988.40344,3.5637834,63.473564,0.00230968,0.0
2018-02-22 07:00:00,45.28,305.7182,988.25275,2.5873547,54.31913,0.0,0.0
2018-02-22 08:00:00,46.07,305.68033,988.1922,2.8209443,54.615097,0.0,0.0
2018-02-22 09:00:00,45.83,305.06763,988.10583,2.7938852,57.008545,0.028178096,0.0
2018-02-22 10:00:00,44.83,303.9592,988.9419,2.281944,65.56062,0.0,0.0
2018-02-22 11:00:00,43.1,302.52045,988.988,2.4733875,73.86305,0.0,0.0
2018-02-22 12:00:00,40.64,301.56033,989.57367,2.6939795,78.52932,0.0,0.0
2018-02-22 13:00:00,38.86,300.8582,989.7608,3.044416,81.22322,0.0,0.0
2018-02-22 14:00:00,39.53,300.32782,990.2825,3.6626263,83.37451,0.0,0.0
2018-02-22 15:00:00,41.38,299.65833,990.4217,3.8490024,86.43032,0.0,0.0
2018-02-22 16:00:00,42.55,299.13855,990.12964,3.6451223,88.75311,0.0,0.0
2018-02-22 17:00:00,43.55,298.6703,990.1805,3.4810135,90.59722,0.0,0.0
2018-02-22 18:00:00,44.06,298.36484,990.1808,3.316473,91.70416,0.0,0.0
2018-02-22 19:00:00,44.08,298.38373,989.8025,3.0339303,91.21135,0.0,0.0
2018-02-22 20:00:00,44.16,298.2135,990.0784,2.8523586,91.78416,0.0,0.0
2018-02-22 21:00:00,44.56,298.01825,990.6,2.5265415,92.51476,0.0,0.0
2018-02-22 22:00:00,44.98,297.92487,991.14545,2.0713396,93.24745,0.0,0.0
2018-02-22 23:00:00,45.18,299.29874,991.7136,2.2599277,87.844025,0.0,0.0
2018-02-23 00:00:00,44.67,300.85553,992.0228,2.6572886,81.53198,0.38203597,0.0
2018-02-23 01:00:00,44.77,302.38422,991.843,2.9553409,75.805824,0.0,0.0
2018-02-23 02:00:00,45.51,303.75195,991.5014,3.22649,70.09161,0.028155744,0.0
2018-02-23 03:00:00,46.16,304.791,990.6531,3.2851765,65.92819,0.010371208,0.0
2018-02-23 04:00:00,46.76,305.41266,990.0792,3.100017,63.89298,0.0013634562,0.0
2018-02-23 05:00:00,46.27,306.12994,989.0047,3.1252928,61.550148,0.015087426,0.0
2018-02-23 06:00:00,44.94,306.50656,988.3903,3.1118183,57.938713,0.0,0.0
2018-02-23 07:00:00,43.79,307.2074,988.16565,2.924435,52.43279,0.0,0.0
2018-02-23 08:00:00,42.37,307.06903,987.70953,3.1197002,52.334297,0.0,0.0
2018-02-23 09:00:00,41.46,306.0123,988.21906,3.2931058,55.743187,0.22362918,0.0
2018-02-23 10:00:00,40.62,304.6842,988.6453,2.7602096,64.55303,0.0,0.0
2018-02-23 11:00:00,39.89,303.3754,989.34595,2.6722503,71.71067,0.0,0.0
2018-02-23 12:00:00,39.95,302.5539,989.6995,2.9456658,75.3236,0.0,0.0
2018-02-23 13:00:00,40.15,301.95886,990.21344,3.321649,77.04493,0.0,0.0
2018-02-23 14:00:00,40.93,301.45343,990.40735,3.5897276,78.29867,0.0,0.0
2018-02-23 15:00:00,41.86,300.92267,990.5594,3.7053678,79.592064,0.0,0.0
2018-02-23 16:00:00,42.67,300.46976,990.3608,3.7021227,80.88576,0.0,0.0
2018-02-23 17:00:00,43.28,300.06393,990.1672,3.679932,82.36754,0.0,0.0
2018-02-23 18:00:00,43.44,299.68472,989.8597,3.6188145,83.99044,0.0,0.0
2018-02-23 19:00:00,43.45,299.6446,989.2997,4.099335,84.67667,0.0,0.0
2018-02-23 20:00:00,43.61,299.30737,989.7,3.8995922,86.81902,0.0,0.0
2018-02-23 21:00:00,44.84,299.0067,990.4471,3.5733426,88.86066,0.0,0.0
2018-02-23 22:00:00,46.04,298.8777,991.12854,3.3063505,90.12009,0.0,0.0
2018-02-23 23:00:00,45.27,300.03082,991.92694,3.717653,85.777626,0.0,0.0
2018-02-24 00:00:00,41.53,301.5531,992.48724,4.3602657,79.02822,0.27947426,0.0
2018-02-24 01:00:00,41.41,303.0227,992.3158,4.531822,73.37929,0.0,0.0
2018-02-24 02:00:00,40.95,304.39612,991.84735,4.527698,67.97157,0.006444752,0.0
2018-02-24 03:00:00,40.54,305.6557,991.22327,4.520123,62.46427,0.0,0.0
2018-02-24 04:00:00,40.56,306.68152,990.40295,4.597899,57.765377,0.0,0.0
2018-02-24 05:00:00,40.78,307.34558,989.45703,4.585,54.52384,0.0,0.0
2018-02-24 06:00:00,40.03,307.7851,988.81274,4.523244,52.345974,0.0,0.0
2018-02-24 07:00:00,39.06,307.95184,988.3339,4.117372,47.204876,0.0,0.0
2018-02-24 08:00:00,38.22,307.90808,988.22327,4.143418,46.65268,0.0,0.0
2018-02-24 09:00:00,37.54,307.30023,987.9843,3.6141124,49.88189,0.0,0.0
2018-02-24 10:00:00,37.61,305.54047,988.9405,3.067337,59.79594,0.0,0.0
2018-02-24 11:00:00,37.87,303.78497,989.89825,3.2857566,67.66711,0.0,0.0
2018-02-24 12:00:00,37.48,302.6842,990.20795,3.6192763,72.14078,0.0,0.0
2018-02-24 13:00:00,39.08,301.90173,990.8936,3.9806333,75.14504,0.0,0.0
2018-02-24 14:00:00,40.14,301.30188,990.77893,4.040623,77.30177,0.0,0.0
2018-02-24 15:00:00,40.9,300.83942,990.65656,3.9972756,78.718025,0.0,0.0
2018-02-24 16:00:00,41.72,300.49463,990.0706,3.9619312,79.66134,0.0,0.0
2018-02-24 17:00:00,43.13,300.04504,989.5014,3.910017,81.42727,0.0,0.0
2018-02-24 18:00:00,44.12,299.59222,988.90533,3.7708921,83.91962,0.0,0.0
2018-02-24 19:00:00,43.83,299.59998,989.04346,4.2256584,88.25554,0.0,0.0
2018-02-24 20:00:00,43.31,299.38757,989.61017,3.995895,90.84324,0.0,0.0
2018-02-24 21:00:00,42.08,299.20453,990.2667,3.9301028,92.489655,0.0,0.0
2018-02-24 22:00:00,41.4,299.10925,990.45764,4.000822,93.16998,0.0,0.0
2018-02-24 23:00:00,41.64,300.22028,990.90924,4.779626,88.15567,0.0,0.0
2018-02-25 00:00:00,38.6,301.89966,991.28033,5.1662517,79.01886,0.006914139,0.0
2018-02-25 01:00:00,38.64,303.64764,990.92487,5.0815773,69.625824,0.0,0.0
2018-02-25 02:00:00,39.12,305.23145,990.176,5.104519,61.770058,0.0,0.0
2018-02-25 03:00:00,40.11,306.5006,989.38904,5.1992283,55.48953,0.0,0.0
2018-02-25 04:00:00,40.75,307.39645,988.42487,5.172514,51.27185,0.0,0.0
2018-02-25 05:00:00,41.02,307.91547,987.4819,5.2166944,48.977753,0.0,0.0
2018-02-25 06:00:00,41.16,308.19415,986.72986,5.3013477,47.515034,0.0,0.0
2018-02-25 07:00:00,40.71,309.08337,985.8931,5.4850836,41.91422,0.0,0.0
2018-02-25 08:00:00,39.21,308.67447,985.5147,5.487939,42.38779,0.0,0.0
2018-02-25 09:00:00,38.21,307.84033,985.7279,4.5181036,47.292664,0.0,0.0
2018-02-25 10:00:00,37.27,305.87003,986.67633,3.8955016,56.15249,0.0,0.0
2018-02-25 11:00:00,36.67,304.1366,987.40625,3.964137,63.34821,0.0,0.0
2018-02-25 12:00:00,37.08,303.01263,987.6464,4.566261,67.116,0.0,0.0
2018-02-25 13:00:00,38.7,302.31784,988.83044,4.6595078,69.4487,0.0,0.0
2018-02-25 14:00:00,42.01,301.81726,989.1971,4.9792747,71.276726,0.0,0.0
2018-02-25 15:00:00,45.78,301.3522,988.77185,4.7817335,73.65706,0.0,0.9
2018-02-25 16:00:00,49.67,300.94843,988.67505,4.6142964,76.560356,0.0,0.73999995
2018-02-25 17:00:00,54.03,300.54233,988.2614,4.4614415,79.95458,0.0,4.13
2018-02-25 18:00:00,57.72,300.15622,988.32556,3.9845564,83.59632,0.0,16.18
2018-02-25 19:00:00,60.54,299.7714,988.8072,2.1575587,88.23691,0.4557371,16.67
2018-02-25 20:00:00,60.9,299.63913,988.8753,2.888475,89.4857,0.27120113,11.5
2018-02-25 21:00:00,58.64,299.49377,989.09155,3.4978867,90.634384,0.0,5.64
2018-02-25 22:00:00,56.9,299.43774,989.2991,3.520877,91.0952,0.0,3.7799997
2018-02-25 23:00:00,55.85,299.9389,990.2075,4.782585,88.39982,0.0,2.24
2018-02-26 00:00:00,51.84,300.97668,990.6325,5.2983403,82.30126,0.7355511,1.54
2018-02-26 01:00:00,51.75,302.10712,990.57245,5.2782536,75.89533,0.0,1.13
2018-02-26 02:00:00,51.72,303.59045,990.06476,4.5250764,68.52417,0.046288595,1.42
2018-02-26 03:00:00,52.3,304.3543,989.5703,4.000119,65.451294,0.095918775,1.77
2018-02-26 04:00:00,52.33,304.71155,988.71844,3.7852805,64.7641,0.27842075,0.0
2018-02-26 05:00:00,52.11,304.82678,987.5893,3.6806555,64.79044,0.1642853,0.0
2018-02-26 06:00:00,51.5,305.05133,987.06476,4.0041337,62.70626,0.24674088,0.0
2018-02-26 07:00:00,50.99,304.68744,988.4445,1.0505677,52.998764,0.004515052,0.0
2018-02-26 08:00:00,49.9,304.62585,988.1981,1.5732416,53.41941,0.004693866,0.0
2018-02-26 09:00:00,51.24,304.36084,988.02686,1.1758661,54.228233,0.0026077032,0.0
2018-02-26 10:00:00,52.85,303.78027,988.68384,1.5285381,59.42956,0.0,0.0
2018-02-26 11:00:00,52.86,302.51697,989.7419,3.017585,68.54761,0.0,0.0
2018-02-26 12:00:00,51.73,301.2229,990.5055,3.4303048,75.857155,0.0,0.0
2018-02-26 13:00:00,51.09,300.44846,990.90717,3.2048895,80.96199,0.0,0.0
2018-02-26 14:00:00,51.65,299.8161,990.90845,2.7018664,84.82247,0.0,0.0
2018-02-26 15:00:00,53.06,299.45056,991.0608,2.307624,87.12359,0.0,0.0
2018-02-26 16:00:00,54.25,299.0844,990.59924,2.3291776,88.85272,0.0,0.0
2018-02-26 17:00:00,54.16,298.8778,990.4484,2.174098,89.708534,0.0,0.0
2018-02-26 18:00:00,53.33,298.6276,990.1814,1.2385058,91.49393,0.05400181,0.0
2018-02-26 19:00:00,52.46,298.16333,990.4902,1.2311164,92.48029,0.0,0.0
2018-02-26 20:00:00,51.82,298.0964,990.8159,1.0212682,92.87529,0.0,0.0
2018-02-26 21:00:00,51.48,297.9607,991.0975,1.1995457,93.50096,0.0,0.0
2018-02-26 22:00:00,51.51,297.9606,991.6761,1.4817,92.96649,0.019073486,0.0
2018-02-26 23:00:00,51.39,298.7268,992.52814,1.9826943,87.52132,0.064879656,0.0
2018-02-27 00:00:00,51.76,299.9046,992.6661,2.2438486,81.62308,1.0179043,0.0
2018-02-27 01:00:00,52.36,301.70752,992.4916,3.0973043,73.750694,0.0,0.0
2018-02-27 02:00:00,53.03,302.87,991.90515,3.1441348,70.73582,0.044753775,0.0
2018-02-27 03:00:00,52.48,303.60107,991.14526,3.2352047,69.44304,0.05123578,0.0
2018-02-27 04:00:00,51.55,304.62244,989.7494,3.0503502,64.0158,0.09584427,0.0
2018-02-27 05:00:00,51.01,304.77332,989.0647,2.9076703,62.579388,0.08613244,0.0
2018-02-27 06:00:00,50.73,305.09735,988.1979,3.3086536,62.183773,0.05086884,0.0
2018-02-27 07:00:00,51.41,307.57483,987.14154,3.1546295,49.896465,0.015743077,0.0
2018-02-27 08:00:00,51.82,307.7272,986.5666,3.4862125,48.723125,0.012446195,0.0
2018-02-27 09:00:00,53.42,307.5183,987.03735,3.0224233,48.385437,0.011608005,0.0
2018-02-27 10:00:00,55.4,305.2199,987.96655,2.851953,59.939926,0.2110228,0.92999995
2018-02-27 11:00:00,56.34,302.14703,990.0511,1.638744,73.10607,2.750516,3.94
2018-02-27 12:00:00,55.86,300.5752,990.9169,1.8316258,82.562256,2.634518,5.39
2018-02-27 13:00:00,55.43,300.1292,991.1464,2.5238914,85.07571,0.028833747,3.81
2018-02-27 14:00:00,56.3,299.81158,991.33594,2.3736022,87.94089,0.010602176,0.68999994
2018-02-27 15:00:00,57.6,299.5041,991.0277,2.1025617,89.30678,0.013284385,0.0
2018-02-27 16:00:00,58.55,299.33646,990.77765,2.0329714,90.06823,0.02734363,0.0
2018-02-27 17:00:00,58.5,299.18872,990.4607,2.0603578,90.72593,0.1590429,0.0
2018-02-27 18:00:00,58.92,299.11102,990.1658,1.6084015,90.89887,0.15763938,0.0
2018-02-27 19:00:00,58.6,299.0799,990.0222,1.8108509,88.69359,0.11780858,0.0
2018-02-27 20:00:00,58.38,298.88147,990.05634,1.9526669,89.405716,0.00295043,0.0
2018-02-27 21:00:00,58.49,298.65326,990.40546,1.8936367,90.07259,0.0,0.43
2018-02-27 22:00:00,58.31,298.50458,991.13385,1.7824947,90.47786,0.0,0.0
2018-02-27 23:00:00,57.56,299.5108,991.8628,1.9456007,84.66259,0.0,0.0
2018-02-28 00:00:00,54.86,300.7561,992.6295,2.7206306,78.15123,6.488714,0.0
2018-02-28 01:00:00,54.47,301.67435,992.17664,2.6746607,74.4425,0.0,0.0
2018-02-28 02:00:00,54.15,302.82062,991.5447,1.4567091,69.15842,0.0,0.0
2018-02-28 03:00:00,54.05,303.65234,990.6806,1.120495,65.41989,0.0,0.0
2018-02-28 04:00:00,54.1,305.0291,990.0203,2.067229,59.76307,0.0037178397,0.0
2018-02-28 05:00:00,54.69,305.82907,989.41815,1.8490654,56.265987,0.0,0.0
2018-02-28 06:00:00,55.01,306.35498,988.7986,1.966058,54.266815,0.0,0.0
2018-02-28 07:00:00,55.3,306.3572,989.20795,0.49814278,52.3183,0.0021196902,0.0
2018-02-28 08:00:00,55.42,306.35248,988.93286,0.81742424,51.48753,0.0,0.42999998
2018-02-28 09:00:00,55.45,306.18768,989.0516,0.39524347,51.41694,0.0013113022,0.13
2018-02-28 10:00:00,55.27,305.154,990.00476,1.7027287,57.512115,0.005669892,0.0
2018-02-28 11:00:00,55.71,302.9319,990.726,4.052732,70.49325,0.003747642,0.47999996
2018-02-28 12:00:00,54.73,301.17822,991.11163,4.1409807,78.51348,0.0,0.0
2018-02-28 13:00:00,54.45,300.38306,991.438,2.8792663,82.19536,0.0,0.0
2018-02-28 14:00:00,55.08,299.9284,991.3918,2.0596578,84.864716,0.0,0.0
2018-02-28 15:00:00,53.82,299.57367,991.2551,1.6309767,87.29732,0.0,0.0
2018-02-28 16:00:00,52.08,299.1684,990.9498,1.0080837,91.10121,0.0,0.0
2018-02-28 17:00:00,50.27,298.9309,990.47266,0.6377731,93.413414,0.0,0.0
2018-02-28 18:00:00,48.21,298.7635,990.285,0.9265985,93.59604,0.0,0.0
2018-02-28 19:00:00,47.42,298.8756,989.96216,1.6650321,93.03276,0.0,0.0
2018-02-28 20:00:00,48.02,298.76242,989.9359,2.0725923,93.05376,0.0,0.0
2018-02-28 21:00:00,49.52,298.55734,989.9727,2.203162,93.51552,0.0,0.0
2018-02-28 22:00:00,50.62,298.42804,990.53625,1.6038024,94.23147,0.0,0.0
2018-02-28 23:00:00,50.43,299.71338,991.2554,1.0363104,87.82797,0.0,0.0
2018-03-01 00:00:00,49.18,301.3699,991.8242,1.5198287,79.44065,0.018838048,0.0
2018-03-01 01:00:00,49.12,303.08038,992.0609,1.5190578,70.29287,0.0,0.0
2018-03-01 02:00:00,48.99,303.7965,991.85834,0.970472,66.838104,0.07253513,0.0
2018-03-01 03:00:00,48.48,304.7577,990.9497,0.6262949,63.696106,0.048533082,0.0
2018-03-01 04:00:00,48.03,305.8376,990.31757,1.3298342,60.561573,0.029221177,0.0
2018-03-01 05:00:00,47.83,306.37463,989.4405,2.0465639,57.299034,0.0026486814,0.0
2018-03-01 06:00:00,47.29,306.97333,988.65314,2.0296447,54.745655,0.0,0.0
2018-03-01 07:00:00,47.3,307.9452,988.3342,1.8276438,48.10382,0.0,0.0
2018-03-01 08:00:00,46.91,307.66827,987.7314,1.9066584,48.221664,0.01574606,0.0
2018-03-01 09:00:00,46.31,307.17883,988.04565,2.8752618,50.417267,0.007495284,0.0
2018-03-01 10:00:00,45.66,305.90735,989.20435,3.2759812,57.865395,0.0,0.0
2018-03-01 11:00:00,46.06,304.03006,990.15424,4.4044666,67.54419,0.0,0.0
2018-03-01 12:00:00,47.24,302.23206,991.04913,4.3889995,76.69241,0.0,0.0
2018-03-01 13:00:00,47.82,301.16974,991.59424,3.993355,82.40004,0.0,0.0
2018-03-01 14:00:00,48.44,300.31357,991.66547,3.949087,85.77694,0.0,0.0
2018-03-01 15:00:00,49.04,299.84827,991.8055,3.5570536,86.92842,0.0,0.0
2018-03-01 16:00:00,49.5,299.52536,991.5419,3.8145204,87.307,0.0,0.0
2018-03-01 17:00:00,49.4,299.28903,990.9358,4.041393,87.71837,0.0,0.0
2018-03-01 18:00:00,49.11,299.11356,990.5234,3.9641285,88.53521,0.0,0.0
2018-03-01 19:00:00,49.36,298.8525,990.9197,2.9985154,89.90234,0.0,0.0
2018-03-01 20:00:00,47.87,298.59863,990.7657,2.6667356,91.66747,0.0,0.0
2018-03-01 21:00:00,46.79,298.50183,991.1975,2.5924284,92.77235,0.0,0.0
2018-03-01 22:00:00,45.68,298.48816,991.1955,2.5712686,93.41854,0.0,0.0
2018-03-01 23:00:00,44.35,299.62488,991.8159,3.9652956,87.06986,0.0,0.0
2018-03-02 00:00:00,45.05,301.09546,991.9811,3.6203554,78.79798,0.18023252,0.0
2018-03-02 01:00:00,45.04,302.92224,991.89154,3.3397098,70.390816,0.0,0.0
2018-03-02 02:00:00,45.17,304.5197,991.2033,3.2134552,64.037796,0.0039450824,0.0
2018-03-02 03:00:00,45.7,305.7215,990.58813,3.1733904,59.840744,0.009126961,0.0
2018-03-02 04:00:00,46.41,306.84277,989.80054,3.3300576,55.1898,0.005748123,0.0
2018-03-02 05:00:00,46.37,307.55975,988.81476,3.4684665,51.763527,0.002618879,0.0
2018-03-02 06:00:00,46.3,308.0337,987.8942,3.7919633,49.506454,0.0013373792,0.0
2018-03-02 07:00:00,46.11,308.60236,987.33826,4.396232,46.240032,0.0,0.0
2018-03-02 08:00:00,46.62,307.98438,987.4726,4.564401,47.20918,0.1189664,0.0
2018-03-02 09:00:00,47.66,306.6684,987.4023,4.722178,51.304066,0.20680575,0.0
2018-03-02 10:00:00,48.59,306.11996,988.3789,3.945542,54.143906,0.0,0.0
2018-03-02 11:00:00,49.01,305.03278,989.22,3.8646362,59.56744,0.0,0.0
2018-03-02 12:00:00,48.5,304.10107,989.6931,4.0323944,64.19946,0.0,0.0
2018-03-02 13:00:00,49.36,303.22104,990.07086,4.1805325,68.4767,0.0,0.0
2018-03-02 14:00:00,50.88,302.45917,990.41486,4.0098524,72.0966,0.0,0.0
2018-03-02 15:00:00,52.55,301.91473,990.1414,3.9754336,74.43764,0.0,0.0
2018-03-02 16:00:00,53.23,301.3801,989.368,4.2887945,76.47729,0.0,0.0
2018-03-02 17:00:00,55.36,300.89594,988.8786,4.8637986,78.18695,0.0,0.0
2018-03-02 18:00:00,56.57,300.40942,988.58734,5.1094503,79.91194,0.0,0.0
2018-03-02 19:00:00,56.44,299.68826,989.2636,4.484778,82.538185,0.0,0.0
2018-03-02 20:00:00,55.38,299.406,989.8128,3.833286,84.70943,0.0,0.0
2018-03-02 21:00:00,54.71,299.05975,990.0236,3.3745449,87.04854,0.0,0.0
2018-03-02 22:00:00,53.95,298.95193,990.33826,3.353162,87.85162,0.0,0.0
2018-03-02 23:00:00,53.49,299.85797,990.854,4.0997353,82.88672,0.0,0.0
2018-03-03 00:00:00,54.19,301.61017,991.1428,4.206286,74.28793,0.3494084,0.0
2018-03-03 01:00:00,53.94,303.51465,990.82544,4.3205123,65.97431,0.0,0.0
2018-03-03 02:00:00,53.1,305.4906,990.3646,4.622418,58.6605,0.0,0.0
2018-03-03 03:00:00,51.96,307.04156,989.23157,4.9459276,53.526295,0.0,0.0
2018-03-03 04:00:00,51.02,308.37665,988.3106,5.235262,49.288853,0.0,0.0
2018-03-03 05:00:00,50.34,309.35406,987.15784,5.320526,46.003742,0.0,0.0
2018-03-03 06:00:00,49.78,310.00925,986.4448,5.154797,43.319004,0.0,0.0
2018-03-03 07:00:00,49.15,310.37573,986.6273,4.3272095,40.84229,0.0,0.0
2018-03-03 08:00:00,48.79,309.8802,986.6948,3.648332,41.850792,0.039699674,0.0
2018-03-03 09:00:00,48.21,309.2826,986.35315,4.4179707,43.19686,0.0,0.0
2018-03-03 10:00:00,48.14,308.36716,986.9454,4.8044066,46.28798,0.0,0.0
2018-03-03 11:00:00,47.91,307.03287,988.2745,4.9927945,51.60669,0.009328127,0.0
2018-03-03 12:00:00,47.56,303.92596,989.8773,3.4160023,64.63322,0.82951784,0.0
2018-03-03 13:00:00,48.42,302.14975,991.05896,1.9702966,73.55538,2.5769174,0.0
2018-03-03 14:00:00,50.04,301.26245,991.6347,4.855869,78.37964,0.1552403,1.4599999
2018-03-03 15:00:00,51.48,301.0332,991.2078,3.4058676,79.54233,0.0,1.64
2018-03-03 16:00:00,51.96,301.01117,990.84204,3.1814985,80.71721,0.0,0.0
2018-03-03 17:00:00,51.77,301.0172,990.58685,3.2610111,81.47203,0.0,0.0
2018-03-03 18:00:00,51.37,300.7586,990.1238,4.332536,82.5083,0.00423193,0.0
2018-03-03 19:00:00,51.76,300.17676,990.29596,3.2717729,83.73673,0.18881261,0.38
2018-03-03 20:00:00,50.88,299.73853,990.29315,3.823727,86.06263,0.0100284815,2.4
2018-03-03 21:00:00,48.92,299.55325,990.61346,4.3282948,88.01257,0.011637807,0.22
2018-03-03 22:00:00,47.91,299.42645,990.89935,3.832371,89.66878,0.012144446,0.0
2018-03-03 23:00:00,48.55,300.2375,991.503,4.8968587,85.82398,0.022187829,0.0
2018-03-04 00:00:00,49.56,301.6839,991.6728,4.999386,78.48247,3.8605065,0.0
2018-03-04 01:00:00,49.66,303.4953,991.6431,4.937226,70.50669,0.0,0.0
2018-03-04 02:00:00,50.09,305.25946,990.92865,5.064945,63.334732,0.0,0.04
2018-03-04 03:00:00,49.52,306.79633,990.1866,5.199547,57.500954,0.0,1.3299999
2018-03-04 04:00:00,49.21,308.0014,989.21796,5.1251664,52.733433,0.0,0.0
2018-03-04 05:00:00,49.29,308.83887,988.09436,5.067612,49.315132,0.0,0.0
2018-03-04 06:00:00,49.26,309.39346,987.3972,4.856663,46.402977,0.0,0.0
2018-03-04 07:00:00,50.24,308.458,988.74243,4.063636,46.958477,0.0071004033,0.0
2018-03-04 08:00:00,50.71,307.97717,988.63745,4.0034957,47.891888,0.010035932,0.0
2018-03-04 09:00:00,50.66,307.14584,988.6295,4.4824977,50.467014,0.0055134296,0.0
2018-03-04 10:00:00,49.08,305.75446,989.495,3.8175452,57.887928,0.0,0.0
2018-03-04 11:00:00,47.79,304.68982,990.4305,3.3075972,63.6118,0.0,0.0
2018-03-04 12:00:00,47.66,303.88535,991.1625,2.6731935,68.44921,0.0,0.0
2018-03-04 13:00:00,47.47,303.1775,991.5706,2.7529461,72.43926,0.0,0.0
2018-03-04 14:00:00,46.75,302.61066,991.8797,2.821476,75.44929,0.0,0.0
2018-03-04 15:00:00,46.39,302.09485,991.7048,3.2247934,77.65798,0.0,0.0
2018-03-04 16:00:00,47.17,301.6241,991.3003,3.5001054,79.35781,0.017389655,0.0
2018-03-04 17:00:00,47.48,301.04498,991.3465,3.183343,81.41089,0.10576844,0.0
2018-03-04 18:00:00,48.65,300.64676,991.40643,2.9857345,83.01093,0.09281933,0.0
2018-03-04 19:00:00,52.14,300.27045,990.3738,3.0127327,85.16599,0.0,0.0
2018-03-04 20:00:00,54.53,300.02853,990.6872,3.0760148,85.64155,0.03376603,0.0
2018-03-04 21:00:00,56.1,299.86188,991.0705,3.1164467,86.08167,0.0,4.47
2018-03-04 22:00:00,57.13,299.70166,991.66547,2.7810264,86.810425,0.0,5.02
2018-03-04 23:00:00,57.81,300.81424,992.188,3.494691,80.930534,0.0,2.27
2018-03-05 00:00:00,46.75,302.3499,992.4869,3.5475078,73.08419,0.27239323,3.9499998
2018-03-05 01:00:00,45.39,304.02386,992.4087,2.9911149,65.41514,0.0,3.1
2018-03-05 02:00:00,44.16,305.58936,991.8702,2.5452118,59.42993,0.0,1.4
2018-03-05 03:00:00,41.99,306.97894,991.014,2.4455335,54.12554,0.0,0.41
2018-03-05 04:00:00,41.26,308.24457,990.2489,2.458354,49.269535,0.0,0.92
2018-03-05 05:00:00,41.78,309.31293,989.2645,2.371023,45.1723,0.0,0.85999995
2018-03-05 06:00:00,41.69,310.03812,988.5151,2.1305754,41.82967,0.0,0.0
2018-03-05 07:00:00,42.51,308.96948,988.5158,1.242489,43.500763,0.010894239,0.0
2018-03-05 08:00:00,43.6,309.1413,988.4475,1.5732932,41.71621,0.0083372,0.0
2018-03-05 09:00:00,43.96,308.24527,988.58765,2.3566492,42.363667,0.330925,0.0
2018-03-05 10:00:00,43.99,306.7222,989.16406,2.112048,48.573654,0.0,0.0
2018-03-05 11:00:00,43.74,305.62494,990.0296,2.083631,55.5899,0.0,0.0
2018-03-05 12:00:00,44.15,304.78943,991.1997,1.4711065,61.379803,0.0,0.0
2018-03-05 13:00:00,45.32,303.86826,991.9391,1.2611492,67.42018,0.0,0.0
2018-03-05 14:00:00,45.8,303.1623,991.7736,1.6270645,72.29131,0.0,0.0
2018-03-05 15:00:00,45.38,302.50162,991.65826,2.8961298,75.18978,0.0,0.0
2018-03-05 16:00:00,45.06,302.28485,991.09686,3.5072482,74.271904,0.0,0.0
2018-03-05 17:00:00,44.89,301.8108,990.9908,3.7549434,72.88571,0.045597553,0.0
2018-03-05 18:00:00,44.6,301.37766,990.5658,3.6630063,71.80028,0.015243888,0.0
2018-03-05 19:00:00,43.29,299.8423,990.6827,4.718105,80.59774,0.0,0.0
2018-03-05 20:00:00,41.77,299.56317,991.37854,4.668361,80.17932,0.0,0.0
2018-03-05 21:00:00,41.8,299.30255,991.4256,2.8018386,80.85203,0.0,0.0
2018-03-05 22:00:00,43.72,298.9693,991.49976,2.080036,83.18123,0.0,0.0
2018-03-05 23:00:00,43.88,300.23785,991.8537,2.6998873,76.46059,0.0,0.0
2018-03-06 00:00:00,44.02,302.17276,991.85297,2.2643237,66.63006,0.4112661,0.0
2018-03-06 01:00:00,43.83,304.0368,991.8164,0.90491647,58.102036,0.0,0.0
2018-03-06 02:00:00,42.08,305.9897,991.5122,1.6711823,50.215626,0.0,0.0
2018-03-06 03:00:00,40.19,308.14545,990.69275,2.798899,40.63921,0.0,0.0
2018-03-06 04:00:00,38.76,310.00574,989.85376,3.1734436,28.963572,0.0,0.0
2018-03-06 05:00:00,38.68,310.6515,989.1614,2.426204,23.680258,0.0,0.0
2018-03-06 06:00:00,39.36,310.9394,988.2978,1.6815847,21.937225,0.0,0.0
2018-03-06 07:00:00,39.63,310.85614,988.5969,1.716092,22.532589,0.0,0.0
2018-03-06 08:00:00,39.26,310.62515,988.062,1.6874311,22.334389,0.0,0.0
2018-03-06 09:00:00,39.11,310.2019,988.1914,1.5621346,23.056736,0.0,0.0
2018-03-06 10:00:00,39.21,308.90015,988.2946,2.4770954,28.824266,0.0,0.0
2018-03-06 11:00:00,38.72,307.01654,989.03595,2.93882,36.209656,0.0,0.0
2018-03-06 12:00:00,37.89,305.47906,989.532,3.4523163,42.75564,0.0,0.0
2018-03-06 13:00:00,38.49,304.26035,989.9517,4.1151175,50.058025,0.0,0.0
2018-03-06 14:00:00,38.78,303.37567,989.8303,4.6964364,56.642128,0.0,0.0
2018-03-06 15:00:00,38.74,302.86172,989.5172,4.8602095,60.07874,0.0,0.0
2018-03-06 16:00:00,38.91,302.39288,989.2165,4.642375,60.33405,0.0,0.0
2018-03-06 17:00:00,38.76,301.67615,988.9436,3.5230956,58.671673,0.0,0.0
2018-03-06 18:00:00,38.4,300.93872,988.569,2.1879442,57.707577,0.0,0.0
2018-03-06 19:00:00,37.12,299.72287,988.64453,3.4009686,66.083565,0.0,0.0
2018-03-06 20:00:00,37.3,298.96198,988.7419,3.2723029,68.68664,0.0,0.0
2018-03-06 21:00:00,37.07,298.47687,989.22565,3.1139212,68.809875,0.0,0.0
2018-03-06 22:00:00,36.25,298.08496,989.4359,2.798628,66.47519,0.0,0.0
2018-03-06 23:00:00,35.48,300.2163,989.7042,2.531373,53.43101,0.0,0.0
2018-03-07 00:00:00,34.37,303.73102,989.79865,3.4469342,35.67147,0.0,0.0
2018-03-07 01:00:00,34.3,306.69818,989.52704,4.8455815,22.93096,0.0,0.0
2018-03-07 02:00:00,34.66,308.50043,989.00085,5.741053,17.433613,0.0,0.0
2018-03-07 03:00:00,35.39,309.87506,988.211,5.558216,15.8517,0.0,0.0
2018-03-07 04:00:00,35.64,310.9624,987.39374,4.9074755,14.839988,0.0,0.0
2018-03-07 05:00:00,35.6,311.6943,986.5575,4.0979557,14.406255,0.0,0.0
2018-03-07 06:00:00,34.54,312.0345,985.84656,3.3430147,14.319756,0.0,0.0
2018-03-07 07:00:00,33.49,311.52045,985.51984,1.6435465,17.02696,0.0,0.0
2018-03-07 08:00:00,33.02,311.21088,985.0661,0.9892759,17.110825,0.0,0.0
2018-03-07 09:00:00,31.67,310.94632,985.45233,0.2769073,17.392754,0.0,0.0
2018-03-07 10:00:00,30.26,309.94604,985.6568,1.9659111,20.603086,0.0,0.0
2018-03-07 11:00:00,29.47,307.93835,986.28577,2.6417134,26.418972,0.0,0.0
2018-03-07 12:00:00,28.49,306.3119,986.5701,2.7269964,31.123188,0.0,0.0
2018-03-07 13:00:00,27.37,304.99487,987.0719,2.7163136,35.69484,0.0,0.0
2018-03-07 14:00:00,26.3,303.7274,987.1895,2.99137,40.140358,0.0,0.0
2018-03-07 15:00:00,25.41,303.02832,987.20764,3.1924317,43.173504,0.0,0.0
2018-03-07 16:00:00,25.01,302.09457,987.08594,3.167721,47.525295,0.0,0.0
2018-03-07 17:00:00,24.47,301.24847,986.76056,3.0052953,51.696373,0.0,0.0
2018-03-07 18:00:00,23.29,300.30627,986.4944,2.915628,55.84439,0.0,0.0
2018-03-07 19:00:00,22.43,299.333,986.86017,3.428937,62.07362,0.0,0.0
2018-03-07 20:00:00,21.73,298.60577,986.83673,3.1873136,67.91165,0.0,0.0
2018-03-07 21:00:00,21.16,298.0828,987.4483,2.8543367,72.22116,0.0,0.0
2018-03-07 22:00:00,20.7,297.59088,987.7762,2.329878,74.82566,0.0,0.0
2018-03-07 23:00:00,19.61,299.4294,988.51276,1.6795431,64.47136,0.0,0.0
2018-03-08 00:00:00,20.44,302.66934,988.6548,1.4979421,43.536232,0.0,0.0
2018-03-08 01:00:00,20.37,305.72595,988.60205,2.319923,29.717299,0.0,0.0
2018-03-08 02:00:00,20.75,308.1656,988.03986,3.3928263,21.683771,0.0,0.0
2018-03-08 03:00:00,21.48,309.8946,987.4266,3.852571,17.822477,0.0,0.0
2018-03-08 04:00:00,21.89,310.90973,986.5153,3.1211312,15.824634,0.0,0.0
2018-03-08 05:00:00,22.52,311.26346,985.84875,1.8125238,14.766611,0.0,0.0
2018-03-08 06:00:00,23.6,311.66693,985.173,1.6334792,13.5364685,0.0,0.0
2018-03-08 07:00:00,23.79,311.1583,984.7294,2.1090968,14.57275,0.0,0.0
2018-03-08 08:00:00,23.35,311.07922,984.70087,2.7157726,14.119852,0.0,0.0
2018-03-08 09:00:00,23.41,310.72742,984.9939,3.1604877,14.395243,0.0,0.0
2018-03-08 10:00:00,23.61,309.3589,985.65295,3.0176725,16.89983,0.0,0.0
2018-03-08 11:00:00,24.09,307.7865,986.36896,3.1184716,20.003391,0.0,0.0
2018-03-08 12:00:00,23.86,306.15247,987.0173,3.1353686,23.56928,0.0,0.0
2018-03-08 13:00:00,24.92,304.63693,987.33966,3.269129,27.250698,0.0,0.0
2018-03-08 14:00:00,25.72,303.1435,987.58514,3.3803475,30.968666,0.0,0.0
2018-03-08 15:00:00,25.73,301.96106,987.8194,3.1365588,34.94175,0.0,0.0
2018-03-08 16:00:00,26.14,300.85052,987.8525,2.9497068,40.079674,0.0,0.0
2018-03-08 17:00:00,27.32,299.86072,988.1222,3.5911546,48.066784,0.0,0.0
2018-03-08 18:00:00,28.56,299.25305,987.9283,4.471294,61.296875,0.0,0.0
2018-03-08 19:00:00,30.32,298.16397,988.5476,3.099761,81.33458,0.0,0.0
2018-03-08 20:00:00,30.5,297.82635,988.4842,3.2292502,91.01225,0.0,0.0
2018-03-08 21:00:00,30.33,297.89606,988.5864,3.1223052,95.91576,0.0018775461,0.0
2018-03-08 22:00:00,30.52,298.21234,988.73846,3.5805154,95.69052,0.0,0.0
2018-03-08 23:00:00,30.83,299.47784,989.0389,3.4481921,85.47261,0.0,0.0
2018-03-09 00:00:00,31.38,301.2186,989.34064,2.4760623,70.22748,0.004720688,0.0
2018-03-09 01:00:00,32.48,303.30103,989.0422,1.822,56.320633,0.0,0.0
2018-03-09 02:00:00,34.28,305.0434,988.59076,1.3713406,46.587364,0.0,0.0
2018-03-09 03:00:00,35.91,306.43256,987.91156,1.3209147,40.42594,0.0081807375,0.0
2018-03-09 04:00:00,37.42,307.61438,987.24097,1.5962707,35.099422,0.026077032,0.0
2018-03-09 05:00:00,38.44,308.4284,986.4391,2.2026513,30.690077,0.019788742,0.0
2018-03-09 06:00:00,38.9,309.01553,985.8607,2.9028728,28.03249,0.018253922,0.0
2018-03-09 07:00:00,38.36,307.78012,985.55096,3.3297954,30.187056,0.08100271,0.0
2018-03-09 08:00:00,38.28,307.09595,985.47546,3.3865473,31.061136,0.3002435,0.0
2018-03-09 09:00:00,39.76,307.21118,986.28595,2.8251388,31.000387,0.0,0.25
2018-03-09 10:00:00,42.29,306.235,987.01874,3.3381255,33.493347,0.059872866,0.0
2018-03-09 11:00:00,43.62,304.68713,988.1035,3.1544683,39.20575,0.015944242,0.0
2018-03-09 12:00:00,44.21,303.90366,988.53394,1.6072754,43.43262,0.001385808,0.0
2018-03-09 13:00:00,43.73,303.39777,988.8914,0.8692824,46.46304,0.0,0.0
2018-03-09 14:00:00,43.38,302.59976,989.2505,1.5566561,51.95569,0.019982457,0.0
2018-03-09 15:00:00,43.02,301.71716,989.5079,2.2291975,54.62085,0.11770427,0.0
2018-03-09 16:00:00,42.57,301.35266,989.1392,1.9247445,57.430492,0.012665987,0.0
2018-03-09 17:00:00,42.43,300.8287,988.9275,1.2077503,62.829655,0.0,0.0
2018-03-09 18:00:00,41.71,300.17108,988.90826,1.9064348,63.78319,0.0,0.0
2018-03-09 19:00:00,41.68,298.76178,988.2555,1.8496155,69.47949,0.0,0.0
2018-03-09 20:00:00,42.04,298.34106,988.77515,0.9570125,74.03036,0.0,0.0
2018-03-09 21:00:00,42.3,298.3111,989.1715,0.034107625,71.66411,0.0,0.0
2018-03-09 22:00:00,41.93,297.68842,989.8145,1.273056,77.33352,0.0,0.0
2018-03-09 23:00:00,40.67,299.029,990.4222,2.1141236,68.950386,0.0,0.0
2018-03-10 00:00:00,39.52,300.63385,991.03265,2.1343102,61.121006,0.6815225,0.0
2018-03-10 01:00:00,39.75,302.25348,991.1301,1.6632252,54.538887,0.0,0.0
2018-03-10 02:00:00,40.4,303.88452,990.6555,1.5040733,48.1961,0.0,0.0
2018-03-10 03:00:00,40.48,305.43738,989.8526,1.6169758,42.553055,0.0,0.0
2018-03-10 04:00:00,40.51,306.69794,989.21783,2.0119834,38.16674,0.0,0.0
2018-03-10 05:00:00,40.4,307.7264,988.5042,2.369952,35.273285,0.0,0.0
2018-03-10 06:00:00,39.82,308.38727,987.87054,2.420865,33.820705,0.0013485551,0.0
2018-03-10 07:00:00,39.57,308.08487,987.47,1.4474452,35.174385,0.006198883,0.0
2018-03-10 08:00:00,39.52,307.60376,987.15533,1.6636194,35.333633,0.027880073,0.0
2018-03-10 09:00:00,39.64,307.1278,988.0183,3.6581566,36.600555,0.0051409006,0.0
2018-03-10 10:00:00,40.29,305.3299,989.392,4.8556714,42.826633,0.088870525,0.0
2018-03-10 11:00:00,41.35,303.76306,990.56604,4.7714586,50.675438,0.0,0.0
2018-03-10 12:00:00,42.88,302.5374,991.6625,5.055286,59.451,0.0,0.0
2018-03-10 13:00:00,45.19,301.48068,992.15686,4.562421,67.296135,0.0,0.0
2018-03-10 14:00:00,47.3,301.01752,992.0145,3.8772557,70.85348,0.0,0.0
2018-03-10 15:00:00,47.41,300.64188,991.9938,3.3124783,73.384766,0.0,0.0
2018-03-10 16:00:00,46.65,300.33572,992.12695,3.1939445,75.68472,0.0,0.0
2018-03-10 17:00:00,45.43,299.9984,992.0028,3.0162232,77.977394,0.0,0.0
2018-03-10 18:00:00,45.28,299.636,991.8256,2.4697826,80.18147,0.0,0.0
2018-03-10 19:00:00,44.26,299.12668,991.5158,2.067547,85.231415,0.0,0.0
2018-03-10 20:00:00,43.06,298.77246,991.43146,1.2215922,87.67043,0.0,0.0
2018-03-10 21:00:00,42.09,298.46207,992.05853,1.0114741,90.003525,0.0,0.0
2018-03-10 22:00:00,41.08,298.28384,992.7325,1.2174846,90.98347,0.0,0.0
2018-03-10 23:00:00,39.91,299.3072,993.60736,1.4361928,84.43122,0.0,0.0
2018-03-11 00:00:00,39.92,301.04034,994.21954,1.4023985,74.00516,0.13101101,0.0
2018-03-11 01:00:00,39.5,303.10553,994.3716,1.737098,62.29615,0.0,0.0
2018-03-11 02:00:00,37.91,305.2602,993.8248,2.3697324,52.121838,0.0,0.0
2018-03-11 03:00:00,36.36,307.21228,993.248,2.9152942,42.999443,0.010287389,0.0
2018-03-11 04:00:00,36.43,308.3103,992.2444,3.2826228,35.57135,0.0,0.0
2018-03-11 05:00:00,36.77,309.0479,991.46155,3.5560732,32.06931,0.0,0.0
2018-03-11 06:00:00,36.69,309.35114,990.8781,3.4178061,30.518463,0.0,0.0
2018-03-11 07:00:00,35.39,309.71472,990.47296,2.9639692,29.65399,0.0,0.0
2018-03-11 08:00:00,34.83,309.2456,990.4914,2.7379882,30.18403,0.0,0.0
2018-03-11 09:00:00,34.75,308.80154,990.7534,2.6805267,31.049547,0.0,0.0
2018-03-11 10:00:00,34.59,307.7543,991.33344,2.029257,33.290596,0.015640259,0.0
2018-03-11 11:00:00,36.13,307.04172,991.9858,2.6404486,36.064156,0.0,0.0
2018-03-11 12:00:00,38.48,306.40582,992.8361,2.901139,39.036785,0.0,0.0
2018-03-11 13:00:00,41.46,305.63257,993.35425,2.5058284,41.938957,0.0,0.0
2018-03-11 14:00:00,44.09,304.4295,994.13885,3.5135958,45.77263,0.050738454,0.0
2018-03-11 15:00:00,46.5,303.57837,994.2583,4.878442,50.703228,0.0,0.0
2018-03-11 16:00:00,47.75,302.83157,993.8703,4.724746,55.148537,0.0,0.0
2018-03-11 17:00:00,48.48,302.0205,993.52966,4.483387,59.012146,0.10159187,0.0
2018-03-11 18:00:00,49.94,301.70868,993.40045,3.7247715,60.739296,0.009802432,0.0
2018-03-11 19:00:00,49.89,302.7058,992.90607,4.216546,52.43024,0.0,0.0
2018-03-11 20:00:00,48.96,302.44214,992.8837,3.7681606,53.69014,0.0,0.0
2018-03-11 21:00:00,47.84,301.94827,993.26843,3.296927,55.779285,0.0,0.0
2018-03-11 22:00:00,47.1,301.51132,993.6453,3.0085807,57.618546,0.0,0.0
2018-03-11 23:00:00,,302.82593,994.31287,3.7039328,52.444267,0.0,0.0
2018-03-12 00:00:00,47.64,304.61295,994.66345,5.9617634,44.43723,0.19069697,0.0
2018-03-12 01:00:00,48.58,306.2483,994.781,7.1264725,39.38399,0.0,0.0
2018-03-12 02:00:00,48.82,308.10803,993.6994,6.984134,34.13685,0.0,0.0
2018-03-12 03:00:00,48.23,309.05493,992.6944,6.2267985,31.63468,0.0,0.0
2018-03-12 04:00:00,47.51,308.96893,992.0691,6.251569,31.970757,0.0,0.0
2018-03-12 05:00:00,47.23,309.26944,991.25287,6.1542797,31.531334,0.0,0.0
2018-03-12 06:00:00,47.64,309.4124,990.65204,5.783391,31.226788,0.0,0.0
2018-03-12 07:00:00,47.11,309.33746,990.46594,4.714575,32.4384,0.0,0.0
2018-03-12 08:00:00,47.18,309.2516,990.319,4.624486,32.02938,0.0,0.0
2018-03-12 09:00:00,47.51,308.48602,990.685,5.3777304,33.680973,0.0022873282,0.0
2018-03-12 10:00:00,48.01,307.02438,991.4788,4.986467,37.90735,0.0,0.0
2018-03-12 11:00:00,47.14,305.9981,992.3398,3.3835351,41.04736,0.0,0.0
2018-03-12 12:00:00,46.16,305.5116,992.975,1.7776939,42.710636,0.0,0.0
2018-03-12 13:00:00,44.83,305.0871,993.2495,0.992839,45.008926,0.0,0.0
2018-03-12 14:00:00,43.4,304.16022,993.1356,0.9997093,56.514847,0.0,0.0
2018-03-12 15:00:00,41.17,303.80862,992.67236,0.61280584,54.44107,0.0,0.0
2018-03-12 16:00:00,38.28,303.52454,991.99896,0.6682536,53.318226,0.0,0.0
2018-03-12 17:00:00,35.84,302.3669,991.49805,1.4860833,58.93825,0.0,0.0
2018-03-12 18:00:00,33.37,301.8877,991.27026,2.3830612,56.45799,0.0,0.0
2018-03-12 19:00:00,30.69,300.6634,992.03296,3.158396,50.811554,0.0,0.0
2018-03-12 20:00:00,27.97,299.8828,992.40564,3.2662644,50.175686,0.0,0.0
2018-03-12 21:00:00,26.02,299.19547,993.0697,3.4101257,49.372753,0.0,0.0
2018-03-12 22:00:00,24.27,298.6701,993.6794,3.7561817,47.841995,0.0,0.0
2018-03-12 23:00:00,22.23,300.6104,994.78217,4.3659306,39.56429,0.0,0.0
2018-03-13 00:00:00,21.62,303.4101,995.27466,6.2125287,30.98293,0.0022947788,0.0
2018-03-13 01:00:00,20.68,305.69873,994.9111,8.008846,27.789078,0.0,0.0
2018-03-13 02:00:00,20.16,307.3158,994.0902,8.49765,24.4157,0.0,0.0
2018-03-13 03:00:00,19.69,308.58646,993.0239,7.730835,20.26933,0.0,0.0
2018-03-13 04:00:00,19.23,309.65097,991.9285,6.970187,17.657297,0.0,0.0
2018-03-13 05:00:00,19.08,310.40472,990.8055,6.398304,16.573847,0.0,0.0
2018-03-13 06:00:00,18.89,310.8584,989.8901,5.8829794,16.507677,0.0,0.0
2018-03-13 07:00:00,19.44,311.28198,989.7008,5.365813,17.605211,0.0,0.0
2018-03-13 08:00:00,19.66,311.18488,989.4843,5.010955,17.723354,0.0,0.0
2018-03-13 09:00:00,19.61,310.71237,989.7511,4.748939,18.256382,0.0,0.0
2018-03-13 10:00:00,19.67,309.39545,990.385,3.6558626,19.87125,0.0,0.0
2018-03-13 11:00:00,19.67,308.06503,991.10596,3.2590206,21.68596,0.0,0.0
2018-03-13 12:00:00,20.33,306.90448,991.8885,3.2878149,23.25179,0.0,0.0
2018-03-13 13:00:00,21.05,305.7765,991.9794,3.160755,24.823599,0.0,0.0
2018-03-13 14:00:00,21.9,304.4768,992.2643,2.8505087,27.253214,0.0,0.0
2018-03-13 15:00:00,21.45,302.93872,992.0206,2.6062322,30.853987,0.0,0.0
2018-03-13 16:00:00,20.7,301.5501,991.8731,2.5818694,33.813442,0.0,0.0
2018-03-13 17:00:00,20.79,300.57004,991.29596,3.1315417,34.0072,0.0,0.0
2018-03-13 18:00:00,20.13,300.00354,991.05615,3.6380255,33.044155,0.0,0.0
2018-03-13 19:00:00,18.77,298.46667,991.5767,3.1764235,34.536667,0.0,0.0
2018-03-13 20:00:00,18.49,297.5508,991.62726,3.035888,36.40486,0.0,0.0
2018-03-13 21:00:00,18.22,296.8334,992.24744,2.8868198,38.480225,0.0,0.0
2018-03-13 22:00:00,17.85,296.2362,992.9029,2.7243507,40.893307,0.0,0.0
2018-03-13 23:00:00,17.32,298.4336,994.14154,2.6630647,36.07176,0.0,0.0
2018-03-14 00:00:00,17.77,302.24762,994.6894,3.5146782,27.725033,0.0012846412,0.0
2018-03-14 01:00:00,17.85,305.64764,994.4439,4.6120033,22.445211,0.0,0.0
2018-03-14 02:00:00,17.97,308.177,993.7439,5.766842,19.769325,0.0,0.0
2018-03-14 03:00:00,18.85,309.59924,992.5692,6.244821,19.506016,0.0,0.0
2018-03-14 04:00:00,19.22,310.5782,991.53906,5.957415,18.105156,0.0,0.0
2018-03-14 05:00:00,19.37,311.33704,990.3045,5.672257,16.659292,0.0,0.0
2018-03-14 06:00:00,19.36,311.86127,989.4389,5.462827,15.410432,0.0,0.0
2018-03-14 07:00:00,19.56,312.1686,989.14343,5.6422815,14.480835,0.0,0.0
2018-03-14 08:00:00,20.24,311.95435,989.1811,5.485873,14.618327,0.0,0.0
2018-03-14 09:00:00,20.68,311.32852,989.47626,5.1945686,15.317334,0.0,0.0
2018-03-14 10:00:00,20.78,309.8593,990.1022,3.9487772,17.045597,0.0,0.0
2018-03-14 11:00:00,20.71,308.43417,990.88794,3.3905022,18.971577,0.0,0.0
2018-03-14 12:00:00,20.99,307.20557,991.3828,3.1628876,20.913727,0.0,0.0
2018-03-14 13:00:00,21.29,305.96597,991.8187,2.8943703,23.273554,0.0,0.0
2018-03-14 14:00:00,21.49,304.58978,991.78485,2.6142573,26.729595,0.0,0.0
2018-03-14 15:00:00,20.91,303.16663,991.65125,2.4871461,30.49265,0.0,0.0
2018-03-14 16:00:00,20.26,301.7975,991.2247,2.383588,34.295742,0.0,0.0
2018-03-14 17:00:00,19.63,300.68347,990.6967,2.449648,36.960293,0.0,0.0
2018-03-14 18:00:00,19.46,299.81433,990.45905,2.7138736,37.914143,0.0,0.0
2018-03-14 19:00:00,19.42,298.84338,991.0809,2.9446814,36.838875,0.0,0.0
2018-03-14 20:00:00,19.7,297.8418,991.2505,2.7509391,39.84724,0.0,0.0
2018-03-14 21:00:00,20.26,297.03857,991.5772,2.6829917,42.472363,0.0,0.0
2018-03-14 22:00:00,19.37,296.4099,992.22314,2.5476649,45.30188,0.0,0.0
2018-03-14 23:00:00,18.14,298.67764,993.04706,2.2322376,40.692295,0.0,0.0
2018-03-15 00:00:00,17.97,302.8251,993.6189,2.602377,31.081036,0.0,0.0
2018-03-15 01:00:00,18.17,306.13525,993.72595,2.7987943,25.440517,0.0,0.0
2018-03-15 02:00:00,18.89,308.42844,993.1928,2.8902905,21.884928,0.0,0.0
2018-03-15 03:00:00,18.68,310.14624,992.2606,3.6957366,17.965473,0.0,0.0
2018-03-15 04:00:00,18.85,311.26935,991.2431,4.2558208,15.389255,0.0,0.0
2018-03-15 05:00:00,19.56,311.98093,990.10876,4.281429,14.25125,0.0,0.0
2018-03-15 06:00:00,20.25,312.42932,989.2477,4.1116686,13.565458,0.0,0.0
2018-03-15 07:00:00,19.86,312.7351,988.98047,4.354182,12.948467,0.0,0.0
2018-03-15 08:00:00,19.56,312.56647,988.8322,4.4133644,12.884773,0.0,0.0
2018-03-15 09:00:00,19.35,312.00897,989.0672,4.3058915,13.243653,0.0,0.0
2018-03-15 10:00:00,19.58,310.6109,989.61237,3.4474187,14.594144,0.0,0.0
2018-03-15 11:00:00,19.75,309.11646,990.41547,3.3285387,16.20699,0.0,0.0
2018-03-15 12:00:00,20.45,307.71912,991.06366,3.4722745,17.69599,0.0,0.0
2018-03-15 13:00:00,21.05,306.41882,991.84204,3.319688,19.243624,0.0,0.0
2018-03-15 14:00:00,20.31,305.01,991.7354,3.0333064,21.45785,0.0,0.0
2018-03-15 15:00:00,20.02,303.5992,991.61554,2.9492893,24.039082,0.0,0.0
2018-03-15 16:00:00,19.2,302.3833,991.029,2.9687233,26.459194,0.0,0.0
2018-03-15 17:00:00,17.79,300.94492,990.6347,2.5375662,30.83005,0.0,0.0
2018-03-15 18:00:00,16.6,299.69788,990.38654,2.8233125,35.432632,0.0,0.0
2018-03-15 19:00:00,16.76,298.41858,990.72,2.3323348,35.508266,0.0,0.0
2018-03-15 20:00:00,17.13,297.16342,991.0541,2.3907142,42.669796,0.0,0.0
2018-03-15 21:00:00,17.28,296.365,991.61206,2.503695,53.55021,0.0,0.0
2018-03-15 22:00:00,17.34,295.9641,992.2967,2.5951283,65.30277,0.0,0.0
2018-03-15 23:00:00,17.61,298.39453,992.9803,2.7574084,67.32115,0.0,0.0
2018-03-16 00:00:00,18.56,302.017,993.3409,3.2224543,59.262592,0.0030028077,0.0
2018-03-16 01:00:00,18.75,305.43237,993.3272,2.858944,44.289024,0.0,0.0
2018-03-16 02:00:00,19.26,308.094,992.5705,2.148948,30.904573,0.0,0.0
2018-03-16 03:00:00,20.19,309.79706,991.77905,1.5333443,23.677933,0.0,0.0
2018-03-16 04:00:00,20.8,311.0546,990.7482,1.772706,19.143312,0.0,0.0
2018-03-16 05:00:00,21.74,312.14786,989.5625,2.9963272,15.935671,0.0,0.0
2018-03-16 06:00:00,23.08,312.66998,988.6939,3.4511054,14.651564,0.0,0.0
2018-03-16 07:00:00,23.13,313.1767,988.53357,4.131093,13.333784,0.0,0.0
2018-03-16 08:00:00,23.14,313.0125,988.3016,4.1406746,13.102632,0.0,0.0
2018-03-16 09:00:00,22.81,312.4711,988.5997,4.0728245,13.345896,0.0,0.0
2018-03-16 10:00:00,22.23,311.18768,989.04834,3.0752394,14.537774,0.0,0.0
2018-03-16 11:00:00,21.38,309.86874,989.50006,2.7744327,16.090878,0.0,0.0
2018-03-16 12:00:00,20.75,308.55182,990.27454,3.0561292,17.778437,0.0,0.0
2018-03-16 13:00:00,20.59,307.21326,990.6262,3.3000164,19.370413,0.0,0.0
2018-03-16 14:00:00,20.48,306.0464,990.48987,3.2853782,20.859339,0.0,0.0
2018-03-16 15:00:00,20.02,304.7682,990.64545,3.2198503,22.677423,0.0,0.0
2018-03-16 16:00:00,19.69,303.66144,990.1184,3.1257868,24.463888,0.0,0.0
2018-03-16 17:00:00,19.44,302.80844,989.96967,3.1301298,25.914696,0.0,0.0
2018-03-16 18:00:00,19.19,301.60822,989.80304,2.4798262,30.388626,0.0,0.0
2018-03-16 19:00:00,19.09,299.84375,990.1423,3.0568805,28.648026,0.0,0.0
2018-03-16 20:00:00,18.62,298.38895,990.52936,2.4715405,32.759933,0.0,0.0
2018-03-16 21:00:00,17.63,297.25552,991.0371,2.5243676,38.43173,0.0,0.0
2018-03-16 22:00:00,17.04,296.4123,991.4801,2.3028097,48.00811,0.0,0.0
2018-03-16 23:00:00,16.86,298.45007,992.40314,1.7949761,50.23269,0.0,0.0
2018-03-17 00:00:00,17.86,301.79498,992.9819,1.7730087,48.154198,0.0,0.0
2018-03-17 01:00:00,18.04,305.09482,993.1902,1.6359293,40.076797,0.0,0.0
2018-03-17 02:00:00,18.02,308.03864,992.9536,1.9533584,27.531635,0.0,0.0
2018-03-17 03:00:00,17.69,310.1432,992.05835,2.7574208,19.944874,0.0,0.0
2018-03-17 04:00:00,17.59,311.50238,991.0192,2.9407063,15.332821,0.0,0.0
2018-03-17 05:00:00,18.39,312.4358,989.70667,3.1516085,12.277506,0.0,0.0
2018-03-17 06:00:00,18.64,313.07095,988.80054,3.4711676,10.85683,0.0,0.0
2018-03-17 07:00:00,18.64,313.49347,988.64087,4.500604,11.190017,0.0,0.0
2018-03-17 08:00:00,18.44,313.2195,988.26624,4.761695,11.480104,0.0,0.0
2018-03-17 09:00:00,17.89,312.57516,988.33905,4.8400035,12.234805,0.0,0.0
2018-03-17 10:00:00,17.65,311.13507,988.94904,3.8416753,13.893594,0.0,0.0
2018-03-17 11:00:00,18.23,309.69812,989.5686,3.5141194,15.790072,0.0,0.0
2018-03-17 12:00:00,19.22,308.43134,990.3988,3.602011,17.71427,0.0,0.0
2018-03-17 13:00:00,21.94,307.26254,990.6752,3.4909422,19.561554,0.0,0.0
2018-03-17 14:00:00,23.92,306.0404,990.8435,3.0104136,21.841564,0.0,0.0
2018-03-17 15:00:00,25.4,304.9242,990.7606,3.1881096,23.868378,0.0,0.0
2018-03-17 16:00:00,26.86,304.30133,990.74854,4.59393,25.179037,0.0,0.0
2018-03-17 17:00:00,28.81,303.7693,990.77124,5.0538254,30.906456,0.0,0.0
2018-03-17 18:00:00,31.31,303.22375,990.5464,4.360189,37.237648,0.0,0.0
2018-03-17 19:00:00,33.01,302.1339,990.23047,3.7305026,31.894356,0.0,0.0
2018-03-17 20:00:00,33.96,301.60706,990.3028,3.976283,34.331814,0.0,0.0
2018-03-17 21:00:00,35.04,301.45978,990.8443,4.1296663,36.41049,0.0,0.0
2018-03-17 22:00:00,37.14,301.58527,991.1451,4.159205,38.62516,0.0,0.0
2018-03-17 23:00:00,38.6,303.1939,992.123,4.5598745,39.838943,0.0,0.0
2018-03-18 00:00:00,40.7,304.8668,992.3474,6.9084373,44.44211,0.0,0.0
2018-03-18 01:00:00,41.25,305.98334,992.5117,7.2883763,44.040794,0.0,0.0
2018-03-18 02:00:00,43.03,307.84583,991.9489,7.3827853,39.489693,0.0,0.0
2018-03-18 03:00:00,44.59,309.53357,991.0664,7.7350307,34.81161,0.0,0.11
2018-03-18 04:00:00,45.84,311.29068,989.63617,8.691116,30.130964,0.0022649765,0.0
2018-03-18 05:00:00,46.92,312.22272,988.4469,9.593247,27.816122,0.004053116,0.0
2018-03-18 06:00:00,48.29,311.86304,987.9348,9.633796,28.691557,0.037163496,0.88
2018-03-18 07:00:00,49.77,311.87372,987.8186,9.715807,25.7426,0.0,0.0
2018-03-18 08:00:00,49.56,311.31903,988.1348,9.415047,26.992352,0.0,0.0
2018-03-18 09:00:00,50.47,310.26913,988.54987,10.026751,29.107302,0.0,0.0
2018-03-18 10:00:00,52.26,308.46057,990.0061,9.034332,34.22885,0.099763274,0.0
2018-03-18 11:00:00,53.11,307.5022,990.65576,8.17388,37.493435,0.0,0.0
2018-03-18 12:00:00,53.2,306.3402,991.8539,7.68041,42.12143,0.013116005,0.0
2018-03-18 13:00:00,52.8,304.833,992.47455,7.417309,48.753387,0.005930662,0.0
2018-03-18 14:00:00,51.81,303.76062,992.2218,6.283448,53.11896,0.0,0.21
2018-03-18 15:00:00,50.32,303.12894,992.0918,6.3637505,54.74118,0.0,0.0
2018-03-18 16:00:00,49.35,302.52533,991.91205,6.722749,55.69937,0.0,0.0
2018-03-18 17:00:00,48.08,301.9903,991.6105,6.334278,56.856506,0.0,0.0
2018-03-18 18:00:00,47.08,301.5317,991.291,6.1507697,58.172504,0.0,0.0
2018-03-18 19:00:00,46.52,302.13937,990.43604,6.3184013,56.479282,0.0,0.0
2018-03-18 20:00:00,46.82,301.6994,990.5739,6.334224,58.347424,0.0,0.0
2018-03-18 21:00:00,47.56,301.30817,991.4467,6.4031754,61.127365,0.0,0.0
2018-03-18 22:00:00,47.0,300.9216,992.03467,6.3074,64.24046,0.0,0.0
2018-03-18 23:00:00,46.24,301.4873,992.7954,6.6531415,63.572876,0.0,0.0
2018-03-19 00:00:00,47.49,302.8615,993.181,7.335887,59.19891,0.16430318,0.0
2018-03-19 01:00:00,47.25,304.67975,993.3159,7.768483,52.824997,0.0,0.0
2018-03-19 02:00:00,47.21,306.0798,992.8228,8.006685,47.54908,0.0,0.03
2018-03-19 03:00:00,47.54,307.16934,992.58154,7.975521,43.61397,0.0,0.02
2018-03-19 04:00:00,47.09,307.47998,991.9133,7.616089,41.852547,0.0,0.0
2018-03-19 05:00:00,45.94,308.09503,991.0543,7.667735,38.787193,0.0,0.0
2018-03-19 06:00:00,44.69,308.2796,990.635,7.29379,37.370728,0.0,0.0
2018-03-19 07:00:00,44.63,309.0805,990.12756,7.8829074,35.51083,0.0,0.0
2018-03-19 08:00:00,45.11,308.80963,990.03265,7.511779,35.503002,0.0,0.0
2018-03-19 09:00:00,45.98,308.3498,990.11694,6.881374,36.138554,0.0,0.0
2018-03-19 10:00:00,46.11,307.6833,990.8946,5.5835896,37.78615,0.0,0.0
2018-03-19 11:00:00,46.72,306.987,991.4308,4.8722863,39.675983,0.0,0.0
2018-03-19 12:00:00,47.62,306.2522,991.9604,4.3782883,41.84883,0.0,0.0
2018-03-19 13:00:00,49.27,305.559,992.3259,3.556009,44.275345,0.0,0.0
2018-03-19 14:00:00,51.15,304.81647,992.5377,3.1132228,46.81242,0.0,0.65999997
2018-03-19 15:00:00,51.22,304.1473,992.3904,3.0635502,48.658775,0.0,1.26
2018-03-19 16:00:00,49.61,303.5008,992.0648,2.9147317,50.919277,0.0,0.0
2018-03-19 17:00:00,48.06,302.8269,991.4075,3.259301,53.999264,0.0,0.0
2018-03-19 18:00:00,47.35,302.2063,990.7986,3.4735463,57.616436,0.0,0.0
2018-03-19 19:00:00,47.14,301.73865,991.0467,1.9000763,59.458744,0.0,0.0
2018-03-19 20:00:00,47.21,301.20947,991.4445,1.4936035,63.58332,0.0,0.0
2018-03-19 21:00:00,47.15,300.74878,991.78143,1.5543423,66.10474,0.0,0.0
2018-03-19 22:00:00,46.62,300.32983,992.6434,1.4078156,69.12413,0.0,0.0
2018-03-19 23:00:00,45.91,301.91434,993.6167,1.0002358,60.496902,0.0,0.0
2018-03-20 00:00:00,46.8,303.66333,994.20874,1.41521,53.11622,0.0017374292,0.0
2018-03-20 01:00:00,45.71,305.44122,994.5066,2.1868153,47.238262,0.0,0.0
2018-03-20 02:00:00,44.82,307.0114,994.0442,2.8234076,42.40221,0.0,0.0
2018-03-20 03:00:00,44.08,307.96487,993.38165,3.2973425,39.733856,0.0034607947,0.0
2018-03-20 04:00:00,42.98,309.0219,992.1596,3.3777378,36.983593,0.0,0.0
2018-03-20 05:00:00,41.17,309.55286,990.8689,3.298233,34.530678,0.0,0.0
2018-03-20 06:00:00,38.99,310.37207,989.78564,3.9148283,31.429049,0.0,0.0
2018-03-20 07:00:00,36.92,311.78223,989.2985,5.877558,23.312061,0.0,0.0
2018-03-20 08:00:00,34.68,311.4283,988.7113,4.8109293,21.911428,0.0,0.0
2018-03-20 09:00:00,33.11,310.85004,988.9534,2.6087048,22.41748,0.0,0.0
2018-03-20 10:00:00,31.64,308.95236,989.09015,2.4452138,28.365356,0.0,0.26999998
2018-03-20 11:00:00,30.55,306.18744,989.9455,4.806739,43.51449,0.0,0.0
2018-03-20 12:00:00,29.1,303.87268,990.94006,5.0914555,59.091686,0.0,0.0
2018-03-20 13:00:00,28.99,302.7326,991.349,4.648908,67.35132,0.0,0.0
2018-03-20 14:00:00,30.27,302.24075,991.89233,3.8139687,70.5536,0.0,0.0
2018-03-20 15:00:00,32.07,301.85156,991.78046,3.4465177,72.00346,0.0,0.0
2018-03-20 16:00:00,33.9,301.5075,991.0698,3.7867439,73.18799,0.0,0.0
2018-03-20 17:00:00,34.75,301.115,990.707,3.737469,74.96482,0.0,0.0
2018-03-20 18:00:00,35.02,300.7352,990.377,3.5164745,76.968636,0.0,0.0
2018-03-20 19:00:00,34.17,299.2357,990.1346,3.0837505,83.54451,0.0,0.0
2018-03-20 20:00:00,33.03,298.7193,990.2644,2.2140467,86.2541,0.0,0.0
2018-03-20 21:00:00,32.83,298.30637,990.95734,1.1090393,89.18157,0.0,0.0
2018-03-20 22:00:00,32.95,297.99268,991.4628,0.6090959,91.453735,0.0,0.0
2018-03-20 23:00:00,32.32,299.27985,992.0446,0.36543745,83.7458,0.0,0.0
2018-03-21 00:00:00,33.43,301.1418,992.28705,0.40655804,73.942955,0.005826354,0.0
2018-03-21 01:00:00,33.35,303.45578,992.22516,0.95867825,62.353317,0.0,0.0
2018-03-21 02:00:00,33.4,306.32886,991.65967,2.104279,46.600613,0.0,0.0
2018-03-21 03:00:00,32.83,309.187,990.6292,3.470673,33.284424,0.0,0.0
2018-03-21 04:00:00,32.11,311.50336,989.3191,5.210798,23.267399,0.0,0.0
2018-03-21 05:00:00,31.26,312.85132,988.0666,5.869176,17.325098,0.0,0.0
2018-03-21 06:00:00,29.02,313.48996,987.3145,6.0559206,14.07511,0.0,0.0
2018-03-21 07:00:00,26.77,314.06088,986.7377,5.936507,11.608623,0.0,0.0
2018-03-21 08:00:00,25.04,313.77496,986.62494,5.6823225,11.690623,0.0,0.0
2018-03-21 09:00:00,23.89,313.0631,986.78094,5.090051,12.195228,0.0,0.0
2018-03-21 10:00:00,22.53,311.17365,987.36597,3.5946727,14.141385,0.0,0.0
2018-03-21 11:00:00,22.93,309.57712,988.09045,3.091468,16.123215,0.0,0.0
2018-03-21 12:00:00,23.85,308.13733,989.057,2.9066753,18.127007,0.0,0.0
2018-03-21 13:00:00,25.04,306.85468,989.4012,3.0487895,19.833084,0.0,0.0
2018-03-21 14:00:00,25.81,305.8316,989.40894,3.324613,21.178667,0.0,0.0
2018-03-21 15:00:00,25.88,304.31992,989.01935,2.2271204,27.60751,0.0,0.0
2018-03-21 16:00:00,25.66,302.80396,988.65717,1.5536987,34.018265,0.0,0.0
2018-03-21 17:00:00,25.65,302.20514,988.66095,3.3327281,36.95735,0.0,0.0
2018-03-21 18:00:00,25.83,301.30405,988.7251,4.2028213,51.868015,0.0,0.0
2018-03-21 19:00:00,26.04,299.16418,989.274,3.207768,65.32213,0.0,0.0
2018-03-21 20:00:00,26.36,298.48077,989.1163,2.688576,73.38364,0.0,0.0
2018-03-21 21:00:00,26.12,297.953,989.2593,2.429738,79.218376,0.0,0.0
2018-03-21 22:00:00,25.92,297.47235,989.343,2.022686,84.18538,0.0,0.0
2018-03-21 23:00:00,25.92,298.71625,989.88275,1.358173,80.04967,0.0,0.0
2018-03-22 00:00:00,25.22,301.2928,990.2202,0.7512397,66.76757,0.0,0.0
2018-03-22 01:00:00,25.46,303.98367,990.26544,0.38647595,52.364426,0.0,0.0
2018-03-22 02:00:00,25.31,307.3612,989.8594,1.520547,35.88512,0.0,0.0
2018-03-22 03:00:00,25.59,310.3667,988.5906,3.1898766,23.183922,0.0,0.0
2018-03-22 04:00:00,27.02,312.40247,987.91077,4.5960746,17.21447,0.0,0.0
2018-03-22 05:00:00,28.05,313.43378,986.98553,4.892262,15.09258,0.0,0.0
2018-03-22 06:00:00,28.57,314.2533,986.07874,4.9138947,13.258755,0.0,0.0
2018-03-22 07:00:00,27.54,314.1709,985.87054,4.6893206,14.053254,0.0,0.0
2018-03-22 08:00:00,26.91,313.76187,985.56946,4.845297,13.9377985,0.0,0.0
2018-03-22 09:00:00,27.39,313.19684,986.053,5.264075,14.328253,0.0,0.0
2018-03-22 10:00:00,27.9,311.8542,986.5564,4.3948298,15.657743,0.0,0.0
2018-03-22 11:00:00,27.9,310.62738,987.39764,3.8529692,16.962126,0.0,0.0
2018-03-22 12:00:00,27.6,309.48083,987.9928,3.2125921,18.393457,0.0,0.0
2018-03-22 13:00:00,28.18,308.44525,988.3278,2.7569163,20.108622,0.0,0.0
2018-03-22 14:00:00,29.29,307.10312,988.3235,2.6516623,22.545008,0.0,0.0
2018-03-22 15:00:00,30.85,306.06992,988.59955,2.609286,24.428917,0.0,0.0
2018-03-22 16:00:00,31.43,305.2533,988.6953,2.6506577,25.203094,0.0,0.0
2018-03-22 17:00:00,31.26,304.48102,988.42804,3.1426425,25.180882,0.0,0.0
2018-03-22 18:00:00,30.82,304.37695,988.02515,3.8273044,24.243822,0.0,0.0
2018-03-22 19:00:00,30.44,302.41415,988.5218,0.9327653,32.575253,0.0,0.0
2018-03-22 20:00:00,30.03,301.19183,988.96454,2.174915,33.01563,0.0,0.0
2018-03-22 21:00:00,29.74,300.1862,989.53357,2.5591264,38.200443,0.0,0.0
2018-03-22 22:00:00,29.17,299.47192,990.14734,1.9931763,44.34703,0.0,0.0
2018-03-22 23:00:00,28.81,300.9345,990.51794,1.0104611,43.563118,0.0,0.0
2018-03-23 00:00:00,28.38,303.97086,990.7449,0.37240845,32.774662,0.0025774953,0.0
2018-03-23 01:00:00,28.13,307.17392,990.7514,0.60314137,23.48532,0.0,0.0
2018-03-23 02:00:00,26.88,309.7403,990.04974,0.9933999,18.134949,0.0,0.0
2018-03-23 03:00:00,25.73,311.57,989.14667,1.3511838,15.698293,0.0,0.0
2018-03-23 04:00:00,25.25,312.88666,988.28174,2.0345006,14.225684,0.0,0.0
2018-03-23 05:00:00,25.7,313.78033,987.1591,2.5472586,13.412954,0.0,0.0
2018-03-23 06:00:00,27.45,314.5031,986.4751,3.260883,12.725825,0.0,0.0
2018-03-23 07:00:00,28.2,314.51706,985.60315,4.0824437,13.207165,0.0,0.0
2018-03-23 08:00:00,27.98,314.17468,985.5723,4.1667047,13.611335,0.0,0.0
2018-03-23 09:00:00,27.52,313.83926,985.6736,4.2748814,13.99311,0.0,0.0
2018-03-23 10:00:00,27.34,312.9088,986.34906,3.2500124,15.009898,0.0,0.0
2018-03-23 11:00:00,27.33,311.41907,986.91064,2.8705325,16.687214,0.0,0.0
2018-03-23 12:00:00,28.42,310.06448,987.64685,2.8500392,18.491436,0.0,0.0
2018-03-23 13:00:00,29.2,308.77734,987.9899,2.9495564,20.339493,0.0,0.0
2018-03-23 14:00:00,29.49,307.6612,988.27185,3.031657,22.084717,0.0,0.0
2018-03-23 15:00:00,29.09,306.84552,988.45557,3.182211,23.288706,0.0,0.0
2018-03-23 16:00:00,28.46,306.26917,988.1875,3.7440372,23.61768,0.0,0.0
2018-03-23 17:00:00,27.38,306.01096,987.8951,4.8496957,22.894829,0.0,0.0
2018-03-23 18:00:00,27.35,306.07742,987.8045,5.4297876,21.867304,0.0,0.0
2018-03-23 19:00:00,27.22,303.1761,988.45044,2.1032531,28.700426,0.0,0.0
2018-03-23 20:00:00,26.92,301.89902,988.78784,1.6241387,33.032497,0.0,0.0
2018-03-23 21:00:00,26.21,300.7719,989.4377,1.641924,36.853947,0.0,0.0
2018-03-23 22:00:00,25.93,300.01227,989.9578,1.6240505,40.69595,0.0,0.0
2018-03-23 23:00:00,25.84,301.43942,990.8499,1.3081552,39.13408,0.0,0.0
2018-03-24 00:00:00,25.23,303.64792,991.258,1.2406107,37.856762,0.0,0.0
2018-03-24 01:00:00,25.49,306.13544,991.4343,0.73037505,35.75221,0.0,0.0
2018-03-24 02:00:00,24.94,308.63318,990.99603,0.5505368,28.53483,0.0,0.0
2018-03-24 03:00:00,24.76,310.58807,990.1619,1.8753158,21.420305,0.0,0.0
2018-03-24 04:00:00,24.97,311.7716,989.3272,2.2327785,18.453428,0.0,0.0
2018-03-24 05:00:00,24.85,312.58673,988.5461,2.0908868,16.654505,0.0,0.0
2018-03-24 06:00:00,24.9,313.06323,987.77484,1.9359505,15.303328,0.0,0.0
2018-03-24 07:00:00,24.82,313.5998,987.2128,2.4079378,14.193326,0.0,0.0
2018-03-24 08:00:00,24.52,313.53278,986.9766,2.4444058,13.670426,0.0,0.0
2018-03-24 09:00:00,24.63,313.14496,987.34326,2.4023833,13.670805,0.0,0.0
2018-03-24 10:00:00,24.24,312.17517,987.79596,1.6597062,14.435323,0.0,0.0
2018-03-24 11:00:00,23.69,311.0163,988.33203,1.0087761,15.783516,0.0,0.0
2018-03-24 12:00:00,23.64,309.32245,989.01154,1.3050693,22.376999,0.0,0.0
2018-03-24 13:00:00,23.31,307.8106,989.34985,2.343625,20.870655,0.0,0.0
2018-03-24 14:00:00,23.41,306.35303,989.4174,2.6522307,22.54036,0.0,0.0
2018-03-24 15:00:00,23.13,305.5429,989.6158,0.5690155,25.331284,0.0,0.0
2018-03-24 16:00:00,24.02,302.93713,990.0108,1.5308194,36.74651,0.0,0.0
2018-03-24 17:00:00,24.64,301.99838,990.2053,2.889696,45.814934,0.0,0.0
2018-03-24 18:00:00,24.56,300.86877,990.1792,3.3738022,65.66033,0.0,0.0
2018-03-24 19:00:00,23.94,299.69647,990.16156,3.0349224,84.11727,0.0,0.0
2018-03-24 20:00:00,23.33,299.1056,990.3547,3.1747906,89.4081,0.0,0.0
2018-03-24 21:00:00,22.59,298.71933,990.5644,2.8289666,93.38641,0.0,0.0
2018-03-24 22:00:00,22.54,298.47873,991.36084,2.2928035,95.95938,0.0,0.0
2018-03-24 23:00:00,22.55,299.7252,992.1767,3.004105,89.04724,0.0,0.0
2018-03-25 00:00:00,22.63,301.7193,992.9076,2.755982,78.42112,0.00320673,0.0
2018-03-25 01:00:00,21.99,304.15793,992.77783,2.883929,65.56164,0.0,0.0
2018-03-25 02:00:00,21.06,306.6266,992.168,2.9200249,51.825195,0.0,0.0
2018-03-25 03:00:00,20.74,308.9392,991.22516,2.4289734,36.88284,0.0,0.0
2018-03-25 04:00:00,20.51,310.63428,990.0125,1.7344564,26.020796,0.0,0.0
2018-03-25 05:00:00,20.47,311.8302,989.06256,1.7221256,19.690754,0.0,0.0
2018-03-25 06:00:00,21.42,312.70856,988.20386,2.593565,15.9033165,0.0,0.0
2018-03-25 07:00:00,21.42,313.56238,987.31415,3.1132479,11.093252,0.0,0.0
2018-03-25 08:00:00,21.08,313.54602,987.0231,3.1156712,10.702677,0.0,0.0
2018-03-25 09:00:00,20.34,313.0577,986.97327,3.0912545,11.081504,0.0,0.0
2018-03-25 10:00:00,20.88,311.69507,987.5439,2.5525045,12.398585,0.0,0.0
2018-03-25 11:00:00,21.5,310.1607,987.96606,2.71684,14.163101,0.0,0.0
2018-03-25 12:00:00,22.21,308.69522,989.02466,3.0182686,16.026834,0.0,0.0
2018-03-25 13:00:00,23.01,307.36526,989.54846,3.467523,17.702457,0.0,0.0
2018-03-25 14:00:00,23.16,306.3155,989.85236,3.9312847,19.22625,0.0,0.0
2018-03-25 15:00:00,22.69,305.35327,989.83594,4.0977283,20.894373,0.0,0.0
2018-03-25 16:00:00,23.6,304.40808,989.5407,3.9962547,22.597116,0.0,0.0
2018-03-25 17:00:00,24.42,303.6098,989.29736,3.9872186,24.057718,0.0,0.0
2018-03-25 18:00:00,24.42,303.00592,989.1867,3.8606985,25.370392,0.0,0.0
2018-03-25 19:00:00,24.8,301.29602,989.46735,3.453102,27.359152,0.0,0.0
2018-03-25 20:00:00,25.48,300.31647,989.7752,2.4827745,30.819004,0.0,0.0
2018-03-25 21:00:00,26.55,299.195,990.4274,1.4601789,39.06863,0.0,0.0
2018-03-25 22:00:00,27.41,298.29672,991.1213,1.7929138,41.265244,0.0,0.0
2018-03-25 23:00:00,28.34,300.06525,991.8045,1.8319482,40.739544,0.0,0.0
2018-03-26 00:00:00,28.6,302.953,992.2802,1.8255812,35.56215,0.0017117356,0.0
2018-03-26 01:00:00,28.99,305.7895,992.09796,1.212491,28.370312,0.0,0.0
2018-03-26 02:00:00,29.12,308.12372,991.3539,0.5892981,23.471653,0.0,0.0
2018-03-26 03:00:00,28.91,310.05823,990.39966,0.9908189,20.018126,0.0,0.0
2018-03-26 04:00:00,28.04,311.59866,989.3102,2.003222,17.706533,0.0,0.0
2018-03-26 05:00:00,27.11,312.6974,988.2463,2.818436,16.1769,0.0,0.0
2018-03-26 06:00:00,27.47,313.41754,987.4252,3.1471274,15.338558,0.0,0.0
2018-03-26 07:00:00,28.32,314.328,986.56244,4.2598915,14.388537,0.0,0.0
2018-03-26 08:00:00,28.09,314.1753,986.31586,4.402341,14.04579,0.0,0.0
2018-03-26 09:00:00,28.18,313.73474,986.6428,4.361244,14.289385,0.0,0.0
2018-03-26 10:00:00,28.73,312.68896,987.3688,3.440527,15.414037,0.0,0.0
2018-03-26 11:00:00,29.98,311.63953,987.7467,3.2783616,16.753742,0.0,0.0
2018-03-26 12:00:00,31.34,310.41592,988.39,3.3814325,18.464998,0.0,0.0
2018-03-26 13:00:00,33.19,309.1752,988.8791,3.179798,20.429707,0.0,0.0
2018-03-26 14:00:00,34.66,307.90952,988.92377,2.7259026,22.763617,0.0,0.0
2018-03-26 15:00:00,34.87,306.62708,988.9277,2.4190583,25.62923,0.0,0.0
2018-03-26 16:00:00,34.57,305.45352,988.7438,2.225738,29.163033,0.0,0.0
2018-03-26 17:00:00,34.14,304.97913,988.7771,0.829624,31.926521,0.0,0.0
2018-03-26 18:00:00,33.35,303.21362,989.1428,2.2385917,39.06763,0.0,0.0
2018-03-26 19:00:00,32.56,300.88034,989.2551,4.5595646,63.07235,0.0,0.0
2018-03-26 20:00:00,32.24,299.73584,989.77966,4.084369,84.73213,0.0,0.0
2018-03-26 21:00:00,32.53,299.16968,990.1969,3.425184,92.18623,0.0,0.0
2018-03-26 22:00:00,33.45,298.91138,990.9403,2.9176607,94.56572,0.0,0.0
2018-03-26 23:00:00,33.98,300.28394,991.4871,3.434248,86.5009,0.0,0.0
2018-03-27 00:00:00,32.61,303.08508,991.7097,3.2285461,67.82706,0.0,0.0
2018-03-27 01:00:00,32.64,305.98254,991.7966,2.133412,44.539814,0.0,0.0
2018-03-27 02:00:00,32.69,308.0337,990.78235,1.1941354,32.750008,0.0,0.0
2018-03-27 03:00:00,32.44,309.83508,989.7775,0.9003593,26.64328,0.0,0.0
2018-03-27 04:00:00,30.94,311.44092,988.47217,1.0835783,21.616896,0.0,0.0
2018-03-27 05:00:00,29.93,312.62683,987.3331,1.7367861,18.042707,0.0,0.0
2018-03-27 06:00:00,27.75,313.31897,986.3963,2.009092,16.151196,0.0,0.0
2018-03-27 07:00:00,25.87,313.81177,985.78564,2.5959692,15.179205,0.0,0.0
2018-03-27 08:00:00,25.35,313.94556,985.72766,2.3971157,15.306297,0.0,0.0
2018-03-27 09:00:00,26.81,313.5087,985.85095,1.899703,16.10612,0.0,0.0
2018-03-27 10:00:00,27.83,312.94955,986.46265,1.5609611,17.12457,0.0,0.0
2018-03-27 11:00:00,30.07,311.9347,986.9546,1.36485,18.763388,0.0,0.0
2018-03-27 12:00:00,32.41,310.79196,987.8965,1.9109348,20.606354,0.0,0.0
2018-03-27 13:00:00,33.33,309.47275,988.28076,2.983505,22.02437,0.0,0.0
2018-03-27 14:00:00,33.68,308.32306,988.41406,3.8949134,22.638494,0.0,0.0
2018-03-27 15:00:00,33.73,307.64044,988.4308,4.543408,22.334934,0.0,0.0
2018-03-27 16:00:00,33.68,307.04623,988.34106,4.807009,22.105833,0.0,0.0
2018-03-27 17:00:00,33.13,306.43805,988.3271,4.8367553,22.348866,0.0,0.0
2018-03-27 18:00:00,32.46,305.66254,988.4716,4.8026037,23.037708,0.0,0.0
2018-03-27 19:00:00,31.51,303.3959,988.58575,2.6083076,28.293747,0.0,0.0
2018-03-27 20:00:00,30.54,302.29645,989.21173,2.3241062,30.907207,0.0,0.0
2018-03-27 21:00:00,30.47,301.25012,989.64453,2.1920304,33.68854,0.0,0.0
2018-03-27 22:00:00,30.11,300.5318,990.3881,2.4949203,34.24528,0.0,0.0
2018-03-27 23:00:00,29.83,302.26166,991.0437,2.6834898,29.781147,0.0,0.0
2018-03-28 00:00:00,29.01,305.61853,991.5839,3.733369,22.841343,0.0017232399,0.0
2018-03-28 01:00:00,27.64,308.3145,991.21313,4.751404,17.955116,0.0,0.0
2018-03-28 02:00:00,24.39,310.40714,990.3745,4.808676,15.10631,0.0,0.0
2018-03-28 03:00:00,21.24,311.81714,989.26733,4.2493677,13.584963,0.0,0.0
2018-03-28 04:00:00,18.76,312.75934,988.1219,3.973154,12.277574,0.0,0.0
2018-03-28 05:00:00,17.15,313.42145,987.039,4.138606,11.22169,0.0,0.0
2018-03-28 06:00:00,16.29,313.85883,986.5081,4.4553566,10.291544,0.0,0.0
2018-03-28 07:00:00,15.91,314.05298,986.24493,5.2842765,9.832146,0.0,0.0
2018-03-28 08:00:00,14.83,313.6933,986.2771,5.492401,9.661296,0.0,0.0
2018-03-28 09:00:00,15.0,312.87854,987.09204,5.491937,9.875854,0.0,0.0
2018-03-28 10:00:00,15.88,311.1095,987.72565,4.599678,10.822381,0.0,0.0
2018-03-28 11:00:00,17.51,309.6417,988.6895,4.5545096,11.627039,0.0,0.0
2018-03-28 12:00:00,20.71,308.24963,989.2991,4.1927586,12.474368,0.0,0.0
2018-03-28 13:00:00,24.88,306.89014,989.4082,4.1014853,13.517944,0.0,0.0
2018-03-28 14:00:00,26.95,305.7123,989.605,4.6784415,14.606669,0.0,0.0
2018-03-28 15:00:00,28.13,304.8063,989.6894,4.725897,15.983866,0.0,0.0
2018-03-28 16:00:00,29.42,304.05627,989.6161,4.4887686,17.681458,0.0,0.0
2018-03-28 17:00:00,31.0,304.07422,989.7609,6.0502105,18.742973,0.0,0.0
2018-03-28 18:00:00,32.34,304.09082,990.4217,7.122448,25.361773,0.0,0.0
2018-03-28 19:00:00,35.33,303.03632,989.9467,5.131246,27.701181,0.0,0.0
2018-03-28 20:00:00,38.63,302.36758,990.7459,4.317901,32.57595,0.0,0.0
2018-03-28 21:00:00,40.12,302.1964,991.1453,4.1393585,36.927994,0.0,0.0
2018-03-28 22:00:00,41.43,302.57123,991.9327,4.0922995,39.278828,0.0,0.0
2018-03-28 23:00:00,43.49,303.0448,992.6967,6.2199655,40.788918,0.0,0.0
2018-03-29 00:00:00,47.44,301.41092,993.7165,9.619728,50.002712,0.07548928,3.31
2018-03-29 01:00:00,49.38,300.83038,994.6791,8.2636385,52.66305,0.4074294,4.25
2018-03-29 02:00:00,51.48,299.83203,994.5676,4.708429,56.62405,0.37309712,1.31
2018-03-29 03:00:00,53.11,300.43146,993.6672,2.8331823,54.76492,0.17754734,0.0
2018-03-29 04:00:00,52.57,301.57886,992.4367,2.955179,50.551003,0.0017136335,0.0
2018-03-29 05:00:00,51.46,303.51923,991.27625,3.9590144,45.17046,0.0,0.44
2018-03-29 06:00:00,51.37,305.4428,990.13196,5.0702257,40.51662,0.0,1.43
2018-03-29 07:00:00,49.54,302.7036,990.765,6.7897434,54.65567,0.17462671,0.0
2018-03-29 08:00:00,48.89,302.31232,990.9055,5.9408164,56.95818,0.14296919,0.0
2018-03-29 09:00:00,47.72,302.10797,991.2659,4.903499,58.191998,0.002540648,0.0
2018-03-29 10:00:00,46.61,301.63513,991.4828,3.6156597,61.230267,0.0,0.0
2018-03-29 11:00:00,45.68,301.33118,991.6117,3.2408795,63.57196,0.0,0.0
2018-03-29 12:00:00,45.31,301.2868,991.9946,3.5092094,63.468765,0.0,0.0
2018-03-29 13:00:00,46.12,301.287,992.26086,3.7463086,62.885452,0.0030323863,0.0
2018-03-29 14:00:00,46.95,301.06305,992.3686,3.6517475,63.135983,0.0,0.0
2018-03-29 15:00:00,47.58,300.941,992.1713,3.374221,63.775867,0.0,0.0
2018-03-29 16:00:00,48.09,300.68726,991.6308,3.2934036,64.95477,0.0,0.0
2018-03-29 17:00:00,48.33,300.3154,991.15295,2.8626332,66.99356,0.0,0.0
2018-03-29 18:00:00,47.86,299.95474,990.85205,2.4319499,69.39462,0.0,0.0
2018-03-29 19:00:00,46.05,299.56653,990.9023,2.6786468,69.87214,0.0,0.0
2018-03-29 20:00:00,44.6,299.30096,991.2008,2.4815204,71.98804,0.0,0.0
2018-03-29 21:00:00,44.14,298.92755,991.635,2.305666,74.39615,0.0,0.0
2018-03-29 22:00:00,43.89,298.7557,992.31506,1.9211862,76.484085,0.0,0.0
2018-03-29 23:00:00,44.21,300.2665,993.1315,1.7963148,69.67352,0.0,0.0
2018-03-30 00:00:00,44.78,302.4281,993.6827,2.4427054,60.082043,1.3606086,0.0
2018-03-30 01:00:00,45.02,304.0365,993.6959,2.734997,53.79736,0.0,0.0
2018-03-30 02:00:00,45.23,305.81253,993.2619,2.7508607,46.560913,0.0,0.0
2018-03-30 03:00:00,45.02,307.16614,992.4232,2.5382466,41.03506,0.0,0.0
2018-03-30 04:00:00,45.62,308.0517,991.4088,2.3507555,38.226067,0.0,0.0
2018-03-30 05:00:00,46.03,308.92163,990.3028,2.137598,36.0485,0.0,0.0
2018-03-30 06:00:00,46.33,309.0429,989.65466,1.7775849,35.17535,0.0,0.0
2018-03-30 07:00:00,46.62,309.42273,989.1397,1.9899075,31.317558,0.0,0.0
2018-03-30 08:00:00,46.91,309.30188,988.8904,1.599244,30.857738,0.0,0.0
2018-03-30 09:00:00,47.36,308.879,989.0823,1.7646785,31.550047,0.0,0.0
2018-03-30 10:00:00,47.48,308.1919,989.5364,2.3096614,34.610157,0.0,0.0
2018-03-30 11:00:00,47.67,307.4156,990.1985,2.4718788,37.89278,0.0,0.0
2018-03-30 12:00:00,48.25,306.7588,991.0482,2.669332,40.2466,0.0,0.0
2018-03-30 13:00:00,48.73,306.11478,991.46893,2.8367558,42.119995,0.0,0.0
2018-03-30 14:00:00,49.18,305.4546,991.7264,2.896437,44.030613,0.0,0.0
2018-03-30 15:00:00,49.48,304.75507,991.60876,2.8061152,45.917,0.0,0.0
2018-03-30 16:00:00,50.26,304.23953,991.5062,2.1613138,47.95012,0.0,0.0
2018-03-30 17:00:00,51.55,303.45447,991.19147,1.4941735,52.498734,0.0,0.0
2018-03-30 18:00:00,53.12,302.48663,990.8361,2.4348059,56.22347,0.0,0.0
2018-03-30 19:00:00,54.27,301.86642,991.2976,2.4864647,57.37251,0.0,0.12
2018-03-30 20:00:00,54.49,301.39474,991.467,2.241571,59.982197,0.0,0.0
2018-03-30 21:00:00,54.19,300.84595,991.7729,2.271803,63.937866,0.0,0.0
2018-03-30 22:00:00,54.52,300.41748,992.433,2.4537385,68.81469,0.0,0.0
2018-03-30 23:00:00,55.09,301.25897,993.0719,3.2014391,70.84526,0.0,0.0
2018-03-31 00:00:00,55.61,302.91364,993.52484,3.0182319,65.687614,0.0021286982,0.0
2018-03-31 01:00:00,55.94,304.59753,993.6545,2.0114276,57.038635,0.0,0.0
2018-03-31 02:00:00,56.02,306.08035,992.96704,0.6934649,49.08749,0.0043921173,0.0
2018-03-31 03:00:00,55.5,307.1991,992.2534,0.394603,44.32059,0.017110258,0.0
2018-03-31 04:00:00,54.01,308.32874,990.9953,0.82694703,40.38158,0.0010952353,0.0
2018-03-31 05:00:00,52.66,309.17184,990.0457,0.7524725,37.53451,0.011302531,0.0
2018-03-31 06:00:00,52.02,309.85303,989.1348,0.3116395,35.487278,0.008106232,0.0
2018-03-31 07:00:00,52.39,310.52664,988.45624,1.0465443,32.648533,0.0,0.0
2018-03-31 08:00:00,52.81,310.65042,987.8753,1.6056032,31.861118,0.0021457672,0.0
2018-03-31 09:00:00,53.39,310.0824,988.03735,1.8417298,32.736744,0.0021189444,0.0
2018-03-31 10:00:00,54.36,309.37036,989.3822,1.7668704,34.884365,0.058881942,0.74
2018-03-31 11:00:00,55.2,304.10583,992.007,5.332397,56.651627,0.92124945,2.3899999
2018-03-31 12:00:00,55.51,301.91895,992.91235,4.097669,68.899345,0.92285126,0.84999996
2018-03-31 13:00:00,55.81,301.51392,993.3303,3.8955762,70.61244,0.9826794,1.13
2018-03-31 14:00:00,56.76,300.35162,993.9381,2.1574788,77.10428,2.3317037,0.45
2018-03-31 15:00:00,57.87,300.38437,993.2584,1.7796915,77.1419,0.43040514,0.22
2018-03-31 16:00:00,58.48,300.35083,992.42065,1.237605,76.46865,0.87861717,0.0
2018-03-31 17:00:00,57.23,300.17615,991.5453,2.5048442,78.18373,0.036016107,0.0
2018-03-31 18:00:00,53.42,300.11237,990.8798,2.5505762,79.34982,0.003963709,0.0
2018-03-31 19:00:00,50.0,299.02484,991.52576,2.38358,90.05279,0.04015863,0.0
2018-03-31 20:00:00,47.07,298.9643,991.6792,1.8656526,90.48738,0.0,0.0
2018-03-31 21:00:00,44.99,298.98462,992.25635,1.2987118,90.40672,0.0,0.0
2018-03-31 22:00:00,43.36,299.08478,993.01874,0.75472605,89.870285,0.0,0.0
2018-03-31 23:00:00,42.66,299.67944,993.71063,0.3517004,86.41463,0.0,0.0
2018-04-01 00:00:00,42.83,300.8642,994.3574,0.3947955,80.14342,6.6545076,0.0
2018-04-01 01:00:00,41.88,302.07495,994.1771,0.42296892,74.75633,0.0,0.0
2018-04-01 02:00:00,41.42,303.29962,993.4581,0.34645236,69.82138,0.0,0.0
2018-04-01 03:00:00,40.98,304.97784,992.5733,0.96809965,63.540733,0.0,0.0
2018-04-01 04:00:00,40.71,306.68726,991.5814,1.8018085,54.850433,0.0,0.0
2018-04-01 05:00:00,41.0,308.1577,990.5821,2.7045586,43.988728,0.0,0.0
2018-04-01 06:00:00,40.03,309.07513,989.5874,3.0205903,36.397438,0.0,0.0
2018-04-01 07:00:00,39.87,309.23264,989.3522,2.7861636,34.399162,0.0,0.0
2018-04-01 08:00:00,40.23,309.2889,989.09814,2.4276092,32.793636,0.0,0.0
2018-04-01 09:00:00,40.6,308.84155,989.1939,1.5262411,34.33157,0.0,0.0
2018-04-01 10:00:00,41.11,307.79175,989.77325,0.415163,39.96123,0.0,0.0
2018-04-01 11:00:00,39.51,305.84604,990.05695,1.7355688,54.567707,0.0,0.0
2018-04-01 12:00:00,37.66,304.73505,990.6866,2.5061905,53.65303,0.0,0.0
2018-04-01 13:00:00,36.15,303.4272,990.78076,2.7523975,58.048088,0.0,0.0
2018-04-01 14:00:00,34.68,302.56128,990.8873,3.0488498,58.808838,0.0,0.0
2018-04-01 15:00:00,32.04,301.8157,990.6714,3.1776788,59.05768,0.0,0.0
2018-04-01 16:00:00,30.01,301.05792,990.6412,2.9690263,60.89276,0.0,0.0
2018-04-01 17:00:00,29.01,300.0514,990.4821,2.3926952,67.02839,0.0,0.0
2018-04-01 18:00:00,28.06,299.45493,990.447,1.5248879,70.455055,0.0,0.0
2018-04-01 19:00:00,27.52,298.67798,990.2634,2.321959,69.11152,0.0,0.0
2018-04-01 20:00:00,27.04,297.81854,990.82764,2.1074302,73.81225,0.0,0.0
2018-04-01 21:00:00,27.38,297.0565,991.192,1.8586347,78.35827,0.0,0.0
2018-04-01 22:00:00,26.88,296.5427,991.7247,1.5421418,80.92596,0.0,0.0
2018-04-01 23:00:00,26.36,298.7919,992.6625,1.3586401,71.22081,0.0,0.0
2018-04-02 00:00:00,26.63,302.48346,992.88776,2.2397077,50.687454,0.0,0.0
2018-04-02 01:00:00,27.47,305.85565,992.93054,3.4308696,35.678055,0.0,0.0
2018-04-02 02:00:00,28.24,308.3751,992.23267,4.677225,27.599865,0.0,0.0
2018-04-02 03:00:00,27.85,309.9527,991.4419,5.576732,26.532305,0.0,0.0
2018-04-02 04:00:00,27.19,311.0749,990.52124,6.290869,24.997705,0.0,0.0
2018-04-02 05:00:00,27.97,311.95135,989.605,6.1990294,23.262987,0.0,0.0
2018-04-02 06:00:00,28.62,312.52335,988.65533,6.1086855,20.869484,0.0,0.0
2018-04-02 07:00:00,28.89,312.86322,988.6425,5.9882116,19.9696,0.0,0.0
2018-04-02 08:00:00,28.82,312.74078,988.8234,5.269545,19.305056,0.0,0.0
2018-04-02 09:00:00,28.33,311.5532,988.9841,3.1718073,22.674053,0.0,0.0
2018-04-02 10:00:00,27.57,309.62152,989.5656,2.1836123,28.258064,0.0,0.0
2018-04-02 11:00:00,26.59,308.018,990.1175,2.4338095,33.325497,0.0,0.0
2018-04-02 12:00:00,26.09,306.3638,990.8406,3.1605513,36.373318,0.0,0.0
2018-04-02 13:00:00,25.99,304.47437,991.15704,3.589199,39.786537,0.0,0.0
2018-04-02 14:00:00,25.55,302.66913,991.34814,3.3958538,43.196903,0.0,0.0
2018-04-02 15:00:00,25.14,301.224,991.3572,3.075616,46.471252,0.0,0.0
2018-04-02 16:00:00,24.64,300.09302,991.46454,2.8061643,49.51035,0.0,0.0
2018-04-02 17:00:00,24.09,299.2595,991.39185,3.0437772,50.420994,0.0,0.0
2018-04-02 18:00:00,23.42,298.64334,991.16187,3.4119852,49.11007,0.0,0.0
2018-04-02 19:00:00,22.52,297.48465,991.21344,2.9113955,51.343555,0.0,0.0
2018-04-02 20:00:00,22.02,296.62866,991.83514,2.852733,54.14207,0.0,0.0
2018-04-02 21:00:00,22.28,295.93195,992.2587,2.8188503,56.99625,0.0,0.0
2018-04-02 22:00:00,22.51,295.50464,993.08954,3.2554855,57.813972,0.0,0.0
2018-04-02 23:00:00,23.42,297.7823,994.1407,3.657234,47.579147,0.0,0.0
2018-04-03 00:00:00,24.54,302.05164,994.7419,4.6824,33.371273,0.0,0.0
2018-04-03 01:00:00,23.98,305.61768,994.98126,6.1768746,25.580437,0.0,0.0
2018-04-03 02:00:00,23.9,308.33975,994.37384,7.2718244,22.27542,0.0,0.0
2018-04-03 03:00:00,23.93,310.34442,993.4877,7.992099,19.08222,0.0,0.0
2018-04-03 04:00:00,23.72,311.49084,992.35297,7.2875776,17.348173,0.0,0.0
2018-04-03 05:00:00,23.38,312.25153,991.34485,6.5291405,15.743438,0.0,0.0
2018-04-03 06:00:00,22.98,312.6975,990.65796,6.063143,14.329884,0.0,0.0
2018-04-03 07:00:00,22.62,313.04413,990.57733,6.101575,11.919061,0.0,0.0
2018-04-03 08:00:00,22.4,312.74423,990.5642,5.5642185,11.285187,0.0,0.0
2018-04-03 09:00:00,22.61,311.63312,990.7542,3.8212404,12.633043,0.0,0.0
2018-04-03 10:00:00,22.44,309.292,991.34735,2.7992234,16.630161,0.0,0.0
2018-04-03 11:00:00,22.28,307.61115,991.6503,2.5084248,20.493591,0.0,0.0
2018-04-03 12:00:00,22.32,305.8439,992.2009,2.8206356,24.032078,0.0,0.0
2018-04-03 13:00:00,21.99,304.30182,992.5133,3.4010365,25.550264,0.0,0.0
2018-04-03 14:00:00,21.52,303.01324,992.60986,3.6996067,26.0409,0.0,0.0
2018-04-03 15:00:00,21.24,301.97443,992.3878,3.8028998,26.45266,0.0,0.0
2018-04-03 16:00:00,20.79,301.09952,992.17725,3.7866933,27.08898,0.0,0.0
2018-04-03 17:00:00,19.49,300.32358,991.85956,3.7781825,27.879848,0.0,0.0
2018-04-03 18:00:00,18.39,299.6572,991.6147,3.842145,28.504646,0.0,0.0
2018-04-03 19:00:00,17.64,297.0698,991.67224,3.170103,43.01261,0.0,0.0
2018-04-03 20:00:00,16.48,296.43173,991.77673,3.1446826,42.08308,0.0,0.0
2018-04-03 21:00:00,16.2,295.95868,992.22705,3.2476113,41.245358,0.0,0.0
2018-04-03 22:00:00,15.6,295.63306,992.9634,3.4021451,40.312645,0.0,0.0
2018-04-03 23:00:00,15.48,297.74463,993.65125,3.3767428,34.09586,0.0,0.0
2018-04-04 00:00:00,14.8,301.99554,993.91284,4.3078556,23.917828,0.0,0.0
2018-04-04 01:00:00,15.39,305.69778,993.86017,5.126629,18.101406,0.0,0.0
2018-04-04 02:00:00,16.35,308.51752,993.2131,5.5963774,15.720068,0.0,0.0
2018-04-04 03:00:00,17.26,310.4818,992.3004,6.02002,14.369493,0.0,0.0
2018-04-04 04:00:00,18.03,311.6513,991.2483,5.718574,12.670633,0.0,0.0
2018-04-04 05:00:00,18.94,312.29755,990.0703,5.476644,11.796926,0.0,0.0
2018-04-04 06:00:00,20.4,312.67374,989.4373,5.2986736,11.430475,0.0,0.0
2018-04-04 07:00:00,21.31,312.68683,988.8508,4.890584,11.472023,0.0,0.0
2018-04-04 08:00:00,21.89,312.4474,989.03235,4.738471,11.455234,0.0,0.0
2018-04-04 09:00:00,22.13,311.71832,989.17834,4.076772,11.925911,0.0,0.0
2018-04-04 10:00:00,22.25,309.67603,989.71704,2.947427,14.161295,0.0,0.0
2018-04-04 11:00:00,22.52,308.096,990.164,2.8832712,16.283468,0.0,0.0
2018-04-04 12:00:00,23.01,306.58453,990.8457,3.1348817,18.211273,0.0,0.0
2018-04-04 13:00:00,23.64,305.227,991.312,3.5570335,19.462881,0.0,0.0
2018-04-04 14:00:00,23.65,304.14563,991.37994,3.974594,20.147375,0.0,0.0
2018-04-04 15:00:00,23.34,303.30023,991.09467,4.2317204,20.797283,0.0,0.0
2018-04-04 16:00:00,22.91,302.5627,990.7762,4.1926093,21.857481,0.0,0.0
2018-04-04 17:00:00,22.05,301.82672,990.47687,4.001555,23.284466,0.0,0.0
2018-04-04 18:00:00,20.81,301.07678,990.22156,3.8562365,24.895222,0.0,0.0
2018-04-04 19:00:00,20.12,299.40463,990.50415,3.5939982,27.581898,0.0,0.0
2018-04-04 20:00:00,19.57,298.76862,990.76166,3.6962104,28.946712,0.0,0.0
2018-04-04 21:00:00,19.52,298.33038,991.38654,3.8567948,29.943254,0.0,0.0
2018-04-04 22:00:00,19.33,298.14664,991.89874,4.039066,30.396847,0.0,0.0
2018-04-04 23:00:00,19.25,300.19513,992.6411,3.922385,27.230755,0.0,0.0
2018-04-05 00:00:00,19.25,303.7865,993.01263,5.114165,21.339062,0.0,0.0
2018-04-05 01:00:00,19.19,306.91302,992.9353,5.8141003,17.120893,0.0,0.0
2018-04-05 02:00:00,18.87,309.5332,992.15955,5.9596925,14.268244,0.0,0.0
2018-04-05 03:00:00,18.22,311.3197,991.30054,5.8693347,12.687935,0.0,0.0
2018-04-05 04:00:00,17.83,312.10025,990.05347,4.703457,12.292459,0.0,0.0
2018-04-05 05:00:00,17.88,312.4827,988.96423,3.7243285,11.91765,0.0,0.0
2018-04-05 06:00:00,17.85,312.68872,988.2644,3.1420786,11.4974985,0.0,0.0
2018-04-05 07:00:00,17.04,312.52246,987.88275,2.6837356,11.101839,0.0,0.0
2018-04-05 08:00:00,16.81,312.305,987.904,2.7156749,10.965805,0.0,0.0
2018-04-05 09:00:00,16.48,311.68695,988.1373,2.6854465,11.296509,0.0,0.0
2018-04-05 10:00:00,16.45,310.1176,988.66315,2.3886552,12.793236,0.0,0.0
2018-04-05 11:00:00,16.54,308.42947,989.2598,2.5030904,14.522201,0.0,0.0
2018-04-05 12:00:00,16.18,306.66513,989.97064,2.6652308,16.326853,0.0,0.0
2018-04-05 13:00:00,15.71,304.9986,990.17,2.8572464,17.88873,0.0,0.0
2018-04-05 14:00:00,15.4,303.57373,990.1347,2.9435291,19.172264,0.0,0.0
2018-04-05 15:00:00,15.08,302.3177,990.0089,3.0147512,20.264963,0.0,0.0
2018-04-05 16:00:00,14.7,301.16956,989.7642,2.928399,21.449913,0.0,0.0
2018-04-05 17:00:00,14.54,300.1191,989.5073,2.8487966,22.78866,0.0,0.0
2018-04-05 18:00:00,14.85,299.151,989.1744,2.7130616,24.524834,0.0,0.0
2018-04-05 19:00:00,15.76,298.20065,989.3098,3.1607306,26.460424,0.0,0.0
2018-04-05 20:00:00,16.18,297.41956,989.702,3.1599646,27.347746,0.0,0.0
2018-04-05 21:00:00,16.56,296.99524,990.0878,3.5004554,27.331722,0.0,0.0
2018-04-05 22:00:00,17.71,296.82574,990.84937,3.3114293,27.342813,0.0,0.0
2018-04-05 23:00:00,19.77,298.3499,991.58563,1.7918758,30.975224,0.0,0.0
2018-04-06 00:00:00,23.22,302.77676,992.2364,1.0935271,19.724222,0.0,0.0
2018-04-06 01:00:00,23.04,305.6934,992.49646,0.95152366,17.311937,0.0,0.0
2018-04-06 02:00:00,23.18,308.05765,992.0061,1.1238718,16.087568,0.0,0.0
2018-04-06 03:00:00,23.63,310.20572,991.40314,1.60118,15.53359,0.0,0.0
2018-04-06 04:00:00,23.88,311.77533,990.0682,2.1960022,14.9853115,0.0,0.0
2018-04-06 05:00:00,24.66,312.54865,989.08734,2.2669623,13.693129,0.0,0.0
2018-04-06 06:00:00,25.12,312.8465,988.1298,1.7870543,13.062676,0.0,0.0
2018-04-06 07:00:00,26.15,313.0182,987.7433,2.2468724,12.437388,0.0,0.0
2018-04-06 08:00:00,25.84,312.719,987.6763,1.7757839,12.510965,0.0,0.0
2018-04-06 09:00:00,25.88,312.28735,988.0658,1.230566,12.966593,0.0,0.0
2018-04-06 10:00:00,25.54,311.26944,988.72565,1.0019553,14.257182,0.0,0.0
2018-04-06 11:00:00,26.09,310.42285,989.2491,1.2748778,15.688578,0.0,0.0
2018-04-06 12:00:00,26.0,308.99243,990.2855,1.6212233,20.072784,0.0,0.0
2018-04-06 13:00:00,25.52,307.6092,990.813,2.3725424,20.277239,0.0,0.0
2018-04-06 14:00:00,26.14,306.17676,991.27466,4.3049703,24.21774,0.0,0.0
2018-04-06 15:00:00,27.6,304.46722,991.53467,5.0908184,35.882526,0.0,0.0
2018-04-06 16:00:00,28.83,303.12595,991.3563,4.738933,48.68105,0.0,0.0
2018-04-06 17:00:00,29.32,302.2129,991.33014,4.355002,58.10023,0.0,0.0
2018-04-06 18:00:00,30.25,301.675,991.10516,3.65245,63.37131,0.0,0.0
2018-04-06 19:00:00,31.17,301.0951,991.26526,2.4004245,61.581345,0.0,0.0
2018-04-06 20:00:00,32.07,300.14795,992.1125,1.6476144,66.51118,0.0,0.0
2018-04-06 21:00:00,32.34,299.5334,992.91235,2.139044,67.58906,0.0,0.0
2018-04-06 22:00:00,32.93,299.17447,993.27814,1.9130619,69.33196,0.0,0.0
2018-04-06 23:00:00,33.89,301.03656,994.3867,2.4483516,65.26569,0.0,0.0
2018-04-07 00:00:00,34.49,303.14627,994.6108,3.6036603,59.414856,0.0017285347,0.0
2018-04-07 01:00:00,34.7,305.4436,995.0094,3.4597163,48.20109,0.0,0.0
2018-04-07 02:00:00,34.77,307.4827,994.3365,2.6231074,37.930237,0.0,0.0
2018-04-07 03:00:00,33.95,309.19464,993.5477,2.0620809,29.875994,0.0,0.0
2018-04-07 04:00:00,33.04,310.20496,992.5161,2.3693213,23.645914,0.0,0.0
2018-04-07 05:00:00,32.32,310.5503,991.76685,2.0547812,21.877619,0.0,0.0
2018-04-07 06:00:00,32.2,310.47858,991.3197,2.076012,21.213835,0.0,0.0
2018-04-07 07:00:00,32.06,310.08557,991.1768,1.9501727,20.65119,0.0,0.0
2018-04-07 08:00:00,32.25,309.85492,991.4842,1.1468935,20.330061,0.0,0.0
2018-04-07 09:00:00,32.14,309.489,991.7647,0.28138703,20.332422,0.0,0.0
2018-04-07 10:00:00,31.12,308.74933,992.04175,2.0571213,21.930145,0.0,0.0
2018-04-07 11:00:00,29.55,307.46338,992.43695,2.9593773,24.476297,0.0,0.0
2018-04-07 12:00:00,29.54,306.565,992.7873,3.1459355,26.472792,0.0,0.0
2018-04-07 13:00:00,28.91,305.58704,993.0925,3.2637136,28.583548,0.0,0.0
2018-04-07 14:00:00,28.69,304.86383,993.182,3.4441938,30.893436,0.0,0.0
2018-04-07 15:00:00,28.91,303.86432,993.35455,3.2798777,35.46398,0.0,0.0
2018-04-07 16:00:00,28.13,302.8275,993.2658,2.6855617,41.054993,0.0,0.0
2018-04-07 17:00:00,27.29,302.01263,993.46985,2.286585,46.68576,0.0,0.0
2018-04-07 18:00:00,26.06,300.92642,993.40765,2.1305273,53.59935,0.0,0.0
2018-04-07 19:00:00,25.24,299.49097,993.73267,2.4596481,65.6752,0.0,0.0
2018-04-07 20:00:00,23.85,298.65735,994.04175,2.339255,72.061226,0.0,0.0
2018-04-07 21:00:00,22.2,298.0115,994.5557,2.1527412,78.01514,0.0,0.0
2018-04-07 22:00:00,21.7,297.4832,995.0714,1.9800414,83.4424,0.0,0.0
2018-04-07 23:00:00,21.81,298.94208,995.8022,1.7212211,79.77109,0.0,0.0
2018-04-08 00:00:00,21.04,301.12396,996.47046,1.8479334,71.72011,0.0,0.0
2018-04-08 01:00:00,21.01,303.43457,996.5014,1.4903802,58.345367,0.0,0.0
2018-04-08 02:00:00,20.61,305.70203,996.04767,1.6525987,45.635674,0.0,0.0
2018-04-08 03:00:00,21.01,307.91956,994.9844,1.8755755,33.627907,0.0,0.0
2018-04-08 04:00:00,20.94,309.69608,993.7014,1.9116548,22.385866,0.0,0.0
2018-04-08 05:00:00,20.61,310.57208,992.77594,2.3130977,17.240223,0.0,0.0
2018-04-08 06:00:00,20.27,311.52002,992.0644,3.09738,14.195733,0.0,0.0
2018-04-08 07:00:00,20.26,312.18866,991.46484,3.3343618,11.055137,0.0,0.0
2018-04-08 08:00:00,19.6,312.05853,991.4392,3.2095902,10.435878,0.0,0.0
2018-04-08 09:00:00,19.75,311.5321,991.59924,2.8458595,10.530107,0.0,0.0
2018-04-08 10:00:00,19.52,310.20282,992.11053,1.6572022,11.808859,0.0,0.0
2018-04-08 11:00:00,19.5,308.74802,992.71844,1.1971745,16.120117,0.0,0.0
2018-04-08 12:00:00,19.24,306.7305,993.2318,1.123797,22.802635,0.0,0.0
2018-04-08 13:00:00,18.93,305.27747,993.5174,1.2697287,22.96209,0.0,0.0
2018-04-08 14:00:00,18.61,303.61307,993.5305,1.5565994,24.963068,0.0,0.0
2018-04-08 15:00:00,18.75,302.28296,993.5529,1.924466,26.375706,0.0,0.0
2018-04-08 16:00:00,19.0,301.16876,993.50757,2.2514548,27.042887,0.0,0.0
2018-04-08 17:00:00,19.65,300.76746,993.37964,2.739077,25.381317,0.0,0.0
2018-04-08 18:00:00,19.67,300.62326,993.2274,3.5968685,23.141912,0.0,0.0
2018-04-08 19:00:00,19.71,299.62393,993.6442,3.948889,23.243523,0.0,0.0
2018-04-08 20:00:00,19.58,298.85712,993.9306,3.688972,25.263046,0.0,0.0
2018-04-08 21:00:00,19.82,298.21597,994.5759,3.2219489,28.452307,0.0,0.0
2018-04-08 22:00:00,19.84,297.4888,995.03235,2.6802468,32.998947,0.0,0.0
2018-04-08 23:00:00,19.75,299.17273,996.09326,1.8018762,35.639393,0.0,0.0
2018-04-09 00:00:00,19.61,303.50763,996.425,1.8030231,28.52307,0.0012869554,0.0
2018-04-09 01:00:00,19.02,306.4179,996.5695,1.9436238,27.443596,0.0,0.0
2018-04-09 02:00:00,18.23,308.79092,995.8525,1.9899,22.735067,0.0,0.0
2018-04-09 03:00:00,17.88,310.57214,994.9844,2.772059,17.19232,0.0,0.0
2018-04-09 04:00:00,17.75,311.6566,993.8925,3.610481,13.496536,0.0,0.0
2018-04-09 05:00:00,17.5,312.12964,992.8646,3.621998,12.457364,0.0,0.0
2018-04-09 06:00:00,17.74,312.36877,992.0952,3.5152652,11.680005,0.0,0.0
2018-04-09 07:00:00,17.68,312.63245,991.9886,3.4870918,10.547715,0.0,0.0
2018-04-09 08:00:00,17.47,312.36188,991.9989,3.159452,10.370856,0.0,0.0
2018-04-09 09:00:00,17.28,311.7091,992.07874,2.6787803,10.670691,0.0,0.0
2018-04-09 10:00:00,17.14,310.3504,992.52185,1.6895024,12.096501,0.0,0.0
2018-04-09 11:00:00,17.09,308.94162,993.0372,1.727999,14.286944,0.0,0.0
2018-04-09 12:00:00,17.09,306.999,993.4748,2.0097592,17.989372,0.0,0.0
2018-04-09 13:00:00,17.12,305.25262,993.7009,2.1176684,20.783653,0.0,0.0
2018-04-09 14:00:00,17.09,303.66724,993.49756,2.078962,23.951805,0.0,0.0
2018-04-09 15:00:00,17.1,302.31232,993.3361,2.2689924,25.47695,0.0,0.0
2018-04-09 16:00:00,16.98,301.4499,993.2484,2.8804548,25.263405,0.0,0.0
2018-04-09 17:00:00,16.55,300.71838,993.0633,2.9089124,25.931648,0.0,0.0
2018-04-09 18:00:00,16.34,299.9631,992.7922,2.0072024,29.851067,0.0,0.0
2018-04-09 19:00:00,16.43,299.26566,992.9414,2.4820204,27.186686,0.0,0.0
2018-04-09 20:00:00,16.5,298.17883,993.4177,3.1972663,30.224033,0.0,0.0
2018-04-09 21:00:00,16.33,297.64972,993.9819,2.8562188,38.746437,0.0,0.0
2018-04-09 22:00:00,16.33,297.07858,994.63196,2.0275352,49.615,0.0,0.0
2018-04-09 23:00:00,16.64,298.65936,995.1934,1.6004268,51.76824,0.0,0.0
2018-04-10 00:00:00,17.08,301.25067,995.47144,1.8101377,49.886383,0.002567514,0.0
2018-04-10 01:00:00,17.18,303.90387,995.4208,1.6371541,43.702606,0.0,0.0
2018-04-10 02:00:00,17.96,306.52353,994.6534,1.2874825,33.77807,0.0,0.0
2018-04-10 03:00:00,18.56,308.7559,993.71045,1.0942478,25.502678,0.0,0.0
2018-04-10 04:00:00,18.72,310.56683,992.37695,1.4520613,18.507736,0.0,0.0
2018-04-10 05:00:00,18.14,311.7331,991.10425,1.6955432,13.734618,0.0,0.0
2018-04-10 06:00:00,18.08,312.01147,990.6186,1.4452075,12.565744,0.0,0.0
2018-04-10 07:00:00,17.93,311.8811,990.10406,0.5351535,9.898673,0.0,0.0
2018-04-10 08:00:00,18.3,311.64227,990.3669,0.2757207,9.872448,0.0,0.0
2018-04-10 09:00:00,18.48,311.13858,990.4455,0.26259768,10.099209,0.0,0.0
2018-04-10 10:00:00,17.95,310.28674,991.1186,1.2983084,10.814991,0.0,0.0
2018-04-10 11:00:00,17.73,308.99908,991.3851,2.4167821,11.964047,0.0,0.0
2018-04-10 12:00:00,17.53,307.4228,991.9328,2.9941509,13.367693,0.0,0.0
2018-04-10 13:00:00,17.6,306.006,992.19135,3.1939821,14.613453,0.0,0.0
2018-04-10 14:00:00,18.05,304.78818,992.1264,3.1892867,15.816175,0.0,0.0
2018-04-10 15:00:00,18.6,303.52673,991.8633,3.0853684,17.428162,0.0,0.0
2018-04-10 16:00:00,18.64,302.57104,991.7678,3.6456838,19.786785,0.0,0.0
2018-04-10 17:00:00,18.76,301.26648,991.5742,4.579392,31.007221,0.0,0.0
2018-04-10 18:00:00,19.48,300.36383,991.4877,4.250179,50.13799,0.0,0.0
2018-04-10 19:00:00,19.41,299.47186,991.7275,3.5052927,60.195297,0.0,0.0
2018-04-10 20:00:00,19.84,298.96277,991.93286,3.407225,69.38298,0.0,0.0
2018-04-10 21:00:00,19.48,298.17627,992.14185,3.374525,78.23456,0.0,0.0
2018-04-10 22:00:00,19.17,297.80505,992.4297,3.4659147,83.50729,0.0,0.0
2018-04-10 23:00:00,18.93,299.32587,993.27985,3.6965656,77.77502,0.0,0.0
2018-04-11 00:00:00,19.04,302.20465,993.85016,3.9940617,62.99322,0.0,0.0
2018-04-11 01:00:00,19.23,305.0797,994.0673,3.9204607,44.742588,0.0,0.0
2018-04-11 02:00:00,19.11,307.3011,993.5792,3.5374312,33.67999,0.0,0.0
2018-04-11 03:00:00,18.68,309.0014,992.6831,3.2192166,26.724195,0.0,0.0
2018-04-11 04:00:00,18.02,310.6517,991.40063,2.8698273,20.965446,0.0,0.0
2018-04-11 05:00:00,17.51,311.55988,990.4316,2.2687547,17.314775,0.0,0.0
2018-04-11 06:00:00,17.4,312.08688,989.8088,1.572406,15.060263,0.0,0.0
2018-04-11 07:00:00,17.14,311.8168,989.8437,0.68209755,14.38438,0.0,0.0
2018-04-11 08:00:00,16.99,311.64005,989.80615,0.47555092,13.934045,0.0,0.0
2018-04-11 09:00:00,16.91,311.19934,990.1125,0.627332,14.227557,0.0,0.0
2018-04-11 10:00:00,16.77,310.23065,990.64874,0.9737089,15.357058,0.0,0.0
2018-04-11 11:00:00,17.22,309.03992,991.1887,1.6910458,17.272114,0.0,0.0
2018-04-11 12:00:00,17.34,307.28925,991.6657,2.283655,20.402393,0.0,0.0
2018-04-11 13:00:00,18.27,305.60828,991.95416,2.6565087,23.46416,0.0,0.0
2018-04-11 14:00:00,19.29,304.35187,991.64435,2.9758825,25.630013,0.0,0.0
2018-04-11 15:00:00,19.91,303.4314,991.6343,3.3013,26.794334,0.0,0.0
2018-04-11 16:00:00,20.03,302.31882,991.1309,4.23794,31.665825,0.0,0.0
2018-04-11 17:00:00,20.72,301.0727,990.86664,4.887958,48.460976,0.0,0.0
2018-04-11 18:00:00,21.86,300.02863,990.74634,3.9519017,67.4208,0.0,0.0
2018-04-11 19:00:00,22.88,299.1167,990.63806,3.5197525,77.41652,0.0,0.0
2018-04-11 20:00:00,23.36,298.73984,990.83545,3.4243855,82.93657,0.0,0.0
2018-04-11 21:00:00,23.78,298.4254,991.21564,3.261616,86.08078,0.0,0.0
2018-04-11 22:00:00,23.55,298.03763,992.0104,3.2935967,88.45669,0.0,0.0
2018-04-11 23:00:00,23.42,299.48828,992.9841,3.6014578,80.805244,0.0,0.0
2018-04-12 00:00:00,24.1,302.0844,993.56036,4.1975408,65.2742,0.0,0.0
2018-04-12 01:00:00,23.88,304.9164,993.3954,4.140192,47.69695,0.0,0.0
2018-04-12 02:00:00,24.02,307.38904,992.9503,3.703476,35.681988,0.0,0.0
2018-04-12 03:00:00,24.41,309.37036,991.8067,3.0437636,28.022808,0.0,0.0
2018-04-12 04:00:00,24.22,310.95807,990.8247,2.3754022,22.457901,0.0,0.0
2018-04-12 05:00:00,23.94,311.67673,990.17847,1.4732684,19.364786,0.0,0.0
2018-04-12 06:00:00,23.89,312.1337,989.64825,1.0096325,17.055126,0.0,0.0
2018-04-12 07:00:00,23.91,312.41513,989.2712,1.4096735,15.386848,0.0,0.0
2018-04-12 08:00:00,24.65,312.15625,989.3638,1.1602418,15.018143,0.0,0.0
2018-04-12 09:00:00,24.84,311.66833,989.77814,1.0556548,15.280734,0.0,0.0
2018-04-12 10:00:00,24.86,310.7444,990.41974,1.296658,16.507559,0.0,0.0
2018-04-12 11:00:00,25.31,309.48108,990.95703,1.5302982,18.572403,0.0,0.0
2018-04-12 12:00:00,25.69,308.0276,991.4419,1.6167442,21.081156,0.0,0.0
2018-04-12 13:00:00,26.67,306.6391,991.8782,1.8409938,23.784037,0.0,0.0
2018-04-12 14:00:00,26.96,305.33664,992.03296,2.0825953,26.344881,0.0,0.0
2018-04-12 15:00:00,26.68,304.33472,992.0864,2.6503677,28.738022,0.0,0.0
2018-04-12 16:00:00,26.57,303.06628,991.88617,3.2609198,33.435905,0.0,0.0
2018-04-12 17:00:00,27.07,302.08014,991.89703,2.8623245,41.330902,0.0,0.0
2018-04-12 18:00:00,27.74,301.36487,992.03815,1.9326804,50.09733,0.0,0.0
2018-04-12 19:00:00,28.08,300.24707,992.03094,2.8263626,63.079834,0.0,0.0
2018-04-12 20:00:00,28.33,299.5127,992.3247,2.6896298,70.32644,0.0,0.0
2018-04-12 21:00:00,29.28,298.99908,992.6504,2.8533986,75.02353,0.0,0.0
2018-04-12 22:00:00,31.63,298.61633,993.23737,3.0631807,78.22606,0.0,0.0
2018-04-12 23:00:00,33.23,300.20538,993.93274,3.6799269,72.943474,0.0,0.0
2018-04-13 00:00:00,34.46,302.4954,994.7067,2.6321702,63.701103,0.0017114317,0.0
2018-04-13 01:00:00,34.1,304.4554,994.8563,1.5560398,53.937595,0.0,0.0
2018-04-13 02:00:00,34.28,306.31177,994.15967,1.2034378,45.292828,0.0,0.0
2018-04-13 03:00:00,35.27,308.2514,993.183,0.6386839,37.09962,0.0,0.0
2018-04-13 04:00:00,36.06,310.05997,992.19336,1.2956611,28.948912,0.0,0.0
2018-04-13 05:00:00,36.44,311.05463,991.4136,2.293287,24.106806,0.0,0.0
2018-04-13 06:00:00,35.41,311.4194,990.96643,2.785001,22.368229,0.0,0.0
2018-04-13 07:00:00,34.76,310.58093,990.7024,2.3006442,24.569965,0.0,0.0
2018-04-13 08:00:00,35.07,310.6343,990.6998,2.767686,23.762167,0.0,0.0
2018-04-13 09:00:00,35.67,310.1784,990.78406,2.9715357,23.906153,0.0,0.0
2018-04-13 10:00:00,36.53,309.5363,991.47327,2.6615908,24.8612,0.0,0.0
2018-04-13 11:00:00,36.86,309.02692,992.05237,2.246558,25.784286,0.0,0.0
2018-04-13 12:00:00,36.06,308.16327,992.6596,1.9155178,27.474508,0.0,0.0
2018-04-13 13:00:00,35.51,307.2191,992.8797,1.9249289,29.74454,0.0,0.0
2018-04-13 14:00:00,34.22,306.40057,992.6169,2.4156659,30.469868,0.0,0.0
2018-04-13 15:00:00,33.43,305.77713,992.4387,2.8875284,30.893045,0.0,0.0
2018-04-13 16:00:00,33.17,305.1681,991.95874,3.0920055,31.572746,0.0,0.0
2018-04-13 17:00:00,33.72,304.41748,991.65063,2.909768,32.97963,0.0,0.0
2018-04-13 18:00:00,35.06,303.55865,991.519,2.2612982,35.981224,0.0,0.0
2018-04-13 19:00:00,36.93,303.20844,991.9508,0.3699481,38.60434,0.0,0.0
2018-04-13 20:00:00,37.87,302.24408,992.02655,0.74624574,44.89595,0.0,0.0
2018-04-13 21:00:00,38.99,301.524,992.3953,2.276722,45.070923,0.0,0.0
2018-04-13 22:00:00,39.47,300.7943,992.90533,2.8462455,50.333847,0.0,0.0
2018-04-13 23:00:00,40.13,301.82584,993.9592,3.32179,55.596466,0.0,0.0
2018-04-14 00:00:00,42.38,303.7173,994.37134,3.323179,57.477833,0.0017127718,0.0
2018-04-14 01:00:00,41.94,306.02167,994.5725,2.3921463,47.57961,0.0,0.0
2018-04-14 02:00:00,41.33,307.9499,993.9928,1.3934953,38.813835,0.0,0.0
2018-04-14 03:00:00,40.12,309.0982,993.21655,0.33303323,32.2543,0.0012591481,0.0
2018-04-14 04:00:00,38.73,309.94193,992.1074,2.162902,27.924347,0.0,0.0
2018-04-14 05:00:00,37.62,310.36923,991.10046,2.7433238,25.72502,0.0,0.0
2018-04-14 06:00:00,36.05,310.74194,990.5337,2.7968667,24.31771,0.0,0.0
2018-04-14 07:00:00,34.53,311.4447,990.302,3.318846,21.207235,0.0,0.0
2018-04-14 08:00:00,33.47,311.32727,990.3931,3.3271062,20.977303,0.0,0.0
2018-04-14 09:00:00,32.39,310.881,990.2697,3.1771789,21.249437,0.0,0.0
2018-04-14 10:00:00,32.64,310.029,990.81055,2.4005938,22.474577,0.0,0.0
2018-04-14 11:00:00,34.05,309.29663,990.906,2.319406,23.776545,0.0,0.0
2018-04-14 12:00:00,34.81,308.4227,991.7597,2.3834918,25.363121,0.0,0.0
2018-04-14 13:00:00,34.91,307.2749,991.7919,2.130727,27.742168,0.0,0.0
2018-04-14 14:00:00,35.17,305.97147,991.895,1.8511071,31.971485,0.0,0.0
2018-04-14 15:00:00,36.03,305.02112,991.5567,1.6130613,35.925114,0.0,0.0
2018-04-14 16:00:00,36.53,304.07538,991.3644,1.7699498,36.938904,0.0,0.0
2018-04-14 17:00:00,36.67,303.57513,990.9947,1.629419,38.8122,0.0,0.0
2018-04-14 18:00:00,37.62,303.0998,990.90045,1.1703073,42.605556,0.0,0.0
2018-04-14 19:00:00,38.95,302.20258,991.182,1.3978808,38.705807,0.0,0.0
2018-04-14 20:00:00,39.67,301.2792,991.4319,1.1669735,45.651436,0.0,0.0
2018-04-14 21:00:00,39.22,300.57468,991.95685,1.0688889,49.06056,0.0,0.0
2018-04-14 22:00:00,39.21,299.80792,992.6347,0.9569829,54.37802,0.0,0.0
2018-04-14 23:00:00,39.14,301.311,993.6262,0.91075337,47.415527,0.0,0.0
2018-04-15 00:00:00,37.99,303.5761,994.12726,1.5004343,42.0293,0.0021189451,0.0
2018-04-15 01:00:00,37.11,305.90723,994.27203,1.9340686,36.639603,0.0,0.0
2018-04-15 02:00:00,36.38,308.0065,993.6447,2.0234864,32.53615,0.0,0.0
2018-04-15 03:00:00,35.71,309.89032,992.5162,3.0665066,27.067587,0.0,0.0
2018-04-15 04:00:00,34.63,310.9873,991.6078,4.3493886,23.16504,0.0,0.0
2018-04-15 05:00:00,33.81,311.33917,990.69635,4.3457713,22.035309,0.0,0.0
2018-04-15 06:00:00,33.24,311.49542,990.15063,3.995524,21.260635,0.0,0.0
2018-04-15 07:00:00,33.35,311.09265,990.24506,3.2713675,21.147768,0.0,0.0
2018-04-15 08:00:00,33.75,310.817,990.20483,2.7766812,21.12586,0.0,0.0
2018-04-15 09:00:00,34.47,310.48553,990.6678,2.2626042,21.317564,0.0,0.89
2018-04-15 10:00:00,35.26,309.65253,990.9699,1.105137,22.634624,0.0,0.0
2018-04-15 11:00:00,36.14,308.6916,991.6076,0.5698329,24.554276,0.0,0.0
2018-04-15 12:00:00,38.15,307.7068,992.2324,0.37770694,30.657806,0.0,0.0
2018-04-15 13:00:00,40.41,306.98022,992.7103,1.1038201,28.441414,0.0,0.0
2018-04-15 14:00:00,42.48,305.40204,992.60815,1.8074754,32.896133,0.0,0.0
2018-04-15 15:00:00,43.82,304.7821,992.7573,2.3538992,31.92812,0.0,0.0
2018-04-15 16:00:00,43.75,303.93936,992.6614,2.8515308,32.17687,0.0,0.0
2018-04-15 17:00:00,43.4,303.0194,992.3675,2.8086116,35.436428,0.0,0.0
2018-04-15 18:00:00,42.98,302.31937,992.1428,2.8130817,41.672817,0.0,0.0
2018-04-15 19:00:00,42.83,301.58954,993.3731,2.6955159,53.259724,0.0,0.0
2018-04-15 20:00:00,42.42,300.9753,993.5145,2.033757,59.825157,0.0,0.0
2018-04-15 21:00:00,41.89,300.73734,994.173,1.4780408,64.046875,0.0,0.0
2018-04-15 22:00:00,40.37,300.4159,994.933,1.0347902,69.20946,0.0,0.0
2018-04-15 23:00:00,39.28,301.22562,995.8116,0.7976939,66.97899,0.0,0.0
2018-04-16 00:00:00,36.92,302.65656,996.26514,0.7376476,62.93769,0.0,0.0
2018-04-16 01:00:00,35.55,304.688,996.2751,0.49887758,53.502487,0.0,0.0
2018-04-16 02:00:00,35.41,306.69617,995.6379,0.77682453,42.62456,0.0016950071,0.0
2018-04-16 03:00:00,35.4,308.3108,994.65283,1.976523,32.057148,0.0,0.0
2018-04-16 04:00:00,34.8,309.77472,993.7356,3.134493,25.342869,0.0,0.0
2018-04-16 05:00:00,33.77,310.56903,992.6811,3.0187142,21.275724,0.0,0.0
2018-04-16 06:00:00,32.56,311.34204,991.95416,2.9365492,17.594467,0.0,0.0
2018-04-16 07:00:00,31.17,311.59814,991.7188,2.9042645,16.02268,0.0,0.0
2018-04-16 08:00:00,28.31,311.8122,991.8443,3.1753993,14.094959,0.0,0.0
2018-04-16 09:00:00,25.93,311.4267,991.9677,3.4974978,13.377144,0.0,0.0
2018-04-16 10:00:00,24.6,310.2216,992.66986,2.9485667,14.091495,0.0,0.0
2018-04-16 11:00:00,24.1,308.96594,993.2728,3.2128649,14.873568,0.0,0.0
2018-04-16 12:00:00,24.11,307.70294,994.135,3.608377,15.298735,0.0,0.0
2018-04-16 13:00:00,23.35,306.46332,994.58,3.2529962,15.895981,0.0,0.0
2018-04-16 14:00:00,22.73,305.0055,994.7175,1.9877794,20.1636,0.0017091632,0.0
2018-04-16 15:00:00,22.11,304.9687,994.55945,0.35765263,18.44896,0.0,0.0
2018-04-16 16:00:00,21.05,302.74896,994.6191,1.1356355,27.090546,0.0,0.0
2018-04-16 17:00:00,20.36,301.63672,994.06104,1.1474375,31.286224,0.0,0.0
2018-04-16 18:00:00,19.97,302.15015,994.2006,0.7446671,27.703308,0.0,0.0
2018-04-16 19:00:00,19.35,299.17194,994.4801,1.4832379,28.831043,0.0,0.0
2018-04-16 20:00:00,18.73,297.90356,994.86,1.7639761,31.1059,0.0,0.0
2018-04-16 21:00:00,18.63,296.984,994.8909,2.0265152,32.068184,0.0,0.0
2018-04-16 22:00:00,18.53,296.1943,995.7447,2.3127708,33.14639,0.0,0.0
2018-04-16 23:00:00,18.25,297.96503,996.6992,2.1882906,31.006777,0.0,0.0
2018-04-17 00:00:00,18.81,302.3111,997.4014,2.908351,23.567062,0.004684473,0.0
2018-04-17 01:00:00,18.52,305.66406,997.43164,3.2062624,19.400158,0.0,0.0
2018-04-17 02:00:00,18.44,307.83923,996.8764,3.739789,16.759567,0.0,0.0
2018-04-17 03:00:00,18.16,309.4455,995.9868,4.12864,14.674893,0.0,0.0
2018-04-17 04:00:00,17.9,310.50323,994.59656,3.8104665,12.993538,0.0,0.0
2018-04-17 05:00:00,18.18,311.2929,993.6051,3.647092,11.878318,0.0,0.0
2018-04-17 06:00:00,17.96,311.76874,992.8131,3.646678,11.136398,0.0,0.0
2018-04-17 07:00:00,18.14,312.29987,992.3661,4.51522,10.914761,0.0,0.0
2018-04-17 08:00:00,18.56,311.95355,992.2248,4.6066265,11.143173,0.0,0.0
2018-04-17 09:00:00,18.09,311.14874,992.7528,4.0221553,11.76261,0.0,0.0
2018-04-17 10:00:00,17.61,309.45142,993.2829,2.7432232,13.276289,0.0,0.0
2018-04-17 11:00:00,18.02,308.15668,993.9847,2.5061088,14.789118,0.0,0.0
2018-04-17 12:00:00,18.63,306.59097,994.3455,2.4974291,16.918911,0.0,0.0
2018-04-17 13:00:00,18.5,305.02478,994.7753,2.6026087,19.011818,0.0,0.0
2018-04-17 14:00:00,18.74,303.66006,994.7928,2.7895727,20.339369,0.0,0.0
2018-04-17 15:00:00,18.61,302.40536,994.7395,2.9916673,20.933971,0.0,0.0
2018-04-17 16:00:00,18.31,301.34442,994.67267,3.131608,20.832306,0.0,0.0
2018-04-17 17:00:00,17.99,300.3919,994.47406,3.1934533,20.381227,0.0,0.0
2018-04-17 18:00:00,17.75,299.5022,994.2748,3.1918154,20.22487,0.0,0.0
2018-04-17 19:00:00,18.03,297.7056,994.404,2.363072,24.342165,0.0,0.0
2018-04-17 20:00:00,18.29,296.27692,994.36774,2.035571,28.090006,0.0,0.0
2018-04-17 21:00:00,18.4,295.29047,994.6604,2.077061,30.490833,0.0,0.0
2018-04-17 22:00:00,18.69,294.5348,995.1982,2.0426066,32.945976,0.0,0.0
2018-04-17 23:00:00,19.1,296.3377,996.21704,1.5560812,31.371614,0.0,0.0
2018-04-18 00:00:00,18.44,300.72592,996.577,1.75223,21.754698,0.0,0.0
2018-04-18 01:00:00,18.12,304.48346,996.33624,2.0470264,17.989649,0.0,0.0
2018-04-18 02:00:00,17.76,307.36707,995.7009,2.5214674,13.776233,0.0,0.0
2018-04-18 03:00:00,16.5,309.4537,994.6266,3.337286,10.688153,0.0,0.0
2018-04-18 04:00:00,15.37,310.7823,993.2346,4.121342,9.7729,0.0,0.0
2018-04-18 05:00:00,15.18,311.5163,992.0681,4.00942,9.603577,0.0,0.0
2018-04-18 06:00:00,15.53,312.0235,991.3331,4.359929,9.549429,0.0,0.0
2018-04-18 07:00:00,15.16,312.13635,990.7442,4.692337,8.83575,0.0,0.0
2018-04-18 08:00:00,14.73,311.75922,990.95557,4.7848377,8.7860775,0.0,0.0
2018-04-18 09:00:00,14.22,310.76947,991.28015,4.259204,9.270189,0.0,0.0
2018-04-18 10:00:00,13.84,308.707,992.0183,3.6329489,10.628434,0.0,0.0
2018-04-18 11:00:00,14.07,307.09467,992.72186,3.7341354,11.917936,0.0,0.0
2018-04-18 12:00:00,14.43,305.78525,993.4203,3.8057895,13.153878,0.0,0.0
2018-04-18 13:00:00,15.12,304.61163,993.8652,3.7062628,14.552158,0.0,0.0
2018-04-18 14:00:00,15.95,303.39365,993.7434,3.5238209,16.260681,0.0,0.0
2018-04-18 15:00:00,16.37,302.2434,993.65045,3.4145985,18.123478,0.0,0.0
2018-04-18 16:00:00,16.52,301.1582,993.25903,3.3248117,20.083654,0.0,0.0
2018-04-18 17:00:00,16.76,300.08978,993.02234,3.3282287,22.116085,0.0,0.0
2018-04-18 18:00:00,16.84,299.21216,992.70154,3.299153,24.028769,0.0,0.0
2018-04-18 19:00:00,17.25,297.44788,993.03284,2.1115534,28.392914,0.0,0.0
2018-04-18 20:00:00,17.55,296.08954,993.419,1.7301794,33.19575,0.0,0.0
2018-04-18 21:00:00,17.29,295.20026,993.6158,1.7690333,37.71295,0.0,0.0
2018-04-18 22:00:00,17.48,294.59436,994.16516,2.0322948,40.45469,0.0,0.0
2018-04-18 23:00:00,17.69,296.43234,994.77155,1.7533525,38.212353,0.0,0.0
2018-04-19 00:00:00,17.36,300.71783,995.1174,1.8943207,31.741238,0.0,0.0
2018-04-19 01:00:00,17.22,304.44153,995.1969,2.037137,27.766142,0.0,0.0
2018-04-19 02:00:00,16.81,307.45853,994.8373,2.4499238,19.81505,0.0,0.0
2018-04-19 03:00:00,16.3,309.63434,993.86127,3.1337962,15.125789,0.0,0.0
2018-04-19 04:00:00,15.58,310.7539,992.66766,2.9743836,12.049992,0.0,0.0
2018-04-19 05:00:00,14.83,311.26605,991.50024,2.4957201,10.904099,0.0,0.0
2018-04-19 06:00:00,14.14,311.54465,991.0125,2.141435,10.472883,0.0,0.0
2018-04-19 07:00:00,14.85,311.32947,990.6047,1.4609451,12.196516,0.0,0.0
2018-04-19 08:00:00,15.95,311.05386,990.6824,0.59043616,12.662313,0.0,0.0
2018-04-19 09:00:00,17.35,310.62115,990.6777,1.4712307,13.229706,0.0,0.0
2018-04-19 10:00:00,18.15,309.04034,990.9253,3.254783,15.057431,0.0,0.0
2018-04-19 11:00:00,18.91,307.94186,991.53876,3.8092678,15.745248,0.0,0.0
2018-04-19 12:00:00,19.61,307.15076,992.3331,3.7202804,16.290651,0.0,0.0
2018-04-19 13:00:00,20.29,306.276,992.7537,3.1796272,17.317757,0.0,0.0
2018-04-19 14:00:00,21.76,305.69315,992.9024,2.3273137,18.645626,0.0,0.0
2018-04-19 15:00:00,23.08,305.1407,992.9587,2.1689134,20.618355,0.0,0.0
2018-04-19 16:00:00,23.42,304.6194,992.87396,2.0067303,23.24621,0.0,0.0
2018-04-19 17:00:00,24.26,303.9308,992.52264,1.6497513,28.217442,0.0,0.0
2018-04-19 18:00:00,25.32,303.16302,992.29,1.7511125,30.148876,0.0,0.0
2018-04-19 19:00:00,26.69,301.1795,992.6764,0.9827133,28.351616,0.0,0.0
2018-04-19 20:00:00,27.92,300.0498,992.8706,1.0100915,37.611908,0.0,0.0
2018-04-19 21:00:00,28.89,299.1989,993.48737,1.6060973,36.945526,0.0,0.0
2018-04-19 22:00:00,29.24,298.17795,993.9101,2.0251427,41.698246,0.0,0.0
2018-04-19 23:00:00,29.6,299.50684,994.5772,1.5923716,40.77333,0.0,0.0
2018-04-20 00:00:00,29.51,303.05835,994.9773,1.4885846,31.108076,0.0,0.0
2018-04-20 01:00:00,29.98,306.06076,994.9928,1.1497295,22.980291,0.0,0.0
2018-04-20 02:00:00,30.76,308.36798,994.92596,0.9365699,18.759382,0.0,0.0
2018-04-20 03:00:00,31.41,310.03418,993.9867,1.8258463,18.822905,0.0,0.0
2018-04-20 04:00:00,32.57,311.01172,993.07526,2.423275,19.345812,0.0,0.0
2018-04-20 05:00:00,34.31,311.3839,992.09796,1.9108117,19.163298,0.0,0.0
2018-04-20 06:00:00,35.74,311.54932,991.45294,1.8501121,18.591265,0.0,0.0
2018-04-20 07:00:00,36.57,311.2493,991.24493,2.9444613,21.489113,0.0,0.0
2018-04-20 08:00:00,37.08,310.68463,991.9192,2.921355,22.321898,0.0,0.0
2018-04-20 09:00:00,37.73,310.03616,992.54175,2.7759209,23.419308,0.0,0.0
2018-04-20 10:00:00,38.61,309.43613,992.88873,2.2090008,24.356422,0.0,0.0
2018-04-20 11:00:00,40.18,309.07654,993.77655,2.0535262,25.01252,0.0,0.0
2018-04-20 12:00:00,40.78,308.69418,994.5125,2.5821712,25.275877,0.0,0.0
2018-04-20 13:00:00,39.74,308.13818,994.9945,3.5563362,25.879175,0.0,0.39999998
2018-04-20 14:00:00,38.56,307.3175,995.16846,3.5642304,27.95614,0.0,0.0
2018-04-20 15:00:00,37.51,306.49036,994.99976,2.8668978,30.667173,0.0,0.0
2018-04-20 16:00:00,37.86,305.80646,994.591,2.971003,33.00226,0.0,0.0
2018-04-20 17:00:00,38.3,305.2037,994.0271,2.9948008,35.244854,0.0,0.0
2018-04-20 18:00:00,38.06,304.60626,993.64124,2.6224148,37.447113,0.0,0.0
2018-04-20 19:00:00,37.27,303.97726,993.83435,2.3935914,38.705807,0.0,0.0
2018-04-20 20:00:00,37.17,303.19666,993.998,2.0596879,41.2081,0.0,0.0
2018-04-20 21:00:00,36.91,302.29083,994.6117,1.6956874,44.236225,0.0,0.0
2018-04-20 22:00:00,36.85,301.5209,995.3803,1.3101511,47.575127,0.0,0.0
2018-04-20 23:00:00,37.64,302.2782,996.14923,1.1482334,45.91752,0.0,0.0
2018-04-21 00:00:00,38.82,304.3712,996.72314,1.4350228,41.544456,0.0021666284,0.0
2018-04-21 01:00:00,38.11,306.19275,996.7823,1.526773,38.340496,0.0,0.0
2018-04-21 02:00:00,36.79,307.7382,996.53687,1.0250794,34.43366,0.0,0.0
2018-04-21 03:00:00,35.21,309.15527,995.59265,1.7949115,28.253803,0.0,0.0
2018-04-21 04:00:00,33.69,310.0683,994.2533,2.3346124,24.104445,0.0,0.0
2018-04-21 05:00:00,32.41,310.85693,993.0821,2.6077123,21.276918,0.0,0.0
2018-04-21 06:00:00,31.24,311.80798,992.27484,3.601326,18.176928,0.0,0.0
2018-04-21 07:00:00,30.82,312.45197,991.86237,4.729856,15.359482,0.0,0.0
2018-04-21 08:00:00,29.53,312.4528,991.998,5.2453213,13.8385315,0.0,0.0
2018-04-21 09:00:00,27.35,311.7729,992.1778,4.864233,13.619192,0.0,0.0
2018-04-21 10:00:00,26.2,310.13544,992.51733,3.4599383,14.883401,0.0,0.0
2018-04-21 11:00:00,26.09,308.84735,993.1325,2.9737701,16.232424,0.0,0.0
2018-04-21 12:00:00,26.47,307.50745,993.7072,2.7542217,17.972261,0.0,0.0
2018-04-21 13:00:00,26.14,306.33215,993.8423,2.7537403,19.674337,0.0,0.0
2018-04-21 14:00:00,25.86,305.11902,993.6658,2.971307,21.291218,0.0,0.0
2018-04-21 15:00:00,25.28,304.28055,993.6415,3.3461633,22.286686,0.0,0.0
2018-04-21 16:00:00,24.89,303.87067,993.3999,3.7455642,22.446247,0.0,0.0
2018-04-21 17:00:00,24.54,303.36475,993.5464,3.7431107,22.680935,0.0,0.0
2018-04-21 18:00:00,23.7,302.68713,993.3131,3.4312131,23.370052,0.0,0.0
2018-04-21 19:00:00,22.65,301.01117,993.6194,3.8138866,25.947498,0.0,0.0
2018-04-21 20:00:00,21.97,300.30585,993.7396,3.6986732,27.13291,0.0,0.0
2018-04-21 21:00:00,21.58,299.4732,994.3844,3.248909,28.697145,0.0,0.0
2018-04-21 22:00:00,21.55,298.42407,994.8727,2.9252431,31.053532,0.0,0.0
2018-04-21 23:00:00,22.23,299.59564,995.5717,2.2616036,30.302938,0.0,0.0
2018-04-22 00:00:00,23.71,302.85352,995.9363,2.249643,25.450207,0.0012735397,0.0
2018-04-22 01:00:00,23.74,305.59576,996.012,2.3591247,23.016254,0.0,0.0
2018-04-22 02:00:00,23.59,307.94882,995.71857,2.5227568,20.58013,0.0,0.0
2018-04-22 03:00:00,22.85,309.86584,994.7321,3.0967066,18.433096,0.0,0.0
2018-04-22 04:00:00,21.3,311.32886,993.50214,4.35258,15.692729,0.0,0.0
2018-04-22 05:00:00,20.68,312.18805,992.46844,5.105335,14.4744,0.0,0.0
2018-04-22 06:00:00,20.65,312.5739,991.89935,5.2174654,14.043309,0.0,0.0
2018-04-22 07:00:00,20.24,312.79047,991.32904,6.4729843,13.860676,0.0,0.0
2018-04-22 08:00:00,20.17,312.29364,991.7862,6.1842413,14.211397,0.0,0.0
2018-04-22 09:00:00,20.29,311.32327,992.1267,5.182457,14.95046,0.0,0.0
2018-04-22 10:00:00,20.83,309.6726,992.9456,3.8884408,16.434143,0.0,0.0
2018-04-22 11:00:00,21.32,308.27487,993.2536,3.5522184,17.718025,0.0,0.0
2018-04-22 12:00:00,21.16,307.0761,994.2198,3.7380083,18.684568,0.0,0.0
2018-04-22 13:00:00,20.66,305.96582,994.5504,3.945241,19.372007,0.0,0.0
2018-04-22 14:00:00,20.61,304.9157,994.46704,3.9781759,19.957777,0.0,0.0
2018-04-22 15:00:00,20.01,303.95386,994.32776,3.8648217,20.612938,0.0,0.0
2018-04-22 16:00:00,19.48,302.9864,994.09283,3.6255908,21.54136,0.0,0.0
2018-04-22 17:00:00,19.38,301.96387,993.9144,3.482289,22.765749,0.0,0.0
2018-04-22 18:00:00,19.47,301.01764,993.66724,3.601685,23.884022,0.0,0.0
2018-04-22 19:00:00,19.48,299.0854,993.67236,3.226854,27.061903,0.0,0.0
2018-04-22 20:00:00,18.83,298.1387,993.9858,3.3120441,28.465405,0.0,0.0
2018-04-22 21:00:00,18.1,297.6228,994.33765,3.5213912,28.897625,0.0,0.0
2018-04-22 22:00:00,17.53,297.56305,994.9875,4.073865,28.270594,0.0,0.0
2018-04-22 23:00:00,17.3,299.6223,995.66406,4.16941,24.735155,0.0,0.0
2018-04-23 00:00:00,16.97,303.16937,996.2388,5.2318945,20.040632,0.0,0.0
2018-04-23 01:00:00,16.65,305.9866,996.2889,6.0145583,18.22818,0.0,0.0
2018-04-23 02:00:00,16.77,308.3693,995.6129,6.0954905,17.392286,0.0,0.0
2018-04-23 03:00:00,16.75,310.23895,994.3551,6.112068,15.316823,0.0,0.0
2018-04-23 04:00:00,16.93,311.3117,993.26416,5.8723073,13.222342,0.0,0.0
2018-04-23 05:00:00,17.11,311.82916,992.01544,5.6801577,12.596756,0.0,0.0
2018-04-23 06:00:00,17.04,312.088,991.3707,5.6414995,12.483456,0.0,0.0
2018-04-23 07:00:00,17.2,311.9643,991.10944,5.512638,12.915458,0.0,0.0
2018-04-23 08:00:00,17.36,311.51117,991.7509,5.1453986,13.4810295,0.0,0.0
2018-04-23 09:00:00,17.29,310.55768,992.0627,4.234094,14.3841,0.0,0.0
2018-04-23 10:00:00,17.06,308.7386,992.6106,3.1311278,16.164055,0.0,0.0
2018-04-23 11:00:00,17.4,307.403,993.197,2.8807378,17.692636,0.0,0.0
2018-04-23 12:00:00,17.56,305.99838,993.73206,2.7721777,19.445473,0.0,0.0
2018-04-23 13:00:00,17.27,304.4759,993.9881,2.8406827,21.255005,0.0,0.0
2018-04-23 14:00:00,17.15,303.10184,994.02423,3.2546906,22.252756,0.0,0.0
2018-04-23 15:00:00,16.92,302.0111,994.0839,3.6719837,22.162365,0.0,0.0
2018-04-23 16:00:00,16.58,301.19873,993.895,3.8024566,21.587154,0.0,0.0
2018-04-23 17:00:00,16.44,300.488,993.7377,3.8421822,21.327545,0.0,0.0
2018-04-23 18:00:00,16.71,299.82288,993.3845,3.9275599,21.38456,0.0,0.0
2018-04-23 19:00:00,17.35,298.16156,993.6842,3.5222285,23.506699,0.0,0.0
2018-04-23 20:00:00,17.49,297.21704,994.11273,3.407939,24.877089,0.0,0.0
2018-04-23 21:00:00,17.46,296.54443,994.4214,3.3361368,25.81,0.0,0.0
2018-04-23 22:00:00,17.66,296.03674,995.1599,3.343192,26.465282,0.0,0.0
2018-04-23 23:00:00,18.0,297.75226,995.6976,3.1670063,23.857298,0.0,0.0
2018-04-24 00:00:00,18.37,302.03146,996.28296,4.0265975,17.75952,0.0,0.0
2018-04-24 01:00:00,18.47,305.76953,996.3025,5.409089,13.605174,0.0,0.0
2018-04-24 02:00:00,18.71,308.37244,995.46155,6.525021,11.306294,0.0,0.0
2018-04-24 03:00:00,18.93,309.68585,994.5042,6.5694466,10.331736,0.0,0.0
2018-04-24 04:00:00,19.45,310.46533,993.31946,6.307744,10.01783,0.0,0.0
2018-04-24 05:00:00,19.78,310.97577,992.25726,6.047593,9.8936,0.0,0.0
2018-04-24 06:00:00,19.75,311.22137,991.685,5.860072,9.872686,0.0,0.0
2018-04-24 07:00:00,19.83,311.27274,991.1072,5.754457,10.029045,0.0,0.0
2018-04-24 08:00:00,19.7,310.8949,991.66077,5.5212393,10.083141,0.0,0.0
2018-04-24 09:00:00,19.7,309.91187,992.0348,4.4412637,10.532374,0.0,0.0
2018-04-24 10:00:00,19.6,307.91177,992.62256,3.3476918,11.866861,0.0,0.0
2018-04-24 11:00:00,19.46,306.40762,993.2905,3.2334712,13.076427,0.0,0.0
2018-04-24 12:00:00,19.67,304.9615,993.6191,3.3231146,14.330032,0.0,0.0
2018-04-24 13:00:00,19.66,303.6379,993.91675,3.4761577,15.511913,0.0,0.0
2018-04-24 14:00:00,19.94,302.44653,994.1242,3.6390886,16.609869,0.0,0.0
2018-04-24 15:00:00,19.66,301.38687,994.16187,3.740408,17.601305,0.0,0.0
2018-04-24 16:00:00,19.42,300.4367,993.90594,3.6978962,18.543633,0.0,0.0
2018-04-24 17:00:00,19.5,299.54895,993.4214,3.577556,19.551538,0.0,0.0
2018-04-24 18:00:00,19.61,298.7304,993.1304,3.4655511,20.692562,0.0,0.0
2018-04-24 19:00:00,20.03,297.61597,993.0516,3.6739352,22.146051,0.0,0.0
2018-04-24 20:00:00,20.29,296.8349,993.5535,3.477724,23.651556,0.0,0.0
2018-04-24 21:00:00,20.78,296.2649,994.02075,3.3031738,25.038654,0.0,0.0
2018-04-24 22:00:00,21.76,295.7403,994.5625,3.1655066,26.527071,0.0,0.0
2018-04-24 23:00:00,22.41,297.39142,995.4883,2.7659342,25.01343,0.0,0.0
2018-04-25 00:00:00,23.08,301.47977,995.92773,3.1710687,19.640617,0.0,0.0
2018-04-25 01:00:00,23.42,304.71063,995.8338,3.8564758,17.083338,0.0,0.0
2018-04-25 02:00:00,23.81,307.1541,995.4455,4.56314,15.981152,0.0,0.0
2018-04-25 03:00:00,23.83,308.62442,994.09625,4.728943,14.905146,0.0,0.0
2018-04-25 04:00:00,23.42,309.4821,992.8396,4.2626505,13.737742,0.0,0.0
2018-04-25 05:00:00,23.5,310.03577,991.66125,3.8105807,13.075579,0.0,0.0
2018-04-25 06:00:00,23.6,310.3562,990.91595,3.451859,12.7465515,0.0,0.0
2018-04-25 07:00:00,23.85,310.67456,990.3794,2.9677296,12.685758,0.0,0.0
2018-04-25 08:00:00,23.21,310.37115,990.77374,2.3922808,12.990062,0.0,0.0
2018-04-25 09:00:00,23.1,309.75574,991.5217,2.0332193,13.682844,0.0,0.0
2018-04-25 10:00:00,23.2,308.43484,991.9456,1.8288028,15.264709,0.0,0.0
2018-04-25 11:00:00,23.36,307.05475,992.65234,2.24598,17.134205,0.0,0.0
2018-04-25 12:00:00,23.69,305.53534,993.218,2.6900861,19.05791,0.0,0.0
2018-04-25 13:00:00,23.3,304.1267,993.61237,2.9149065,20.803635,0.0,0.0
2018-04-25 14:00:00,23.33,302.85864,993.67,2.971369,22.47158,0.0,0.0
2018-04-25 15:00:00,22.94,301.74945,993.3821,3.179414,23.782446,0.0,0.0
2018-04-25 16:00:00,22.63,300.93753,993.28406,3.5497649,24.547508,0.0,0.0
2018-04-25 17:00:00,22.54,300.1206,993.07495,3.2800858,25.467024,0.0,0.0
2018-04-25 18:00:00,22.44,298.92316,992.9861,2.5687757,28.12091,0.0,0.0
2018-04-25 19:00:00,22.76,297.63846,993.51196,2.6549728,29.364603,0.0,0.0
2018-04-25 20:00:00,23.29,296.34866,993.836,2.1245039,33.474365,0.0,0.0
2018-04-25 21:00:00,23.72,295.43524,994.2175,1.879503,38.195835,0.0,0.0
2018-04-25 22:00:00,23.99,294.67688,995.2067,1.6890072,44.286472,0.0,0.0
2018-04-25 23:00:00,23.58,296.28687,996.1944,1.331519,42.56323,0.0,0.0
2018-04-26 00:00:00,22.76,300.2403,996.82947,1.5569273,35.591076,0.0017207988,0.0
2018-04-26 01:00:00,22.93,303.43942,996.9861,1.6488518,32.5756,0.0,0.0
2018-04-26 02:00:00,23.28,306.1016,996.40515,2.3515098,25.749939,0.0,0.0
2018-04-26 03:00:00,23.04,308.03906,995.0873,3.1887424,20.084648,0.0,0.0
2018-04-26 04:00:00,22.7,309.17834,993.9152,3.0924573,17.111845,0.0,0.0
2018-04-26 05:00:00,22.46,309.82385,992.892,2.5604787,15.319216,0.0,0.0
2018-04-26 06:00:00,22.67,310.1907,992.4347,2.246328,14.266636,0.0,0.0
2018-04-26 07:00:00,22.01,310.56592,992.40717,2.0073354,13.236334,0.0,0.0
2018-04-26 08:00:00,21.31,310.39746,992.8253,2.1652608,13.274919,0.0,0.0
2018-04-26 09:00:00,21.38,309.88638,993.4821,2.1306958,13.694778,0.0,0.0
2018-04-26 10:00:00,21.59,308.57422,994.15656,2.2482893,15.12834,0.0,0.0
2018-04-26 11:00:00,22.24,307.08582,994.63275,2.5820029,16.811361,0.0,0.0
2018-04-26 12:00:00,22.92,305.65262,995.16956,2.8395863,18.474957,0.0,0.0
2018-04-26 13:00:00,22.89,304.40717,995.2509,2.9160612,20.018175,0.0,0.0
2018-04-26 14:00:00,22.39,303.1971,995.15015,2.974607,21.645386,0.0,0.0
2018-04-26 15:00:00,21.54,302.05243,994.8592,2.7753417,23.554867,0.0,0.0
2018-04-26 16:00:00,20.82,300.98578,994.7392,2.6400843,25.633585,0.0,0.0
2018-04-26 17:00:00,20.4,300.09598,994.65765,2.8117137,27.100702,0.0,0.0
2018-04-26 18:00:00,19.73,299.24744,994.46576,3.0733476,28.3613,0.0,0.0
2018-04-26 19:00:00,18.62,297.82755,994.84,3.8082156,29.257154,0.0,0.0
2018-04-26 20:00:00,17.35,297.0031,995.36884,4.1174755,30.384165,0.0,0.0
2018-04-26 21:00:00,16.79,296.44357,995.7942,4.1057754,31.223846,0.0,0.0
2018-04-26 22:00:00,16.36,295.96472,996.8005,3.690506,32.218067,0.0,0.0
2018-04-26 23:00:00,15.98,297.2845,997.64044,3.0081508,30.129498,0.0,0.0
2018-04-27 00:00:00,16.41,300.4928,998.09454,3.249323,24.547209,0.00173735,0.0
2018-04-27 01:00:00,16.31,303.59912,998.284,3.0505645,19.75754,0.0,0.0
2018-04-27 02:00:00,16.15,306.16864,997.79016,2.4548507,15.545493,0.0,0.0
2018-04-27 03:00:00,15.76,307.80063,996.846,1.5414141,12.935239,0.0,0.0
2018-04-27 04:00:00,15.53,308.89267,995.8201,1.3174212,11.6164875,0.0,0.0
2018-04-27 05:00:00,15.56,309.61908,994.83044,1.4858516,11.060205,0.0,0.0
2018-04-27 06:00:00,15.56,310.05377,994.28345,1.8005173,11.068033,0.0,0.0
2018-04-27 07:00:00,15.58,310.28967,994.1183,1.8747493,11.437501,0.0,0.0
2018-04-27 08:00:00,15.45,310.08575,994.3911,2.1693063,11.50565,0.0,0.0
2018-04-27 09:00:00,15.25,309.4906,994.7623,2.2845783,11.966829,0.0,0.0
2018-04-27 10:00:00,15.14,308.05023,995.3649,2.6343923,13.404335,0.0,0.0
2018-04-27 11:00:00,15.38,306.49457,995.8761,3.093689,14.989376,0.0,0.0
2018-04-27 12:00:00,15.61,305.21033,996.5675,3.35587,16.386217,0.0,0.0
2018-04-27 13:00:00,15.85,303.98285,996.6992,3.5391223,17.762249,0.0,0.0
2018-04-27 14:00:00,16.09,302.85776,996.41284,3.7481995,18.964954,0.0,0.0
2018-04-27 15:00:00,15.78,301.85147,996.2647,3.8713963,19.892794,0.0,0.0
2018-04-27 16:00:00,15.85,300.84952,996.0165,3.571186,20.876274,0.0,0.0
2018-04-27 17:00:00,16.44,299.76257,995.5896,3.2651877,22.155405,0.0,0.0
2018-04-27 18:00:00,16.73,298.68796,995.3583,2.9373193,23.759382,0.0,0.0
2018-04-27 19:00:00,16.56,297.18155,996.21704,2.9947488,25.939257,0.0,0.0
2018-04-27 20:00:00,16.1,296.2594,996.3564,2.8575842,27.55404,0.0,0.0
2018-04-27 21:00:00,15.96,295.50317,996.72876,2.70898,29.096052,0.0,0.0
2018-04-27 22:00:00,15.74,294.83423,997.4441,2.6205976,30.614227,0.0,0.0
2018-04-27 23:00:00,15.45,296.29843,998.02374,2.2307286,28.568256,0.0,0.0
2018-04-28 00:00:00,14.48,300.58487,998.5019,2.233464,21.63431,0.0017195939,0.0
2018-04-28 01:00:00,14.55,304.15024,998.5611,2.2629826,17.751926,0.0,0.0
2018-04-28 02:00:00,14.55,306.49643,998.14343,2.5672178,15.199105,0.0,0.0
2018-04-28 03:00:00,14.42,308.06622,997.17456,2.9219928,13.141712,0.0,0.0
2018-04-28 04:00:00,14.55,309.04523,995.85095,2.8614357,11.859376,0.0,0.0
2018-04-28 05:00:00,14.18,309.5675,994.8635,2.7805786,10.841556,0.0,0.0
2018-04-28 06:00:00,13.92,309.8053,994.06915,2.8080916,10.201682,0.0,0.0
2018-04-28 07:00:00,14.18,309.6594,993.5867,3.0727634,10.432875,0.0,0.0
2018-04-28 08:00:00,14.1,309.3777,993.49493,3.2097263,10.388996,0.0,0.0
2018-04-28 09:00:00,14.36,308.6427,993.90173,2.768854,10.77617,0.0,0.0
2018-04-28 10:00:00,14.95,307.09155,994.52,2.4722142,12.105879,0.0,0.0
2018-04-28 11:00:00,15.44,305.53662,995.03107,2.6136844,13.576339,0.0,0.0
2018-04-28 12:00:00,16.07,303.96402,995.62964,2.7233157,15.133616,0.0,0.0
2018-04-28 13:00:00,16.19,302.48938,995.8578,2.76464,16.637264,0.0,0.0
2018-04-28 14:00:00,16.53,301.15814,995.8606,2.768759,18.090034,0.0,0.0
2018-04-28 15:00:00,16.16,299.90994,995.64545,2.746378,19.60784,0.0,0.0
2018-04-28 16:00:00,15.94,298.7827,995.4651,2.7244115,21.121124,0.0,0.0
2018-04-28 17:00:00,15.82,297.84592,995.35846,2.7050705,22.462898,0.0,0.0
2018-04-28 18:00:00,15.82,297.28992,995.2381,2.8919637,23.107311,0.0,0.0
2018-04-28 19:00:00,16.02,296.01822,995.41425,3.2845185,23.113644,0.0,0.0
2018-04-28 20:00:00,16.21,295.2871,995.39734,3.4604225,24.289782,0.0,0.0
2018-04-28 21:00:00,16.46,295.15857,995.63727,4.0887356,24.419598,0.0,0.0
2018-04-28 22:00:00,16.87,295.35495,996.3116,4.7851124,24.263365,0.0,0.0
2018-04-28 23:00:00,17.23,297.65887,997.2152,5.1806254,22.024797,0.0,0.0
2018-04-29 00:00:00,16.71,301.42444,997.83575,6.2274804,18.651905,0.0,0.0
2018-04-29 01:00:00,17.1,304.205,997.8078,7.2276998,16.70626,0.0,0.0
2018-04-29 02:00:00,17.07,306.27948,997.4991,7.463818,15.283303,0.0,0.0
2018-04-29 03:00:00,16.72,307.65372,996.3258,7.291067,14.032621,0.0,0.0
2018-04-29 04:00:00,17.19,308.45624,995.11597,6.4487615,13.306454,0.0,0.0
2018-04-29 05:00:00,17.53,308.85074,994.0712,5.425909,12.775023,0.0,0.0
2018-04-29 06:00:00,17.83,308.99368,993.5363,4.3273106,12.035047,0.0,0.0
2018-04-29 07:00:00,17.65,308.66864,993.6219,4.344124,11.787315,0.0,0.0
2018-04-29 08:00:00,17.5,308.15503,993.7703,4.3379583,11.87906,0.0,0.0
2018-04-29 09:00:00,17.58,307.31006,994.13306,3.7958922,12.225577,0.0,0.0
2018-04-29 10:00:00,17.41,305.89142,994.6984,3.2718997,13.208048,0.0,0.0
2018-04-29 11:00:00,17.71,304.80566,995.22546,3.342765,14.0143,0.0,0.0
2018-04-29 12:00:00,18.47,303.52405,995.7661,3.2941098,15.093533,0.0,0.0
2018-04-29 13:00:00,18.68,302.26385,996.02124,3.314081,16.313644,0.0,0.0
2018-04-29 14:00:00,19.09,301.33392,996.09283,3.618591,17.155712,0.0,0.0
2018-04-29 15:00:00,19.14,300.58545,995.95593,3.8965323,17.778809,0.0,0.0
2018-04-29 16:00:00,18.98,299.84503,996.01624,4.035395,18.440649,0.0,0.0
2018-04-29 17:00:00,18.79,299.37085,995.9013,4.009085,18.789465,0.0,0.0
2018-04-29 18:00:00,18.46,298.96317,995.9309,4.022996,18.874445,0.0,0.0
2018-04-29 19:00:00,18.02,298.44763,996.7597,3.237853,19.917059,0.0,0.0
2018-04-29 20:00:00,17.26,297.96323,996.8896,2.911718,19.968552,0.0,0.0
2018-04-29 21:00:00,16.83,297.41382,997.03235,2.6956232,20.14967,0.0,0.0
2018-04-29 22:00:00,16.25,296.49005,997.5825,2.7265751,20.836662,0.0,0.0
2018-04-29 23:00:00,15.92,297.0079,998.4919,2.6003363,19.658676,0.0,0.0
2018-04-30 00:00:00,14.31,299.5606,999.0213,3.7836492,14.857668,0.0012756839,0.0
2018-04-30 01:00:00,13.96,302.0764,999.2725,5.002192,11.85803,0.0,0.0
2018-04-30 02:00:00,13.87,304.29333,998.8042,5.8987885,9.9116955,0.0,0.0
2018-04-30 03:00:00,13.57,305.63068,997.8629,5.9839797,9.161955,0.0,0.0
2018-04-30 04:00:00,13.04,306.3783,996.69104,5.4744596,8.8601675,0.0,0.0
2018-04-30 05:00:00,12.41,306.83307,995.55585,4.916822,8.674738,0.0,0.0
2018-04-30 06:00:00,12.34,307.0409,995.03937,4.4312906,8.631871,0.0,0.0
2018-04-30 07:00:00,12.07,306.81122,994.84735,3.4644845,9.104811,0.0,0.0
2018-04-30 08:00:00,11.55,306.53998,995.07635,3.0639164,9.373897,0.0,0.0
2018-04-30 09:00:00,11.17,305.82123,995.72266,2.4108334,9.949928,0.0,0.0
2018-04-30 10:00:00,11.21,304.46448,996.2569,2.3129814,11.085692,0.0,0.0
2018-04-30 11:00:00,11.38,303.00165,996.72,2.612876,12.518215,0.0,0.0
2018-04-30 12:00:00,11.37,301.48218,997.4877,2.898061,14.056274,0.0,0.0
2018-04-30 13:00:00,11.57,300.08813,997.515,3.088485,15.4705925,0.0,0.0
2018-04-30 14:00:00,11.82,298.90143,997.2761,3.1507618,16.748787,0.0,0.0
2018-04-30 15:00:00,11.56,297.86035,997.27014,3.11328,18.002716,0.0,0.0
2018-04-30 16:00:00,11.7,296.89673,997.095,3.0694861,19.21092,0.0,0.0
2018-04-30 17:00:00,11.8,296.07092,996.88104,3.0793378,20.248247,0.0,0.0
2018-04-30 18:00:00,11.6,295.34387,996.61206,3.1078494,21.261236,0.0,0.0
2018-04-30 19:00:00,11.5,293.9893,996.7951,3.0140347,23.738565,0.0,0.0
2018-04-30 20:00:00,11.45,293.0799,996.7053,2.8571324,25.70976,0.0,0.0
2018-04-30 21:00:00,11.53,292.3935,996.8522,2.7179987,27.55386,0.0,0.0
2018-04-30 22:00:00,11.62,291.8281,997.41406,2.6655333,29.260086,0.0,0.0
2018-04-30 23:00:00,11.68,293.33002,998.1731,2.271218,27.702232,0.0,0.0
2018-05-01 00:00:00,11.59,297.87115,998.5513,2.5174384,20.473272,0.0,0.0
2018-05-01 01:00:00,11.83,302.02145,998.515,2.9373934,16.248737,0.0,0.0
2018-05-01 02:00:00,11.9,305.1281,998.08575,3.8318963,13.584879,0.0,0.0
2018-05-01 03:00:00,11.88,306.48865,997.1295,3.305166,12.433652,0.0,0.0
2018-05-01 04:00:00,11.62,307.0127,996.0264,2.0423348,11.4677925,0.0,0.0
2018-05-01 05:00:00,11.28,307.37036,995.0633,1.5066441,10.983305,0.0,0.0
2018-05-01 06:00:00,11.41,307.60468,994.4387,1.3783658,10.704223,0.0,0.0
2018-05-01 07:00:00,11.19,307.5127,994.26685,1.4633406,11.092955,0.0,0.0
2018-05-01 08:00:00,10.9,307.30176,994.552,1.6308731,11.115655,0.0,0.0
2018-05-01 09:00:00,10.77,306.75058,994.8451,1.6404855,11.479944,0.0,0.0
2018-05-01 10:00:00,10.81,305.66583,995.11487,1.6518495,12.522903,0.0,0.0
2018-05-01 11:00:00,10.69,304.34042,995.6013,2.0025337,14.139596,0.0,0.0
2018-05-01 12:00:00,10.72,302.63705,996.04,2.4569595,16.06207,0.0,0.0
2018-05-01 13:00:00,11.08,301.05,996.41815,2.7889915,17.762665,0.0,0.0
2018-05-01 14:00:00,11.64,299.70984,996.36865,2.9597993,19.282679,0.0,0.0
2018-05-01 15:00:00,11.76,298.59064,996.4561,3.0174115,20.625858,0.0,0.0
2018-05-01 16:00:00,11.8,297.5348,996.2003,2.9754844,22.022137,0.0,0.0
2018-05-01 17:00:00,11.78,296.4842,995.94025,2.7725945,23.756142,0.0,0.0
2018-05-01 18:00:00,11.48,295.4402,995.5213,2.5496879,25.962431,0.0,0.0
2018-05-01 19:00:00,11.15,294.28418,995.7226,2.7868876,26.304918,0.0,0.0
2018-05-01 20:00:00,10.84,293.2049,995.52673,2.4293494,29.754566,0.0,0.0
2018-05-01 21:00:00,11.09,292.40106,995.63245,2.1041882,33.70098,0.0,0.0
2018-05-01 22:00:00,11.39,291.8565,996.2422,2.2358787,34.671284,0.0,0.0
2018-05-01 23:00:00,11.52,293.3277,996.8056,1.9764092,32.15623,0.0,0.0
2018-05-02 00:00:00,11.41,298.0141,997.426,1.9717172,22.183992,0.0,0.0
2018-05-02 01:00:00,11.32,302.22226,997.7286,2.02035,16.852646,0.0,0.0
2018-05-02 02:00:00,11.36,305.2329,997.1664,2.168176,14.224933,0.0,0.0
2018-05-02 03:00:00,11.22,307.034,996.0164,2.2612803,12.403044,0.0,0.0
2018-05-02 04:00:00,11.53,307.81622,994.835,2.0570226,11.422175,0.0,0.0
2018-05-02 05:00:00,11.47,308.19897,993.6669,1.9784356,11.252718,0.0,0.0
2018-05-02 06:00:00,11.67,308.39862,993.01483,1.9911273,11.282722,0.0,0.0
2018-05-02 07:00:00,11.74,308.5207,992.4892,2.2762399,11.091157,0.0,0.0
2018-05-02 08:00:00,11.7,308.14465,992.65564,1.9956677,11.622449,0.0,0.0
2018-05-02 09:00:00,12.25,307.46744,993.09875,1.6207209,12.443403,0.0,0.0
2018-05-02 10:00:00,12.75,306.25165,993.52966,1.6706817,13.895456,0.0,0.0
2018-05-02 11:00:00,13.25,304.90674,994.2351,2.1009514,15.814416,0.0,0.0
2018-05-02 12:00:00,13.86,303.21375,995.02344,2.5088658,18.007902,0.0,0.0
2018-05-02 13:00:00,14.11,301.56775,995.33765,2.8262563,19.998669,0.0,0.0
2018-05-02 14:00:00,14.38,300.25412,995.4546,3.06087,21.51852,0.0,0.0
2018-05-02 15:00:00,14.32,299.14404,995.48456,3.2273955,23.012634,0.0,0.0
2018-05-02 16:00:00,14.69,298.10687,995.46436,3.4428535,24.889374,0.0,0.0
2018-05-02 17:00:00,14.99,297.47333,995.16327,3.603093,26.629738,0.0,0.0
2018-05-02 18:00:00,15.35,296.81848,994.95764,3.8687983,28.694757,0.0,0.0
2018-05-02 19:00:00,15.9,295.563,995.14844,3.2930262,32.578197,0.0,0.0
2018-05-02 20:00:00,16.16,294.7963,995.3153,2.983142,36.022316,0.0,0.0
2018-05-02 21:00:00,16.8,294.2068,995.7894,2.641806,39.09405,0.0,0.0
2018-05-02 22:00:00,17.5,293.71155,996.7111,2.172347,41.626904,0.0,0.0
2018-05-02 23:00:00,17.69,294.54077,997.6479,1.357601,42.959614,0.0,0.0
2018-05-03 00:00:00,17.39,298.13037,998.27484,1.026923,28.36185,0.0,0.0
2018-05-03 01:00:00,18.11,300.9717,998.45776,1.2398956,21.501434,0.0,0.0
2018-05-03 02:00:00,18.43,303.77942,998.19586,2.0721674,17.493254,0.0,0.0
2018-05-03 03:00:00,19.01,305.96854,997.12805,3.2848399,15.154569,0.0,0.0
2018-05-03 04:00:00,19.94,307.15155,996.0439,3.2439818,13.191709,0.0,0.0
2018-05-03 05:00:00,20.54,307.65027,995.0016,2.7118413,12.378582,0.0,0.0
2018-05-03 06:00:00,21.32,307.86218,994.4539,2.2818065,12.633536,0.0,0.0
2018-05-03 07:00:00,21.97,307.56772,994.34406,2.1364563,14.007622,0.0,0.0
2018-05-03 08:00:00,22.7,307.27887,994.6857,2.320942,14.573958,0.0,0.0
2018-05-03 09:00:00,23.63,306.59564,994.9556,2.3310866,15.476291,0.0,0.0
2018-05-03 10:00:00,24.25,305.19525,995.5009,2.462451,17.908747,0.0,0.0
2018-05-03 11:00:00,24.52,303.91217,996.1294,2.6617932,20.187084,0.0,0.0
2018-05-03 12:00:00,24.95,302.70657,996.7886,2.7785347,22.409834,0.0,0.0
2018-05-03 13:00:00,25.21,301.54166,996.8571,2.8759408,24.705824,0.0,0.0
2018-05-03 14:00:00,25.32,300.56458,997.0775,2.971834,26.644236,0.0,0.0
2018-05-03 15:00:00,24.92,299.70386,996.8486,2.9832542,28.354868,0.0,0.0
2018-05-03 16:00:00,24.5,298.90417,996.6707,3.0186229,29.789764,0.0,0.0
2018-05-03 17:00:00,24.21,298.18652,996.1744,3.102997,30.882162,0.0,0.0
2018-05-03 18:00:00,24.04,297.5086,995.98596,3.1640418,31.643799,0.0,0.0
2018-05-03 19:00:00,23.93,297.02173,996.3003,4.620569,28.97124,0.0,0.0
2018-05-03 20:00:00,24.15,296.65488,996.6693,4.866827,28.78331,0.0,0.0
2018-05-03 21:00:00,24.26,296.30347,997.2433,4.7537103,29.741646,0.0,0.0
2018-05-03 22:00:00,24.39,295.86966,998.0993,4.614766,31.6865,0.0,0.0
2018-05-03 23:00:00,24.78,296.8888,999.0226,4.25946,31.3019,0.0,0.0
2018-05-04 00:00:00,24.31,299.2291,999.51514,5.7661533,28.877565,0.0,0.0
2018-05-04 01:00:00,24.01,301.62335,999.58545,5.9996934,26.295343,0.0,0.0
2018-05-04 02:00:00,23.75,304.14642,999.16315,5.5535736,22.555132,0.0,0.0
2018-05-04 03:00:00,23.66,306.40814,998.15674,5.1826396,18.565899,0.0,0.0
2018-05-04 04:00:00,24.01,307.9485,996.90314,4.6705294,15.45097,0.0,0.0
2018-05-04 05:00:00,23.9,308.71936,996.1941,3.8818617,14.566338,0.0,0.0
2018-05-04 06:00:00,23.77,309.03525,995.6845,3.2819965,14.226256,0.0,0.0
2018-05-04 07:00:00,23.47,309.11826,995.481,3.1858747,14.79668,0.0,0.0
2018-05-04 08:00:00,23.0,308.87134,995.7103,3.245106,15.050048,0.0,0.0
2018-05-04 09:00:00,22.82,308.0539,996.2006,2.8742862,15.96143,0.0,0.0
2018-05-04 10:00:00,22.74,306.3224,996.46924,2.9367468,18.163982,0.0,0.0
2018-05-04 11:00:00,22.83,304.93997,997.2263,3.3760462,20.10841,0.0,0.0
2018-05-04 12:00:00,22.76,303.73065,997.7561,3.9310522,21.777422,0.0,0.0
2018-05-04 13:00:00,22.61,302.77206,998.1948,4.4079247,22.958368,0.0,0.0
2018-05-04 14:00:00,22.34,301.9978,998.46,4.7058945,23.648975,0.0,0.0
2018-05-04 15:00:00,21.86,301.2923,998.28845,4.90338,24.113865,0.0,0.0
2018-05-04 16:00:00,21.54,300.65094,998.0657,5.020161,24.652273,0.0,0.0
2018-05-04 17:00:00,21.14,299.98526,997.5734,5.0415764,25.643787,0.0,0.0
2018-05-04 18:00:00,21.16,299.36945,997.37775,5.12047,27.206724,0.0,0.0
2018-05-04 19:00:00,21.42,298.0741,997.61725,4.614864,29.763676,0.0,0.0
2018-05-04 20:00:00,21.98,297.2698,998.30237,4.2869325,31.836927,0.0,0.0
2018-05-04 21:00:00,23.22,296.5368,998.5123,4.063558,33.822067,0.0,0.0
2018-05-04 22:00:00,23.74,296.00256,999.4749,4.0905128,36.06794,0.0,0.0
2018-05-04 23:00:00,23.25,297.3523,1000.0925,4.093773,35.125256,0.0,0.0
2018-05-05 00:00:00,21.89,300.7404,1000.58624,5.366136,30.269575,0.0,0.0
2018-05-05 01:00:00,22.56,304.0506,1000.8885,6.54294,26.49427,0.0,0.0
2018-05-05 02:00:00,23.63,306.4908,1000.6181,7.1235003,25.499176,0.0,0.0
2018-05-05 03:00:00,23.31,307.96646,999.6975,6.9472995,25.075525,0.0,0.0
2018-05-05 04:00:00,23.32,308.89227,998.5006,6.139197,24.45249,0.0,0.0
2018-05-05 05:00:00,23.83,309.4812,997.7799,4.826741,22.512997,0.0,0.0
2018-05-05 06:00:00,24.57,309.7503,997.2598,4.0848465,21.22908,0.0,0.0
2018-05-05 07:00:00,24.93,309.51758,997.0784,3.2529452,20.758387,0.0,0.0
2018-05-05 08:00:00,25.28,309.2078,997.28064,3.34364,21.074675,0.0,0.0
2018-05-05 09:00:00,25.58,308.6887,997.64624,3.5018768,21.855848,0.0,0.0
2018-05-05 10:00:00,26.6,307.62274,998.1164,3.8152425,23.728716,0.0,0.0
2018-05-05 11:00:00,27.7,306.8706,998.99097,4.711722,25.393421,0.0,0.0
2018-05-05 12:00:00,28.08,306.1286,999.6381,5.3590593,27.116405,0.0,0.0
2018-05-05 13:00:00,28.42,305.4678,999.96844,5.5099473,28.38234,0.0,0.0
2018-05-05 14:00:00,29.27,304.80762,1000.2992,5.30694,29.250437,0.0,0.0
2018-05-05 15:00:00,29.34,304.03033,1000.2425,5.1605177,30.158222,0.0,0.0
2018-05-05 16:00:00,28.78,303.40674,1000.1397,5.3257756,30.859133,0.0,0.0
2018-05-05 17:00:00,28.33,302.6321,1000.17523,5.8968782,31.053486,0.0,0.0
2018-05-05 18:00:00,28.05,301.97217,1000.0623,6.171936,29.427464,0.0,0.0
2018-05-05 19:00:00,26.97,300.56085,1000.1248,5.245736,31.666174,0.0,0.0
2018-05-05 20:00:00,26.17,299.9464,1000.4567,5.020108,30.548367,0.0,0.0
2018-05-05 21:00:00,25.93,299.52087,1000.82947,4.9580536,29.695324,0.0,0.0
2018-05-05 22:00:00,25.56,299.09143,1001.64764,4.992485,29.523066,0.0,0.0
2018-05-05 23:00:00,24.89,299.6695,1002.22125,4.5722933,28.279226,0.0,0.0
2018-05-06 00:00:00,23.34,301.35852,1002.52344,5.7731833,25.473848,0.003423997,0.0
2018-05-06 01:00:00,23.06,303.23743,1002.41064,6.0211196,23.121147,0.0,0.0
2018-05-06 02:00:00,22.8,305.33136,1002.0542,5.9374437,20.881424,0.0,0.0
2018-05-06 03:00:00,22.82,306.8109,1000.7963,5.5316186,19.794956,0.0,0.0
2018-05-06 04:00:00,22.09,307.9095,999.6272,4.831038,19.03259,0.0,0.0
2018-05-06 05:00:00,21.12,308.50238,998.4953,4.1666913,18.029604,0.0,0.0
2018-05-06 06:00:00,20.79,308.78036,997.7912,3.8304114,17.059729,0.0,0.0
2018-05-06 07:00:00,20.33,308.57788,997.31604,4.1565237,17.550137,0.0,0.0
2018-05-06 08:00:00,19.72,308.20358,997.3303,4.1308746,17.112432,0.0,0.0
2018-05-06 09:00:00,18.8,307.35754,997.7343,3.616988,17.496214,0.0,0.0
2018-05-06 10:00:00,18.45,305.77087,998.2688,2.9486065,19.3939,0.0,0.0
2018-05-06 11:00:00,17.89,304.47778,998.7633,3.0402272,21.072227,0.0,0.0
2018-05-06 12:00:00,16.99,303.23126,999.2247,3.195863,22.648539,0.0,0.0
2018-05-06 13:00:00,16.89,302.1407,999.5159,3.3682272,23.884062,0.0,0.0
2018-05-06 14:00:00,16.49,301.13055,999.5111,3.5543072,24.82933,0.0,0.0
2018-05-06 15:00:00,16.31,300.19763,999.46265,3.8306525,25.47251,0.0,0.0
2018-05-06 16:00:00,16.31,299.7047,999.28284,4.079755,25.237474,0.0,0.0
2018-05-06 17:00:00,16.66,298.87234,998.9403,4.3714237,25.427225,0.0,0.0
2018-05-06 18:00:00,16.87,298.3683,998.49396,4.5939307,25.179314,0.0,0.0
2018-05-06 19:00:00,16.63,296.27795,998.8588,3.8644736,30.098938,0.0,0.0
2018-05-06 20:00:00,16.24,295.61285,998.9252,4.021272,30.5796,0.0,0.0
2018-05-06 21:00:00,16.31,295.172,999.07263,4.0176487,30.634293,0.0,0.0
2018-05-06 22:00:00,16.27,294.8277,999.6091,3.954416,30.717003,0.0,0.0
2018-05-06 23:00:00,15.98,296.17227,1000.1983,3.596274,28.209982,0.0,0.0
2018-05-07 00:00:00,15.31,299.49976,1000.4225,4.598409,22.534142,0.0017124129,0.0
2018-05-07 01:00:00,15.59,302.63098,1000.1961,5.173953,18.588278,0.0,0.0
2018-05-07 02:00:00,15.61,305.169,999.6356,5.4915824,15.959993,0.0,0.0
2018-05-07 03:00:00,15.48,306.36462,998.5793,4.8993616,14.494252,0.0,0.0
2018-05-07 04:00:00,15.83,307.06552,997.6432,4.7734423,13.792748,0.0,0.0
2018-05-07 05:00:00,15.65,307.54312,996.64813,4.8879375,13.1655035,0.0,0.0
2018-05-07 06:00:00,15.85,307.76727,996.0803,4.898428,12.7579,0.0,0.0
2018-05-07 07:00:00,15.92,307.7826,995.6127,5.022787,13.139707,0.0,0.0
2018-05-07 08:00:00,15.6,307.35803,995.42487,5.077125,13.221452,0.0,0.0
2018-05-07 09:00:00,14.94,306.39517,995.911,4.227989,13.888103,0.0,0.0
2018-05-07 10:00:00,13.89,304.6283,996.3732,3.4630003,15.496872,0.0,0.0
2018-05-07 11:00:00,13.34,303.274,996.992,3.5409288,16.754236,0.0,0.0
2018-05-07 12:00:00,12.87,302.0274,997.5058,3.8050213,17.69771,0.0,0.0
2018-05-07 13:00:00,12.59,300.89252,997.70294,4.0182786,18.29716,0.0,0.0
2018-05-07 14:00:00,11.87,299.87698,997.89966,4.174239,18.654686,0.0,0.0
2018-05-07 15:00:00,11.75,298.94333,997.7975,4.25237,19.013874,0.0,0.0
2018-05-07 16:00:00,11.94,298.08496,997.47266,4.2633624,19.547428,0.0,0.0
2018-05-07 17:00:00,12.04,297.3008,997.29346,4.2487884,20.33104,0.0,0.0
2018-05-07 18:00:00,11.68,296.56458,997.1858,4.1739883,21.33414,0.0,0.0
2018-05-07 19:00:00,11.71,294.5948,997.2484,3.3752174,27.296526,0.0,0.0
2018-05-07 20:00:00,11.61,293.589,997.44104,3.2550268,29.439032,0.0,0.0
2018-05-07 21:00:00,11.52,292.8176,998.09436,3.3089,31.075747,0.0,0.0
2018-05-07 22:00:00,11.34,292.211,998.85767,3.3646305,32.271896,0.0,0.0
2018-05-07 23:00:00,10.98,293.5467,999.47455,3.0717542,29.846367,0.0,0.0
2018-05-08 00:00:00,10.17,297.568,999.9309,3.5291648,22.827684,0.0,0.0
2018-05-08 01:00:00,10.55,301.54556,999.7528,4.0217566,17.217852,0.0,0.0
2018-05-08 02:00:00,10.85,304.60797,999.2067,4.850424,13.066181,0.0,0.0
2018-05-08 03:00:00,10.74,306.10205,998.123,5.7712965,10.4207535,0.0,0.0
2018-05-08 04:00:00,10.93,306.89743,997.2,5.2650886,9.525128,0.0,0.0
2018-05-08 05:00:00,11.48,307.40997,996.33844,4.676602,8.919271,0.0,0.0
2018-05-08 06:00:00,12.19,307.6677,995.9395,4.182248,8.630734,0.0,0.0
2018-05-08 07:00:00,12.42,307.64294,995.33875,3.8597276,11.578543,0.0,0.0
2018-05-08 08:00:00,12.77,307.37265,995.6853,3.7953248,11.971768,0.0,0.0
2018-05-08 09:00:00,13.21,306.38782,996.1278,3.0370562,12.965549,0.0,0.0
2018-05-08 10:00:00,13.6,304.64148,996.67737,2.9337196,14.590626,0.0,0.0
2018-05-08 11:00:00,13.94,303.17114,997.36273,3.1906705,16.106243,0.0,0.0
2018-05-08 12:00:00,14.19,301.83167,997.8378,3.3933024,17.50753,0.0,0.0
2018-05-08 13:00:00,14.22,300.6811,998.3505,3.5210266,18.731949,0.0,0.0
2018-05-08 14:00:00,14.29,299.6114,998.18396,3.6225064,19.802973,0.0,0.0
2018-05-08 15:00:00,14.0,298.6505,998.3245,3.7454371,20.608297,0.0,0.0
2018-05-08 16:00:00,13.71,297.76505,998.14966,3.7635465,21.23737,0.0,0.0
2018-05-08 17:00:00,13.17,296.96094,997.97437,3.6831741,21.981297,0.0,0.0
2018-05-08 18:00:00,12.44,296.22852,997.6971,3.5859945,22.964115,0.0,0.0
2018-05-08 19:00:00,12.13,295.0039,997.77466,3.719466,23.002851,0.0,0.0
2018-05-08 20:00:00,11.85,294.1801,998.1403,3.6049364,24.335495,0.0,0.0
2018-05-08 21:00:00,11.79,293.52625,998.565,3.4701753,25.725483,0.0,0.0
2018-05-08 22:00:00,12.38,292.97382,999.1124,3.384376,27.322334,0.0,0.0
2018-05-08 23:00:00,12.66,294.25635,999.7644,3.0574017,26.647455,0.0,0.0
2018-05-09 00:00:00,13.28,297.99747,1000.34076,3.5242941,22.91544,0.0,0.0
2018-05-09 01:00:00,13.28,301.57153,1000.6142,4.0201883,20.294708,0.0,0.0
2018-05-09 02:00:00,13.33,304.51666,1000.0555,4.8701105,18.042557,0.0,0.0
2018-05-09 03:00:00,13.12,306.5683,998.9353,5.5840354,15.523012,0.0,0.0
2018-05-09 04:00:00,13.25,307.62952,997.67377,5.3228736,13.285567,0.0,0.0
2018-05-09 05:00:00,13.19,308.26166,996.8923,5.1704354,12.2563305,0.0,0.0
2018-05-09 06:00:00,12.91,308.5551,996.2977,5.150089,11.596597,0.0,0.0
2018-05-09 07:00:00,13.34,308.69095,996.019,4.909899,11.7274685,0.0,0.0
2018-05-09 08:00:00,13.73,308.3178,996.3228,4.8310647,11.7982,0.0,0.0
2018-05-09 09:00:00,13.51,307.17963,996.7113,3.8295097,12.636126,0.0,0.0
2018-05-09 10:00:00,13.54,305.23712,997.28265,3.3607442,14.259997,0.0,0.0
2018-05-09 11:00:00,13.89,303.74164,998.1101,3.5298383,15.6487255,0.0,0.0
2018-05-09 12:00:00,14.02,302.41583,998.8361,3.7141712,16.82826,0.0,0.0
2018-05-09 13:00:00,13.98,301.22543,999.3661,3.8871233,17.784264,0.0,0.0
2018-05-09 14:00:00,13.66,300.13245,999.57983,4.092772,18.530262,0.0,0.0
2018-05-09 15:00:00,13.49,299.1422,999.5687,4.2282887,19.171745,0.0,0.0
2018-05-09 16:00:00,12.87,298.23392,999.1956,4.344354,19.851591,0.0,0.0
2018-05-09 17:00:00,12.02,297.49728,999.2695,4.479609,20.521498,0.0,0.0
2018-05-09 18:00:00,11.7,296.90955,999.17236,4.5704427,21.290432,0.0,0.0
2018-05-09 19:00:00,11.04,295.61298,999.0442,4.2597218,23.9673,0.0,0.0
2018-05-09 20:00:00,10.85,294.89032,999.5226,4.105239,25.36945,0.0,0.0
2018-05-09 21:00:00,10.59,294.2953,999.84076,4.010513,26.444683,0.0,0.0
2018-05-09 22:00:00,10.55,293.80322,1000.4161,3.901367,27.252573,0.0,0.0
2018-05-09 23:00:00,10.26,295.06873,1001.1902,3.6473162,25.248915,0.0,0.0
2018-05-10 00:00:00,9.84,298.64484,1001.6788,4.5064435,19.772806,0.0,0.0
2018-05-10 01:00:00,10.15,302.1342,1002.0867,5.3931284,15.57117,0.0,0.0
2018-05-10 02:00:00,10.17,304.9853,1001.38617,6.192298,12.727857,0.0,0.0
2018-05-10 03:00:00,10.21,306.8493,1000.312,7.3630433,10.118952,0.0,0.0
2018-05-10 04:00:00,9.89,307.7453,999.21094,8.084791,9.574485,0.0,0.0
2018-05-10 05:00:00,9.71,308.27747,998.13983,7.9269404,9.21676,0.0,0.0
2018-05-10 06:00:00,9.76,308.5214,997.567,7.76867,9.048355,0.0,0.0
2018-05-10 07:00:00,9.6,308.48187,997.4842,7.324536,8.707151,0.0,0.0
2018-05-10 08:00:00,9.62,307.9768,997.6697,7.0674195,9.102195,0.0,0.0
2018-05-10 09:00:00,9.84,306.6399,997.96857,5.395829,10.111628,0.0,0.0
2018-05-10 10:00:00,9.89,304.60336,998.38556,4.457825,11.647865,0.0,0.0
2018-05-10 11:00:00,10.54,303.03467,999.06946,4.28141,13.037518,0.0,0.0
2018-05-10 12:00:00,11.42,301.75342,999.8822,4.4176574,14.290956,0.0,0.0
2018-05-10 13:00:00,12.26,300.62476,1000.3264,4.559954,15.480459,0.0,0.0
2018-05-10 14:00:00,12.89,299.6225,1000.4313,4.5189333,16.625774,0.0,0.0
2018-05-10 15:00:00,13.17,298.64624,1000.08734,4.403142,17.817938,0.0,0.0
2018-05-10 16:00:00,13.25,297.7617,1000.0131,4.286055,18.990166,0.0,0.0
2018-05-10 17:00:00,13.43,296.91882,999.5506,4.1379952,20.188837,0.0,0.0
2018-05-10 18:00:00,13.73,296.14243,999.32794,3.9607475,21.388597,0.0,0.0
2018-05-10 19:00:00,13.56,294.50443,998.90466,3.6855145,23.3856,0.0,0.0
2018-05-10 20:00:00,13.3,293.61255,999.3846,4.263194,24.905418,0.0,0.0
2018-05-10 21:00:00,13.29,293.3416,1000.0547,4.647102,25.725368,0.0,0.0
2018-05-10 22:00:00,13.6,293.2884,1000.6797,4.687108,26.665379,0.0,0.0
2018-05-10 23:00:00,13.38,294.74734,1001.5977,4.921334,25.726479,0.0,0.0
2018-05-11 00:00:00,12.81,297.84283,1002.22705,6.6464643,22.381168,0.0,0.0
2018-05-11 01:00:00,12.92,300.7241,1002.39185,7.8687353,18.066704,0.0,0.0
2018-05-11 02:00:00,13.02,303.30707,1001.8328,8.042499,14.568095,0.0,0.0
2018-05-11 03:00:00,13.26,305.06335,1000.58826,8.674958,13.327515,0.0,0.0
2018-05-11 04:00:00,13.08,305.99646,999.2541,8.836105,11.984701,0.0,0.0
2018-05-11 05:00:00,12.55,306.53748,998.2623,8.719618,10.635449,0.0,0.0
2018-05-11 06:00:00,12.51,306.7124,997.66425,8.403487,9.825661,0.0,0.0
2018-05-11 07:00:00,11.86,306.53104,997.298,8.065616,10.258012,0.0,0.0
2018-05-11 08:00:00,11.07,305.87585,997.4947,7.610864,10.177855,0.0,0.0
2018-05-11 09:00:00,10.73,304.54037,997.8786,5.940211,10.791321,0.0,0.0
2018-05-11 10:00:00,10.99,302.64423,998.37036,5.0994534,11.987125,0.0,0.0
2018-05-11 11:00:00,10.63,301.21106,999.11,5.0697064,13.079029,0.0,0.0
2018-05-11 12:00:00,9.76,299.95966,999.73706,5.1975555,14.155875,0.0,0.0
2018-05-11 13:00:00,9.63,298.83765,1000.20544,5.328667,15.260148,0.0,0.0
2018-05-11 14:00:00,9.54,297.81494,1000.4283,5.386113,16.453821,0.0,0.0
2018-05-11 15:00:00,9.76,296.8742,1000.51935,5.395757,17.754053,0.0,0.0
2018-05-11 16:00:00,9.73,296.03387,1000.4299,5.419827,19.086903,0.0,0.0
2018-05-11 17:00:00,9.95,295.24893,1000.0193,5.3607492,20.43206,0.0,0.0
2018-05-11 18:00:00,9.98,294.5206,999.7076,5.2870884,21.784187,0.0,0.0
2018-05-11 19:00:00,9.89,292.99274,999.5806,4.600399,24.586548,0.0,0.0
2018-05-11 20:00:00,9.86,292.326,999.91187,4.5237827,26.17117,0.0,0.0
2018-05-11 21:00:00,9.84,291.75488,1000.2659,4.582176,27.615341,0.0,0.0
2018-05-11 22:00:00,10.01,291.29254,1000.8839,4.716401,28.853508,0.0,0.0
2018-05-11 23:00:00,9.83,292.4302,1002.01654,4.97346,27.30519,0.0,0.0
2018-05-12 00:00:00,9.31,294.82077,1002.40936,7.0939636,23.866896,0.0017258443,0.0
2018-05-12 01:00:00,9.17,296.90912,1002.29956,8.466273,21.775473,0.0,0.0
2018-05-12 02:00:00,8.99,298.8428,1001.7551,8.802214,19.952333,0.0,0.0
2018-05-12 03:00:00,9.12,300.28586,1000.5264,8.615438,18.355911,0.0,0.0
2018-05-12 04:00:00,9.1,301.4084,999.73584,8.205768,16.840183,0.0,0.0
2018-05-12 05:00:00,9.15,302.1956,998.7143,7.8900867,15.536594,0.0,0.0
2018-05-12 06:00:00,9.21,302.60672,998.2432,7.619701,14.556372,0.0,0.0
2018-05-12 07:00:00,9.2,302.70035,997.9437,7.4259014,13.746464,0.0,0.0
2018-05-12 08:00:00,9.45,302.14978,998.16986,7.0735965,13.598825,0.0,0.0
2018-05-12 09:00:00,9.12,300.97897,998.95905,5.718021,14.281978,0.0,0.0
2018-05-12 10:00:00,9.28,299.38715,999.84814,5.0652843,15.596315,0.0,0.0
2018-05-12 11:00:00,9.24,298.1747,1000.64874,5.134564,16.529165,0.0,0.0
2018-05-12 12:00:00,8.54,297.12766,1001.228,5.337281,17.249756,0.0,0.0
2018-05-12 13:00:00,8.41,296.16873,1001.65515,5.5071096,17.903343,0.0,0.0
2018-05-12 14:00:00,8.02,295.3015,1001.73804,5.6530967,18.476126,0.0,0.0
2018-05-12 15:00:00,7.48,294.51294,1001.4279,5.699877,18.98382,0.0,0.0
2018-05-12 16:00:00,7.41,293.81854,1001.67114,5.7261424,19.445505,0.0,0.0
2018-05-12 17:00:00,7.16,293.09933,1001.3223,5.590143,20.036758,0.0,0.0
2018-05-12 18:00:00,6.58,292.44437,1000.96204,5.360766,20.676157,0.0,0.0
2018-05-12 19:00:00,6.39,290.72726,1001.29,4.7613106,23.745817,0.0,0.0
2018-05-12 20:00:00,6.27,289.93478,1001.18646,4.6010666,24.8385,0.0,0.0
2018-05-12 21:00:00,6.14,289.37317,1001.503,4.641556,25.708569,0.0,0.0
2018-05-12 22:00:00,6.26,289.03302,1002.1339,4.8351808,26.379177,0.0,0.0
2018-05-12 23:00:00,6.34,290.29742,1003.0813,5.0034256,24.749289,0.0,0.0
2018-05-13 00:00:00,5.95,292.80707,1003.6097,6.886356,21.441269,0.0,0.0
2018-05-13 01:00:00,6.38,294.8793,1003.3239,8.815578,19.783417,0.0,0.0
2018-05-13 02:00:00,6.51,296.7152,1002.7478,9.1207075,17.822433,0.0,0.0
2018-05-13 03:00:00,6.5,298.4482,1001.59644,8.879427,15.468855,0.0,0.0
2018-05-13 04:00:00,6.11,299.9223,1000.38354,8.46068,13.487679,0.0,0.0
2018-05-13 05:00:00,5.83,301.01685,999.10034,8.0514765,12.087694,0.0,0.0
2018-05-13 06:00:00,6.12,301.69067,998.5849,7.7231336,11.131432,0.0,0.0
2018-05-13 07:00:00,5.89,302.1849,998.1891,7.7629666,10.003054,0.0,0.0
2018-05-13 08:00:00,5.92,301.79294,998.4959,7.303966,9.949924,0.0,0.0
2018-05-13 09:00:00,6.08,300.581,999.1833,5.601317,10.708439,0.0,0.0
2018-05-13 10:00:00,6.2,298.74594,999.90656,4.7409053,12.056735,0.0,0.0
2018-05-13 11:00:00,6.08,297.34265,1000.94763,4.6582184,13.227213,0.0,0.0
2018-05-13 12:00:00,5.99,296.0981,1001.65326,4.6571445,14.342429,0.0,0.0
2018-05-13 13:00:00,6.13,294.98428,1001.97577,4.7049494,15.421902,0.0,0.0
2018-05-13 14:00:00,6.09,293.9583,1002.1889,4.749454,16.50185,0.0,0.0
2018-05-13 15:00:00,6.26,293.03107,1001.7848,4.7901635,17.556952,0.0,0.0
2018-05-13 16:00:00,6.35,292.28748,1001.9428,4.881287,18.509483,0.0,0.0
2018-05-13 17:00:00,6.16,291.6129,1001.4922,4.929239,19.478876,0.0,0.0
2018-05-13 18:00:00,5.95,291.01855,1001.1478,4.935831,20.487925,0.0,0.0
2018-05-13 19:00:00,6.04,289.9792,1000.822,4.598567,22.267168,0.0,0.0
2018-05-13 20:00:00,6.03,289.40204,1001.08185,4.472788,23.603737,0.0,0.0
2018-05-13 21:00:00,6.17,288.92883,1001.35864,4.4233994,24.842138,0.0,0.0
2018-05-13 22:00:00,6.18,288.57095,1001.8755,4.5811257,25.799757,0.0,0.0
2018-05-13 23:00:00,5.74,289.888,1002.4603,4.7494545,24.003414,0.0,0.0
2018-05-14 00:00:00,5.93,292.72644,1002.60516,6.287806,19.928745,0.0,0.0
2018-05-14 01:00:00,6.28,295.29877,1002.3663,7.920525,17.263775,0.0,0.0
2018-05-14 02:00:00,6.3,297.45886,1001.6223,8.6564865,14.990219,0.0,0.0
2018-05-14 03:00:00,6.42,299.25867,1000.79596,8.522288,12.913044,0.0,0.0
2018-05-14 04:00:00,6.43,300.65967,999.7522,8.157612,11.360896,0.0,0.0
2018-05-14 05:00:00,6.32,301.67508,998.8077,7.76705,10.254511,0.0,0.0
2018-05-14 06:00:00,6.33,302.2838,998.2478,7.4856267,9.517351,0.0,0.0
2018-05-14 07:00:00,6.28,302.54312,997.96124,7.224056,8.955723,0.0,0.0
2018-05-14 08:00:00,6.5,302.1287,998.46185,6.773031,9.0782385,0.0,0.0
2018-05-14 09:00:00,6.59,300.9057,999.1322,5.263219,9.935182,0.0,0.0
2018-05-14 10:00:00,6.86,299.0501,1000.0147,4.727612,11.305757,0.0,0.0
2018-05-14 11:00:00,7.1,297.61633,1000.78577,4.907611,12.406007,0.0,0.0
2018-05-14 12:00:00,7.44,296.44745,1001.54486,5.0593987,13.291677,0.0,0.0
2018-05-14 13:00:00,7.66,295.3741,1001.7182,5.2474484,14.107606,0.0,0.0
2018-05-14 14:00:00,7.53,294.44666,1001.7252,5.456676,14.866118,0.0,0.0
2018-05-14 15:00:00,7.52,293.68594,1001.46594,5.6514993,15.662332,0.0,0.0
2018-05-14 16:00:00,7.58,293.0594,1001.30756,5.7247396,16.592325,0.0,0.0
2018-05-14 17:00:00,7.18,292.47375,1001.15796,5.631779,17.6343,0.0,0.0
2018-05-14 18:00:00,6.94,291.85892,1000.4575,5.3923426,18.769764,0.0,0.0
2018-05-14 19:00:00,6.79,290.756,1000.3069,5.104152,20.68653,0.0,0.0
2018-05-14 20:00:00,6.89,290.13126,1000.29956,4.8598714,22.157995,0.0,0.0
2018-05-14 21:00:00,7.2,289.72925,1000.58813,4.705832,23.546146,0.0,0.0
2018-05-14 22:00:00,7.77,289.49423,1001.0489,4.721466,24.896315,0.0,0.0
2018-05-14 23:00:00,7.89,290.72302,1002.1941,4.8225846,24.263578,0.0,0.0
2018-05-15 00:00:00,7.92,293.24356,1002.5541,6.318106,21.807987,0.0,0.0
2018-05-15 01:00:00,8.28,295.2182,1002.6596,7.632434,20.61961,0.0,0.0
2018-05-15 02:00:00,8.47,297.43262,1002.1582,8.908948,18.972616,0.0,0.0
2018-05-15 03:00:00,8.45,298.9986,1001.08765,8.984238,16.907225,0.0,0.0
2018-05-15 04:00:00,8.02,300.16177,1000.0467,8.646488,15.203881,0.0,0.0
2018-05-15 05:00:00,7.99,301.02734,998.91956,8.294617,13.888756,0.0,0.0
2018-05-15 06:00:00,8.24,301.545,998.3521,8.066881,12.981458,0.0,0.0
2018-05-15 07:00:00,7.51,301.99182,997.78906,8.160037,12.35554,0.0,0.0
2018-05-15 08:00:00,7.23,301.50317,998.10315,7.874927,12.324648,0.0,0.0
2018-05-15 09:00:00,7.14,300.29944,998.6367,6.1617756,13.071768,0.0,0.0
2018-05-15 10:00:00,7.03,298.6907,999.08923,5.3010545,14.234747,0.0,0.0
2018-05-15 11:00:00,7.05,297.5684,999.9154,5.095019,14.985122,0.0,0.0
2018-05-15 12:00:00,6.81,296.51923,1000.4964,5.2207494,15.6038065,0.0,0.0
2018-05-15 13:00:00,6.54,295.52948,1000.97046,5.4648952,16.124975,0.0,0.0
2018-05-15 14:00:00,6.07,294.67236,1000.88385,5.70439,16.570938,0.0,0.0
2018-05-15 15:00:00,6.17,294.17316,1000.71375,5.782324,16.870508,0.0,0.0
2018-05-15 16:00:00,6.24,293.3402,1000.517,5.487025,17.87871,0.0,0.0
2018-05-15 17:00:00,6.27,292.5639,1000.34344,5.0786414,19.20599,0.0,0.0
2018-05-15 18:00:00,5.9,291.76416,1000.11505,4.7246146,20.861282,0.0,0.0
2018-05-15 19:00:00,5.96,290.25458,1000.02954,4.157033,24.893038,0.0,0.0
2018-05-15 20:00:00,6.24,289.42548,1000.23096,4.110744,27.003025,0.0,0.0
2018-05-15 21:00:00,6.41,288.73328,1000.37146,4.157588,28.913036,0.0,0.0
2018-05-15 22:00:00,6.81,288.17535,1001.0008,4.4584336,30.397537,0.0,0.0
2018-05-15 23:00:00,6.93,289.36688,1001.9833,4.879436,28.48179,0.0,0.0
2018-05-16 00:00:00,7.48,292.19617,1002.47595,6.892724,23.588058,0.0,0.0
2018-05-16 01:00:00,7.58,294.6562,1002.47815,8.731014,20.552689,0.0,0.0
2018-05-16 02:00:00,7.08,296.7867,1001.6716,9.576867,18.863007,0.0,0.0
2018-05-16 03:00:00,7.17,298.5085,1000.8395,9.763193,16.525465,0.0,0.0
2018-05-16 04:00:00,7.14,299.7935,999.7589,9.385716,14.4936695,0.0,0.0
2018-05-16 05:00:00,7.24,300.69153,998.68115,8.973856,13.049671,0.0,0.0
2018-05-16 06:00:00,7.48,301.19446,998.1238,8.647895,12.12265,0.0,0.0
2018-05-16 07:00:00,7.32,301.25134,997.96814,8.390197,11.581334,0.0,0.0
2018-05-16 08:00:00,7.34,300.78314,998.3098,8.215336,11.552424,0.0,0.0
2018-05-16 09:00:00,6.99,299.53867,998.8616,6.687249,12.327822,0.0,0.0
2018-05-16 10:00:00,6.74,297.94702,999.5733,6.006697,13.415611,0.0,0.0
2018-05-16 11:00:00,6.52,296.77075,1000.3275,5.908048,14.109545,0.0,0.0
2018-05-16 12:00:00,6.68,295.74475,1000.97925,5.9996943,14.544015,0.0,0.0
2018-05-16 13:00:00,7.01,294.78568,1001.20044,6.105427,14.83887,0.0,0.0
2018-05-16 14:00:00,6.9,293.90338,1001.2466,6.016404,15.15064,0.0,0.0
2018-05-16 15:00:00,7.05,293.12064,1001.39294,5.861292,15.633124,0.0,0.0
2018-05-16 16:00:00,6.63,292.58563,1001.2403,5.883042,16.182453,0.0,0.0
2018-05-16 17:00:00,6.56,292.04596,1000.89624,5.714828,17.106173,0.0,0.0
2018-05-16 18:00:00,6.25,291.59952,1000.53564,5.618549,18.227848,0.0,0.0
2018-05-16 19:00:00,6.18,290.31982,1000.2736,5.125026,21.250446,0.0,0.0
2018-05-16 20:00:00,6.18,289.90915,1000.27545,5.4112706,22.68794,0.0,0.0
2018-05-16 21:00:00,6.39,289.67935,1000.45953,5.7149944,23.918074,0.0,0.0
2018-05-16 22:00:00,6.6,289.4992,1001.16656,5.9520745,25.02033,0.0,0.0
2018-05-16 23:00:00,6.5,290.55884,1002.1992,6.043328,24.222004,0.0,0.0
2018-05-17 00:00:00,6.6,292.52014,1002.5559,7.7171936,21.809658,0.0017197904,0.0
2018-05-17 01:00:00,6.65,294.35297,1002.35315,9.366704,20.027039,0.0,0.0
2018-05-17 02:00:00,6.69,296.1253,1001.64825,9.8726845,18.369453,0.0,0.0
2018-05-17 03:00:00,6.81,297.70654,1000.77924,9.601446,16.538015,0.0,0.0
2018-05-17 04:00:00,6.74,299.00815,999.59467,9.109838,14.917321,0.0,0.0
2018-05-17 05:00:00,6.69,300.0278,998.60974,8.793657,13.552664,0.0,0.0
2018-05-17 06:00:00,6.97,300.65216,998.08594,8.58711,12.618281,0.0,0.0
2018-05-17 07:00:00,6.95,300.9806,997.6094,8.301594,11.213063,0.0,0.0
2018-05-17 08:00:00,6.89,300.53027,997.94885,7.9621325,11.386792,0.0,0.0
2018-05-17 09:00:00,6.91,299.28705,998.4255,6.292965,12.361075,0.0,0.0
2018-05-17 10:00:00,7.16,297.61273,999.1169,5.527799,13.719338,0.0,0.0
2018-05-17 11:00:00,7.25,296.36542,1000.0023,5.439279,14.814351,0.0,0.0
2018-05-17 12:00:00,7.13,295.30676,1000.8593,5.482431,15.886411,0.0,0.0
2018-05-17 13:00:00,7.06,294.3357,1000.9931,5.5756326,17.020695,0.0,0.0
2018-05-17 14:00:00,7.1,293.51764,1001.17737,5.7731514,18.097075,0.0,0.0
2018-05-17 15:00:00,7.34,292.82336,1001.01154,5.8530016,19.050915,0.0,0.0
2018-05-17 16:00:00,7.35,292.16858,1000.4819,5.7379427,19.990202,0.0,0.0
2018-05-17 17:00:00,7.51,291.56964,1000.1766,5.535456,20.945217,0.0,0.0
2018-05-17 18:00:00,7.35,291.0195,999.7447,5.366935,21.921843,0.0,0.0
2018-05-17 19:00:00,7.32,289.69147,999.8522,4.7449694,24.242325,0.0,0.0
2018-05-17 20:00:00,7.54,289.29684,999.85986,4.907785,25.46471,0.0,0.0
2018-05-17 21:00:00,7.55,289.03775,1000.177,5.187297,26.760593,0.0,0.0
2018-05-17 22:00:00,7.91,288.8026,1000.7056,5.4927864,28.085184,0.0,0.0
2018-05-17 23:00:00,8.0,289.89398,1001.267,5.7214165,27.023926,0.0,0.0
2018-05-18 00:00:00,8.12,292.08704,1001.6318,7.5075464,23.91273,0.0017106532,0.0
2018-05-18 01:00:00,8.31,294.2048,1001.4112,8.686518,21.449389,0.0,0.0
2018-05-18 02:00:00,8.4,296.34784,1000.65967,8.869887,19.352179,0.0,0.0
2018-05-18 03:00:00,8.85,298.3011,999.4847,8.908252,17.7168,0.0,0.0
2018-05-18 04:00:00,8.92,299.85516,998.1753,8.739503,16.445198,0.0,0.0
2018-05-18 05:00:00,9.04,300.955,997.1922,8.444603,15.371985,0.0,0.0
2018-05-18 06:00:00,9.62,301.5515,996.67694,8.040413,14.654316,0.0,0.0
2018-05-18 07:00:00,9.87,302.01587,996.33734,7.2536044,13.12722,0.0,0.0
2018-05-18 08:00:00,10.22,301.71643,996.58966,6.938173,13.324364,0.0,0.0
2018-05-18 09:00:00,10.45,300.5227,997.11774,5.44554,14.456293,0.0,0.0
2018-05-18 10:00:00,10.47,298.8485,997.8764,4.746085,16.120375,0.0,0.0
2018-05-18 11:00:00,10.41,297.59708,998.5733,4.772618,17.481482,0.0,0.0
2018-05-18 12:00:00,10.31,296.60333,998.95276,5.012945,18.623158,0.0,0.0
2018-05-18 13:00:00,10.45,295.7182,999.42377,5.1902714,19.747463,0.0,0.0
2018-05-18 14:00:00,10.22,295.3308,999.47876,5.197683,20.353952,0.0,0.0
2018-05-18 15:00:00,10.14,294.55145,999.41327,5.0146394,21.531319,0.0,0.0
2018-05-18 16:00:00,10.02,293.81638,999.3336,4.8971405,22.677235,0.0,0.0
2018-05-18 17:00:00,9.93,293.27753,999.3059,4.7525516,23.522781,0.0,0.0
2018-05-18 18:00:00,9.69,292.65833,998.6472,4.637096,24.433096,0.0,0.0
2018-05-18 19:00:00,9.58,292.31268,998.707,5.3721757,24.972765,0.0,0.0
2018-05-18 20:00:00,9.32,292.16113,998.38885,5.786103,25.014818,0.0,0.0
2018-05-18 21:00:00,9.05,291.92212,998.5055,5.921414,25.457542,0.0,0.0
2018-05-18 22:00:00,9.02,291.68997,999.01733,5.8690352,26.147974,0.0,0.0
2018-05-18 23:00:00,9.09,292.3405,999.62714,5.6407185,25.601986,0.0,0.0
2018-05-19 00:00:00,9.32,294.09393,1000.1956,7.1756907,23.137295,0.0,0.0
2018-05-19 01:00:00,9.27,295.98688,1000.2344,8.415121,20.506714,0.0,0.0
2018-05-19 02:00:00,9.12,297.77988,999.8042,8.614324,18.204618,0.0,0.0
2018-05-19 03:00:00,9.09,299.35748,998.7369,8.563194,16.364082,0.0,0.0
2018-05-19 04:00:00,8.84,300.54205,997.91455,8.202437,15.027863,0.0,0.0
2018-05-19 05:00:00,8.86,301.38458,997.21265,7.694713,14.007921,0.0,0.0
2018-05-19 06:00:00,8.84,301.8446,996.795,7.2843547,13.328807,0.0,0.0
2018-05-19 07:00:00,8.64,302.03534,996.3228,6.7415547,11.785461,0.0,0.0
2018-05-19 08:00:00,8.75,301.64136,996.7902,6.510792,11.867566,0.0,0.0
2018-05-19 09:00:00,8.77,300.38934,997.17584,5.113775,12.774676,0.0,0.0
2018-05-19 10:00:00,8.62,298.58923,998.0014,4.510887,14.288336,0.0,0.0
2018-05-19 11:00:00,8.65,297.14606,998.3123,4.6053853,15.609743,0.0,0.0
2018-05-19 12:00:00,8.58,295.971,999.09607,4.874259,16.784594,0.0,0.0
2018-05-19 13:00:00,8.56,294.91644,999.33905,5.169248,17.919277,0.0,0.0
2018-05-19 14:00:00,8.36,294.01437,999.37054,5.420741,18.99208,0.0,0.0
2018-05-19 15:00:00,8.38,293.23688,999.1234,5.5823526,20.03271,0.0,0.0
2018-05-19 16:00:00,8.38,292.62085,998.9431,5.5443435,20.97821,0.0,0.0
2018-05-19 17:00:00,8.12,291.93903,998.85,5.3446674,22.069923,0.0,0.0
2018-05-19 18:00:00,7.72,291.3339,998.645,5.1407886,23.063534,0.0,0.0
2018-05-19 19:00:00,7.43,290.2986,998.69653,4.843157,25.11563,0.0,0.0
2018-05-19 20:00:00,7.5,289.60803,998.77545,4.588928,26.228949,0.0,0.0
2018-05-19 21:00:00,8.17,289.0298,998.8915,4.4633045,27.119255,0.0,0.0
2018-05-19 22:00:00,8.93,288.62714,999.6861,4.5224457,27.723492,0.0,0.0
2018-05-19 23:00:00,9.43,289.80298,1000.2835,4.71627,25.845808,0.0,0.0
2018-05-20 00:00:00,9.63,292.6402,1000.84674,6.3007083,21.876722,0.0,0.0
2018-05-20 01:00:00,10.3,295.2366,1000.6741,7.640445,19.569633,0.0,0.0
2018-05-20 02:00:00,10.63,297.65863,1000.1945,8.006819,18.297459,0.0,0.0
2018-05-20 03:00:00,10.8,299.71796,999.0569,8.183016,17.773418,0.0,0.0
2018-05-20 04:00:00,10.87,301.31506,998.0574,8.205019,17.700798,0.0,0.0
2018-05-20 05:00:00,11.02,302.4031,997.20197,7.894168,17.69123,0.0,0.0
2018-05-20 06:00:00,11.63,303.02103,996.52026,7.46154,17.478714,0.0,0.0
2018-05-20 07:00:00,12.35,303.1833,996.2418,6.7885566,16.47714,0.0,0.0
2018-05-20 08:00:00,12.68,302.9101,996.79865,6.4912906,16.992975,0.0,0.0
2018-05-20 09:00:00,13.05,301.77185,997.31006,5.01915,18.638933,0.0,0.0
2018-05-20 10:00:00,13.26,300.046,997.8577,4.446791,21.123348,0.0,0.0
2018-05-20 11:00:00,13.4,298.77112,998.3451,4.6019115,23.297691,0.0,0.0
2018-05-20 12:00:00,14.2,297.7572,999.15204,4.858558,25.249144,0.0,0.0
2018-05-20 13:00:00,14.99,296.9032,999.38654,5.201871,26.966074,0.0,0.0
2018-05-20 14:00:00,15.71,296.19824,999.55237,5.49526,28.368032,0.0,0.0
2018-05-20 15:00:00,15.84,295.56232,999.50916,5.6480327,29.516989,0.0,0.0
2018-05-20 16:00:00,15.83,294.9625,999.40314,5.6615286,30.566544,0.0,0.0
2018-05-20 17:00:00,15.83,294.37677,999.3518,5.4007745,31.665016,0.0,0.0
2018-05-20 18:00:00,15.08,293.7851,999.1701,5.1971035,32.836647,0.0,0.0
2018-05-20 19:00:00,15.11,292.67352,998.8967,5.0515323,35.475304,0.0,0.0
2018-05-20 20:00:00,14.87,292.22986,999.11096,5.1960483,35.893806,0.0,0.0
2018-05-20 21:00:00,14.59,291.91077,999.5086,5.4378543,34.87892,0.0,0.0
2018-05-20 22:00:00,14.67,291.661,1000.1093,5.6622705,33.02267,0.0,0.0
2018-05-20 23:00:00,14.89,292.66327,1000.7505,5.732364,29.553932,0.0,0.0
2018-05-21 00:00:00,14.78,294.69,1001.1062,7.339058,25.947922,0.0,0.0
2018-05-21 01:00:00,15.01,296.74683,1001.0781,8.557692,23.494658,0.0,0.0
2018-05-21 02:00:00,15.2,298.70352,1000.27264,8.652525,21.646666,0.0,0.0
2018-05-21 03:00:00,15.21,300.67743,999.15424,8.552571,20.621498,0.0,0.0
2018-05-21 04:00:00,15.18,302.0267,998.0239,8.169168,20.785164,0.0,0.0
2018-05-21 05:00:00,15.33,302.8415,997.4414,7.6040144,21.053415,0.0,0.0
2018-05-21 06:00:00,15.64,303.3075,997.1486,7.039675,20.932116,0.0,0.0
2018-05-21 07:00:00,15.71,303.84766,997.0139,6.0342712,20.119648,0.0,0.0
2018-05-21 08:00:00,16.23,303.7064,997.71826,5.662842,20.010714,0.0,0.0
2018-05-21 09:00:00,16.85,302.62674,998.2417,4.4006534,21.21562,0.0,0.0
2018-05-21 10:00:00,17.0,300.976,998.7612,4.248977,23.27567,0.0,0.0
2018-05-21 11:00:00,16.95,299.96555,999.41455,4.682885,24.409447,0.0,0.0
2018-05-21 12:00:00,17.29,299.09732,999.88763,5.101483,25.074375,0.0,0.0
2018-05-21 13:00:00,18.33,298.1684,1000.2444,5.5050817,25.784094,0.0,0.0
2018-05-21 14:00:00,18.84,297.4818,1000.3752,5.9433365,26.411077,0.0,0.0
2018-05-21 15:00:00,19.42,296.98346,1000.40045,5.931914,27.193329,0.0,0.0
2018-05-21 16:00:00,20.07,296.58133,1000.16986,6.217402,28.180841,0.0,0.0
2018-05-21 17:00:00,20.07,296.0968,999.9331,6.552656,29.503155,0.0,0.0
2018-05-21 18:00:00,19.9,295.50284,999.6174,6.6022606,30.78085,0.0,0.0
2018-05-21 19:00:00,19.16,295.039,998.95306,6.483518,32.094276,0.0,0.0
2018-05-21 20:00:00,18.9,294.59396,999.16705,6.626335,31.79431,0.0,0.0
2018-05-21 21:00:00,18.95,294.29492,999.3181,6.763892,30.064878,0.0,0.0
2018-05-21 22:00:00,18.93,293.7789,1000.0396,6.79752,28.552958,0.0,0.01
2018-05-21 23:00:00,19.06,294.16614,1000.69696,6.7112145,26.119635,0.0,0.0
2018-05-22 00:00:00,18.67,295.26672,1001.1889,8.310499,23.006783,0.0012779465,0.0
2018-05-22 01:00:00,18.55,296.7303,1001.3686,9.114623,20.354015,0.0,0.0
2018-05-22 02:00:00,18.21,297.9833,1000.9295,8.718528,18.706532,0.0,0.0
2018-05-22 03:00:00,17.75,299.36075,1000.38654,8.096578,17.490288,0.0,0.0
2018-05-22 04:00:00,18.09,300.71942,999.49945,7.3003483,16.738129,0.0,0.0
2018-05-22 05:00:00,19.24,301.35675,998.92615,6.607421,16.692411,0.0,0.0
2018-05-22 06:00:00,19.98,301.33685,998.58154,6.1875095,17.08565,0.0,0.0
2018-05-22 07:00:00,20.66,302.1327,997.93585,4.2888565,18.166851,0.0,0.0
2018-05-22 08:00:00,20.42,301.89752,998.64795,3.8434875,18.550325,0.0,0.0
2018-05-22 09:00:00,20.15,300.90497,999.02563,3.7243512,20.190441,0.0,0.0
2018-05-22 10:00:00,20.48,299.73987,999.4584,4.49238,21.73514,0.0,0.28
2018-05-22 11:00:00,21.27,298.88675,999.6465,5.129728,22.274927,0.0,0.0
2018-05-22 12:00:00,21.54,298.08392,1000.14526,5.1664395,22.526066,0.0,0.0
2018-05-22 13:00:00,22.21,297.41348,1000.59644,5.0428395,22.631008,0.0,0.0
2018-05-22 14:00:00,23.33,296.76843,1000.9218,4.99334,22.58058,0.0,0.0
2018-05-22 15:00:00,23.95,296.31567,1000.5666,5.583434,22.27664,0.0,0.0
2018-05-22 16:00:00,24.3,296.03467,1000.1044,5.917491,22.429474,0.0,0.0
2018-05-22 17:00:00,24.5,295.65808,999.7603,5.888688,22.972635,0.0,0.0
2018-05-22 18:00:00,24.73,295.22845,999.3045,5.622628,23.483984,0.0,0.0
2018-05-22 19:00:00,25.14,294.46942,999.2439,4.641407,27.626282,0.0,0.0
2018-05-22 20:00:00,24.96,293.73572,999.4855,4.119931,27.73649,0.0,0.0
2018-05-22 21:00:00,24.48,293.14514,999.50055,4.1700063,26.858658,0.0,0.0
2018-05-22 22:00:00,24.18,292.79535,999.734,4.9651923,24.997828,0.0,0.0
2018-05-22 23:00:00,24.32,293.77692,1000.03204,5.5162115,21.71738,0.0,1.01
2018-05-23 00:00:00,24.59,295.40625,1000.54376,7.042329,18.596502,0.0,0.0
2018-05-23 01:00:00,24.79,296.99023,1000.14795,8.177415,16.904472,0.0,0.0
2018-05-23 02:00:00,25.64,299.05963,999.73364,7.712851,15.513905,0.0,0.0
2018-05-23 03:00:00,25.69,300.68878,998.70874,7.031901,15.007814,0.0,0.0
2018-05-23 04:00:00,25.42,302.1341,997.38556,6.691831,15.141254,0.0,0.0
2018-05-23 05:00:00,24.73,303.3296,996.5324,5.491612,15.498606,0.0,0.0
2018-05-23 06:00:00,24.39,303.91318,996.1156,4.1586432,15.5910225,0.0,0.0
2018-05-23 07:00:00,23.9,303.60327,996.01135,2.932323,16.063097,0.0,0.0
2018-05-23 08:00:00,23.41,303.50305,996.35486,3.7311618,16.216015,0.0,0.0
2018-05-23 09:00:00,22.86,302.19986,996.6503,3.948724,17.770369,0.0,0.0
2018-05-23 10:00:00,22.64,300.46033,997.20984,4.7048917,19.769318,0.0,0.0
2018-05-23 11:00:00,22.64,299.40955,997.8801,5.057604,21.153732,0.0,0.0
2018-05-23 12:00:00,22.58,298.58954,998.1232,5.0074253,22.320498,0.0,0.0
2018-05-23 13:00:00,22.57,297.72717,998.5678,5.000751,23.366238,0.0,0.0
2018-05-23 14:00:00,22.33,296.94653,998.5023,5.1692824,24.156887,0.0,0.0
2018-05-23 15:00:00,22.07,296.18408,998.541,5.247364,25.43699,0.0,0.0
2018-05-23 16:00:00,21.78,295.49194,998.1192,5.1898913,27.249035,0.0,0.0
2018-05-23 17:00:00,21.34,294.88116,997.9242,5.0063033,28.617725,0.0,0.0
2018-05-23 18:00:00,20.66,294.33087,997.54,4.8504267,29.281157,0.0,0.0
2018-05-23 19:00:00,20.03,292.99103,997.1303,4.4414735,32.36995,0.0,0.0
2018-05-23 20:00:00,18.88,292.46387,997.42896,4.3646517,32.802887,0.0,0.0
2018-05-23 21:00:00,18.11,291.9897,997.35065,4.256259,33.102146,0.0,0.0
2018-05-23 22:00:00,17.26,291.58856,998.0407,4.2310605,33.400387,0.0,0.0
2018-05-23 23:00:00,16.73,292.49896,998.76294,4.139742,31.262743,0.0,0.0
2018-05-24 00:00:00,15.77,295.2519,999.0768,5.298076,25.57195,0.0017225741,0.0
2018-05-24 01:00:00,15.48,297.9494,998.9189,5.9665065,21.004194,0.0,0.0
2018-05-24 02:00:00,15.42,300.3468,998.36725,5.9091005,17.858133,0.0,0.0
2018-05-24 03:00:00,15.37,302.16333,996.9726,5.291491,16.06027,0.0,0.0
2018-05-24 04:00:00,15.01,303.4981,995.84204,4.5010014,14.777083,0.0,0.0
2018-05-24 05:00:00,15.07,304.38666,994.8758,3.871613,13.779079,0.0,0.0
2018-05-24 06:00:00,15.07,304.93704,994.41736,3.5181968,13.0788355,0.0,0.0
2018-05-24 07:00:00,15.31,304.8559,994.1909,2.9156249,12.554812,0.0,0.0
2018-05-24 08:00:00,15.04,304.64166,994.4483,2.9105115,12.550105,0.0,0.0
2018-05-24 09:00:00,15.05,303.608,995.161,2.444978,13.664629,0.0,0.0
2018-05-24 10:00:00,15.11,301.87115,995.7873,2.863088,15.676291,0.0,0.0
2018-05-24 11:00:00,15.19,300.16174,996.14594,3.2095456,17.69307,0.0,0.0
2018-05-24 12:00:00,15.18,298.73532,996.4328,3.4512644,19.422226,0.0,0.0
2018-05-24 13:00:00,14.72,297.54523,996.49384,3.5437465,20.973133,0.0,0.0
2018-05-24 14:00:00,14.24,296.49835,996.5729,3.665573,22.34124,0.0,0.0
2018-05-24 15:00:00,14.22,295.5948,996.29047,3.8803341,23.400734,0.0,0.0
2018-05-24 16:00:00,14.31,294.82227,995.91956,3.9195793,24.206692,0.0,0.0
2018-05-24 17:00:00,13.75,294.08652,995.72076,3.8258908,24.90741,0.0,0.0
2018-05-24 18:00:00,13.01,293.3824,995.6575,3.7715912,25.436533,0.0,0.0
2018-05-24 19:00:00,12.77,291.84753,995.24976,3.772082,28.906996,0.0,0.0
2018-05-24 20:00:00,12.66,291.07776,995.242,3.7644782,30.187962,0.0,0.0
2018-05-24 21:00:00,12.7,290.64145,995.7821,3.6998577,31.329166,0.0,0.0
2018-05-24 22:00:00,12.84,290.30933,996.32245,3.6206672,32.691696,0.0,0.0
2018-05-24 23:00:00,12.68,291.44516,997.30774,3.36192,31.581852,0.0,0.0
2018-05-25 00:00:00,13.06,295.2425,997.96094,3.8021753,25.771019,0.0012874065,0.0
2018-05-25 01:00:00,13.39,298.77957,997.8299,4.4135804,21.389399,0.0,0.0
2018-05-25 02:00:00,13.76,301.67603,997.0225,4.723855,18.279202,0.0,0.0
2018-05-25 03:00:00,13.74,303.812,995.78186,4.643671,16.126379,0.0,0.0
2018-05-25 04:00:00,13.74,305.008,994.5639,3.5577016,14.817473,0.0,0.0
2018-05-25 05:00:00,13.93,305.66357,993.7308,2.4644313,14.17603,0.0,0.0
2018-05-25 06:00:00,13.88,306.00937,993.28094,1.7770875,13.873132,0.0,0.0
2018-05-25 07:00:00,13.44,306.08142,992.8229,0.73238605,13.909684,0.0,0.0
2018-05-25 08:00:00,12.73,305.8853,993.05005,1.0029304,14.048439,0.0,0.0
2018-05-25 09:00:00,12.12,305.2445,993.4136,1.1624628,14.826457,0.0,0.0
2018-05-25 10:00:00,12.06,303.89844,993.96985,1.5988873,16.657898,0.0,0.0
2018-05-25 11:00:00,12.32,301.9792,994.4928,2.2627606,19.717146,0.0,0.0
2018-05-25 12:00:00,12.53,300.16226,995.09436,2.7481112,22.130983,0.0,0.0
2018-05-25 13:00:00,12.88,298.55505,995.4963,2.983346,24.479889,0.0,0.0
2018-05-25 14:00:00,13.04,297.12952,995.59076,3.0106156,26.64949,0.0,0.0
2018-05-25 15:00:00,13.13,295.9687,995.7175,3.0546722,28.343073,0.0,0.0
2018-05-25 16:00:00,12.99,295.02313,995.6477,3.1529145,29.360807,0.0,0.0
2018-05-25 17:00:00,12.59,294.2552,995.5733,3.23619,29.786911,0.0,0.0
2018-05-25 18:00:00,12.3,293.54968,995.0985,3.17437,30.156866,0.0,0.0
2018-05-25 19:00:00,12.67,292.4875,995.3172,3.1866603,30.444893,0.0,0.0
2018-05-25 20:00:00,12.72,291.52246,995.5178,2.811007,32.738144,0.0,0.0
2018-05-25 21:00:00,13.21,290.65607,995.8773,2.568021,35.227566,0.0,0.0
2018-05-25 22:00:00,13.38,289.84726,996.5239,2.326106,38.129818,0.0,0.0
2018-05-25 23:00:00,13.47,290.42578,997.15686,1.7177808,40.094597,0.0,0.0
2018-05-26 00:00:00,14.0,294.89948,997.5527,1.5830842,27.827526,0.0,0.0
2018-05-26 01:00:00,14.48,298.8172,997.6797,1.6387947,21.690302,0.0,0.0
2018-05-26 02:00:00,15.0,301.7467,997.12476,1.6244191,18.444311,0.0,0.0
2018-05-26 03:00:00,15.24,303.75516,996.4288,1.993592,16.23934,0.0,0.0
2018-05-26 04:00:00,15.2,305.1344,995.437,2.4222403,15.015761,0.0,0.0
2018-05-26 05:00:00,14.96,305.92023,994.47266,2.304587,14.089753,0.0,0.0
2018-05-26 06:00:00,14.61,306.23383,993.78516,1.8455418,13.567485,0.0,0.0
2018-05-26 07:00:00,14.05,306.26517,993.6133,1.6771208,14.067332,0.0,0.0
2018-05-26 08:00:00,13.65,305.94318,993.9739,1.2522132,14.272123,0.0,0.0
2018-05-26 09:00:00,13.88,305.2382,994.4801,0.7112697,15.136166,0.0,0.0
2018-05-26 10:00:00,14.42,304.04236,994.9187,0.19359474,16.479988,0.0,0.0
2018-05-26 11:00:00,14.65,303.1339,995.3603,0.227756,17.435266,0.0,0.0
2018-05-26 12:00:00,14.78,302.1277,995.8242,0.5308015,19.300745,0.0,0.0
2018-05-26 13:00:00,15.43,300.33044,995.9867,1.2757006,22.996937,0.0,0.0
2018-05-26 14:00:00,15.79,297.2853,996.07446,2.226967,29.788548,0.0,0.0
2018-05-26 15:00:00,15.86,295.81244,996.05646,2.2957942,33.612885,0.0,0.0
2018-05-26 16:00:00,16.1,295.25677,995.9972,1.818266,36.2297,0.0,0.0
2018-05-26 17:00:00,16.43,295.32086,995.91986,1.104654,36.256386,0.0,0.0
2018-05-26 18:00:00,16.88,294.81546,995.75464,1.1144623,37.64362,0.0,0.0
2018-05-26 19:00:00,17.22,292.68695,996.12164,1.4725177,46.520393,0.0,0.0
2018-05-26 20:00:00,17.3,292.8241,996.25903,1.0866519,46.4273,0.0,0.0
2018-05-26 21:00:00,17.75,291.6986,996.46735,1.3657864,51.936413,0.0,0.0
2018-05-26 22:00:00,17.87,290.38956,996.9606,1.9398129,58.274616,0.0,0.0
2018-05-26 23:00:00,18.23,291.11038,997.6142,1.441537,59.5736,0.0,0.0
2018-05-27 00:00:00,19.14,295.4841,998.31506,1.0574462,45.041897,0.0,0.0
2018-05-27 01:00:00,19.53,298.1944,998.6939,1.274242,37.796436,0.0,0.0
2018-05-27 02:00:00,19.88,300.73788,998.5433,1.7834178,30.907608,0.0,0.0
2018-05-27 03:00:00,19.73,303.06842,997.6328,2.21524,25.336689,0.0,0.0
2018-05-27 04:00:00,19.95,304.61243,996.3787,2.0276544,21.538818,0.0,0.0
2018-05-27 05:00:00,20.67,305.35382,995.2872,1.541991,18.782408,0.0,0.0
2018-05-27 06:00:00,21.35,305.66748,994.3831,1.3275279,17.444355,0.0,0.0
2018-05-27 07:00:00,21.66,305.90503,993.834,1.1988151,17.514143,0.0,0.0
2018-05-27 08:00:00,21.31,305.75018,994.02423,1.7296679,17.57435,0.0,0.0
2018-05-27 09:00:00,21.66,305.03455,994.3187,1.6726663,18.461252,0.0,0.0
2018-05-27 10:00:00,21.83,303.92767,994.79266,1.8336271,19.946823,0.0,0.0
2018-05-27 11:00:00,22.26,302.52167,995.40796,2.3204017,22.061491,0.0,0.0
2018-05-27 12:00:00,22.89,300.95728,995.8223,2.8220847,24.275719,0.0,0.0
2018-05-27 13:00:00,22.74,299.63428,996.1322,3.2334292,26.20121,0.0017053119,0.0
2018-05-27 14:00:00,22.48,298.65857,996.40576,3.5739954,27.868153,0.0,0.0
2018-05-27 15:00:00,22.33,297.8551,996.6189,3.8532734,29.624382,0.0,0.0
2018-05-27 16:00:00,22.09,297.14282,996.3195,4.123744,31.44339,0.0,0.0
2018-05-27 17:00:00,21.86,296.53265,996.2536,4.2500167,33.002026,0.0,0.0
2018-05-27 18:00:00,21.5,295.89758,995.85956,4.2166176,34.101276,0.0,0.0
2018-05-27 19:00:00,21.2,294.57645,996.216,3.6923964,37.51856,0.0,0.0
2018-05-27 20:00:00,20.84,293.7279,996.247,3.6250935,38.578453,0.0,0.0
2018-05-27 21:00:00,20.47,293.03912,996.8253,3.4518116,39.044865,0.0,0.0
2018-05-27 22:00:00,19.28,292.4383,997.6199,3.358586,39.27681,0.0,0.0
2018-05-27 23:00:00,18.5,293.17215,998.3611,3.0952048,36.537083,0.0,0.0
2018-05-28 00:00:00,18.12,296.40353,998.9835,3.9408998,28.93193,0.0042671086,0.0
2018-05-28 01:00:00,18.0,299.54965,998.92993,4.962537,24.381327,0.0,0.0
2018-05-28 02:00:00,17.69,302.42563,998.40424,5.4405384,20.76558,0.0,0.0
2018-05-28 03:00:00,16.69,304.7323,997.26843,5.614774,17.481789,0.0,0.0
2018-05-28 04:00:00,15.76,306.12238,996.01953,5.095277,15.3755665,0.0,0.0
2018-05-28 05:00:00,15.52,306.835,994.97095,4.3783293,14.238169,0.0,0.0
2018-05-28 06:00:00,15.62,307.11496,994.2766,3.9544365,13.813092,0.0,0.0
2018-05-28 07:00:00,15.33,307.02277,993.8522,3.684916,14.003791,0.0,0.0
2018-05-28 08:00:00,14.77,306.694,994.0647,3.6492257,14.181677,0.0,0.0
2018-05-28 09:00:00,15.02,305.45892,994.41595,2.932068,15.389797,0.0,0.0
2018-05-28 10:00:00,14.9,303.50626,995.0212,3.2492568,17.394444,0.0,0.0
2018-05-28 11:00:00,15.05,301.88434,995.7033,3.6997027,19.328539,0.0,0.0
2018-05-28 12:00:00,15.7,300.57825,996.2436,4.034176,21.15184,0.0,0.0
2018-05-28 13:00:00,16.07,299.4992,996.7525,4.301802,22.818644,0.0,0.0
2018-05-28 14:00:00,16.02,298.572,996.8254,4.4767714,24.285822,0.0,0.0
2018-05-28 15:00:00,16.21,297.78278,996.90076,4.503098,25.536427,0.0,0.0
2018-05-28 16:00:00,16.74,297.08276,996.8586,4.4386826,26.652653,0.0,0.0
2018-05-28 17:00:00,17.14,296.50363,996.75525,4.4779916,27.623316,0.0,0.0
2018-05-28 18:00:00,17.31,296.11066,996.3668,4.566476,28.34497,0.0,0.0
2018-05-28 19:00:00,17.24,294.91544,996.6489,4.293512,30.7757,0.0,0.0
2018-05-28 20:00:00,17.04,294.43655,996.5851,4.274156,31.84731,0.0,0.0
2018-05-28 21:00:00,17.08,294.1524,997.0399,4.2082205,32.602097,0.0,0.0
2018-05-28 22:00:00,16.67,293.9861,997.58185,4.2974715,33.117466,0.0,0.0
2018-05-28 23:00:00,16.14,295.19516,998.40186,4.33742,31.030794,0.0,0.0
2018-05-29 00:00:00,15.61,297.8247,998.9879,5.5606856,26.771566,0.0,0.0
2018-05-29 01:00:00,15.52,300.16382,999.0282,6.816957,23.906858,0.0,0.0
2018-05-29 02:00:00,15.43,302.31592,998.6714,7.3363767,21.324276,0.0,0.0
2018-05-29 03:00:00,15.2,304.20166,997.59906,7.711361,19.449915,0.0,0.0
2018-05-29 04:00:00,14.89,305.36148,996.4141,7.3589926,20.198603,0.0,0.0
2018-05-29 05:00:00,14.62,306.0563,995.48236,6.5977483,20.135426,0.0,0.0
2018-05-29 06:00:00,14.21,306.46243,994.87537,5.762257,19.153616,0.0,0.0
2018-05-29 07:00:00,15.11,306.71027,994.4917,5.6337504,17.751125,0.0,0.0
2018-05-29 08:00:00,15.9,306.3153,994.81525,5.23377,18.167534,0.0,0.0
2018-05-29 09:00:00,16.84,305.0268,995.2075,3.7033157,19.601915,0.0,0.0
2018-05-29 10:00:00,16.88,303.23004,995.84,3.1914651,21.728846,0.0,0.0
2018-05-29 11:00:00,16.16,301.81226,996.1097,3.179538,23.538485,0.0,0.0
2018-05-29 12:00:00,16.13,300.51453,996.59454,3.2320206,25.239367,0.0,0.0
2018-05-29 13:00:00,16.54,299.36768,996.7974,3.329839,26.726078,0.0,0.0
2018-05-29 14:00:00,16.48,298.7269,996.9639,3.403366,27.450996,0.0,0.0
2018-05-29 15:00:00,16.58,298.07712,997.0056,3.5129402,28.348434,0.0,0.0
2018-05-29 16:00:00,17.33,297.60803,996.8814,3.5756211,29.177105,0.0,0.0
2018-05-29 17:00:00,17.13,297.123,996.7698,3.7437165,30.131388,0.0,0.0
2018-05-29 18:00:00,17.21,296.8266,996.6389,3.8448353,30.860632,0.0,0.0
2018-05-29 19:00:00,16.97,296.84137,996.7816,4.1733665,33.278793,0.0,0.0
2018-05-29 20:00:00,16.56,296.3017,996.74194,4.3691096,35.100315,0.0,0.0
2018-05-29 21:00:00,16.07,296.14618,996.91846,4.457872,35.949005,0.0,0.0
2018-05-29 22:00:00,15.57,295.91418,997.627,4.742619,36.56182,0.0,0.0
2018-05-29 23:00:00,15.36,296.58734,998.5655,5.1939588,34.788322,0.0,0.0
2018-05-30 00:00:00,14.25,299.13486,999.3209,5.9464293,28.839163,0.0012887369,0.0
2018-05-30 01:00:00,14.02,301.64532,999.33563,7.337636,23.710108,0.0,0.0
2018-05-30 02:00:00,13.72,303.92743,999.0583,9.006719,19.21831,0.0,0.0
2018-05-30 03:00:00,14.19,304.7801,998.2812,9.582034,17.004963,0.0,0.0
2018-05-30 04:00:00,14.31,305.27045,997.3018,9.245205,16.260231,0.0,0.0
2018-05-30 05:00:00,14.76,305.58893,996.35864,8.953493,15.832713,0.0,0.0
2018-05-30 06:00:00,15.4,305.72406,995.80774,8.525531,15.632563,0.0,0.0
2018-05-30 07:00:00,16.12,305.69913,995.4769,8.002581,15.467689,0.0,0.0
2018-05-30 08:00:00,16.82,305.12946,995.6791,7.8128805,16.058636,0.0,0.0
2018-05-30 09:00:00,17.38,303.8625,996.2025,6.161481,17.538607,0.0,0.0
2018-05-30 10:00:00,18.15,302.29712,996.96814,5.37003,19.472343,0.0,0.0
2018-05-30 11:00:00,18.77,301.14032,997.8005,5.198001,21.097694,0.0,0.0
2018-05-30 12:00:00,19.32,300.09546,998.4397,5.254771,22.70721,0.0,0.0
2018-05-30 13:00:00,19.89,299.3497,998.6381,5.870841,24.042185,0.0,0.0
2018-05-30 14:00:00,20.55,298.97183,998.5666,6.4088726,24.943624,0.0,0.0
2018-05-30 15:00:00,20.69,298.61603,998.849,6.5230117,25.803862,0.0,0.0
2018-05-30 16:00:00,21.01,298.12854,998.8175,6.316443,26.684242,0.0,0.0
2018-05-30 17:00:00,21.08,297.5921,999.01404,5.515141,27.46371,0.0,0.0
2018-05-30 18:00:00,20.49,296.73663,998.8546,5.0418534,28.685268,0.0,0.0
2018-05-30 19:00:00,20.45,295.81137,998.4492,5.450389,30.145523,0.0,0.0
2018-05-30 20:00:00,20.28,295.0974,998.8766,5.4019685,31.314585,0.0,0.0
2018-05-30 21:00:00,20.24,294.51257,999.3089,5.390722,32.39483,0.0,0.0
2018-05-30 22:00:00,19.83,294.00098,1000.1611,5.3515153,33.539635,0.0,0.0
2018-05-30 23:00:00,19.04,294.5862,1000.97656,5.250639,32.67537,0.0,0.0
2018-05-31 00:00:00,18.62,296.70984,1001.54175,6.4854918,29.124218,0.0,0.0
2018-05-31 01:00:00,18.64,298.8158,1001.5464,7.8868976,26.403347,0.0,0.0
2018-05-31 02:00:00,18.92,300.5863,1000.6534,8.327461,24.180109,0.0,0.0
2018-05-31 03:00:00,18.82,302.01102,999.47327,8.151017,22.273918,0.0,0.0
2018-05-31 04:00:00,18.44,303.08313,998.1331,7.347493,21.280462,0.0,0.0
2018-05-31 05:00:00,18.37,303.75006,996.93634,6.183782,20.974455,0.0,0.0
2018-05-31 06:00:00,18.76,304.0609,996.2914,5.0569196,20.735424,0.0,0.0
2018-05-31 07:00:00,19.01,304.2151,995.6994,3.2305832,20.18421,0.0,0.0
2018-05-31 08:00:00,19.1,303.9144,996.0561,2.7021399,20.430256,0.0,0.0
2018-05-31 09:00:00,19.31,303.11157,996.4843,2.2005985,21.486074,0.0,0.0
2018-05-31 10:00:00,19.58,301.63474,996.9816,2.748332,23.573233,0.0,0.0
2018-05-31 11:00:00,20.08,300.2185,997.3511,3.225241,25.563622,0.0,0.0
2018-05-31 12:00:00,20.46,299.07007,997.78156,3.5996969,27.081383,0.0,0.0
2018-05-31 13:00:00,20.15,298.06012,998.1648,3.8117683,28.346447,0.0,0.0
2018-05-31 14:00:00,19.86,297.18323,998.38403,3.9064794,29.319414,0.0,0.0
2018-05-31 15:00:00,19.57,296.38516,998.42236,3.9495637,30.025425,0.0,0.0
2018-05-31 16:00:00,19.46,295.83734,998.2561,4.106369,30.092548,0.0,0.0
2018-05-31 17:00:00,19.11,295.42374,998.28705,4.5194225,29.678661,0.0,0.0
2018-05-31 18:00:00,18.89,295.0484,998.22125,4.9826536,28.937662,0.0,0.0
2018-05-31 19:00:00,18.45,294.57544,997.8617,4.8017755,29.27839,0.0,0.0
2018-05-31 20:00:00,18.12,294.0869,997.8792,4.8031535,28.715885,0.0,0.0
2018-05-31 21:00:00,18.15,293.32166,998.1529,4.3463407,28.90271,0.0,0.0
2018-05-31 22:00:00,18.04,292.64764,998.90894,3.9319742,29.312716,0.0,0.0
2018-05-31 23:00:00,17.87,293.1228,999.5756,3.5959027,28.03596,0.0,0.0
2018-06-01 00:00:00,18.21,295.6051,1000.0254,4.5095563,23.487497,0.0,0.0
2018-06-01 01:00:00,17.98,298.25415,1000.0757,5.1609926,20.20386,0.0,0.0
2018-06-01 02:00:00,17.98,300.75247,999.58453,5.176732,18.128674,0.0,0.0
2018-06-01 03:00:00,18.0,302.61273,998.57764,4.9974146,17.034725,0.0,0.0
2018-06-01 04:00:00,17.57,303.6651,997.4437,4.0655646,16.8529,0.0,0.0
2018-06-01 05:00:00,17.38,304.07852,996.4563,3.0409145,17.060717,0.0,0.0
2018-06-01 06:00:00,17.06,304.29245,996.0305,2.7814558,16.880135,0.0,0.0
2018-06-01 07:00:00,17.09,304.30615,995.7321,3.5815551,17.393688,0.0,0.0
2018-06-01 08:00:00,16.9,303.92902,995.9475,3.925882,17.71902,0.0,0.0
2018-06-01 09:00:00,16.56,302.91595,996.6749,3.4438963,18.84189,0.0,0.0
2018-06-01 10:00:00,16.25,301.2873,997.10034,3.305713,20.81847,0.0,0.0
2018-06-01 11:00:00,15.95,299.9934,997.7564,3.586221,22.450178,0.0,0.0
2018-06-01 12:00:00,15.87,298.82703,998.3019,3.9388652,23.986425,0.0,0.0
2018-06-01 13:00:00,15.27,297.81778,998.63007,4.4508905,25.33052,0.0,0.0
2018-06-01 14:00:00,14.84,297.00787,998.7968,5.0525665,26.044523,0.0,0.0
2018-06-01 15:00:00,14.44,296.28192,999.04877,5.2439823,26.09582,0.0,0.0
2018-06-01 16:00:00,14.08,295.53226,999.1174,5.2045345,26.115776,0.0,0.0
2018-06-01 17:00:00,13.79,294.75964,999.025,4.9941187,26.420685,0.0,0.0
2018-06-01 18:00:00,13.43,293.96753,998.6283,4.8026853,27.032059,0.0,0.0
2018-06-01 19:00:00,13.2,292.54184,998.6259,4.2679663,30.527534,0.0,0.0
2018-06-01 20:00:00,12.85,291.81024,998.9378,4.123031,31.486849,0.0,0.0
2018-06-01 21:00:00,12.77,291.17828,999.3347,3.899459,32.59163,0.0,0.0
2018-06-01 22:00:00,12.36,290.63928,1000.03705,3.7438529,33.746086,0.0,0.0
2018-06-01 23:00:00,11.88,291.31995,1000.60126,3.5448983,32.50056,0.0,0.0
2018-06-02 00:00:00,12.84,294.21527,1001.202,4.396429,26.81596,0.0,0.0
2018-06-02 01:00:00,13.51,297.2223,1001.3855,5.118398,21.785223,0.0,0.0
2018-06-02 02:00:00,13.27,299.82428,1000.596,5.630414,18.157831,0.0,0.0
2018-06-02 03:00:00,12.69,301.59006,999.5069,5.5377336,16.621992,0.0,0.0
2018-06-02 04:00:00,12.19,302.56458,998.1647,4.802608,15.439121,0.0,0.0
2018-06-02 05:00:00,11.83,303.27463,997.0767,4.6791806,14.338589,0.0,0.0
2018-06-02 06:00:00,11.97,303.7166,996.52795,4.8679247,13.534125,0.0,0.0
2018-06-02 07:00:00,11.98,303.77963,995.8133,5.2085986,13.245924,0.0,0.0
2018-06-02 08:00:00,12.22,303.3993,996.2313,5.2838774,13.309118,0.0,0.0
2018-06-02 09:00:00,12.53,302.2149,996.67456,4.1758547,14.203374,0.0,0.0
2018-06-02 10:00:00,12.77,300.49713,997.55084,3.8522642,15.6670685,0.0,0.0
2018-06-02 11:00:00,13.56,299.1834,997.91425,4.0334888,16.795565,0.0,0.0
2018-06-02 12:00:00,14.13,298.03516,998.3713,4.1776004,17.793638,0.0,0.0
2018-06-02 13:00:00,14.36,296.99338,998.8703,4.368333,18.73534,0.0,0.0
2018-06-02 14:00:00,14.11,296.05716,999.21814,4.6250243,19.634165,0.0,0.0
2018-06-02 15:00:00,14.03,295.20938,999.34344,4.7491083,20.484982,0.0,0.0
2018-06-02 16:00:00,14.36,294.3982,999.1227,4.74447,21.299688,0.0,0.0
2018-06-02 17:00:00,14.53,293.64362,999.13336,4.6670437,22.018343,0.0,0.0
2018-06-02 18:00:00,14.59,292.92227,998.94806,4.5038414,22.658237,0.0,0.0
2018-06-02 19:00:00,14.1,291.20892,998.95154,4.1040945,26.24121,0.0,0.0
2018-06-02 20:00:00,13.69,290.45044,999.0797,3.9538717,27.425394,0.0,0.0
2018-06-02 21:00:00,13.75,289.89117,999.5393,3.801094,28.52678,0.0,0.0
2018-06-02 22:00:00,13.51,289.4314,1000.12836,3.6489236,29.59234,0.0,0.0
2018-06-02 23:00:00,13.27,290.18213,1000.4858,3.4287038,28.554518,0.0,0.0
2018-06-03 00:00:00,13.49,293.37262,1000.95123,4.098129,23.34356,0.0021487458,0.0
2018-06-03 01:00:00,13.35,296.64304,1001.1719,4.671287,18.963251,0.0,0.0
2018-06-03 02:00:00,13.37,299.4525,1000.46216,5.190527,15.761693,0.0,0.0
2018-06-03 03:00:00,13.51,301.35132,999.22577,5.771948,13.325887,0.0,0.0
2018-06-03 04:00:00,13.4,302.32312,997.8272,5.4521627,11.980471,0.0,0.0
2018-06-03 05:00:00,13.36,302.94836,996.9361,5.0757527,11.333484,0.0,0.0
2018-06-03 06:00:00,13.5,303.28717,996.45544,4.8428345,11.053684,0.0,0.0
2018-06-03 07:00:00,13.22,303.29416,996.3228,4.897918,11.100309,0.0,0.0
2018-06-03 08:00:00,13.24,302.86517,996.21436,4.868649,11.520993,0.0,0.0
2018-06-03 09:00:00,13.64,301.68042,996.8045,3.9367936,12.565645,0.0,0.0
2018-06-03 10:00:00,13.81,299.90182,997.16455,3.7252648,14.126531,0.0,0.0
2018-06-03 11:00:00,13.74,298.58978,997.7405,3.9812155,15.408127,0.0,0.0
2018-06-03 12:00:00,13.25,297.4466,998.13947,4.266618,16.624664,0.0,0.0
2018-06-03 13:00:00,13.36,296.42218,998.13763,4.496463,17.802437,0.0,0.0
2018-06-03 14:00:00,13.24,295.51215,998.50446,4.621393,18.82033,0.0,0.0
2018-06-03 15:00:00,12.91,294.6507,998.3633,4.616899,19.652615,0.0,0.0
2018-06-03 16:00:00,12.75,293.85352,998.4855,4.571274,20.356699,0.0,0.0
2018-06-03 17:00:00,12.71,293.11588,998.4977,4.587364,20.886957,0.0,0.0
2018-06-03 18:00:00,12.59,292.47003,998.37665,4.621326,21.165108,0.0,0.0
2018-06-03 19:00:00,12.42,291.12622,998.23663,4.5558467,23.897041,0.0,0.0
2018-06-03 20:00:00,11.78,290.4617,998.7889,4.5028286,24.483448,0.0,0.0
2018-06-03 21:00:00,11.23,289.9045,999.31647,4.430171,24.6773,0.0,0.0
2018-06-03 22:00:00,10.5,289.42035,1000.0044,4.3867607,24.519098,0.0,0.0
2018-06-03 23:00:00,10.1,290.09668,1000.243,4.1736026,22.560635,0.0,0.0
2018-06-04 00:00:00,10.34,292.9756,1000.8553,4.97922,17.325506,0.0,0.0
2018-06-04 01:00:00,10.78,295.88733,1000.8638,5.9899464,13.408557,0.0,0.0
2018-06-04 02:00:00,11.11,298.31036,1000.3666,6.8322244,11.060277,0.0,0.0
2018-06-04 03:00:00,11.19,300.02316,999.09814,7.137075,9.522191,0.0,0.0
2018-06-04 04:00:00,10.96,301.1903,997.7365,6.6838183,8.632003,0.0,0.0
2018-06-04 05:00:00,11.1,301.9548,996.4283,6.2518163,8.184223,0.0,0.0
2018-06-04 06:00:00,11.22,302.34436,996.09705,5.7487183,8.00371,0.0,0.0
2018-06-04 07:00:00,11.13,302.32535,995.96893,5.1401973,8.096957,0.0,0.0
2018-06-04 08:00:00,10.8,301.9321,996.34534,5.0534554,8.24254,0.0,0.0
2018-06-04 09:00:00,10.6,300.5167,996.66455,4.0719833,9.1378975,0.0,0.0
2018-06-04 10:00:00,10.41,298.58563,997.26514,4.0882773,10.526941,0.0,0.0
2018-06-04 11:00:00,10.53,297.18237,997.7047,4.4187713,11.564459,0.0,0.0
2018-06-04 12:00:00,10.53,296.02853,998.6133,4.713575,12.343341,0.0,0.0
2018-06-04 13:00:00,10.64,294.98083,998.9988,4.7865596,13.017273,0.0,0.0
2018-06-04 14:00:00,11.13,294.0445,999.3111,4.904378,13.695552,0.0,0.0
2018-06-04 15:00:00,12.01,293.2259,999.0711,4.8745036,14.350414,0.0,0.0
2018-06-04 16:00:00,12.9,292.51474,999.0591,4.853548,14.939526,0.0,0.0
2018-06-04 17:00:00,13.17,291.90234,998.8122,5.0672226,15.361847,0.0,0.0
2018-06-04 18:00:00,13.5,291.39993,998.75775,4.9586654,15.686885,0.0,0.0
2018-06-04 19:00:00,13.81,290.2102,998.9603,4.86403,17.222822,0.0,0.0
2018-06-04 20:00:00,13.94,289.67963,999.5564,4.8775153,17.847378,0.0,0.0
2018-06-04 21:00:00,14.48,289.27365,999.7291,4.863084,18.395695,0.0,0.0
2018-06-04 22:00:00,14.73,288.98102,1000.19336,4.907908,18.876362,0.0,0.0
2018-06-04 23:00:00,15.06,289.79974,1000.6992,4.818911,18.203861,0.0,0.0
2018-06-05 00:00:00,15.89,292.53082,1001.313,5.6241417,15.473817,0.0017046927,0.0
2018-06-05 01:00:00,16.12,295.26013,1001.6799,6.5869966,13.331854,0.0,0.0
2018-06-05 02:00:00,16.29,297.6964,1001.03937,6.8372188,11.718257,0.0,0.0
2018-06-05 03:00:00,16.38,299.7143,999.8064,6.7313437,10.258421,0.0,0.0
2018-06-05 04:00:00,16.87,301.13696,998.5275,5.8730063,9.062711,0.0,0.0
2018-06-05 05:00:00,16.94,302.02002,997.8036,4.754736,8.41429,0.0,0.0
2018-06-05 06:00:00,16.89,302.47714,997.31915,4.11943,8.134866,0.0,0.0
2018-06-05 07:00:00,16.95,302.63312,996.6001,2.9164207,8.554685,0.0,0.0
2018-06-05 08:00:00,16.92,302.40283,996.59106,3.20897,8.687001,0.0,0.0
2018-06-05 09:00:00,17.08,301.2799,997.1408,3.0785718,9.492199,0.0,0.0
2018-06-05 10:00:00,17.31,299.4472,997.7508,3.637753,10.825521,0.0,0.0
2018-06-05 11:00:00,17.43,298.07025,998.2239,4.188354,11.934575,0.0,0.0
2018-06-05 12:00:00,17.33,296.91132,998.1756,4.4234133,12.853215,0.0,0.0
2018-06-05 13:00:00,17.08,295.9096,998.1119,4.399766,13.542664,0.0,0.0
2018-06-05 14:00:00,16.89,295.01328,998.2472,4.2691345,14.006932,0.0,0.0
2018-06-05 15:00:00,16.82,294.14233,997.9799,4.0963655,14.474297,0.0,0.0
2018-06-05 16:00:00,16.59,293.3319,997.9889,4.133303,15.025406,0.0,0.0
2018-06-05 17:00:00,15.85,292.62997,997.53564,4.383963,15.535492,0.0,0.0
2018-06-05 18:00:00,15.42,292.1197,997.09106,4.614772,15.9200535,0.0,0.0
2018-06-05 19:00:00,14.96,290.94836,996.93555,4.228027,16.950348,0.0,0.0
2018-06-05 20:00:00,14.58,290.38464,997.3357,4.145208,17.6583,0.0,0.0
2018-06-05 21:00:00,14.39,289.9225,997.63635,3.8648307,18.389011,0.0,0.0
2018-06-05 22:00:00,14.21,289.43848,998.65784,3.545893,19.30005,0.0,0.0
2018-06-05 23:00:00,14.35,290.0077,999.20404,3.304676,19.072794,0.0,0.0
2018-06-06 00:00:00,15.32,293.16595,999.89453,4.173958,15.534086,0.0016958452,0.0
2018-06-06 01:00:00,15.88,296.0545,999.895,5.3229594,13.108873,0.0,0.0
2018-06-06 02:00:00,16.1,298.46744,999.31,5.7728634,11.70453,0.0,0.0
2018-06-06 03:00:00,16.12,300.39453,998.3386,5.441224,10.437086,0.0,0.0
2018-06-06 04:00:00,16.25,301.77905,997.25415,4.4689803,9.213341,0.0,0.0
2018-06-06 05:00:00,16.35,302.60083,996.1245,3.29664,8.491889,0.0,0.0
2018-06-06 06:00:00,16.25,302.99292,995.66516,2.1249359,8.244624,0.0,0.0
2018-06-06 07:00:00,16.15,303.2448,995.62006,0.80072784,9.1169405,0.0,0.0
2018-06-06 08:00:00,16.22,303.00403,995.97534,0.051420048,9.233719,0.0,0.0
2018-06-06 09:00:00,16.13,302.5716,996.78064,1.1352953,9.662218,0.0,0.0
2018-06-06 10:00:00,16.42,301.24554,997.4839,1.992174,10.892688,0.0,0.0
2018-06-06 11:00:00,16.5,299.5027,998.0811,2.7053494,12.452587,0.0,0.0
2018-06-06 12:00:00,16.36,297.79675,998.1326,3.0894167,13.776535,0.0,0.0
2018-06-06 13:00:00,16.34,296.3822,998.085,3.3957264,14.874688,0.0,0.0
2018-06-06 14:00:00,16.18,295.26624,998.2408,3.691157,16.054382,0.0,0.0
2018-06-06 15:00:00,15.81,294.33307,997.9734,3.9333098,17.599009,0.0,0.0
2018-06-06 16:00:00,15.63,293.68195,997.85876,4.0970025,18.908773,0.0,0.0
2018-06-06 17:00:00,15.97,293.1897,997.77435,4.089728,19.541985,0.0,0.0
2018-06-06 18:00:00,16.54,292.6814,997.6496,3.9039354,19.896584,0.0,0.0
2018-06-06 19:00:00,16.69,291.2376,997.65936,3.8666918,22.375841,0.0,0.0
2018-06-06 20:00:00,17.1,290.55682,997.646,3.7886014,23.019056,0.0,0.0
2018-06-06 21:00:00,17.02,290.10715,997.79596,3.5881739,23.586153,0.0,0.0
2018-06-06 22:00:00,16.7,289.7734,998.1791,3.7560577,24.07386,0.0,0.0
2018-06-06 23:00:00,16.19,290.73853,998.9586,3.7419672,22.778976,0.0,0.0
2018-06-07 00:00:00,15.59,294.498,999.3186,3.940579,17.927803,0.0,0.0
2018-06-07 01:00:00,15.27,298.0214,999.47125,4.6777906,14.193998,0.0,0.0
2018-06-07 02:00:00,15.0,300.59583,998.96014,5.2379494,12.2187195,0.0,0.0
2018-06-07 03:00:00,14.83,302.5556,998.2556,5.5149345,10.664641,0.0,0.0
2018-06-07 04:00:00,14.76,303.82986,997.0408,4.992853,9.70866,0.0,0.0
2018-06-07 05:00:00,14.63,304.65558,995.9853,4.260237,9.194073,0.0,0.0
2018-06-07 06:00:00,14.36,305.14044,995.2223,3.63294,8.884911,0.0,0.0
2018-06-07 07:00:00,13.95,305.07324,994.65063,2.5223565,9.659902,0.0,0.0
2018-06-07 08:00:00,13.72,304.8407,994.7342,1.9708834,9.717071,0.0,0.0
2018-06-07 09:00:00,13.47,304.10394,995.41907,0.9722481,10.37083,0.0,0.0
2018-06-07 10:00:00,13.22,302.93774,995.9639,0.15576851,11.219478,0.0,0.0
2018-06-07 11:00:00,13.32,300.3521,996.5925,1.2750522,19.951244,0.0,0.0
2018-06-07 12:00:00,13.29,298.2431,996.7386,1.95916,20.415062,0.0,0.0
2018-06-07 13:00:00,13.36,296.6716,996.9844,2.3636973,20.200783,0.0,0.0
2018-06-07 14:00:00,13.29,294.99786,997.3217,2.2152553,23.030487,0.0,0.0
2018-06-07 15:00:00,13.25,294.28894,997.38196,1.5693427,24.126663,0.0,0.0
2018-06-07 16:00:00,13.0,293.99756,997.5106,1.0727963,22.819004,0.0,0.0
2018-06-07 17:00:00,13.19,291.9564,997.2793,1.5856698,28.771597,0.0,0.0
2018-06-07 18:00:00,13.22,290.6336,997.22,2.2244442,31.584824,0.0,0.0
2018-06-07 19:00:00,13.09,289.99783,997.3111,1.8936756,32.232975,0.0,0.0
2018-06-07 20:00:00,13.24,288.96814,997.5837,2.0740397,34.86799,0.0,0.0
2018-06-07 21:00:00,13.73,288.30365,998.0061,2.2505724,36.428516,0.0,0.0
2018-06-07 22:00:00,13.95,287.68195,998.2508,2.130298,39.63281,0.0,0.0
2018-06-07 23:00:00,14.05,288.19495,999.1557,1.4445704,44.038284,0.0,0.0
2018-06-08 00:00:00,14.49,292.6512,999.53345,1.2099273,31.350704,0.001282221,0.0
2018-06-08 01:00:00,14.81,296.36438,999.70825,1.6536058,25.693333,0.0,0.0
2018-06-08 02:00:00,15.18,299.39917,999.0595,2.3461785,21.727423,0.0,0.0
2018-06-08 03:00:00,15.46,301.9937,998.0764,3.1663904,17.16035,0.0,0.0
2018-06-08 04:00:00,16.01,303.78748,996.7303,3.7096102,14.030721,0.0,0.0
2018-06-08 05:00:00,16.56,304.77454,995.7431,3.3566673,12.312028,0.0,0.0
2018-06-08 06:00:00,16.78,305.2664,995.1825,2.703636,11.811112,0.0,0.0
2018-06-08 07:00:00,16.22,305.0816,995.0575,1.4302025,13.313916,0.0,0.0
2018-06-08 08:00:00,15.95,304.84888,995.30493,0.6878799,13.522795,0.0,0.0
2018-06-08 09:00:00,15.73,304.2243,995.8191,0.7147596,14.164668,0.0,0.0
2018-06-08 10:00:00,16.01,302.81903,996.3655,1.8470825,15.839852,0.0,0.0
2018-06-08 11:00:00,16.52,301.03494,996.90265,2.5591722,18.094418,0.0017166138,0.0
2018-06-08 12:00:00,16.4,299.42096,997.1476,2.9339566,20.207687,0.0,0.0
2018-06-08 13:00:00,16.47,298.02527,997.3206,2.8812284,22.458685,0.0,0.0
2018-06-08 14:00:00,16.57,296.69223,997.3259,2.5997827,25.120512,0.0,0.0
2018-06-08 15:00:00,16.6,295.25806,997.3212,2.1435614,29.173285,0.0,0.0
2018-06-08 16:00:00,16.68,294.18915,997.4271,1.849306,32.699757,0.0,0.0
2018-06-08 17:00:00,16.6,293.16913,997.5506,1.9340987,34.781494,0.0,0.0
2018-06-08 18:00:00,16.21,292.1676,997.4266,1.8836602,37.69056,0.0,0.0
2018-06-08 19:00:00,16.12,291.33624,997.4197,2.3015034,37.646095,0.0,0.0
2018-06-08 20:00:00,16.27,290.3045,997.4519,2.0870032,41.066204,0.0,0.0
2018-06-08 21:00:00,16.11,289.5447,997.92596,1.8392488,44.64028,0.0,0.0
2018-06-08 22:00:00,16.15,289.0454,998.57416,1.9466364,46.025127,0.0,0.0
2018-06-08 23:00:00,16.41,289.74463,999.2328,1.8633571,44.683212,0.0,0.0
2018-06-09 00:00:00,17.65,294.38385,999.7832,1.9486449,31.295645,0.0017166138,0.0
2018-06-09 01:00:00,17.82,298.75903,1000.1183,2.2676373,23.188812,0.0,0.0
2018-06-09 02:00:00,18.24,302.01163,999.6415,2.9267817,19.215588,0.0,0.0
2018-06-09 03:00:00,18.38,304.1187,998.7322,3.8056412,17.365301,0.0,0.0
2018-06-09 04:00:00,18.12,305.28076,997.58844,3.8457265,16.256903,0.0,0.0
2018-06-09 05:00:00,17.88,305.972,996.443,3.3001065,15.703775,0.0,0.0
2018-06-09 06:00:00,17.95,306.3885,995.96216,2.6551538,15.50729,0.0,0.0
2018-06-09 07:00:00,17.99,306.44696,995.72534,1.6409556,16.620928,0.0,0.0
2018-06-09 08:00:00,17.93,306.2138,996.0178,1.0084739,16.93837,0.0,0.0
2018-06-09 09:00:00,17.62,305.60034,996.4675,0.752189,17.763832,0.0,0.0
2018-06-09 10:00:00,17.79,304.2322,996.8208,1.6662483,19.672283,0.0,0.0
2018-06-09 11:00:00,17.95,302.4364,997.1997,2.4501398,22.233204,0.0,0.0
2018-06-09 12:00:00,18.12,300.7845,997.63025,3.05346,24.202282,0.0,0.0
2018-06-09 13:00:00,18.3,299.3885,998.0122,3.260146,25.895939,0.0,0.0
2018-06-09 14:00:00,18.36,298.348,998.2492,3.2922475,27.093718,0.0,0.0
2018-06-09 15:00:00,18.38,297.2813,998.32733,2.995121,28.804579,0.0,0.0
2018-06-09 16:00:00,18.0,296.14236,998.3061,2.8422804,31.121037,0.0,0.0
2018-06-09 17:00:00,17.47,295.0688,998.1525,2.8464856,33.72795,0.0,0.0
2018-06-09 18:00:00,17.02,294.0921,998.02,2.7084339,36.675335,0.0,0.0
2018-06-09 19:00:00,16.75,293.01898,997.73236,2.512928,39.096947,0.0,0.0
2018-06-09 20:00:00,16.64,291.99603,998.12366,1.7731999,44.570175,0.0,0.0
2018-06-09 21:00:00,16.83,292.01758,998.6825,1.1341342,44.492455,0.0,0.0
2018-06-09 22:00:00,16.7,291.36542,999.5075,1.2240428,46.915974,0.0,0.0
2018-06-09 23:00:00,17.07,291.2271,1000.2829,1.263511,49.491673,0.0,0.0
2018-06-10 00:00:00,18.01,294.919,1000.8024,0.88693935,36.982544,0.0,0.0
2018-06-10 01:00:00,18.57,298.38956,1001.0472,0.648355,29.37237,0.0,0.0
2018-06-10 02:00:00,18.72,301.38126,1000.6575,0.54578924,24.468533,0.0,0.0
2018-06-10 03:00:00,18.49,303.82355,999.8205,0.9397834,21.022055,0.0,0.0
2018-06-10 04:00:00,18.58,305.4832,998.63873,1.7253377,18.834204,0.0,0.0
2018-06-10 05:00:00,18.93,306.40717,997.5845,2.1185849,17.654327,0.0,0.0
2018-06-10 06:00:00,19.12,306.80994,997.02826,1.8675178,17.210115,0.0,0.0
2018-06-10 07:00:00,18.77,307.32422,996.7631,1.9077815,18.018398,0.0,0.0
2018-06-10 08:00:00,18.25,307.1477,996.83704,1.9105397,18.284206,0.0,0.0
2018-06-10 09:00:00,18.01,306.36316,997.08734,1.5284506,19.417429,0.0,0.0
2018-06-10 10:00:00,18.29,305.10944,997.66095,1.1682558,21.371967,0.0,0.0
2018-06-10 11:00:00,18.35,303.32315,998.2356,1.0047793,29.613739,0.0,0.0
2018-06-10 12:00:00,18.78,301.48206,998.7536,1.8879141,29.186348,0.0,0.0
2018-06-10 13:00:00,19.15,299.95612,998.7422,2.1754434,31.3377,0.0,0.0
2018-06-10 14:00:00,19.49,298.59164,998.82153,1.8747193,35.470154,0.0,0.0
2018-06-10 15:00:00,19.69,297.9927,998.9931,1.3684511,36.77466,0.0,0.0
2018-06-10 16:00:00,20.08,297.06384,998.84326,1.4513224,38.529755,0.0,0.0
2018-06-10 17:00:00,20.12,295.48608,998.71936,2.1728811,42.060566,0.0,0.0
2018-06-10 18:00:00,20.03,294.50012,998.395,1.9901717,45.507156,0.0,0.0
2018-06-10 19:00:00,19.83,293.64343,998.231,1.6756855,47.66908,0.0,0.0
2018-06-10 20:00:00,19.72,292.8604,998.2278,1.4323772,50.366547,0.0,0.0
2018-06-10 21:00:00,19.79,292.9563,998.5559,0.9122906,48.628624,0.0,0.0
2018-06-10 22:00:00,19.94,292.96146,999.1778,0.4408532,47.12964,0.0,0.0
2018-06-10 23:00:00,20.41,292.8569,999.6384,0.45474383,47.7972,0.0,0.0
2018-06-11 00:00:00,20.91,295.58313,1000.35767,0.3729248,40.482693,0.0025969434,0.0
2018-06-11 01:00:00,21.02,298.86618,1000.60016,0.5680216,32.26346,0.0,0.0
2018-06-11 02:00:00,21.25,301.74478,1000.0837,0.91204816,26.703852,0.0,0.0
2018-06-11 03:00:00,21.59,304.20923,999.10596,1.2233187,22.742956,0.0,0.0
2018-06-11 04:00:00,21.99,306.0949,997.8312,1.5758806,19.990393,0.0,0.0
2018-06-11 05:00:00,22.39,307.20715,996.84235,1.831873,18.382488,0.0,0.0
2018-06-11 06:00:00,22.53,307.6412,995.89154,1.7266989,17.889341,0.0,0.0
2018-06-11 07:00:00,22.3,307.66217,995.72144,1.2531327,18.674252,0.0,0.0
2018-06-11 08:00:00,21.71,307.4552,995.8192,1.3581743,18.881416,0.0,0.0
2018-06-11 09:00:00,21.61,306.82812,996.3295,1.3004147,19.718723,0.0,0.0
2018-06-11 10:00:00,21.9,305.62274,996.65454,1.3355067,21.484747,0.0,0.0
2018-06-11 11:00:00,21.88,303.99835,997.0389,1.6232343,25.347122,0.0,0.0
2018-06-11 12:00:00,21.87,302.41803,997.53357,2.3055532,27.294626,0.0,0.0
2018-06-11 13:00:00,21.8,301.0083,997.58765,2.7241464,29.581156,0.0,0.0
2018-06-11 14:00:00,21.91,299.80692,997.37787,2.9844592,31.970709,0.0,0.0
2018-06-11 15:00:00,22.27,298.82855,997.17737,3.357285,34.31165,0.0,0.0
2018-06-11 16:00:00,22.84,298.07242,996.89764,3.650348,36.87555,0.0,0.0
2018-06-11 17:00:00,23.28,297.42545,996.7489,3.6403959,39.712994,0.0,0.0
2018-06-11 18:00:00,23.83,296.71326,996.38666,3.1680295,42.48467,0.0,0.0
2018-06-11 19:00:00,24.05,295.78424,996.2494,3.4817684,45.358494,0.0,0.0
2018-06-11 20:00:00,24.64,294.99805,996.3619,2.8992312,47.43823,0.0,0.0
2018-06-11 21:00:00,25.14,294.24945,996.6677,2.6319869,49.373516,0.0,0.0
2018-06-11 22:00:00,25.22,293.6129,997.1145,2.795456,50.805157,0.0,0.0
2018-06-11 23:00:00,25.03,293.9688,997.93964,2.5623221,49.341312,0.0,0.0
2018-06-12 00:00:00,24.73,296.73788,998.35315,2.8983529,40.59433,0.0021671685,0.0
2018-06-12 01:00:00,24.88,299.3869,998.4914,3.1072843,33.846252,0.0,0.0
2018-06-12 02:00:00,24.82,301.77307,997.4943,2.6708982,28.947306,0.0,0.0
2018-06-12 03:00:00,24.73,303.80862,996.3278,1.9979767,25.314045,0.0,0.0
2018-06-12 04:00:00,24.66,305.39832,995.0636,1.3362106,22.834122,0.0,0.0
2018-06-12 05:00:00,24.35,306.40384,994.07,1.0768586,21.853424,0.0,0.0
2018-06-12 06:00:00,24.85,306.9909,993.3914,1.5015188,21.10742,0.0,0.0
2018-06-12 07:00:00,24.52,306.99652,993.1918,2.3178492,21.185627,0.0,0.0
2018-06-12 08:00:00,24.35,306.6958,993.0222,2.4809802,21.178478,0.0,0.0
2018-06-12 09:00:00,24.27,305.81873,993.67236,2.2524693,22.182102,0.0,0.0
2018-06-12 10:00:00,24.83,304.30872,994.25214,2.6097887,24.183052,0.0,0.0
2018-06-12 11:00:00,25.0,302.8808,994.8514,2.9836407,26.069345,0.0,0.0
2018-06-12 12:00:00,24.63,301.54968,995.0868,3.3585973,27.707556,0.0,0.0
2018-06-12 13:00:00,24.49,300.4228,995.16266,3.8299155,28.936678,0.0,0.0
2018-06-12 14:00:00,24.73,299.4928,995.5729,4.2347655,29.887857,0.0,0.0
2018-06-12 15:00:00,24.8,298.6374,995.4043,4.4400043,30.876755,0.0,0.0
2018-06-12 16:00:00,24.64,297.8162,995.4264,4.4182153,31.977245,0.0,0.0
2018-06-12 17:00:00,24.14,296.9815,995.3042,4.189011,33.279133,0.0,0.0
2018-06-12 18:00:00,23.39,296.19586,995.37476,3.8777966,34.68889,0.0,0.0
2018-06-12 19:00:00,22.48,295.18213,995.3491,3.5025558,36.88394,0.0,0.0
2018-06-12 20:00:00,21.93,294.57086,995.5147,3.404386,38.027233,0.0,0.0
2018-06-12 21:00:00,21.68,294.06302,995.9423,3.272197,38.71244,0.0,0.0
2018-06-12 22:00:00,21.49,293.46506,996.77594,3.407926,39.231,0.0,0.0
2018-06-12 23:00:00,21.57,293.8371,997.6475,3.5827088,36.837852,0.0,0.0
2018-06-13 00:00:00,22.03,295.6731,998.09534,5.0534196,29.8864,0.0025795144,0.0
2018-06-13 01:00:00,22.07,297.36157,998.45685,5.4482203,24.813995,0.0,0.0
2018-06-13 02:00:00,21.84,299.31613,997.85126,4.9487896,21.213337,0.0,0.0
2018-06-13 03:00:00,21.17,301.07693,997.0427,4.4289656,19.070036,0.0,0.0
2018-06-13 04:00:00,20.66,302.3888,995.77966,3.9425297,18.092968,0.0,0.0
2018-06-13 05:00:00,20.7,303.31134,995.0697,3.6176195,17.57552,0.0,0.0
2018-06-13 06:00:00,20.96,303.82916,994.4469,3.5427463,17.335236,0.0,0.0
2018-06-13 07:00:00,20.11,302.76093,995.1195,3.1352103,18.580544,0.0,0.0
2018-06-13 08:00:00,18.99,302.57062,995.1202,3.4607992,18.828207,0.0,0.0
2018-06-13 09:00:00,17.61,301.74792,995.3869,3.4744828,19.629362,0.0,0.0
2018-06-13 10:00:00,16.68,300.30817,995.98016,3.8538754,21.13999,0.0,0.0
2018-06-13 11:00:00,16.23,299.12366,996.7617,4.6069345,22.007538,0.0,0.0
2018-06-13 12:00:00,16.19,298.00586,997.33624,5.050823,22.450342,0.0,0.0
2018-06-13 13:00:00,16.18,296.98004,997.7537,5.1209455,22.809175,0.0,0.0
2018-06-13 14:00:00,15.35,296.00604,997.99786,4.777865,23.313745,0.0,0.0
2018-06-13 15:00:00,14.59,295.0246,998.00256,4.4073424,23.994064,0.0,0.0
2018-06-13 16:00:00,13.51,294.06818,998.0681,4.108143,24.703756,0.0,0.0
2018-06-13 17:00:00,12.69,293.14124,997.73346,3.9706821,25.361835,0.0,0.0
2018-06-13 18:00:00,12.46,292.30368,997.60077,3.9404767,25.830322,0.0,0.0
2018-06-13 19:00:00,12.84,290.71524,997.53674,4.09496,28.119255,0.0,0.0
2018-06-13 20:00:00,13.4,290.00812,997.77313,4.077221,28.417841,0.0,0.0
2018-06-13 21:00:00,13.28,289.46417,997.9816,4.0526986,29.05676,0.0,0.0
2018-06-13 22:00:00,13.55,289.06726,998.77783,3.9760797,29.987257,0.0,0.0
2018-06-13 23:00:00,13.99,289.6176,999.71045,3.6115165,29.42445,0.0,0.0
2018-06-14 00:00:00,14.35,292.0046,1000.4372,4.4513545,25.371227,0.0,0.0
2018-06-14 01:00:00,14.49,294.50037,1000.6228,4.648615,21.867949,0.0,0.0
2018-06-14 02:00:00,15.37,297.04822,999.95483,4.5640764,18.946507,0.0,0.0
2018-06-14 03:00:00,16.01,299.4063,998.95624,4.592773,16.93744,0.0,0.0
2018-06-14 04:00:00,16.35,301.06244,997.7533,4.182588,16.122583,0.0,0.0
2018-06-14 05:00:00,16.43,302.1214,996.9462,3.5419621,15.876162,0.0,0.0
2018-06-14 06:00:00,16.36,302.74423,996.35516,3.2206619,15.835621,0.0,0.0
2018-06-14 07:00:00,16.18,302.99747,996.5722,3.6344051,16.42101,0.0,0.0
2018-06-14 08:00:00,15.8,302.72177,996.5236,4.0049586,16.501768,0.0,0.0
2018-06-14 09:00:00,15.59,301.7771,996.8533,3.7691555,16.865467,0.0,0.0
2018-06-14 10:00:00,16.47,300.40192,997.28674,3.980457,17.394356,0.0,0.0
2018-06-14 11:00:00,16.94,299.24896,998.0531,4.5269876,17.401276,0.0,0.0
2018-06-14 12:00:00,17.1,298.31616,998.395,4.8274345,17.247164,0.0,0.0
2018-06-14 13:00:00,17.32,297.5185,998.93713,4.9224367,17.475048,0.0,0.0
2018-06-14 14:00:00,17.43,296.76593,999.32733,4.776409,18.196606,0.0,0.0
2018-06-14 15:00:00,17.73,295.90576,999.4322,4.3323426,19.50124,0.0,0.0
2018-06-14 16:00:00,18.37,295.08972,999.5744,3.9317124,20.958153,0.0,0.0
2018-06-14 17:00:00,18.72,294.37762,999.562,3.708216,22.486824,0.0,0.0
2018-06-14 18:00:00,19.69,293.72736,999.4456,3.7099001,24.122454,0.0,0.0
2018-06-14 19:00:00,20.5,292.74982,999.4822,3.787049,26.748672,0.0,0.0
2018-06-14 20:00:00,21.67,292.32825,999.7812,3.7795749,28.371916,0.0,0.0
2018-06-14 21:00:00,22.15,292.00433,1000.09424,3.844418,29.989103,0.0,0.0
2018-06-14 22:00:00,21.98,291.69263,1000.5627,3.855653,32.006588,0.0,0.0
2018-06-14 23:00:00,21.96,292.318,1001.0923,3.689995,32.78239,0.0,0.0
2018-06-15 00:00:00,22.58,294.75345,1001.7775,4.6723332,31.320244,0.0,0.0
2018-06-15 01:00:00,22.54,297.27332,1002.0372,5.459805,31.38647,0.0,0.0
2018-06-15 02:00:00,22.91,299.71283,1001.42,5.5988097,31.282387,0.0,0.0
2018-06-15 03:00:00,23.16,301.92554,1000.4261,5.4734883,30.299,0.0,0.0
2018-06-15 04:00:00,23.57,303.62476,999.1326,5.23506,28.36287,0.0,0.0
2018-06-15 05:00:00,23.99,304.72913,998.0852,4.6404133,25.638857,0.0,0.0
2018-06-15 06:00:00,24.63,305.32986,997.5875,4.0203404,24.169537,0.0,0.0
2018-06-15 07:00:00,25.21,305.5846,997.5307,3.7268047,22.55849,0.0,0.0
2018-06-15 08:00:00,25.81,305.35162,997.4934,3.666587,22.160238,0.0,0.0
2018-06-15 09:00:00,26.16,304.4327,997.63354,3.1398077,23.353703,0.0,0.0
2018-06-15 10:00:00,26.3,303.29984,998.1308,3.3867602,25.212278,0.0,0.0
2018-06-15 11:00:00,26.12,302.22293,998.58875,3.8419218,27.223835,0.0,0.0
2018-06-15 12:00:00,26.42,301.33234,999.0658,4.172962,29.276415,0.0,0.0
2018-06-15 13:00:00,26.3,300.82135,999.64813,4.4298763,30.854395,0.0,0.0
2018-06-15 14:00:00,26.03,300.12375,1000.04694,4.687599,32.665802,0.0,0.0
2018-06-15 15:00:00,25.92,299.5586,1000.1811,5.0009894,34.11949,0.0,0.0
2018-06-15 16:00:00,26.19,298.87665,1000.12445,5.565188,35.646984,0.0,0.0
2018-06-15 17:00:00,25.92,298.1073,1000.03766,6.2830405,37.059757,0.0,0.0
2018-06-15 18:00:00,25.89,297.50772,1000.1053,6.7577395,38.66704,0.0,0.0
2018-06-15 19:00:00,26.16,296.86603,999.9528,6.6783786,41.458138,0.0,0.0
2018-06-15 20:00:00,26.95,296.17395,1000.5073,6.3150578,44.81275,0.0,0.0
2018-06-15 21:00:00,27.02,295.6078,1001.0403,5.894534,47.254837,0.0,0.0
2018-06-15 22:00:00,26.46,295.15018,1001.652,5.573264,48.791607,0.0,0.0
2018-06-15 23:00:00,25.97,295.40442,1002.5203,5.2264557,47.697407,0.0,0.0
2018-06-16 00:00:00,25.84,296.67145,1003.16766,6.185172,43.430687,0.0,0.0
2018-06-16 01:00:00,25.33,298.3529,1003.2944,6.6879296,39.19134,0.0,0.0
2018-06-16 02:00:00,24.46,300.12946,1002.6942,6.6639795,35.726837,0.0,0.0
2018-06-16 03:00:00,24.26,302.0137,1001.80975,6.6770916,32.476852,0.0,0.0
2018-06-16 04:00:00,24.18,303.46558,1000.8239,6.513611,28.13048,0.0,0.0
2018-06-16 05:00:00,24.16,304.3492,999.6928,6.1552157,24.914085,0.0,0.0
2018-06-16 06:00:00,24.15,304.6947,999.192,5.769879,23.110064,0.0,0.0
2018-06-16 07:00:00,23.88,304.8891,998.8977,5.6964803,22.03962,0.0,0.0
2018-06-16 08:00:00,23.77,304.48907,998.9442,5.511018,21.166763,0.0,0.0
2018-06-16 09:00:00,23.35,303.45105,999.5622,4.489296,21.219442,0.0,0.0
2018-06-16 10:00:00,22.93,301.8371,1000.15906,4.2316537,21.946032,0.0,0.0
2018-06-16 11:00:00,21.83,300.56558,1000.6194,4.6046352,21.778816,0.0,0.0
2018-06-16 12:00:00,21.06,299.47952,1001.335,5.0255466,20.818253,0.0,0.0
2018-06-16 13:00:00,20.1,298.4629,1001.7227,5.3406305,19.66369,0.0,0.0
2018-06-16 14:00:00,19.66,297.53497,1002.10297,5.5734634,18.980064,0.0,0.0
2018-06-16 15:00:00,19.22,296.68085,1002.1872,5.7751746,19.317167,0.0,0.0
2018-06-16 16:00:00,18.94,295.89575,1002.15393,6.0590167,20.505854,0.0,0.0
2018-06-16 17:00:00,18.46,295.1563,1001.8957,6.1781435,22.500078,0.0,0.0
2018-06-16 18:00:00,17.56,294.47058,1001.7402,6.0557427,24.520088,0.0,0.0
2018-06-16 19:00:00,16.65,293.55505,1001.5622,5.8177295,27.797487,0.0,0.0
2018-06-16 20:00:00,16.21,292.87054,1001.70807,5.5489554,27.810743,0.0,0.0
2018-06-16 21:00:00,15.81,292.27625,1002.05365,5.3540792,26.720228,0.0,0.0
2018-06-16 22:00:00,15.35,291.74045,1002.7491,5.258466,25.465706,0.0,0.0
2018-06-16 23:00:00,14.81,291.983,1003.36865,5.101386,23.72942,0.0,0.0
2018-06-17 00:00:00,14.66,293.82745,1003.91943,6.451045,20.57608,0.0,0.0
2018-06-17 01:00:00,14.24,295.98862,1004.1944,7.3155146,18.635788,0.0,0.0
2018-06-17 02:00:00,13.36,298.10843,1003.3378,7.1927853,17.436178,0.0,0.0
2018-06-17 03:00:00,12.47,299.88757,1002.6301,7.0743594,16.55846,0.0,0.0
2018-06-17 04:00:00,11.69,301.12955,1001.4459,6.6335297,15.701267,0.0,0.0
2018-06-17 05:00:00,11.01,301.90616,1000.36835,6.019615,14.713875,0.0,0.0
2018-06-17 06:00:00,10.67,302.2965,999.72375,5.580016,13.662781,0.0,0.0
2018-06-17 07:00:00,10.52,302.52194,999.0706,5.353179,13.495989,0.0,0.0
2018-06-17 08:00:00,10.15,302.11615,999.52563,5.0858808,13.294604,0.0,0.0
2018-06-17 09:00:00,10.14,300.86218,999.8236,4.03281,14.035697,0.0,0.0
2018-06-17 10:00:00,9.98,299.0204,1000.40063,3.9325762,15.39713,0.0,0.0
2018-06-17 11:00:00,9.65,297.60828,1000.85583,4.2850823,16.373682,0.0,0.0
2018-06-17 12:00:00,9.6,296.39743,1000.97656,4.576017,17.170755,0.0,0.0
2018-06-17 13:00:00,9.58,295.34494,1001.4749,4.818375,17.967495,0.0,0.0
2018-06-17 14:00:00,9.55,294.39624,1001.5104,5.0558777,18.927303,0.0,0.0
2018-06-17 15:00:00,9.5,293.5699,1001.4414,5.272649,20.157862,0.0,0.0
2018-06-17 16:00:00,9.59,292.87167,1001.3907,5.453441,21.695301,0.0,0.0
2018-06-17 17:00:00,9.8,292.24487,1001.318,5.501718,23.490694,0.0,0.0
2018-06-17 18:00:00,10.03,291.66797,1001.14233,5.4575396,25.288528,0.0,0.0
2018-06-17 19:00:00,10.08,290.72827,1001.0666,5.528595,28.334803,0.0,0.0
2018-06-17 20:00:00,10.23,290.18286,1001.2103,5.4683824,30.166296,0.0,0.0
2018-06-17 21:00:00,10.02,289.70023,1001.3265,5.4318447,31.538502,0.0,0.0
2018-06-17 22:00:00,9.96,289.26306,1001.618,5.422389,32.590694,0.0,0.0
2018-06-17 23:00:00,9.95,289.70105,1002.2136,5.3588223,31.749893,0.0,0.0
2018-06-18 00:00:00,9.74,291.8173,1002.71063,6.509833,27.347569,0.0,0.0
2018-06-18 01:00:00,9.57,294.09174,1002.6847,7.5790634,23.14415,0.0,0.0
2018-06-18 02:00:00,9.17,296.31744,1002.02844,7.3602057,19.66684,0.0,0.0
2018-06-18 03:00:00,8.91,298.29132,1001.03845,6.8671803,17.053722,0.0,0.0
2018-06-18 04:00:00,8.6,299.88196,999.6866,6.2813807,15.3540325,0.0,0.0
2018-06-18 05:00:00,8.42,301.04767,998.4261,5.680376,14.395136,0.0,0.0
2018-06-18 06:00:00,8.42,301.7873,997.7527,5.147525,13.865374,0.0,0.0
2018-06-18 07:00:00,8.32,302.443,997.1277,5.461392,13.686826,0.0,0.0
2018-06-18 08:00:00,8.21,302.1871,996.92456,5.0480146,13.819568,0.0,0.0
2018-06-18 09:00:00,8.44,300.86865,997.605,3.741455,15.112755,0.0,0.0
2018-06-18 10:00:00,8.92,298.82092,998.0636,3.806302,17.23509,0.0,0.0
2018-06-18 11:00:00,9.24,297.3078,998.765,4.2177587,18.703135,0.0,0.0
2018-06-18 12:00:00,9.5,296.07245,999.3668,4.442963,19.698118,0.0,0.0
2018-06-18 13:00:00,9.58,294.99374,1000.1019,4.5325923,20.605848,0.0,0.0
2018-06-18 14:00:00,9.72,294.01245,1000.44006,4.5291696,21.620256,0.0,0.0
2018-06-18 15:00:00,9.7,293.09158,1000.4459,4.5330734,22.751772,0.0,0.0
2018-06-18 16:00:00,9.26,292.28796,1000.7239,4.549886,23.788979,0.0,0.0
2018-06-18 17:00:00,9.39,291.579,1000.777,4.5408096,24.618322,0.0,0.0
2018-06-18 18:00:00,9.38,290.93494,1000.71985,4.605657,25.133816,0.0,0.0
2018-06-18 19:00:00,9.25,289.84335,1000.885,4.666601,27.41331,0.0,0.0
2018-06-18 20:00:00,9.3,289.29938,1000.9942,4.870339,27.603489,0.0,0.0
2018-06-18 21:00:00,9.06,288.85602,1001.1889,4.8041854,27.739452,0.0,0.0
2018-06-18 22:00:00,8.92,288.44553,1001.34985,4.615645,27.991545,0.0,0.0
2018-06-18 23:00:00,8.94,288.92917,1001.9875,4.0946965,26.945904,0.0,0.0
2018-06-19 00:00:00,9.34,291.41226,1002.35486,4.617271,22.526747,0.0,0.0
2018-06-19 01:00:00,9.61,294.04434,1002.6357,4.7822766,19.04171,0.0,0.0
2018-06-19 02:00:00,9.95,296.63306,1002.3364,4.5004277,16.502377,0.0,0.0
2018-06-19 03:00:00,10.26,298.92618,1001.5597,4.0761046,14.91189,0.0,0.0
2018-06-19 04:00:00,10.47,300.62408,1000.5159,3.5705621,14.260581,0.0,0.0
2018-06-19 05:00:00,10.7,301.70477,999.5801,3.042947,14.053957,0.0,0.0
2018-06-19 06:00:00,10.97,302.34235,999.2665,2.7775087,13.787786,0.0,0.0
2018-06-19 07:00:00,11.58,302.672,998.7254,2.286107,14.059337,0.0,0.0
2018-06-19 08:00:00,11.69,302.50397,998.93146,2.641004,14.278415,0.0,0.0
2018-06-19 09:00:00,12.21,301.48187,999.4747,2.5851247,15.39412,0.0,0.0
2018-06-19 10:00:00,12.5,299.73462,999.9158,2.8922503,17.364319,0.0,0.0
2018-06-19 11:00:00,12.9,298.16418,1000.135,3.0209289,19.283129,0.0,0.0
2018-06-19 12:00:00,13.13,296.7286,1000.84125,3.3250585,21.071644,0.0,0.0
2018-06-19 13:00:00,13.15,295.50128,1000.93445,3.5506313,22.602472,0.0,0.0
2018-06-19 14:00:00,13.12,294.4794,1001.3655,3.6853523,23.83682,0.0,0.0
2018-06-19 15:00:00,12.92,293.5467,1001.5214,3.9483428,24.709986,0.0,0.0
2018-06-19 16:00:00,12.98,292.77344,1001.733,4.2105837,24.98595,0.0,0.0
2018-06-19 17:00:00,13.25,292.12445,1001.7341,4.3658657,24.930681,0.0,0.0
2018-06-19 18:00:00,13.04,291.52914,1001.4738,4.4817295,24.754646,0.0,0.0
2018-06-19 19:00:00,12.74,290.40454,1001.86884,4.551207,25.315783,0.0,0.0
2018-06-19 20:00:00,12.4,289.83853,1001.9162,4.66102,25.050375,0.0,0.0
2018-06-19 21:00:00,12.22,289.3708,1002.14966,4.5981846,24.84457,0.0,0.0
2018-06-19 22:00:00,12.36,288.8864,1002.58795,4.4768963,24.96191,0.0,0.0
2018-06-19 23:00:00,13.15,289.26758,1003.16797,4.3347063,23.917374,0.0,0.0
2018-06-20 00:00:00,14.04,291.69098,1003.65436,5.303412,19.722618,0.0,0.0
2018-06-20 01:00:00,14.6,294.47662,1003.63385,6.0697536,16.063234,0.0,0.0
2018-06-20 02:00:00,15.5,297.2307,1002.96594,6.236652,13.432227,0.0,0.0
2018-06-20 03:00:00,16.14,299.50818,1001.83954,6.3915315,11.829494,0.0,0.0
2018-06-20 04:00:00,16.47,301.06763,1000.5637,6.014108,11.168079,0.0,0.0
2018-06-20 05:00:00,16.6,302.0402,999.66296,5.4752393,10.883599,0.0,0.0
2018-06-20 06:00:00,16.88,302.5913,999.303,5.1009083,10.633304,0.0,0.0
2018-06-20 07:00:00,16.78,302.79163,998.6665,5.196224,10.451893,0.0,0.0
2018-06-20 08:00:00,16.52,302.41376,998.9801,5.123473,10.3732605,0.0,0.0
2018-06-20 09:00:00,16.59,301.08145,999.40594,4.0508265,11.004392,0.0,0.0
2018-06-20 10:00:00,16.4,299.20294,1000.03955,3.995221,12.065146,0.0,0.0
2018-06-20 11:00:00,16.05,297.91953,1000.42487,4.3363605,12.6704235,0.0,0.0
2018-06-20 12:00:00,15.98,296.78244,1000.9219,4.6011243,13.0916195,0.0,0.0
2018-06-20 13:00:00,16.12,295.71848,1001.15094,4.83822,13.320683,0.0,0.0
2018-06-20 14:00:00,16.32,294.82098,1001.45874,4.947889,13.210254,0.0,0.0
2018-06-20 15:00:00,16.3,293.938,1001.2722,4.985736,12.969112,0.0,0.0
2018-06-20 16:00:00,15.85,293.18054,1001.6194,4.9369926,12.776123,0.0,0.0
2018-06-20 17:00:00,15.18,292.44794,1001.58514,4.771364,12.82791,0.0,0.0
2018-06-20 18:00:00,15.19,291.7425,1001.4204,4.5960774,13.069516,0.0,0.0
2018-06-20 19:00:00,15.18,290.53592,1001.08044,4.5193496,14.22445,0.0,0.0
2018-06-20 20:00:00,15.38,289.85236,1001.24634,4.3501115,14.8040905,0.0,0.0
2018-06-20 21:00:00,15.36,289.24805,1001.3641,4.099007,15.445582,0.0,0.0
2018-06-20 22:00:00,15.23,288.68896,1001.8705,3.903916,16.239317,0.0,0.0
2018-06-20 23:00:00,15.04,289.02295,1002.5057,3.6141222,16.404633,0.0,0.0
2018-06-21 00:00:00,15.33,291.67664,1003.0045,4.1581116,14.289087,0.0,0.0
2018-06-21 01:00:00,14.83,294.60187,1003.1142,4.8817806,12.849052,0.0,0.0
2018-06-21 02:00:00,13.84,297.3606,1002.5051,5.366681,11.710263,0.0,0.0
2018-06-21 03:00:00,12.94,299.6246,1001.3928,5.5577655,10.587128,0.0,0.0
2018-06-21 04:00:00,12.46,301.24847,1000.1493,5.2633753,9.790938,0.0,0.0
2018-06-21 05:00:00,12.1,302.24286,999.142,4.685497,9.475826,0.0,0.0
2018-06-21 06:00:00,11.77,302.74173,998.5828,4.2241087,9.446966,0.0,0.0
2018-06-21 07:00:00,11.47,302.96893,998.3965,4.116107,10.246793,0.0,0.0
2018-06-21 08:00:00,11.12,302.59534,998.6599,4.0282984,10.597663,0.0,0.0
2018-06-21 09:00:00,11.4,301.31128,999.4214,3.3553574,11.5956955,0.0,0.0
2018-06-21 10:00:00,11.51,299.316,999.83594,3.6860223,13.168615,0.0,0.0
2018-06-21 11:00:00,11.58,297.81958,1000.3042,4.1830254,14.378788,0.0,0.0
2018-06-21 12:00:00,11.45,296.5763,1000.83484,4.681456,15.246031,0.0,0.0
2018-06-21 13:00:00,11.43,295.5268,1001.302,5.1685824,15.783505,0.0,0.0
2018-06-21 14:00:00,11.27,294.63934,1001.4746,5.5201063,16.095198,0.0,0.0
2018-06-21 15:00:00,11.24,293.87567,1001.4239,5.6785016,16.424503,0.0,0.0
2018-06-21 16:00:00,10.79,293.19104,1001.3738,5.625056,16.901653,0.0,0.0
2018-06-21 17:00:00,10.63,292.4433,1001.23126,5.4043083,17.61858,0.0,0.0
2018-06-21 18:00:00,10.38,291.7118,1000.955,5.156768,18.406233,0.0,0.0
2018-06-21 19:00:00,10.13,290.5318,1001.14514,4.9037986,19.916132,0.0,0.0
2018-06-21 20:00:00,9.76,289.80197,1001.397,4.6123238,20.872694,0.0,0.0
2018-06-21 21:00:00,9.34,289.14685,1001.64276,4.347242,21.782688,0.0,0.0
2018-06-21 22:00:00,9.46,288.58282,1002.1457,4.149196,22.605888,0.0,0.0
2018-06-21 23:00:00,9.43,288.93005,1002.9247,3.9014297,22.204735,0.0,0.0
2018-06-22 00:00:00,9.76,291.44458,1003.44904,4.692565,18.697538,0.0,0.0
2018-06-22 01:00:00,9.52,294.19357,1003.535,5.5894704,15.690118,0.0,0.0
2018-06-22 02:00:00,8.76,296.67566,1002.7072,6.1817713,13.548014,0.0,0.0
2018-06-22 03:00:00,8.38,298.71545,1001.71515,6.369149,12.144654,0.0,0.0
2018-06-22 04:00:00,7.72,300.15375,1000.41077,6.164568,11.259043,0.0,0.0
2018-06-22 05:00:00,7.45,301.11517,999.4793,5.923492,10.698501,0.0,0.0
2018-06-22 06:00:00,7.47,301.60214,998.93823,5.775256,10.360989,0.0,0.0
2018-06-22 07:00:00,7.51,301.88123,998.5107,5.263556,10.529091,0.0,0.0
2018-06-22 08:00:00,7.11,301.48303,998.9468,5.3468223,10.605712,0.0,0.0
2018-06-22 09:00:00,7.17,300.10754,999.57544,4.548313,11.251754,0.0,0.0
2018-06-22 10:00:00,7.03,298.10864,999.9369,4.692247,12.331908,0.0,0.0
2018-06-22 11:00:00,6.85,296.68295,1000.6664,5.138806,13.079396,0.0,0.0
2018-06-22 12:00:00,6.98,295.45636,1001.0538,5.472128,13.887434,0.0,0.0
2018-06-22 13:00:00,7.33,294.41138,1001.5989,5.6376963,14.772262,0.0,0.0
2018-06-22 14:00:00,7.55,293.44983,1001.9866,5.726855,15.785247,0.0,0.0
2018-06-22 15:00:00,7.4,292.56305,1002.08154,5.71385,16.924263,0.0,0.0
2018-06-22 16:00:00,7.43,291.74588,1002.04376,5.671652,18.22517,0.0,0.0
2018-06-22 17:00:00,7.82,290.97003,1001.8015,5.465949,19.7624,0.0,0.0
2018-06-22 18:00:00,8.14,290.23547,1001.6914,5.201071,21.467813,0.0,0.0
2018-06-22 19:00:00,8.17,289.34772,1001.4897,5.0463057,24.485197,0.0,0.0
2018-06-22 20:00:00,8.34,288.7086,1001.6329,4.796425,26.277771,0.0,0.0
2018-06-22 21:00:00,8.4,288.06042,1002.02466,4.4477057,28.06044,0.0,0.0
2018-06-22 22:00:00,8.23,287.42365,1002.4924,4.2626643,29.770649,0.0,0.0
2018-06-22 23:00:00,8.09,287.69617,1003.2495,4.0643787,29.67255,0.0,0.0
2018-06-23 00:00:00,8.45,290.0451,1003.5076,5.0367956,25.365442,0.0,0.0
2018-06-23 01:00:00,8.66,292.70364,1003.46716,5.730026,20.91412,0.0,0.0
2018-06-23 02:00:00,8.5,295.1526,1002.68,6.2867227,17.220943,0.0,0.0
2018-06-23 03:00:00,8.31,297.122,1001.86,6.366626,14.420374,0.0,0.0
2018-06-23 04:00:00,8.13,298.57074,1000.7252,5.943195,12.519918,0.0,0.0
2018-06-23 05:00:00,7.92,299.59644,999.745,5.566232,11.242661,0.0,0.0
2018-06-23 06:00:00,7.91,300.20212,999.40625,5.2838397,10.463233,0.0,0.0
2018-06-23 07:00:00,7.94,300.4684,999.27344,5.0480523,9.806737,0.0,0.0
2018-06-23 08:00:00,8.17,300.17163,999.692,4.978666,9.885928,0.0,0.0
2018-06-23 09:00:00,8.41,299.0164,1000.0609,4.142111,10.742544,0.0,0.0
2018-06-23 10:00:00,8.56,297.242,1000.59406,4.152325,12.153662,0.0,0.0
2018-06-23 11:00:00,8.5,296.04926,1001.3173,4.6817446,13.256928,0.0,0.0
2018-06-23 12:00:00,8.87,295.34772,1001.5756,5.1737337,14.0444975,0.0,0.0
2018-06-23 13:00:00,9.02,294.73035,1001.92554,5.5871253,14.862423,0.0,0.0
2018-06-23 14:00:00,8.79,293.95923,1002.09033,5.7271695,15.87507,0.0,0.0
2018-06-23 15:00:00,8.42,293.2124,1001.83264,5.766461,16.862238,0.0,0.0
2018-06-23 16:00:00,8.55,292.48016,1001.95953,5.6197906,17.831896,0.0,0.0
2018-06-23 17:00:00,8.63,291.77863,1001.7727,5.526275,18.76355,0.0,0.0
2018-06-23 18:00:00,8.86,291.14944,1001.5287,5.312814,19.640463,0.0,0.0
2018-06-23 19:00:00,8.68,289.79398,1001.6225,4.8797727,21.947275,0.0,0.0
2018-06-23 20:00:00,8.47,289.57385,1001.7924,4.8894973,22.400246,0.0,0.0
2018-06-23 21:00:00,8.32,289.00293,1001.99536,4.7524686,23.420303,0.0,0.0
2018-06-23 22:00:00,8.86,288.31137,1002.4161,4.561924,24.708874,0.0,0.0
2018-06-23 23:00:00,9.44,288.5913,1003.0128,4.4342856,24.489481,0.0,0.0
2018-06-24 00:00:00,9.84,290.53775,1003.46967,5.2167234,21.5769,0.0,0.0
2018-06-24 01:00:00,9.95,293.0166,1003.5217,5.90246,18.500027,0.0,0.0
2018-06-24 02:00:00,10.24,295.6383,1002.62134,6.224886,15.954065,0.0,0.0
2018-06-24 03:00:00,10.07,297.6803,1001.3036,6.3820386,13.8317585,0.0,0.0
2018-06-24 04:00:00,9.91,299.12143,1000.2,5.8381186,12.138256,0.0,0.0
2018-06-24 05:00:00,9.78,300.10406,999.0662,5.2575154,11.027248,0.0,0.0
2018-06-24 06:00:00,9.53,300.68726,998.5211,4.9144044,10.384262,0.0,0.0
2018-06-24 07:00:00,8.21,301.0191,998.3362,4.5571375,9.810245,0.0,0.0
2018-06-24 08:00:00,6.8,300.75574,998.5683,4.5262957,9.951285,0.0,0.0
2018-06-24 09:00:00,6.26,299.5235,999.10016,3.65505,10.912425,0.0,0.0
2018-06-24 10:00:00,5.87,297.52747,999.6713,3.733816,12.529264,0.0,0.0
2018-06-24 11:00:00,5.87,296.0114,1000.546,4.136486,13.911446,0.0,0.0
2018-06-24 12:00:00,5.99,294.7255,1000.9289,4.5170865,15.180018,0.0,0.0
2018-06-24 13:00:00,6.21,293.63202,1001.3678,4.874522,16.390696,0.0,0.0
2018-06-24 14:00:00,6.23,292.714,1001.3961,5.15826,17.609913,0.0,0.0
2018-06-24 15:00:00,6.05,291.93402,1001.47876,5.3102856,18.877499,0.0,0.0
2018-06-24 16:00:00,6.12,291.22644,1001.617,5.3911796,20.246126,0.0,0.0
2018-06-24 17:00:00,6.18,290.5628,1001.5055,5.387215,21.784744,0.0,0.0
2018-06-24 18:00:00,6.28,289.92947,1001.2732,5.267246,23.405163,0.0,0.0
2018-06-24 19:00:00,6.2,288.6963,1001.2562,5.0113463,26.826286,0.0,0.0
2018-06-24 20:00:00,6.14,288.00272,1001.5263,4.84525,28.57691,0.0,0.0
2018-06-24 21:00:00,5.8,287.3993,1001.76935,4.680135,30.12192,0.0,0.0
2018-06-24 22:00:00,5.51,286.87042,1002.33905,4.607048,31.520737,0.0,0.0
2018-06-24 23:00:00,5.53,287.2398,1002.97235,4.4766808,31.057098,0.0,0.0
2018-06-25 00:00:00,5.77,289.67557,1003.53564,5.362605,26.555693,0.003441589,0.0
2018-06-25 01:00:00,5.87,292.5678,1003.53284,6.0694504,22.195526,0.0,0.0
2018-06-25 02:00:00,5.87,295.4762,1002.8156,6.272704,18.762989,0.0,0.0
2018-06-25 03:00:00,5.8,297.8991,1001.6422,6.445755,16.147879,0.0,0.0
2018-06-25 04:00:00,5.43,299.38855,1000.4442,5.973248,14.082225,0.0,0.0
2018-06-25 05:00:00,5.2,300.25443,999.4233,5.4152403,12.38695,0.0,0.0
2018-06-25 06:00:00,5.14,300.75397,998.8655,5.2084165,11.423679,0.0,0.0
2018-06-25 07:00:00,5.62,300.84644,998.71594,5.345171,11.61807,0.0,0.0
2018-06-25 08:00:00,5.74,300.4568,998.9383,5.495038,11.792406,0.0,0.0
2018-06-25 09:00:00,6.02,299.12497,999.3336,4.5519576,12.90343,0.0,0.0
2018-06-25 10:00:00,6.07,297.1527,1000.0008,4.354184,14.687475,0.0,0.0
2018-06-25 11:00:00,6.21,295.7402,1000.6612,4.653894,16.254648,0.0,0.0
2018-06-25 12:00:00,6.62,294.5679,1001.15845,4.8960614,17.84817,0.0,0.0
2018-06-25 13:00:00,7.0,293.5736,1001.6439,5.201084,19.565853,0.0,0.0
2018-06-25 14:00:00,7.38,292.71188,1001.8395,5.4704494,21.380411,0.0,0.0
2018-06-25 15:00:00,7.54,291.9531,1001.76154,5.646565,23.128878,0.0,0.0
2018-06-25 16:00:00,7.39,291.2868,1001.84906,5.7051806,24.660835,0.0,0.0
2018-06-25 17:00:00,7.15,290.65912,1001.5586,5.579923,26.030815,0.0,0.0
2018-06-25 18:00:00,7.02,290.06952,1001.3168,5.439381,27.302895,0.0,0.0
2018-06-25 19:00:00,6.93,289.10745,1001.0804,5.0937157,29.781822,0.0,0.0
2018-06-25 20:00:00,6.72,288.54443,1001.437,4.9628654,31.078789,0.0,0.0
2018-06-25 21:00:00,6.44,288.01868,1001.6711,4.7941637,32.3298,0.0,0.0
2018-06-25 22:00:00,6.58,287.5395,1002.53156,4.702804,33.49407,0.0,0.0
2018-06-25 23:00:00,6.87,287.9351,1003.2511,4.7218823,32.746708,0.0,0.0
2018-06-26 00:00:00,7.01,290.28497,1003.9111,5.705988,28.007412,0.0017046927,0.0
2018-06-26 01:00:00,7.0,292.9582,1003.8986,6.57928,23.72462,0.0,0.0
2018-06-26 02:00:00,6.92,295.6787,1003.29065,6.551678,20.317389,0.0,0.0
2018-06-26 03:00:00,6.84,298.07343,1002.1912,6.5664787,17.736015,0.0,0.0
2018-06-26 04:00:00,6.6,299.66785,1001.05634,6.1808023,15.7804575,0.0,0.0
2018-06-26 05:00:00,6.37,300.67398,999.85297,5.6552706,14.086531,0.0,0.0
2018-06-26 06:00:00,6.34,301.28693,999.2472,5.4232726,13.018611,0.0,0.0
2018-06-26 07:00:00,6.33,301.54898,998.91815,5.7155604,12.287615,0.0,0.0
2018-06-26 08:00:00,6.13,301.17645,999.1128,5.7666097,12.539191,0.0,0.0
2018-06-26 09:00:00,6.77,299.80362,999.42126,4.630315,13.78844,0.0,0.0
2018-06-26 10:00:00,7.0,297.8003,1000.0494,4.3988085,15.696589,0.0,0.0
2018-06-26 11:00:00,7.24,296.3652,1000.44775,4.549118,17.342012,0.0,0.0
2018-06-26 12:00:00,7.42,295.1881,1000.9473,4.7332115,19.026081,0.0,0.0
2018-06-26 13:00:00,7.93,294.17932,1001.08,4.895282,20.830244,0.0,0.0
2018-06-26 14:00:00,8.14,293.30685,1001.3993,4.9252915,22.733936,0.0,0.0
2018-06-26 15:00:00,8.35,292.51093,1001.49097,4.8782883,24.672325,0.0,0.0
2018-06-26 16:00:00,8.46,291.76984,1001.4306,4.7986274,26.612755,0.0,0.0
2018-06-26 17:00:00,8.98,291.1194,1001.6485,4.6696525,28.542435,0.0,0.0
2018-06-26 18:00:00,8.84,290.5141,1001.41016,4.505454,30.686098,0.0,0.0
2018-06-26 19:00:00,8.77,289.4355,1001.48737,4.383819,33.557735,0.0,0.0
2018-06-26 20:00:00,8.84,288.86523,1001.65924,4.3050656,36.313705,0.0,0.0
2018-06-26 21:00:00,8.75,288.40808,1001.91046,4.203784,38.946705,0.0,0.0
2018-06-26 22:00:00,8.98,288.0147,1002.22375,4.1403866,41.282444,0.0,0.0
2018-06-26 23:00:00,9.48,288.52496,1002.84814,4.049914,40.891777,0.0,0.0
2018-06-27 00:00:00,9.84,291.35825,1003.3851,4.742868,34.638752,0.003432816,0.0
2018-06-27 01:00:00,9.68,294.3575,1003.82794,5.8103347,29.175966,0.0,0.0
2018-06-27 02:00:00,9.61,296.80566,1003.23706,6.516919,25.937895,0.0,0.0
2018-06-27 03:00:00,9.94,298.87753,1001.9934,6.440197,24.453402,0.0,0.0
2018-06-27 04:00:00,9.97,300.47937,1000.65985,5.8623857,23.359894,0.0,0.0
2018-06-27 05:00:00,10.03,301.44778,999.4459,4.95921,22.82927,0.0,0.0
2018-06-27 06:00:00,10.28,301.9663,998.66296,4.280943,21.93004,0.0,0.0
2018-06-27 07:00:00,10.37,302.29904,998.5701,3.642971,19.36388,0.0,0.0
2018-06-27 08:00:00,10.54,302.03098,998.52075,3.6731396,19.386827,0.0,0.0
2018-06-27 09:00:00,10.69,300.8884,998.7356,3.1043231,20.88397,0.0,0.0
2018-06-27 10:00:00,10.67,298.98453,999.0214,3.3203962,23.615234,0.0,0.0
2018-06-27 11:00:00,10.69,297.5155,999.72284,3.6414714,26.091433,0.0,0.0
2018-06-27 12:00:00,10.7,296.2734,1000.151,3.8674643,28.533613,0.0,0.0
2018-06-27 13:00:00,11.22,295.19507,1000.4578,4.0609307,31.02192,0.0,0.0
2018-06-27 14:00:00,11.19,294.29053,1000.85065,4.2654705,33.364185,0.0,0.0
2018-06-27 15:00:00,10.94,293.4826,1000.7816,4.4704766,35.557945,0.0,0.0
2018-06-27 16:00:00,11.09,292.79718,1000.9761,4.6514063,37.581165,0.0,0.0
2018-06-27 17:00:00,11.68,292.17236,1000.89923,4.8239346,39.594006,0.0,0.0
2018-06-27 18:00:00,11.66,291.64648,1000.716,5.0316777,41.483814,0.0,0.0
2018-06-27 19:00:00,11.53,290.3919,1000.2835,4.653175,46.697514,0.0,0.0
2018-06-27 20:00:00,11.13,289.85217,1000.3953,4.678023,48.990845,0.0,0.0
2018-06-27 21:00:00,10.62,289.43903,1000.46936,4.639015,50.67822,0.0,0.0
2018-06-27 22:00:00,10.28,289.10565,1000.7617,4.5871243,51.961716,0.0,0.0
2018-06-27 23:00:00,9.78,289.5987,1001.3928,4.354319,50.54977,0.0,0.0
2018-06-28 00:00:00,9.85,292.25897,1001.65216,4.8495054,42.63745,0.0,0.0
2018-06-28 01:00:00,9.87,295.189,1001.95685,5.542134,35.623405,0.0,0.0
2018-06-28 02:00:00,9.84,297.59796,1001.183,5.935781,31.79663,0.0,0.0
2018-06-28 03:00:00,10.05,299.1656,1000.1397,5.423622,28.88819,0.0,0.0
2018-06-28 04:00:00,10.04,300.1958,998.9878,4.2986383,25.5506,0.0,0.0
2018-06-28 05:00:00,10.02,300.93445,997.6936,3.504704,23.279104,0.0,0.0
2018-06-28 06:00:00,10.29,301.36835,997.0264,2.956232,22.072918,0.0,0.0
2018-06-28 07:00:00,10.3,301.5529,996.65845,2.703445,19.995998,0.0,0.0
2018-06-28 08:00:00,10.26,301.34485,996.7536,2.8071423,19.96254,0.0,0.0
2018-06-28 09:00:00,10.44,300.44012,996.95435,2.5853047,21.052156,0.0,0.0
2018-06-28 10:00:00,10.48,298.78412,997.4545,2.9338918,23.498232,0.0,0.0
2018-06-28 11:00:00,10.44,297.30475,997.83093,3.2303634,26.025003,0.0,0.0
2018-06-28 12:00:00,10.38,296.0177,998.2438,3.5549657,28.420025,0.0,0.0
2018-06-28 13:00:00,10.41,294.9087,998.52765,3.7114449,30.674973,0.0,0.0
2018-06-28 14:00:00,10.19,293.90167,998.8175,3.821586,32.76991,0.0,0.0
2018-06-28 15:00:00,10.52,292.99683,998.64514,4.086895,34.547348,0.0,0.0
2018-06-28 16:00:00,10.71,292.2626,998.60205,4.4128275,35.746593,0.0,0.0
2018-06-28 17:00:00,10.67,291.66718,998.8072,4.5243607,36.447483,0.0,0.0
2018-06-28 18:00:00,10.8,291.10797,998.8484,4.549103,37.039276,0.0,0.0
2018-06-28 19:00:00,11.1,289.46173,999.06287,3.9303071,41.903534,0.0,0.0
2018-06-28 20:00:00,11.27,288.8932,999.0822,3.917896,42.97231,0.0,0.0
2018-06-28 21:00:00,11.07,288.4641,999.34607,3.9254963,43.634167,0.0,0.0
2018-06-28 22:00:00,11.32,288.09613,999.9233,3.9960582,44.09584,0.0,0.0
2018-06-28 23:00:00,11.32,288.5683,1000.5817,3.9066415,42.373997,0.0,0.0
2018-06-29 00:00:00,11.55,291.3265,1001.3679,4.6104603,35.376637,0.0,0.0
2018-06-29 01:00:00,11.67,294.47415,1001.4572,5.0768867,29.790869,0.0,0.0
2018-06-29 02:00:00,11.81,297.46277,1000.97095,5.1694236,26.08445,0.0,0.0
2018-06-29 03:00:00,11.77,299.72034,1000.0062,5.0614395,23.457737,0.0,0.0
2018-06-29 04:00:00,11.77,300.62347,998.76917,3.6781914,21.395721,0.0,0.0
2018-06-29 05:00:00,11.85,301.21823,997.74774,3.0960672,20.020796,0.0,0.0
2018-06-29 06:00:00,11.94,301.55835,996.77423,3.016944,19.177822,0.0,0.0
2018-06-29 07:00:00,11.83,301.70038,996.37274,3.2185433,18.112646,0.0,0.0
2018-06-29 08:00:00,12.03,301.4285,996.2489,3.270646,18.128399,0.0,0.0
2018-06-29 09:00:00,12.05,300.49023,996.5803,2.7357817,19.314558,0.0,0.0
2018-06-29 10:00:00,11.89,298.8233,997.1336,2.9647875,21.748833,0.0,0.0
2018-06-29 11:00:00,11.94,297.39935,997.6813,3.3210876,24.202616,0.0,0.0
2018-06-29 12:00:00,12.12,296.1499,998.06946,3.7262578,26.422394,0.0,0.0
2018-06-29 13:00:00,12.32,295.09137,998.5594,4.322936,28.211733,0.0,0.0
2018-06-29 14:00:00,12.49,294.2425,998.60565,5.024308,29.071936,0.0,0.0
2018-06-29 15:00:00,12.78,293.58734,998.6303,5.6082215,28.79769,0.0,0.0
2018-06-29 16:00:00,12.91,293.01038,998.562,5.8290324,27.844873,0.0,0.0
2018-06-29 17:00:00,13.0,292.45142,998.48706,5.761407,26.612604,0.0,0.0
2018-06-29 18:00:00,12.94,291.83307,998.3875,5.51828,25.665089,0.0,0.0
2018-06-29 19:00:00,13.05,290.1089,998.40344,4.5028634,32.3852,0.0,0.0
2018-06-29 20:00:00,12.87,289.35062,998.8014,4.254698,33.61323,0.0,0.0
2018-06-29 21:00:00,12.91,288.78894,999.2656,3.995456,34.85474,0.0,0.0
2018-06-29 22:00:00,12.9,288.34473,999.72,3.8409572,36.13552,0.0,0.0
2018-06-29 23:00:00,12.66,288.77228,1000.52875,3.6710725,35.91682,0.0,0.0
2018-06-30 00:00:00,13.28,291.49023,1001.0221,4.1863,30.88685,0.0030189594,0.0
2018-06-30 01:00:00,13.4,294.52087,1001.0504,4.863707,27.428785,0.0,0.0
2018-06-30 02:00:00,13.61,297.42255,1000.7033,5.1070065,25.222906,0.0,0.0
2018-06-30 03:00:00,13.9,299.87396,999.91046,5.4001317,23.55347,0.0,0.0
2018-06-30 04:00:00,14.33,301.4802,998.915,5.4880934,22.478842,0.0,0.0
2018-06-30 05:00:00,14.31,302.2871,998.04047,5.047502,22.378727,0.0,0.0
2018-06-30 06:00:00,13.97,302.71735,997.3109,4.792168,22.45637,0.0,0.0
2018-06-30 07:00:00,13.84,302.98877,997.2475,3.957418,21.418032,0.0,0.0
2018-06-30 08:00:00,14.05,302.77127,997.40063,4.2067657,21.770596,0.0,0.0
2018-06-30 09:00:00,14.12,301.65558,997.6955,3.6220908,23.702532,0.0,0.0
2018-06-30 10:00:00,14.29,299.82346,998.10236,3.6744106,26.939737,0.0,0.0
2018-06-30 11:00:00,14.8,298.5651,998.7517,3.912964,29.392803,0.0,0.0
2018-06-30 12:00:00,15.27,297.47482,999.21423,4.011747,31.6593,0.0,0.0
2018-06-30 13:00:00,15.7,296.53717,999.7086,4.13022,33.687355,0.0,0.0
2018-06-30 14:00:00,16.32,295.74234,999.81805,4.3481016,35.55708,0.0,0.0
2018-06-30 15:00:00,16.76,295.03937,999.83234,4.35936,38.012894,0.0,0.0
2018-06-30 16:00:00,17.12,294.36227,999.9363,4.2721276,41.20194,0.0,0.0
2018-06-30 17:00:00,17.66,293.7669,999.79266,4.171814,44.264603,0.0,0.0
2018-06-30 18:00:00,17.68,293.25696,999.3187,4.086482,46.591175,0.0,0.0
2018-06-30 19:00:00,18.31,292.4569,999.2452,4.5353675,48.548347,0.0,0.0
2018-06-30 20:00:00,19.03,292.0508,999.5657,4.7088275,49.90629,0.0,0.0
2018-06-30 21:00:00,19.32,291.6621,1000.10126,4.482817,51.27203,0.0,0.0
2018-06-30 22:00:00,19.91,291.24503,1001.0212,4.370125,52.834736,0.0,0.0
2018-06-30 23:00:00,20.37,291.721,1001.76294,4.388278,51.572453,0.0,0.0
2018-07-01 00:00:00,20.23,294.2195,1002.16235,5.5247083,44.316692,0.0021457663,0.0
2018-07-01 01:00:00,20.29,296.9674,1002.02295,7.033036,37.580086,0.0,0.0
2018-07-01 02:00:00,20.38,299.30743,1001.363,7.645107,33.057095,0.0,0.0
2018-07-01 03:00:00,20.53,301.02243,1000.4472,7.8318334,30.25524,0.0,0.0
2018-07-01 04:00:00,20.74,302.51138,999.1797,7.9057455,28.0682,0.0,0.0
2018-07-01 05:00:00,19.66,303.72974,998.26263,7.8159423,26.594915,0.0,0.0
2018-07-01 06:00:00,19.11,304.25198,997.53467,7.4862986,25.928741,0.0,0.0
2018-07-01 07:00:00,18.32,304.6357,997.54205,6.1230187,23.999228,0.0,0.0
2018-07-01 08:00:00,18.16,304.2215,997.6373,6.027554,24.003883,0.0,0.0
2018-07-01 09:00:00,17.47,303.03168,998.1156,4.9099054,25.613216,0.0,0.0
2018-07-01 10:00:00,16.43,301.24063,998.82117,4.493531,28.453182,0.0,0.0
2018-07-01 11:00:00,16.21,299.96182,999.4333,4.831556,30.629948,0.0,0.0
2018-07-01 12:00:00,16.32,298.9306,1000.09546,5.2824492,32.079887,0.0,0.0
2018-07-01 13:00:00,16.73,298.03748,1000.7583,5.5468907,32.61827,0.0,0.0
2018-07-01 14:00:00,16.5,297.19904,1000.96454,5.478291,32.960094,0.0,0.0
2018-07-01 15:00:00,16.68,296.38312,1001.07837,5.173545,33.870403,0.0,0.0
2018-07-01 16:00:00,17.27,295.59866,1001.3067,4.954904,35.19286,0.0,0.0
2018-07-01 17:00:00,18.16,294.8166,1001.1184,4.7397094,36.707787,0.0,0.0
2018-07-01 18:00:00,18.0,294.04626,1000.74963,4.539904,38.259403,0.0,0.0
2018-07-01 19:00:00,17.83,292.86102,1000.8896,4.1393113,42.10782,0.0,0.0
2018-07-01 20:00:00,17.25,292.2123,1000.9522,4.1541934,43.57741,0.0,0.0
2018-07-01 21:00:00,16.83,291.70154,1000.9754,4.148724,44.512024,0.0,0.0
2018-07-01 22:00:00,17.11,291.30096,1001.29596,4.1176844,45.1447,0.0,0.0
2018-07-01 23:00:00,17.38,291.78955,1001.5989,4.062683,43.489418,0.0,0.0
2018-07-02 00:00:00,17.71,294.39502,1001.9242,4.772403,36.676254,0.0012844801,0.0
2018-07-02 01:00:00,17.58,297.12976,1001.81036,5.902558,31.253237,0.0,0.0
2018-07-02 02:00:00,17.37,299.72995,1000.8903,6.29584,27.586742,0.0,0.0
2018-07-02 03:00:00,17.2,302.00616,999.9539,6.470905,25.13061,0.0,0.0
2018-07-02 04:00:00,17.18,303.71713,998.64624,6.533349,23.774029,0.0,0.0
2018-07-02 05:00:00,17.19,304.85986,997.72815,6.341737,23.366007,0.0,0.0
2018-07-02 06:00:00,17.17,305.37958,997.0634,5.8462515,23.37715,0.0,0.0
2018-07-02 07:00:00,17.25,305.6529,996.7047,4.400964,21.206009,0.0,0.0
2018-07-02 08:00:00,17.65,305.31842,996.6683,4.123656,21.441158,0.0,0.0
2018-07-02 09:00:00,17.8,304.1361,997.14594,3.3384297,23.141708,0.0,0.0
2018-07-02 10:00:00,17.56,302.1954,997.4486,3.597174,26.15492,0.0,0.0
2018-07-02 11:00:00,17.65,300.81836,997.83405,4.065047,28.606297,0.0,0.0
2018-07-02 12:00:00,17.57,299.70605,998.2685,4.4136443,30.75622,0.0,0.0
2018-07-02 13:00:00,17.85,298.75565,998.901,4.5721154,32.596462,0.0,0.0
2018-07-02 14:00:00,18.15,297.89362,999.18915,4.7178745,34.108006,0.0,0.0
2018-07-02 15:00:00,18.13,297.13806,999.344,4.914768,35.141445,0.0,0.0
2018-07-02 16:00:00,18.2,296.50702,999.6181,5.163893,35.66557,0.0,0.0
2018-07-02 17:00:00,18.27,295.91333,999.71313,5.263445,36.092384,0.0,0.0
2018-07-02 18:00:00,17.96,295.29303,999.4934,5.1426177,36.799427,0.0,0.0
2018-07-02 19:00:00,17.48,293.95532,999.7597,4.803087,40.148056,0.0,0.0
2018-07-02 20:00:00,16.87,293.31265,999.7541,4.6556044,41.20197,0.0,0.0
2018-07-02 21:00:00,16.65,292.75958,1000.1489,4.3562455,42.264206,0.0,0.0
2018-07-02 22:00:00,16.18,292.23444,1000.58014,4.241465,43.505527,0.0,0.0
2018-07-02 23:00:00,15.73,292.60486,1001.31836,4.1952243,42.57112,0.0,0.0
2018-07-03 00:00:00,15.9,295.3237,1001.7278,4.8244133,36.16806,0.0,0.0
2018-07-03 01:00:00,15.88,298.32706,1001.8459,5.900006,30.52549,0.0,0.0
2018-07-03 02:00:00,15.68,300.8991,1001.2014,6.2624335,26.417082,0.0,0.0
2018-07-03 03:00:00,15.22,303.02844,1000.27454,6.0440574,22.668167,0.0,0.0
2018-07-03 04:00:00,14.75,304.39456,999.2692,5.3553977,20.081888,0.0,0.0
2018-07-03 05:00:00,14.33,305.04846,998.2581,4.3276944,18.251596,0.0,0.0
2018-07-03 06:00:00,14.15,305.36694,997.5838,3.7925704,17.279741,0.0,0.0
2018-07-03 07:00:00,13.73,305.534,997.0698,3.4308152,16.203619,0.0,0.0
2018-07-03 08:00:00,13.58,305.18173,996.9514,3.4280043,16.37576,0.0,0.0
2018-07-03 09:00:00,13.6,304.03253,997.3223,2.9486792,17.685556,0.0,0.0
2018-07-03 10:00:00,13.52,302.074,997.6908,3.212504,20.141039,0.0,0.0
2018-07-03 11:00:00,13.01,300.4621,998.35443,3.559836,22.485703,0.0,0.0
2018-07-03 12:00:00,12.64,299.11908,998.46564,3.8218768,24.614182,0.0,0.0
2018-07-03 13:00:00,12.06,297.99036,998.7671,3.9554179,26.537102,0.0,0.0
2018-07-03 14:00:00,11.32,296.9372,998.6658,3.8665538,28.420084,0.0,0.0
2018-07-03 15:00:00,10.79,295.95358,998.49384,3.9232483,30.23441,0.0,0.0
2018-07-03 16:00:00,10.18,295.10886,998.4755,4.2045245,31.782188,0.0,0.0
2018-07-03 17:00:00,9.88,294.40875,998.28485,4.469884,32.85209,0.0,0.0
2018-07-03 18:00:00,9.85,293.8286,998.1216,4.6977925,33.310555,0.0,0.0
2018-07-03 19:00:00,9.82,292.38904,998.2522,4.3084736,37.392433,0.0,0.0
2018-07-03 20:00:00,9.8,291.7062,998.8577,4.2264743,38.79353,0.0,0.0
2018-07-03 21:00:00,10.01,291.1121,999.2269,4.055478,39.838074,0.0,0.0
2018-07-03 22:00:00,10.32,290.5963,999.86774,3.9309652,40.617104,0.0,0.0
2018-07-03 23:00:00,10.22,290.90607,1000.2303,3.6169643,39.36382,0.0,0.0
2018-07-04 00:00:00,9.55,293.88968,1001.0898,3.8516874,31.864851,0.0017195939,0.0
2018-07-04 01:00:00,9.4,297.15485,1001.103,4.421902,25.298893,0.0,0.0
2018-07-04 02:00:00,9.43,300.04764,1000.65704,4.504351,20.95045,0.0,0.0
2018-07-04 03:00:00,9.34,302.15027,999.82794,4.7307944,18.242266,0.0,0.0
2018-07-04 04:00:00,8.75,303.13654,998.8858,4.2076087,17.013294,0.0,0.0
2018-07-04 05:00:00,7.89,303.68274,997.84735,3.7515025,15.841007,0.0,0.0
2018-07-04 06:00:00,7.51,303.98047,997.1375,3.4249458,15.073708,0.0,0.0
2018-07-04 07:00:00,7.28,304.5373,996.2972,3.079702,12.503701,0.0,0.0
2018-07-04 08:00:00,7.38,304.2666,996.3274,3.1333232,12.353446,0.0,0.0
2018-07-04 09:00:00,7.07,303.08948,996.6058,2.6948252,13.338694,0.0,0.0
2018-07-04 10:00:00,7.09,301.131,997.166,2.912356,15.384957,0.0,0.0
2018-07-04 11:00:00,7.16,299.25958,997.6183,2.9102802,17.736029,0.0,0.0
2018-07-04 12:00:00,7.0,297.57123,998.0628,2.8825307,20.163296,0.0,0.0
2018-07-04 13:00:00,6.99,296.01117,998.29376,2.899194,22.579975,0.0,0.0
2018-07-04 14:00:00,7.04,294.6552,998.2897,2.8212585,24.88544,0.0,0.0
2018-07-04 15:00:00,7.2,293.43457,998.1931,2.7036145,27.14192,0.0,0.0
2018-07-04 16:00:00,7.29,292.28467,998.3823,2.5698202,29.578009,0.0,0.0
2018-07-04 17:00:00,7.58,291.22552,998.438,2.4768295,31.92414,0.0,0.0
2018-07-04 18:00:00,7.69,290.28897,998.3989,2.4466915,33.96362,0.0,0.0
2018-07-04 19:00:00,8.06,289.00858,998.5075,2.3312643,38.648502,0.0,0.0
2018-07-04 20:00:00,8.19,288.13498,998.4946,2.3515315,40.80308,0.0,0.0
2018-07-04 21:00:00,8.17,287.4722,998.84094,2.3103514,42.84606,0.0,0.0
2018-07-04 22:00:00,8.37,286.95206,999.269,2.3083448,44.537727,0.0,0.0
2018-07-04 23:00:00,8.89,287.24973,999.9586,2.0477874,44.479504,0.0,0.0
2018-07-05 00:00:00,9.89,291.27386,1000.71265,1.9815434,33.20992,0.0,0.0
2018-07-05 01:00:00,9.85,295.71826,1000.8661,2.2206209,24.920126,0.0,0.0
2018-07-05 02:00:00,10.08,299.65396,1000.165,2.59705,19.438644,0.0,0.0
2018-07-05 03:00:00,10.23,302.38654,999.31,2.9802427,16.69218,0.0,0.0
2018-07-05 04:00:00,10.05,303.43542,998.11127,2.947716,15.836151,0.0,0.0
2018-07-05 05:00:00,9.92,304.03467,997.0463,2.6244283,15.036833,0.0,0.0
2018-07-05 06:00:00,9.72,304.41425,996.3514,2.4052186,14.465104,0.0,0.0
2018-07-05 07:00:00,9.32,304.68515,995.42017,2.1648967,13.132432,0.0,0.0
2018-07-05 08:00:00,9.32,304.47815,995.5687,2.2557187,13.12285,0.0,0.0
2018-07-05 09:00:00,8.92,303.58563,995.95154,2.0179458,13.884396,0.0,0.0
2018-07-05 10:00:00,9.12,302.0262,996.34216,2.4496648,15.36155,0.0,0.0
2018-07-05 11:00:00,9.72,300.00134,996.91095,2.8862062,17.372877,0.0,0.0
2018-07-05 12:00:00,9.71,298.1431,997.5031,3.1571999,19.200308,0.0,0.0
2018-07-05 13:00:00,9.49,296.74683,997.68536,3.5058832,20.447294,0.0,0.0
2018-07-05 14:00:00,9.6,295.73712,997.8523,3.7672718,21.215979,0.0,0.0
2018-07-05 15:00:00,9.58,294.92792,997.8267,3.865136,21.897993,0.0,0.0
2018-07-05 16:00:00,9.08,294.20978,998.0125,3.9157493,22.79726,0.0,0.0
2018-07-05 17:00:00,9.04,293.35852,997.867,3.780829,24.49201,0.0,0.0
2018-07-05 18:00:00,9.35,292.37292,997.6838,3.4527917,26.857067,0.0,0.0
2018-07-05 19:00:00,10.45,291.23822,997.79376,4.160149,28.192299,0.0,0.0
2018-07-05 20:00:00,12.21,290.85916,998.16595,4.673579,32.185944,0.0,0.0
2018-07-05 21:00:00,13.22,290.63986,998.5508,5.07307,36.381855,0.0,0.0
2018-07-05 22:00:00,13.26,290.34192,998.8766,5.037621,40.396526,0.0,0.0
2018-07-05 23:00:00,13.32,290.74646,999.5003,4.9353957,42.091183,0.0,0.0
2018-07-06 00:00:00,13.17,292.9992,999.887,5.5717807,38.506256,0.0,0.0
2018-07-06 01:00:00,13.32,295.51782,999.89905,6.8505516,33.7207,0.0,0.0
2018-07-06 02:00:00,13.41,298.12482,999.5305,6.856248,28.623152,0.0,0.0
2018-07-06 03:00:00,13.27,300.51855,998.56647,6.7617555,24.104414,0.0,0.0
2018-07-06 04:00:00,12.62,302.3836,997.4726,6.6151814,20.587252,0.0,0.0
2018-07-06 05:00:00,12.06,303.57257,996.5701,6.1508417,18.38111,0.0,0.0
2018-07-06 06:00:00,11.44,304.1183,995.8536,5.414781,16.962847,0.0,0.0
2018-07-06 07:00:00,10.75,304.20517,995.42755,4.149873,16.535524,0.0,0.0
2018-07-06 08:00:00,10.69,303.95044,995.5696,4.081751,16.253733,0.0,0.0
2018-07-06 09:00:00,10.48,302.71863,995.8892,3.324591,17.277782,0.0,0.0
2018-07-06 10:00:00,10.54,300.58466,996.60516,3.501988,19.545357,0.0,0.0
2018-07-06 11:00:00,11.01,298.95593,997.06506,3.9084182,21.485237,0.0,0.0
2018-07-06 12:00:00,11.2,297.6252,997.6252,4.429651,23.296404,0.0,0.0
2018-07-06 13:00:00,11.28,296.58704,997.85803,5.027699,25.081408,0.0,0.0
2018-07-06 14:00:00,11.72,295.85684,998.1989,5.7046084,26.922295,0.0,0.0
2018-07-06 15:00:00,11.99,295.19128,998.40515,6.0067306,28.964489,0.0,0.0
2018-07-06 16:00:00,12.23,294.47235,998.39,5.927174,30.67502,0.0,0.0
2018-07-06 17:00:00,12.72,293.75403,998.59717,5.70275,32.071434,0.0,0.0
2018-07-06 18:00:00,13.2,293.0916,998.59784,5.5467997,32.9467,0.0,0.0
2018-07-06 19:00:00,13.42,291.84174,998.473,5.093737,36.245197,0.0,0.0
2018-07-06 20:00:00,13.0,291.1861,998.8169,4.635857,37.024673,0.0,0.0
2018-07-06 21:00:00,12.88,290.60095,999.2369,4.2100277,37.729954,0.0,0.0
2018-07-06 22:00:00,12.94,290.05933,999.6639,3.9079614,38.581284,0.0,0.0
2018-07-06 23:00:00,12.72,290.38684,1000.3102,3.858797,37.6301,0.0,0.0
2018-07-07 00:00:00,12.75,292.8226,1000.7452,4.7446856,32.171776,0.0021319475,0.0
2018-07-07 01:00:00,12.66,295.39105,1000.70703,6.0649977,27.647343,0.0,0.0
2018-07-07 02:00:00,12.92,297.96857,999.99115,6.3684187,24.026272,0.0,0.0
2018-07-07 03:00:00,12.88,300.31323,998.9614,6.4312854,21.179508,0.0,0.0
2018-07-07 04:00:00,12.68,302.16534,997.7285,6.4139967,19.142483,0.0,0.0
2018-07-07 05:00:00,12.78,303.43616,996.8363,6.35372,17.811115,0.0,0.0
2018-07-07 06:00:00,12.56,304.08148,996.041,6.222275,17.156652,0.0,0.0
2018-07-07 07:00:00,12.37,304.64557,995.5467,5.894198,16.700588,0.0,0.0
2018-07-07 08:00:00,12.54,304.18347,995.77203,5.921066,16.83413,0.0,0.0
2018-07-07 09:00:00,12.26,302.84967,996.33093,4.9803457,18.01836,0.0,0.0
2018-07-07 10:00:00,12.42,300.8647,997.06213,4.715661,20.055836,0.0,0.0
2018-07-07 11:00:00,12.54,299.45502,997.96924,4.933952,21.491745,0.0,0.0
2018-07-07 12:00:00,12.77,298.27032,998.5187,5.375239,22.567122,0.0,0.0
2018-07-07 13:00:00,12.74,297.29224,999.04175,5.89385,23.244379,0.0,0.0
2018-07-07 14:00:00,12.39,296.45532,999.52515,6.3466396,23.502705,0.0,0.0
2018-07-07 15:00:00,11.71,295.63757,999.7378,6.47309,23.565357,0.0,0.0
2018-07-07 16:00:00,11.26,294.87085,999.9933,6.541288,23.58082,0.0,0.0
2018-07-07 17:00:00,11.11,294.15497,1000.1917,6.3956876,23.753323,0.0,0.0
2018-07-07 18:00:00,10.94,293.4449,999.98834,6.1159987,24.247677,0.0,0.0
2018-07-07 19:00:00,11.02,292.4381,999.4174,5.7085094,26.643143,0.0,0.0
2018-07-07 20:00:00,10.69,291.7689,999.7634,5.5238657,27.68242,0.0,0.0
2018-07-07 21:00:00,10.78,291.18677,1000.09674,5.4360247,28.72741,0.0,0.0
2018-07-07 22:00:00,11.35,290.71368,1000.9988,5.501244,29.703218,0.0,0.0
2018-07-07 23:00:00,11.5,291.0031,1001.9283,5.672137,29.343912,0.0,0.0
2018-07-08 00:00:00,11.95,292.77222,1002.5217,6.5485735,26.22037,0.0,0.0
2018-07-08 01:00:00,11.73,294.553,1002.58014,7.67109,22.967712,0.0,0.0
2018-07-08 02:00:00,11.47,296.40674,1001.8133,7.409321,19.763319,0.0,0.0
2018-07-08 03:00:00,10.97,298.22586,1000.7154,7.106238,16.985065,0.0,0.0
2018-07-08 04:00:00,10.41,299.81635,999.3816,6.7772756,14.919245,0.0,0.0
2018-07-08 05:00:00,10.19,300.9944,998.21515,6.3723936,13.658145,0.0,0.0
2018-07-08 06:00:00,9.66,301.688,997.31,5.961113,13.033624,0.0,0.0
2018-07-08 07:00:00,9.3,302.34204,996.974,5.584057,12.706707,0.0,0.0
2018-07-08 08:00:00,9.5,301.96368,996.92847,5.385533,12.8729105,0.0,0.0
2018-07-08 09:00:00,9.18,300.69406,997.54083,4.289681,13.794433,0.0,0.0
2018-07-08 10:00:00,8.76,298.64185,998.09235,4.104644,15.650713,0.0,0.0
2018-07-08 11:00:00,8.99,297.16312,998.91516,4.3459816,17.092995,0.0,0.0
2018-07-08 12:00:00,9.29,295.89557,999.46625,4.6461077,18.393793,0.0,0.0
2018-07-08 13:00:00,9.71,294.82837,1000.1856,4.9161854,19.619379,0.0,0.0
2018-07-08 14:00:00,9.82,293.8767,1000.5415,5.089346,20.881805,0.0,0.0
2018-07-08 15:00:00,9.92,293.03247,1000.8631,5.116096,22.218765,0.0,0.0
2018-07-08 16:00:00,9.77,292.29102,1001.0236,5.212275,23.642881,0.0,0.0
2018-07-08 17:00:00,9.36,291.65186,1001.1373,5.315924,25.176031,0.0,0.0
2018-07-08 18:00:00,9.27,291.0485,1000.8909,5.3301954,26.830256,0.0,0.0
2018-07-08 19:00:00,9.0,289.90448,1000.3939,4.911086,29.44372,0.0,0.0
2018-07-08 20:00:00,8.94,289.2921,1000.5979,4.552627,31.358967,0.0,0.0
2018-07-08 21:00:00,8.86,288.69794,1001.03125,4.058783,33.1913,0.0,0.0
2018-07-08 22:00:00,8.56,288.12726,1001.78516,3.6317992,34.862137,0.0,0.0
2018-07-08 23:00:00,8.66,288.34253,1002.58704,3.245879,34.721825,0.0,0.0
2018-07-09 00:00:00,9.16,290.8802,1003.0493,3.930633,29.014313,0.0,0.0
2018-07-09 01:00:00,9.03,293.22687,1003.11,4.7813525,24.457247,0.0,0.0
2018-07-09 02:00:00,9.13,295.41888,1002.1711,4.876582,21.21552,0.0,0.0
2018-07-09 03:00:00,9.14,297.46967,1001.1917,4.672047,18.66057,0.0,0.0
2018-07-09 04:00:00,8.94,299.16467,999.66846,4.334562,16.567997,0.0,0.0
2018-07-09 05:00:00,8.91,300.44476,998.6649,3.9974499,15.051168,0.0,0.0
2018-07-09 06:00:00,9.05,301.23373,997.85876,3.7284553,14.239536,0.0,0.0
2018-07-09 07:00:00,9.03,301.8416,997.488,3.3702366,12.629173,0.0,0.0
2018-07-09 08:00:00,9.34,301.70905,997.6061,3.387908,12.81564,0.0,0.0
2018-07-09 09:00:00,9.52,300.69647,997.9897,2.8350186,13.906148,0.0,0.0
2018-07-09 10:00:00,9.31,298.76727,998.4903,3.25334,16.078245,0.0,0.0
2018-07-09 11:00:00,9.16,297.16986,999.062,3.7403061,17.967924,0.0,0.0
2018-07-09 12:00:00,9.25,295.89276,999.33,4.1802225,19.528086,0.0,0.0
2018-07-09 13:00:00,9.02,294.83075,999.8223,4.5029044,20.867815,0.0,0.0
2018-07-09 14:00:00,9.04,293.8858,999.96783,4.7315283,22.136312,0.0,0.0
2018-07-09 15:00:00,9.02,293.08307,999.8864,4.806755,23.287756,0.0,0.0
2018-07-09 16:00:00,8.77,292.35645,999.70374,4.808462,24.365345,0.0,0.0
2018-07-09 17:00:00,8.84,291.7109,999.6136,4.7938714,25.367966,0.0,0.0
2018-07-09 18:00:00,8.99,291.14825,999.28784,4.769607,26.44131,0.0,0.0
2018-07-09 19:00:00,8.96,289.8189,998.7498,4.4173937,29.503817,0.0,0.0
2018-07-09 20:00:00,8.86,289.29697,998.89514,4.3740788,31.191046,0.0,0.0
2018-07-09 21:00:00,9.02,288.855,999.2589,4.285667,33.211514,0.0,0.0
2018-07-09 22:00:00,8.87,288.46545,999.93,4.2488837,35.39122,0.0,0.0
2018-07-09 23:00:00,8.81,288.96136,1000.95,4.2349286,35.47342,0.0,0.0
2018-07-10 00:00:00,9.94,291.67822,1001.3723,4.9414487,30.30074,0.0012848334,0.0
2018-07-10 01:00:00,9.92,294.55466,1001.59906,5.8005657,25.281757,0.0,0.0
2018-07-10 02:00:00,10.42,297.15253,1000.79266,5.6390576,21.820984,0.0,0.0
2018-07-10 03:00:00,10.87,299.30005,999.90485,5.18022,20.337788,0.0,0.0
2018-07-10 04:00:00,10.28,300.80978,998.5441,4.606308,19.782448,0.0,0.0
2018-07-10 05:00:00,10.15,301.7824,997.46893,3.8417327,18.22059,0.0,0.0
2018-07-10 06:00:00,9.84,302.33368,996.84924,3.264548,16.849373,0.0,0.0
2018-07-10 07:00:00,9.71,302.91632,996.76263,2.5943716,15.321013,0.0,0.0
2018-07-10 08:00:00,10.02,302.69196,996.72534,2.572128,15.111362,0.0,0.0
2018-07-10 09:00:00,10.34,301.76337,997.3181,2.373981,16.066746,0.0,0.0
2018-07-10 10:00:00,10.25,299.82428,997.5625,3.0151618,18.400682,0.0,0.0
2018-07-10 11:00:00,10.37,298.02646,998.3674,3.3783083,20.729342,0.0,0.0
2018-07-10 12:00:00,10.42,296.59766,998.48944,3.6604254,22.566471,0.0,0.0
2018-07-10 13:00:00,10.33,295.42645,998.886,3.8329358,24.14948,0.0,0.0
2018-07-10 14:00:00,10.77,294.39313,999.2375,3.9215372,25.797003,0.0,0.0
2018-07-10 15:00:00,11.28,293.48303,999.0804,4.28592,27.545033,0.0,0.0
2018-07-10 16:00:00,11.5,292.7966,999.3839,4.6241193,29.467525,0.0,0.0
2018-07-10 17:00:00,11.71,292.17218,999.4221,4.68096,31.551414,0.0,0.0
2018-07-10 18:00:00,12.12,291.57294,999.6761,4.67939,33.4626,0.0,0.0
2018-07-10 19:00:00,12.15,290.19376,999.79175,4.1807885,37.121727,0.0,0.0
2018-07-10 20:00:00,11.66,289.49585,999.82697,4.1062665,39.30716,0.0,0.0
2018-07-10 21:00:00,11.11,288.95728,1000.199,3.9822066,41.122837,0.0,0.0
2018-07-10 22:00:00,10.95,288.50323,1000.3871,3.8447778,42.66239,0.0,0.0
2018-07-10 23:00:00,11.1,288.91296,1000.9705,3.5823348,41.823166,0.0,0.0
2018-07-11 00:00:00,11.47,291.73492,1001.29236,4.0953636,35.035686,0.0,0.0
2018-07-11 01:00:00,11.21,294.77225,1001.48016,4.704556,29.194338,0.0,0.0
2018-07-11 02:00:00,11.13,297.51825,1000.84235,4.6708155,24.765425,0.0,0.0
2018-07-11 03:00:00,10.82,299.68854,1000.0161,4.4372487,21.358456,0.0,0.0
2018-07-11 04:00:00,10.38,300.7945,998.7595,3.5015545,19.155653,0.0,0.0
2018-07-11 05:00:00,10.06,301.46783,997.90875,3.1953204,17.720413,0.0,0.0
2018-07-11 06:00:00,9.56,301.8656,997.41437,3.4551585,16.74381,0.0,0.0
2018-07-11 07:00:00,8.99,302.0414,996.89484,3.632807,15.644333,0.0,0.0
2018-07-11 08:00:00,8.72,301.6844,996.73376,3.899709,15.5777235,0.0,0.0
2018-07-11 09:00:00,8.38,300.67404,997.0055,3.410497,16.340492,0.0,0.0
2018-07-11 10:00:00,8.36,298.80017,997.47565,3.2416067,18.155846,0.0,0.0
2018-07-11 11:00:00,8.56,297.28143,998.07654,3.4525018,19.599352,0.0,0.0
2018-07-11 12:00:00,8.54,295.88702,998.4822,3.7248008,20.750595,0.0,0.0
2018-07-11 13:00:00,8.18,294.68045,998.9246,3.9853303,21.57296,0.0,0.0
2018-07-11 14:00:00,7.89,293.61993,999.2137,4.2409043,22.169056,0.0,0.0
2018-07-11 15:00:00,7.64,292.67072,999.3077,4.2143188,22.692078,0.0,0.0
2018-07-11 16:00:00,7.35,291.7673,999.3426,4.0926766,23.384773,0.0,0.0
2018-07-11 17:00:00,7.16,290.9155,999.32477,3.9373372,24.28895,0.0,0.0
2018-07-11 18:00:00,7.21,290.11102,999.1125,3.919172,25.32396,0.0,0.0
2018-07-11 19:00:00,7.02,288.62592,999.02423,3.771513,29.100058,0.0,0.0
2018-07-11 20:00:00,6.52,287.8368,999.0019,3.7890527,30.471949,0.0,0.0
2018-07-11 21:00:00,6.18,287.25775,999.2947,3.8368492,31.547945,0.0,0.0
2018-07-11 22:00:00,5.81,286.7981,999.73914,3.8542557,32.523525,0.0,0.0
2018-07-11 23:00:00,5.74,287.21802,1000.4122,3.6747289,31.84236,0.0,0.0
2018-07-12 00:00:00,6.09,290.18018,1001.20123,4.0641127,26.257252,0.0,0.0
2018-07-12 01:00:00,6.07,293.45273,1001.5634,4.5170765,21.282001,0.0,0.0
2018-07-12 02:00:00,5.95,296.362,1000.6808,4.491965,17.77439,0.0,0.0
2018-07-12 03:00:00,5.68,298.58374,999.81604,4.3479705,15.334097,0.0,0.0
2018-07-12 04:00:00,5.38,299.6363,998.45544,3.3196495,13.653133,0.0,0.0
2018-07-12 05:00:00,5.08,300.32074,997.52545,2.9108553,12.266538,0.0,0.0
2018-07-12 06:00:00,4.75,300.7091,996.7175,2.8949482,11.411999,0.0,0.0
2018-07-12 07:00:00,4.47,300.6823,996.03235,2.4041188,10.408066,0.0,0.0
2018-07-12 08:00:00,4.53,300.39886,995.96625,2.6516116,10.402799,0.0,0.0
2018-07-12 09:00:00,4.58,299.45505,996.3153,2.694697,11.043427,0.0,0.0
2018-07-12 10:00:00,4.48,297.52124,996.84204,3.228786,12.59633,0.0,0.0
2018-07-12 11:00:00,4.5,295.92474,997.4392,3.6496787,13.91943,0.0,0.0
2018-07-12 12:00:00,4.23,294.58173,997.78156,3.9463725,14.896636,0.0,0.0
2018-07-12 13:00:00,4.33,293.4206,998.10864,4.1963778,15.658877,0.0,0.0
2018-07-12 14:00:00,4.71,292.4257,998.6063,4.430701,16.359673,0.0,0.0
2018-07-12 15:00:00,4.94,291.52875,998.6291,4.433655,17.158976,0.0,0.0
2018-07-12 16:00:00,5.3,290.7321,998.72485,4.2401075,18.061613,0.0,0.0
2018-07-12 17:00:00,5.57,289.93158,998.78,3.8929274,19.194935,0.0,0.0
2018-07-12 18:00:00,5.66,289.1147,998.4639,3.6215763,20.55293,0.0,0.0
2018-07-12 19:00:00,5.83,287.7,998.3689,3.3814614,24.878181,0.0,0.0
2018-07-12 20:00:00,5.47,286.81516,998.1957,3.2721422,26.987362,0.0,0.0
2018-07-12 21:00:00,5.74,286.13416,998.4725,3.3374481,28.880856,0.0,0.0
2018-07-12 22:00:00,5.97,285.6211,998.70734,3.355234,30.584055,0.0,0.0
2018-07-12 23:00:00,6.2,286.04138,999.4308,3.1104007,30.551878,0.0,0.0
2018-07-13 00:00:00,6.67,289.31317,999.9623,3.5223749,24.953775,0.0012905617,0.0
2018-07-13 01:00:00,6.7,292.75998,1000.2109,4.0479465,20.305336,0.0,0.0
2018-07-13 02:00:00,6.97,295.84827,999.6337,4.2446446,17.012037,0.0,0.0
2018-07-13 03:00:00,6.97,298.39105,998.60736,4.295181,14.481062,0.0,0.0
2018-07-13 04:00:00,6.8,299.79636,997.34937,3.6871295,12.858488,0.0,0.0
2018-07-13 05:00:00,6.56,300.33856,996.3669,2.5412784,12.231608,0.0,0.0
2018-07-13 06:00:00,6.32,300.60416,995.6643,1.7658441,11.731353,0.0,0.0
2018-07-13 07:00:00,6.23,300.64417,995.34607,2.3166115,11.368058,0.0,0.0
2018-07-13 08:00:00,6.38,300.4308,995.52716,2.547163,11.361349,0.0,0.0
2018-07-13 09:00:00,6.2,299.59665,995.9564,2.33518,12.041568,0.0,0.0
2018-07-13 10:00:00,5.94,297.96814,996.17847,2.76342,13.614013,0.0,0.0
2018-07-13 11:00:00,5.94,296.2038,996.77234,3.2152407,15.5333805,0.0,0.0
2018-07-13 12:00:00,5.95,294.71436,997.2644,3.5879297,17.221317,0.0,0.0
2018-07-13 13:00:00,6.19,293.49237,997.63745,3.8633423,18.58261,0.0,0.0
2018-07-13 14:00:00,6.31,292.47693,997.8045,4.06165,19.636106,0.0,0.0
2018-07-13 15:00:00,6.37,291.62936,997.7394,4.1875567,20.522406,0.0,0.0
2018-07-13 16:00:00,6.51,290.92114,998.01294,4.248238,21.34679,0.0,0.0
2018-07-13 17:00:00,6.55,290.26004,998.1301,4.154666,22.27798,0.0,0.0
2018-07-13 18:00:00,6.83,289.57538,998.177,4.0044436,23.39293,0.0,0.0
2018-07-13 19:00:00,6.93,287.86755,997.88727,3.2692592,28.487476,0.0,0.0
2018-07-13 20:00:00,6.7,286.98956,998.04266,3.1571128,30.483713,0.0,0.0
2018-07-13 21:00:00,6.77,286.29266,998.1113,3.1403508,32.195057,0.0,0.0
2018-07-13 22:00:00,6.94,285.72498,998.24,3.108382,33.692245,0.0,0.0
2018-07-13 23:00:00,7.15,286.0537,998.77454,2.8497534,33.415962,0.0,0.0
2018-07-14 00:00:00,7.59,289.41125,999.1626,3.0278058,26.86528,0.0,0.0
2018-07-14 01:00:00,7.7,293.07202,999.5679,3.2374022,21.61297,0.0,0.0
2018-07-14 02:00:00,7.51,296.21942,999.2101,3.1217616,18.16917,0.0,0.0
2018-07-14 03:00:00,7.25,298.69162,998.1774,3.1424115,15.682252,0.0,0.0
2018-07-14 04:00:00,6.9,300.01575,996.8708,2.6955178,13.991501,0.0,0.0
2018-07-14 05:00:00,6.7,300.56555,995.6967,1.6822718,13.086989,0.0,0.0
2018-07-14 06:00:00,6.69,300.82727,995.09814,0.7956103,12.620057,0.0,0.0
2018-07-14 07:00:00,6.82,301.1714,994.27783,0.47386816,12.206858,0.0,0.0
2018-07-14 08:00:00,6.65,300.9447,994.2632,0.44362164,12.221578,0.0,0.0
2018-07-14 09:00:00,6.44,300.4703,994.1594,1.0715535,12.613042,0.0,0.0
2018-07-14 10:00:00,6.7,299.21423,994.71313,2.250229,13.960591,0.0,0.0
2018-07-14 11:00:00,6.99,297.35718,995.1947,2.8974967,16.06585,0.0,0.0
2018-07-14 12:00:00,7.37,295.6614,995.8775,3.2446997,18.122744,0.0,0.0
2018-07-14 13:00:00,,294.38745,996.3248,3.4271553,19.744183,0.0,0.0
2018-07-14 14:00:00,,293.27567,996.54315,3.4648387,21.242836,0.0,0.0
2018-07-14 15:00:00,,292.23163,996.567,3.2461164,22.8333,0.0,0.0
2018-07-14 16:00:00,,291.16174,996.6678,2.9315374,24.741802,0.0,0.0
2018-07-14 17:00:00,,290.0905,996.66345,2.677618,27.01259,0.0,0.0
2018-07-14 18:00:00,,289.0796,996.40906,2.576466,29.18991,0.0,0.0
2018-07-14 19:00:00,,287.46393,996.2125,1.7331249,36.986916,0.0,0.0
2018-07-14 20:00:00,,286.57025,996.3816,1.4739426,40.12463,0.0,0.0
2018-07-14 21:00:00,,285.75262,996.64374,1.4069197,43.03275,0.0,0.0
2018-07-14 22:00:00,,285.05624,997.1431,1.3696083,45.478027,0.0,0.0
2018-07-14 23:00:00,,285.37213,997.78577,1.0490959,45.89804,0.0,0.0
2018-07-15 00:00:00,7.34,289.1617,998.4725,0.7804058,33.46468,0.0012963107,0.0
2018-07-15 01:00:00,7.3,293.46948,998.96155,0.8417043,23.284605,0.0,0.0
2018-07-15 02:00:00,7.74,297.1177,998.4205,0.9132408,17.604586,0.0,0.0
2018-07-15 03:00:00,7.89,299.57678,997.60236,1.2638302,14.605434,0.0,0.0
2018-07-15 04:00:00,7.72,300.65326,996.4964,1.5519382,13.626059,0.0,0.0
2018-07-15 05:00:00,7.53,301.2402,995.7553,1.5231223,13.324724,0.0,0.0
2018-07-15 06:00:00,7.27,301.60052,995.0542,1.8603021,13.00658,0.0,0.0
2018-07-15 07:00:00,7.36,301.578,994.9264,2.306964,12.168222,0.0,0.0
2018-07-15 08:00:00,6.77,301.2266,995.0236,2.218942,12.1288805,0.0,0.0
2018-07-15 09:00:00,6.0,300.3896,995.2099,1.8900778,12.754238,0.0,0.0
2018-07-15 10:00:00,5.73,298.94843,995.7204,2.3470082,14.195293,0.0,0.0
2018-07-15 11:00:00,5.69,297.3258,996.34045,2.6723855,15.922205,0.0,0.0
2018-07-15 12:00:00,5.79,295.74762,996.9201,2.9995341,17.607641,0.0,0.0
2018-07-15 13:00:00,5.62,294.44275,997.27374,3.250149,18.935083,0.0,0.0
2018-07-15 14:00:00,5.57,293.40747,997.54456,3.3327544,20.006475,0.0,0.0
2018-07-15 15:00:00,5.57,292.40692,997.39,3.2624965,21.228022,0.0,0.0
2018-07-15 16:00:00,5.58,291.38074,997.4305,3.1809788,22.698517,0.0,0.0
2018-07-15 17:00:00,5.78,290.3763,997.34436,3.1912131,24.03552,0.0,0.0
2018-07-15 18:00:00,5.98,289.4892,997.20526,3.18239,25.020918,0.0,0.0
2018-07-15 19:00:00,6.16,288.03815,996.90533,2.9346657,29.993746,0.0,0.0
2018-07-15 20:00:00,6.4,287.1103,996.75806,2.5277374,31.668198,0.0,0.0
2018-07-15 21:00:00,6.9,286.32916,997.14594,2.2779071,33.93903,0.0,0.0
2018-07-15 22:00:00,7.09,285.70084,997.5142,2.2592165,35.649677,0.0,0.0
2018-07-15 23:00:00,7.39,285.9655,998.25696,2.0756886,35.704426,0.0,0.0
2018-07-16 00:00:00,7.73,290.16357,998.9663,2.068085,25.277048,0.0,0.0
2018-07-16 01:00:00,8.01,294.64148,999.1926,2.6772,18.462105,0.0,0.0
2018-07-16 02:00:00,8.45,298.30658,998.6453,3.7122874,14.645992,0.0,0.0
2018-07-16 03:00:00,8.59,300.8355,997.6106,4.7056975,12.536875,0.0,0.0
2018-07-16 04:00:00,8.58,302.05145,996.33966,4.2833366,11.947718,0.0,0.0
2018-07-16 05:00:00,9.02,302.79285,995.1859,3.6819992,11.935022,0.0,0.0
2018-07-16 06:00:00,9.14,303.21246,994.2456,3.0826633,12.123225,0.0,0.0
2018-07-16 07:00:00,9.4,302.8995,993.822,1.3926871,12.708359,0.0,0.0
2018-07-16 08:00:00,9.39,302.6444,993.7534,0.7899087,13.034569,0.0,0.0
2018-07-16 09:00:00,9.43,302.09198,993.94836,0.23629104,13.612156,0.0,0.0
2018-07-16 10:00:00,9.83,300.90564,994.67096,1.6078861,14.960727,0.0,0.0
2018-07-16 11:00:00,10.84,299.03333,995.31287,2.6864316,17.128359,0.0,0.0
2018-07-16 12:00:00,11.76,297.04126,995.95435,3.1997259,19.530115,0.0,0.0
2018-07-16 13:00:00,12.16,295.6511,996.51904,3.396315,21.320898,0.0,0.0
2018-07-16 14:00:00,12.14,294.54272,996.75287,3.3751655,22.940567,0.0,0.0
2018-07-16 15:00:00,11.96,293.4561,996.99414,3.108513,24.776175,0.0,0.0
2018-07-16 16:00:00,12.0,292.3557,997.19305,2.7694106,26.86535,0.0,0.0
2018-07-16 17:00:00,11.99,291.32864,997.29016,2.644404,28.86192,0.0,0.0
2018-07-16 18:00:00,12.02,290.35034,996.90985,2.5154562,30.820719,0.0,0.0
2018-07-16 19:00:00,11.47,289.16095,996.76404,2.6118333,33.021866,0.0,0.0
2018-07-16 20:00:00,11.09,288.15314,996.60657,2.5098495,35.195488,0.0,0.0
2018-07-16 21:00:00,10.64,287.44247,997.0016,2.6213803,36.514927,0.0,0.0
2018-07-16 22:00:00,10.12,286.82996,997.5226,2.728037,37.56758,0.0,0.0
2018-07-16 23:00:00,10.31,287.09308,998.2824,2.413588,36.820652,0.0,0.0
2018-07-17 00:00:00,10.31,291.0047,998.5888,2.3077483,27.825457,0.0,0.0
2018-07-17 01:00:00,10.71,295.6942,998.634,2.679291,20.203484,0.0,0.0
2018-07-17 02:00:00,11.07,299.5741,998.123,3.290858,15.490976,0.0,0.0
2018-07-17 03:00:00,11.24,301.95923,997.3317,3.8470676,13.182734,0.0,0.0
2018-07-17 04:00:00,11.26,303.1709,996.28784,3.6121285,12.355084,0.0,0.0
2018-07-17 05:00:00,11.68,303.90112,995.3806,3.1952078,12.043533,0.0,0.0
2018-07-17 06:00:00,12.26,304.2956,994.65314,2.7094338,12.027597,0.0,0.0
2018-07-17 07:00:00,12.84,304.30176,994.3226,2.4991817,12.127978,0.0,0.0
2018-07-17 08:00:00,13.37,304.07635,994.22064,2.1232474,12.344144,0.0,0.0
2018-07-17 09:00:00,13.79,303.3833,994.6905,1.6532696,12.983065,0.0,0.0
2018-07-17 10:00:00,14.01,301.9392,994.9414,2.2422876,14.380409,0.0,0.0
2018-07-17 11:00:00,14.07,299.997,995.40356,2.902286,16.448141,0.0,0.0
2018-07-17 12:00:00,14.36,298.03418,995.87225,3.168393,18.674858,0.0,0.0
2018-07-17 13:00:00,14.18,296.54776,996.3756,3.364994,20.349533,0.0,0.0
2018-07-17 14:00:00,13.39,295.36557,996.47437,3.4804726,21.581,0.0,0.0
2018-07-17 15:00:00,12.35,294.29825,996.49,3.4605095,22.651281,0.0,0.0
2018-07-17 16:00:00,11.64,293.35162,996.56244,3.3625948,23.630917,0.0,0.0
2018-07-17 17:00:00,11.02,292.48016,996.53656,3.1940417,24.664797,0.0,0.0
2018-07-17 18:00:00,10.66,291.5788,996.06635,3.0117648,26.010519,0.0,0.0
2018-07-17 19:00:00,10.16,290.47693,995.79944,3.2554214,27.830881,0.0,0.0
2018-07-17 20:00:00,9.72,289.53485,995.8156,3.1291904,29.721237,0.0,0.0
2018-07-17 21:00:00,9.68,288.8711,996.32544,3.195039,31.264734,0.0,0.0
2018-07-17 22:00:00,9.63,288.47537,996.99084,3.501636,32.217834,0.0,0.0
2018-07-17 23:00:00,9.44,289.23608,997.7467,3.5805984,30.657335,0.0,0.0
2018-07-18 00:00:00,9.18,293.08072,998.3162,3.8334148,23.548672,0.0,0.0
2018-07-18 01:00:00,9.62,297.2106,998.4472,4.4590836,17.390558,0.0,0.0
2018-07-18 02:00:00,9.46,300.29803,997.993,4.7744446,13.752237,0.0,0.0
2018-07-18 03:00:00,9.51,302.6612,997.1947,4.8694544,11.604648,0.0,0.0
2018-07-18 04:00:00,9.88,304.15344,996.1356,4.395057,10.588301,0.0,0.0
2018-07-18 05:00:00,10.19,304.88358,995.38794,3.2477405,10.470434,0.0,0.0
2018-07-18 06:00:00,10.39,305.13617,994.8209,2.1391103,10.608809,0.0,0.0
2018-07-18 07:00:00,11.09,305.089,995.1421,1.3899016,11.018731,0.0,0.0
2018-07-18 08:00:00,11.51,304.8023,995.4286,0.6663546,11.243812,0.0,0.0
2018-07-18 09:00:00,11.76,304.1961,995.70337,0.64051276,11.816112,0.0,0.0
2018-07-18 10:00:00,12.04,302.75433,996.03674,1.8868213,13.200562,0.0,0.0
2018-07-18 11:00:00,12.43,300.78333,996.34424,2.7825587,15.20323,0.0,0.0
2018-07-18 12:00:00,13.08,298.94476,996.7034,3.1204073,17.232592,0.0,0.0
2018-07-18 13:00:00,13.77,297.33588,997.1959,3.1436107,19.245743,0.0,0.0
2018-07-18 14:00:00,14.66,295.89404,997.72186,2.9032784,21.361248,0.0,0.0
2018-07-18 15:00:00,15.01,294.53714,997.9384,2.7394793,23.587982,0.0,0.0
2018-07-18 16:00:00,15.15,293.26736,997.9889,2.523424,26.033588,0.0,0.0
2018-07-18 17:00:00,14.91,292.07617,997.95013,2.247107,29.147646,0.0,0.0
2018-07-18 18:00:00,14.67,291.14136,997.6223,1.9884666,31.61592,0.0,0.0
2018-07-18 19:00:00,13.79,289.8737,997.00366,2.0714242,34.891396,0.0,0.0
2018-07-18 20:00:00,13.0,289.1018,997.08765,1.6446406,36.945324,0.0,0.0
2018-07-18 21:00:00,12.44,288.49872,997.3842,1.4941075,38.31742,0.0,0.0
2018-07-18 22:00:00,12.12,287.92853,998.00415,1.5094211,39.763237,0.0,0.0
2018-07-18 23:00:00,12.17,287.92743,998.6158,1.619786,40.47457,0.0,0.0
2018-07-19 00:00:00,13.23,291.9179,999.24255,1.5473083,28.670609,0.0,0.0
2018-07-19 01:00:00,13.36,296.37567,999.6306,1.6930864,20.390482,0.0,0.0
2018-07-19 02:00:00,13.96,300.2302,999.28735,1.9273044,15.011292,0.0,0.0
2018-07-19 03:00:00,14.07,302.91302,998.52844,2.4846337,11.935127,0.0,0.0
2018-07-19 04:00:00,13.9,304.286,997.3836,2.4615936,10.886049,0.0,0.0
2018-07-19 05:00:00,13.63,305.0194,996.46967,2.4117684,10.706263,0.0,0.0
2018-07-19 06:00:00,13.8,305.44223,995.9888,2.3334355,10.690091,0.0,0.0
2018-07-19 07:00:00,14.34,305.5658,995.47,2.1102679,11.725111,0.0,0.0
2018-07-19 08:00:00,14.92,305.36572,995.8164,2.037543,12.005076,0.0,0.0
2018-07-19 09:00:00,15.31,304.63373,996.3228,1.6770451,12.710379,0.0,0.0
2018-07-19 10:00:00,15.53,303.31412,996.8725,1.6531593,14.065345,0.0,0.0
2018-07-19 11:00:00,15.38,301.54224,997.0586,2.1323378,16.368576,0.0,0.0
2018-07-19 12:00:00,15.28,299.72968,997.58685,2.5017831,18.688318,0.0,0.0
2018-07-19 13:00:00,14.81,298.0536,997.72986,2.7044227,20.96354,0.0,0.0
2018-07-19 14:00:00,14.48,296.48294,997.96515,2.747687,23.25273,0.0,0.0
2018-07-19 15:00:00,13.87,295.13724,997.9049,2.83894,24.972797,0.0,0.0
2018-07-19 16:00:00,13.09,294.0633,997.8656,3.038672,25.887531,0.0,0.0
2018-07-19 17:00:00,12.1,293.24878,997.9534,3.2164304,26.072042,0.0,0.0
2018-07-19 18:00:00,11.71,292.5578,997.8167,3.2867846,25.867119,0.0,0.0
2018-07-19 19:00:00,11.08,291.03174,997.8113,3.5693526,27.699625,0.0,0.0
2018-07-19 20:00:00,10.67,290.19135,998.07513,3.6743178,28.135958,0.0,0.0
2018-07-19 21:00:00,10.31,289.6474,998.4933,3.8714287,28.30935,0.0,0.0
2018-07-19 22:00:00,10.0,289.39453,998.9797,4.072445,28.13647,0.0,0.0
2018-07-19 23:00:00,9.88,290.2484,999.8691,3.993733,26.15831,0.0,0.0
2018-07-20 00:00:00,9.99,293.84595,1000.255,4.226162,20.313265,0.0,0.0
2018-07-20 01:00:00,9.9,297.94476,1000.5776,4.8688717,15.145375,0.0,0.0
2018-07-20 02:00:00,10.01,301.31885,999.9406,5.334633,11.796596,0.0,0.0
2018-07-20 03:00:00,9.87,303.78125,999.14374,6.0316534,9.879939,0.0,0.0
2018-07-20 04:00:00,9.57,305.14532,997.81104,5.9529643,9.154479,0.0,0.0
2018-07-20 05:00:00,9.44,305.88678,996.8016,5.254155,9.0027895,0.0,0.0
2018-07-20 06:00:00,9.3,306.22372,996.4034,4.588642,9.102867,0.0,0.0
2018-07-20 07:00:00,9.35,306.28912,996.0617,3.7093132,8.833168,0.0,0.0
2018-07-20 08:00:00,9.15,305.9645,996.18243,3.4930384,9.056125,0.0,0.0
2018-07-20 09:00:00,9.14,304.7153,996.497,2.8306103,9.898208,0.0,0.0
2018-07-20 10:00:00,9.65,302.54358,997.029,3.199049,11.489021,0.0,0.0
2018-07-20 11:00:00,9.9,300.52954,997.53235,3.4462352,13.170528,0.0,0.0
2018-07-20 12:00:00,9.91,298.89795,998.1513,3.6407034,14.649436,0.0,0.0
2018-07-20 13:00:00,9.76,297.54785,998.6106,3.656066,15.924436,0.0,0.0
2018-07-20 14:00:00,9.75,296.3404,998.99615,3.6046822,17.131721,0.0,0.0
2018-07-20 15:00:00,9.5,295.24274,999.08795,3.5528255,18.301117,0.0,0.0
2018-07-20 16:00:00,9.35,294.24628,998.98376,3.611719,19.41609,0.0,0.0
2018-07-20 17:00:00,9.12,293.33408,998.7722,3.6731615,20.522894,0.0,0.0
2018-07-20 18:00:00,8.77,292.56528,998.6703,3.7867324,21.449863,0.0,0.0
2018-07-20 19:00:00,8.14,291.19183,998.7698,3.852322,23.770567,0.0,0.0
2018-07-20 20:00:00,7.59,290.40906,998.993,3.8372145,25.005573,0.0,0.0
2018-07-20 21:00:00,7.36,289.81134,999.1342,3.7901585,25.91511,0.0,0.0
2018-07-20 22:00:00,7.16,289.31772,999.31726,3.75206,26.515461,0.0,0.0
2018-07-20 23:00:00,7.3,289.87604,999.9462,3.700203,25.14047,0.0,0.0
2018-07-21 00:00:00,7.47,293.59177,1000.28796,4.3455615,18.76593,0.0,0.0
2018-07-21 01:00:00,7.54,297.77982,1000.52844,5.698066,13.506322,0.0,0.0
2018-07-21 02:00:00,7.82,301.18658,999.9908,6.2617345,11.26918,0.0,0.0
2018-07-21 03:00:00,7.62,303.75684,999.1283,6.4504943,9.815561,0.0,0.0
2018-07-21 04:00:00,7.37,305.226,997.91907,5.7719254,8.685121,0.0,0.0
2018-07-21 05:00:00,7.04,305.84418,996.96674,4.3869305,8.3967285,0.0,0.0
2018-07-21 06:00:00,7.07,306.10037,996.5375,3.3009582,8.376344,0.0,0.0
2018-07-21 07:00:00,7.28,306.1784,995.9944,2.91148,8.257265,0.0,0.0
2018-07-21 08:00:00,7.39,305.81958,996.1449,2.4920726,8.454856,0.0,0.0
2018-07-21 09:00:00,7.26,304.8015,996.4402,2.2267754,9.1849165,0.0,0.0
2018-07-21 10:00:00,7.12,302.82104,996.84326,2.9059403,10.622611,0.0,0.0
2018-07-21 11:00:00,7.35,300.56934,997.2141,3.231195,12.428483,0.0,0.0
2018-07-21 12:00:00,7.44,298.68732,997.84705,3.4431808,14.092777,0.0,0.0
2018-07-21 13:00:00,7.61,297.17163,998.14044,3.6392994,15.4948015,0.0,0.0
2018-07-21 14:00:00,7.85,295.95825,998.6014,3.734622,16.706207,0.0,0.0
2018-07-21 15:00:00,7.74,294.8881,998.5667,3.7015874,17.890388,0.0,0.0
2018-07-21 16:00:00,7.63,293.93097,998.46796,3.603534,19.151085,0.0,0.0
2018-07-21 17:00:00,7.92,293.08002,998.5364,3.3949726,20.584446,0.0,0.0
2018-07-21 18:00:00,7.91,292.2129,998.48755,3.1966827,22.369823,0.0,0.0
2018-07-21 19:00:00,7.54,290.81155,998.5228,3.4062464,24.617891,0.0,0.0
2018-07-21 20:00:00,7.34,289.7815,998.6929,3.2724202,26.757944,0.0,0.0
2018-07-21 21:00:00,7.49,289.0433,998.8677,3.2183278,28.596655,0.0,0.0
2018-07-21 22:00:00,7.81,288.51007,999.5235,3.274576,30.177256,0.0,0.0
2018-07-21 23:00:00,8.06,289.11517,1000.20514,3.0457253,29.785515,0.0,0.0
2018-07-22 00:00:00,8.28,293.2722,1000.6425,3.047157,23.37148,0.0,0.0
2018-07-22 01:00:00,8.61,298.0396,1000.7322,3.5418556,17.607244,0.0,0.0
2018-07-22 02:00:00,9.11,301.44543,1000.41266,4.4806833,14.232187,0.0,0.0
2018-07-22 03:00:00,9.26,303.47626,999.5204,4.9803333,12.181007,0.0,0.0
2018-07-22 04:00:00,9.17,304.47528,998.43744,4.288896,11.137882,0.0,0.0
2018-07-22 05:00:00,9.03,304.94977,997.3364,3.336926,10.674097,0.0,0.0
2018-07-22 06:00:00,9.17,305.13123,996.5848,2.6035168,10.402838,0.0,0.0
2018-07-22 07:00:00,9.44,305.0344,996.24005,1.812221,10.956912,0.0,0.0
2018-07-22 08:00:00,9.57,304.70837,996.07874,1.5469522,11.084388,0.0,0.0
2018-07-22 09:00:00,9.38,304.05176,996.2322,1.2464164,11.609694,0.0,0.0
2018-07-22 10:00:00,9.28,302.72464,996.6861,1.3439997,12.792524,0.0,0.0
2018-07-22 11:00:00,9.33,300.589,996.85876,1.4906825,18.030533,0.0,0.0
2018-07-22 12:00:00,8.99,298.82324,997.4014,1.5619496,19.636868,0.0,0.0
2018-07-22 13:00:00,9.25,298.31808,997.5488,1.2994006,18.358667,0.0,0.0
2018-07-22 14:00:00,9.23,297.69403,997.72675,1.112875,18.050537,0.0,0.0
2018-07-22 15:00:00,9.1,294.71414,997.96967,1.893689,23.627752,0.0,0.0
2018-07-22 16:00:00,9.96,292.91452,998.33594,2.3311543,28.430552,0.0,0.0
2018-07-22 17:00:00,11.42,292.13464,998.3804,2.7870724,32.479973,0.0,0.0
2018-07-22 18:00:00,12.28,291.3955,998.5187,2.7209153,39.584698,0.0,0.0
2018-07-22 19:00:00,12.82,290.43073,998.1934,3.2537262,46.560547,0.0,0.0
2018-07-22 20:00:00,13.64,289.66748,998.4922,2.6707942,55.68776,0.0,0.0
2018-07-22 21:00:00,14.17,288.9258,998.9916,2.243485,62.262844,0.0,0.0
2018-07-22 22:00:00,14.43,288.167,999.6077,1.8264633,67.856445,0.0,0.0
2018-07-22 23:00:00,14.61,288.4863,1000.20734,1.5473979,67.862785,0.0,0.0
2018-07-23 00:00:00,14.24,292.5876,1000.78534,0.8623586,51.904392,0.0021460624,0.0
2018-07-23 01:00:00,14.26,295.82288,1000.9495,0.23853417,38.242237,0.0,0.0
2018-07-23 02:00:00,14.19,298.41312,1000.1259,0.6557156,28.62038,0.0,0.0
2018-07-23 03:00:00,13.92,300.74225,999.2264,1.4815286,22.904146,0.0,0.0
2018-07-23 04:00:00,13.65,302.47092,997.8006,2.334743,20.508778,0.0,0.0
2018-07-23 05:00:00,13.62,303.46863,996.9048,2.5047512,18.509302,0.0,0.0
2018-07-23 06:00:00,13.79,303.89392,995.9384,2.3703494,17.124676,0.0,0.0
2018-07-23 07:00:00,13.98,304.1108,995.3862,1.8805461,16.734205,0.0,0.0
2018-07-23 08:00:00,13.8,303.85272,995.28595,1.6214887,16.729467,0.0,0.0
2018-07-23 09:00:00,13.78,303.2832,995.72144,1.4234543,17.290096,0.0,0.0
2018-07-23 10:00:00,13.54,302.17615,996.1529,1.1284566,18.775425,0.0,0.0
2018-07-23 11:00:00,13.35,300.6466,996.7078,0.9252804,25.34033,0.0,0.0
2018-07-23 12:00:00,12.96,299.03552,997.33685,1.2605369,26.614819,0.0,0.0
2018-07-23 13:00:00,12.8,297.31787,997.58936,1.778348,28.95298,0.0,0.0
2018-07-23 14:00:00,12.87,295.91113,997.642,2.0874004,31.086046,0.0,0.0
2018-07-23 15:00:00,12.75,294.9563,997.53656,2.0141954,32.98743,0.0,0.0
2018-07-23 16:00:00,13.03,294.62183,997.3292,1.6786819,33.328075,0.0,0.0
2018-07-23 17:00:00,13.03,295.37872,997.1772,1.0970954,30.34515,0.0,0.0
2018-07-23 18:00:00,13.15,294.10037,996.8809,1.1753036,33.056522,0.0,0.0
2018-07-23 19:00:00,12.72,291.72565,996.93353,1.5148977,39.47808,0.0,0.0
2018-07-23 20:00:00,12.77,291.08792,997.22034,0.84937006,40.19103,0.0,0.0
2018-07-23 21:00:00,13.17,290.5547,997.5522,0.4433235,40.551945,0.0,0.0
2018-07-23 22:00:00,13.55,288.5249,998.1875,1.5392953,49.409294,0.0,0.0
2018-07-23 23:00:00,13.56,288.54633,998.6393,1.855243,48.158722,0.0,0.0
2018-07-24 00:00:00,14.08,292.9734,999.3314,1.501767,35.127563,0.0025724205,0.0
2018-07-24 01:00:00,13.63,297.34436,999.303,1.3384354,25.915497,0.0,0.0
2018-07-24 02:00:00,13.3,300.5208,998.8666,1.0473609,21.127779,0.0,0.0
2018-07-24 03:00:00,12.55,302.4693,998.04065,1.0056181,19.163553,0.0,0.0
2018-07-24 04:00:00,11.75,303.71448,996.85077,1.2587261,17.378523,0.0,0.0
2018-07-24 05:00:00,11.38,304.37485,995.8959,1.2800204,15.302268,0.0,0.0
2018-07-24 06:00:00,11.3,304.6728,995.32513,0.78509504,14.392832,0.0,0.0
2018-07-24 07:00:00,11.47,304.8056,994.8075,0.5682075,14.259002,0.0,0.0
2018-07-24 08:00:00,11.16,304.5868,995.06885,0.4205937,14.180541,0.0,0.0
2018-07-24 09:00:00,11.19,304.09875,995.22595,0.6785057,14.5927,0.0,0.0
2018-07-24 10:00:00,11.34,303.0108,995.83295,1.5573182,15.889618,0.0,0.0
2018-07-24 11:00:00,11.39,301.44128,996.212,2.4318006,17.88434,0.0,0.0
2018-07-24 12:00:00,11.64,299.7962,997.02185,3.026803,20.003254,0.0,0.0
2018-07-24 13:00:00,11.22,298.37762,997.4084,3.3985448,21.909014,0.0,0.0
2018-07-24 14:00:00,11.27,297.33575,997.52344,3.558542,23.38412,0.0,0.0
2018-07-24 15:00:00,11.06,296.41843,997.372,3.545074,24.837902,0.0,0.0
2018-07-24 16:00:00,10.78,295.42352,997.17615,3.2325652,26.63343,0.0,0.0
2018-07-24 17:00:00,10.55,294.21863,997.04266,2.858991,29.100111,0.0,0.0
2018-07-24 18:00:00,10.48,293.03595,996.8423,2.738291,31.676563,0.0,0.0
2018-07-24 19:00:00,10.5,291.89673,996.8797,1.630136,36.37296,0.0,0.0
2018-07-24 20:00:00,11.23,290.4541,997.34045,1.1405698,40.869522,0.0,0.0
2018-07-24 21:00:00,11.91,289.13498,997.98315,2.002879,42.997196,0.0,0.0
2018-07-24 22:00:00,12.49,288.34375,998.6957,1.7861786,46.951435,0.0,0.0
2018-07-24 23:00:00,12.65,289.05804,999.1156,0.85492235,45.738728,0.0,0.0
2018-07-25 00:00:00,12.75,292.6991,999.4581,0.41650116,37.503166,0.0012755394,0.0
2018-07-25 01:00:00,12.55,296.69907,999.5564,0.47701904,26.053024,0.0,0.0
2018-07-25 02:00:00,12.0,299.97208,998.79266,0.6601099,20.8181,0.0,0.0
2018-07-25 03:00:00,10.93,302.3424,997.97186,1.3223314,18.989737,0.0,0.0
2018-07-25 04:00:00,9.67,304.00482,996.66986,2.0078392,17.20405,0.0,0.0
2018-07-25 05:00:00,8.58,304.9077,995.77075,2.1927168,13.592616,0.0,0.0
2018-07-25 06:00:00,7.98,305.22446,994.87354,1.9530239,12.430193,0.0,0.0
2018-07-25 07:00:00,8.08,305.29486,994.53937,1.4314655,11.634356,0.0,0.0
2018-07-25 08:00:00,7.87,305.07544,994.565,1.2960966,11.396467,0.0,0.0
2018-07-25 09:00:00,7.56,304.48544,994.7078,0.93089634,11.693721,0.0,0.0
2018-07-25 10:00:00,7.47,303.27258,995.3212,1.2423089,12.917376,0.0,0.0
2018-07-25 11:00:00,7.57,301.3009,995.40454,1.7522229,16.470125,0.0,0.0
2018-07-25 12:00:00,7.97,299.3883,995.6852,2.297362,18.534933,0.0,0.0
2018-07-25 13:00:00,8.07,297.82233,996.04,2.7241833,20.75964,0.0,0.0
2018-07-25 14:00:00,8.41,296.32828,996.1744,2.8500698,23.69218,0.0,0.0
2018-07-25 15:00:00,9.13,294.76874,996.1345,2.5576553,27.364277,0.0,0.0
2018-07-25 16:00:00,9.76,293.50284,996.3954,1.9046321,31.80581,0.0,0.0
2018-07-25 17:00:00,10.58,293.67896,996.2996,1.0296261,30.956665,0.0,0.0
2018-07-25 18:00:00,11.2,292.90997,996.01935,1.280008,32.614243,0.0,0.0
2018-07-25 19:00:00,11.27,290.48468,996.5732,2.0775695,40.87723,0.0,0.0
2018-07-25 20:00:00,11.29,289.8402,996.76624,2.409827,43.189808,0.0,0.0
2018-07-25 21:00:00,11.73,289.23987,997.2282,2.494474,46.83063,0.0,0.0
2018-07-25 22:00:00,12.23,288.8412,997.78546,2.7593753,49.602757,0.0,0.0
2018-07-25 23:00:00,12.67,289.1421,998.3103,2.4068131,50.414528,0.0,0.0
2018-07-26 00:00:00,13.33,293.4261,998.84485,2.261531,38.839855,0.0,0.0
2018-07-26 01:00:00,13.87,296.65958,998.9514,2.6484287,30.870539,0.0,0.0
2018-07-26 02:00:00,13.83,298.92972,998.6191,3.0888805,26.307573,0.0,0.0
2018-07-26 03:00:00,13.21,300.98,997.69196,3.6041703,22.48611,0.0,0.0
2018-07-26 04:00:00,12.8,302.56735,996.4776,4.0381627,18.949995,0.0,0.0
2018-07-26 05:00:00,12.3,303.67126,995.39264,4.551267,16.228367,0.0,0.0
2018-07-26 06:00:00,12.22,304.22223,994.5039,5.125452,15.208469,0.0,0.0
2018-07-26 07:00:00,12.56,304.61847,994.1225,5.511315,15.247943,0.0,0.0
2018-07-26 08:00:00,12.67,304.15747,994.31757,5.6494846,16.005276,0.0,0.0
2018-07-26 09:00:00,13.06,303.0357,994.7539,4.5747786,17.943377,0.0,0.0
2018-07-26 10:00:00,12.84,301.03058,995.5511,3.4966831,21.288324,0.0,0.0
2018-07-26 11:00:00,12.86,299.55408,995.8578,3.0591416,24.466768,0.0,0.0
2018-07-26 12:00:00,12.49,298.2471,996.32654,2.7420099,27.748203,0.0,0.0
2018-07-26 13:00:00,12.78,296.96085,996.5691,2.707882,31.260336,0.0,0.0
2018-07-26 14:00:00,13.58,295.84143,996.9945,2.9967284,34.742138,0.0,0.0
2018-07-26 15:00:00,14.24,294.99945,996.9958,3.278807,37.67336,0.0,0.0
2018-07-26 16:00:00,14.65,294.3188,996.83813,3.2425776,39.83271,0.0,0.0
2018-07-26 17:00:00,15.07,293.53677,996.5617,2.8889377,41.74593,0.0,0.0
2018-07-26 18:00:00,15.44,292.6018,996.3041,2.4478698,44.254307,0.0,0.0
2018-07-26 19:00:00,15.51,291.34808,996.47766,2.3280606,47.899914,0.0,0.0
2018-07-26 20:00:00,15.74,290.50677,996.8759,2.4018795,49.42402,0.0,0.0
2018-07-26 21:00:00,15.96,289.88187,997.08044,2.65173,49.56752,0.0,0.0
2018-07-26 22:00:00,16.33,289.3476,997.7406,2.7664669,49.568886,0.0,0.0
2018-07-26 23:00:00,16.51,289.66815,998.08014,2.3863623,47.73809,0.0,0.0
2018-07-27 00:00:00,16.21,292.97876,998.4536,2.664879,37.65333,0.0021333236,0.0
2018-07-27 01:00:00,16.2,295.70685,998.64154,3.2163925,32.283314,0.0,0.0
2018-07-27 02:00:00,16.17,298.10596,998.27655,3.4062736,28.83999,0.0,0.0
2018-07-27 03:00:00,15.4,299.79425,997.34045,3.2722657,26.498798,0.0,0.0
2018-07-27 04:00:00,14.47,300.80237,996.2879,2.832873,24.679838,0.0,0.0
2018-07-27 05:00:00,13.68,301.4809,995.2047,2.6175177,23.416739,0.0,0.0
2018-07-27 06:00:00,13.39,301.9143,994.6975,2.715422,22.457863,0.0,0.0
2018-07-27 07:00:00,13.49,301.84827,994.4356,2.843364,21.855755,0.0,0.0
2018-07-27 08:00:00,13.14,301.6045,994.6275,3.012362,21.805534,0.0,0.0
2018-07-27 09:00:00,12.55,300.8827,994.84595,2.888272,22.667025,0.0,0.0
2018-07-27 10:00:00,12.4,299.5036,995.37976,2.5981941,24.790066,0.0,0.0
2018-07-27 11:00:00,12.46,298.25067,995.78876,2.8131783,26.840391,0.0,0.0
2018-07-27 12:00:00,12.38,297.02484,996.0147,2.9521737,28.90511,0.0,0.0
2018-07-27 13:00:00,12.3,295.8945,996.4303,3.0866275,30.792719,0.0,0.0
2018-07-27 14:00:00,12.14,294.85266,996.63025,3.170847,32.433113,0.0,0.0
2018-07-27 15:00:00,11.81,293.852,996.5518,3.289816,33.65163,0.0,0.0
2018-07-27 16:00:00,11.37,292.92792,996.5033,3.3385038,34.13077,0.0,0.0
2018-07-27 17:00:00,10.95,292.0006,995.9944,3.233079,34.260868,0.0,0.0
2018-07-27 18:00:00,10.58,291.0841,995.7278,2.9926615,34.735157,0.0,0.0
2018-07-27 19:00:00,9.89,289.76,995.5159,2.1607585,42.6707,0.0,0.0
2018-07-27 20:00:00,9.78,288.62524,995.78815,1.8247905,45.876183,0.0,0.0
2018-07-27 21:00:00,9.39,287.7525,996.29706,1.5424072,49.117073,0.0,0.0
2018-07-27 22:00:00,9.4,287.16296,996.44086,1.4480385,50.207893,0.0,0.0
2018-07-27 23:00:00,9.96,287.20462,997.1636,1.3575095,51.284863,0.0,0.0
2018-07-28 00:00:00,10.28,290.95447,997.8853,1.5791333,35.528866,0.001725333,0.0
2018-07-28 01:00:00,10.88,294.21353,998.4256,2.048288,28.064669,0.0,0.0
2018-07-28 02:00:00,11.13,297.177,998.0564,2.4691026,23.01044,0.0,0.0
2018-07-28 03:00:00,10.94,299.47046,997.4177,2.8289301,19.324274,0.0,0.0
2018-07-28 04:00:00,10.58,300.5644,996.3797,2.7796724,17.787453,0.0,0.0
2018-07-28 05:00:00,10.39,301.27823,995.4487,2.868392,16.692335,0.0,0.0
2018-07-28 06:00:00,10.47,301.72833,994.70526,3.0831413,15.575516,0.0,0.0
2018-07-28 07:00:00,10.01,302.03992,994.47675,3.240355,14.095523,0.0,0.0
2018-07-28 08:00:00,9.46,301.7453,994.521,3.6199737,13.918252,0.0,0.0
2018-07-28 09:00:00,9.17,300.87903,994.76373,3.4977238,14.637804,0.0,0.0
2018-07-28 10:00:00,9.36,299.109,995.661,3.3172064,16.669937,0.0,0.0
2018-07-28 11:00:00,9.92,297.70206,996.2026,3.6798406,18.743708,0.0,0.0
2018-07-28 12:00:00,10.12,296.4994,996.613,3.937228,20.800598,0.0,0.0
2018-07-28 13:00:00,10.26,295.4741,997.2494,4.102733,22.599264,0.0,0.0
2018-07-28 14:00:00,10.05,294.52667,997.5764,4.2238436,24.082676,0.0,0.0
2018-07-28 15:00:00,9.69,293.6472,997.54474,4.2602334,25.382706,0.0,0.0
2018-07-28 16:00:00,9.76,292.85187,997.51013,4.222084,26.503426,0.0,0.0
2018-07-28 17:00:00,9.42,292.05847,997.2495,4.0591993,27.697357,0.0,0.0
2018-07-28 18:00:00,8.89,291.26306,996.98944,3.9461694,29.062494,0.0,0.0
2018-07-28 19:00:00,8.49,289.53476,996.72095,3.7012258,33.175545,0.0,0.0
2018-07-28 20:00:00,8.64,288.92035,996.7742,3.8232133,34.361107,0.0,0.0
2018-07-28 21:00:00,8.7,288.46643,997.2999,3.9352667,35.232193,0.0,0.0
2018-07-28 22:00:00,9.15,288.1181,997.99585,4.0093174,35.87587,0.0,0.0
2018-07-28 23:00:00,9.48,288.80368,998.8024,3.922081,34.24054,0.0,0.0
2018-07-29 00:00:00,10.3,291.75452,999.83295,4.921348,27.961836,0.0,0.0
2018-07-29 01:00:00,10.67,294.68732,1000.21216,6.2629337,23.481674,0.0,0.0
2018-07-29 02:00:00,11.13,297.48883,999.8061,6.8008533,20.326662,0.0,0.0
2018-07-29 03:00:00,11.26,299.9171,998.7056,6.962604,17.528933,0.0,0.0
2018-07-29 04:00:00,11.07,301.63263,997.4377,6.300721,15.885178,0.0,0.0
2018-07-29 05:00:00,10.88,302.71988,996.2386,5.3573265,15.4258175,0.0,0.0
2018-07-29 06:00:00,10.59,303.3526,995.4247,4.5607953,15.392484,0.0,0.0
2018-07-29 07:00:00,10.64,303.53137,995.0986,3.029833,15.398344,0.0,0.0
2018-07-29 08:00:00,10.56,303.41156,995.16125,2.5859427,15.307556,0.0,0.0
2018-07-29 09:00:00,10.54,302.69736,995.4183,2.141622,16.021635,0.0,0.0
2018-07-29 10:00:00,10.8,300.84378,995.77795,3.0785222,18.14641,0.0,0.0
2018-07-29 11:00:00,11.36,298.99054,996.09265,3.4436848,20.51225,0.0,0.0
2018-07-29 12:00:00,11.82,297.65265,996.66016,3.6990092,22.379217,0.0,0.0
2018-07-29 13:00:00,12.47,296.5193,997.02374,3.8803685,23.971457,0.0,0.0
2018-07-29 14:00:00,12.67,295.55408,997.4074,3.9814432,25.31715,0.0,0.0
2018-07-29 15:00:00,12.83,294.68118,997.4899,3.926998,26.507732,0.0,0.0
2018-07-29 16:00:00,12.68,293.8585,997.1972,3.8663776,27.710665,0.0,0.0
2018-07-29 17:00:00,12.93,293.15536,997.03394,3.7114406,28.872166,0.0,0.0
2018-07-29 18:00:00,13.0,292.46753,996.6266,3.4063778,30.261454,0.0,0.0
2018-07-29 19:00:00,12.99,291.5091,996.6842,3.689285,32.44352,0.0,0.0
2018-07-29 20:00:00,12.76,290.71643,996.7319,3.6091118,34.40823,0.0,0.0
2018-07-29 21:00:00,12.34,290.16263,996.9114,3.5925207,36.076168,0.0,0.0
2018-07-29 22:00:00,12.36,289.74756,997.34155,3.524614,37.482845,0.0,0.0
2018-07-29 23:00:00,12.27,290.38977,998.15485,3.1378002,36.386513,0.0,0.0
2018-07-30 00:00:00,12.32,293.98343,998.91,3.179194,29.015053,0.0,0.0
2018-07-30 01:00:00,12.92,297.8334,999.4991,3.3921416,22.938398,0.0,0.0
2018-07-30 02:00:00,13.16,300.83087,999.16565,3.5510314,19.66415,0.0,0.0
2018-07-30 03:00:00,12.94,302.9574,998.28534,3.965406,17.185091,0.0,0.0
2018-07-30 04:00:00,13.31,304.39566,997.0064,4.358104,15.512267,0.0,0.0
2018-07-30 05:00:00,14.1,305.28302,995.83044,4.4034705,14.474833,0.0,0.0
2018-07-30 06:00:00,14.92,305.7299,995.0889,4.0141683,14.145795,0.0,0.0
2018-07-30 07:00:00,15.26,305.84613,994.51,3.3481064,15.555043,0.0,0.0
2018-07-30 08:00:00,15.69,305.59656,994.5408,2.694349,16.311813,0.0,0.0
2018-07-30 09:00:00,16.9,304.87048,994.46765,1.2285929,17.50054,0.0,0.0
2018-07-30 10:00:00,18.09,303.76984,995.22656,0.82745796,19.043278,0.0,0.0
2018-07-30 11:00:00,19.4,301.93097,995.5167,1.9672022,21.991333,0.0,0.0
2018-07-30 12:00:00,21.12,299.97885,996.1891,2.181754,24.968786,0.0,0.0
2018-07-30 13:00:00,22.57,298.48834,996.6083,2.399717,27.650526,0.0,0.0
2018-07-30 14:00:00,23.7,297.4236,997.2009,3.1542335,32.052032,0.0,0.0
2018-07-30 15:00:00,23.82,296.5204,997.405,3.190589,38.039104,0.0,0.0
2018-07-30 16:00:00,23.74,295.56097,997.59326,2.7673035,43.55036,0.0,0.0
2018-07-30 17:00:00,24.67,294.638,997.5214,2.6439078,48.295967,0.0,0.0
2018-07-30 18:00:00,25.15,293.91162,997.19275,2.7068806,51.878063,0.0,0.0
2018-07-30 19:00:00,25.17,292.89572,997.2489,2.2877264,58.186172,0.0,0.0
2018-07-30 20:00:00,24.98,292.0857,997.3402,2.109763,61.750263,0.0,0.0
2018-07-30 21:00:00,24.82,291.4258,997.4805,2.1178536,64.75298,0.0,0.0
2018-07-30 22:00:00,24.8,290.86502,997.84595,2.1387894,67.48088,0.0,0.0
2018-07-30 23:00:00,24.43,291.3106,998.29315,1.7368017,66.35568,0.0,0.0
2018-07-31 00:00:00,24.0,294.92294,998.73016,1.7349885,52.002953,0.0,0.0
2018-07-31 01:00:00,23.81,297.81607,999.07935,1.5696058,40.423557,0.0,0.0
2018-07-31 02:00:00,23.77,299.9137,998.46893,1.2661066,34.288918,0.0,0.0
2018-07-31 03:00:00,23.49,301.63837,997.6973,1.528441,30.809042,0.0,0.0
2018-07-31 04:00:00,22.63,302.93546,996.53143,1.6919969,28.37252,0.0,0.0
2018-07-31 05:00:00,21.83,303.80057,995.5697,1.5660274,26.991737,0.0,0.0
2018-07-31 06:00:00,21.36,304.28864,994.88794,1.5076867,26.172855,0.0,0.0
2018-07-31 07:00:00,21.22,305.0896,994.5628,2.8315694,23.158363,0.0,0.0
2018-07-31 08:00:00,21.48,304.8429,994.4634,2.5286744,23.082312,0.0,0.0
2018-07-31 09:00:00,22.27,304.36646,994.76685,2.1541896,23.561565,0.0,0.0
2018-07-31 10:00:00,22.31,302.89935,995.21893,2.798685,26.046757,0.0,0.0
2018-07-31 11:00:00,22.29,301.44202,995.79047,3.522599,28.916868,0.0,0.0
2018-07-31 12:00:00,22.15,300.20703,996.14154,3.7971995,31.934006,0.0,0.0
2018-07-31 13:00:00,22.52,299.18643,996.6284,3.8177655,34.90161,0.0,0.0
2018-07-31 14:00:00,22.65,298.21524,996.65546,3.6000044,37.85883,0.0,0.0
2018-07-31 15:00:00,22.95,297.3061,996.72064,3.202597,40.679417,0.0,0.0
2018-07-31 16:00:00,23.12,296.4106,996.4939,2.5774107,43.642567,0.0,0.0
2018-07-31 17:00:00,23.68,295.2659,996.46735,1.9619849,48.260765,0.0,0.0
2018-07-31 18:00:00,24.34,294.4151,996.2134,2.2024844,51.70307,0.0,0.0
2018-07-31 19:00:00,24.16,293.71613,996.9154,2.7736542,57.117397,0.0,0.0
2018-07-31 20:00:00,24.31,292.88922,996.8645,2.7849088,62.4737,0.0,0.0
2018-07-31 21:00:00,24.42,292.4225,997.2592,2.6686735,66.106476,0.0,0.0
2018-07-31 22:00:00,24.24,291.98383,997.8798,2.4263492,69.41719,0.0,0.0
2018-07-31 23:00:00,24.35,292.55334,998.72766,2.0518599,68.36516,0.0,0.0
2018-08-01 00:00:00,24.66,295.28964,999.1813,2.3229582,58.682632,0.0,0.0
2018-08-01 01:00:00,24.96,297.55896,999.54767,2.3555593,50.88091,0.0,0.0
2018-08-01 02:00:00,25.08,299.7127,998.9889,2.3982146,44.263397,0.0,0.0
2018-08-01 03:00:00,24.68,301.43677,997.89575,2.6819243,39.267117,0.0,0.0
2018-08-01 04:00:00,23.98,302.76132,996.72675,2.7025561,35.165783,0.0,0.0
2018-08-01 05:00:00,23.52,303.72302,995.90643,2.596202,31.973774,0.0,0.0
2018-08-01 06:00:00,23.76,304.17657,995.0089,3.1479955,30.024323,0.0,0.0
2018-08-01 07:00:00,24.22,304.91632,994.35016,4.1658773,27.527073,0.0,0.0
2018-08-01 08:00:00,24.68,304.53162,994.0451,4.2712193,28.071177,0.0,0.0
2018-08-01 09:00:00,25.18,304.0268,994.09985,4.244708,29.040497,0.0,0.0
2018-08-01 10:00:00,26.34,303.2064,994.44,4.0057893,31.329845,0.0,0.0
2018-08-01 11:00:00,27.28,302.31818,995.1119,4.6154585,34.187466,0.0,0.0
2018-08-01 12:00:00,27.95,301.25256,995.77344,5.515404,37.57722,0.0,0.0
2018-08-01 13:00:00,28.28,300.17633,996.1973,5.8260565,40.685272,0.0,0.0
2018-08-01 14:00:00,28.66,299.22852,996.4775,5.5260253,43.567112,0.0,0.0
2018-08-01 15:00:00,28.55,298.11554,996.72955,5.527612,48.142124,0.0,0.0
2018-08-01 16:00:00,27.91,297.38013,996.6715,5.88858,53.718113,0.0,0.0
2018-08-01 17:00:00,27.71,296.54053,996.6368,5.7773166,58.929016,0.0,0.0
2018-08-01 18:00:00,27.19,295.6869,996.4378,5.4166136,60.943985,0.0,0.0
2018-08-01 19:00:00,27.08,294.60742,996.6973,4.60554,63.45588,0.0,0.0
2018-08-01 20:00:00,27.0,293.86917,996.9441,3.9243855,64.81963,0.0,0.0
2018-08-01 21:00:00,25.87,293.39673,997.4459,3.327757,66.102585,0.0,0.0
2018-08-01 22:00:00,25.14,292.725,998.2957,2.7777393,69.11546,0.0,0.0
2018-08-01 23:00:00,24.97,293.0506,998.8922,2.6364512,68.32522,0.0,0.0
2018-08-02 00:00:00,25.56,294.65134,999.18353,3.7226045,61.279915,0.0,0.0
2018-08-02 01:00:00,25.27,296.49365,999.115,5.0587296,53.859287,0.0,0.0
2018-08-02 02:00:00,24.55,298.1363,998.3275,6.369698,47.962555,0.0,0.0
2018-08-02 03:00:00,23.79,299.56744,997.34796,7.532835,42.513252,0.0,0.0
2018-08-02 04:00:00,23.48,300.80722,996.0568,7.9894733,37.862064,0.0,0.0
2018-08-02 05:00:00,23.27,301.16327,995.2617,8.132803,36.83463,0.003799796,0.0
2018-08-02 06:00:00,23.29,300.39258,995.10944,8.137275,39.59196,0.0017434359,0.0
2018-08-02 07:00:00,22.71,301.8203,994.8244,7.0069113,33.449284,0.0,0.0
2018-08-02 08:00:00,21.35,301.30658,994.91626,6.23633,31.739082,0.0,0.0
2018-08-02 09:00:00,18.96,300.4409,995.4597,5.1635494,30.012045,0.0,0.0
2018-08-02 10:00:00,17.07,298.96173,996.25555,4.2236967,30.541744,0.0,0.0
2018-08-02 11:00:00,15.74,297.73535,996.9794,4.917552,30.537573,0.0,0.0
2018-08-02 12:00:00,14.35,296.48737,997.7391,5.999332,29.954216,0.0,0.0
2018-08-02 13:00:00,12.78,295.3507,998.4289,6.646861,28.736326,0.0,0.0
2018-08-02 14:00:00,11.28,294.20505,998.7551,6.9434867,26.800495,0.0,0.0
2018-08-02 15:00:00,9.95,293.0945,999.2067,6.780655,24.513859,0.0,0.0
2018-08-02 16:00:00,9.03,292.0584,999.4353,6.4024396,23.188244,0.0,0.0
2018-08-02 17:00:00,8.47,291.1461,999.7908,6.0029554,22.879965,0.0,0.0
2018-08-02 18:00:00,7.74,290.25702,999.505,5.585397,23.36713,0.0,0.0
2018-08-02 19:00:00,7.29,288.62122,999.928,5.7999353,25.731903,0.0,0.0
2018-08-02 20:00:00,7.04,287.92255,1000.14984,5.6418777,27.12189,0.0,0.0
2018-08-02 21:00:00,7.1,287.29248,1000.79877,5.3496575,28.635273,0.0,0.0
2018-08-02 22:00:00,7.21,286.71332,1001.445,5.0266376,30.201838,0.0,0.0
2018-08-02 23:00:00,7.13,287.08438,1002.2238,4.501169,30.040127,0.0,0.0
2018-08-03 00:00:00,7.8,288.6762,1003.0031,6.20544,27.644268,0.006401539,0.0
2018-08-03 01:00:00,8.23,290.58682,1002.924,6.336968,24.963997,0.0,0.0
2018-08-03 02:00:00,8.09,292.74124,1002.3734,6.0824404,22.046133,0.0,0.0
2018-08-03 03:00:00,7.89,294.70856,1000.97015,5.569261,19.991264,0.0,0.0
2018-08-03 04:00:00,7.69,296.3005,999.53345,4.941156,18.90554,0.0,0.0
2018-08-03 05:00:00,7.7,297.49792,998.3861,4.41912,17.872044,0.0,0.0
2018-08-03 06:00:00,8.14,298.29877,997.42084,3.8923242,17.01267,0.0,0.0
2018-08-03 07:00:00,8.54,298.8929,997.08844,3.458079,16.268795,0.0,0.0
2018-08-03 08:00:00,8.58,298.82208,997.0442,3.1857748,15.974238,0.0,0.0
2018-08-03 09:00:00,8.67,298.24603,997.3336,2.8566256,16.18158,0.0,0.0
2018-08-03 10:00:00,8.59,296.6618,997.8122,2.8310325,17.533012,0.0,0.0
2018-08-03 11:00:00,8.47,295.19012,998.4968,3.2505333,18.608288,0.0,0.0
2018-08-03 12:00:00,8.47,293.85315,998.88336,3.626095,19.280668,0.0,0.0
2018-08-03 13:00:00,8.26,292.7267,999.3823,3.8508642,19.653324,0.0,0.0
2018-08-03 14:00:00,7.82,291.74432,999.3046,4.0544515,19.993595,0.0,0.0
2018-08-03 15:00:00,8.0,290.9168,999.3008,4.13543,20.379833,0.0,0.0
2018-08-03 16:00:00,8.63,290.15918,999.01385,4.0103784,20.918335,0.0,0.0
2018-08-03 17:00:00,8.82,289.4589,998.839,3.7564049,21.596375,0.0,0.0
2018-08-03 18:00:00,8.66,288.77228,998.4883,3.4682858,22.445854,0.0,0.0
2018-08-03 19:00:00,8.94,287.49377,998.14966,3.053809,26.76895,0.0,0.0
2018-08-03 20:00:00,9.06,286.72064,998.02704,2.7559197,28.73792,0.0,0.0
2018-08-03 21:00:00,8.96,286.12018,998.36346,2.5442352,30.834766,0.0,0.0
2018-08-03 22:00:00,8.85,285.59003,998.58514,2.4030194,33.195107,0.0,0.0
2018-08-03 23:00:00,8.99,286.21924,999.26794,2.0203803,33.698685,0.0,0.0
2018-08-04 00:00:00,9.58,290.14478,999.65533,2.1789806,26.257969,0.0,0.0
2018-08-04 01:00:00,9.86,293.9596,999.6255,2.36127,22.748276,0.0,0.0
2018-08-04 02:00:00,9.92,297.15088,998.84326,2.5327752,21.462355,0.0,0.0
2018-08-04 03:00:00,9.64,299.58548,997.6647,2.6071775,20.622322,0.0,0.0
2018-08-04 04:00:00,9.63,301.248,996.35846,2.6128979,19.980112,0.0,0.0
2018-08-04 05:00:00,10.18,302.46634,995.26685,3.1167526,19.273333,0.0,0.0
2018-08-04 06:00:00,11.09,303.25482,994.39874,3.4441833,18.066982,0.0,0.0
2018-08-04 07:00:00,11.81,303.62305,993.72235,3.2791703,18.754715,0.0,0.0
2018-08-04 08:00:00,12.47,303.53125,993.79297,3.387026,19.20231,0.0,0.0
2018-08-04 09:00:00,13.28,302.82343,993.93256,3.217174,20.322006,0.0,0.0
2018-08-04 10:00:00,13.93,300.8636,994.4649,3.22454,22.695265,0.0,0.0
2018-08-04 11:00:00,14.39,299.1894,995.24945,3.87214,24.401226,0.0,0.0
2018-08-04 12:00:00,14.72,297.84363,996.16986,4.228886,25.184229,0.0,0.0
2018-08-04 13:00:00,14.63,296.67218,996.56195,4.193597,25.736246,0.0,0.0
2018-08-04 14:00:00,14.03,295.62366,996.6716,4.0099974,26.56302,0.0,0.0
2018-08-04 15:00:00,13.34,294.42642,996.6905,3.5784001,27.932093,0.0,0.0
2018-08-04 16:00:00,13.39,293.45984,996.9588,2.6928596,29.033787,0.0,0.0
2018-08-04 17:00:00,12.52,292.14886,997.18195,1.8667483,32.474033,0.0,0.0
2018-08-04 18:00:00,11.67,291.26318,997.20044,1.4526722,36.279945,0.0,0.0
2018-08-04 19:00:00,10.13,289.9192,996.89954,2.6582856,37.702953,0.0,0.0
2018-08-04 20:00:00,9.13,288.88916,997.00946,2.4670522,39.64044,0.0,0.0
2018-08-04 21:00:00,8.81,288.08453,997.6183,2.4161358,40.587006,0.0,0.0
2018-08-04 22:00:00,8.57,287.5481,998.4636,2.4855568,40.045914,0.0,0.0
2018-08-04 23:00:00,8.4,288.02603,999.4389,2.2657063,36.539314,0.0,0.0
2018-08-05 00:00:00,9.58,291.28113,1000.12006,2.7856,25.233084,0.0,0.0
2018-08-05 01:00:00,9.55,294.2851,1000.3942,3.4856384,18.343845,0.0,0.0
2018-08-05 02:00:00,8.98,296.99207,999.9542,4.312763,15.056293,0.0,0.0
2018-08-05 03:00:00,9.06,298.99463,999.12146,5.2100363,13.623184,0.0,0.0
2018-08-05 04:00:00,8.9,300.08447,998.2057,4.981003,13.978216,0.0,0.0
2018-08-05 05:00:00,8.88,300.64978,997.455,4.2672358,14.20695,0.0,0.0
2018-08-05 06:00:00,8.52,300.98468,996.8239,4.0096755,13.534109,0.0,0.0
2018-08-05 07:00:00,8.31,300.96942,996.7545,3.8011441,13.446061,0.0,0.0
2018-08-05 08:00:00,8.42,300.66064,996.755,4.061757,13.571013,0.0,0.0
2018-08-05 09:00:00,8.56,299.8105,997.21857,3.665774,14.356619,0.0,0.0
2018-08-05 10:00:00,8.34,298.01614,997.68243,3.269759,16.359322,0.0,0.0
2018-08-05 11:00:00,8.38,296.60843,998.1202,3.4018273,18.126957,0.0,0.0
2018-08-05 12:00:00,8.78,295.34564,998.84375,3.595916,19.83071,0.0,0.0
2018-08-05 13:00:00,8.61,294.2243,999.3031,4.007258,21.706188,0.0,0.0
2018-08-05 14:00:00,8.61,293.30573,999.8345,4.6826897,24.257057,0.0,0.0
2018-08-05 15:00:00,8.33,292.52136,1000.012,5.337922,27.13417,0.0,0.0
2018-08-05 16:00:00,7.87,291.6977,1000.04236,5.599862,28.707626,0.0,0.0
2018-08-05 17:00:00,7.68,290.85065,1000.14935,5.650496,28.670715,0.0,0.0
2018-08-05 18:00:00,7.22,290.02625,1000.19507,5.6015854,27.739334,0.0,0.0
2018-08-05 19:00:00,7.04,288.62643,1000.1808,5.679101,30.474958,0.0,0.0
2018-08-05 20:00:00,7.09,287.86508,1000.2653,5.650418,30.486805,0.0,0.0
2018-08-05 21:00:00,7.19,287.17975,1000.97375,5.681774,30.829266,0.0,0.0
2018-08-05 22:00:00,7.44,286.55676,1001.7645,5.4771023,31.591099,0.0,0.0
2018-08-05 23:00:00,7.63,286.9748,1002.56915,4.967153,30.62416,0.0,0.0
2018-08-06 00:00:00,8.14,288.7292,1003.1707,6.7522383,26.748123,0.0,0.0
2018-08-06 01:00:00,8.26,291.00824,1003.3588,6.793791,22.68585,0.0,0.0
2018-08-06 02:00:00,7.97,293.51593,1002.71014,6.559915,19.037882,0.0,0.0
2018-08-06 03:00:00,7.56,295.8796,1001.5494,6.257644,16.400593,0.0,0.0
2018-08-06 04:00:00,7.08,297.69968,999.8533,5.5521445,14.740692,0.0,0.0
2018-08-06 05:00:00,7.32,299.04346,998.6722,4.7713046,13.728589,0.0,0.0
2018-08-06 06:00:00,7.22,299.94064,997.83716,4.3529644,13.259773,0.0,0.0
2018-08-06 07:00:00,6.76,300.6642,997.34625,4.2172327,12.93695,0.0,0.0
2018-08-06 08:00:00,6.28,300.45837,997.5951,5.0680003,12.18828,0.0,0.0
2018-08-06 09:00:00,5.62,299.3659,998.01514,5.3784823,11.732946,0.0,0.0
2018-08-06 10:00:00,4.98,297.34378,998.6105,5.4574156,12.416739,0.0,0.0
2018-08-06 11:00:00,4.43,295.8233,999.3694,5.6299024,13.022572,0.0,0.0
2018-08-06 12:00:00,4.21,294.5382,999.84406,5.507272,13.675724,0.0,0.0
2018-08-06 13:00:00,3.97,293.39404,1000.1793,5.1687536,14.318935,0.0,0.0
2018-08-06 14:00:00,3.87,292.31848,1000.3671,4.929003,14.959947,0.0,0.0
2018-08-06 15:00:00,4.03,291.3178,1000.29736,4.923418,15.404555,0.0,0.0
2018-08-06 16:00:00,4.22,290.46692,1000.5633,5.0561385,15.459341,0.0,0.0
2018-08-06 17:00:00,4.34,289.7165,1000.4469,5.1063333,15.298225,0.0,0.0
2018-08-06 18:00:00,4.07,289.0376,1000.27264,4.981327,15.186295,0.0,0.0
2018-08-06 19:00:00,3.84,287.3811,999.57904,4.26205,20.441984,0.0,0.0
2018-08-06 20:00:00,3.48,286.61523,999.7006,4.2281046,21.081533,0.0,0.0
2018-08-06 21:00:00,3.56,286.03845,1000.1902,4.077317,21.24113,0.0,0.0
2018-08-06 22:00:00,3.65,285.54846,1000.87213,3.8918097,21.310646,0.0,0.0
2018-08-06 23:00:00,3.95,286.32422,1001.7628,3.5510492,19.871183,0.0,0.0
2018-08-07 00:00:00,4.03,289.2375,1002.64685,4.53496,15.172195,0.0,0.0
2018-08-07 01:00:00,4.07,292.2777,1002.731,4.914079,12.362749,0.0,0.0
2018-08-07 02:00:00,3.84,295.3421,1002.3837,4.8385224,10.6681,0.0,0.0
2018-08-07 03:00:00,3.34,297.93787,1001.0503,4.543522,10.797407,0.0,0.0
2018-08-07 04:00:00,2.97,299.62402,999.62256,3.61457,12.443593,0.0,0.0
2018-08-07 05:00:00,3.12,300.71368,998.3553,2.7526383,13.555556,0.0,0.0
2018-08-07 06:00:00,2.93,301.38138,997.3353,2.3954022,13.750799,0.0,0.0
2018-08-07 07:00:00,2.37,301.84473,997.0195,1.8169793,10.05425,0.0,0.0
2018-08-07 08:00:00,2.14,301.78204,997.0503,2.1369479,9.112841,0.0,0.0
2018-08-07 09:00:00,2.35,301.01697,996.90216,2.1331131,8.921461,0.0,0.0
2018-08-07 10:00:00,2.78,299.35114,997.58435,2.6692834,9.591988,0.0,0.0
2018-08-07 11:00:00,3.14,297.21085,997.95166,3.0372925,10.497091,0.0,0.0
2018-08-07 12:00:00,3.34,295.20908,998.8176,3.2152557,11.138011,0.0,0.0
2018-08-07 13:00:00,3.41,293.5471,998.9597,3.3844004,11.373606,0.0,0.0
2018-08-07 14:00:00,3.39,292.23193,999.14545,3.6467185,11.269572,0.0,0.0
2018-08-07 15:00:00,3.66,291.23083,999.23627,4.019564,11.082538,0.0,0.0
2018-08-07 16:00:00,3.77,290.44196,999.295,4.179811,11.07895,0.0,0.0
2018-08-07 17:00:00,3.86,289.6909,999.27167,4.109249,11.416961,0.0,0.0
2018-08-07 18:00:00,3.63,288.93375,999.15594,4.0525994,12.114009,0.0,0.0
2018-08-07 19:00:00,3.58,287.59375,999.0006,3.850785,14.805826,0.0,0.0
2018-08-07 20:00:00,3.63,286.7884,999.46533,3.8420134,15.827215,0.0,0.0
2018-08-07 21:00:00,3.71,286.1943,999.8608,3.956908,16.599445,0.0,0.0
2018-08-07 22:00:00,3.81,285.72668,1000.5344,4.030048,17.248755,0.0,0.0
2018-08-07 23:00:00,3.98,286.65707,1001.20685,3.8065398,16.484396,0.0,0.0
2018-08-08 00:00:00,4.31,290.33624,1001.79236,4.381164,13.269708,0.0,0.0
2018-08-08 01:00:00,4.56,294.13297,1002.05475,4.8385406,11.326914,0.0,0.0
2018-08-08 02:00:00,4.53,297.46915,1001.3675,4.9000487,10.102459,0.0,0.0
2018-08-08 03:00:00,4.55,300.1,1000.47064,4.973028,8.854283,0.0,0.0
2018-08-08 04:00:00,4.4,301.61237,998.8777,4.5844684,7.8485847,0.0,0.0
2018-08-08 05:00:00,4.38,302.56702,997.9911,4.001217,7.3995314,0.0,0.0
2018-08-08 06:00:00,4.18,303.09918,997.15857,3.6354122,7.1760907,0.0,0.0
2018-08-08 07:00:00,3.87,303.3727,996.8664,3.375657,6.9730654,0.0,0.0
2018-08-08 08:00:00,3.75,303.1123,996.5797,3.387648,7.0143027,0.0,0.0
2018-08-08 09:00:00,3.68,302.10464,996.83905,2.9353468,7.5382075,0.0,0.0
2018-08-08 10:00:00,3.66,299.91174,997.0531,3.2361004,8.878052,0.0,0.0
2018-08-08 11:00:00,3.6,297.85388,997.5594,3.5113661,10.321334,0.0,0.0
2018-08-08 12:00:00,3.69,296.1443,997.9434,3.7584481,11.509402,0.0,0.0
2018-08-08 13:00:00,3.57,294.7475,998.20667,4.001641,12.353864,0.0,0.0
2018-08-08 14:00:00,3.39,293.6317,998.4267,4.1924834,12.917471,0.0,0.0
2018-08-08 15:00:00,3.42,292.69614,998.65546,4.2630854,13.373367,0.0,0.0
2018-08-08 16:00:00,3.41,291.80127,998.3532,4.2066665,13.872431,0.0,0.0
2018-08-08 17:00:00,3.2,290.92267,998.2039,4.1117215,14.4218235,0.0,0.0
2018-08-08 18:00:00,2.73,290.04727,997.96313,4.024587,15.005064,0.0,0.0
2018-08-08 19:00:00,2.7,288.5299,997.9387,3.793507,19.037884,0.0,0.0
2018-08-08 20:00:00,2.81,287.6137,998.221,3.656653,20.231323,0.0,0.0
2018-08-08 21:00:00,2.72,286.89648,998.42596,3.6365125,21.16823,0.0,0.0
2018-08-08 22:00:00,2.65,286.42328,999.36194,3.7680552,21.745575,0.0,0.0
2018-08-08 23:00:00,2.85,287.54007,1000.177,3.6292734,20.245243,0.0,0.0
2018-08-09 00:00:00,3.66,291.79163,1001.0528,4.2167487,15.263899,0.0,0.0
2018-08-09 01:00:00,3.67,295.9015,1001.336,5.0838685,11.92418,0.0,0.0
2018-08-09 02:00:00,3.62,299.12915,1000.83264,5.435626,10.069755,0.0,0.0
2018-08-09 03:00:00,3.44,301.42392,1000.0388,5.3529587,8.6204815,0.0,0.0
2018-08-09 04:00:00,3.27,302.56174,998.58966,3.9211698,7.6828213,0.0,0.0
2018-08-09 05:00:00,3.21,303.2497,997.63,2.585459,7.028842,0.0,0.0
2018-08-09 06:00:00,3.24,303.6325,996.945,1.6889048,6.6280355,0.0,0.0
2018-08-09 07:00:00,3.27,303.9478,996.1292,1.064442,6.2863407,0.0,0.0
2018-08-09 08:00:00,3.14,303.7061,996.28204,0.5576467,6.2810054,0.0,0.0
2018-08-09 09:00:00,3.27,303.16928,996.4969,0.24972227,6.500777,0.0,0.0
2018-08-09 10:00:00,3.6,301.85532,996.94727,1.4631693,7.3742685,0.0,0.0
2018-08-09 11:00:00,3.72,299.6618,997.2994,2.4795,9.00454,0.0,0.0
2018-08-09 12:00:00,3.95,297.55176,997.7791,3.0689485,10.504425,0.0,0.0
2018-08-09 13:00:00,4.0,295.72595,997.8423,3.250653,12.025823,0.0,0.0
2018-08-09 14:00:00,4.05,294.16327,998.09265,3.1209254,13.612902,0.0,0.0
2018-08-09 15:00:00,4.2,292.629,997.9695,2.8806672,15.575796,0.0,0.0
2018-08-09 16:00:00,4.25,291.18066,997.9519,2.5821383,18.124262,0.0,0.0
2018-08-09 17:00:00,4.22,290.06088,997.7941,2.0686731,20.920586,0.0,0.0
2018-08-09 18:00:00,3.95,289.5164,997.6743,1.4773995,22.390594,0.0,0.0
2018-08-09 19:00:00,4.29,287.32294,997.776,1.8380357,27.861591,0.0,0.0
2018-08-09 20:00:00,4.51,286.51746,997.7252,1.6210614,29.615896,0.0,0.0
2018-08-09 21:00:00,4.8,286.32294,998.18,1.3675448,29.727417,0.0,0.0
2018-08-09 22:00:00,4.89,285.77222,998.69727,1.4094967,31.310812,0.0,0.0
2018-08-09 23:00:00,5.41,286.03485,999.2907,1.2225064,33.01086,0.0,0.0
2018-08-10 00:00:00,6.71,290.99084,999.7366,1.2589805,21.65809,0.0,0.0
2018-08-10 01:00:00,7.05,295.7139,999.9439,1.4725437,14.868349,0.0,0.0
2018-08-10 02:00:00,7.4,299.31024,999.7004,1.4401432,11.283532,0.0,0.0
2018-08-10 03:00:00,7.77,301.59576,998.6625,1.1787465,9.319847,0.0,0.0
2018-08-10 04:00:00,8.03,302.80884,997.54956,0.99770695,8.609043,0.0,0.0
2018-08-10 05:00:00,8.71,303.80756,996.5588,2.1808105,8.004762,0.0,0.0
2018-08-10 06:00:00,9.01,304.39148,995.84033,2.9890072,7.8208814,0.0,0.0
2018-08-10 07:00:00,9.21,304.71588,994.9847,3.97273,9.033034,0.0,0.0
2018-08-10 08:00:00,8.88,304.34003,995.0731,4.1081953,9.252943,0.0,0.0
2018-08-10 09:00:00,8.44,303.36603,995.30054,3.5378423,9.697886,0.0,0.0
2018-08-10 10:00:00,8.28,301.33197,996.17206,3.1787903,10.822905,0.0,0.0
2018-08-10 11:00:00,9.07,299.6633,996.8275,3.159078,11.765264,0.0,0.0
2018-08-10 12:00:00,10.09,298.07574,997.45276,3.1674573,12.743822,0.0,0.0
2018-08-10 13:00:00,11.33,296.5935,998.0214,3.5449748,13.65205,0.0,0.0
2018-08-10 14:00:00,12.69,295.62195,998.5053,4.849074,15.598737,0.0,0.0
2018-08-10 15:00:00,13.56,294.9901,999.09,6.6087856,25.452318,0.0,0.0
2018-08-10 16:00:00,13.82,294.20892,999.117,7.1844544,34.52419,0.0,0.0
2018-08-10 17:00:00,13.64,293.3086,999.3261,7.2602477,37.43454,0.0,0.0
2018-08-10 18:00:00,13.04,292.31387,999.21014,7.009972,38.414745,0.0,0.0
2018-08-10 19:00:00,12.35,291.1936,999.587,6.7780704,39.248474,0.0,0.0
2018-08-10 20:00:00,11.96,290.3988,1000.0739,6.6153464,39.10112,0.0,0.0
2018-08-10 21:00:00,12.0,289.64084,1000.8655,6.5232406,38.70274,0.0,0.0
2018-08-10 22:00:00,11.5,288.929,1001.8242,6.312933,38.005337,0.0,0.0
2018-08-10 23:00:00,11.19,289.23035,1002.9292,5.97584,35.354607,0.0,0.0
2018-08-11 00:00:00,10.59,290.45715,1003.42346,8.178291,31.798088,0.0,0.0
2018-08-11 01:00:00,10.37,292.18298,1003.7455,8.322109,28.349352,0.0,0.0
2018-08-11 02:00:00,9.98,294.0916,1003.35034,8.269819,24.708601,0.0,0.0
2018-08-11 03:00:00,9.32,295.87692,1002.21265,8.075631,21.663387,0.0,0.0
2018-08-11 04:00:00,8.58,297.3183,1001.09076,7.744698,19.562624,0.0,0.0
2018-08-11 05:00:00,8.13,298.31116,999.85455,7.515275,18.18925,0.0,0.0
2018-08-11 06:00:00,7.49,298.8675,999.27155,7.2865133,17.292967,0.0,0.0
2018-08-11 07:00:00,7.02,299.14117,998.8792,6.300909,16.742598,0.0,0.0
2018-08-11 08:00:00,6.95,298.78485,998.97534,6.5264187,16.667297,0.0,0.0
2018-08-11 09:00:00,6.29,297.7779,999.48346,6.231006,16.979044,0.0,0.0
2018-08-11 10:00:00,5.48,296.0769,1000.0627,5.5996885,17.91146,0.0,0.0
2018-08-11 11:00:00,5.23,294.75418,1000.58325,5.972987,17.968967,0.0,0.0
2018-08-11 12:00:00,4.86,293.6089,1001.41986,6.504931,17.448744,0.0,0.0
2018-08-11 13:00:00,4.32,292.52692,1001.8237,6.8624306,16.549591,0.0,0.0
2018-08-11 14:00:00,,291.56256,1002.40796,7.077413,15.536819,0.0,0.0
2018-08-11 15:00:00,,290.71802,1002.509,7.1381497,14.977317,0.0,0.0
2018-08-11 16:00:00,,289.95648,1002.4526,6.999744,15.167764,0.0,0.0
2018-08-11 17:00:00,,289.2705,1002.3141,6.8053126,15.818537,0.0,0.0
2018-08-11 18:00:00,,288.6182,1002.08124,6.594353,16.624704,0.0,0.0
2018-08-11 19:00:00,,287.3743,1002.0192,6.0863953,19.904036,0.0,0.0
2018-08-11 20:00:00,,286.75372,1002.1951,6.061426,21.134008,0.0,0.0
2018-08-11 21:00:00,,286.24112,1002.3719,6.0786886,22.184929,0.0,0.0
2018-08-11 22:00:00,,285.8463,1003.1389,6.1439085,23.069752,0.0,0.0
2018-08-11 23:00:00,,286.69635,1004.0036,6.0524616,22.289425,0.0,0.0
2018-08-12 00:00:00,4.26,288.9486,1004.72424,8.0830555,20.075537,0.0,0.0
2018-08-12 01:00:00,4.73,291.42746,1004.90466,9.123299,18.709934,0.0,0.0
2018-08-12 02:00:00,5.0,293.94666,1004.185,9.111201,17.349281,0.0,0.0
2018-08-12 03:00:00,5.11,296.2851,1003.45154,9.02786,16.001602,0.0,0.0
2018-08-12 04:00:00,5.05,298.0708,1001.9908,8.890967,14.628885,0.0,0.0
2018-08-12 05:00:00,5.05,299.30927,1001.02734,8.425518,13.096312,0.0,0.0
2018-08-12 06:00:00,5.0,300.0116,1000.14185,8.066513,11.998944,0.0,0.0
2018-08-12 07:00:00,4.67,300.8475,999.3557,7.781011,11.119132,0.0,0.0
2018-08-12 08:00:00,4.56,300.4762,999.42487,7.666706,11.113627,0.0,0.0
2018-08-12 09:00:00,4.48,299.3592,999.71716,6.537739,11.692957,0.0,0.0
2018-08-12 10:00:00,4.34,297.38977,1000.33813,5.6901774,12.935427,0.0,0.0
2018-08-12 11:00:00,4.42,295.9118,1000.9916,5.639304,13.7885685,0.0,0.0
2018-08-12 12:00:00,4.4,294.67264,1001.85876,5.789471,14.40108,0.0,0.0
2018-08-12 13:00:00,4.05,293.57233,1002.6387,5.8576007,14.853078,0.0,0.0
2018-08-12 14:00:00,3.65,292.5514,1002.89795,5.9419317,15.147999,0.0,0.0
2018-08-12 15:00:00,3.27,291.63928,1003.4483,5.9559116,15.154557,0.0,0.0
2018-08-12 16:00:00,2.99,290.76572,1003.4442,5.991322,14.983291,0.0,0.0
2018-08-12 17:00:00,2.96,289.93896,1003.63,5.7220116,15.188164,0.0,0.0
2018-08-12 18:00:00,2.7,289.07837,1003.22296,5.3333435,16.14697,0.0,0.0
2018-08-12 19:00:00,2.93,288.20996,1003.40326,5.144487,19.103956,0.0,0.0
2018-08-12 20:00:00,2.86,287.52496,1003.3722,5.0831313,20.97286,0.0,0.0
2018-08-12 21:00:00,3.31,287.0956,1003.83966,5.328171,22.847128,0.0,0.0
2018-08-12 22:00:00,3.61,286.8276,1004.3831,5.669126,24.412426,0.0,0.0
2018-08-12 23:00:00,3.99,287.83826,1005.17456,5.681962,23.727257,0.0,0.0
2018-08-13 00:00:00,4.34,290.18335,1005.7542,7.3404274,21.104965,0.0030042757,0.0
2018-08-13 01:00:00,4.64,292.42722,1005.96606,8.907558,18.828403,0.0,0.0
2018-08-13 02:00:00,4.74,294.64154,1005.39954,8.666913,15.992634,0.0,0.0
2018-08-13 03:00:00,4.66,296.69757,1004.10724,8.021586,13.521928,0.0,0.0
2018-08-13 04:00:00,4.62,298.41162,1002.52704,7.3049664,11.833354,0.0,0.0
2018-08-13 05:00:00,4.64,299.6928,1001.3586,6.577674,10.770413,0.0,0.0
2018-08-13 06:00:00,4.54,300.4533,1000.41095,5.9828568,9.946181,0.0,0.0
2018-08-13 07:00:00,4.27,301.188,1000.1291,5.3262277,10.312033,0.0,0.0
2018-08-13 08:00:00,4.46,300.95615,1000.10156,5.2265477,9.772646,0.0,0.0
2018-08-13 09:00:00,4.51,299.987,1000.45416,4.3894815,9.781215,0.0,0.0
2018-08-13 10:00:00,4.55,297.70123,1001.09436,4.138786,10.656895,0.0,0.0
2018-08-13 11:00:00,4.35,296.01593,1001.38513,4.6639895,11.052205,0.0,0.0
2018-08-13 12:00:00,4.19,294.6375,1002.02893,5.1166096,11.411092,0.0,0.0
2018-08-13 13:00:00,4.17,293.43463,1002.3758,5.3262286,12.008889,0.0,0.0
2018-08-13 14:00:00,3.93,292.3426,1002.72986,5.34842,12.736691,0.0,0.0
2018-08-13 15:00:00,3.62,291.3263,1002.7449,5.376031,13.573024,0.0,0.0
2018-08-13 16:00:00,3.47,290.41718,1002.89,5.352577,14.591202,0.0,0.0
2018-08-13 17:00:00,3.44,289.55063,1002.8226,5.191569,15.8387985,0.0,0.0
2018-08-13 18:00:00,3.32,288.69672,1002.49554,4.9529605,17.279243,0.0,0.0
2018-08-13 19:00:00,3.29,287.23407,1002.7595,4.9502587,22.42009,0.0,0.0
2018-08-13 20:00:00,2.75,286.38232,1002.8667,4.6799493,24.98665,0.0,0.0
2018-08-13 21:00:00,2.71,285.657,1003.2742,4.4039135,27.25169,0.0,0.0
2018-08-13 22:00:00,2.73,285.02118,1004.07385,4.1923556,29.281763,0.0,0.0
2018-08-13 23:00:00,2.93,286.01178,1004.6736,3.95184,28.26537,0.0,0.0
2018-08-14 00:00:00,2.9,289.36246,1005.19946,4.833689,22.538958,0.0,0.0
2018-08-14 01:00:00,2.9,292.49387,1005.0302,5.9642663,18.089571,0.0,0.0
2018-08-14 02:00:00,2.9,295.09882,1004.0547,7.1447616,13.992468,0.0,0.0
2018-08-14 03:00:00,2.76,297.16644,1002.91705,6.7331376,10.8336525,0.0,0.0
2018-08-14 04:00:00,2.74,298.72314,1001.3689,5.6692877,8.850661,0.0,0.0
2018-08-14 05:00:00,2.58,299.87378,1000.31305,4.737998,7.6611295,0.0,0.0
2018-08-14 06:00:00,2.45,300.57144,999.29205,4.040874,6.9802656,0.0,0.0
2018-08-14 07:00:00,2.26,301.14456,998.64453,3.8255942,6.1194873,0.0,0.0
2018-08-14 08:00:00,2.16,300.98895,998.59235,3.7321408,6.0101047,0.0,0.0
2018-08-14 09:00:00,2.29,300.03998,998.6283,3.0579548,6.497079,0.0,0.0
2018-08-14 10:00:00,2.53,297.9756,998.9321,3.0513606,7.86623,0.0,0.0
2018-08-14 11:00:00,2.39,295.96832,999.25476,3.3696544,9.339802,0.0,0.0
2018-08-14 12:00:00,2.32,294.25873,999.90686,3.5415921,10.690374,0.0,0.0
2018-08-14 13:00:00,2.18,292.75806,1000.08374,3.6615856,12.013973,0.0,0.0
2018-08-14 14:00:00,2.17,291.4778,1000.47107,3.6809843,13.277979,0.0,0.0
2018-08-14 15:00:00,2.32,290.2855,1000.389,3.6664376,14.545014,0.0,0.0
2018-08-14 16:00:00,2.48,289.2255,1000.28296,3.6531742,15.73112,0.0,0.0
2018-08-14 17:00:00,2.48,288.2787,1000.1431,3.6530287,16.823467,0.0,0.0
2018-08-14 18:00:00,2.32,287.4422,999.8586,3.6825883,17.773544,0.0,0.0
2018-08-14 19:00:00,2.3,286.09656,1000.062,3.8255763,20.353724,0.0,0.0
2018-08-14 20:00:00,2.1,285.30054,1000.012,3.9127183,21.44901,0.0,0.0
2018-08-14 21:00:00,1.95,284.8371,1000.28766,4.0023365,22.061087,0.0,0.0
2018-08-14 22:00:00,2.0,284.511,1000.66626,3.965921,22.542229,0.0,0.0
2018-08-14 23:00:00,2.26,285.8977,1001.3123,3.4964745,20.82507,0.0,0.0
2018-08-15 00:00:00,2.67,290.42096,1001.5859,3.6640282,15.440451,0.0,0.0
2018-08-15 01:00:00,2.6,295.00604,1001.91315,4.037694,11.464477,0.0,0.0
2018-08-15 02:00:00,2.47,298.2727,1001.34595,5.0168724,8.746134,0.0,0.0
2018-08-15 03:00:00,2.39,299.80768,1000.406,5.076553,7.2897553,0.0,0.0
2018-08-15 04:00:00,2.7,300.9071,999.02185,4.3314624,6.6667666,0.0,0.0
2018-08-15 05:00:00,2.58,301.80536,997.85736,3.8091943,6.3419333,0.0,0.0
2018-08-15 06:00:00,2.8,302.38068,996.72174,3.4189844,6.262161,0.0,0.0
2018-08-15 07:00:00,2.66,302.7315,996.0425,3.561083,5.9483814,0.0,0.0
2018-08-15 08:00:00,2.66,302.5161,995.7262,3.2662215,6.2491326,0.0,0.0
2018-08-15 09:00:00,2.75,301.69757,996.08936,2.173057,6.8855605,0.0,0.0
2018-08-15 10:00:00,2.71,300.25726,996.4581,1.9553667,7.8729405,0.0,0.0
2018-08-15 11:00:00,3.01,298.18402,996.7612,2.638041,9.33897,0.0,0.0
2018-08-15 12:00:00,3.53,296.0678,997.52844,3.053128,10.740826,0.0,0.0
2018-08-15 13:00:00,3.76,294.29034,997.7619,3.239518,12.147966,0.0,0.0
2018-08-15 14:00:00,3.67,292.88306,997.89545,3.2728915,13.610578,0.0,0.0
2018-08-15 15:00:00,4.19,291.71533,997.9575,3.1913185,15.169522,0.0,0.0
2018-08-15 16:00:00,4.4,290.61835,997.7773,2.9824705,16.952778,0.0,0.0
2018-08-15 17:00:00,4.38,289.46902,997.6025,2.7550695,19.06533,0.0,0.0
2018-08-15 18:00:00,4.46,288.37036,997.2661,2.6059206,21.15846,0.0,0.0
2018-08-15 19:00:00,4.4,287.10983,996.9973,2.6127105,24.577692,0.0,0.0
2018-08-15 20:00:00,4.42,286.27368,996.9984,2.671515,26.063433,0.0,0.0
2018-08-15 21:00:00,4.68,285.58072,997.23517,2.6468751,27.451775,0.0,0.0
2018-08-15 22:00:00,4.83,285.0062,997.7339,2.6981928,28.534428,0.0,0.0
2018-08-15 23:00:00,5.42,286.04593,998.40295,2.184251,27.55748,0.0,0.0
2018-08-16 00:00:00,5.75,291.15546,998.84955,2.1073716,18.394625,0.0012945619,0.0
2018-08-16 01:00:00,5.73,296.01917,999.09186,2.1267889,13.163506,0.0,0.0
2018-08-16 02:00:00,5.64,299.86816,998.5158,2.4023545,9.921133,0.0,0.0
2018-08-16 03:00:00,5.48,301.99725,997.4716,3.0329227,9.014413,0.0,0.0
2018-08-16 04:00:00,5.42,302.8014,996.1905,2.882761,8.753437,0.0,0.0
2018-08-16 05:00:00,5.18,303.35562,994.9969,2.5536532,8.451827,0.0,0.0
2018-08-16 06:00:00,5.11,303.69305,994.2944,2.267312,8.269378,0.0,0.0
2018-08-16 07:00:00,5.03,303.66467,993.65375,1.7607819,8.122011,0.0,0.0
2018-08-16 08:00:00,5.1,303.42444,993.5444,1.5300089,8.323677,0.0,0.0
2018-08-16 09:00:00,4.98,302.8806,993.70734,0.9687296,8.74545,0.0,0.0
2018-08-16 10:00:00,5.14,301.79987,994.3119,1.1095699,9.551616,0.0,0.0
2018-08-16 11:00:00,5.5,299.99976,994.4916,2.2475188,10.943797,0.0,0.0
2018-08-16 12:00:00,5.77,298.036,995.2341,3.0980222,12.034027,0.0,0.0
2018-08-16 13:00:00,5.94,296.24252,995.42377,3.3522227,13.169317,0.0,0.0
2018-08-16 14:00:00,6.22,294.83627,995.78436,3.3361857,14.148462,0.0,0.0
2018-08-16 15:00:00,6.36,293.4593,995.68384,3.1890993,15.395646,0.0,0.0
2018-08-16 16:00:00,6.61,292.23297,995.5731,2.994969,16.86268,0.0,0.0
2018-08-16 17:00:00,6.61,291.13806,995.28955,2.7451947,18.617817,0.0,0.0
2018-08-16 18:00:00,6.64,290.2354,994.9596,2.8140564,20.321844,0.0,0.0
2018-08-16 19:00:00,6.79,288.7191,994.85175,3.0650249,26.137575,0.0,0.0
2018-08-16 20:00:00,6.97,287.87622,994.9316,2.3496902,29.606056,0.0,0.0
2018-08-16 21:00:00,7.03,287.0943,995.4585,1.2717036,34.38913,0.0,0.0
2018-08-16 22:00:00,7.18,286.3212,996.1284,1.2128544,37.204643,0.0,0.0
2018-08-16 23:00:00,7.6,287.58093,997.0225,0.63081527,34.101414,0.0,0.0
2018-08-17 00:00:00,8.44,291.4702,997.4698,0.7240387,24.88681,0.0,0.0
2018-08-17 01:00:00,8.63,295.5336,997.75037,0.9350263,19.634644,0.0,0.0
2018-08-17 02:00:00,8.92,299.1793,997.4409,1.2623326,16.064672,0.0,0.0
2018-08-17 03:00:00,8.89,301.9419,996.49646,1.6796558,14.056875,0.0,0.0
2018-08-17 04:00:00,9.04,303.46396,995.44904,2.3239732,12.796675,0.0,0.0
2018-08-17 05:00:00,9.05,304.12332,994.66266,2.4916346,12.215462,0.0,0.0
2018-08-17 06:00:00,9.09,304.38858,994.0614,2.0617688,11.95514,0.0,0.0
2018-08-17 07:00:00,8.96,304.62665,993.5533,1.7279193,11.985842,0.0,0.0
2018-08-17 08:00:00,8.86,304.35425,993.6033,1.2242028,12.096761,0.0,0.0
2018-08-17 09:00:00,8.79,303.83533,993.92737,0.42023695,12.454946,0.0,0.0
2018-08-17 10:00:00,8.72,302.86798,994.6421,1.1210387,13.381115,0.0,0.0
2018-08-17 11:00:00,9.07,301.26825,995.22675,2.1567457,14.99411,0.0,0.0
2018-08-17 12:00:00,9.1,299.46338,996.1319,2.782419,16.666824,0.0,0.0
2018-08-17 13:00:00,9.08,297.8861,996.30505,3.0209239,18.119507,0.0,0.0
2018-08-17 14:00:00,9.16,296.50323,996.6406,3.126355,19.381811,0.0,0.0
2018-08-17 15:00:00,9.29,295.336,996.7439,3.2912855,20.40172,0.0,0.0
2018-08-17 16:00:00,9.44,294.2964,996.74945,3.3979173,21.378954,0.0,0.0
2018-08-17 17:00:00,9.51,293.1465,996.7461,2.9619405,22.896452,0.0,0.0
2018-08-17 18:00:00,9.24,291.7162,996.6192,2.1331973,26.34083,0.0,0.0
2018-08-17 19:00:00,9.11,292.39557,997.0189,0.32280445,23.982355,0.0,0.0
2018-08-17 20:00:00,9.03,290.0911,997.142,1.3261743,30.472364,0.0,0.0
2018-08-17 21:00:00,8.75,288.5099,997.5117,1.685459,35.684376,0.0,0.0
2018-08-17 22:00:00,8.27,289.11517,998.0119,0.9670836,32.899532,0.0,0.0
2018-08-17 23:00:00,8.01,289.6596,998.9369,0.30448043,31.406616,0.0,0.0
2018-08-18 00:00:00,8.1,293.0149,999.46094,1.0946084,24.589006,0.0,0.0
2018-08-18 01:00:00,8.13,296.96277,999.65375,1.862746,18.681993,0.0,0.0
2018-08-18 02:00:00,8.32,300.7583,999.3278,2.850185,14.302787,0.0,0.0
2018-08-18 03:00:00,8.57,303.7831,998.31445,4.009483,11.469299,0.0,0.0
2018-08-18 04:00:00,8.44,305.3183,997.10956,4.669742,9.904705,0.0,0.0
2018-08-18 05:00:00,8.09,305.94516,996.1792,4.47963,9.406723,0.0,0.0
2018-08-18 06:00:00,7.74,306.33215,995.7466,4.34316,9.097633,0.0,0.0
2018-08-18 07:00:00,7.54,306.49606,994.97705,4.291741,8.655508,0.0,0.0
2018-08-18 08:00:00,7.78,306.22745,995.2703,4.297662,8.577168,0.0,0.0
2018-08-18 09:00:00,7.77,305.29645,995.725,3.64546,8.8807,0.0,0.0
2018-08-18 10:00:00,7.84,303.083,996.2341,3.3657563,10.023117,0.0,0.0
2018-08-18 11:00:00,7.65,301.22644,996.98883,3.5571225,11.043066,0.0,0.0
2018-08-18 12:00:00,7.35,299.57867,997.40967,3.655302,11.965568,0.0,0.0
2018-08-18 13:00:00,7.01,298.08826,997.8778,3.5472705,12.884305,0.0,0.0
2018-08-18 14:00:00,6.39,296.67572,998.0792,3.5241027,13.875857,0.0,0.0
2018-08-18 15:00:00,5.8,295.4267,998.2942,3.6845813,14.806968,0.0,0.0
2018-08-18 16:00:00,5.55,294.4076,998.2489,3.9653256,15.513635,0.0,0.0
2018-08-18 17:00:00,4.92,293.63138,998.2336,4.150002,15.918268,0.0,0.0
2018-08-18 18:00:00,4.06,292.9577,998.0117,4.381288,16.077957,0.0,0.0
2018-08-18 19:00:00,3.61,291.3477,998.0291,3.5428843,19.470991,0.0,0.0
2018-08-18 20:00:00,3.04,290.30676,998.3956,3.492035,21.21187,0.0,0.0
2018-08-18 21:00:00,2.86,289.38455,998.8245,3.547805,22.781029,0.0,0.0
2018-08-18 22:00:00,2.8,288.66708,999.6864,3.6531217,23.875217,0.0,0.0
2018-08-18 23:00:00,2.62,289.77423,1000.48663,3.259831,22.212973,0.0,0.0
2018-08-19 00:00:00,2.99,293.86768,1001.28064,3.8763309,16.40688,0.0,0.0
2018-08-19 01:00:00,3.18,298.0863,1001.4783,4.971731,11.585244,0.0,0.0
2018-08-19 02:00:00,3.57,301.74,1001.16705,5.9254293,8.09251,0.0,0.0
2018-08-19 03:00:00,3.68,304.38684,1000.1895,7.412075,6.2280474,0.0,0.0
2018-08-19 04:00:00,3.98,305.66037,999.1714,8.983195,5.6291637,0.0,0.0
2018-08-19 05:00:00,4.14,306.02704,998.5836,8.519826,5.7320704,0.0,0.0
2018-08-19 06:00:00,4.35,306.10208,997.943,7.7938232,5.9572086,0.0,0.0
2018-08-19 07:00:00,4.38,306.2019,997.39484,7.036148,5.856773,0.0,0.0
2018-08-19 08:00:00,4.46,305.76636,997.67,6.5113516,6.2151356,0.0,0.0
2018-08-19 09:00:00,4.69,304.6308,998.0889,5.048244,6.8928456,0.0,0.0
2018-08-19 10:00:00,5.03,302.1858,998.7322,4.1608763,8.192015,0.0,0.0
2018-08-19 11:00:00,5.32,300.4262,999.2619,4.2867537,9.312175,0.0,0.0
2018-08-19 12:00:00,5.42,299.01257,999.7596,4.590453,10.293018,0.0,0.0
2018-08-19 13:00:00,5.51,297.82852,1000.0422,4.8502812,11.208868,0.0,0.0
2018-08-19 14:00:00,5.5,296.82532,1000.2239,5.005665,12.144268,0.0,0.0
2018-08-19 15:00:00,5.59,295.97485,1000.2528,5.0908966,13.142499,0.0,0.0
2018-08-19 16:00:00,5.94,295.26123,1000.28143,5.321805,14.1827,0.0,0.0
2018-08-19 17:00:00,5.98,294.67984,999.8884,5.631388,15.28369,0.0,0.0
2018-08-19 18:00:00,6.31,294.17175,999.67346,5.7704716,16.475344,0.0,0.0
2018-08-19 19:00:00,6.57,292.75183,999.6355,5.4938846,18.48189,0.0,0.0
2018-08-19 20:00:00,6.43,292.39185,999.85126,5.792108,19.786076,0.0,0.0
2018-08-19 21:00:00,6.5,292.18793,1000.2619,6.090865,20.593462,0.0,0.0
2018-08-19 22:00:00,6.61,291.979,1000.97766,6.239445,20.95523,0.0,0.0
2018-08-19 23:00:00,6.58,293.1313,1001.67487,6.265045,19.33205,0.0,0.0
2018-08-20 00:00:00,6.89,295.67712,1002.1855,7.6927667,16.239977,0.0,0.0
2018-08-20 01:00:00,7.03,298.23267,1002.4824,8.713743,14.029291,0.0,0.0
2018-08-20 02:00:00,6.92,300.64722,1002.07983,8.741061,12.09079,0.0,0.0
2018-08-20 03:00:00,7.01,302.50208,1001.28424,8.744015,9.739002,0.0,0.0
2018-08-20 04:00:00,6.9,303.56458,999.9568,8.120504,8.366661,0.0,0.0
2018-08-20 05:00:00,6.61,304.1515,998.92236,7.1291094,8.065805,0.0,0.0
2018-08-20 06:00:00,6.47,304.3761,998.09796,6.2302084,8.165762,0.0,0.0
2018-08-20 07:00:00,6.48,304.14648,997.53784,5.1000834,9.19507,0.0,0.0
2018-08-20 08:00:00,6.35,303.72662,997.3972,4.6997523,9.384963,0.0,0.0
2018-08-20 09:00:00,6.29,302.81302,997.67267,3.9886498,9.861466,0.0,0.0
2018-08-20 10:00:00,5.99,300.70038,998.1295,3.5647311,11.171843,0.0,0.0
2018-08-20 11:00:00,6.01,299.05408,998.4947,3.8484232,12.175255,0.0,0.0
2018-08-20 12:00:00,6.03,297.6405,999.08154,4.2585034,12.877978,0.0,0.0
2018-08-20 13:00:00,6.06,296.4336,999.58344,4.673036,13.260407,0.0,0.0
2018-08-20 14:00:00,6.06,295.38083,1000.0656,4.968368,13.495053,0.0,0.0
2018-08-20 15:00:00,6.24,294.40485,1000.0516,5.110242,13.692438,0.0,0.0
2018-08-20 16:00:00,6.25,293.50037,999.97766,5.141211,13.684604,0.0,0.0
2018-08-20 17:00:00,5.72,292.64886,999.9791,5.1527996,13.302323,0.0,0.0
2018-08-20 18:00:00,5.58,291.81775,999.66327,5.1250315,12.67309,0.0,0.0
2018-08-20 19:00:00,5.35,290.35904,999.28845,4.5643983,16.499979,0.0,0.0
2018-08-20 20:00:00,5.07,289.6018,999.5372,4.504988,15.987213,0.0,0.0
2018-08-20 21:00:00,5.18,288.95068,999.66064,4.335749,15.639563,0.0,0.0
2018-08-20 22:00:00,5.25,288.4016,1000.4567,4.1267867,15.724524,0.0,0.0
2018-08-20 23:00:00,5.16,289.5877,1000.8816,3.7099857,14.4978895,0.0,0.0
2018-08-21 00:00:00,5.47,292.9181,1001.33203,4.540892,11.624014,0.0,0.0
2018-08-21 01:00:00,5.47,296.13055,1001.3848,4.9280753,9.699678,0.0,0.0
2018-08-21 02:00:00,5.65,298.93573,1000.5051,5.028049,8.174979,0.0,0.0
2018-08-21 03:00:00,5.48,300.61377,999.3603,4.277899,7.3183036,0.0,0.0
2018-08-21 04:00:00,5.35,301.55658,997.688,3.4182916,6.9852376,0.0,0.0
2018-08-21 05:00:00,5.1,302.2229,996.3342,2.8892777,6.5775,0.0,0.0
2018-08-21 06:00:00,5.07,302.66226,995.7587,2.683008,6.176566,0.0,0.0
2018-08-21 07:00:00,4.71,303.0771,995.16974,2.989219,6.3299837,0.0,0.0
2018-08-21 08:00:00,4.47,302.80432,995.35,2.8344703,6.1160727,0.0,0.0
2018-08-21 09:00:00,4.49,302.0738,995.6479,2.5183198,6.1769676,0.0,0.0
2018-08-21 10:00:00,4.36,300.4136,996.2897,2.7010436,6.9158936,0.0,0.0
2018-08-21 11:00:00,4.34,298.52216,996.97845,2.952105,7.844083,0.0,0.0
2018-08-21 12:00:00,4.44,296.76508,997.6208,2.949894,8.754194,0.0,0.0
2018-08-21 13:00:00,4.42,295.1113,997.9519,2.950243,9.6119795,0.0,0.0
2018-08-21 14:00:00,4.47,293.55457,998.2258,2.998955,10.351128,0.0,0.0
2018-08-21 15:00:00,4.47,292.16376,998.1956,3.029864,10.969946,0.0,0.0
2018-08-21 16:00:00,4.6,290.9245,997.9855,3.0794892,11.573392,0.0,0.0
2018-08-21 17:00:00,4.33,289.9082,998.0092,3.0853772,12.294311,0.0,0.0
2018-08-21 18:00:00,4.52,288.98395,997.7308,3.0263743,13.282692,0.0,0.0
2018-08-21 19:00:00,4.49,287.39185,997.40216,2.0647209,20.01838,0.0,0.0
2018-08-21 20:00:00,4.59,286.39496,997.44867,2.1745586,21.119673,0.0,0.0
2018-08-21 21:00:00,4.64,285.72113,997.54407,2.434324,21.5581,0.0,0.0
2018-08-21 22:00:00,4.71,285.26233,997.9486,2.6627772,21.84001,0.0,0.0
2018-08-21 23:00:00,5.11,287.04425,998.6325,2.2971678,19.878515,0.0,0.0
2018-08-22 00:00:00,5.52,292.90656,998.96765,2.5608428,12.441021,0.0,0.0
2018-08-22 01:00:00,5.42,297.95407,998.93896,2.907344,8.752707,0.0,0.0
2018-08-22 02:00:00,5.56,301.03186,998.6152,2.60031,6.6679296,0.0,0.0
2018-08-22 03:00:00,5.38,302.14667,997.512,1.0893042,7.0925684,0.0,0.0
2018-08-22 04:00:00,5.42,303.04874,996.29987,1.5175661,7.153336,0.0,0.0
2018-08-22 05:00:00,5.42,303.78745,995.19885,2.1277504,6.939373,0.0,0.0
2018-08-22 06:00:00,5.46,304.22357,994.59235,2.5168986,6.7824416,0.0,0.0
2018-08-22 07:00:00,5.31,304.33417,994.26447,2.8558438,7.1239204,0.0,0.0
2018-08-22 08:00:00,5.23,304.09442,994.5005,3.0749836,7.2530017,0.0,0.0
2018-08-22 09:00:00,5.45,303.36823,994.9443,2.9944797,7.6650596,0.0,0.0
2018-08-22 10:00:00,5.6,301.62692,995.50903,2.7613454,8.72794,0.0,0.0
2018-08-22 11:00:00,5.66,300.0332,996.09015,2.7749217,9.850345,0.0,0.0
2018-08-22 12:00:00,5.77,298.49225,996.6639,2.620473,11.169256,0.0,0.0
2018-08-22 13:00:00,5.81,296.80475,996.7598,2.4186044,13.108136,0.0,0.0
2018-08-22 14:00:00,6.05,295.1574,996.8756,2.2005746,15.784044,0.0,0.0
2018-08-22 15:00:00,6.34,293.91498,996.9239,1.9834399,17.904705,0.0,0.0
2018-08-22 16:00:00,6.64,292.95828,996.7367,1.8608805,18.875418,0.0,0.0
2018-08-22 17:00:00,6.54,291.9187,996.40216,1.8128827,20.2015,0.0,0.0
2018-08-22 18:00:00,6.67,291.14838,995.91437,1.6554972,21.351818,0.0,0.0
2018-08-22 19:00:00,7.11,289.16724,995.9175,2.1081662,25.554253,0.0,0.0
2018-08-22 20:00:00,8.56,288.32553,996.3218,2.443309,26.548693,0.0,0.0
2018-08-22 21:00:00,9.59,287.9225,997.0016,3.0109434,27.396627,0.0,0.0
2018-08-22 22:00:00,10.27,287.81024,997.79297,3.4834232,29.817984,0.0,0.0
2018-08-22 23:00:00,10.83,289.8036,998.6361,3.6809196,30.245363,0.0,0.0
2018-08-23 00:00:00,11.69,293.5537,999.5064,5.4898224,28.201557,0.0012904404,0.0
2018-08-23 01:00:00,11.95,296.23953,999.81226,7.223097,24.960964,0.0,0.0
2018-08-23 02:00:00,12.28,298.65417,999.6651,7.1724305,21.197775,0.0,0.0
2018-08-23 03:00:00,12.34,300.66602,998.8097,6.758297,18.421621,0.0,0.0
2018-08-23 04:00:00,12.12,302.03857,997.5625,6.0153623,16.53949,0.0,0.0
2018-08-23 05:00:00,12.01,302.8826,996.6122,5.3132396,15.0734,0.0,0.0
2018-08-23 06:00:00,11.83,303.27393,995.8067,4.9097953,14.025311,0.0,0.0
2018-08-23 07:00:00,11.56,303.1671,995.65234,4.1233454,14.649221,0.0,0.0
2018-08-23 08:00:00,11.51,302.8792,995.7128,4.37215,14.698571,0.0,0.0
2018-08-23 09:00:00,11.43,302.07678,996.1752,4.38339,15.265921,0.0,0.0
2018-08-23 10:00:00,11.44,300.17712,996.73663,4.294744,16.83335,0.0,0.0
2018-08-23 11:00:00,11.2,298.69397,997.3156,4.9987965,17.681744,0.0,0.0
2018-08-23 12:00:00,10.93,297.48358,997.97943,5.435163,17.943747,0.0,0.0
2018-08-23 13:00:00,10.83,296.41382,998.3894,5.7546887,17.782557,0.0,0.0
2018-08-23 14:00:00,10.54,295.34814,998.46893,6.218986,16.85398,0.0,0.0
2018-08-23 15:00:00,10.26,294.2905,998.53467,6.427797,15.433221,0.0,0.0
2018-08-23 16:00:00,9.76,293.25983,998.4453,6.112015,14.713107,0.0,0.0
2018-08-23 17:00:00,8.94,292.26645,998.4255,5.697866,14.817911,0.0,0.0
2018-08-23 18:00:00,8.5,291.33124,998.3027,5.2597866,15.322323,0.0,0.0
2018-08-23 19:00:00,8.3,290.04242,998.1802,5.7017417,16.970945,0.0,0.0
2018-08-23 20:00:00,7.96,289.2888,998.3089,5.371184,17.893097,0.0,0.0
2018-08-23 21:00:00,7.95,288.61127,998.71216,4.889952,19.089518,0.0,0.0
2018-08-23 22:00:00,8.12,288.0061,999.6515,4.352653,20.358145,0.0,0.0
2018-08-23 23:00:00,8.43,289.0589,1000.47424,3.9212477,19.43241,0.0,0.0
2018-08-24 00:00:00,8.76,291.4187,1001.07025,5.4490232,16.761137,0.0,0.0
2018-08-24 01:00:00,8.8,294.01663,1001.02686,5.915038,14.346406,0.0,0.0
2018-08-24 02:00:00,8.78,296.6341,1000.50146,6.0272646,12.350973,0.0,0.0
2018-08-24 03:00:00,8.63,298.7495,999.4314,5.6064906,11.290701,0.0,0.0
2018-08-24 04:00:00,8.49,300.20416,997.9958,4.7627907,10.802933,0.0,0.0
2018-08-24 05:00:00,8.09,301.24707,996.9519,4.1599655,10.2254715,0.0,0.0
2018-08-24 06:00:00,7.96,301.88055,996.0215,3.932901,9.644851,0.0,0.0
2018-08-24 07:00:00,7.7,302.26657,995.5115,3.0177653,10.271877,0.0,0.0
2018-08-24 08:00:00,7.29,302.1398,995.3616,3.1411397,10.028177,0.0,0.0
2018-08-24 09:00:00,6.72,301.48352,995.6845,3.0930724,9.895779,0.0,0.0
2018-08-24 10:00:00,6.48,299.58154,996.1178,3.241422,10.42883,0.0,0.0
2018-08-24 11:00:00,6.56,297.9372,996.6345,3.7030344,10.5152855,0.0,0.0
2018-08-24 12:00:00,6.82,296.52066,997.1624,4.09766,10.476367,0.0,0.0
2018-08-24 13:00:00,7.47,295.32437,997.4016,4.4844003,10.568906,0.0,0.0
2018-08-24 14:00:00,7.63,294.3147,997.6055,4.789283,11.016824,0.0,0.0
2018-08-24 15:00:00,8.09,293.42383,997.4305,4.929524,11.65882,0.0,0.0
2018-08-24 16:00:00,8.52,292.59528,997.09393,4.833705,12.549956,0.0,0.0
2018-08-24 17:00:00,9.02,291.81937,996.60864,4.561224,13.678243,0.0,0.0
2018-08-24 18:00:00,9.58,291.0832,996.5397,4.2966337,14.936003,0.0,0.0
2018-08-24 19:00:00,9.81,289.55557,995.97107,3.4376538,15.953043,0.0,0.0
2018-08-24 20:00:00,10.26,288.68927,995.9328,3.271289,17.303787,0.0,0.0
2018-08-24 21:00:00,10.78,288.05365,996.4916,3.2455707,18.385298,0.0,0.0
2018-08-24 22:00:00,11.17,287.54147,997.065,3.3476713,19.201864,0.0,0.0
2018-08-24 23:00:00,11.55,289.03366,997.7992,3.1936924,17.529821,0.0,0.0
2018-08-25 00:00:00,11.46,292.62128,998.3407,4.1664,13.638909,0.0,0.0
2018-08-25 01:00:00,11.51,296.00467,998.4866,4.7699747,11.144024,0.0,0.0
2018-08-25 02:00:00,11.18,299.17627,997.8127,4.9499774,9.519202,0.0,0.0
2018-08-25 03:00:00,11.03,301.6226,996.83673,4.6779137,9.227883,0.0,0.0
2018-08-25 04:00:00,10.83,302.95465,995.34,3.5707817,9.844526,0.0,0.0
2018-08-25 05:00:00,10.63,303.72284,994.27655,2.4975586,10.286069,0.0,0.0
2018-08-25 06:00:00,10.25,304.10925,993.6217,1.5588199,10.555244,0.0,0.0
2018-08-25 07:00:00,9.92,304.15778,993.4448,0.82414377,11.227072,0.0,0.0
2018-08-25 08:00:00,9.81,304.02704,993.70264,0.84965545,11.28553,0.0,0.0
2018-08-25 09:00:00,9.74,303.6105,994.03625,1.5034068,11.543187,0.0,0.0
2018-08-25 10:00:00,9.78,302.16306,994.67444,2.8106992,12.709671,0.0,0.0
2018-08-25 11:00:00,10.15,300.37323,995.3088,3.5461383,13.986203,0.0,0.0
2018-08-25 12:00:00,10.16,299.03998,996.14655,4.150588,14.8634405,0.0,0.0
2018-08-25 13:00:00,9.9,297.86536,996.3574,4.530734,15.696892,0.0,0.0
2018-08-25 14:00:00,10.18,296.7716,996.5327,4.7494864,16.477165,0.0,0.0
2018-08-25 15:00:00,10.37,295.74493,996.52783,4.8246365,17.151495,0.0,0.0
2018-08-25 16:00:00,10.19,294.79556,996.53046,4.69949,17.719673,0.0,0.0
2018-08-25 17:00:00,9.8,293.8595,996.2434,4.4181213,18.33794,0.0,0.0
2018-08-25 18:00:00,9.34,292.9801,996.0511,4.167746,19.0237,0.0,0.0
2018-08-25 19:00:00,8.63,291.28583,996.13873,3.7862983,22.674643,0.0,0.0
2018-08-25 20:00:00,8.3,290.5691,996.1195,3.7994914,23.515549,0.0,0.0
2018-08-25 21:00:00,8.11,289.9875,996.54486,3.7141516,24.19931,0.0,0.0
2018-08-25 22:00:00,8.22,289.4136,997.44904,3.601473,25.008366,0.0,0.0
2018-08-25 23:00:00,8.01,290.78467,998.3148,3.2730813,23.003204,0.0,0.0
2018-08-26 00:00:00,7.9,294.4548,998.9888,4.0959516,18.116661,0.0,0.0
2018-08-26 01:00:00,8.06,298.20636,999.0103,4.6340218,14.619332,0.0,0.0
2018-08-26 02:00:00,8.04,301.63718,998.5086,4.9981694,12.00487,0.0,0.0
2018-08-26 03:00:00,7.77,304.0557,997.364,5.170721,10.438994,0.0,0.0
2018-08-26 04:00:00,7.57,305.30423,996.08905,4.3524313,9.879583,0.0,0.0
2018-08-26 05:00:00,7.32,306.07385,995.03204,3.6313362,9.649043,0.0,0.0
2018-08-26 06:00:00,7.43,306.47614,994.1951,3.0584278,9.5164995,0.0,0.0
2018-08-26 07:00:00,7.55,306.46198,993.9478,2.306698,8.759165,0.0,0.0
2018-08-26 08:00:00,7.37,306.23868,993.97186,1.9893087,8.758311,0.0,0.0
2018-08-26 09:00:00,7.43,305.66565,994.3095,1.7456647,9.06469,0.0,0.0
2018-08-26 10:00:00,7.36,304.26324,994.6507,2.4337053,10.076828,0.0,0.0
2018-08-26 11:00:00,7.61,302.15854,995.3792,3.1115005,11.6174345,0.0,0.0
2018-08-26 12:00:00,7.62,300.05814,995.98096,3.4109957,13.199657,0.0,0.0
2018-08-26 13:00:00,7.91,298.48425,996.4423,3.570151,14.414905,0.0,0.0
2018-08-26 14:00:00,8.34,297.116,996.59924,3.5966733,15.574201,0.0,0.0
2018-08-26 15:00:00,8.66,295.89807,996.68787,3.4841542,16.74568,0.0,0.0
2018-08-26 16:00:00,8.87,294.82147,996.40155,3.2984056,17.891485,0.0,0.0
2018-08-26 17:00:00,8.52,293.80386,996.0659,2.9675035,19.20427,0.0,0.0
2018-08-26 18:00:00,8.74,292.6387,995.7757,2.5605686,21.262915,0.0,0.0
2018-08-26 19:00:00,8.41,290.75513,995.96094,2.03901,25.708977,0.0,0.0
2018-08-26 20:00:00,8.91,289.6192,996.29065,2.0798106,27.867027,0.0,0.0
2018-08-26 21:00:00,9.97,288.75436,996.8925,2.1953893,29.397778,0.0,0.0
2018-08-26 22:00:00,11.18,288.03705,997.8836,2.1411786,31.390453,0.0,0.0
2018-08-26 23:00:00,12.19,289.68198,998.6228,1.9303377,29.101732,0.0,0.0
2018-08-27 00:00:00,12.82,294.49603,999.21606,2.407847,21.439436,0.0,0.0
2018-08-27 01:00:00,12.98,298.71655,999.34296,2.9433386,19.082159,0.0,0.0
2018-08-27 02:00:00,13.31,301.6792,999.03687,3.115372,18.460772,0.0,0.0
2018-08-27 03:00:00,12.72,303.8205,997.93634,3.3329308,16.293371,0.0,0.0
2018-08-27 04:00:00,12.71,305.25238,996.78204,3.5408623,13.489401,0.0,0.0
2018-08-27 05:00:00,12.68,306.09256,995.6894,3.267234,11.921363,0.0,0.0
2018-08-27 06:00:00,12.86,306.49182,995.0011,2.638371,11.303506,0.0,0.0
2018-08-27 07:00:00,13.27,306.86407,994.6892,2.1006958,11.771344,0.0,0.0
2018-08-27 08:00:00,13.49,306.6451,994.72626,1.5528593,11.702819,0.0,0.0
2018-08-27 09:00:00,13.61,306.13443,994.91296,0.7805683,11.950418,0.0,0.0
2018-08-27 10:00:00,13.64,304.98743,995.17096,0.69748616,13.004227,0.0,0.0
2018-08-27 11:00:00,14.04,303.3059,995.7964,1.9353242,14.862333,0.0,0.0
2018-08-27 12:00:00,14.14,301.49667,996.3382,2.8195999,16.576654,0.0,0.0
2018-08-27 13:00:00,13.87,299.81613,996.5427,2.9755256,18.519756,0.0,0.0
2018-08-27 14:00:00,13.59,298.36456,996.85706,3.1880143,20.208187,0.0,0.0
2018-08-27 15:00:00,13.52,296.8503,996.8033,2.819991,22.152025,0.0,0.0
2018-08-27 16:00:00,13.74,295.4634,996.7537,1.4713179,25.9335,0.0,0.0
2018-08-27 17:00:00,13.45,294.358,996.7578,2.799091,27.786613,0.0,0.0
2018-08-27 18:00:00,13.11,293.6943,996.23376,3.4830372,34.76043,0.0,0.0
2018-08-27 19:00:00,13.28,292.7865,996.48456,3.4436016,43.787636,0.0,0.0
2018-08-27 20:00:00,14.06,292.1631,996.45514,3.271786,50.14295,0.0,0.0
2018-08-27 21:00:00,15.06,291.47168,997.0217,2.8090327,56.080647,0.0,0.0
2018-08-27 22:00:00,16.02,290.82935,997.64667,2.9077623,61.613377,0.0,0.0
2018-08-27 23:00:00,17.2,292.4853,998.45,2.8577154,58.20054,0.0,0.0
2018-08-28 00:00:00,18.36,296.44232,998.7527,3.3203351,45.334225,0.0,0.0
2018-08-28 01:00:00,18.02,300.01328,998.74054,3.7502217,33.593773,0.0,0.0
2018-08-28 02:00:00,17.98,302.89587,998.1231,4.178362,24.855532,0.0,0.0
2018-08-28 03:00:00,18.17,304.74542,997.09265,4.5224533,20.536703,0.0,0.0
2018-08-28 04:00:00,18.19,305.80127,995.78345,4.064658,18.78755,0.0,0.0
2018-08-28 05:00:00,18.33,306.51056,994.65533,3.7417564,18.177927,0.0,0.0
2018-08-28 06:00:00,18.54,306.94644,994.0655,3.6458008,17.96722,0.0,0.0
2018-08-28 07:00:00,18.51,307.14252,993.43,3.674113,18.140455,0.0,0.0
2018-08-28 08:00:00,18.94,306.83286,993.28015,3.5182292,18.811872,0.0,0.0
2018-08-28 09:00:00,19.13,306.10516,993.1689,3.2212539,20.074581,0.0,0.0
2018-08-28 10:00:00,19.47,304.4715,993.3733,2.5700858,22.530819,0.0,0.0
2018-08-28 11:00:00,19.76,303.1087,993.96185,2.6795237,24.86414,0.0,0.0
2018-08-28 12:00:00,20.07,301.79535,994.3748,3.035257,27.407091,0.0,0.0
2018-08-28 13:00:00,20.71,300.57382,994.75916,3.8190794,30.364576,0.0,0.0
2018-08-28 14:00:00,21.58,299.40894,995.19196,4.496414,33.919743,0.0,0.0
2018-08-28 15:00:00,22.43,298.32318,995.3489,4.5631795,37.168274,0.0,0.0
2018-08-28 16:00:00,23.3,297.45532,995.4455,4.58328,39.67533,0.0,0.0
2018-08-28 17:00:00,23.93,296.73438,995.33936,4.643629,42.141254,0.0,0.0
2018-08-28 18:00:00,24.41,296.0266,995.27783,4.4483247,45.48097,0.0,0.0
2018-08-28 19:00:00,24.9,294.61536,995.1273,3.7152662,51.55876,0.0,0.0
2018-08-28 20:00:00,25.43,293.78476,995.52295,3.2829347,55.17606,0.0,0.0
2018-08-28 21:00:00,25.94,293.12482,996.187,3.0837243,58.010494,0.0,0.0
2018-08-28 22:00:00,26.13,292.6496,996.72736,2.76836,60.045933,0.0,0.0
2018-08-28 23:00:00,26.59,294.08514,997.3561,2.4938462,55.236782,0.0,0.0
2018-08-29 00:00:00,26.7,296.61783,997.774,3.178406,47.77676,0.0,0.0
2018-08-29 01:00:00,26.41,299.00702,997.93256,3.6872663,40.136066,0.0,0.0
2018-08-29 02:00:00,26.11,301.1073,997.3206,4.630757,35.68881,0.0,0.0
2018-08-29 03:00:00,25.78,302.83813,996.2615,5.5096755,33.375404,0.0,0.0
2018-08-29 04:00:00,24.95,304.16907,994.86053,5.954713,31.699621,0.0,0.0
2018-08-29 05:00:00,24.29,305.1936,993.6733,6.314897,30.265188,0.0,0.0
2018-08-29 06:00:00,23.95,306.17438,992.7422,7.3678737,27.253687,0.0,0.0
2018-08-29 07:00:00,23.0,306.5933,991.6881,6.82875,26.684988,0.0,0.0
2018-08-29 08:00:00,22.62,306.28888,991.4412,7.0689683,27.280802,0.0,0.0
2018-08-29 09:00:00,22.95,305.33115,991.6911,6.876126,29.480188,0.0,0.0
2018-08-29 10:00:00,23.72,303.73114,991.87054,6.1692495,33.496006,0.0,0.0
2018-08-29 11:00:00,24.1,302.34637,992.71985,7.090686,38.104362,0.0,0.0
2018-08-29 12:00:00,23.49,300.8974,993.53156,7.8369117,43.611374,0.0,0.0
2018-08-29 13:00:00,22.68,299.5437,994.02203,7.740681,49.17748,0.0,0.0
2018-08-29 14:00:00,22.85,298.43567,994.26935,7.4371977,54.337524,0.0,0.0
2018-08-29 15:00:00,23.78,297.46365,994.3278,7.130938,60.31169,0.0,0.0
2018-08-29 16:00:00,23.02,296.61853,994.51404,6.661162,66.10078,0.0,0.0
2018-08-29 17:00:00,22.69,295.81323,994.4357,5.984192,70.30697,0.0,0.0
2018-08-29 18:00:00,22.77,295.04242,994.52844,5.3011727,73.47527,0.0,0.0
2018-08-29 19:00:00,23.2,294.1891,994.34686,5.0330434,77.50463,0.0,0.0
2018-08-29 20:00:00,22.57,293.6624,994.8591,4.389815,79.63207,0.0,0.0
2018-08-29 21:00:00,22.23,293.25482,994.9364,3.9184372,81.3635,0.0,0.0
2018-08-29 22:00:00,22.74,292.86957,996.133,3.6212575,83.16848,0.0,0.0
2018-08-29 23:00:00,23.33,293.8581,996.8576,4.071387,77.50852,0.0,0.0
2018-08-30 00:00:00,24.96,295.4471,997.669,5.5530686,67.67504,0.0,0.0
2018-08-30 01:00:00,25.48,297.18768,997.7431,6.230272,57.675327,0.0,0.0
2018-08-30 02:00:00,26.06,298.8767,997.6625,6.822295,48.962036,0.0,0.0
2018-08-30 03:00:00,26.52,300.12482,996.71967,7.108049,43.19871,0.0,0.0
2018-08-30 04:00:00,26.09,300.91492,995.7581,7.266921,38.61597,0.0,0.0
2018-08-30 05:00:00,26.59,301.1377,994.9949,7.4201207,38.522755,0.0,0.0
2018-08-30 06:00:00,27.11,300.3409,994.5812,7.2269397,41.98078,0.0035986304,0.0
2018-08-30 07:00:00,26.89,299.84042,994.3164,7.4210415,45.15906,0.0,0.0
2018-08-30 08:00:00,26.37,299.20862,994.8814,6.9440174,45.427135,0.0,0.0
2018-08-30 09:00:00,25.19,298.56335,995.1873,6.1394143,44.624542,0.0,0.0
2018-08-30 10:00:00,24.11,297.83777,995.48346,4.382217,44.211533,0.0,0.0
2018-08-30 11:00:00,22.74,297.2318,996.20306,3.2232742,44.27736,0.0,0.0
2018-08-30 12:00:00,21.42,296.61057,996.60736,2.3900106,44.799328,0.0,0.0
2018-08-30 13:00:00,20.14,295.83606,996.81866,2.006193,46.361206,0.0,0.0
2018-08-30 14:00:00,19.11,294.77875,996.9847,1.8989288,49.5059,0.0,0.0
2018-08-30 15:00:00,18.61,293.68433,997.1822,1.9958858,53.11449,0.0,0.0
2018-08-30 16:00:00,18.23,292.68204,996.98706,2.063614,56.687386,0.0,0.0
2018-08-30 17:00:00,17.43,291.6773,996.92554,2.048281,60.51744,0.0,0.0
2018-08-30 18:00:00,16.3,290.8693,996.59,2.2679298,62.64003,0.0,0.0
2018-08-30 19:00:00,14.63,290.02808,997.02655,2.4114313,64.91389,0.0,0.0
2018-08-30 20:00:00,14.09,289.26947,997.1312,2.5768726,64.72053,0.0,0.0
2018-08-30 21:00:00,13.67,288.84613,997.75336,2.6579685,60.34075,0.0,0.0
2018-08-30 22:00:00,13.35,288.61578,998.28986,2.9371645,53.99369,0.0,0.0
2018-08-30 23:00:00,13.22,290.51843,999.2407,3.1071587,41.87632,0.0,0.0
2018-08-31 00:00:00,13.03,293.80048,999.81134,4.377449,28.192837,0.0054270024,0.0
2018-08-31 01:00:00,13.02,296.62018,999.7896,5.1814394,20.614431,0.0,0.0
2018-08-31 02:00:00,12.97,299.05652,999.1859,5.3489366,17.097794,0.0,0.0
2018-08-31 03:00:00,13.21,300.70245,998.3903,4.322513,16.975733,0.0,0.0
2018-08-31 04:00:00,13.77,301.81104,997.03015,3.1431806,17.57355,0.0,0.0
2018-08-31 05:00:00,13.93,302.63394,996.32983,2.1552517,17.678102,0.0,0.0
2018-08-31 06:00:00,14.23,303.1043,995.7333,1.1878507,17.519678,0.0,0.0
2018-08-31 07:00:00,14.5,302.98904,995.1692,0.29159018,18.68068,0.0,0.0
2018-08-31 08:00:00,14.7,302.9206,995.0477,0.5676664,18.674257,0.0,0.0
2018-08-31 09:00:00,14.98,302.55234,995.3608,0.8682096,19.019943,0.0,0.0
2018-08-31 10:00:00,15.3,301.6138,995.6309,2.0655453,19.842682,0.0,0.0
2018-08-31 11:00:00,15.43,300.29587,996.15643,2.960407,20.736862,0.0,0.0
2018-08-31 12:00:00,15.21,299.08624,996.43524,3.5639534,21.244448,0.0,0.0
2018-08-31 13:00:00,15.15,298.01678,996.77716,3.801724,21.551346,0.0,0.0
2018-08-31 14:00:00,15.07,297.03363,996.77966,3.8615916,21.85703,0.0,0.0
2018-08-31 15:00:00,14.45,296.11115,996.5657,3.7690098,22.225143,0.0,0.0
2018-08-31 16:00:00,14.09,295.24,996.4984,3.4492092,22.69546,0.0,0.0
2018-08-31 17:00:00,13.78,294.3039,995.9264,3.0484107,23.548403,0.0,0.0
2018-08-31 18:00:00,13.56,293.33563,995.91284,2.7433116,24.934982,0.0,0.0
2018-08-31 19:00:00,13.25,291.57068,996.2322,2.0584536,29.930439,0.0,0.0
2018-08-31 20:00:00,13.59,290.38892,996.4143,1.5792964,34.76327,0.0,0.0
2018-08-31 21:00:00,14.42,289.89496,996.9004,1.1051004,36.572624,0.0,0.0
2018-08-31 22:00:00,15.61,290.07806,997.61,0.62163675,34.210114,0.0,0.0
2018-08-31 23:00:00,15.96,291.1101,998.4057,0.26282415,32.272682,0.0,0.0
2018-09-01 00:00:00,16.3,294.26544,998.7321,0.65093535,25.870646,0.0,0.0
2018-09-01 01:00:00,16.63,297.58258,999.0193,1.1225065,20.653828,0.0,0.0
2018-09-01 02:00:00,17.23,300.31006,998.5,1.3216468,17.713135,0.0,0.0
2018-09-01 03:00:00,17.66,302.5106,997.739,1.4520888,16.294353,0.0,0.0
2018-09-01 04:00:00,17.97,303.9485,996.58624,1.6814934,16.839376,0.0,0.0
2018-09-01 05:00:00,18.16,304.86285,995.5589,1.9891917,17.396072,0.0,0.0
2018-09-01 06:00:00,18.46,305.44934,994.86646,2.3604782,17.108871,0.0,0.0
2018-09-01 07:00:00,19.39,305.66238,994.3017,2.9600554,18.455795,0.0,0.0
2018-09-01 08:00:00,20.54,305.48782,994.4833,3.1027157,18.847399,0.0,0.0
2018-09-01 09:00:00,21.6,304.83047,994.6339,3.106684,19.950607,0.0,0.0
2018-09-01 10:00:00,22.2,303.43198,995.3936,2.8311903,21.83642,0.0,0.0
2018-09-01 11:00:00,22.33,302.08917,995.9747,3.1199563,23.424135,0.0,0.0
2018-09-01 12:00:00,22.55,300.80264,996.8674,3.4325871,24.729412,0.0,0.0
2018-09-01 13:00:00,21.99,299.61182,997.0778,3.6923141,25.674513,0.0,0.0
2018-09-01 14:00:00,21.83,298.5968,997.1858,3.822682,26.230694,0.0,0.0
2018-09-01 15:00:00,21.13,297.63177,997.17206,3.766704,26.968082,0.0,0.0
2018-09-01 16:00:00,20.16,296.71,996.8644,3.5453532,28.311169,0.0,0.0
2018-09-01 17:00:00,21.11,295.78662,996.64136,3.0717747,30.541801,0.0,0.0
2018-09-01 18:00:00,22.29,294.68848,996.31616,2.2857108,33.925625,0.0,0.0
2018-09-01 19:00:00,22.5,293.43298,996.6258,2.0740628,45.90546,0.0,0.0
2018-09-01 20:00:00,20.3,292.37286,996.8497,1.6345857,50.78533,0.0,0.0
2018-09-01 21:00:00,18.54,291.65393,997.3592,1.7926539,53.944294,0.0,0.0
2018-09-01 22:00:00,18.2,291.14206,998.10175,2.1794446,57.54047,0.0,0.0
2018-09-01 23:00:00,18.13,292.84717,998.79596,1.708807,53.49759,0.0,0.0
2018-09-02 00:00:00,18.25,296.22723,999.03217,1.4740369,40.61086,0.002570443,0.0
2018-09-02 01:00:00,18.25,298.92554,999.15186,0.6352862,29.348213,0.0,0.0
2018-09-02 02:00:00,18.07,301.51413,998.52094,0.79206324,22.081924,0.0,0.0
2018-09-02 03:00:00,17.5,303.99942,997.5785,1.4630971,17.200294,0.0,0.0
2018-09-02 04:00:00,17.13,305.4969,995.9461,1.6826702,16.425018,0.0,0.0
2018-09-02 05:00:00,16.53,306.3523,994.9978,1.2620845,16.680645,0.0,0.0
2018-09-02 06:00:00,16.34,306.84363,993.9804,0.9743783,16.74637,0.0,0.0
2018-09-02 07:00:00,16.02,307.5235,993.90656,1.1505286,16.16948,0.0,0.0
2018-09-02 08:00:00,16.08,307.42578,993.9352,1.2639233,16.389788,0.0,0.0
2018-09-02 09:00:00,15.94,307.04858,994.4581,1.6553155,16.73249,0.0,0.0
2018-09-02 10:00:00,15.93,305.83093,994.90814,2.5848358,18.047625,0.0,0.0
2018-09-02 11:00:00,16.0,304.29694,995.4575,3.273827,19.690756,0.0,0.0
2018-09-02 12:00:00,16.11,302.93262,995.8972,3.6792808,21.153818,0.0,0.0
2018-09-02 13:00:00,16.03,301.75366,996.29663,3.8343925,22.468182,0.0,0.0
2018-09-02 14:00:00,16.4,300.69696,996.48346,3.7879972,23.73961,0.0,0.0
2018-09-02 15:00:00,16.51,299.70593,996.3787,3.7085464,25.035328,0.0,0.0
2018-09-02 16:00:00,16.18,298.75284,996.30646,3.6047857,26.339975,0.0,0.0
2018-09-02 17:00:00,15.65,297.75452,996.1728,3.3529243,27.603622,0.0,0.0
2018-09-02 18:00:00,15.24,296.71277,995.89514,2.9328108,28.780323,0.0,0.0
2018-09-02 19:00:00,15.33,295.14563,995.73065,3.0636811,32.54904,0.0,0.0
2018-09-02 20:00:00,15.23,294.1552,995.8984,2.7410176,34.44041,0.0,0.0
2018-09-02 21:00:00,15.03,293.30423,996.3853,2.4445193,36.080246,0.0,0.0
2018-09-02 22:00:00,14.85,292.5273,997.04047,2.2332506,37.86012,0.0,0.0
2018-09-02 23:00:00,14.79,294.1181,997.74023,1.7692535,34.09308,0.0,0.0
2018-09-03 00:00:00,14.64,298.0194,998.0962,2.0680814,24.64942,0.0,0.0
2018-09-03 01:00:00,14.86,301.53537,998.08264,2.518911,19.55891,0.0,0.0
2018-09-03 02:00:00,15.06,304.66278,997.356,2.698877,16.261745,0.0,0.0
2018-09-03 03:00:00,15.08,307.16577,996.3787,2.6663105,14.145315,0.0,0.0
2018-09-03 04:00:00,15.05,308.74554,995.08936,2.60433,13.117552,0.0,0.0
2018-09-03 05:00:00,14.7,309.55707,994.05,2.0601935,12.981783,0.0,0.0
2018-09-03 06:00:00,14.47,309.89154,993.2506,1.2713696,13.06809,0.0,0.0
2018-09-03 07:00:00,14.56,310.09723,993.01,1.1864231,11.962083,0.0,0.0
2018-09-03 08:00:00,14.5,309.99915,993.02203,1.4603782,12.005586,0.0,0.0
2018-09-03 09:00:00,14.33,309.5544,993.7111,2.0963144,12.336443,0.0,0.0
2018-09-03 10:00:00,14.47,307.72458,994.0478,3.1078098,13.822804,0.0,0.0
2018-09-03 11:00:00,14.93,305.89673,994.52325,3.7328904,15.255274,0.0,0.0
2018-09-03 12:00:00,15.72,304.52307,994.7925,4.0738974,16.316456,0.0,0.0
2018-09-03 13:00:00,16.35,303.359,995.03827,4.140523,17.295929,0.0,0.0
2018-09-03 14:00:00,16.93,302.30807,995.2347,4.0076513,18.29169,0.0,0.0
2018-09-03 15:00:00,16.96,301.26794,994.97925,3.942238,19.394115,0.0,0.0
2018-09-03 16:00:00,16.75,300.32898,994.83673,3.779263,20.516703,0.0,0.0
2018-09-03 17:00:00,16.57,299.28223,994.6756,3.4684806,21.940369,0.0,0.0
2018-09-03 18:00:00,16.75,298.17065,994.4503,2.6561432,23.943516,0.0,0.0
2018-09-03 19:00:00,16.62,296.6427,994.4675,2.066565,27.80209,0.0,0.0
2018-09-03 20:00:00,16.73,297.20416,994.91235,0.5296385,26.11139,0.0,0.0
2018-09-03 21:00:00,17.09,295.80154,995.2753,1.0476916,29.690504,0.0,0.0
2018-09-03 22:00:00,17.83,293.98364,995.9705,2.2888725,33.420536,0.0,0.0
2018-09-03 23:00:00,18.51,295.94058,996.4453,2.097128,29.446533,0.0,0.0
2018-09-04 00:00:00,19.65,300.18488,996.64014,2.5277653,21.51765,0.0021517277,0.0
2018-09-04 01:00:00,19.87,303.00546,996.7019,2.2560918,18.177446,0.0,0.0
2018-09-04 02:00:00,19.99,305.46796,996.12524,2.0143955,16.008999,0.0,0.0
2018-09-04 03:00:00,20.18,307.7755,995.2568,1.9929515,14.603569,0.0,0.0
2018-09-04 04:00:00,19.94,309.51617,994.0261,1.9420456,13.820836,0.0,0.0
2018-09-04 05:00:00,19.72,310.56418,993.132,1.4421575,13.354344,0.0,0.0
2018-09-04 06:00:00,19.5,310.96796,992.59784,1.1393209,13.654534,0.0,0.0
2018-09-04 07:00:00,19.22,311.17307,991.8878,1.7689011,14.19651,0.0,0.0
2018-09-04 08:00:00,19.04,311.01868,992.0522,2.0526433,14.161459,0.0,0.0
2018-09-04 09:00:00,18.75,310.49786,992.60065,2.3597345,14.406315,0.0,0.0
2018-09-04 10:00:00,18.55,308.96863,992.8973,2.6615138,15.714722,0.0,0.0
2018-09-04 11:00:00,18.26,307.3249,993.67755,3.2054913,17.166899,0.0,0.0
2018-09-04 12:00:00,17.99,305.80432,994.10706,3.706587,18.46632,0.0,0.0
2018-09-04 13:00:00,18.11,304.51648,994.21594,4.3126926,19.409838,0.0,0.0
2018-09-04 14:00:00,18.34,303.48984,994.118,4.8473215,20.013111,0.0,0.0
2018-09-04 15:00:00,18.94,302.5266,993.8897,4.7720146,20.818558,0.0,0.0
2018-09-04 16:00:00,19.09,301.51038,993.6951,3.9176197,22.066086,0.0,0.0
2018-09-04 17:00:00,19.03,300.23285,993.4978,2.9253128,24.193296,0.0,0.0
2018-09-04 18:00:00,19.39,298.88324,993.91516,3.8318815,26.87347,0.0,0.0
2018-09-04 19:00:00,19.64,297.50845,994.34314,3.5821598,31.165081,0.0,0.0
2018-09-04 20:00:00,19.96,296.41083,994.54297,3.509832,35.37141,0.0,0.0
2018-09-04 21:00:00,20.28,295.69452,995.2064,3.3923967,39.469902,0.0,0.0
2018-09-04 22:00:00,20.37,295.06226,995.84674,3.2899935,44.052174,0.0,0.0
2018-09-04 23:00:00,19.9,296.855,996.45795,3.0983388,42.453087,0.0,0.0
2018-09-05 00:00:00,19.85,300.38574,996.7936,3.6358006,35.048935,0.0,0.0
2018-09-05 01:00:00,19.54,303.24475,996.5695,3.978238,25.544655,0.0,0.0
2018-09-05 02:00:00,18.9,305.3559,995.93823,4.107344,21.153881,0.0,0.0
2018-09-05 03:00:00,18.24,307.17615,995.0543,4.612417,17.9725,0.0,0.0
2018-09-05 04:00:00,17.26,308.58203,993.75104,5.3557687,15.430656,0.0,0.0
2018-09-05 05:00:00,16.43,309.4303,992.8806,5.845523,13.874838,0.0,0.0
2018-09-05 06:00:00,15.85,309.77094,992.02405,6.071149,13.080356,0.0,0.0
2018-09-05 07:00:00,15.52,309.9762,991.47845,5.3048887,12.8890915,0.0,0.0
2018-09-05 08:00:00,15.13,309.60358,991.6047,5.1989627,12.99163,0.0,0.0
2018-09-05 09:00:00,15.34,308.78925,992.2598,4.5826144,13.543971,0.0,0.0
2018-09-05 10:00:00,15.62,306.87756,992.8194,3.2153368,15.177575,0.0,0.0
2018-09-05 11:00:00,15.7,305.4192,993.5265,2.922912,16.644255,0.0,0.0
2018-09-05 12:00:00,15.87,304.01892,993.9596,2.7597942,18.260298,0.0,0.0
2018-09-05 13:00:00,16.32,302.55673,994.233,3.2190816,20.114346,0.0,0.0
2018-09-05 14:00:00,16.92,301.39935,994.5813,4.81791,23.070461,0.0,0.0
2018-09-05 15:00:00,17.54,300.33972,994.65466,5.8174396,31.09775,0.0,0.0
2018-09-05 16:00:00,17.43,299.48956,994.443,5.272473,36.693226,0.0,0.0
2018-09-05 17:00:00,16.97,298.67926,994.0778,4.6640787,38.234474,0.0,0.0
2018-09-05 18:00:00,16.66,297.89053,993.9367,4.3274803,38.119904,0.0,0.0
2018-09-05 19:00:00,16.11,296.3833,993.97186,4.2298927,41.11385,0.0,0.0
2018-09-05 20:00:00,15.77,295.4828,994.40686,3.8527844,39.95989,0.0,0.0
2018-09-05 21:00:00,15.0,294.5486,994.77094,3.3644245,38.99661,0.0,0.0
2018-09-05 22:00:00,14.81,293.74725,995.6383,2.869774,37.797096,0.0,0.0
2018-09-05 23:00:00,14.69,295.49738,996.3176,2.3495684,30.376287,0.0,0.0
2018-09-06 00:00:00,14.44,298.70648,996.56366,3.023372,21.29157,0.0,0.0
2018-09-06 01:00:00,14.47,301.34467,996.5514,3.598137,17.0742,0.0,0.0
2018-09-06 02:00:00,14.43,303.72278,995.8498,3.4668858,14.639468,0.0,0.0
2018-09-06 03:00:00,14.5,305.60358,994.60596,2.8186085,13.06667,0.0,0.0
2018-09-06 04:00:00,14.55,306.91302,993.3178,2.0294652,12.229742,0.0,0.0
2018-09-06 05:00:00,14.66,307.92493,992.3645,2.2953255,11.898205,0.0,0.0
2018-09-06 06:00:00,14.79,308.59335,991.8371,3.1611443,11.949682,0.0,0.0
2018-09-06 07:00:00,14.43,308.83295,991.29626,3.435834,12.303007,0.0,0.0
2018-09-06 08:00:00,14.02,308.50244,991.2558,3.5840952,12.497893,0.0,0.0
2018-09-06 09:00:00,13.66,307.7977,991.6881,3.5452287,12.991788,0.0,0.0
2018-09-06 10:00:00,13.7,306.11316,992.54517,3.1797664,14.43376,0.0,0.0
2018-09-06 11:00:00,13.68,304.58133,993.39124,3.4054646,15.842654,0.0,0.0
2018-09-06 12:00:00,14.06,303.1618,994.0131,3.497516,17.193274,0.0,0.0
2018-09-06 13:00:00,14.19,301.8213,994.3895,3.4294076,18.47064,0.0,0.0
2018-09-06 14:00:00,14.0,300.56006,994.6331,3.2634742,19.669563,0.0,0.0
2018-09-06 15:00:00,13.65,299.35284,994.7578,3.2436063,20.66866,0.0,0.0
2018-09-06 16:00:00,13.24,298.28845,994.4611,3.2508612,21.140285,0.0,0.0
2018-09-06 17:00:00,12.91,297.17426,994.39185,2.857583,21.630423,0.0,0.0
2018-09-06 18:00:00,12.86,295.90192,994.2517,1.8639295,24.070341,0.0,0.0
2018-09-06 19:00:00,12.97,294.4709,994.55347,3.1377041,32.47934,0.0,0.0
2018-09-06 20:00:00,12.92,293.45038,994.72925,2.8484387,34.73361,0.0,0.0
2018-09-06 21:00:00,12.88,292.6079,995.6106,2.5639057,35.570946,0.0,0.0
2018-09-06 22:00:00,12.75,291.90887,996.5083,2.3658504,34.747314,0.0,0.0
2018-09-06 23:00:00,12.79,294.03018,997.2286,2.045626,27.13823,0.0,0.0
2018-09-07 00:00:00,13.01,297.47406,997.9264,2.5821128,19.69292,0.0034451478,0.0
2018-09-07 01:00:00,13.27,300.378,997.90295,2.5541809,16.930262,0.0,0.0
2018-09-07 02:00:00,13.41,303.0868,997.22125,2.144071,14.883123,0.0,0.0
2018-09-07 03:00:00,13.39,305.3634,996.22034,1.509546,13.060106,0.0,0.0
2018-09-07 04:00:00,13.36,306.73547,994.7621,1.0223994,12.521542,0.0,0.0
2018-09-07 05:00:00,13.04,307.8567,993.988,2.077712,11.543642,0.0,0.0
2018-09-07 06:00:00,12.81,308.50885,993.33093,2.8388124,10.548698,0.0,0.0
2018-09-07 07:00:00,12.56,309.0976,992.8656,4.03694,10.542734,0.0,0.0
2018-09-07 08:00:00,12.67,308.69626,992.617,4.3156724,10.442684,0.0,0.0
2018-09-07 09:00:00,12.7,307.85608,993.27795,4.1172523,10.653605,0.0,0.0
2018-09-07 10:00:00,12.54,305.93185,993.927,3.4105215,11.781289,0.0,0.0
2018-09-07 11:00:00,,304.32416,994.79407,3.4438155,12.787347,0.0,0.0
2018-09-07 12:00:00,,302.81006,995.48096,3.3882165,13.848554,0.0,0.0
2018-09-07 13:00:00,,301.35785,995.90295,3.3739629,14.996241,0.0,0.0
2018-09-07 14:00:00,,300.0443,996.3709,3.4788797,16.133226,0.0,0.0
2018-09-07 15:00:00,,298.86157,996.3443,3.671165,17.19386,0.0,0.0
2018-09-07 16:00:00,,297.87946,996.1334,3.8921,18.065578,0.0,0.0
2018-09-07 17:00:00,,297.04828,995.83765,4.056402,18.82819,0.0,0.0
2018-09-07 18:00:00,,296.35263,995.8585,4.188474,19.555042,0.0,0.0
2018-09-07 19:00:00,,295.08148,996.1365,4.373493,21.435083,0.0,0.0
2018-09-07 20:00:00,,294.46378,996.368,4.481094,22.235065,0.0,0.0
2018-09-07 21:00:00,,293.9029,997.01917,4.4129925,22.948467,0.0,0.0
2018-09-07 22:00:00,,293.45767,997.85657,4.26962,23.500637,0.0,0.0
2018-09-07 23:00:00,,295.36996,998.9384,4.1388516,20.806812,0.0,0.0
2018-09-08 00:00:00,12.82,298.54755,999.34015,5.271614,16.946955,0.0,0.0
2018-09-08 01:00:00,13.05,301.70044,999.2947,5.448159,14.006334,0.0,0.0
2018-09-08 02:00:00,13.24,304.58185,998.802,5.3145614,11.804047,0.0,0.0
2018-09-08 03:00:00,13.17,306.69617,997.7377,4.8746142,10.348522,0.0,0.0
2018-09-08 04:00:00,13.02,307.81113,996.2678,3.8655844,9.682068,0.0,0.0
2018-09-08 05:00:00,12.76,308.61322,995.2697,3.3617032,9.194523,0.0,0.0
2018-09-08 06:00:00,12.55,309.02246,994.33295,3.026928,9.093876,0.0,0.0
2018-09-08 07:00:00,12.23,309.03265,994.2028,2.6674917,9.523621,0.0,0.0
2018-09-08 08:00:00,11.94,308.7951,994.1289,2.743516,9.738795,0.0,0.0
2018-09-08 09:00:00,11.42,308.21216,994.5129,3.015272,10.048994,0.0,0.0
2018-09-08 10:00:00,11.15,306.31204,995.06744,3.2550623,11.155782,0.0,0.0
2018-09-08 11:00:00,11.02,304.58868,995.71814,3.7268164,12.054983,0.0,0.0
2018-09-08 12:00:00,10.95,303.13104,996.31165,4.268035,12.68965,0.0,0.0
2018-09-08 13:00:00,11.05,301.90985,996.7647,4.6331472,13.18627,0.0,0.0
2018-09-08 14:00:00,11.08,300.8493,996.7922,4.9422455,13.671019,0.0,0.0
2018-09-08 15:00:00,11.02,299.92722,997.02045,5.1406145,14.1418915,0.0,0.0
2018-09-08 16:00:00,11.08,299.03424,996.78735,4.950087,14.631716,0.0,0.0
2018-09-08 17:00:00,10.96,298.17618,996.58325,4.755345,15.134939,0.0,0.0
2018-09-08 18:00:00,10.74,297.337,996.2802,4.505737,15.69608,0.0,0.0
2018-09-08 19:00:00,10.58,295.50455,996.2458,4.207529,18.781582,0.0,0.0
2018-09-08 20:00:00,10.6,294.85294,996.7219,4.04595,19.218307,0.0,0.0
2018-09-08 21:00:00,10.74,294.23138,997.0639,3.6987343,19.915367,0.0,0.0
2018-09-08 22:00:00,10.93,293.81207,998.0097,3.4307773,20.69602,0.0,0.0
2018-09-08 23:00:00,10.88,295.79425,999.1486,2.7870183,18.774094,0.0,0.0
2018-09-09 00:00:00,10.9,299.3613,999.85315,3.3936305,15.210791,0.0,0.0
2018-09-09 01:00:00,11.08,302.44873,999.8621,4.012066,12.974395,0.0,0.0
2018-09-09 02:00:00,11.21,305.42316,999.44867,4.37345,11.363067,0.0,0.0
2018-09-09 03:00:00,11.16,307.96988,998.34937,4.595259,10.246781,0.0,0.0
2018-09-09 04:00:00,11.19,309.58777,996.8892,4.1846557,9.460025,0.0,0.0
2018-09-09 05:00:00,11.1,310.34955,995.66486,3.2010796,9.172338,0.0,0.0
2018-09-09 06:00:00,11.14,310.62268,994.85803,2.226535,8.959174,0.0,0.0
2018-09-09 07:00:00,11.02,310.39783,994.67126,1.2219002,8.906175,0.0,0.0
2018-09-09 08:00:00,11.18,310.21063,994.7404,1.308399,8.865407,0.0,0.0
2018-09-09 09:00:00,11.38,309.68634,994.94977,1.4680527,9.091177,0.0,0.0
2018-09-09 10:00:00,11.39,308.36557,995.9586,2.5532577,9.995282,0.0,0.0
2018-09-09 11:00:00,11.35,306.213,996.53455,3.2782195,11.3538,0.0,0.0
2018-09-09 12:00:00,11.65,304.55963,997.1194,3.792417,12.348776,0.0,0.0
2018-09-09 13:00:00,12.19,303.2876,997.59314,4.1557245,13.127257,0.0,0.0
2018-09-09 14:00:00,12.7,302.19882,997.818,4.4076653,13.828927,0.0,0.0
2018-09-09 15:00:00,12.86,301.27618,997.90765,4.3646827,14.479023,0.0,0.0
2018-09-09 16:00:00,12.65,300.30322,997.5011,4.40701,15.220481,0.0,0.0
2018-09-09 17:00:00,12.65,299.49942,997.0902,4.7911267,15.798369,0.0,0.0
2018-09-09 18:00:00,12.93,298.83716,996.7626,4.266338,16.280811,0.0,0.0
2018-09-09 19:00:00,13.81,296.53836,997.7247,1.4859058,21.494688,0.0,0.0
2018-09-09 20:00:00,15.49,295.60193,998.3044,1.3796594,23.050283,0.0,0.0
2018-09-09 21:00:00,16.74,294.22974,998.67346,2.502883,25.009853,0.0,0.0
2018-09-09 22:00:00,17.14,293.28625,999.21265,2.421659,28.86985,0.0,0.0
2018-09-09 23:00:00,16.8,295.42773,999.9844,1.3093648,28.066006,0.0,0.0
2018-09-10 00:00:00,17.4,299.08826,1000.38794,0.9586595,19.860123,0.0017122054,0.0
2018-09-10 01:00:00,17.49,301.72485,1000.71045,2.3588653,18.52585,0.0,0.0
2018-09-10 02:00:00,18.58,304.48444,1000.2333,3.5221891,18.099983,0.0,0.0
2018-09-10 03:00:00,20.18,306.86923,999.0836,4.0941567,17.720325,0.0,0.0
2018-09-10 04:00:00,20.12,308.53003,997.6114,4.0795355,18.179502,0.0,0.0
2018-09-10 05:00:00,19.77,309.4507,996.59576,3.3643467,18.423576,0.0,0.0
2018-09-10 06:00:00,18.7,309.7657,995.68005,2.2782247,17.735525,0.0,0.0
2018-09-10 07:00:00,17.6,310.07465,995.39374,1.1100248,13.182761,0.0,0.0
2018-09-10 08:00:00,17.18,309.85272,994.99054,1.2954934,12.578632,0.0,0.0
2018-09-10 09:00:00,16.37,309.47595,995.6094,1.7493107,12.220448,0.0,0.0
2018-09-10 10:00:00,15.91,308.247,995.90424,2.3649354,12.572858,0.0,0.0
2018-09-10 11:00:00,15.85,306.87897,996.36237,2.7308164,12.928808,0.0,0.0
2018-09-10 12:00:00,16.41,305.5631,996.83673,2.9901698,13.427287,0.0,0.0
2018-09-10 13:00:00,17.34,304.1349,996.89014,3.2475374,14.301421,0.0,0.0
2018-09-10 14:00:00,17.39,302.98932,997.1841,3.4611995,15.035134,0.0,0.0
2018-09-10 15:00:00,16.66,301.9104,996.8134,3.704138,15.477286,0.0,0.0
2018-09-10 16:00:00,15.41,300.97803,996.66956,3.749073,15.448867,0.0,0.0
2018-09-10 17:00:00,14.35,300.04962,996.14374,3.476222,15.759844,0.0,0.0
2018-09-10 18:00:00,13.89,298.84317,995.8622,2.8315084,17.507986,0.0,0.0
2018-09-10 19:00:00,13.55,296.2436,995.8745,1.6169177,25.987509,0.0,0.0
2018-09-10 20:00:00,13.53,295.41525,995.7671,1.4549584,28.108871,0.0,0.0
2018-09-10 21:00:00,14.16,294.5188,996.0391,1.9186416,30.535534,0.0,0.0
2018-09-10 22:00:00,15.34,294.1751,996.84326,2.6546855,31.460938,0.0,0.0
2018-09-10 23:00:00,16.33,296.9154,997.32544,2.8784735,26.962427,0.0,0.0
2018-09-11 00:00:00,17.59,301.58234,997.6716,4.0591984,21.844696,0.0012814997,0.0
2018-09-11 01:00:00,18.32,304.97318,997.5469,5.091648,23.83539,0.0,0.0
2018-09-11 02:00:00,19.25,307.2075,996.84174,5.6196136,22.524515,0.0,0.0
2018-09-11 03:00:00,20.75,308.66727,995.8895,4.6634836,18.172302,0.0,0.0
2018-09-11 04:00:00,20.85,309.51294,994.34143,3.425374,15.408319,0.0,0.0
2018-09-11 05:00:00,20.03,310.02783,993.3122,2.5141551,13.7560625,0.0,0.0
2018-09-11 06:00:00,19.08,310.2845,992.42505,1.9980805,12.713446,0.0,0.0
2018-09-11 07:00:00,17.62,310.6023,991.9187,2.150192,12.426783,0.0,0.0
2018-09-11 08:00:00,16.47,310.33203,991.6036,2.2256858,11.995314,0.0,0.0
2018-09-11 09:00:00,15.62,309.76697,992.03033,2.5399966,11.753797,0.0,0.0
2018-09-11 10:00:00,14.99,308.1388,992.4341,2.9138858,12.320217,0.0,0.0
2018-09-11 11:00:00,14.78,306.46002,992.8565,3.466822,12.777655,0.0,0.0
2018-09-11 12:00:00,15.17,304.95975,993.43756,3.9314175,13.045875,0.0,0.0
2018-09-11 13:00:00,15.37,303.58344,993.53815,4.299762,13.3560295,0.0,0.0
2018-09-11 14:00:00,15.2,302.41397,993.77704,4.401712,13.70907,0.0,0.0
2018-09-11 15:00:00,15.18,301.3219,993.6325,4.1253204,14.161375,0.0,0.0
2018-09-11 16:00:00,14.99,300.2674,993.2903,3.8065362,14.711936,0.0,0.0
2018-09-11 17:00:00,14.71,299.2132,992.8625,3.4531035,15.4068575,0.0,0.0
2018-09-11 18:00:00,14.04,298.18503,992.5083,3.1020846,16.244091,0.0,0.0
2018-09-11 19:00:00,13.76,296.95862,992.5114,3.2751489,20.005348,0.0,0.0
2018-09-11 20:00:00,13.62,295.8351,992.73,2.9043226,25.260597,0.0,0.0
2018-09-11 21:00:00,13.94,294.96222,993.215,1.829359,32.221416,0.0,0.0
2018-09-11 22:00:00,14.65,293.98102,994.22327,2.3133202,35.472,0.0,0.0
2018-09-11 23:00:00,14.07,296.0479,995.0053,2.04142,28.584576,0.0,0.0
2018-09-12 00:00:00,13.9,299.60843,995.4325,1.9200591,21.867762,0.0,0.0
2018-09-12 01:00:00,14.02,302.1577,995.5072,1.3450854,22.313967,0.0,0.0
2018-09-12 02:00:00,14.24,304.62653,995.01544,1.3675339,20.380138,0.0,0.0
2018-09-12 03:00:00,14.28,306.99097,994.1831,2.1680653,15.842609,0.0,0.0
2018-09-12 04:00:00,14.51,308.6817,993.1318,2.9768643,12.2672615,0.0,0.0
2018-09-12 05:00:00,14.31,309.50598,992.05835,2.5286005,10.914443,0.0,0.0
2018-09-12 06:00:00,13.29,309.93878,991.49023,2.3400927,9.788145,0.0,0.0
2018-09-12 07:00:00,12.25,309.9905,991.38135,2.1344929,9.417175,0.0,0.0
2018-09-12 08:00:00,11.62,309.81287,991.4843,2.0921154,8.951386,0.0,0.0
2018-09-12 09:00:00,10.91,309.29276,991.6461,1.794672,8.66647,0.0,0.0
2018-09-12 10:00:00,10.34,308.1821,992.28076,1.4774431,9.193975,0.0,0.0
2018-09-12 11:00:00,10.25,306.67786,992.925,1.896128,10.25427,0.0,0.0
2018-09-12 12:00:00,10.39,304.6123,993.38794,2.3394802,11.834878,0.0,0.0
2018-09-12 13:00:00,10.2,302.57773,993.525,2.4387145,13.362126,0.0,0.0
2018-09-12 14:00:00,9.83,300.70605,993.387,2.4890058,14.44047,0.0,0.0
2018-09-12 15:00:00,9.71,299.18945,993.4998,2.8165517,14.429741,0.0,0.0
2018-09-12 16:00:00,10.58,297.92285,993.17847,2.8217373,14.139217,0.0,0.0
2018-09-12 17:00:00,12.79,296.69415,992.9755,2.962342,14.643401,0.0,0.0
2018-09-12 18:00:00,14.56,295.66547,992.78156,3.3108366,19.350204,0.0,0.0
2018-09-12 19:00:00,15.0,294.28418,993.1794,2.581031,46.078663,0.0,0.0
2018-09-12 20:00:00,15.14,293.43594,993.54346,2.8316424,54.738277,0.0,0.0
2018-09-12 21:00:00,15.25,292.72107,993.96796,2.4847598,60.850906,0.0,0.0
2018-09-12 22:00:00,15.33,292.18872,994.78217,2.144778,64.451645,0.0,0.0
2018-09-12 23:00:00,14.73,294.88046,995.3504,1.7332327,55.593956,0.0,0.0
2018-09-13 00:00:00,14.06,298.81458,995.9787,1.9624583,45.706978,0.0017002686,0.0
2018-09-13 01:00:00,14.32,302.03156,996.1672,1.7290225,36.00472,0.0,0.0
2018-09-13 02:00:00,14.82,304.62195,995.7207,1.3862821,27.659443,0.0,0.0
2018-09-13 03:00:00,15.1,306.74487,994.78076,1.7819613,20.564749,0.0,0.0
2018-09-13 04:00:00,14.48,308.5797,993.4192,3.2493503,14.025357,0.0,0.0
2018-09-13 05:00:00,14.18,309.54874,992.59814,3.8028014,11.337754,0.0,0.0
2018-09-13 06:00:00,14.36,309.8761,992.1207,3.3400102,10.213756,0.0,0.0
2018-09-13 07:00:00,14.53,309.79,991.63135,2.3326187,9.923036,0.0,0.0
2018-09-13 08:00:00,14.4,309.47766,991.6914,1.6838717,9.930325,0.0,0.0
2018-09-13 09:00:00,14.21,308.91504,991.8645,0.9156078,10.148079,0.0,0.0
2018-09-13 10:00:00,14.42,307.88034,992.5225,0.63332826,10.9454,0.0,0.0
2018-09-13 11:00:00,14.77,306.5177,993.317,1.712066,12.198999,0.0,0.0
2018-09-13 12:00:00,15.32,304.7466,993.6689,2.492126,13.611993,0.0,0.0
2018-09-13 13:00:00,15.49,303.22577,994.03,3.0608501,14.844629,0.0,0.0
2018-09-13 14:00:00,16.61,301.08563,994.14874,2.15606,17.82495,0.0,0.0
2018-09-13 15:00:00,18.53,299.9495,994.53674,1.4353846,19.74458,0.0,0.0
2018-09-13 16:00:00,18.33,298.41553,994.90564,3.7191303,30.455368,0.0,0.0
2018-09-13 17:00:00,17.8,297.11707,995.1075,3.738756,46.26529,0.0,0.0
2018-09-13 18:00:00,18.62,296.28745,995.30524,3.6043284,58.645584,0.0,0.0
2018-09-13 19:00:00,19.55,295.00388,995.31415,4.2401943,75.597435,0.0,0.0
2018-09-13 20:00:00,19.1,294.44904,995.89575,3.7097402,78.56957,0.0,0.0
2018-09-13 21:00:00,18.14,293.96542,996.298,3.1412797,79.965904,0.0,0.0
2018-09-13 22:00:00,17.86,293.60193,997.0439,2.5670857,80.46659,0.0,0.0
2018-09-13 23:00:00,17.75,295.71674,997.4395,2.3672857,69.037834,0.0,0.0
2018-09-14 00:00:00,18.63,298.79044,997.9483,2.734009,53.88562,0.0,0.0
2018-09-14 01:00:00,18.96,302.03845,998.0566,3.126712,38.43372,0.0,0.0
2018-09-14 02:00:00,19.85,304.9015,997.3295,3.7705295,26.981157,0.0,0.0
2018-09-14 03:00:00,20.65,306.9209,996.2902,4.1379175,20.651844,0.0,0.0
2018-09-14 04:00:00,21.44,308.02,994.78326,3.6870706,18.400646,0.0,0.0
2018-09-14 05:00:00,21.72,308.6154,993.80365,2.8565547,16.965708,0.0,0.0
2018-09-14 06:00:00,22.13,308.94525,993.2875,2.4622295,16.024109,0.0,0.0
2018-09-14 07:00:00,22.12,309.22687,993.03345,2.8745658,14.735614,0.0,0.0
2018-09-14 08:00:00,22.14,308.9397,993.33765,2.780319,14.956927,0.0,0.0
2018-09-14 09:00:00,22.12,308.3213,993.7776,2.6502302,15.543839,0.0,0.0
2018-09-14 10:00:00,21.79,307.0677,994.3131,2.344829,16.897446,0.0,0.0
2018-09-14 11:00:00,21.16,305.89124,994.7244,2.4908981,18.234543,0.0,0.0
2018-09-14 12:00:00,20.59,304.71582,995.3256,2.6995132,19.64208,0.0,0.0
2018-09-14 13:00:00,20.13,303.54337,995.553,2.8162735,21.124582,0.0,0.0
2018-09-14 14:00:00,20.25,302.4156,995.72485,2.6570847,22.767561,0.0,0.0
2018-09-14 15:00:00,20.25,301.34686,995.5633,2.6388617,24.442158,0.0,0.0
2018-09-14 16:00:00,19.91,300.30988,995.1303,2.7434144,26.092175,0.0,0.0
2018-09-14 17:00:00,19.87,299.38702,994.6802,3.440892,27.720287,0.0,0.0
2018-09-14 18:00:00,19.93,298.63177,994.5058,4.5380063,30.08966,0.0,0.0
2018-09-14 19:00:00,20.05,297.68536,994.41046,4.0207872,32.96616,0.0,0.0
2018-09-14 20:00:00,20.07,296.67432,994.7157,2.7411733,35.819458,0.0,0.0
2018-09-14 21:00:00,20.03,295.56677,995.6149,2.3771706,39.377525,0.0,0.0
2018-09-14 22:00:00,20.17,294.89304,996.627,2.3768864,42.102,0.0,0.0
2018-09-14 23:00:00,19.53,297.10944,997.22955,1.7240238,36.986816,0.0,0.0
2018-09-15 00:00:00,19.4,299.7126,997.9522,1.244138,29.566702,0.0,0.0
2018-09-15 01:00:00,19.38,301.77664,998.0003,0.57548153,25.142649,0.0,0.0
2018-09-15 02:00:00,19.39,304.06274,997.3848,0.7202006,21.290543,0.0,0.0
2018-09-15 03:00:00,19.36,306.32446,996.41266,1.2760663,18.109135,0.0,0.0
2018-09-15 04:00:00,19.24,308.25818,994.97174,1.8581841,15.637329,0.0,0.0
2018-09-15 05:00:00,19.06,309.73236,993.9894,2.494851,13.739451,0.0,0.0
2018-09-15 06:00:00,19.27,310.40527,992.99396,2.8158994,12.693856,0.0,0.0
2018-09-15 07:00:00,19.36,310.46777,992.57544,1.9870231,12.580687,0.0,0.0
2018-09-15 08:00:00,19.59,310.29092,992.3755,1.9413958,12.488081,0.0,0.0
2018-09-15 09:00:00,19.78,309.79056,992.5747,1.6064624,12.691341,0.0,0.0
2018-09-15 10:00:00,19.67,308.77628,992.682,1.6209176,13.545079,0.0,0.0
2018-09-15 11:00:00,19.95,307.42065,993.147,2.412652,14.821307,0.0,0.0
2018-09-15 12:00:00,20.2,305.70612,993.8407,2.7841346,16.499573,0.0,0.0
2018-09-15 13:00:00,19.53,304.19916,993.83905,2.9030252,17.960003,0.0,0.0
2018-09-15 14:00:00,18.52,302.97595,994.1998,3.2481275,18.933468,0.0,0.0
2018-09-15 15:00:00,18.04,302.0938,993.9073,4.1740603,18.645533,0.0,0.0
2018-09-15 16:00:00,17.37,301.5,993.6697,6.034653,17.089602,0.0,0.0
2018-09-15 17:00:00,16.93,301.32495,993.633,7.281245,16.289474,0.0,0.0
2018-09-15 18:00:00,16.67,300.92194,993.3094,7.7139225,16.52992,0.0,0.0
2018-09-15 19:00:00,16.47,299.26965,993.6043,6.745333,18.37733,0.0,0.0
2018-09-15 20:00:00,16.13,298.4732,993.9114,6.103587,20.045893,0.0,0.0
2018-09-15 21:00:00,16.11,297.8017,994.63257,5.4344745,21.519186,0.0,0.0
2018-09-15 22:00:00,15.68,297.32294,995.2558,4.7846813,22.598007,0.0,0.0
2018-09-15 23:00:00,15.37,299.0531,995.89874,4.8818913,20.522234,0.0,0.0
2018-09-16 00:00:00,15.24,301.61285,996.1253,6.554852,17.219387,0.0,0.0
2018-09-16 01:00:00,15.21,304.5453,995.9673,6.375967,14.148834,0.0,0.0
2018-09-16 02:00:00,15.4,307.45398,995.1068,5.979064,12.122405,0.0,0.0
2018-09-16 03:00:00,15.25,309.6642,993.9687,5.4003124,11.482254,0.0,0.0
2018-09-16 04:00:00,15.04,310.9959,992.78394,4.9147325,10.854535,0.0,0.0
2018-09-16 05:00:00,14.96,311.68127,991.8672,4.6044607,10.095594,0.0,0.0
2018-09-16 06:00:00,14.88,311.88013,991.1308,4.0590544,9.807631,0.0,0.0
2018-09-16 07:00:00,15.03,311.92065,990.85565,3.519192,9.491401,0.0,0.0
2018-09-16 08:00:00,15.01,311.52515,990.9508,3.1623623,9.6197815,0.0,0.0
2018-09-16 09:00:00,15.71,310.94565,991.28656,2.7909276,9.900835,0.0,0.0
2018-09-16 10:00:00,16.36,309.45892,991.8615,2.9061906,10.904846,0.0,0.0
2018-09-16 11:00:00,16.9,308.00333,992.3554,3.6423852,11.87495,0.0,0.0
2018-09-16 12:00:00,17.42,307.04938,992.935,4.3397503,12.60092,0.0,0.0
2018-09-16 13:00:00,18.38,306.15836,993.22174,4.808183,13.550589,0.0,0.0
2018-09-16 14:00:00,19.31,305.47607,993.36646,5.0517263,14.636314,0.0,0.0
2018-09-16 15:00:00,20.35,305.00922,993.4649,4.8169107,15.711578,0.0,0.0
2018-09-16 16:00:00,21.73,304.02036,993.47174,5.143338,19.097307,0.0,0.0
2018-09-16 17:00:00,23.03,302.36206,993.5411,5.6450734,29.11855,0.0,0.0
2018-09-16 18:00:00,23.17,300.90262,993.5386,5.0511074,36.451252,0.0,0.0
2018-09-16 19:00:00,23.09,299.86945,993.73846,4.624869,37.256996,0.0,0.0
2018-09-16 20:00:00,23.05,299.17334,993.89233,4.0827694,39.652115,0.0,0.0
2018-09-16 21:00:00,23.69,298.59448,994.5447,3.4888222,41.82058,0.0,0.0
2018-09-16 22:00:00,23.98,298.06836,994.95056,2.5484743,43.428005,0.0,0.0
2018-09-16 23:00:00,24.2,300.16046,995.8214,1.8997245,37.561295,0.0,0.0
2018-09-17 00:00:00,25.73,302.58453,996.33984,2.5825133,30.659893,0.0,0.0
2018-09-17 01:00:00,25.6,304.78986,996.4803,3.261909,25.539503,0.0,0.0
2018-09-17 02:00:00,25.84,306.88843,995.79175,3.5069208,21.777332,0.0,0.0
2018-09-17 03:00:00,25.71,308.3214,994.8816,3.564225,19.720573,0.0,0.0
2018-09-17 04:00:00,25.74,309.58124,993.5211,3.401484,17.90043,0.0,0.0
2018-09-17 05:00:00,26.11,310.18304,992.6422,3.4992428,16.49568,0.0,0.0
2018-09-17 06:00:00,26.58,310.3498,992.0811,3.3818,15.797106,0.0,0.0
2018-09-17 07:00:00,26.62,310.00208,991.9972,2.929287,16.550016,0.0,0.0
2018-09-17 08:00:00,26.61,309.80588,992.03674,2.5213583,16.510721,0.0,0.0
2018-09-17 09:00:00,25.97,309.40274,992.40704,1.9568832,16.77145,0.0,0.0
2018-09-17 10:00:00,25.46,308.39417,992.8328,1.364232,17.955404,0.0,0.0
2018-09-17 11:00:00,25.26,307.42523,993.1832,1.2907796,19.299122,0.0,0.0
2018-09-17 12:00:00,25.54,306.2441,993.65125,0.9917498,23.568163,0.0,0.0
2018-09-17 13:00:00,25.68,304.98254,993.8077,1.2930436,24.109211,0.0,0.0
2018-09-17 14:00:00,25.5,303.84528,994.08435,2.9882743,24.724026,0.0,0.0
2018-09-17 15:00:00,26.1,302.55176,994.33185,4.9274187,27.97627,0.0,0.0
2018-09-17 16:00:00,25.88,301.4384,994.3272,4.9325366,31.82649,0.0,0.0
2018-09-17 17:00:00,25.56,300.71423,994.0016,4.1599693,35.019745,0.0,0.0
2018-09-17 18:00:00,25.49,299.9525,993.83453,3.40744,38.53698,0.0,0.0
2018-09-17 19:00:00,25.4,298.86517,994.19885,3.924629,43.047485,0.0,0.0
2018-09-17 20:00:00,25.29,298.24066,994.423,4.1694884,47.02658,0.0,0.0
2018-09-17 21:00:00,24.24,297.87854,995.3056,4.2410574,50.127487,0.0,0.0
2018-09-17 22:00:00,22.56,297.83337,995.9919,3.9658072,51.89576,0.0,0.0
2018-09-17 23:00:00,21.96,299.28918,996.53345,4.191213,49.008156,0.0,0.0
2018-09-18 00:00:00,23.3,301.57928,996.82623,4.5501375,42.218647,0.0,0.0
2018-09-18 01:00:00,23.35,303.95712,996.9445,4.981082,33.579433,0.0,0.0
2018-09-18 02:00:00,23.06,305.9052,996.41907,5.9523478,26.35834,0.0,0.0
2018-09-18 03:00:00,22.02,307.22076,995.3957,5.8615346,21.53523,0.0,0.0
2018-09-18 04:00:00,21.71,308.41727,994.1141,5.12989,17.1946,0.0,0.0
2018-09-18 05:00:00,21.68,309.52225,993.1295,4.3841496,13.867839,0.0,0.0
2018-09-18 06:00:00,21.65,310.05737,992.27466,3.635609,12.083168,0.0,0.0
2018-09-18 07:00:00,21.77,310.29962,991.693,3.4670758,11.395243,0.0,0.0
2018-09-18 08:00:00,21.84,310.0139,991.6206,3.0967577,11.140635,0.0,0.0
2018-09-18 09:00:00,22.0,309.39014,992.1389,2.745812,11.302151,0.0,0.0
2018-09-18 10:00:00,21.96,307.99927,992.65625,2.046639,12.284384,0.0,0.0
2018-09-18 11:00:00,22.24,306.76614,993.3602,1.8192846,13.4066,0.0,0.0
2018-09-18 12:00:00,22.52,305.07812,993.7997,2.0222316,15.398958,0.0,0.0
2018-09-18 13:00:00,22.37,303.58456,994.10016,2.5452204,16.97617,0.0,0.0
2018-09-18 14:00:00,21.48,302.15442,994.04974,3.1902158,18.894932,0.0,0.0
2018-09-18 15:00:00,20.2,301.0979,994.17267,4.461855,21.399834,0.0,0.0
2018-09-18 16:00:00,19.38,300.09692,994.16986,5.0574894,27.76735,0.0,0.0
2018-09-18 17:00:00,18.79,299.26514,994.1775,4.2258773,35.419407,0.0,0.0
2018-09-18 18:00:00,18.67,298.3548,993.91016,3.5230877,41.9429,0.0,0.0
2018-09-18 19:00:00,18.64,297.89566,994.58435,2.4827037,22.184916,0.0,0.0
2018-09-18 20:00:00,18.98,296.7278,995.10767,2.6104627,23.475412,0.0,0.0
2018-09-18 21:00:00,19.16,295.85706,995.8669,2.79928,24.231716,0.0,0.0
2018-09-18 22:00:00,19.33,295.27893,996.8719,2.853696,25.015963,0.0,0.0
2018-09-18 23:00:00,19.09,297.8423,997.5764,2.993422,21.45912,0.0,0.0
2018-09-19 00:00:00,19.07,300.3407,998.15906,4.567307,18.764978,0.0012874602,0.0
2018-09-19 01:00:00,19.49,302.46875,997.78766,5.201301,16.496113,0.0,0.0
2018-09-19 02:00:00,20.01,304.8152,996.8647,5.4806113,14.271273,0.0,0.0
2018-09-19 03:00:00,20.34,307.04825,995.6931,5.8869953,12.579592,0.0,0.0
2018-09-19 04:00:00,20.26,308.5941,993.96045,6.072663,11.735727,0.0,0.0
2018-09-19 05:00:00,20.13,309.52045,993.0842,5.801466,11.233434,0.0,0.0
2018-09-19 06:00:00,20.19,309.90808,992.174,5.499841,11.066919,0.0,0.0
2018-09-19 07:00:00,20.79,309.95715,991.62964,4.5571213,10.57068,0.0,0.0
2018-09-19 08:00:00,21.02,309.67963,991.4494,4.7186184,10.806891,0.0,0.0
2018-09-19 09:00:00,21.3,308.9508,992.09125,4.9966884,11.260178,0.0,0.0
2018-09-19 10:00:00,21.33,307.12302,992.625,4.7948594,12.495199,0.0,0.0
2018-09-19 11:00:00,21.16,305.67407,993.46014,5.495429,13.503151,0.0,0.0
2018-09-19 12:00:00,21.05,304.59958,994.1238,5.951899,14.287846,0.0,0.0
2018-09-19 13:00:00,20.9,303.64783,994.4549,6.1055026,15.056552,0.0,0.0
2018-09-19 14:00:00,20.65,302.61603,994.4403,6.229345,15.912443,0.0,0.0
2018-09-19 15:00:00,20.64,301.55225,994.2438,6.798474,16.690601,0.0,0.0
2018-09-19 16:00:00,20.74,300.61206,993.8042,7.129129,17.408,0.0,0.0
2018-09-19 17:00:00,20.89,299.84106,993.8705,6.9878583,18.104015,0.0,0.0
2018-09-19 18:00:00,21.04,299.08755,993.88983,6.9113536,18.97876,0.0,0.0
2018-09-19 19:00:00,21.06,298.58167,994.0622,6.7768655,19.753977,0.0,0.0
2018-09-19 20:00:00,21.55,298.08325,994.6708,5.8772573,20.758905,0.0,0.0
2018-09-19 21:00:00,21.98,297.92676,995.34357,5.7384615,21.333282,0.0,0.0
2018-09-19 22:00:00,21.71,297.86932,995.8147,6.190162,21.723648,0.0,0.0
2018-09-19 23:00:00,21.43,298.64725,996.52057,6.8916564,20.924397,0.0,0.0
2018-09-20 00:00:00,21.34,300.50153,996.89514,8.841342,18.548449,0.0,0.0
2018-09-20 01:00:00,21.86,302.498,996.5873,9.086241,16.106848,0.0,0.0
2018-09-20 02:00:00,22.48,304.41714,995.8342,8.163348,13.853815,0.0,1.67
2018-09-20 03:00:00,22.98,305.4168,995.2464,7.2336025,13.782059,0.0050775707,0.0
2018-09-20 04:00:00,23.78,306.56128,993.9283,6.57765,13.0318775,0.0,0.16
2018-09-20 05:00:00,25.24,306.37726,993.4122,6.5353436,14.306302,0.0033825636,0.0
2018-09-20 06:00:00,26.2,306.3817,993.1242,7.4459424,15.717751,0.009108335,4.69
2018-09-20 07:00:00,26.34,304.25317,993.6275,11.787856,17.035044,0.0,1.3399999
2018-09-20 08:00:00,25.56,302.0777,994.6305,12.430461,20.681753,0.0,0.0
2018-09-20 09:00:00,24.71,300.68408,995.5695,11.070498,22.5609,0.0,0.0
2018-09-20 10:00:00,24.96,298.98056,996.8309,9.868836,27.475828,0.0,0.31
2018-09-20 11:00:00,25.75,297.3984,997.5069,8.786706,32.51349,0.0,3.72
2018-09-20 12:00:00,27.02,296.70184,998.3108,7.281606,36.007843,0.0,6.2699995
2018-09-20 13:00:00,28.55,296.05975,998.6998,6.4423857,39.15445,0.0,5.8199997
2018-09-20 14:00:00,29.31,295.60165,998.8398,6.2661376,42.978245,0.002577901,1.86
2018-09-20 15:00:00,28.27,295.71063,998.77893,7.9480805,44.68979,0.0,0.0
2018-09-20 16:00:00,27.08,295.64557,998.1181,8.339896,42.62681,0.0,0.0
2018-09-20 17:00:00,25.92,295.21075,998.0558,8.0884495,42.66293,0.0,0.0
2018-09-20 18:00:00,24.86,295.09244,997.80865,7.53216,41.86285,0.0,0.0
2018-09-20 19:00:00,23.59,295.00763,997.75555,7.0087175,37.189808,0.0,0.0
2018-09-20 20:00:00,23.29,294.92197,998.077,7.5097313,35.994274,0.0,0.0
2018-09-20 21:00:00,23.59,294.77252,998.8013,7.8473167,36.10117,0.0,0.0
2018-09-20 22:00:00,23.08,294.89655,999.38354,8.145032,35.093437,0.0,0.0
2018-09-20 23:00:00,22.84,295.69696,1000.46533,8.797683,32.14828,0.0,0.0
2018-09-21 00:00:00,23.73,297.83582,1000.51404,9.660553,28.693222,0.020131469,0.0
2018-09-21 01:00:00,23.29,300.65485,1000.3331,9.596792,21.761156,0.0,0.0
2018-09-21 02:00:00,23.14,302.8594,999.40955,9.559672,17.315125,0.0,0.0
2018-09-21 03:00:00,22.74,304.14447,998.7703,8.7688055,15.074873,0.0,0.0
2018-09-21 04:00:00,21.9,305.6233,997.4035,7.7062116,13.828924,0.0,0.0
2018-09-21 05:00:00,21.2,306.64856,996.5277,6.7457676,13.778652,0.0,0.0
2018-09-21 06:00:00,20.86,307.25153,995.8791,5.8854976,14.100565,0.0,0.0
2018-09-21 07:00:00,21.24,308.3435,995.06055,2.626178,14.390575,0.0,0.0
2018-09-21 08:00:00,21.38,308.11185,995.10266,1.9676414,14.839911,0.0,0.0
2018-09-21 09:00:00,21.18,307.7511,995.7389,1.5156654,15.372337,0.0,0.0
2018-09-21 10:00:00,20.94,306.70038,996.31647,2.342199,16.469233,0.0,0.0
2018-09-21 11:00:00,21.33,305.27405,996.8845,3.0844173,17.790817,0.0,0.0
2018-09-21 12:00:00,21.47,304.18658,997.2584,3.5771468,18.666655,0.0,0.0
2018-09-21 13:00:00,21.99,303.4502,997.799,4.005774,19.057257,0.0,0.0
2018-09-21 14:00:00,21.85,302.7544,998.0002,4.857681,19.013855,0.0,0.0
2018-09-21 15:00:00,21.2,302.09424,998.2581,6.308889,17.691315,0.0,0.0
2018-09-21 16:00:00,20.36,301.2793,998.1521,6.9494596,15.376815,0.0,0.0
2018-09-21 17:00:00,20.16,300.32043,998.0723,6.496671,14.0594225,0.0,0.0
2018-09-21 18:00:00,19.57,299.41394,998.1917,6.1017995,13.651631,0.0,0.0
2018-09-21 19:00:00,18.9,297.51163,998.35077,5.560031,15.936086,0.0,0.0
2018-09-21 20:00:00,18.84,296.56104,998.89185,5.549087,16.156124,0.0,0.0
2018-09-21 21:00:00,18.55,295.85443,999.76984,5.39699,16.353754,0.0,0.0
2018-09-21 22:00:00,18.34,295.71768,1000.41595,4.9846163,16.277176,0.0,0.0
2018-09-21 23:00:00,17.73,297.52948,1001.41565,4.843723,14.352788,0.0,0.0
2018-09-22 00:00:00,17.5,300.09753,1001.808,5.916066,12.096386,0.0,0.0
2018-09-22 01:00:00,17.34,302.87112,1001.5792,6.052555,10.405048,0.0,0.0
2018-09-22 02:00:00,17.31,305.4536,1000.9888,5.9259725,9.287304,0.0,0.0
2018-09-22 03:00:00,17.02,307.74194,999.72406,5.720427,8.659463,0.0,0.0
2018-09-22 04:00:00,16.58,309.21204,997.9737,5.1469293,8.656568,0.0,0.0
2018-09-22 05:00:00,16.41,309.87747,996.87024,4.314423,9.779416,0.0,0.0
2018-09-22 06:00:00,16.56,310.1562,996.1568,3.7003143,10.130438,0.0,0.0
2018-09-22 07:00:00,16.55,310.0276,995.8102,2.628183,10.970908,0.0,0.0
2018-09-22 08:00:00,16.65,309.78214,996.04126,2.1486413,10.955407,0.0,0.0
2018-09-22 09:00:00,16.54,309.26477,996.3878,2.0647318,11.235805,0.0,0.0
2018-09-22 10:00:00,16.5,308.04163,996.9803,2.2809074,13.01629,0.0,0.0
2018-09-22 11:00:00,16.4,306.39362,997.4369,2.7807782,14.9962635,0.0,0.0
2018-09-22 12:00:00,15.92,305.05682,998.1119,3.0111275,16.258844,0.0,0.0
2018-09-22 13:00:00,15.91,303.86368,998.38403,3.1954966,17.13716,0.0,0.0
2018-09-22 14:00:00,15.65,302.7134,998.28674,3.1614122,18.008396,0.0,0.0
2018-09-22 15:00:00,15.06,302.176,998.29565,3.0521984,18.172108,0.0,0.0
2018-09-22 16:00:00,14.31,301.53656,997.9637,3.2465289,18.215143,0.0,0.0
2018-09-22 17:00:00,14.06,301.00995,997.8058,3.2134662,18.071646,0.0,0.0
2018-09-22 18:00:00,13.84,300.25964,997.77405,3.0605118,18.340479,0.0,0.0
2018-09-22 19:00:00,13.48,298.17987,997.8211,3.0157971,19.3671,0.0,0.0
2018-09-22 20:00:00,13.4,297.05692,998.1843,2.4726849,20.86806,0.0,0.0
2018-09-22 21:00:00,12.98,295.96643,998.91705,2.115861,23.153002,0.0,0.0
2018-09-22 22:00:00,13.05,295.22473,999.52203,2.1808841,24.470306,0.0,0.0
2018-09-22 23:00:00,12.93,298.08197,1000.31415,2.239071,19.492397,0.0,0.0
2018-09-23 00:00:00,13.26,301.6609,1000.79065,3.096323,14.531302,0.0,0.0
2018-09-23 01:00:00,13.0,304.2735,1000.6944,3.732279,12.375948,0.0,0.0
2018-09-23 02:00:00,13.27,306.68634,999.9079,3.9696755,10.810962,0.0,0.0
2018-09-23 03:00:00,13.37,308.83508,998.729,3.6837213,9.584963,0.0,0.0
2018-09-23 04:00:00,13.22,309.92584,997.35516,2.6600444,9.155586,0.0,0.0
2018-09-23 05:00:00,13.33,310.48257,996.4391,2.207517,8.881067,0.0,0.0
2018-09-23 06:00:00,13.07,310.8062,995.8575,2.063179,8.572855,0.0,0.0
2018-09-23 07:00:00,13.05,311.03424,995.051,1.7229885,8.3516655,0.0,0.0
2018-09-23 08:00:00,13.12,310.79578,995.07544,1.7861062,8.363712,0.0,0.0
2018-09-23 09:00:00,13.37,310.29825,995.54236,1.9506446,8.568294,0.0,0.0
2018-09-23 10:00:00,13.31,308.85748,995.96185,1.9292156,9.514391,0.0,0.0
2018-09-23 11:00:00,13.27,307.11072,996.6912,2.2305317,10.657726,0.0,0.0
2018-09-23 12:00:00,13.46,305.364,997.2737,2.7061007,11.821765,0.0,0.0
2018-09-23 13:00:00,13.76,303.96228,997.87555,3.453066,12.796871,0.0,0.0
2018-09-23 14:00:00,13.75,302.7305,998.2545,4.7086887,13.762758,0.0,0.0
2018-09-23 15:00:00,13.92,301.88275,998.3116,5.594423,14.457459,0.0,0.0
2018-09-23 16:00:00,13.81,301.2846,997.9411,5.9089713,14.997092,0.0,0.0
2018-09-23 17:00:00,13.74,300.636,997.6199,6.0422873,15.628396,0.0,0.0
2018-09-23 18:00:00,13.61,300.0521,997.35876,5.9961486,16.247116,0.0,0.0
2018-09-23 19:00:00,13.59,298.4611,997.21313,4.848798,17.399315,0.0,0.0
2018-09-23 20:00:00,13.69,297.84766,997.30725,4.618142,18.213633,0.0,0.0
2018-09-23 21:00:00,13.47,297.2107,998.10046,4.2989626,19.131998,0.0,0.0
2018-09-23 22:00:00,13.31,296.82623,998.6209,3.900745,19.86039,0.0,0.0
2018-09-23 23:00:00,13.11,299.2691,998.9636,3.9025607,17.406462,0.0,0.0
2018-09-24 00:00:00,12.91,302.624,999.2859,4.876278,14.453189,0.0025725204,0.0
2018-09-24 01:00:00,12.86,305.7976,999.0413,5.65245,11.937692,0.0,0.0
2018-09-24 02:00:00,12.95,308.30322,998.33,6.936691,10.051746,0.0,0.0
2018-09-24 03:00:00,12.92,309.73752,997.2648,6.478402,9.083307,0.0,0.0
2018-09-24 04:00:00,12.53,310.38977,995.90314,4.9724765,8.589911,0.0,0.0
2018-09-24 05:00:00,12.2,310.7415,994.8789,4.061602,8.286722,0.0,0.0
2018-09-24 06:00:00,12.0,310.90875,994.0975,3.702657,8.106606,0.0,0.0
2018-09-24 07:00:00,12.02,310.73453,993.3683,3.7195194,8.204172,0.0,0.0
2018-09-24 08:00:00,11.79,310.39252,993.29297,3.619071,8.319356,0.0,0.0
2018-09-24 09:00:00,11.85,309.71976,993.572,3.3165512,8.60771,0.0,0.0
2018-09-24 10:00:00,11.8,308.12683,994.2953,2.4419773,9.554691,0.0,0.0
2018-09-24 11:00:00,12.09,306.61404,994.86096,2.3305826,10.594159,0.0,0.0
2018-09-24 12:00:00,12.53,304.80597,995.3957,2.521473,11.922957,0.0,0.0
2018-09-24 13:00:00,12.81,303.06918,995.9169,2.7631738,13.195771,0.0,0.0
2018-09-24 14:00:00,12.61,301.58466,996.03,3.098972,14.198206,0.0,0.0
2018-09-24 15:00:00,12.39,300.4634,996.09106,3.3975453,14.819736,0.0,0.0
2018-09-24 16:00:00,12.11,299.58652,995.72144,3.5931547,15.155178,0.0,0.0
2018-09-24 17:00:00,11.93,298.87488,995.3184,3.8166656,15.444271,0.0,0.0
2018-09-24 18:00:00,11.73,298.3493,995.0527,4.2127886,15.708563,0.0,0.0
2018-09-24 19:00:00,11.23,296.09467,995.0158,3.2055538,18.326818,0.0,0.0
2018-09-24 20:00:00,11.1,295.06116,995.4269,3.0250723,19.709164,0.0,0.0
2018-09-24 21:00:00,11.02,294.2603,996.0069,2.8948658,20.901169,0.0,0.0
2018-09-24 22:00:00,10.54,293.8335,996.7417,2.727582,21.680187,0.0,0.0
2018-09-24 23:00:00,10.2,297.0428,997.3158,2.5545983,17.544876,0.0,0.0
2018-09-25 00:00:00,10.25,301.3888,997.83575,3.2948167,13.239047,0.0017166131,0.0
2018-09-25 01:00:00,10.33,305.04675,997.8212,4.9001403,10.775653,0.0,0.0
2018-09-25 02:00:00,10.26,308.01385,997.2573,6.185478,9.340697,0.0,0.0
2018-09-25 03:00:00,10.31,309.62592,996.1177,5.804418,8.232541,0.0,0.0
2018-09-25 04:00:00,10.08,310.2306,994.78015,4.757976,7.824197,0.0,0.0
2018-09-25 05:00:00,9.95,310.65582,993.66327,4.4520564,7.5861864,0.0,0.0
2018-09-25 06:00:00,9.84,310.87238,992.9153,4.313677,7.489178,0.0,0.0
2018-09-25 07:00:00,9.83,310.8824,992.2135,3.9179883,7.203001,0.0,0.0
2018-09-25 08:00:00,9.91,310.53223,992.0552,3.8233237,7.4741306,0.0,0.0
2018-09-25 09:00:00,10.05,309.8205,992.3739,3.5975215,7.9715357,0.0,0.0
2018-09-25 10:00:00,10.3,308.01337,992.8141,2.88343,9.134506,0.0,0.0
2018-09-25 11:00:00,10.81,306.36267,993.7058,3.1612477,10.364656,0.0,0.0
2018-09-25 12:00:00,11.75,304.73016,994.1228,3.6197984,11.692693,0.0,0.0
2018-09-25 13:00:00,12.69,303.41064,994.73193,4.164971,12.910779,0.0,0.0
2018-09-25 14:00:00,12.8,302.44287,995.0391,4.7798214,13.800442,0.0,0.0
2018-09-25 15:00:00,12.84,301.6659,995.08813,5.0615444,14.245923,0.0,0.0
2018-09-25 16:00:00,12.8,300.8463,994.6222,4.966623,14.485139,0.0,0.0
2018-09-25 17:00:00,12.58,300.0302,994.42896,4.948575,14.807222,0.0,0.0
2018-09-25 18:00:00,12.55,299.31323,994.23737,5.1572514,15.192209,0.0,0.0
2018-09-25 19:00:00,12.25,297.3797,993.95795,4.2877398,18.336008,0.0,0.0
2018-09-25 20:00:00,12.18,296.7436,994.16266,4.5704637,18.935814,0.0,0.0
2018-09-25 21:00:00,12.16,296.28342,994.8778,4.629811,19.26582,0.0,0.0
2018-09-25 22:00:00,11.89,296.26996,995.9914,4.3725348,19.186695,0.0,0.0
2018-09-25 23:00:00,11.75,299.22003,996.6934,4.376223,16.2153,0.0,0.0
2018-09-26 00:00:00,11.47,303.03174,997.4911,5.6925936,13.111149,0.0,0.0
2018-09-26 01:00:00,11.55,306.19843,997.2393,7.0165696,10.738993,0.0,0.0
2018-09-26 02:00:00,11.61,308.46298,996.623,7.9541974,9.124687,0.0,0.0
2018-09-26 03:00:00,11.64,309.6643,995.38776,6.8922505,8.376695,0.0,0.0
2018-09-26 04:00:00,11.45,310.275,993.98755,5.4649982,8.249118,0.0,0.0
2018-09-26 05:00:00,11.4,310.69495,993.0588,4.727799,8.047668,0.0,0.0
2018-09-26 06:00:00,11.21,310.89453,992.4813,4.2517447,7.89421,0.0,0.0
2018-09-26 07:00:00,11.27,310.61356,991.81494,2.9010563,7.8483224,0.0,0.0
2018-09-26 08:00:00,11.3,310.26355,991.94867,2.4587307,8.001082,0.0,0.0
2018-09-26 09:00:00,11.32,309.70972,992.1903,2.2164876,8.27323,0.0,0.0
2018-09-26 10:00:00,11.38,308.40814,992.73364,2.1159027,9.120359,0.0,0.0
2018-09-26 11:00:00,11.75,306.70544,993.4247,2.5487802,10.308799,0.0,0.0
2018-09-26 12:00:00,11.8,304.83746,994.03705,3.002482,11.696152,0.0,0.0
2018-09-26 13:00:00,12.06,303.13885,994.5561,3.2232587,13.030691,0.0,0.0
2018-09-26 14:00:00,11.97,301.6704,994.5722,3.2199945,14.224897,0.0,0.0
2018-09-26 15:00:00,11.71,300.43823,994.4671,3.4681718,15.213736,0.0,0.0
2018-09-26 16:00:00,11.6,299.50507,993.90265,3.3530147,16.007942,0.0,0.0
2018-09-26 17:00:00,12.41,298.25735,993.9522,2.5812395,18.349466,0.0,0.0
2018-09-26 18:00:00,13.45,297.0474,994.3033,4.2899647,32.177017,0.0,0.0
2018-09-26 19:00:00,14.71,295.70175,994.6559,3.9209774,51.11665,0.0,0.0
2018-09-26 20:00:00,16.12,294.89856,994.83575,2.873189,69.514305,0.0,0.0
2018-09-26 21:00:00,17.02,294.2398,995.49384,2.1635282,78.045555,0.0,0.0
2018-09-26 22:00:00,18.29,293.837,996.34705,1.5105098,81.99158,0.0,0.0
2018-09-26 23:00:00,19.45,296.67706,997.6692,1.4752988,69.34181,0.0,0.0
2018-09-27 00:00:00,20.23,299.21747,998.2321,1.3702623,56.908028,0.0,0.0
2018-09-27 01:00:00,20.29,301.9699,998.0655,1.2663002,43.219696,0.0,0.0
2018-09-27 02:00:00,20.31,304.53046,997.28516,1.1643037,32.94263,0.0,0.0
2018-09-27 03:00:00,20.66,306.82443,996.21686,1.6637368,25.652197,0.0,0.0
2018-09-27 04:00:00,21.04,308.77435,994.9216,3.1010733,19.005915,0.0,0.0
2018-09-27 05:00:00,21.39,309.64484,993.6984,2.9411561,14.663705,0.0,0.0
2018-09-27 06:00:00,21.2,309.83698,992.84283,2.2518556,13.189952,0.0,0.0
2018-09-27 07:00:00,20.51,309.87085,992.30475,1.0976562,12.676062,0.0,0.0
2018-09-27 08:00:00,19.94,309.73676,991.6934,0.41171074,12.490863,0.0,0.0
2018-09-27 09:00:00,19.64,309.42798,991.6889,0.60809,12.576659,0.0,0.0
2018-09-27 10:00:00,19.57,308.4433,992.04584,2.4471073,13.503927,0.0,0.0
2018-09-27 11:00:00,19.65,306.9049,992.8936,3.147651,14.955737,0.0,0.0
2018-09-27 12:00:00,19.58,305.51434,993.5231,3.1949928,16.313437,0.0,0.0
2018-09-27 13:00:00,20.02,304.18262,993.9247,2.908998,17.630146,0.0,0.0
2018-09-27 14:00:00,20.16,302.8968,994.47345,2.9882295,18.916388,0.0,0.0
2018-09-27 15:00:00,20.48,301.30762,994.36237,1.7988611,21.728512,0.0,0.0
2018-09-27 16:00:00,20.88,299.90924,994.35657,2.2086077,23.11085,0.0,0.0
2018-09-27 17:00:00,22.34,299.0454,994.15515,4.804843,27.72512,0.0,0.0
2018-09-27 18:00:00,24.29,298.2123,994.12445,5.071261,37.655373,0.0,0.0
2018-09-27 19:00:00,24.35,298.09265,994.2644,4.2670164,39.40832,0.0,0.0
2018-09-27 20:00:00,24.1,297.22943,994.86487,3.9817202,46.384735,0.0,0.0
2018-09-27 21:00:00,23.96,296.54663,995.53125,3.664317,52.942986,0.0,0.0
2018-09-27 22:00:00,24.22,296.31738,996.1867,3.213554,58.487503,0.0,0.0
2018-09-27 23:00:00,24.04,298.0725,996.8625,3.7215173,57.717617,0.0,0.0
2018-09-28 00:00:00,23.39,300.6342,997.3303,3.7808769,49.392723,0.0017114608,0.0
2018-09-28 01:00:00,23.17,303.2411,997.29877,3.3884034,38.634933,0.0,0.0
2018-09-28 02:00:00,23.07,305.35214,996.77405,2.814694,32.167458,0.0,0.0
2018-09-28 03:00:00,22.83,307.15277,995.8234,2.2569268,26.864859,0.0,0.0
2018-09-28 04:00:00,22.68,308.41882,994.5039,1.48044,22.647375,0.0,0.0
2018-09-28 05:00:00,22.73,309.23026,993.3833,1.049532,19.528265,0.0,0.0
2018-09-28 06:00:00,22.44,309.78186,992.6406,1.5040092,16.63632,0.0,0.0
2018-09-28 07:00:00,21.38,310.18326,992.1838,1.4257356,14.401658,0.0,0.0
2018-09-28 08:00:00,20.23,309.8922,992.1411,0.5742259,14.155645,0.0,0.0
2018-09-28 09:00:00,20.38,309.27795,991.96936,0.67051625,14.277707,0.0,0.0
2018-09-28 10:00:00,20.85,308.68707,992.5675,2.367583,14.987585,0.0,0.0
2018-09-28 11:00:00,21.14,307.56354,992.85376,3.3796363,16.339462,0.0,0.0
2018-09-28 12:00:00,21.44,306.53693,993.3761,3.5397956,17.696253,0.0,0.0
2018-09-28 13:00:00,21.57,305.5005,993.78357,3.30123,19.167065,0.0,0.0
2018-09-28 14:00:00,21.31,304.49323,994.1269,1.8312104,21.14963,0.0,0.0
2018-09-28 15:00:00,21.38,303.35046,994.1658,2.4086277,22.588915,0.0,0.0
2018-09-28 16:00:00,22.53,302.18762,994.51013,4.7598424,26.316124,0.0,0.0
2018-09-28 17:00:00,24.92,300.64673,994.47174,5.7041097,37.67964,0.0,0.0
2018-09-28 18:00:00,25.09,299.39026,994.4475,5.0304956,48.749313,0.0,0.0
2018-09-28 19:00:00,24.85,298.78354,994.6225,4.6668606,54.24227,0.0,0.0
2018-09-28 20:00:00,25.01,298.24023,995.0888,4.7545514,57.82153,0.0,0.0
2018-09-28 21:00:00,24.96,297.6455,995.71545,4.0803614,61.11286,0.0,0.0
2018-09-28 22:00:00,25.55,297.61176,996.16064,3.420835,62.210007,0.0,0.0
2018-09-28 23:00:00,25.76,298.89117,996.9867,3.5633566,56.684322,0.0,0.0
2018-09-29 00:00:00,25.39,301.33966,997.2489,3.4396164,44.69856,0.0,0.0
2018-09-29 01:00:00,25.12,303.9984,996.98706,3.3601134,31.8825,0.0,0.0
2018-09-29 02:00:00,24.56,306.22766,996.2912,3.2107673,23.62154,0.0,0.0
2018-09-29 03:00:00,23.94,308.16644,995.27295,2.6130629,19.345867,0.0,0.0
2018-09-29 04:00:00,23.91,309.32297,994.02545,2.2393966,17.528522,0.0,0.0
2018-09-29 05:00:00,23.87,310.36884,992.9584,2.8742075,15.787266,0.0,0.0
2018-09-29 06:00:00,23.7,310.76074,991.97174,3.156823,14.608262,0.0,0.0
2018-09-29 07:00:00,23.19,310.52435,991.29486,2.3222213,14.508733,0.0,0.0
2018-09-29 08:00:00,23.51,310.3924,991.4497,2.4414644,14.661848,0.0,0.0
2018-09-29 09:00:00,24.35,310.16147,991.63873,2.0705838,15.031687,0.0,0.0
2018-09-29 10:00:00,24.99,309.47357,992.3684,1.3893483,15.888685,0.0,0.0
2018-09-29 11:00:00,25.38,308.80243,992.90924,1.2216412,16.869339,0.0,0.0
2018-09-29 12:00:00,25.96,307.67963,993.51263,1.5439063,18.753433,0.0,0.0
2018-09-29 13:00:00,26.78,306.802,993.96216,2.189596,19.60525,0.0,0.0
2018-09-29 14:00:00,27.04,305.67084,994.53265,3.5618615,20.994028,0.0,0.0
2018-09-29 15:00:00,27.94,303.79205,995.01587,6.6181517,26.896059,0.0,0.0
2018-09-29 16:00:00,29.19,301.99,995.5583,6.4395685,35.43398,0.0,0.0
2018-09-29 17:00:00,28.93,300.96567,995.39233,6.237989,41.310204,0.0,0.0
2018-09-29 18:00:00,28.47,300.30365,995.3223,6.596,44.973328,0.0,0.0
2018-09-29 19:00:00,28.14,299.37415,995.8187,5.1941557,48.708233,0.0,0.0
2018-09-29 20:00:00,27.73,298.90945,995.9445,4.417433,49.616024,0.0,0.0
2018-09-29 21:00:00,26.75,298.6081,996.6839,3.7829008,49.792885,0.0,0.0
2018-09-29 22:00:00,25.36,298.73932,997.0094,2.8820674,48.808,0.0,0.0
2018-09-29 23:00:00,23.73,300.19818,998.00244,2.7170794,42.18372,0.0,0.0
2018-09-30 00:00:00,23.31,302.61676,998.2628,2.6161509,31.62874,0.002147389,0.0
2018-09-30 01:00:00,23.21,305.00943,998.0681,2.6822329,25.255606,0.0,0.0
2018-09-30 02:00:00,23.34,306.6153,997.2952,2.1063948,23.73213,0.0,0.0
2018-09-30 03:00:00,22.94,307.91547,996.41125,1.8440459,22.405642,0.0,0.0
2018-09-30 04:00:00,23.28,309.35767,995.14844,3.6537795,20.046864,0.0,0.0
2018-09-30 05:00:00,24.44,310.27954,993.9356,4.669079,18.055048,0.0,0.0
2018-09-30 06:00:00,25.73,309.92917,993.0508,4.51458,18.178322,0.0,0.0
2018-09-30 07:00:00,26.65,310.12787,992.1911,3.249089,16.030499,0.0,0.0
2018-09-30 08:00:00,27.35,310.23233,992.2736,3.0485547,15.707679,0.0,0.0
2018-09-30 09:00:00,27.66,309.81354,992.84607,2.4251456,15.877046,0.0,0.0
2018-09-30 10:00:00,27.76,309.26453,993.4389,1.4903561,16.336342,0.0,0.0
2018-09-30 11:00:00,26.92,308.40063,994.03674,1.0180341,17.643604,0.0,0.0
2018-09-30 12:00:00,25.69,306.97028,994.5783,1.4007403,20.157116,0.0,0.0
2018-09-30 13:00:00,25.58,305.8687,995.2136,2.205173,19.90861,0.0,0.0
2018-09-30 14:00:00,25.7,304.9384,995.45435,3.1211264,19.948772,0.0,0.0
2018-09-30 15:00:00,26.74,304.16296,995.5123,3.45345,19.673687,0.0,0.0
2018-09-30 16:00:00,27.71,303.13293,995.4244,3.994917,21.78104,0.0,0.0
2018-09-30 17:00:00,27.57,301.6162,995.2117,5.8539214,35.060482,0.0,0.0
2018-09-30 18:00:00,27.12,300.64984,995.0069,5.6986213,44.89311,0.0,0.0
2018-09-30 19:00:00,26.83,299.54608,995.52594,5.150129,50.497223,0.0,0.0
2018-09-30 20:00:00,26.48,298.93372,995.8061,4.556269,50.584507,0.0,0.0
2018-09-30 21:00:00,26.42,298.46222,996.6383,4.0404396,49.760742,0.0,0.0
2018-09-30 22:00:00,25.76,298.3913,997.16766,3.3441324,47.620262,0.0,0.0
2018-09-30 23:00:00,25.55,300.6671,997.59766,3.6931257,38.457596,0.0,0.0
2018-10-01 00:00:00,26.01,302.9401,997.7981,3.934559,32.06586,0.0,0.0
2018-10-01 01:00:00,25.79,305.07886,997.5706,3.712841,27.620407,0.0,0.0
2018-10-01 02:00:00,25.52,307.04245,996.97034,3.693263,23.680605,0.0,0.0
2018-10-01 03:00:00,25.51,308.38,995.93616,2.6751268,20.089415,0.0,0.0
2018-10-01 04:00:00,25.64,309.0866,994.7328,1.3212347,17.82299,0.0,0.0
2018-10-01 05:00:00,25.68,309.93793,993.8778,2.0351431,15.959149,0.0,0.0
2018-10-01 06:00:00,25.21,310.53683,993.04016,2.24656,14.6366205,0.0,0.0
2018-10-01 07:00:00,24.96,310.52618,992.39984,2.1903694,14.95892,0.0,0.0
2018-10-01 08:00:00,24.69,310.2038,992.3158,1.6633457,15.06101,0.0,0.0
2018-10-01 09:00:00,24.64,309.85828,992.66974,1.081919,15.2627945,0.0,0.0
2018-10-01 10:00:00,25.01,309.46393,993.29205,0.5579503,15.639748,0.0,0.0
2018-10-01 11:00:00,25.19,308.8375,993.7488,1.0624889,16.414646,0.0,0.0
2018-10-01 12:00:00,25.32,307.75787,994.1225,1.8936635,17.633364,0.0,0.0
2018-10-01 13:00:00,25.92,306.6056,994.4334,2.407243,18.833233,0.0,0.0
2018-10-01 14:00:00,25.81,305.45547,994.7111,2.2853723,20.193487,0.0,0.0
2018-10-01 15:00:00,25.15,304.20663,994.6816,1.5740306,22.852093,0.0,0.0
2018-10-01 16:00:00,24.31,303.635,994.22107,2.4041543,22.45454,0.0,0.0
2018-10-01 17:00:00,24.4,303.06378,993.9282,2.7480571,22.835543,0.0,0.0
2018-10-01 18:00:00,25.45,302.37225,993.3953,2.4037368,23.630978,0.0,0.0
2018-10-01 19:00:00,25.69,300.536,994.02313,3.6959364,30.59508,0.0,0.0
2018-10-01 20:00:00,26.28,299.01416,994.5525,4.565255,40.906734,0.0,0.0
2018-10-01 21:00:00,26.12,298.14984,995.3273,4.169289,51.605743,0.0,0.0
2018-10-01 22:00:00,24.84,298.057,996.02704,3.8342404,56.874023,0.0,0.0
2018-10-01 23:00:00,24.63,300.28024,996.9282,4.391448,50.128532,0.0,0.0
2018-10-02 00:00:00,21.65,303.04016,997.2498,4.073249,38.462475,0.0,0.0
2018-10-02 01:00:00,21.37,305.43237,997.07104,3.3141117,30.92241,0.0,0.0
2018-10-02 02:00:00,20.96,307.6878,996.35034,2.9989269,24.876734,0.0,0.0
2018-10-02 03:00:00,21.4,309.61487,995.5836,4.1299334,18.811754,0.0,0.0
2018-10-02 04:00:00,21.42,310.61407,994.4804,3.889987,16.446665,0.0,0.0
2018-10-02 05:00:00,22.62,311.37903,993.47034,3.6040552,14.814483,0.0,0.0
2018-10-02 06:00:00,23.78,311.84912,992.6755,3.582716,13.921085,0.0,0.0
2018-10-02 07:00:00,24.11,311.8531,992.1014,3.4439685,13.221295,0.0,0.0
2018-10-02 08:00:00,24.3,311.70355,992.2891,3.3030465,13.075455,0.0,0.0
2018-10-02 09:00:00,24.53,311.2761,992.45703,3.328774,13.280183,0.0,0.0
2018-10-02 10:00:00,24.69,310.56537,992.99097,2.6575663,13.775596,0.0,0.0
2018-10-02 11:00:00,24.27,309.5556,993.59656,2.5637486,14.552842,0.0,0.0
2018-10-02 12:00:00,23.73,308.3598,994.04376,3.05758,15.437837,0.0,0.0
2018-10-02 13:00:00,24.04,307.38632,994.3766,3.7133873,16.040976,0.0,0.0
2018-10-02 14:00:00,24.4,306.35477,994.95123,4.7568507,16.836136,0.0,0.0
2018-10-02 15:00:00,25.79,305.291,995.1526,5.108538,18.20969,0.0,0.0
2018-10-02 16:00:00,27.35,303.87537,995.2903,5.4199586,23.604248,0.0,0.0
2018-10-02 17:00:00,27.78,301.61127,994.872,6.093745,44.594048,0.0,0.0
2018-10-02 18:00:00,27.6,300.2871,994.77405,5.560849,57.42922,0.0,0.0
2018-10-02 19:00:00,26.13,299.22595,994.62854,4.9982142,62.536766,0.0,0.0
2018-10-02 20:00:00,25.66,298.67523,995.22174,4.3538413,63.731148,0.0,0.0
2018-10-02 21:00:00,25.49,298.1972,995.89825,3.6908183,65.02396,0.0,0.0
2018-10-02 22:00:00,24.79,298.24265,996.56006,3.2102602,64.39853,0.0,0.0
2018-10-02 23:00:00,24.81,300.14578,997.17126,4.24623,55.835117,0.0,0.0
2018-10-03 00:00:00,24.24,302.72504,997.354,4.347995,45.14136,0.0017074019,0.0
2018-10-03 01:00:00,23.98,305.49255,997.1357,4.1315026,35.615055,0.0,0.0
2018-10-03 02:00:00,23.71,307.92926,996.3691,3.8312483,27.52269,0.0,0.0
2018-10-03 03:00:00,23.72,309.61053,995.4384,3.6595762,21.814854,0.0,0.0
2018-10-03 04:00:00,23.47,310.737,994.27966,3.4996443,18.984373,0.0,0.0
2018-10-03 05:00:00,24.08,311.43802,993.3162,3.1298892,17.401146,0.0,0.0
2018-10-03 06:00:00,24.59,311.80832,992.60126,2.5780327,16.297503,0.0,0.0
2018-10-03 07:00:00,24.9,312.54724,991.9197,2.9771113,13.706018,0.0,0.0
2018-10-03 08:00:00,24.77,312.28955,992.1138,2.7838023,13.677135,0.0,0.0
2018-10-03 09:00:00,24.54,311.84436,992.3645,2.1397958,13.824264,0.0,0.0
2018-10-03 10:00:00,24.7,311.0461,992.8695,1.0456607,14.50662,0.0,0.0
2018-10-03 11:00:00,24.87,310.31232,993.4492,1.6107846,15.396743,0.0,0.0
2018-10-03 12:00:00,24.94,308.98932,993.86914,1.9267029,16.946478,0.0,0.0
2018-10-03 13:00:00,25.0,307.6482,994.11237,1.8934823,18.681892,0.0,0.0
2018-10-03 14:00:00,25.3,306.4824,994.3457,1.3019607,20.592794,0.0,0.0
2018-10-03 15:00:00,26.12,305.3573,994.84937,4.313809,23.529871,0.0,0.0
2018-10-03 16:00:00,27.22,303.01825,994.7776,6.374936,38.863327,0.0,0.0
2018-10-03 17:00:00,29.23,301.70776,994.85626,6.280347,48.65751,0.0,0.0
2018-10-03 18:00:00,30.32,300.81088,995.0162,6.332748,52.43202,0.0,0.0
2018-10-03 19:00:00,30.09,298.9686,994.85236,6.0499687,63.6832,0.0,0.0
2018-10-03 20:00:00,29.66,298.7472,995.6071,5.3132267,60.654713,0.0,0.0
2018-10-03 21:00:00,29.14,298.37878,996.2745,4.4395857,60.426132,0.0,0.0
2018-10-03 22:00:00,28.26,298.43494,996.9973,3.7264266,60.319035,0.0,0.0
2018-10-03 23:00:00,27.69,300.28845,997.6941,4.590098,52.508354,0.0,0.0
2018-10-04 00:00:00,27.22,303.20197,997.95123,4.9496655,39.138916,0.0012814999,0.0
2018-10-04 01:00:00,26.6,306.1813,997.4794,5.6265364,27.806341,0.0,0.0
2018-10-04 02:00:00,25.87,308.33096,996.53534,5.533088,23.050442,0.0,0.0
2018-10-04 03:00:00,25.17,309.85687,995.2799,4.9041824,20.675537,0.0,0.0
2018-10-04 04:00:00,24.84,310.97345,993.9833,4.3055964,18.90919,0.0,0.0
2018-10-04 05:00:00,24.5,311.6834,992.8347,3.7253377,17.473131,0.0,0.0
2018-10-04 06:00:00,24.02,312.05994,992.19147,2.9992154,16.491558,0.0,0.0
2018-10-04 07:00:00,23.61,312.49896,991.5675,3.1050384,15.042973,0.0,0.0
2018-10-04 08:00:00,24.05,312.39795,991.8105,3.0823355,14.841885,0.0,0.0
2018-10-04 09:00:00,24.61,311.89465,991.911,2.3973653,14.969802,0.0,0.0
2018-10-04 10:00:00,24.71,310.96893,992.35,1.3249285,15.793945,0.0,0.0
2018-10-04 11:00:00,24.3,309.9994,993.02625,2.173898,16.913586,0.0,0.0
2018-10-04 12:00:00,24.14,308.57086,993.3244,2.6219184,18.62827,0.0,0.0
2018-10-04 13:00:00,24.45,307.19012,993.67065,2.944695,20.536255,0.0,0.0
2018-10-04 14:00:00,25.62,306.0688,993.96594,4.14148,23.622,0.0,0.0
2018-10-04 15:00:00,27.17,304.41913,994.29956,5.6704745,30.05317,0.0,0.0
2018-10-04 16:00:00,28.85,302.8134,994.2924,6.761269,36.98942,0.0,0.0
2018-10-04 17:00:00,28.88,301.9626,994.4891,6.5475225,40.163914,0.0,0.0
2018-10-04 18:00:00,28.08,301.35104,994.50024,6.029128,42.208214,0.0,0.0
2018-10-04 19:00:00,27.52,300.31763,994.21967,5.371433,44.955883,0.0,0.0
2018-10-04 20:00:00,27.31,299.73535,994.8931,4.3503003,46.758762,0.0,0.0
2018-10-04 21:00:00,27.66,299.1386,995.64874,3.6864204,48.9408,0.0,0.0
2018-10-04 22:00:00,27.85,299.1538,996.2494,3.1653292,49.54598,0.0,0.0
2018-10-04 23:00:00,27.57,301.35864,997.3261,3.648762,43.125267,0.0,0.0
2018-10-05 00:00:00,28.5,303.91272,997.6328,3.6105313,34.96205,0.0,0.0
2018-10-05 01:00:00,29.09,306.5623,997.5105,3.826547,27.429815,0.0,0.0
2018-10-05 02:00:00,29.32,308.66913,996.5719,4.620492,22.42416,0.0,0.0
2018-10-05 03:00:00,29.08,310.04993,995.61096,4.5301414,20.652351,0.0,0.0
2018-10-05 04:00:00,28.65,311.07156,994.40356,4.119977,19.278229,0.0,0.0
2018-10-05 05:00:00,28.27,311.68506,993.2386,3.522102,18.353071,0.0,0.0
2018-10-05 06:00:00,28.41,312.16504,992.66327,2.2584896,17.2624,0.0,0.0
2018-10-05 07:00:00,27.84,311.3695,992.32587,1.4116108,18.881498,0.0,0.0
2018-10-05 08:00:00,27.85,311.23224,992.5666,1.2621486,18.846228,0.0,0.0
2018-10-05 09:00:00,27.64,310.9406,993.0637,1.138087,19.06808,0.0,0.0
2018-10-05 10:00:00,27.08,310.5312,993.8557,1.0504831,19.53037,0.0,0.0
2018-10-05 11:00:00,26.33,309.9334,994.3452,1.2870688,20.390038,0.0,0.0
2018-10-05 12:00:00,25.46,309.1668,994.8845,1.6859714,21.494152,0.0,0.0
2018-10-05 13:00:00,25.81,308.05386,994.9333,2.282948,22.845259,0.0,0.0
2018-10-05 14:00:00,26.47,307.1501,994.7737,2.8776686,23.785833,0.0,0.0
2018-10-05 15:00:00,27.51,306.55,994.39624,3.8244543,24.49673,0.0,0.0
2018-10-05 16:00:00,28.12,305.37546,993.84406,5.6137156,27.886587,0.0,0.0
2018-10-05 17:00:00,28.25,304.5363,993.8184,6.250912,31.016811,0.0,0.0
2018-10-05 18:00:00,28.2,303.96228,993.4352,5.2551723,29.901346,0.0,0.0
2018-10-05 19:00:00,28.01,302.54193,993.575,4.122372,30.63906,0.0,0.0
2018-10-05 20:00:00,28.28,301.69293,994.3321,3.3424037,31.60082,0.0,0.0
2018-10-05 21:00:00,28.3,300.89792,995.1883,2.8801267,33.317352,0.0,0.0
2018-10-05 22:00:00,28.34,300.79285,995.8728,2.4751613,34.160835,0.0,0.0
2018-10-05 23:00:00,28.31,302.8026,997.20935,2.8758693,30.116957,0.0,0.0
2018-10-06 00:00:00,27.7,304.84293,997.31323,2.7304602,25.285664,0.0017217577,0.0
2018-10-06 01:00:00,27.45,306.8169,996.95935,2.846327,21.90831,0.0,0.0
2018-10-06 02:00:00,27.38,308.9015,996.2497,3.4648604,19.148802,0.0,0.0
2018-10-06 03:00:00,27.22,310.58133,995.1772,4.04241,17.154083,0.0,0.0
2018-10-06 04:00:00,27.04,311.74915,993.9143,4.2393413,15.883062,0.0,0.0
2018-10-06 05:00:00,26.69,312.50848,993.0408,3.9161909,15.118706,0.0,0.0
2018-10-06 06:00:00,26.56,312.81894,992.448,2.9895,14.742727,0.0,0.0
2018-10-06 07:00:00,26.45,312.87006,991.93896,1.283471,14.028417,0.0,0.0
2018-10-06 08:00:00,26.6,312.60217,992.0497,0.8493084,13.905642,0.0,0.0
2018-10-06 09:00:00,26.67,312.39856,992.3364,1.8920919,13.911064,0.0,0.0
2018-10-06 10:00:00,26.56,311.82233,992.75806,3.0938246,14.514372,0.0,0.0
2018-10-06 11:00:00,26.75,310.7591,993.57983,3.5969985,15.743648,0.0,0.0
2018-10-06 12:00:00,27.11,309.81677,993.8322,3.680215,16.892477,0.0,0.0
2018-10-06 13:00:00,26.99,309.0202,994.07904,3.6430607,17.911043,0.0,0.0
2018-10-06 14:00:00,27.14,308.34464,993.97455,3.3333645,18.788988,0.0,0.0
2018-10-06 15:00:00,28.11,307.28882,993.5614,3.1729794,20.12358,0.0,0.0
2018-10-06 16:00:00,28.68,306.42203,993.2475,4.3511577,22.145424,0.0,0.0
2018-10-06 17:00:00,28.38,305.50916,992.923,5.746741,24.013834,0.0,0.0
2018-10-06 18:00:00,27.85,304.8664,992.7859,5.7121334,24.058428,0.0,0.0
2018-10-06 19:00:00,27.76,303.72482,993.1638,4.987134,25.578707,0.0,0.0
2018-10-06 20:00:00,28.02,303.0151,993.53125,4.0742264,25.856012,0.0,0.0
2018-10-06 21:00:00,27.73,302.1006,994.2686,3.1493528,26.87939,0.0,0.0
2018-10-06 22:00:00,27.25,301.87823,994.84094,2.857577,26.93429,0.0,0.0
2018-10-06 23:00:00,26.78,303.8326,995.8402,3.7608435,23.267784,0.0,0.0
2018-10-07 00:00:00,26.2,305.79907,996.1824,4.248965,20.406296,0.001291683,0.0
2018-10-07 01:00:00,25.63,307.7516,995.6183,4.7383842,18.087353,0.0,0.0
2018-10-07 02:00:00,25.59,309.7223,994.9219,5.0268803,16.000616,0.0,0.0
2018-10-07 03:00:00,25.65,311.58096,993.9614,4.9912343,14.165145,0.0,0.0
2018-10-07 04:00:00,25.35,312.9793,992.5795,4.3933663,12.844513,0.0,0.0
2018-10-07 05:00:00,24.99,313.77692,991.4727,3.2242184,12.193049,0.0,0.0
2018-10-07 06:00:00,24.86,313.9155,990.6252,1.7709163,12.264748,0.0,0.0
2018-10-07 07:00:00,25.13,313.94867,990.42456,1.184171,12.156004,0.0,0.0
2018-10-07 08:00:00,24.78,313.7879,990.3198,1.8154463,12.224128,0.0,0.0
2018-10-07 09:00:00,24.71,313.35916,990.5411,2.9149039,12.587142,0.0,0.0
2018-10-07 10:00:00,25.11,312.34964,991.065,3.3800719,13.528454,0.0,0.0
2018-10-07 11:00:00,25.16,311.0927,991.6278,3.4447913,14.717026,0.0,0.0
2018-10-07 12:00:00,25.28,309.78387,991.9481,3.1508262,15.960759,0.0,0.0
2018-10-07 13:00:00,25.54,308.44247,992.3209,3.1012566,17.329557,0.0,0.0
2018-10-07 14:00:00,25.54,307.4753,992.32635,3.4412146,18.31174,0.0,0.0
2018-10-07 15:00:00,25.9,306.49536,992.2567,4.8949943,20.21779,0.0,0.0
2018-10-07 16:00:00,26.87,305.44647,991.65894,5.7308097,25.496534,0.0,0.0
2018-10-07 17:00:00,27.46,304.7849,991.39624,5.313841,27.425333,0.0,0.0
2018-10-07 18:00:00,28.56,304.3723,990.9693,4.856277,26.673317,0.0,0.0
2018-10-07 19:00:00,29.97,303.19632,992.00214,3.7638237,28.472418,0.0,0.0
2018-10-07 20:00:00,30.35,302.64902,992.2912,3.749806,28.372547,0.0,0.0
2018-10-07 21:00:00,30.48,302.31738,993.1283,3.9139931,28.671122,0.0,0.0
2018-10-07 22:00:00,30.09,302.31772,993.48706,3.924102,28.668144,0.0,0.0
2018-10-07 23:00:00,29.24,303.8277,994.21405,4.848064,26.097446,0.0,0.0
2018-10-08 00:00:00,28.18,306.07822,994.4969,5.108729,22.697899,0.0,0.0
2018-10-08 01:00:00,28.14,308.2382,994.3057,5.0810738,19.488466,0.0,0.0
2018-10-08 02:00:00,28.3,310.2566,993.56915,4.666359,16.703335,0.0,0.0
2018-10-08 03:00:00,28.55,312.09772,992.47797,3.870148,14.41133,0.0,0.0
2018-10-08 04:00:00,28.48,313.62427,991.3387,3.3383372,12.50772,0.0,0.0
2018-10-08 05:00:00,28.19,314.47296,990.19214,2.7272387,11.515729,0.0,0.0
2018-10-08 06:00:00,28.13,314.82584,989.32153,2.1718132,10.895852,0.0,0.0
2018-10-08 07:00:00,27.55,314.90826,989.02026,3.710915,11.415917,0.0,0.0
2018-10-08 08:00:00,27.3,314.3036,989.0767,4.003543,11.805662,0.0,0.0
2018-10-08 09:00:00,27.48,313.62927,989.2919,4.0593753,12.286646,0.0,0.0
2018-10-08 10:00:00,27.84,312.60095,990.03687,3.5485394,13.110635,0.0,0.0
2018-10-08 11:00:00,27.73,311.6634,990.6233,3.403018,13.877513,0.0,0.0
2018-10-08 12:00:00,28.01,310.51935,991.2092,3.4221091,14.748406,0.0,0.0
2018-10-08 13:00:00,27.78,309.56158,991.60815,3.509178,15.412073,0.0,0.0
2018-10-08 14:00:00,27.76,308.40118,991.6786,3.6736195,16.288229,0.0,0.0
2018-10-08 15:00:00,27.7,307.29706,991.6333,4.5011153,17.081387,0.0,0.0
2018-10-08 16:00:00,27.72,306.5279,991.0408,5.181938,17.750994,0.0,0.0
2018-10-08 17:00:00,27.49,305.92813,990.85077,4.722791,18.593391,0.0,0.0
2018-10-08 18:00:00,27.38,304.89966,990.7332,3.8497686,19.980013,0.0,0.0
2018-10-08 19:00:00,27.02,302.39935,991.2067,2.9055781,25.604252,0.0,0.0
2018-10-08 20:00:00,26.44,301.7105,991.6983,2.8255131,29.755524,0.0,0.0
2018-10-08 21:00:00,26.08,301.3642,992.3222,2.6060376,33.65151,0.0,0.0
2018-10-08 22:00:00,25.78,301.51978,992.80695,2.6689074,35.965042,0.0,0.0
2018-10-08 23:00:00,25.83,304.68042,993.6114,3.3286839,29.99943,0.0,0.0
2018-10-09 00:00:00,27.55,307.97296,993.7433,3.822198,19.375502,0.0,0.0
2018-10-09 01:00:00,27.95,309.98346,993.70764,3.4876902,15.883225,0.0,0.0
2018-10-09 02:00:00,27.47,311.90802,992.8728,3.680046,13.747551,0.0,0.0
2018-10-09 03:00:00,27.05,313.52866,991.92267,4.250546,12.138334,0.0,0.0
2018-10-09 04:00:00,26.89,314.46677,990.56146,4.155959,11.542725,0.0,0.0
2018-10-09 05:00:00,26.76,314.9188,989.535,3.5052686,11.30499,0.0,0.0
2018-10-09 06:00:00,26.53,314.95197,988.8074,2.981908,11.240279,0.0,0.0
2018-10-09 07:00:00,26.7,315.24963,987.90704,2.6556184,11.204551,0.0,0.0
2018-10-09 08:00:00,27.01,313.83588,988.6281,6.4252706,13.190201,0.0,0.0
2018-10-09 09:00:00,27.07,312.12006,989.0212,8.006844,15.545581,0.0,0.0
2018-10-09 10:00:00,27.59,311.0747,990.04315,5.793675,16.13401,0.0,0.0
2018-10-09 11:00:00,28.2,310.22052,990.63837,3.2902281,16.644398,0.0,0.0
2018-10-09 12:00:00,29.22,309.30563,990.89044,2.4986024,17.42986,0.0,0.0
2018-10-09 13:00:00,30.69,307.9804,991.5422,1.0635924,20.00204,0.0,0.0
2018-10-09 14:00:00,33.03,306.91956,992.15704,2.1133764,21.03887,0.0,0.0
2018-10-09 15:00:00,33.4,305.38834,992.52625,4.3665004,29.694403,0.0,0.0
2018-10-09 16:00:00,33.45,303.54565,992.3139,5.1932282,42.232063,0.0,0.0
2018-10-09 17:00:00,34.01,302.27457,992.1983,5.110656,48.63009,0.0,0.0
2018-10-09 18:00:00,34.63,301.48575,992.0371,4.4052253,51.84853,0.0,0.0
2018-10-09 19:00:00,35.64,300.56116,991.9391,3.5017006,56.77467,0.0,0.0
2018-10-09 20:00:00,36.22,299.93848,992.3568,2.702257,59.792812,0.0,0.0
2018-10-09 21:00:00,36.02,299.46893,993.24274,1.8915088,62.25269,0.0,0.0
2018-10-09 22:00:00,34.94,299.76154,994.0518,2.010849,61.55427,0.0,0.0
2018-10-09 23:00:00,34.1,301.3305,994.8537,3.151748,55.33302,0.0,0.0
2018-10-10 00:00:00,33.47,303.30835,995.0042,3.2683854,46.95912,0.0,0.0
2018-10-10 01:00:00,33.65,305.57727,994.8191,3.049551,38.579906,0.0,0.0
2018-10-10 02:00:00,33.31,307.65704,994.1898,2.7778,32.303013,0.0,0.0
2018-10-10 03:00:00,33.17,309.63663,993.16986,2.6594865,27.22628,0.0,0.0
2018-10-10 04:00:00,32.87,311.21063,991.78296,2.7243352,23.13517,0.013977289,0.0
2018-10-10 05:00:00,33.05,312.39157,990.7212,2.7157402,20.039454,0.015735626,0.0
2018-10-10 06:00:00,33.62,312.99207,989.94617,2.632754,18.16067,0.0,0.0
2018-10-10 07:00:00,34.34,313.52618,989.27466,2.8069758,16.30446,0.0,0.0
2018-10-10 08:00:00,34.77,313.19653,989.1078,3.8848593,16.354923,0.009715557,0.0
2018-10-10 09:00:00,35.32,309.51486,990.6957,10.083823,24.306427,0.105425715,0.0
2018-10-10 10:00:00,35.43,308.419,991.885,7.0626583,24.746035,0.0,0.0
2018-10-10 11:00:00,34.23,308.00647,992.5145,3.930443,24.789036,0.0,0.0
2018-10-10 12:00:00,33.02,307.491,993.2683,2.5739326,25.66195,0.0,0.0
2018-10-10 13:00:00,32.28,306.64246,993.6822,3.3752947,27.82689,0.0,0.0
2018-10-10 14:00:00,32.8,305.34384,994.302,3.5902827,33.879955,0.0,0.0
2018-10-10 15:00:00,35.75,304.0848,994.8889,3.0884223,40.061966,0.042244792,0.0
2018-10-10 16:00:00,39.05,303.32935,994.7678,3.0772736,42.469994,0.0,0.0
2018-10-10 17:00:00,40.53,302.6964,994.3482,2.5972528,44.901775,0.0,0.0
2018-10-10 18:00:00,41.11,301.9084,994.0684,2.309158,48.85586,0.0,0.0
2018-10-10 19:00:00,39.52,298.03943,995.36096,7.261579,70.08281,0.0,0.0
2018-10-10 20:00:00,38.94,297.5231,995.885,6.358253,70.06239,0.0,0.0
2018-10-10 21:00:00,38.81,297.25162,996.3022,5.459751,69.479965,0.0,0.0
2018-10-10 22:00:00,38.66,297.48145,997.1936,5.9402914,67.12866,0.0,0.0
2018-10-10 23:00:00,37.96,298.8709,997.8999,6.570923,60.546303,0.0,0.0
2018-10-11 00:00:00,38.59,301.11816,998.1774,6.7364917,51.3795,0.19009902,0.0
2018-10-11 01:00:00,37.64,303.55502,997.7111,6.795531,42.166954,0.0,0.0
2018-10-11 02:00:00,36.33,306.02515,996.7528,6.3753586,34.474285,0.0,0.0
2018-10-11 03:00:00,34.74,307.6333,995.795,5.262144,29.726917,0.0,0.0
2018-10-11 04:00:00,33.7,309.04095,994.5086,4.092559,25.20326,0.0,0.0
2018-10-11 05:00:00,32.66,310.09274,993.3873,3.0579727,21.827095,0.004529953,0.0
2018-10-11 06:00:00,31.57,310.5526,992.52576,2.2312832,19.901484,0.0016912818,0.0
2018-10-11 07:00:00,31.38,310.22778,992.6767,3.062439,21.093924,0.0,0.0
2018-10-11 08:00:00,31.25,310.0121,992.3706,2.5260656,21.092958,0.0,0.0
2018-10-11 09:00:00,31.36,309.60184,992.5119,2.1787102,21.514654,0.0,0.0
2018-10-11 10:00:00,31.41,308.89392,993.0628,1.6185807,22.830967,0.0,0.0
2018-10-11 11:00:00,31.59,308.18646,993.66956,1.1626213,24.46112,0.0,0.0
2018-10-11 12:00:00,31.6,307.28268,994.29065,1.3866448,26.683327,0.0,0.0
2018-10-11 13:00:00,31.87,305.90735,994.8016,1.3120812,31.498442,0.0,0.0
2018-10-11 14:00:00,33.31,304.85046,994.9266,1.3249956,33.619324,0.0030249357,0.0
2018-10-11 15:00:00,35.2,303.8551,994.7885,1.9085798,34.62426,0.0017732382,0.0
2018-10-11 16:00:00,38.1,303.51526,994.58,0.53760386,36.04271,0.0,0.0
2018-10-11 17:00:00,39.28,302.5136,994.66797,2.5714493,39.440556,0.0,0.0
2018-10-11 18:00:00,38.67,301.17987,994.2636,4.563281,53.170074,0.0,0.0
2018-10-11 19:00:00,38.03,299.9923,994.46857,4.8527136,65.75318,0.0,0.0
2018-10-11 20:00:00,37.62,299.57495,994.71844,4.046021,65.51567,0.0,0.0
2018-10-11 21:00:00,37.49,299.1159,995.5528,3.7339025,66.63425,0.0,0.0
2018-10-11 22:00:00,37.21,298.998,996.2661,3.5570724,68.02707,0.0,0.0
2018-10-11 23:00:00,37.43,300.16513,997.1665,3.9205432,64.21266,0.0,0.0
2018-10-12 00:00:00,40.45,302.23737,997.33966,3.8697314,56.831306,0.014537573,0.0
2018-10-12 01:00:00,40.36,304.59656,996.93823,3.754803,48.21346,0.0,0.0
2018-10-12 02:00:00,39.78,306.8023,996.1889,3.631127,40.07288,0.0,0.0
2018-10-12 03:00:00,38.29,308.67334,995.1989,3.676128,33.54122,0.0081807375,0.0
2018-10-12 04:00:00,37.2,310.04486,994.2464,3.7424178,28.844732,0.0,0.0
2018-10-12 05:00:00,36.29,310.51227,993.2045,3.7716403,26.390928,0.0,0.0
2018-10-12 06:00:00,35.98,310.4432,992.4231,3.6519241,25.02982,0.0,0.0
2018-10-12 07:00:00,35.42,311.46057,991.4004,4.2090874,18.343914,0.0,0.0
2018-10-12 08:00:00,34.26,311.31137,991.2536,4.100877,17.762646,0.0,0.0
2018-10-12 09:00:00,33.18,310.73914,991.2581,3.9689982,18.157152,0.0,0.0
2018-10-12 10:00:00,32.29,309.65317,991.89343,3.320801,19.63718,0.0,0.0
2018-10-12 11:00:00,32.06,308.83344,992.64374,3.4986165,20.989883,0.0,0.0
2018-10-12 12:00:00,33.09,307.67957,993.24097,3.7589383,22.721264,0.0,0.0
2018-10-12 13:00:00,34.51,306.74524,993.7319,3.8328006,23.989483,0.0,0.0
2018-10-12 14:00:00,34.59,306.0831,993.8441,3.3806283,24.764616,0.0,0.0
2018-10-12 15:00:00,33.25,305.2026,993.45044,2.6305652,26.038847,0.0,0.0
2018-10-12 16:00:00,32.48,304.2038,993.19775,2.8449407,28.020683,0.0,0.0
2018-10-12 17:00:00,32.36,303.4239,992.8921,4.248408,32.81263,0.0,0.0
2018-10-12 18:00:00,33.2,302.69696,992.59436,4.163005,38.57232,0.0,0.0
2018-10-12 19:00:00,33.5,301.3974,992.65356,3.4792273,46.112312,0.0,0.0
2018-10-12 20:00:00,32.35,300.8094,993.40314,3.3325946,46.38957,0.0,0.0
2018-10-12 21:00:00,31.04,300.07373,994.1397,2.954547,46.589462,0.0,0.0
2018-10-12 22:00:00,30.1,300.29535,994.91156,2.4316716,44.607697,0.0,0.0
2018-10-12 23:00:00,29.1,302.18985,995.7229,2.9286036,36.38547,0.0,0.0
2018-10-13 00:00:00,27.24,303.85083,995.91034,3.1112752,29.909712,0.009033084,0.0
2018-10-13 01:00:00,26.77,305.92126,995.6895,3.2411206,24.506721,0.0,0.0
2018-10-13 02:00:00,26.28,308.28162,994.7699,3.5613976,19.796137,0.0,0.0
2018-10-13 03:00:00,25.8,310.30145,993.80237,4.0242653,16.28953,0.0,0.0
2018-10-13 04:00:00,25.31,311.40686,992.53705,3.6541116,14.6048765,0.0,0.0
2018-10-13 05:00:00,24.72,312.148,991.3622,3.076786,13.541121,0.0,0.0
2018-10-13 06:00:00,24.11,312.63818,990.41986,2.7755597,12.512213,0.0,0.0
2018-10-13 07:00:00,23.44,312.50153,989.9881,3.0406544,11.969302,0.0,0.0
2018-10-13 08:00:00,23.75,312.20563,989.6621,3.158103,12.035302,0.0,0.0
2018-10-13 09:00:00,23.98,311.75226,989.95544,3.1307461,12.274211,0.0,0.0
2018-10-13 10:00:00,24.11,310.76904,990.4467,2.4263554,13.253286,0.0,0.0
2018-10-13 11:00:00,24.21,309.64508,991.1024,2.3229847,14.546275,0.0,0.0
2018-10-13 12:00:00,24.49,308.26035,991.526,2.5080466,16.119558,0.0,0.0
2018-10-13 13:00:00,24.7,306.90094,991.8314,2.764563,17.700764,0.0,0.0
2018-10-13 14:00:00,24.7,305.77515,992.2386,4.321085,19.843037,0.0,0.0
2018-10-13 15:00:00,25.22,304.87854,992.36017,6.56949,28.569763,0.0,0.0
2018-10-13 16:00:00,25.5,304.39813,991.73346,6.8103375,30.60654,0.0,0.0
2018-10-13 17:00:00,25.6,303.9896,991.48596,6.2818995,27.404713,0.0,0.0
2018-10-13 18:00:00,25.36,303.0393,991.2268,5.6508665,26.503244,0.0,0.0
2018-10-13 19:00:00,25.43,301.5972,991.28156,4.8239007,27.601913,0.0,0.0
2018-10-13 20:00:00,25.45,300.7929,991.88904,3.8933074,29.209534,0.0,0.0
2018-10-13 21:00:00,24.87,300.0354,992.77655,3.010314,31.107384,0.0,0.0
2018-10-13 22:00:00,24.13,300.22397,993.40735,2.29097,31.353205,0.0,0.0
2018-10-13 23:00:00,23.22,302.1487,994.4878,3.0014422,28.07652,0.0,0.0
2018-10-14 00:00:00,24.01,303.7174,995.04767,3.513466,25.640062,0.0,0.0
2018-10-14 01:00:00,24.52,305.59656,995.10803,3.7974126,22.63015,0.0,0.0
2018-10-14 02:00:00,24.88,307.92505,994.53107,4.2920012,19.077297,0.0,0.0
2018-10-14 03:00:00,25.11,309.99905,993.6211,5.131694,15.736574,0.0,0.0
2018-10-14 04:00:00,24.92,311.40765,992.2974,5.8196683,13.1630125,0.0,0.0
2018-10-14 05:00:00,24.74,312.09357,991.55334,6.0252914,12.030845,0.0,0.0
2018-10-14 06:00:00,24.16,312.45605,990.8022,6.0652757,11.656682,0.0,0.0
2018-10-14 07:00:00,23.0,312.63104,990.37787,6.2820187,11.896377,0.0,0.0
2018-10-14 08:00:00,21.93,312.2545,990.28815,6.255272,12.522535,0.0,0.0
2018-10-14 09:00:00,21.32,311.6291,990.6546,5.8521914,13.0131035,0.0,0.0
2018-10-14 10:00:00,21.21,310.53876,991.56085,4.53756,13.625339,0.0,0.0
2018-10-14 11:00:00,21.33,309.30368,992.35486,3.6457512,14.286573,0.0,0.0
2018-10-14 12:00:00,22.02,307.91193,992.625,3.4657612,15.171022,0.0,0.0
2018-10-14 13:00:00,22.36,306.7782,993.4547,4.723871,16.480637,0.0,0.0
2018-10-14 14:00:00,22.77,305.89127,993.97736,6.1536617,19.753687,0.0,0.0
2018-10-14 15:00:00,22.17,304.76935,993.98706,5.677156,23.819078,0.0,0.0
2018-10-14 16:00:00,21.37,303.6268,993.38806,4.640493,26.42029,0.0,0.0
2018-10-14 17:00:00,20.69,302.53442,992.91187,4.260887,28.202948,0.0,0.0
2018-10-14 18:00:00,19.99,301.56763,992.71576,4.297366,29.176907,0.0,0.0
2018-10-14 19:00:00,18.89,300.4081,992.7554,4.200162,30.076674,0.0,0.0
2018-10-14 20:00:00,18.36,299.54523,993.21155,3.981216,30.483118,0.0,0.0
2018-10-14 21:00:00,18.17,298.647,993.9205,3.5655518,31.340244,0.0,0.0
2018-10-14 22:00:00,18.06,298.6121,994.642,2.6860938,31.316467,0.0,0.0
2018-10-14 23:00:00,18.52,300.71136,995.60016,3.3538392,27.579742,0.0,0.0
2018-10-15 00:00:00,19.01,302.7165,995.937,4.325175,25.74882,0.0,0.0
2018-10-15 01:00:00,18.73,304.8062,995.9221,4.298333,24.65394,0.0,0.0
2018-10-15 02:00:00,18.83,307.13843,995.2336,4.0185647,21.568075,0.0,0.0
2018-10-15 03:00:00,18.79,309.26828,994.34546,3.5956204,17.459717,0.0,0.0
2018-10-15 04:00:00,18.24,310.8062,993.21515,3.3413157,13.842066,0.0,0.0
2018-10-15 05:00:00,18.11,311.82745,992.19775,3.4879205,11.792586,0.0,0.0
2018-10-15 06:00:00,18.13,312.378,991.5264,3.8533113,10.9642105,0.0,0.0
2018-10-15 07:00:00,17.74,312.21036,991.2992,4.3343425,11.226596,0.0,0.0
2018-10-15 08:00:00,17.82,312.00793,991.6105,4.651824,11.0211115,0.0,0.0
2018-10-15 09:00:00,17.78,311.3039,991.86053,4.631207,11.012804,0.0,0.0
2018-10-15 10:00:00,17.37,309.92316,992.6827,3.4576263,11.55711,0.0,0.0
2018-10-15 11:00:00,17.25,308.55566,993.34204,3.11849,12.201478,0.0,0.0
2018-10-15 12:00:00,17.31,307.19473,993.7257,3.2288208,12.86655,0.0,0.0
2018-10-15 13:00:00,17.08,305.86163,994.4025,3.384357,13.522117,0.0,0.0
2018-10-15 14:00:00,16.82,304.60382,994.58624,3.7959948,14.071597,0.0,0.0
2018-10-15 15:00:00,16.67,303.55682,994.08154,4.2643266,14.4011545,0.0,0.0
2018-10-15 16:00:00,16.65,302.717,993.3793,4.7299423,14.576525,0.0,0.0
2018-10-15 17:00:00,16.64,301.9851,992.72266,5.108873,14.682892,0.0,0.0
2018-10-15 18:00:00,17.08,301.32727,992.5642,5.0140276,14.804292,0.0,0.0
2018-10-15 19:00:00,17.66,300.06174,992.9761,5.3258176,16.015764,0.0,0.0
2018-10-15 20:00:00,18.03,299.50732,993.4764,5.176953,16.258875,0.0,0.0
2018-10-15 21:00:00,18.17,298.8333,994.1708,4.5798836,17.025923,0.0,0.0
2018-10-15 22:00:00,17.68,299.1083,995.0901,3.7833636,17.148663,0.0,0.0
2018-10-15 23:00:00,17.38,301.64056,995.9872,4.7573814,14.9344845,0.0,0.0
2018-10-16 00:00:00,16.65,304.33582,996.3672,5.7376366,12.731049,0.0,0.0
2018-10-16 01:00:00,16.47,307.05756,996.10376,5.8285313,10.779964,0.0,0.0
2018-10-16 02:00:00,16.49,309.42767,995.38586,5.496086,9.345886,0.0,0.0
2018-10-16 03:00:00,16.44,310.87048,994.1344,4.1288624,8.764813,0.0,0.0
2018-10-16 04:00:00,16.32,311.7567,992.832,2.9998724,8.293661,0.0,0.0
2018-10-16 05:00:00,15.8,312.4273,991.7748,2.7017598,8.1678705,0.0,0.0
2018-10-16 06:00:00,15.79,312.7804,990.8497,2.6413398,8.244524,0.0,0.0
2018-10-16 07:00:00,15.6,312.7817,990.1014,2.8496573,8.163527,0.0,0.0
2018-10-16 08:00:00,15.75,312.52557,990.1819,2.9604704,8.345493,0.0,0.0
2018-10-16 09:00:00,15.95,311.8902,990.52234,3.2240021,8.609232,0.0,0.0
2018-10-16 10:00:00,16.0,310.39307,991.4373,3.244098,9.357812,0.0,0.0
2018-10-16 11:00:00,15.96,308.877,991.83844,3.9387987,10.09489,0.0,0.0
2018-10-16 12:00:00,15.98,307.53113,992.27673,4.47882,10.655672,0.0,0.0
2018-10-16 13:00:00,15.78,306.3432,992.59564,4.863297,11.056446,0.0,0.0
2018-10-16 14:00:00,15.76,305.2619,992.5081,4.9467516,11.382297,0.0,0.0
2018-10-16 15:00:00,15.81,304.30328,992.33014,4.606719,11.71041,0.0,0.0
2018-10-16 16:00:00,15.68,303.16684,991.7264,4.1058674,12.335241,0.0,0.0
2018-10-16 17:00:00,15.95,302.25342,991.5201,3.4343982,12.97329,0.0,0.0
2018-10-16 18:00:00,16.06,301.07254,991.30865,2.9974177,13.955237,0.0,0.0
2018-10-16 19:00:00,16.33,299.3604,991.5514,2.9135387,15.256683,0.0,0.0
2018-10-16 20:00:00,16.55,298.39755,991.78076,2.8650813,16.089417,0.0,0.0
2018-10-16 21:00:00,16.84,297.5711,992.65393,2.0982385,17.32407,0.0,0.0
2018-10-16 22:00:00,16.79,297.7082,993.2952,2.1057045,17.639355,0.0,0.0
2018-10-16 23:00:00,16.99,301.51825,993.7566,2.9505022,13.725555,0.0,0.0
2018-10-17 00:00:00,16.92,305.4308,993.77155,3.821405,11.111068,0.0,0.0
2018-10-17 01:00:00,17.33,308.6749,993.66956,4.1682115,9.492985,0.0,0.0
2018-10-17 02:00:00,17.44,311.17624,992.9338,4.33147,8.525291,0.0,0.0
2018-10-17 03:00:00,17.31,312.75174,992.0786,3.5547955,8.11563,0.0,0.0
2018-10-17 04:00:00,17.23,313.49628,990.8933,2.2793672,8.325278,0.0,0.0
2018-10-17 05:00:00,17.38,313.9134,989.79126,1.4472009,8.428735,0.0,0.0
2018-10-17 06:00:00,17.37,314.10675,988.9992,0.8048488,8.358401,0.0,0.0
2018-10-17 07:00:00,17.42,314.3667,987.9327,0.19816662,8.301239,0.0,0.0
2018-10-17 08:00:00,17.32,314.1611,987.97034,0.5116824,8.458933,0.0,0.0
2018-10-17 09:00:00,17.35,313.80426,988.1214,1.2858696,8.636599,0.0,0.0
2018-10-17 10:00:00,17.44,312.85162,988.8109,2.5414906,9.178887,0.0,0.0
2018-10-17 11:00:00,18.4,311.70258,989.05164,3.4988904,9.741683,0.0,0.0
2018-10-17 12:00:00,18.96,310.41263,989.46313,3.6472614,10.360965,0.0,0.0
2018-10-17 13:00:00,19.94,309.1474,989.7445,3.227634,11.097108,0.0,0.0
2018-10-17 14:00:00,21.0,307.7325,990.7603,1.5986354,13.134655,0.0,0.0
2018-10-17 15:00:00,21.97,306.1047,991.46826,5.659767,22.869598,0.0,0.0
2018-10-17 16:00:00,22.87,303.7774,991.24646,7.3495812,43.316414,0.0,0.0
2018-10-17 17:00:00,24.8,302.87454,991.3582,5.6082406,49.62887,0.0,0.0
2018-10-17 18:00:00,26.7,302.1972,991.1752,5.5349116,51.206196,0.0,0.0
2018-10-17 19:00:00,27.92,300.18448,991.0862,4.9660516,57.281017,0.0,0.0
2018-10-17 20:00:00,28.95,299.76706,991.42847,4.4193907,56.30137,0.0,0.0
2018-10-17 21:00:00,30.04,299.2594,992.41907,3.9197206,57.2617,0.0,0.0
2018-10-17 22:00:00,31.15,299.65753,993.1747,3.3129234,56.728573,0.0,0.0
2018-10-17 23:00:00,33.02,301.7446,994.0581,4.1377497,49.825207,0.0,0.0
2018-10-18 00:00:00,34.12,304.37894,994.493,4.406564,38.3942,0.0,0.0
2018-10-18 01:00:00,33.71,307.02158,994.3484,4.492598,27.402561,0.0,0.0
2018-10-18 02:00:00,32.35,309.01715,993.95056,4.074267,21.353989,0.0,0.0
2018-10-18 03:00:00,31.53,310.56842,993.15704,3.8475258,17.949871,0.0,0.0
2018-10-18 04:00:00,31.31,311.79126,991.90015,3.8890116,15.828104,0.0,0.0
2018-10-18 05:00:00,31.81,312.47418,990.9943,3.9922452,14.759949,0.0,0.0
2018-10-18 06:00:00,31.74,312.73456,990.30786,4.178225,14.372131,0.0,0.0
2018-10-18 07:00:00,31.62,312.88342,989.675,3.9229717,15.543948,0.0,0.0
2018-10-18 08:00:00,31.92,312.6179,989.8592,3.880907,15.673384,0.0,0.0
2018-10-18 09:00:00,32.12,311.95264,990.24603,3.8851774,16.20792,0.0,0.0
2018-10-18 10:00:00,32.16,310.76703,991.247,3.4322462,17.80998,0.0,0.0
2018-10-18 11:00:00,31.65,309.66882,992.0561,4.1430893,19.80227,0.0,0.0
2018-10-18 12:00:00,31.53,308.37982,992.7271,5.429074,23.551502,0.0,0.0
2018-10-18 13:00:00,32.52,306.69495,993.5098,6.547188,30.77594,0.0,0.0
2018-10-18 14:00:00,35.8,305.02008,994.2976,6.7276096,37.968765,0.0,0.0
2018-10-18 15:00:00,38.57,303.66833,994.57544,6.0898337,45.364857,0.0,0.0
2018-10-18 16:00:00,37.59,302.5327,994.8218,5.54643,51.31495,0.0,0.0
2018-10-18 17:00:00,36.41,301.48816,994.716,5.12473,56.143497,0.0,0.0
2018-10-18 18:00:00,37.87,300.5564,994.5732,4.944467,60.019882,0.0,0.0
2018-10-18 19:00:00,37.77,300.23083,994.4257,4.723351,61.65585,0.0,0.0
2018-10-18 20:00:00,37.86,299.45868,994.7573,4.3438344,65.35843,0.0,0.0
2018-10-18 21:00:00,37.1,298.8789,995.1267,3.885355,68.58962,0.0,0.0
2018-10-18 22:00:00,35.86,298.93512,995.8127,3.9621058,69.19175,0.0,0.0
2018-10-18 23:00:00,35.22,300.529,996.395,4.037964,61.134888,0.0,0.0
2018-10-19 00:00:00,33.28,302.96143,996.54553,3.8422136,48.12713,0.0,0.0
2018-10-19 01:00:00,33.35,305.80002,996.34,3.612207,33.586197,0.0,0.0
2018-10-19 02:00:00,32.8,307.74576,995.9332,3.513206,24.557907,0.0,0.0
2018-10-19 03:00:00,32.04,308.52106,995.0458,3.6794813,21.248514,0.0,0.0
2018-10-19 04:00:00,32.54,309.5922,993.9997,3.9716375,19.231094,0.0,0.0
2018-10-19 05:00:00,32.8,310.09628,993.3758,4.1489296,18.448322,0.0,0.0
2018-10-19 06:00:00,32.82,310.25555,992.6983,4.336953,18.222353,0.0,0.0
2018-10-19 07:00:00,33.0,311.46442,992.01483,3.0245848,17.592016,0.0,0.0
2018-10-19 08:00:00,32.78,311.18237,992.007,3.2497165,17.8543,0.0,0.0
2018-10-19 09:00:00,32.62,310.6615,992.33,3.6414876,18.444351,0.0,0.0
2018-10-19 10:00:00,32.6,309.64795,993.2483,3.5226066,19.777132,0.0,0.0
2018-10-19 11:00:00,32.5,308.7372,993.77655,3.6861398,21.06074,0.0,0.0
2018-10-19 12:00:00,31.77,307.95065,994.3352,3.4385386,22.189766,0.0,0.0
2018-10-19 13:00:00,32.07,307.21893,994.39233,3.2331347,23.285074,0.0,0.0
2018-10-19 14:00:00,31.95,306.64203,994.5022,3.0458198,24.19407,0.0,0.0
2018-10-19 15:00:00,31.76,306.32718,994.1294,2.9726079,24.709072,0.0,0.0
2018-10-19 16:00:00,31.08,305.571,993.65375,4.140185,26.419846,0.0,0.0
2018-10-19 17:00:00,30.37,304.19073,993.54,5.8820605,34.517746,0.0,0.0
2018-10-19 18:00:00,30.86,302.69092,993.2289,5.3520746,45.443577,0.0,0.0
2018-10-19 19:00:00,31.41,301.2071,993.8007,3.7283409,52.13817,0.0,0.0
2018-10-19 20:00:00,31.44,300.50934,994.28467,3.39364,56.865166,0.0,0.0
2018-10-19 21:00:00,31.11,299.95953,995.10736,3.082206,60.18062,0.0,0.0
2018-10-19 22:00:00,30.2,300.27502,995.8794,3.0307193,59.335613,0.0,0.0
2018-10-19 23:00:00,29.38,302.17804,996.2629,2.94328,49.367966,0.0,0.0
2018-10-20 00:00:00,28.29,304.50183,996.73267,1.3539499,36.918655,0.0,0.0
2018-10-20 01:00:00,27.63,306.62463,996.3894,1.1648502,28.742022,0.0,0.0
2018-10-20 02:00:00,27.26,308.93958,995.67456,2.207031,22.61367,0.0,0.0
2018-10-20 03:00:00,26.77,310.76746,994.84045,2.7367253,17.625767,0.0,0.0
2018-10-20 04:00:00,26.51,312.03503,993.5369,2.5137184,14.429367,0.0,0.0
2018-10-20 05:00:00,26.25,312.45947,992.5974,1.8259718,13.173424,0.0,0.0
2018-10-20 06:00:00,25.95,312.70386,991.89233,1.1131712,12.8078165,0.0,0.0
2018-10-20 07:00:00,25.86,313.0771,991.04626,0.99839276,11.492088,0.0,0.0
2018-10-20 08:00:00,25.64,312.95032,990.7551,1.0911069,11.289188,0.0,0.0
2018-10-20 09:00:00,25.39,312.66675,991.39514,1.2962095,11.244004,0.0,0.0
2018-10-20 10:00:00,25.25,312.10477,992.17847,2.2323303,11.715257,0.0,0.0
2018-10-20 11:00:00,25.33,311.21692,992.802,3.207521,12.52439,0.0,0.0
2018-10-20 12:00:00,24.88,310.3369,992.992,3.8852458,13.203028,0.0,0.0
2018-10-20 13:00:00,24.73,309.67453,993.1219,4.6036468,13.614342,0.0,0.0
2018-10-20 14:00:00,24.56,309.1493,992.8826,4.9449887,13.91871,0.0,0.0
2018-10-20 15:00:00,24.08,308.0707,992.44,4.7720428,14.798053,0.0,0.0
2018-10-20 16:00:00,23.67,307.13837,991.8513,4.3879695,15.700601,0.0,0.0
2018-10-20 17:00:00,23.38,306.14026,991.6903,3.625485,16.717377,0.0,0.0
2018-10-20 18:00:00,22.76,305.34494,991.93353,2.3165648,17.632227,0.0,0.0
2018-10-20 19:00:00,22.61,303.83203,992.7488,3.3617961,18.608294,0.0,0.0
2018-10-20 20:00:00,22.36,303.0292,993.0853,3.0788264,19.033222,0.0,0.0
2018-10-20 21:00:00,22.33,301.9557,993.9232,2.671993,20.200325,0.0,0.0
2018-10-20 22:00:00,22.19,301.79745,994.84674,1.9747632,21.05729,0.0,0.0
2018-10-20 23:00:00,22.31,305.31467,995.6719,2.0053504,16.007599,0.0,0.0
2018-10-21 00:00:00,21.68,308.00983,995.605,2.8221307,13.13757,0.0,0.0
2018-10-21 01:00:00,21.89,310.46207,995.2498,3.7795665,11.014814,0.0,0.0
2018-10-21 02:00:00,22.08,312.89694,993.97217,4.8113666,9.833773,0.0,0.0
2018-10-21 03:00:00,21.78,314.27368,992.64874,4.3287263,9.931324,0.0,0.0
2018-10-21 04:00:00,21.58,315.0053,991.2841,3.4706416,9.677625,0.0,0.0
2018-10-21 05:00:00,21.49,315.51892,990.22925,2.8415267,9.525875,0.0,0.0
2018-10-21 06:00:00,21.34,315.71216,989.3187,2.360359,9.485088,0.0,0.0
2018-10-21 07:00:00,21.31,315.7406,988.8385,2.8397963,9.1418705,0.0,0.0
2018-10-21 08:00:00,21.22,315.47668,988.6945,3.330918,9.243909,0.0,0.0
2018-10-21 09:00:00,21.12,314.91022,988.96515,3.9169161,9.49136,0.0,0.0
2018-10-21 10:00:00,20.92,313.69778,989.71045,4.0208898,10.241459,0.0,0.0
2018-10-21 11:00:00,21.35,312.50275,990.3203,4.5486517,11.07469,0.0,0.0
2018-10-21 12:00:00,21.57,311.19904,990.6869,5.035661,12.045384,0.0,0.0
2018-10-21 13:00:00,21.66,310.106,991.067,5.3386765,12.804893,0.0,0.0
2018-10-21 14:00:00,21.71,309.15216,991.59015,4.527779,13.346207,0.0,0.0
2018-10-21 15:00:00,22.17,307.84363,991.4473,4.029229,14.412205,0.0,0.0
2018-10-21 16:00:00,23.76,306.9231,991.01904,3.872513,15.704785,0.0,0.0
2018-10-21 17:00:00,27.23,305.99008,990.61383,2.9366143,17.76964,0.0,0.0
2018-10-21 18:00:00,29.34,304.58008,990.59534,1.8458227,22.197605,0.0,0.0
2018-10-21 19:00:00,29.73,303.33035,991.1819,3.1405733,37.421635,0.0,0.0
2018-10-21 20:00:00,27.94,302.51614,991.58594,3.1961036,40.94566,0.0,0.0
2018-10-21 21:00:00,26.6,301.64658,992.33276,3.1823726,44.44243,0.0,0.0
2018-10-21 22:00:00,26.82,301.75238,993.08514,3.1700773,47.46894,0.0,0.0
2018-10-21 23:00:00,27.52,303.61755,993.96967,3.5069525,47.98127,0.0,0.0
2018-10-22 00:00:00,27.9,306.27985,994.31757,3.4674013,40.872677,0.0,0.0
2018-10-22 01:00:00,27.49,308.92957,994.02124,3.1084108,33.041668,0.0,0.0
2018-10-22 02:00:00,27.11,311.1162,993.1509,2.2661428,26.561945,0.0,0.0
2018-10-22 03:00:00,27.44,312.20496,992.3258,0.63424826,21.089722,0.0,0.0
2018-10-22 04:00:00,27.2,312.74747,991.198,0.62104934,18.398203,0.0,0.0
2018-10-22 05:00:00,26.95,313.34988,990.4267,0.80170673,16.910238,0.0,0.0
2018-10-22 06:00:00,26.51,313.62497,989.5757,1.0150988,16.114851,0.0,0.0
2018-10-22 07:00:00,25.8,314.35242,988.6841,1.5999842,13.239129,0.0,0.0
2018-10-22 08:00:00,25.21,314.3405,988.67377,2.0345724,12.918085,0.0,0.0
2018-10-22 09:00:00,24.21,313.93048,988.92096,2.2365031,12.9061165,0.0,0.0
2018-10-22 10:00:00,23.21,313.11392,989.60706,1.6428866,13.407144,0.0,0.0
2018-10-22 11:00:00,22.53,312.22144,990.2315,1.0989077,14.205045,0.0,0.0
2018-10-22 12:00:00,22.0,311.1831,990.52905,0.46264765,16.382475,0.0,0.0
2018-10-22 13:00:00,22.62,309.4383,990.75305,1.3579142,18.138206,0.0,0.0
2018-10-22 14:00:00,23.13,308.18835,990.9207,2.600669,18.581686,0.0,0.0
2018-10-22 15:00:00,24.75,306.61932,990.5527,2.9512362,20.493912,0.0,0.0
2018-10-22 16:00:00,26.23,305.1385,990.64545,4.3336844,27.088308,0.0,0.0
2018-10-22 17:00:00,27.68,303.3983,990.28235,4.8879595,42.30001,0.0,0.0
2018-10-22 18:00:00,29.25,302.411,990.1744,4.8670974,52.134567,0.0,0.0
2018-10-22 19:00:00,27.98,301.2019,990.7445,4.525087,60.57563,0.0,0.0
2018-10-22 20:00:00,26.82,300.61847,990.8777,4.5645065,62.551964,0.0,0.0
2018-10-22 21:00:00,25.63,300.04736,991.58734,4.289649,64.28826,0.0,0.0
2018-10-22 22:00:00,24.21,300.56937,992.206,4.061457,61.751205,0.0,0.0
2018-10-22 23:00:00,22.74,302.77417,993.09845,4.3594103,51.506798,0.0,0.0
2018-10-23 00:00:00,21.2,305.3917,993.3679,3.7206762,39.361855,0.0,0.0
2018-10-23 01:00:00,21.33,307.8629,993.22955,2.9324389,29.981005,0.0,0.0
2018-10-23 02:00:00,21.12,310.06934,992.6705,2.1357343,22.975735,0.0,0.0
2018-10-23 03:00:00,21.07,312.02142,991.80646,1.5490104,17.133894,0.0,0.0
2018-10-23 04:00:00,21.07,313.56866,990.64844,1.4947463,12.92163,0.0,0.0
2018-10-23 05:00:00,20.54,314.67386,989.6841,2.080045,10.672763,0.0,0.0
2018-10-23 06:00:00,20.81,315.22983,988.57153,2.5266426,9.987917,0.0,0.0
2018-10-23 07:00:00,20.69,315.46936,987.9372,2.7072124,9.844097,0.0,0.0
2018-10-23 08:00:00,20.6,315.1448,987.8069,2.3538918,9.872884,0.0,0.0
2018-10-23 09:00:00,20.7,314.6337,988.20795,1.9535325,9.924019,0.0,0.0
2018-10-23 10:00:00,20.93,313.60083,988.9327,1.6143774,11.081826,0.0,0.0
2018-10-23 11:00:00,20.76,312.1966,989.29626,2.2118444,12.675302,0.0,0.0
2018-10-23 12:00:00,19.96,310.57135,989.8593,2.6915329,14.298932,0.0,0.0
2018-10-23 13:00:00,20.09,309.10104,989.9957,3.0189404,15.48927,0.0,0.0
2018-10-23 14:00:00,20.11,307.59412,990.1359,3.43812,15.985266,0.0,0.0
2018-10-23 15:00:00,21.25,306.5052,990.46826,5.057448,17.362143,0.0,0.0
2018-10-23 16:00:00,23.75,304.1012,990.44745,6.770629,39.259296,0.0,0.0
2018-10-23 17:00:00,26.2,302.57004,990.5595,6.306385,57.06175,0.0,0.0
2018-10-23 18:00:00,26.37,301.70975,990.63,6.146854,62.219955,0.0,0.0
2018-10-23 19:00:00,24.56,301.32837,990.8839,4.8886204,63.07465,0.0,0.0
2018-10-23 20:00:00,23.18,300.88812,991.3807,4.287133,65.439415,0.0,0.0
2018-10-23 21:00:00,22.44,300.4759,992.1717,3.843366,67.11109,0.0,0.0
2018-10-23 22:00:00,22.36,300.66986,992.72565,4.259328,65.444275,0.0,0.0
2018-10-23 23:00:00,21.73,302.67102,993.3575,5.361882,53.627087,0.0,0.0
2018-10-24 00:00:00,22.37,305.70026,993.18854,5.754088,36.058544,0.0,0.0
2018-10-24 01:00:00,22.42,308.5007,993.03265,5.703006,24.717094,0.0,0.0
2018-10-24 02:00:00,22.16,310.85168,992.3603,5.6916966,18.98352,0.0,0.0
2018-10-24 03:00:00,22.16,312.79025,991.34314,5.4674687,15.083798,0.0,0.0
2018-10-24 04:00:00,21.92,314.1358,990.2761,4.9854817,12.3457985,0.0,0.0
2018-10-24 05:00:00,21.81,314.8706,989.3678,4.4199233,10.863544,0.0,0.0
2018-10-24 06:00:00,21.64,315.12946,988.3331,3.9888303,10.192918,0.0,0.0
2018-10-24 07:00:00,21.77,315.06158,988.0156,3.4941902,10.537736,0.0,0.0
2018-10-24 08:00:00,22.11,314.80365,987.8562,3.1721447,10.374102,0.0,0.0
2018-10-24 09:00:00,21.94,314.05768,988.28424,3.1732993,10.789762,0.0,0.0
2018-10-24 10:00:00,22.04,312.99902,988.91547,3.0622685,11.616216,0.0,0.0
2018-10-24 11:00:00,22.69,311.74747,989.55096,3.5442836,12.693185,0.0,0.0
2018-10-24 12:00:00,23.08,310.68707,989.9442,4.5331984,13.965765,0.0,0.0
2018-10-24 13:00:00,24.0,308.7682,990.27795,6.515397,20.206657,0.0,0.0
2018-10-24 14:00:00,26.15,306.3183,990.72675,7.1692166,31.93999,0.0,0.0
2018-10-24 15:00:00,28.97,304.7045,990.80396,7.42085,39.80233,0.0,0.0
2018-10-24 16:00:00,29.96,303.58197,991.0025,6.9824347,45.65635,0.0,0.0
2018-10-24 17:00:00,30.25,302.6218,990.9797,6.356374,49.869164,0.0,0.0
2018-10-24 18:00:00,29.75,301.65143,990.84155,5.7207713,53.82863,0.0,0.0
2018-10-24 19:00:00,30.01,300.46545,991.2466,4.88515,59.347176,0.0,0.0
2018-10-24 20:00:00,29.97,299.72217,991.5941,4.076183,62.173546,0.0,0.0
2018-10-24 21:00:00,31.12,299.12927,992.3038,3.4294314,64.734215,0.0,0.0
2018-10-24 22:00:00,31.77,299.5006,993.2502,3.565873,63.394783,0.0,0.0
2018-10-24 23:00:00,31.98,301.4535,994.262,4.1836114,53.375923,0.0,0.0
2018-10-25 00:00:00,31.68,303.8549,994.6959,4.3647,41.92175,0.0,0.0
2018-10-25 01:00:00,31.65,306.265,994.8633,4.3835454,33.301945,0.0,0.0
2018-10-25 02:00:00,31.48,308.1411,994.308,4.3836813,28.104517,0.0,0.0
2018-10-25 03:00:00,31.34,309.96466,993.4539,4.272644,23.506277,0.0,0.0
2018-10-25 04:00:00,31.81,311.39575,992.4688,4.199077,19.930548,0.0,0.0
2018-10-25 05:00:00,31.98,311.9081,991.6898,4.39372,18.619738,0.0,0.0
2018-10-25 06:00:00,32.05,312.17682,991.025,4.5681324,17.977911,0.0,0.0
2018-10-25 07:00:00,32.22,312.5782,990.22546,4.578694,17.97664,0.0,0.0
2018-10-25 08:00:00,32.67,311.74405,990.15906,5.438353,19.417711,0.0,0.0
2018-10-25 09:00:00,33.3,310.19876,991.391,6.9566035,23.118505,0.0,0.0
2018-10-25 10:00:00,34.44,309.18134,992.01904,6.437739,25.09576,0.0,0.0
2018-10-25 11:00:00,35.32,308.62665,992.64044,5.634391,25.796482,0.0,0.0
2018-10-25 12:00:00,35.9,307.86127,993.41205,6.179448,26.762894,0.0,0.0
2018-10-25 13:00:00,36.75,306.73077,993.8425,6.937338,29.754105,0.0,0.0
2018-10-25 14:00:00,38.24,305.34454,994.38837,6.8886433,35.343407,0.0,0.0
2018-10-25 15:00:00,40.59,304.13013,994.5149,6.399655,41.268936,0.0,0.0
2018-10-25 16:00:00,41.9,303.26013,994.4614,6.017242,45.453815,0.0,0.0
2018-10-25 17:00:00,42.7,302.4536,994.3267,5.343596,48.430206,0.0,0.14999999
2018-10-25 18:00:00,42.93,301.63635,994.1283,5.135671,50.881916,0.0,0.0
2018-10-25 19:00:00,40.79,300.99567,995.0616,4.100146,58.71778,0.018909574,0.0
2018-10-25 20:00:00,38.74,300.38147,995.65674,3.269199,61.476135,0.0018179417,0.0
2018-10-25 21:00:00,37.56,299.79462,996.5743,2.227475,64.43536,0.0,0.0
2018-10-25 22:00:00,36.13,299.9427,997.0803,2.554498,63.61991,0.0031590462,0.0
2018-10-25 23:00:00,35.8,301.088,997.7058,2.3265917,55.19027,0.018194318,0.0
2018-10-26 00:00:00,34.93,302.9743,997.7606,2.4458961,42.664173,0.043826457,0.0
2018-10-26 01:00:00,35.19,305.04675,997.35077,2.5189178,32.92538,0.0,0.0
2018-10-26 02:00:00,34.27,307.01447,996.5836,2.9317737,27.07936,0.0,0.0
2018-10-26 03:00:00,32.68,308.73126,995.4945,2.9893663,22.766743,0.0,0.0
2018-10-26 04:00:00,31.47,310.00293,994.48596,2.877288,20.322477,0.0,0.0
2018-10-26 05:00:00,30.57,310.86755,993.42505,2.9700758,18.97755,0.0,0.0
2018-10-26 06:00:00,29.9,311.4355,992.53925,3.3156724,18.326618,0.0,0.0
2018-10-26 07:00:00,29.01,311.43045,991.7058,4.3471847,19.34869,0.0,0.0
2018-10-26 08:00:00,28.86,311.21515,991.78,4.4681277,19.033916,0.0,0.0
2018-10-26 09:00:00,28.87,310.7162,991.8764,4.4634595,18.869465,0.0,0.0
2018-10-26 10:00:00,28.86,310.17868,992.7006,4.812065,19.03287,0.0,0.0
2018-10-26 11:00:00,29.07,309.47522,993.1205,5.2335925,19.68374,0.0,0.0
2018-10-26 12:00:00,29.19,308.58435,993.8259,6.0710397,20.919516,0.0,0.0
2018-10-26 13:00:00,28.95,307.2933,994.27826,6.1431384,23.729465,0.0,0.0
2018-10-26 14:00:00,31.13,305.97253,994.70764,6.554717,28.899569,0.0,0.0
2018-10-26 15:00:00,33.28,304.9473,994.5976,6.586074,34.004505,0.0,0.0
2018-10-26 16:00:00,33.41,304.27225,994.344,6.2681985,34.44019,0.0,0.0
2018-10-26 17:00:00,32.26,303.70126,994.01013,5.820726,32.035683,0.0,0.0
2018-10-26 18:00:00,30.36,303.26688,994.03174,5.392562,29.943392,0.0,0.0
2018-10-26 19:00:00,28.22,302.2171,994.36017,5.4079876,31.881376,0.0,0.0
2018-10-26 20:00:00,26.35,301.2867,994.78094,4.3572164,33.9202,0.0,0.0
2018-10-26 21:00:00,24.57,300.6534,995.4801,3.729849,36.027454,0.0,0.0
2018-10-26 22:00:00,24.05,300.6001,995.8705,3.84904,36.73685,0.0,0.0
2018-10-26 23:00:00,24.5,301.83856,996.4978,4.0165334,32.057148,0.0,0.0
2018-10-27 00:00:00,24.27,303.9131,996.6345,4.2866025,25.068638,0.0,0.0
2018-10-27 01:00:00,24.31,305.65356,996.6364,4.034932,19.778856,0.0,0.0
2018-10-27 02:00:00,23.89,307.21472,995.9082,2.878676,16.47968,0.0,0.0
2018-10-27 03:00:00,23.35,308.77466,994.9656,1.7770429,14.125584,0.0,0.0
2018-10-27 04:00:00,23.01,309.90552,993.7438,1.7272917,13.69963,0.0,0.0
2018-10-27 05:00:00,22.79,310.82123,992.63416,2.3550959,13.549404,0.0,0.0
2018-10-27 06:00:00,22.74,311.45563,991.6794,3.1733253,13.409042,0.0,0.0
2018-10-27 07:00:00,22.79,311.9151,990.91046,4.2092443,12.917681,0.0,0.0
2018-10-27 08:00:00,22.77,311.50696,990.7498,4.172472,13.393543,0.0,0.0
2018-10-27 09:00:00,23.57,310.76483,990.96436,4.000832,14.092302,0.0,0.0
2018-10-27 10:00:00,24.27,309.74213,991.6929,3.2736874,15.053955,0.0,0.0
2018-10-27 11:00:00,24.65,308.71045,992.0481,3.0468578,16.108536,0.0,0.0
2018-10-27 12:00:00,24.49,307.65884,992.6092,3.2502353,17.22907,0.0,0.0
2018-10-27 13:00:00,24.27,306.61978,992.64374,3.4202294,18.370708,0.0,0.0
2018-10-27 14:00:00,23.98,305.72345,992.67377,3.539358,19.396507,0.0,0.0
2018-10-27 15:00:00,23.92,304.80106,992.22766,3.673453,20.483835,0.0,0.0
2018-10-27 16:00:00,24.74,303.92346,991.9414,4.2360415,22.176018,0.0,0.0
2018-10-27 17:00:00,25.41,302.96655,991.7389,4.2678766,26.220459,0.0,0.0
2018-10-27 18:00:00,25.8,302.0608,991.59515,3.4706628,30.570932,0.0,0.0
2018-10-27 19:00:00,26.31,301.1449,992.03,3.4249313,35.49353,0.0,0.0
2018-10-27 20:00:00,26.66,300.50186,992.0236,3.6786377,39.17974,0.0,0.0
2018-10-27 21:00:00,26.86,299.99796,992.6316,3.620395,42.69739,0.0,0.0
2018-10-27 22:00:00,27.45,300.56714,993.1408,2.9911118,43.253098,0.0,0.0
2018-10-27 23:00:00,28.21,302.15826,994.03546,2.5466962,40.003143,0.0,0.0
2018-10-28 00:00:00,28.89,303.95352,994.21,1.9558823,34.975834,0.0012814997,0.0
2018-10-28 01:00:00,28.61,305.9795,993.8901,1.8931159,29.245132,0.0,0.0
2018-10-28 02:00:00,28.59,308.10834,993.1917,1.8190131,23.633745,0.0,0.0
2018-10-28 03:00:00,28.36,309.96088,991.9614,1.8370211,19.545378,0.0,0.0
2018-10-28 04:00:00,27.64,311.4122,990.8611,2.2195177,17.34783,0.0,0.0
2018-10-28 05:00:00,26.68,312.1096,989.6893,1.8447198,16.458288,0.0,0.0
2018-10-28 06:00:00,26.23,312.4297,988.8946,1.0249084,15.741227,0.0,0.0
2018-10-28 07:00:00,25.98,312.60358,987.8826,1.3060677,15.096908,0.0,0.0
2018-10-28 08:00:00,25.61,312.60056,987.7781,1.835195,14.858948,0.0,0.0
2018-10-28 09:00:00,25.56,312.22577,987.91064,2.9651182,15.173208,0.0,0.0
2018-10-28 10:00:00,25.43,311.33514,988.6305,4.322743,16.49128,0.0,0.0
2018-10-28 11:00:00,25.93,310.34906,988.8706,5.312077,18.122871,0.0,0.0
2018-10-28 12:00:00,26.65,309.4003,989.23486,5.318433,19.579523,0.0,0.0
2018-10-28 13:00:00,27.15,308.66708,989.6167,4.495676,20.544884,0.0,0.0
2018-10-28 14:00:00,27.39,307.66016,989.80383,3.503108,21.785488,0.0,0.0
2018-10-28 15:00:00,27.91,306.6578,989.7139,3.1447637,23.003746,0.0,0.0
2018-10-28 16:00:00,27.82,305.73578,989.36237,3.3602471,24.074312,0.0,0.0
2018-10-28 17:00:00,26.93,304.92514,989.07263,4.2826653,24.658274,0.0,0.0
2018-10-28 18:00:00,26.39,304.55905,989.0419,4.778937,22.884497,0.0,0.0
2018-10-28 19:00:00,26.27,303.57916,989.3289,4.084426,21.638771,0.0,0.0
2018-10-28 20:00:00,26.44,303.271,989.7583,3.4143195,20.994022,0.0,0.0
2018-10-28 21:00:00,26.32,302.91315,990.565,2.7002685,21.23727,0.0,0.0
2018-10-28 22:00:00,25.82,303.12354,991.3031,1.9927619,21.410933,0.0,0.0
2018-10-28 23:00:00,25.48,305.06995,992.1475,2.568754,19.115189,0.0,0.0
2018-10-29 00:00:00,24.3,307.17416,992.0998,2.6817756,16.60644,0.0,0.0
2018-10-29 01:00:00,24.53,309.74237,991.6809,3.007195,14.1708765,0.0,0.0
2018-10-29 02:00:00,24.55,311.99393,990.60315,2.9816706,13.198291,0.0,0.0
2018-10-29 03:00:00,24.33,313.39667,989.5761,2.2724657,12.67492,0.0,0.0
2018-10-29 04:00:00,23.66,314.23248,988.6283,2.0543709,11.107382,0.0,0.0
2018-10-29 05:00:00,23.61,314.81424,987.8183,2.676512,10.400283,0.0,0.0
2018-10-29 06:00:00,24.05,315.30554,987.02094,2.7262948,9.798208,0.0,0.0
2018-10-29 07:00:00,24.1,314.8963,986.0211,0.77961975,9.8688545,0.0,0.0
2018-10-29 08:00:00,24.1,314.72357,985.9977,0.4955317,9.8652725,0.0,0.0
2018-10-29 09:00:00,24.31,314.34805,986.48486,0.43870133,10.0828905,0.0,0.0
2018-10-29 10:00:00,24.4,313.81897,987.07,0.87596834,10.453107,0.0,0.0
2018-10-29 11:00:00,25.0,312.79398,988.04834,1.4209377,11.408095,0.0,0.0
2018-10-29 12:00:00,25.21,311.32556,988.367,1.8453329,12.985664,0.0,0.0
2018-10-29 13:00:00,26.37,309.87396,988.9231,1.8550467,15.342651,0.0,0.0
2018-10-29 14:00:00,27.58,309.30237,989.20776,1.1892558,15.496977,0.0,0.0
2018-10-29 15:00:00,29.67,307.61243,989.20874,2.1376572,18.613174,0.0,0.0
2018-10-29 16:00:00,32.1,307.02863,989.0968,5.625961,21.840977,0.0,0.0
2018-10-29 17:00:00,33.59,305.90958,989.2566,7.2681866,27.248224,0.0,0.0
2018-10-29 18:00:00,34.97,304.36865,989.3139,6.7491255,36.87517,0.0,0.0
2018-10-29 19:00:00,35.41,303.2072,990.02203,6.1676965,50.846313,0.0,0.0
2018-10-29 20:00:00,35.9,302.68332,990.5519,5.545226,53.910435,0.0,0.0
2018-10-29 21:00:00,36.23,302.2325,991.60626,5.063411,56.390114,0.0,0.0
2018-10-29 22:00:00,36.76,302.5495,992.13513,5.1969094,56.54531,0.0,0.0
2018-10-29 23:00:00,37.71,304.18457,992.8486,5.9358554,49.556297,0.0,0.0
2018-10-30 00:00:00,37.87,306.32404,993.00024,5.459775,38.876125,0.0,0.0
2018-10-30 01:00:00,38.28,308.46545,992.90967,4.418799,31.306824,0.0,0.0
2018-10-30 02:00:00,38.12,310.39764,992.27466,4.2154574,26.274612,0.0,0.0
2018-10-30 03:00:00,37.67,311.9855,991.16315,4.5605674,22.658834,0.016786158,0.0
2018-10-30 04:00:00,37.49,313.188,990.40173,4.8242674,19.720484,0.011064112,0.0
2018-10-30 05:00:00,37.58,313.49487,989.77875,5.0395613,18.422745,0.0,0.0
2018-10-30 06:00:00,38.11,313.6842,989.2154,5.087591,17.874245,0.0,0.06
2018-10-30 07:00:00,38.99,313.79068,988.6675,4.9532313,17.205105,0.0,0.08
2018-10-30 08:00:00,39.9,311.77985,989.5902,8.194748,20.961653,0.2638176,0.089999996
2018-10-30 09:00:00,41.21,310.00873,990.2397,7.714345,24.517092,0.0,0.26
2018-10-30 10:00:00,42.43,309.14233,990.51166,4.9185014,25.763556,0.0,0.58
2018-10-30 11:00:00,43.07,308.62802,990.88904,2.6250424,27.302637,0.0,0.57
2018-10-30 12:00:00,43.16,308.0608,991.30133,1.5673139,29.139217,0.0,0.16
2018-10-30 13:00:00,42.55,307.4961,991.49274,1.351069,32.00775,0.0052005053,1.6899999
2018-10-30 14:00:00,41.52,306.63144,991.807,1.3433858,34.461136,0.0052154064,0.71999997
2018-10-30 15:00:00,40.14,306.0786,991.96484,0.9077305,34.514637,0.0065118074,0.049999997
2018-10-30 16:00:00,38.61,305.1116,991.93164,1.9091871,35.41355,0.0,0.0
2018-10-30 17:00:00,38.22,304.5547,991.8842,2.5133657,36.681854,0.0,0.0
2018-10-30 18:00:00,38.29,303.99615,991.90485,3.5294638,39.87132,0.0,0.0
2018-10-30 19:00:00,38.13,303.22455,992.45734,2.9746985,44.547142,0.0042170286,0.0
2018-10-30 20:00:00,38.08,302.53455,993.0559,3.2494664,49.971844,0.0,0.0
2018-10-30 21:00:00,38.59,301.88098,993.58167,3.0436625,54.949005,0.0,0.0
2018-10-30 22:00:00,38.39,302.07635,994.2969,3.4067311,56.07643,0.0,0.0
2018-10-30 23:00:00,38.11,303.6671,994.7825,3.5571697,48.35709,0.0,0.0
2018-10-31 00:00:00,37.64,305.97217,995.0874,3.201709,38.44849,0.31369328,0.0
2018-10-31 01:00:00,37.43,308.12598,994.7286,2.374854,31.099363,0.0,0.0
2018-10-31 02:00:00,37.05,309.75482,993.87756,1.4524271,27.307564,0.0,0.0
2018-10-31 03:00:00,37.19,311.1485,992.9447,1.1580964,24.498945,0.0019557774,0.0
2018-10-31 04:00:00,37.55,312.22833,991.86896,0.8034902,22.29594,0.0,0.0
2018-10-31 05:00:00,37.61,312.9242,990.8826,0.805363,20.966383,0.0,0.0
2018-10-31 06:00:00,37.62,313.3505,990.12085,1.687021,20.299326,0.0,0.0
2018-10-31 07:00:00,38.71,314.2201,988.34,2.0196419,18.061493,0.0,0.0
2018-10-31 08:00:00,39.86,313.88605,988.64514,1.5964603,18.172985,0.0057294965,0.32999998
2018-10-31 09:00:00,41.22,313.2929,988.79456,3.4631886,19.05312,0.019006431,1.1199999
2018-10-31 10:00:00,43.11,309.80524,991.1,5.795592,27.887466,0.10559708,1.48
2018-10-31 11:00:00,44.36,308.58588,991.7623,2.9338124,31.010077,0.0,2.3899999
2018-10-31 12:00:00,44.25,308.14624,991.72675,4.262573,33.178444,0.0,0.48
2018-10-31 13:00:00,44.83,307.50787,992.0263,4.4240065,36.155304,0.0,0.11
2018-10-31 14:00:00,45.28,306.93472,992.6669,4.56891,38.11402,0.0,0.0
2018-10-31 15:00:00,46.09,305.95416,992.8028,5.307644,40.743122,0.0,0.0
2018-10-31 16:00:00,45.19,304.70587,992.9269,5.3530984,44.27103,0.0,0.0
2018-10-31 17:00:00,43.61,303.6024,992.9211,5.122286,47.558353,0.0,0.0
2018-10-31 18:00:00,42.75,302.78705,992.96875,4.5086317,50.2878,0.0,0.0
2018-10-31 19:00:00,41.89,302.06598,993.59357,4.0697923,54.406887,0.0,0.0
2018-10-31 20:00:00,41.53,301.39606,993.979,3.5123482,56.81612,0.0,0.0
2018-10-31 21:00:00,40.95,300.95468,994.93823,2.6251042,58.784782,0.0,0.0
2018-10-31 22:00:00,40.2,301.45197,995.7361,2.0680366,56.96797,0.0,0.0
2018-10-31 23:00:00,39.72,302.87354,996.52,2.3648326,51.3053,0.0,0.0
2018-11-01 00:00:00,39.8,304.74036,996.73737,2.6367142,44.75936,0.1444621,0.0
2018-11-01 01:00:00,39.72,306.8376,996.2061,3.760405,38.209606,0.0,0.0
2018-11-01 02:00:00,39.42,308.68665,995.428,3.9852731,32.2841,0.0,0.0
2018-11-01 03:00:00,38.4,310.40997,994.14374,4.277944,27.111649,0.0,0.0
2018-11-01 04:00:00,38.05,312.12552,992.97296,4.4463124,23.230436,0.0021196902,0.0
2018-11-01 05:00:00,38.04,313.1833,991.8755,4.3776827,21.060204,0.0,0.0
2018-11-01 06:00:00,38.38,313.77368,991.0558,4.004973,20.093649,0.0034868717,0.0
2018-11-01 07:00:00,38.86,313.8291,990.95917,3.9763653,18.319098,0.0,0.0
2018-11-01 08:00:00,38.94,313.65082,990.6075,3.761932,18.404398,0.0,0.0
2018-11-01 09:00:00,38.96,313.201,990.94556,4.013484,18.780382,0.0066533685,0.0
2018-11-01 10:00:00,39.83,312.1371,991.75806,4.596875,19.677807,0.045135617,0.0
2018-11-01 11:00:00,41.55,311.03137,992.70905,5.6158423,21.50301,0.0,0.0
2018-11-01 12:00:00,42.84,309.8873,993.375,5.57367,24.0534,0.0,0.0
2018-11-01 13:00:00,44.1,308.98642,993.7812,4.925082,26.396513,0.0,0.0
2018-11-01 14:00:00,44.96,308.3989,993.83374,4.5539455,28.232141,0.0,0.0
2018-11-01 15:00:00,44.98,307.60223,993.7028,4.075263,30.298542,0.0,0.0
2018-11-01 16:00:00,45.33,306.8623,993.3002,2.597711,32.24852,0.0,0.0
2018-11-01 17:00:00,45.88,305.67307,993.84625,2.7737737,36.2798,0.0,0.0
2018-11-01 18:00:00,46.8,303.78436,994.1964,5.1246634,49.914623,0.0,0.0
2018-11-01 19:00:00,47.13,301.8672,994.3127,3.9528148,63.862103,0.0,0.0
2018-11-01 20:00:00,47.04,301.3894,995.1339,3.2711987,67.23491,0.0,0.0
2018-11-01 21:00:00,46.01,301.0592,995.9265,3.223529,68.07206,0.0,0.0
2018-11-01 22:00:00,44.76,301.54642,996.39343,3.76238,64.97424,0.0,0.0
2018-11-01 23:00:00,43.94,303.26288,996.9966,4.22351,56.81714,0.0,0.0
2018-11-02 00:00:00,42.65,305.4323,996.8663,3.757855,47.879436,0.059115887,0.0
2018-11-02 01:00:00,42.23,307.63458,996.8706,2.547433,39.83366,0.0,0.0
2018-11-02 02:00:00,42.25,309.35986,996.2017,1.1107965,34.240772,0.0,0.0
2018-11-02 03:00:00,42.49,310.81918,995.27313,0.19853634,30.012194,0.016830862,0.0
2018-11-02 04:00:00,42.16,312.1239,993.96466,0.6417119,26.346441,0.021457672,0.0
2018-11-02 05:00:00,42.46,313.15558,992.73706,1.2918434,23.43615,0.0064373016,0.0
2018-11-02 06:00:00,42.64,313.7118,991.9264,1.8706664,21.807041,0.0,0.0
2018-11-02 07:00:00,42.81,314.6522,991.3155,2.8916662,20.127918,0.001847744,0.0
2018-11-02 08:00:00,42.74,314.60712,991.1814,3.066837,19.64436,0.0013113022,0.0
2018-11-02 09:00:00,42.41,314.08917,991.16125,3.5565827,19.65587,0.0,0.0
2018-11-02 10:00:00,42.29,313.27496,992.8239,5.711004,20.275501,0.0,0.0
2018-11-02 11:00:00,42.29,310.44708,993.89575,5.526389,26.264805,0.83863735,1.37
2018-11-02 12:00:00,42.98,309.50427,994.21594,4.0384135,29.205465,0.0,0.0
2018-11-02 13:00:00,44.21,308.29608,994.41797,3.5361419,33.719765,0.0,0.74
2018-11-02 14:00:00,45.94,307.31857,994.8097,3.452297,37.964394,0.0,4.44
2018-11-02 15:00:00,47.26,306.35645,994.3895,3.6209722,41.659824,0.0,5.1499996
2018-11-02 16:00:00,48.31,305.6953,994.0578,2.7805414,44.493477,0.0,5.2799997
2018-11-02 17:00:00,47.89,304.83768,993.9333,1.646139,49.33616,0.0,3.42
2018-11-02 18:00:00,46.55,304.22156,993.9523,1.8496499,51.222534,0.0,0.0
2018-11-02 19:00:00,44.4,302.59454,993.9164,3.425198,56.227608,0.0,0.0
2018-11-02 20:00:00,42.6,302.0746,994.21326,3.491994,59.11039,0.0,0.0
2018-11-02 21:00:00,41.76,301.6535,995.0679,3.2677195,61.9302,0.0,0.0
2018-11-02 22:00:00,42.55,302.3996,995.6869,3.3089054,60.002518,0.0,0.0
2018-11-02 23:00:00,43.46,304.38977,996.32623,4.0599957,50.203915,0.0,0.0
2018-11-03 00:00:00,43.52,306.77933,996.1099,4.1189423,39.896442,0.8865446,0.0
2018-11-03 01:00:00,43.05,309.12607,995.97656,4.1140857,32.01658,0.0,0.0
2018-11-03 02:00:00,42.84,310.74146,995.0481,3.6936843,27.706242,0.0013336539,0.0
2018-11-03 03:00:00,42.5,312.01285,994.15656,2.9764178,25.091335,0.0011473894,0.0
2018-11-03 04:00:00,41.35,312.75644,992.9778,2.2802243,23.637386,0.0,0.0
2018-11-03 05:00:00,39.38,313.30682,992.0575,1.6131685,22.482306,0.0,0.0
2018-11-03 06:00:00,37.51,313.5719,991.10046,0.6011758,21.660229,0.0,0.0
2018-11-03 07:00:00,38.34,313.25656,990.5886,0.85347253,23.96427,0.0,0.0
2018-11-03 08:00:00,39.68,312.90198,990.02563,0.056917567,24.246073,0.0,0.0
2018-11-03 09:00:00,42.05,312.89297,990.2414,1.1142602,24.042255,0.0014081597,0.0
2018-11-03 10:00:00,44.0,310.02747,992.07196,2.8306375,30.976355,1.1213348,0.48999998
2018-11-03 11:00:00,46.25,307.93982,993.61194,5.513308,37.243176,0.09447336,0.13
2018-11-03 12:00:00,48.73,305.924,993.70825,6.8570933,47.042744,0.0,0.0
2018-11-03 13:00:00,49.37,305.1256,993.642,4.5535483,51.027752,0.0,0.0
2018-11-03 14:00:00,49.96,304.72888,993.65295,4.343548,53.168255,0.016751932,0.0
2018-11-03 15:00:00,51.21,304.1645,993.3178,4.375202,55.138855,0.03002584,2.95
2018-11-03 16:00:00,52.05,303.89575,992.5411,3.9180207,55.726044,0.0,5.25
2018-11-03 17:00:00,50.74,303.5987,992.0043,3.535413,57.209927,0.0,3.9899998
2018-11-03 18:00:00,51.77,303.16544,991.76086,3.3915594,59.352486,0.0,0.29999998
2018-11-03 19:00:00,50.86,302.03677,992.58,3.1615477,66.26016,0.0,0.0
2018-11-03 20:00:00,49.04,301.74402,992.2664,3.0851846,67.52427,0.0,0.0
2018-11-03 21:00:00,47.43,301.74622,992.8475,3.047161,67.40798,0.0,0.0
2018-11-03 22:00:00,46.91,302.2206,993.16595,3.5458696,64.55182,0.0,0.0
2018-11-03 23:00:00,46.4,304.01306,993.6722,3.7241812,56.107033,0.0,0.0
2018-11-04 00:00:00,47.33,306.3253,993.71857,3.3817625,46.509007,1.2669325,0.0
2018-11-04 01:00:00,47.37,308.41254,993.4807,2.2797258,38.83177,0.0,0.0
2018-11-04 02:00:00,47.37,310.09152,992.5346,1.402081,33.15237,0.0,0.0
2018-11-04 03:00:00,47.12,311.55072,991.426,1.32398,28.86991,0.0,0.0
2018-11-04 04:00:00,47.0,312.7168,990.04987,2.0519261,25.957277,0.0,0.0
2018-11-04 05:00:00,46.61,313.34473,988.95935,2.666018,24.375183,0.0,0.0
2018-11-04 06:00:00,45.62,313.63147,988.0701,3.0200388,23.556774,0.0,0.0
2018-11-04 07:00:00,46.13,313.6225,987.5398,2.7736702,23.593344,0.0,0.0
2018-11-04 08:00:00,46.22,313.22034,987.03217,2.625123,23.862272,0.0,0.0
2018-11-04 09:00:00,46.79,312.72327,987.5067,2.8224514,24.413946,0.0,0.0
2018-11-04 10:00:00,48.12,309.78708,989.1086,6.1777225,32.1686,0.07760525,0.0
2018-11-04 11:00:00,48.68,308.02304,990.2308,5.7981906,38.70264,0.0048205256,0.0
2018-11-04 12:00:00,49.35,307.84375,990.7341,4.597728,39.19753,0.0,0.0
2018-11-04 13:00:00,48.92,307.57162,990.9458,4.4970703,40.539898,0.0,0.0
2018-11-04 14:00:00,49.38,306.97272,991.14685,4.8509965,43.080284,0.0036507845,0.0
2018-11-04 15:00:00,49.56,306.01703,991.41125,5.118237,46.50289,0.011220574,0.0
2018-11-04 16:00:00,49.61,305.17007,991.1131,4.7894235,49.496834,0.025078654,0.0
2018-11-04 17:00:00,49.58,304.43317,990.89655,4.546719,52.433926,0.03440678,0.0
2018-11-04 18:00:00,48.76,303.8641,990.5748,4.3189206,54.526424,0.014543533,0.0
2018-11-04 19:00:00,47.47,303.79266,990.1359,5.4508495,51.29489,0.0,0.0
2018-11-04 20:00:00,46.66,303.34186,990.9643,5.163629,50.308655,0.009119511,0.0
2018-11-04 21:00:00,45.74,302.90894,991.8176,4.9300275,49.760345,0.009343028,0.0
2018-11-04 22:00:00,45.7,303.2987,992.78406,5.2770224,46.698944,0.04222989,0.0
2018-11-04 23:00:00,46.19,304.41473,993.5583,6.143514,41.097687,0.010862932,0.0
2018-11-05 00:00:00,45.66,306.1847,993.62555,6.1626577,34.83329,0.2442628,0.0
2018-11-05 01:00:00,45.62,308.4688,993.3119,6.341411,28.29272,0.0,0.0
2018-11-05 02:00:00,45.49,310.0492,992.44037,6.354229,24.099392,0.0,0.0
2018-11-05 03:00:00,45.09,311.51892,991.20703,5.972187,21.392092,0.0,0.0
2018-11-05 04:00:00,45.19,312.5232,990.0806,5.4605975,20.008907,0.0,0.0
2018-11-05 05:00:00,45.0,313.13644,988.9995,5.0440016,19.171759,0.0,0.0
2018-11-05 06:00:00,44.94,313.37,988.095,4.67573,18.853754,0.0,0.0
2018-11-05 07:00:00,44.67,312.25476,987.8689,3.4196322,21.733103,0.0,0.0
2018-11-05 08:00:00,44.21,312.12073,987.77655,3.4669235,22.030527,0.0,0.0
2018-11-05 09:00:00,43.92,311.59872,988.1287,3.275144,22.831907,0.0,0.0
2018-11-05 10:00:00,43.29,310.89722,988.96936,2.6823654,24.250742,0.0,0.0
2018-11-05 11:00:00,42.58,310.11856,989.55225,2.1221318,26.275185,0.0,0.0
2018-11-05 12:00:00,42.59,309.26263,989.97205,2.2258675,28.363127,0.0,0.0
2018-11-05 13:00:00,42.17,308.36194,990.3027,2.9507184,30.231047,0.0,0.0
2018-11-05 14:00:00,42.19,307.4189,990.57794,4.7545004,32.587894,0.0,0.0
2018-11-05 15:00:00,43.19,305.95227,990.5482,7.0659795,38.763306,0.0,0.0
2018-11-05 16:00:00,43.74,304.5877,990.122,7.146753,44.231747,0.0,0.0
2018-11-05 17:00:00,43.58,303.80447,989.58685,6.309271,45.776398,0.0,0.0
2018-11-05 18:00:00,42.91,303.34143,989.4331,5.734377,45.817333,0.0,0.0
2018-11-05 19:00:00,42.09,302.92865,989.85077,4.7472053,49.171078,0.0,0.0
2018-11-05 20:00:00,41.39,302.5315,990.359,4.726794,49.792587,0.0,0.0
2018-11-05 21:00:00,39.99,302.19257,991.3119,4.471978,50.44434,0.0,0.0
2018-11-05 22:00:00,39.17,302.37927,992.0439,4.729465,49.242233,0.0,0.0
2018-11-05 23:00:00,38.57,303.66342,992.84955,5.195831,42.73585,0.0,0.0
2018-11-06 00:00:00,38.62,305.48218,993.04584,5.3284917,34.659084,0.0,0.0
2018-11-06 01:00:00,38.61,307.7228,992.8356,5.259088,27.59532,0.0,0.0
2018-11-06 02:00:00,39.23,309.6609,991.90076,5.009439,22.91472,0.0,0.0
2018-11-06 03:00:00,39.52,311.156,990.7492,4.6037383,20.927431,0.0,0.0
2018-11-06 04:00:00,39.52,312.30246,989.5583,4.2661333,20.258081,0.0,0.0
2018-11-06 05:00:00,39.52,313.02618,988.5238,4.0110183,19.83196,0.0,0.0
2018-11-06 06:00:00,39.32,313.60007,987.71436,3.2906313,19.18402,0.0,0.0
2018-11-06 07:00:00,39.47,313.02466,987.35376,2.147313,18.916832,0.0,0.0
2018-11-06 08:00:00,40.05,312.66028,987.35,2.1805687,19.486862,0.0,0.0
2018-11-06 09:00:00,40.16,312.32086,987.2492,2.313618,20.10379,0.0,0.0
2018-11-06 10:00:00,40.24,312.01257,988.3477,2.8486,20.787659,0.0,0.0
2018-11-06 11:00:00,40.37,311.28537,988.4808,3.007453,22.157522,0.0,0.0
2018-11-06 12:00:00,41.48,310.37762,989.0517,3.1844902,23.834297,0.0,0.0
2018-11-06 13:00:00,41.91,309.4179,989.3191,3.5262327,25.57292,0.0,0.0
2018-11-06 14:00:00,42.48,308.64807,989.3781,4.654135,27.84867,0.0,0.0
2018-11-06 15:00:00,41.59,307.4886,988.9952,5.779596,32.98659,0.0,0.0
2018-11-06 16:00:00,39.87,306.52686,988.5731,6.156316,37.267082,0.0,0.0
2018-11-06 17:00:00,38.09,305.84802,988.3164,5.2875557,37.810593,0.0,0.0
2018-11-06 18:00:00,36.6,305.23047,988.0083,4.5407705,36.9232,0.0,0.0
2018-11-06 19:00:00,36.42,304.04297,988.5506,3.972332,39.93737,0.0,0.0
2018-11-06 20:00:00,35.61,303.29584,988.9749,3.7553205,41.13645,0.0,0.0
2018-11-06 21:00:00,33.5,302.62848,990.03925,3.4131508,41.215202,0.0,0.0
2018-11-06 22:00:00,33.05,303.2754,991.1102,3.6818485,37.195957,0.0,0.0
2018-11-06 23:00:00,32.03,305.00043,991.6333,4.682013,30.122414,0.0,0.0
2018-11-07 00:00:00,32.32,307.11383,991.8538,4.608453,24.237556,0.0,0.0
2018-11-07 01:00:00,32.61,309.23358,991.84454,4.2689295,20.19318,0.0,0.0
2018-11-07 02:00:00,33.17,311.11896,990.9172,3.5290906,17.578299,0.0,0.0
2018-11-07 03:00:00,33.67,312.68094,990.0668,3.1463356,15.918605,0.0,0.0
2018-11-07 04:00:00,34.07,313.99496,988.89233,2.9789789,15.0807495,0.0,0.0
2018-11-07 05:00:00,34.24,314.7745,987.91766,2.6226413,14.689114,0.0,0.0
2018-11-07 06:00:00,34.38,315.2227,987.15094,2.2011876,14.483463,0.0,0.0
2018-11-07 07:00:00,34.42,314.3334,986.3809,0.49639243,15.119182,0.0,0.0
2018-11-07 08:00:00,34.78,314.58063,986.46906,0.25349572,14.975058,0.0,0.0
2018-11-07 09:00:00,35.43,314.3171,986.3028,0.5047919,14.973126,0.0,0.0
2018-11-07 10:00:00,36.62,314.0202,987.4902,1.4781882,15.309895,0.0,0.099999994
2018-11-07 11:00:00,38.21,313.09158,988.22327,3.733363,16.758907,0.0,2.4899998
2018-11-07 12:00:00,39.43,311.77386,989.2446,6.328791,19.88184,0.0,2.9699998
2018-11-07 13:00:00,40.12,310.768,989.9373,6.5847015,22.16443,0.0,3.08
2018-11-07 14:00:00,40.47,310.1267,990.1183,6.0573173,23.202566,0.0,0.0
2018-11-07 15:00:00,40.5,309.59528,989.7903,5.234612,23.965406,0.0,0.0
2018-11-07 16:00:00,40.92,308.79138,989.3572,4.6159577,25.351215,0.0,0.0
2018-11-07 17:00:00,41.4,308.0664,989.03235,4.538338,27.023342,0.0,0.0
2018-11-07 18:00:00,42.95,307.38748,988.8284,4.5051727,28.692345,0.0,0.0
2018-11-07 19:00:00,43.36,306.0515,989.82,4.818559,33.289196,0.0,0.0
2018-11-07 20:00:00,43.06,305.11182,990.36743,3.2397451,36.149532,0.0,0.0
2018-11-07 21:00:00,42.99,304.2824,991.1409,2.0898123,39.159046,0.0,0.0
2018-11-07 22:00:00,42.77,304.72086,991.70935,2.01535,38.8956,0.0,0.0
2018-11-07 23:00:00,42.26,306.34045,992.31714,3.9214098,36.05886,0.0,0.0
2018-11-08 00:00:00,40.83,308.41992,992.2502,5.474212,33.79487,0.0,0.0
2018-11-08 01:00:00,40.85,309.15228,992.5792,7.8124094,32.777657,0.20909384,0.0
2018-11-08 02:00:00,39.47,308.46783,992.66327,8.2510395,37.539444,0.061377883,0.0
2018-11-08 03:00:00,38.37,309.93558,991.5239,6.736756,34.46656,0.0051893294,0.0
2018-11-08 04:00:00,37.47,311.2411,990.63086,6.326302,32.01027,0.013507903,0.0
2018-11-08 05:00:00,36.62,312.07156,989.3859,5.806055,30.319157,0.019945204,0.0
2018-11-08 06:00:00,36.18,308.55487,989.5492,6.665098,41.512638,2.0344555,0.0
2018-11-08 07:00:00,36.95,311.13458,988.5926,7.657044,28.770897,0.29803067,0.0
2018-11-08 08:00:00,38.09,309.68652,989.2026,7.3520103,33.461155,0.27383864,0.0
2018-11-08 09:00:00,40.23,309.38904,989.64624,4.3284245,33.85197,0.0,0.0
2018-11-08 10:00:00,42.89,306.71198,991.2509,4.6695294,42.1023,0.5585402,0.0
2018-11-08 11:00:00,46.61,305.5008,992.09937,6.013215,49.08208,0.0,0.0
2018-11-08 12:00:00,48.58,304.5328,992.9611,5.784785,54.229355,0.0,0.0
2018-11-08 13:00:00,47.55,303.68817,993.1433,5.174222,58.35926,0.0,0.0
2018-11-08 14:00:00,45.48,303.16385,993.4567,4.7397904,61.01873,0.0,0.0
2018-11-08 15:00:00,44.52,302.76532,993.1584,4.2754703,63.004375,0.0,0.0
2018-11-08 16:00:00,44.56,302.37408,992.7983,3.1249924,65.16119,0.0,0.0
2018-11-08 17:00:00,45.11,302.12256,992.53015,2.3030038,67.25931,0.0,0.0
2018-11-08 18:00:00,46.48,301.80835,992.34326,1.5935991,71.058876,0.0,0.46999997
2018-11-08 19:00:00,46.66,300.70587,993.3669,2.1151748,71.38863,0.0,0.64
2018-11-08 20:00:00,46.55,300.7019,993.5673,1.4872365,72.21377,0.0,0.099999994
2018-11-08 21:00:00,46.2,300.66257,994.195,1.8656749,72.6498,0.0,0.0
2018-11-08 22:00:00,44.86,301.07056,994.6323,2.4590652,70.407234,0.0,0.0
2018-11-08 23:00:00,43.37,301.91107,995.2953,2.3310893,66.05318,0.0,0.0
2018-11-09 00:00:00,40.78,303.5321,995.6158,2.045655,58.226257,3.475684,0.0
2018-11-09 01:00:00,40.06,304.89807,995.57544,2.1646485,50.638927,0.0,0.0
2018-11-09 02:00:00,39.75,306.37225,994.90704,2.4753132,44.39483,0.0,0.0
2018-11-09 03:00:00,39.49,307.34332,993.79736,2.4846838,40.12413,0.0,0.0
2018-11-09 04:00:00,38.34,308.4614,992.819,2.512658,35.56576,0.0,0.0
2018-11-09 05:00:00,37.86,309.64502,991.83344,2.5407922,30.851116,0.0016912818,0.0
2018-11-09 06:00:00,37.14,310.21576,990.8642,2.2820113,28.008465,0.0,0.0
2018-11-09 07:00:00,34.74,312.93677,989.41705,3.0486777,18.334337,0.0,0.0
2018-11-09 08:00:00,32.67,312.91495,989.3415,2.6441576,17.117132,0.0,0.0
2018-11-09 09:00:00,30.99,312.70483,989.1711,2.2309768,16.342613,0.0,0.0
2018-11-09 10:00:00,28.78,311.8388,989.7464,1.2025821,17.451405,0.0,0.0
2018-11-09 11:00:00,25.22,310.07776,990.30444,0.7230864,38.510017,0.0,0.0
2018-11-09 12:00:00,22.85,309.5467,990.57513,0.44027564,21.734606,0.0,0.0
2018-11-09 13:00:00,22.74,307.8736,990.9868,0.6222224,27.944273,0.0,0.0
2018-11-09 14:00:00,22.0,305.89844,991.25635,1.2410324,36.64213,0.0,0.0
2018-11-09 15:00:00,22.05,304.79288,991.1019,1.1952945,36.603745,0.0,0.0
2018-11-09 16:00:00,22.2,303.0805,990.6726,1.778908,40.482662,0.0,0.0
2018-11-09 17:00:00,21.87,302.05322,990.8103,2.392096,45.196167,0.0,0.0
2018-11-09 18:00:00,21.71,301.174,990.87506,2.4661853,52.995556,0.0,0.0
2018-11-09 19:00:00,22.16,300.0061,991.4967,1.6144575,44.817924,0.0,0.0
2018-11-09 20:00:00,22.7,298.91956,991.5734,1.5394638,51.326042,0.0,0.0
2018-11-09 21:00:00,23.19,298.0323,992.1909,1.571445,56.678326,0.0,0.0
2018-11-09 22:00:00,23.35,299.0177,992.8875,1.3832748,56.978287,0.0,0.0
2018-11-09 23:00:00,22.85,304.1532,993.6331,2.3783724,29.240536,0.0,0.0
2018-11-10 00:00:00,21.56,307.49936,993.43744,4.313524,16.478603,0.002542138,0.0
2018-11-10 01:00:00,20.88,309.97562,993.2567,5.5594034,12.798646,0.0,0.0
2018-11-10 02:00:00,20.61,311.8147,992.54474,6.282545,11.548085,0.0,0.0
2018-11-10 03:00:00,20.87,313.1622,991.42487,5.891778,10.528127,0.0,0.0
2018-11-10 04:00:00,20.59,314.1554,990.3139,5.2851486,9.747833,0.0,0.0
2018-11-10 05:00:00,20.31,314.81772,989.08954,4.7760572,9.196648,0.0,0.0
2018-11-10 06:00:00,20.21,315.18585,988.22327,4.4000883,8.863567,0.0,0.0
2018-11-10 07:00:00,19.81,315.1242,987.4721,4.347392,8.595027,0.0,0.0
2018-11-10 08:00:00,19.52,314.8548,987.3943,4.2378697,8.558393,0.0,0.0
2018-11-10 09:00:00,19.27,314.21542,987.6094,4.189246,8.65296,0.0,0.0
2018-11-10 10:00:00,19.42,312.81024,988.3499,3.1848075,9.230354,0.0,0.0
2018-11-10 11:00:00,19.66,311.23938,988.90045,3.290723,9.936793,0.0,0.0
2018-11-10 12:00:00,19.77,309.76242,989.42487,3.6367755,10.51189,0.0,0.0
2018-11-10 13:00:00,20.29,308.44336,989.6919,4.0376554,10.88164,0.0,0.0
2018-11-10 14:00:00,20.55,307.36163,990.0275,4.349167,11.046009,0.0,0.0
2018-11-10 15:00:00,20.29,306.28278,989.62305,4.319096,11.311168,0.0,0.0
2018-11-10 16:00:00,20.0,305.2088,989.10095,4.368223,11.748404,0.0,0.0
2018-11-10 17:00:00,20.99,304.2917,988.8486,4.6508603,12.19017,0.0,0.0
2018-11-10 18:00:00,24.11,303.3723,989.1531,4.1110306,12.667641,0.0,0.0
2018-11-10 19:00:00,26.8,301.62207,990.4892,3.5199285,17.288824,0.0,0.0
2018-11-10 20:00:00,26.51,300.4631,991.11975,3.1255798,27.840313,0.0,0.0
2018-11-10 21:00:00,24.2,299.55634,991.63257,2.8208807,39.169186,0.0,0.0
2018-11-10 22:00:00,23.1,300.59552,992.52826,2.321439,44.367935,0.0,0.0
2018-11-10 23:00:00,21.89,303.44012,992.8005,2.4970994,46.684162,0.0,0.0
2018-11-11 00:00:00,23.16,305.77066,992.72,2.293433,42.77007,0.0,0.0
2018-11-11 01:00:00,24.35,308.57675,992.42914,3.218477,31.049187,0.0,0.0
2018-11-11 02:00:00,25.86,311.02625,991.6175,4.3547235,21.739574,0.0,0.0
2018-11-11 03:00:00,28.07,312.47662,990.44653,4.460432,18.628923,0.0,0.0
2018-11-11 04:00:00,29.15,313.3391,989.4256,3.9586244,17.319311,0.0,0.0
2018-11-11 05:00:00,29.88,313.901,988.529,3.1874702,16.377111,0.0,0.0
2018-11-11 06:00:00,30.58,314.23492,987.7875,2.7104056,15.9581,0.0,0.0
2018-11-11 07:00:00,31.25,314.4027,987.1239,1.9967884,14.99775,0.0,0.0
2018-11-11 08:00:00,33.04,314.21954,987.1149,1.9810185,15.468229,0.0,0.0
2018-11-11 09:00:00,34.21,313.74506,987.4473,2.1736133,16.123497,0.0,0.0
2018-11-11 10:00:00,35.19,312.80457,988.424,3.23158,17.444458,0.0,0.0
2018-11-11 11:00:00,36.06,311.68558,988.9239,3.7495022,19.492678,0.0,0.0
2018-11-11 12:00:00,36.28,310.61664,989.5041,4.191556,21.587606,0.0,0.0
2018-11-11 13:00:00,36.23,309.6392,989.8649,5.7076354,24.389666,0.0,0.0
2018-11-11 14:00:00,36.53,308.55475,989.78784,7.096277,29.137838,0.0,0.0
2018-11-11 15:00:00,37.23,307.5268,989.5042,6.899528,33.358047,0.0,0.0
2018-11-11 16:00:00,38.19,306.88617,989.2058,5.4051604,35.34981,0.0,0.0
2018-11-11 17:00:00,38.66,306.13846,989.2405,3.9586103,37.43908,0.0,0.0
2018-11-11 18:00:00,39.31,305.3138,989.4489,3.2529588,40.120155,0.0,0.0
2018-11-11 19:00:00,41.12,304.51093,989.90375,3.4048264,41.540115,0.0,0.0
2018-11-11 20:00:00,42.12,303.7128,990.5203,3.8130848,46.219265,0.0,0.0
2018-11-11 21:00:00,41.98,303.00824,991.42474,4.0698867,51.392235,0.0,0.0
2018-11-11 22:00:00,41.11,303.51978,992.1181,4.6963205,52.672077,0.0,0.0
2018-11-11 23:00:00,40.48,305.30103,992.79376,5.247138,43.30542,0.0,0.0
2018-11-12 00:00:00,40.18,307.16455,992.6423,4.6113257,34.724243,0.0,0.0
2018-11-12 01:00:00,40.16,309.05045,992.2604,4.3626,28.860828,0.0,0.0
2018-11-12 02:00:00,39.61,310.84906,991.56256,4.221185,24.45229,0.0,0.0
2018-11-12 03:00:00,38.57,312.31592,990.34546,3.8617969,21.475609,0.0,0.0
2018-11-12 04:00:00,37.99,312.64642,989.5017,3.0523024,19.920467,0.0,0.0
2018-11-12 05:00:00,37.78,313.3094,988.5806,2.8679595,18.852135,0.0,0.0
2018-11-12 06:00:00,37.66,313.65192,987.8476,2.9350433,18.453411,0.0,0.0
2018-11-12 07:00:00,37.95,313.69543,987.4772,3.0386124,17.692013,0.0,0.0
2018-11-12 08:00:00,37.98,313.40906,987.5171,3.253493,17.992315,0.0,0.0
2018-11-12 09:00:00,37.99,313.01965,987.5087,3.4316688,18.39076,0.0,0.0
2018-11-12 10:00:00,38.2,312.3369,988.52,3.3894227,18.9483,0.0,0.0
2018-11-12 11:00:00,38.27,311.48218,989.0137,3.8113725,20.509062,0.0,0.0
2018-11-12 12:00:00,38.34,310.45425,989.57263,4.011759,22.500002,0.0,0.0
2018-11-12 13:00:00,38.57,309.4753,990.17505,4.285741,24.627771,0.0,0.0
2018-11-12 14:00:00,39.39,308.51428,990.4486,4.8202167,27.22338,0.0,0.0
2018-11-12 15:00:00,40.52,307.6812,990.0157,5.314591,30.333672,0.0,0.0
2018-11-12 16:00:00,41.26,306.7185,989.5549,5.3960104,33.64323,0.0,0.0
2018-11-12 17:00:00,41.28,306.13055,989.3272,5.2384596,35.685913,0.0,0.0
2018-11-12 18:00:00,41.47,305.59665,989.3638,4.7062836,37.131702,0.0,0.0
2018-11-12 19:00:00,41.33,305.20633,989.4183,4.0753455,37.6962,0.0,0.0
2018-11-12 20:00:00,41.29,304.5064,989.9556,3.243026,38.31424,0.0,0.0
2018-11-12 21:00:00,41.46,303.71918,990.65045,2.5800598,39.657185,0.010997057,0.0
2018-11-12 22:00:00,42.23,304.45404,991.86096,2.4531379,37.46865,0.05197525,0.0
2018-11-12 23:00:00,41.87,305.7735,992.28143,3.2319095,33.74407,0.0,0.0
2018-11-13 00:00:00,41.69,307.23914,992.48376,3.670279,30.584318,0.06449567,0.0
2018-11-13 01:00:00,41.18,309.0091,992.3755,4.144066,27.179913,0.0,0.0
2018-11-13 02:00:00,40.72,310.49536,991.73157,4.1162295,24.337345,0.0,0.0
2018-11-13 03:00:00,40.11,311.53293,990.7971,3.128613,22.561153,0.0,0.0
2018-11-13 04:00:00,39.71,312.29022,989.734,2.5181227,21.279158,0.0,0.0
2018-11-13 05:00:00,39.02,313.11612,988.96826,2.3111255,20.062002,0.0,0.0
2018-11-13 06:00:00,38.58,313.46213,988.0447,2.4629653,19.490635,0.0017210841,0.0
2018-11-13 07:00:00,38.14,313.68457,987.4542,2.226037,17.135706,0.0,0.0
2018-11-13 08:00:00,37.67,313.68036,987.414,2.0174174,17.041212,0.0,0.0
2018-11-13 09:00:00,37.14,313.27026,987.6255,1.6808224,17.3397,0.0,0.0
2018-11-13 10:00:00,36.87,312.85114,988.1032,0.95709604,17.706326,0.0,0.0
2018-11-13 11:00:00,36.9,312.29175,988.8113,1.1674039,18.498154,0.0,0.0
2018-11-13 12:00:00,36.77,311.26154,989.5054,1.7699177,19.740185,0.0,0.0
2018-11-13 13:00:00,37.04,310.0616,989.90607,2.6306322,21.015015,0.0,0.0
2018-11-13 14:00:00,37.55,309.12592,990.03467,3.2105458,22.050005,0.0,0.0
2018-11-13 15:00:00,38.53,308.34805,989.4158,3.493642,22.868736,0.0,0.0
2018-11-13 16:00:00,39.27,307.56433,988.9924,3.6052659,23.64475,0.0,0.0
2018-11-13 17:00:00,39.7,306.8117,988.593,3.3701885,24.400585,0.0,0.0
2018-11-13 18:00:00,39.08,305.93378,988.70135,2.6190097,25.616955,0.0,0.0
2018-11-13 19:00:00,39.51,305.21454,988.925,2.9877565,32.64044,0.0,0.0
2018-11-13 20:00:00,39.99,304.49792,989.3655,3.0261269,33.533783,0.0,0.0
2018-11-13 21:00:00,40.75,303.70587,990.3611,2.5228784,33.367664,0.0,0.0
2018-11-13 22:00:00,41.54,304.24576,991.0586,1.0676271,32.947647,0.0,0.0
2018-11-13 23:00:00,41.14,306.92947,991.89087,1.8400459,25.672268,0.0,0.0
2018-11-14 00:00:00,38.83,309.63306,991.9958,3.7712498,22.410807,0.0017285347,0.0
2018-11-14 01:00:00,37.86,311.93805,991.7922,4.374446,19.968927,0.0,0.0
2018-11-14 02:00:00,37.75,313.75656,991.28314,4.16568,17.084845,0.0,0.0
2018-11-14 03:00:00,37.6,314.90665,990.5657,3.7661405,15.16154,0.0,0.0
2018-11-14 04:00:00,37.2,315.389,989.8378,3.4535308,14.288868,0.0,0.0
2018-11-14 05:00:00,36.34,315.34106,989.04126,2.98463,13.970521,0.0,0.0
2018-11-14 06:00:00,35.46,315.80176,988.39453,2.6906652,13.364223,0.0,0.0
2018-11-14 07:00:00,34.83,316.77118,987.3362,3.7432425,12.166498,0.0,0.0
2018-11-14 08:00:00,34.09,316.40262,987.46515,3.6183748,12.2321,0.0,0.0
2018-11-14 09:00:00,33.76,315.7657,987.509,3.4683433,12.494759,0.0,0.0
2018-11-14 10:00:00,33.24,314.7146,988.54236,2.716404,13.186458,0.0,0.0
2018-11-14 11:00:00,32.75,313.75623,989.51624,2.0934167,13.52826,0.0,0.0
2018-11-14 12:00:00,33.01,312.29993,990.3373,1.4971021,15.367347,0.0,0.0
2018-11-14 13:00:00,32.6,311.5433,990.7425,0.62078315,16.612806,0.0,0.0
2018-11-14 14:00:00,32.6,310.0794,991.1105,1.0642632,18.697952,0.0,0.0
2018-11-14 15:00:00,32.88,308.393,991.133,1.8833786,20.76357,0.0,0.0
2018-11-14 16:00:00,32.97,307.52643,991.16077,2.2190228,23.700724,0.0,0.0
2018-11-14 17:00:00,32.33,306.89978,991.0226,2.7822719,26.4208,0.0,0.0
2018-11-14 18:00:00,31.5,306.2376,991.1357,3.5146687,30.41459,0.0,0.0
2018-11-14 19:00:00,30.8,303.7578,992.0114,3.4142108,48.62458,0.0,0.0
2018-11-14 20:00:00,29.55,302.58105,992.77374,3.2624035,58.64756,0.0,0.0
2018-11-14 21:00:00,28.89,301.82587,993.54614,2.8566828,63.144157,0.0,0.0
2018-11-14 22:00:00,28.19,302.376,994.47125,2.712943,61.5991,0.0,0.0
2018-11-14 23:00:00,27.4,305.01636,995.0574,2.1235774,47.049763,0.0,0.0
2018-11-15 00:00:00,27.54,307.96176,995.21063,1.2028437,28.513113,0.002146035,0.0
2018-11-15 01:00:00,27.91,310.61218,995.1397,2.324118,17.248592,0.0,0.0
2018-11-15 02:00:00,28.51,312.6566,994.2824,3.4178724,12.385283,0.0,0.0
2018-11-15 03:00:00,26.94,314.16394,993.3514,3.562762,10.075864,0.0,0.0
2018-11-15 04:00:00,25.43,315.27008,992.0817,3.5010772,9.027528,0.0,0.0
2018-11-15 05:00:00,25.0,316.05453,991.1331,3.5498927,8.720781,0.0,0.0
2018-11-15 06:00:00,24.33,316.50604,990.2177,3.962634,8.736942,0.0,0.0
2018-11-15 07:00:00,23.62,316.66846,989.40466,4.1055665,8.626493,0.0,0.0
2018-11-15 08:00:00,23.55,316.38196,989.18384,4.7663383,8.754825,0.0,0.0
2018-11-15 09:00:00,23.16,315.63287,989.3331,5.106172,9.2550335,0.0,0.0
2018-11-15 10:00:00,23.1,314.21826,990.0266,4.0888186,10.356704,0.0,0.0
2018-11-15 11:00:00,23.14,312.70306,990.60156,3.510052,11.62832,0.0,0.0
2018-11-15 12:00:00,22.63,311.55536,991.21204,2.8195024,12.700422,0.0,0.0
2018-11-15 13:00:00,23.77,310.15497,991.327,2.32775,14.216564,0.0,0.0
2018-11-15 14:00:00,24.42,308.54404,991.4266,2.2941132,16.074661,0.0,0.0
2018-11-15 15:00:00,25.59,307.43457,991.17456,3.0576544,17.00747,0.0,0.0
2018-11-15 16:00:00,28.16,305.99463,990.8656,2.513256,18.057383,0.0,0.0
2018-11-15 17:00:00,29.53,304.73444,990.59467,3.5137253,22.40619,0.0,0.0
2018-11-15 18:00:00,31.76,303.04202,990.9153,5.2253895,42.32176,0.0,0.0
2018-11-15 19:00:00,32.43,301.85638,991.85266,5.3863864,58.833183,0.0,0.0
2018-11-15 20:00:00,32.24,301.21338,992.46783,5.0263433,63.21007,0.0,0.0
2018-11-15 21:00:00,31.67,300.59192,993.14685,4.6624503,67.53417,0.0,0.0
2018-11-15 22:00:00,29.96,301.09424,993.9881,5.0818243,66.41093,0.0,0.0
2018-11-15 23:00:00,29.78,303.1418,993.997,5.7293496,56.906338,0.0,0.0
2018-11-16 00:00:00,29.56,305.85797,993.8727,5.69794,46.2486,0.0,0.0
2018-11-16 01:00:00,29.22,308.57092,993.3934,5.245208,36.478558,0.0,0.0
2018-11-16 02:00:00,28.3,310.97717,992.8111,4.5667143,27.501778,0.0,0.0
2018-11-16 03:00:00,27.9,312.85486,991.3122,3.996086,21.344124,0.0,0.0
2018-11-16 04:00:00,27.63,314.01477,990.10156,3.4658601,17.056248,0.0,0.0
2018-11-16 05:00:00,26.98,314.8811,989.17334,3.3699934,14.584891,0.0,0.0
2018-11-16 06:00:00,25.74,315.38007,988.1089,3.5837085,13.490972,0.0,0.0
2018-11-16 07:00:00,24.45,315.74164,987.56775,3.6560843,11.710868,0.0,0.0
2018-11-16 08:00:00,23.03,315.63815,987.1223,3.5974314,11.1832905,0.0,0.0
2018-11-16 09:00:00,21.84,315.21652,987.20764,3.4462774,10.852157,0.0,0.0
2018-11-16 10:00:00,21.01,314.14365,988.09845,2.757048,11.3327055,0.0,0.0
2018-11-16 11:00:00,21.27,312.49902,988.40857,3.2566893,12.79997,0.0,0.0
2018-11-16 12:00:00,25.23,311.0041,989.16455,3.959757,14.598274,0.0,0.0
2018-11-16 13:00:00,28.67,309.71722,989.8971,6.197595,17.869411,0.0,0.0
2018-11-16 14:00:00,30.61,306.85223,990.51294,9.735479,37.991585,0.0,0.0
2018-11-16 15:00:00,32.26,304.99203,990.77905,8.30617,47.990692,0.0,0.0
2018-11-16 16:00:00,35.32,304.28723,990.4995,7.2394576,49.073124,0.0,0.0
2018-11-16 17:00:00,37.02,303.39746,990.2289,6.7091165,50.754166,0.0,0.0
2018-11-16 18:00:00,37.23,302.55804,990.4469,6.3870053,53.884983,0.0,0.0
2018-11-16 19:00:00,36.97,301.8141,991.46216,5.505691,57.46174,0.0,0.0
2018-11-16 20:00:00,37.22,301.2559,991.9673,4.9523344,60.71797,0.0,0.0
2018-11-16 21:00:00,38.31,300.76355,992.5993,4.289355,64.09223,0.0,0.0
2018-11-16 22:00:00,38.98,301.18604,993.5567,4.6922126,63.898952,0.0,0.0
2018-11-16 23:00:00,39.36,302.83978,993.8745,5.115992,56.730484,0.0,0.0
2018-11-17 00:00:00,40.96,305.0844,993.90295,4.9861546,46.977177,0.0,0.0
2018-11-17 01:00:00,41.08,307.40622,993.372,4.6236453,38.356598,0.0,0.0
2018-11-17 02:00:00,41.79,309.5301,992.613,4.2619286,31.815683,0.0,0.0
2018-11-17 03:00:00,42.87,311.26477,991.58014,4.009012,27.46025,0.014431775,0.0
2018-11-17 04:00:00,43.22,312.5937,990.361,3.9394076,24.371443,0.019647181,0.0
2018-11-17 05:00:00,43.03,313.5003,989.2202,4.0007997,22.217146,0.0021457672,0.0
2018-11-17 06:00:00,41.53,314.08563,988.24554,4.181441,20.628075,0.0,0.0
2018-11-17 07:00:00,40.74,313.92365,987.0522,3.0608118,20.068111,0.010377913,0.049999997
2018-11-17 08:00:00,40.09,313.72876,986.84436,3.2329633,19.737476,0.0,0.0
2018-11-17 09:00:00,38.74,311.65588,987.3884,5.233216,22.410223,0.8061714,0.0
2018-11-17 10:00:00,38.34,310.75916,988.59985,6.110677,23.87256,0.15077746,0.0
2018-11-17 11:00:00,39.5,310.01553,989.5109,5.3056536,25.700537,0.0,0.0
2018-11-17 12:00:00,41.31,308.56915,990.79205,3.59625,29.399342,0.01232326,0.0
2018-11-17 13:00:00,42.45,307.5821,991.55896,2.5512054,33.05835,0.08927286,0.0
2018-11-17 14:00:00,41.83,306.1641,992.2464,2.639114,38.181488,0.4645884,0.08
2018-11-17 15:00:00,42.1,305.65277,991.96606,1.882118,42.134296,0.0,1.05
2018-11-17 16:00:00,42.48,304.98212,991.557,0.581732,46.001297,0.0,0.0
2018-11-17 17:00:00,42.55,304.07693,991.33923,0.82162535,57.097157,0.0,0.0
2018-11-17 18:00:00,43.2,303.68396,991.15796,2.1046197,53.7572,0.0,0.0
2018-11-17 19:00:00,42.96,301.9688,991.2664,3.8284566,64.08829,0.0,0.0
2018-11-17 20:00:00,42.44,301.74713,991.6809,3.592395,65.27241,0.0,0.0
2018-11-17 21:00:00,42.46,301.45642,992.17413,3.1348639,67.47956,0.0,0.0
2018-11-17 22:00:00,42.39,302.00122,992.8781,3.8571906,66.99264,0.0,0.0
2018-11-17 23:00:00,41.04,303.26627,993.4031,4.3210826,61.67527,0.0,0.0
2018-11-18 00:00:00,40.38,304.86993,993.5925,3.9913561,54.222404,1.5740633,0.0
2018-11-18 01:00:00,40.26,306.40338,993.41016,3.6521208,47.501495,0.0,0.0
2018-11-18 02:00:00,41.01,307.90726,992.8658,3.5954359,42.291634,0.022290275,0.0
2018-11-18 03:00:00,41.69,309.27338,991.8445,3.6481462,38.41405,0.016283244,0.0
2018-11-18 04:00:00,41.85,310.43622,990.77844,3.5578575,33.08778,0.025339425,0.0
2018-11-18 05:00:00,41.69,310.59436,989.9613,3.3299499,32.11551,0.012926757,0.0
2018-11-18 06:00:00,41.05,310.82294,988.8349,3.4902077,31.012524,0.010371208,0.0
2018-11-18 07:00:00,41.27,311.68066,988.4775,3.5129871,27.196867,0.006750226,0.0
2018-11-18 08:00:00,41.49,311.6487,988.3159,3.630526,27.378876,0.0,0.0
2018-11-18 09:00:00,41.95,310.6891,988.9353,4.7552443,28.96682,0.0,0.0
2018-11-18 10:00:00,43.05,307.84363,990.60175,7.039854,36.663307,0.045001507,0.0
2018-11-18 11:00:00,44.28,306.49243,991.1185,6.4768195,40.59799,0.08070469,0.0
2018-11-18 12:00:00,45.3,305.6773,992.02203,5.168412,43.478912,0.0013560057,0.0
2018-11-18 13:00:00,45.12,305.05798,992.1322,4.7291136,46.132774,0.0036358833,0.0
2018-11-18 14:00:00,46.25,304.5848,992.46533,3.711251,48.385006,0.0,0.0
2018-11-18 15:00:00,47.88,304.36273,992.3258,2.9342391,49.513424,0.0014007092,0.0
2018-11-18 16:00:00,47.82,303.9629,991.8742,2.9772286,51.212414,0.0018775463,0.0
2018-11-18 17:00:00,46.27,303.4666,991.46594,2.5030134,53.853683,0.0,0.0
2018-11-18 18:00:00,44.51,302.9275,991.0934,2.2246635,56.976284,0.0,0.0
2018-11-18 19:00:00,43.15,301.0504,990.70233,3.262724,65.75801,0.0,0.0
2018-11-18 20:00:00,41.75,301.0703,991.2104,2.8113608,65.80871,0.0,0.0
2018-11-18 21:00:00,40.89,300.95343,991.7289,2.4198308,66.77275,0.0,0.0
2018-11-18 22:00:00,40.35,301.4928,992.29626,2.731124,65.53851,0.0,0.0
2018-11-18 23:00:00,39.91,302.93945,992.77893,2.9872148,61.82413,0.0,0.0
2018-11-19 00:00:00,40.74,304.7627,992.46985,3.0437312,55.53727,0.27890503,0.0
2018-11-19 01:00:00,41.11,306.80466,992.28424,2.9121199,48.312984,0.0,0.0
2018-11-19 02:00:00,40.98,308.6183,991.35516,2.7170851,41.95275,0.0017154962,0.0
2018-11-19 03:00:00,41.47,310.2932,990.30774,2.6132474,36.90001,0.0,0.0
2018-11-19 04:00:00,41.77,311.2339,989.1992,2.5681179,33.744392,0.0,0.0
2018-11-19 05:00:00,41.56,311.48206,988.28186,2.6561587,32.44429,0.0,0.0
2018-11-19 06:00:00,40.95,311.8781,987.5616,2.4092288,31.118181,0.0,0.0
2018-11-19 07:00:00,41.4,312.2835,987.12506,1.411126,27.020718,0.0,0.0
2018-11-19 08:00:00,42.01,311.93088,987.09656,1.6317959,27.503023,0.0,0.0
2018-11-19 09:00:00,43.79,311.45856,987.3297,1.6802144,28.243181,0.0,0.0
2018-11-19 10:00:00,45.13,309.73193,988.42334,2.4435089,32.08301,0.12482256,0.089999996
2018-11-19 11:00:00,45.73,307.68784,989.7558,3.5656402,36.32744,0.028267503,0.07
2018-11-19 12:00:00,47.17,307.51416,989.8176,4.2745705,37.36725,0.0,0.0
2018-11-19 13:00:00,46.94,307.07895,990.1919,4.4912457,39.744194,0.0,0.0
2018-11-19 14:00:00,46.96,306.30585,990.16815,4.9673033,43.3804,0.0,0.0
2018-11-19 15:00:00,47.19,305.2962,989.6011,5.573887,47.30279,0.0,0.0
2018-11-19 16:00:00,47.34,304.18607,989.35376,5.765551,51.372807,0.0,0.0
2018-11-19 17:00:00,46.75,303.2057,989.062,5.799668,55.280804,0.0,0.0
2018-11-19 18:00:00,45.3,302.377,988.9551,5.346029,58.899723,0.0,0.0
2018-11-19 19:00:00,43.74,301.75842,988.94507,5.363883,63.220318,0.0,0.0
2018-11-19 20:00:00,42.33,301.2541,988.95544,5.0236773,66.06891,0.0,0.0
2018-11-19 21:00:00,41.79,300.84204,989.678,4.75192,69.05188,0.0,0.0
2018-11-19 22:00:00,42.35,301.1956,990.9373,5.063917,68.836365,0.0,0.0
2018-11-19 23:00:00,43.26,302.56006,991.65283,5.014533,62.226685,0.0,0.0
2018-11-20 00:00:00,43.65,304.47394,991.7953,4.8220243,53.15143,0.15630424,0.0
2018-11-20 01:00:00,43.78,306.81436,991.40393,4.655309,44.17087,0.0,0.0
2018-11-20 02:00:00,44.02,308.97385,990.5885,4.63032,37.582504,0.0,0.0
2018-11-20 03:00:00,44.16,310.8484,989.32336,4.7958684,32.97472,0.0,0.0
2018-11-20 04:00:00,43.79,311.93817,988.12836,4.903595,30.094915,0.0,0.0
2018-11-20 05:00:00,43.48,312.23718,987.28265,5.132655,28.945278,0.0,0.0
2018-11-20 06:00:00,43.17,312.9201,986.4187,5.3599772,27.629625,0.0,0.0
2018-11-20 07:00:00,43.29,313.33386,985.60187,5.8832936,25.230812,0.0,0.0
2018-11-20 08:00:00,43.2,311.28424,986.0781,7.1171145,26.20866,0.06528199,0.0
2018-11-20 09:00:00,42.61,310.29895,986.5403,7.281537,27.641851,0.0035762787,0.0
2018-11-20 10:00:00,42.46,309.27823,987.3144,7.5372305,31.057629,0.0,0.0
2018-11-20 11:00:00,42.14,308.31238,988.09265,6.955758,34.178658,0.0,0.0
2018-11-20 12:00:00,41.49,307.33835,988.8681,7.0313964,37.354706,0.0,0.0
2018-11-20 13:00:00,40.61,306.03503,989.6699,7.2127004,42.460014,0.0,0.0
2018-11-20 14:00:00,39.78,304.60278,990.15576,7.0529284,49.182083,0.0,0.0
2018-11-20 15:00:00,38.89,303.2071,989.6012,7.0360293,56.246193,0.0,0.0
2018-11-20 16:00:00,37.38,302.16473,989.22046,6.702738,62.142117,0.0,0.0
2018-11-20 17:00:00,35.84,301.33954,988.84784,6.207998,67.10287,0.0,0.0
2018-11-20 18:00:00,35.03,300.6975,988.6777,5.7184086,71.141235,0.0,0.0
2018-11-20 19:00:00,34.01,299.82855,988.67694,5.289768,77.053276,0.0,0.0
2018-11-20 20:00:00,33.78,299.37802,989.20087,4.6785517,79.95342,0.0,0.0
2018-11-20 21:00:00,33.73,299.08887,990.1286,4.842159,81.70158,0.0,0.0
2018-11-20 22:00:00,34.78,299.7217,991.47534,5.5964074,77.74075,0.0039041042,0.0
2018-11-20 23:00:00,35.04,300.95554,992.34875,5.1760387,70.79069,0.02041459,0.0
2018-11-21 00:00:00,33.92,302.57303,992.58,4.6100883,61.98298,0.09428263,0.0
2018-11-21 01:00:00,33.9,304.47925,992.28357,4.2400465,49.9003,0.0,0.0
2018-11-21 02:00:00,34.26,306.58813,991.67596,4.141563,39.529575,0.0,0.0
2018-11-21 03:00:00,35.11,308.50824,990.63873,4.1862955,32.004166,0.0,0.0
2018-11-21 04:00:00,35.36,310.093,989.65076,4.337073,27.091425,0.0,0.0
2018-11-21 05:00:00,34.85,311.36673,988.6502,4.463824,23.76095,0.0,0.0
2018-11-21 06:00:00,33.78,312.15155,987.6959,4.5664043,21.730515,0.0,0.0
2018-11-21 07:00:00,33.81,312.5243,986.7261,4.2231026,22.315418,0.0,0.0
2018-11-21 08:00:00,33.39,312.24503,986.2575,4.4306374,22.283985,0.0,0.0
2018-11-21 09:00:00,33.38,311.78488,986.67017,4.5135503,22.54588,0.0,0.0
2018-11-21 10:00:00,32.12,311.07782,987.392,4.167686,23.106606,0.0,0.0
2018-11-21 11:00:00,31.31,310.50543,988.2271,3.1149275,23.585648,0.0,0.0
2018-11-21 12:00:00,31.31,309.92798,989.07153,2.3421957,24.259842,0.0,0.0
2018-11-21 13:00:00,30.87,308.78687,989.8094,3.9023468,26.764393,0.0,0.0
2018-11-21 14:00:00,31.43,306.67014,990.3113,6.5752177,36.092464,0.0,0.0
2018-11-21 15:00:00,31.95,304.51654,990.3666,6.9373946,45.999153,0.0,0.0
2018-11-21 16:00:00,32.0,303.38507,990.04376,6.070401,50.07795,0.0,0.0
2018-11-21 17:00:00,30.76,302.48022,989.60657,5.677745,53.21737,0.0,0.0
2018-11-21 18:00:00,29.49,301.68524,989.30896,5.5060263,56.64802,0.0,0.0
2018-11-21 19:00:00,29.31,300.78717,989.7175,5.774784,61.075134,0.0,0.0
2018-11-21 20:00:00,28.7,300.04312,990.20905,5.455246,64.88701,0.0,0.0
2018-11-21 21:00:00,27.85,299.48083,991.13513,5.2763953,68.32915,0.0,0.0
2018-11-21 22:00:00,28.45,299.81097,992.28235,5.5875206,67.63013,0.0,0.0
2018-11-21 23:00:00,28.24,301.38184,993.4325,5.741132,58.625717,0.0,0.0
2018-11-22 00:00:00,29.33,303.39658,993.9325,5.5029383,46.229885,0.0,0.0
2018-11-22 01:00:00,29.96,305.63147,993.7919,5.122358,35.870678,0.0,0.0
2018-11-22 02:00:00,30.29,307.74872,993.1345,5.085022,28.860832,0.0,0.0
2018-11-22 03:00:00,30.36,309.71487,992.1877,5.267646,24.38406,0.0,0.0
2018-11-22 04:00:00,31.02,311.199,991.1875,5.2142873,22.050236,0.0,0.0
2018-11-22 05:00:00,32.24,312.16846,990.15436,4.9709105,20.840363,0.0,0.0
2018-11-22 06:00:00,33.24,312.72397,989.27405,4.879815,20.17702,0.0,0.0
2018-11-22 07:00:00,34.57,312.98767,988.3728,4.228022,19.111406,0.0,0.0
2018-11-22 08:00:00,35.23,312.75,988.1944,4.4005933,19.62597,0.0,0.0
2018-11-22 09:00:00,35.31,312.16006,988.2855,4.3964987,20.484852,0.0,0.0
2018-11-22 10:00:00,34.25,311.29205,989.1887,4.0772247,21.683376,0.0,0.0
2018-11-22 11:00:00,33.17,310.50644,989.498,3.8837233,22.981356,0.0,0.0
2018-11-22 12:00:00,32.76,309.62317,990.47736,4.1994042,24.699911,0.0,0.0
2018-11-22 13:00:00,31.87,308.51074,990.9281,5.471807,27.784645,0.0,0.0
2018-11-22 14:00:00,32.95,307.02368,991.6461,7.0847573,33.524845,0.0,0.0
2018-11-22 15:00:00,33.05,305.7624,991.5081,7.1625743,35.550636,0.0,0.0
2018-11-22 16:00:00,31.93,304.8129,991.2333,6.4664793,33.303654,0.0,0.0
2018-11-22 17:00:00,31.43,303.7436,990.6399,5.978205,33.378353,0.0,0.0
2018-11-22 18:00:00,31.33,302.60812,990.47455,5.479643,36.956688,0.0,0.0
2018-11-22 19:00:00,31.76,301.5736,990.8218,5.1835237,42.478195,0.0,0.0
2018-11-22 20:00:00,31.93,300.55283,990.83374,4.711053,48.73943,0.0,0.0
2018-11-22 21:00:00,32.37,299.76086,991.8691,4.226652,54.299797,0.0,0.0
2018-11-22 22:00:00,33.09,299.8053,993.1739,4.3643303,55.863487,0.0,0.0
2018-11-22 23:00:00,34.0,300.9665,994.324,4.20783,50.73533,0.0,0.0
2018-11-23 00:00:00,35.35,302.89532,994.65656,4.1751504,41.755283,0.0,0.0
2018-11-23 01:00:00,35.77,305.14493,994.0945,4.215118,33.165836,0.0,0.0
2018-11-23 02:00:00,36.3,307.28745,993.53094,4.242412,26.590172,0.0,0.0
2018-11-23 03:00:00,36.97,309.37396,992.6786,4.538539,22.1541,0.0,0.0
2018-11-23 04:00:00,37.37,310.78125,991.6364,4.816078,20.13746,0.0,0.0
2018-11-23 05:00:00,37.52,311.91364,990.4958,4.759727,19.356703,0.0,0.0
2018-11-23 06:00:00,37.48,312.504,989.5399,4.4290504,19.203115,0.0,0.0
2018-11-23 07:00:00,37.12,312.11017,989.5701,3.6443183,19.95922,0.0,0.0
2018-11-23 08:00:00,36.48,311.95203,989.3741,3.7949352,20.406939,0.0,0.0
2018-11-23 09:00:00,36.29,311.43335,989.637,4.1880283,21.349546,0.0,0.0
2018-11-23 10:00:00,36.08,310.6316,990.2357,4.4520535,22.895597,0.0,0.0
2018-11-23 11:00:00,36.9,309.89508,990.94336,4.26751,24.677351,0.0,0.0
2018-11-23 12:00:00,37.45,309.06927,991.5564,4.384187,26.757504,0.0,0.0
2018-11-23 13:00:00,38.23,308.21475,991.7139,4.8518143,28.975159,0.0,0.0
2018-11-23 14:00:00,38.21,307.28827,991.95654,5.6310344,31.61132,0.0,0.0
2018-11-23 15:00:00,37.78,306.10144,991.93744,6.453284,35.492104,0.0,0.0
2018-11-23 16:00:00,37.93,304.9698,992.17065,6.669127,38.77077,0.0,0.0
2018-11-23 17:00:00,38.42,303.8156,992.22986,5.968077,41.85585,0.0,0.0
2018-11-23 18:00:00,39.96,302.8238,992.11084,5.24342,44.97819,0.0,0.0
2018-11-23 19:00:00,40.79,301.8792,992.34625,4.838254,48.217003,0.0,0.0
2018-11-23 20:00:00,41.5,301.16077,993.1011,4.0481176,50.88428,0.0,0.0
2018-11-23 21:00:00,41.97,300.49084,993.617,3.83723,53.820835,0.0,0.0
2018-11-23 22:00:00,42.58,300.614,994.3267,3.9656873,53.68894,0.0,0.0
2018-11-23 23:00:00,43.68,301.88477,994.90424,3.444002,48.58704,0.0,0.0
2018-11-24 00:00:00,44.15,303.7517,994.801,2.8132908,41.397846,0.0,0.0
2018-11-24 01:00:00,44.27,305.8207,994.4375,2.3608155,35.51808,0.0,0.0
2018-11-24 02:00:00,44.36,307.85175,993.90643,2.0554109,31.58383,0.0,0.0
2018-11-24 03:00:00,44.88,309.60614,992.90674,2.0428073,28.54417,0.0,0.0
2018-11-24 04:00:00,45.55,311.03104,991.85266,1.9303464,26.252234,0.0,0.0
2018-11-24 05:00:00,46.07,311.9947,990.7159,2.1485345,25.055754,0.0,0.0
2018-11-24 06:00:00,46.09,312.77203,989.7947,2.6176913,23.902664,0.0,0.0
2018-11-24 07:00:00,46.18,313.221,989.22485,2.6084096,23.250954,0.0030323863,0.0
2018-11-24 08:00:00,45.85,313.14597,988.726,2.9313328,23.202923,0.0014901161,0.0
2018-11-24 09:00:00,46.99,311.92178,989.32935,3.7038643,25.046453,0.1373887,0.0
2018-11-24 10:00:00,49.27,311.664,990.1205,3.0291095,25.194403,0.0,0.0
2018-11-24 11:00:00,49.71,311.02606,991.0588,2.7027593,26.367563,0.0066012144,1.3399999
2018-11-24 12:00:00,49.23,308.8249,992.37805,5.9618697,33.888973,0.01052767,3.59
2018-11-24 13:00:00,48.79,305.86346,993.61774,7.759528,47.497086,0.041916966,1.4
2018-11-24 14:00:00,49.44,304.11642,994.2707,6.9591613,54.5285,0.017747283,0.08
2018-11-24 15:00:00,50.19,303.82062,994.1383,4.8743773,55.30085,0.0018775463,0.14999999
2018-11-24 16:00:00,50.63,303.57663,993.9105,4.344758,55.384087,0.0014007092,0.06
2018-11-24 17:00:00,51.24,302.7761,993.5808,5.593325,56.265766,0.0,0.0
2018-11-24 18:00:00,51.41,301.60678,993.7422,5.911981,60.16606,0.007390976,0.0
2018-11-24 19:00:00,51.01,302.51608,993.1822,4.114299,56.379616,0.0,0.0
2018-11-24 20:00:00,49.64,302.09656,993.5734,4.1067433,56.58853,0.0,0.0
2018-11-24 21:00:00,49.02,301.61133,994.19653,4.2539496,57.27942,0.0,0.0
2018-11-24 22:00:00,48.34,301.75488,995.03687,4.886005,55.36234,0.0,0.0
2018-11-24 23:00:00,47.92,302.8681,995.5589,4.561336,50.433357,0.0,0.0
2018-11-25 00:00:00,47.04,304.443,995.49695,4.253587,44.85941,0.23031235,0.0
2018-11-25 01:00:00,47.27,306.23206,995.1506,4.224598,39.664997,0.0,0.0
2018-11-25 02:00:00,46.64,307.8713,994.5574,4.16394,35.65165,0.0,0.0
2018-11-25 03:00:00,45.95,309.43787,993.6953,3.784137,32.151447,0.0,0.0
2018-11-25 04:00:00,45.05,310.6668,992.52954,3.2183328,29.402485,0.0,0.0
2018-11-25 05:00:00,44.64,311.62158,991.22174,2.978417,27.578651,0.003837049,0.0
2018-11-25 06:00:00,44.94,312.21924,990.21954,3.2591248,26.415977,0.0075623393,0.0
2018-11-25 07:00:00,44.38,312.92258,989.2138,3.0937986,23.87569,0.0039339066,0.0
2018-11-25 08:00:00,43.67,312.8069,988.7871,3.217335,23.889288,0.0,0.0
2018-11-25 09:00:00,42.62,312.60333,988.6105,4.3859587,24.075626,0.0,0.0
2018-11-25 10:00:00,42.69,310.5395,990.0778,5.8851223,28.011917,0.01335144,0.0
2018-11-25 11:00:00,42.9,309.42914,990.5555,6.073626,30.252949,0.0,0.0
2018-11-25 12:00:00,43.25,308.6507,991.5048,6.2110586,32.071503,0.0,0.0
2018-11-25 13:00:00,44.37,307.91412,991.8198,5.8880973,34.14853,0.0,0.0
2018-11-25 14:00:00,45.41,306.89825,992.1404,6.32536,38.088924,0.0,0.0
2018-11-25 15:00:00,46.56,305.2738,992.1213,6.902088,44.648212,0.0,0.0
2018-11-25 16:00:00,46.95,303.7624,992.2354,7.4603634,50.770878,0.0,0.0
2018-11-25 17:00:00,47.11,302.72925,992.0375,7.465128,54.005074,0.0,0.0
2018-11-25 18:00:00,47.6,301.9015,991.93976,6.820487,55.449665,0.0,0.0
2018-11-25 19:00:00,47.41,301.77945,992.455,5.352353,55.011307,0.0,0.0
2018-11-25 20:00:00,47.21,301.0594,992.4109,5.334041,57.494335,0.0,0.0
2018-11-25 21:00:00,46.72,300.46533,992.9258,4.9325204,59.7707,0.0,0.0
2018-11-25 22:00:00,45.75,300.58368,993.58923,4.9817557,59.48078,0.0,0.0
2018-11-25 23:00:00,45.16,301.7793,994.0589,4.7828574,54.59632,0.0,0.0
2018-11-26 00:00:00,43.99,303.54187,993.72437,4.587069,47.835903,0.028684735,0.0
2018-11-26 01:00:00,43.54,305.6645,993.3386,4.6867146,40.98931,0.0,0.0
2018-11-26 02:00:00,42.59,307.8499,992.8717,5.027317,35.278435,0.0,0.0
2018-11-26 03:00:00,42.26,309.74774,991.8561,5.2622323,31.228668,0.0,0.0
2018-11-26 04:00:00,41.29,311.23947,990.5963,5.322956,28.28384,0.0,0.0
2018-11-26 05:00:00,40.21,312.37277,989.70905,5.450271,25.750101,0.0022053719,0.0
2018-11-26 06:00:00,39.32,313.02856,988.8342,5.7416177,24.094715,0.006236136,0.0
2018-11-26 07:00:00,39.34,313.5075,988.48987,5.0199585,24.566765,0.0,0.0
2018-11-26 08:00:00,39.45,313.18365,988.01483,5.3673196,24.62639,0.00230968,0.0
2018-11-26 09:00:00,39.64,311.06274,988.8684,7.237414,27.92493,0.009089708,0.0
2018-11-26 10:00:00,39.96,309.87405,989.32404,6.3587155,29.56784,0.0,0.0
2018-11-26 11:00:00,40.2,309.42114,990.2466,5.5199084,30.166267,0.0,0.0
2018-11-26 12:00:00,39.81,308.75226,990.76685,5.920768,31.888056,0.0,0.0
2018-11-26 13:00:00,39.38,307.3078,991.1897,6.6186447,36.070793,0.0,0.0
2018-11-26 14:00:00,39.77,305.6125,991.7815,6.7355385,42.060715,0.0,0.0
2018-11-26 15:00:00,40.44,304.1076,991.7367,6.877928,48.78749,0.0,0.0
2018-11-26 16:00:00,40.73,303.00525,991.49506,6.55007,54.01948,0.0,0.0
2018-11-26 17:00:00,41.08,302.27667,991.23047,6.1466002,56.917316,0.0,0.0
2018-11-26 18:00:00,41.59,301.70615,991.14484,5.9861717,57.9863,0.0,0.0
2018-11-26 19:00:00,42.18,301.6261,991.38794,5.9334,54.415543,0.0,0.0
2018-11-26 20:00:00,41.92,300.75116,991.7645,5.798839,57.76696,0.0,0.0
2018-11-26 21:00:00,41.29,300.0083,992.66425,5.4655576,61.319397,0.0,0.0
2018-11-26 22:00:00,40.25,300.06967,993.6252,5.7950735,61.840046,0.0,0.0
2018-11-26 23:00:00,39.58,301.3457,994.1995,5.62638,56.55209,0.0,0.0
2018-11-27 00:00:00,39.05,303.2323,994.08685,5.4591746,48.97413,0.020700693,0.0
2018-11-27 01:00:00,39.38,305.37875,993.97687,5.4304285,41.731113,0.0,0.0
2018-11-27 02:00:00,39.73,307.41382,993.5661,5.4035196,36.36364,0.0,0.0
2018-11-27 03:00:00,39.32,309.11047,992.58575,5.3138394,32.1745,0.0,0.0
2018-11-27 04:00:00,38.62,310.58344,991.4444,5.192347,28.463343,0.0,0.0
2018-11-27 05:00:00,37.5,311.68808,990.4771,5.101594,25.687775,0.0,0.0
2018-11-27 06:00:00,36.34,312.36868,989.5225,5.0722513,23.839506,0.0,0.0
2018-11-27 07:00:00,34.7,312.63422,988.7957,4.47837,24.659286,0.0,0.0
2018-11-27 08:00:00,33.61,312.528,988.49097,4.447249,24.044024,0.0,0.0
2018-11-27 09:00:00,33.29,311.89212,988.3801,4.7186728,24.419573,0.0,0.0
2018-11-27 10:00:00,33.21,311.17953,989.0779,4.541275,25.140684,0.0,0.0
2018-11-27 11:00:00,33.39,310.36557,989.96484,3.6318486,26.301235,0.0,0.0
2018-11-27 12:00:00,33.22,309.58615,990.8809,3.1840293,27.584887,0.0,0.0
2018-11-27 13:00:00,32.92,308.7409,991.4981,3.1782591,29.100403,0.0,0.0
2018-11-27 14:00:00,32.65,307.74307,991.79083,4.4554095,31.452066,0.0,0.0
2018-11-27 15:00:00,32.76,306.01297,991.8807,6.690639,38.326912,0.0,0.0
2018-11-27 16:00:00,34.43,304.12527,991.7661,6.915676,48.015705,0.0,0.0
2018-11-27 17:00:00,35.86,303.08307,991.5491,6.059791,53.812374,0.0,0.0
2018-11-27 18:00:00,36.57,302.3768,991.3826,5.4564123,56.49001,0.0,0.0
2018-11-27 19:00:00,36.91,301.9562,991.4247,5.392206,57.019253,0.0,0.0
2018-11-27 20:00:00,37.1,301.331,991.73834,4.978808,58.253025,0.0,0.0
2018-11-27 21:00:00,37.44,300.771,992.4814,4.493602,59.38881,0.0,0.0
2018-11-27 22:00:00,37.31,301.0573,993.22675,4.8810377,57.41916,0.0,0.0
2018-11-27 23:00:00,37.98,302.51367,993.8641,4.904518,51.334908,0.0,0.0
2018-11-28 00:00:00,39.41,304.473,994.12164,5.027009,44.51609,0.0,0.0
2018-11-28 01:00:00,39.88,306.5464,994.0361,5.133741,38.74717,0.0,0.0
2018-11-28 02:00:00,39.84,308.5245,993.3091,5.0792108,34.001896,0.0,0.0
2018-11-28 03:00:00,40.03,310.3478,992.3781,4.8109956,30.042488,0.0,0.0
2018-11-28 04:00:00,40.04,311.90073,991.16046,4.1083384,26.922585,0.0,0.0
2018-11-28 05:00:00,39.28,312.79987,990.2944,2.903898,24.659073,0.0,0.0
2018-11-28 06:00:00,38.34,313.03766,989.2911,2.7324846,23.995495,0.0,0.0
2018-11-28 07:00:00,37.03,313.59027,988.8805,2.454156,22.71896,0.0,0.0
2018-11-28 08:00:00,36.27,313.43488,988.2955,2.592314,22.533407,0.0,0.0
2018-11-28 09:00:00,35.76,313.11,988.40283,2.843224,22.755953,0.0,0.0
2018-11-28 10:00:00,35.55,312.44092,989.11975,3.0509186,23.693798,0.0,0.0
2018-11-28 11:00:00,35.82,311.62817,989.6766,3.1725981,25.20559,0.0,0.0
2018-11-28 12:00:00,35.3,310.80524,990.56836,3.603275,27.005669,0.0,0.0
2018-11-28 13:00:00,35.68,309.68427,991.3094,5.3988867,30.082253,0.0,0.0
2018-11-28 14:00:00,35.86,307.90805,991.795,7.3696938,35.78786,0.0,0.0
2018-11-28 15:00:00,36.44,306.10168,991.97034,7.531848,42.316444,0.0,0.0
2018-11-28 16:00:00,38.13,304.8628,991.77313,7.297042,47.217533,0.0,0.0
2018-11-28 17:00:00,39.0,304.0061,991.73,6.7002306,49.33877,0.0,0.0
2018-11-28 18:00:00,38.4,303.2405,991.5464,6.1467347,50.261806,0.0,0.0
2018-11-28 19:00:00,37.39,302.59344,991.77185,6.3071413,50.498707,0.0,0.0
2018-11-28 20:00:00,37.86,301.59375,992.1886,5.6851797,54.86163,0.0,0.0
2018-11-28 21:00:00,38.39,300.83148,992.8674,4.6067443,58.74148,0.0,0.0
2018-11-28 22:00:00,37.77,300.987,993.5003,4.3563576,58.305305,0.0,0.0
2018-11-28 23:00:00,36.91,302.30823,993.8667,3.5283306,51.817616,0.0,0.0
2018-11-29 00:00:00,37.63,304.367,993.89044,2.9105246,42.634594,0.0025955082,0.0
2018-11-29 01:00:00,39.03,306.5514,993.5634,2.9048548,34.81828,0.0,0.0
2018-11-29 02:00:00,40.42,308.95526,992.8897,3.0702186,28.25296,0.0,0.0
2018-11-29 03:00:00,40.37,310.9812,992.1825,3.2360294,24.721899,0.0,0.0
2018-11-29 04:00:00,38.97,312.5537,991.1093,3.1372209,22.040808,0.0,0.0
2018-11-29 05:00:00,37.98,313.60895,990.22034,2.6062539,20.135477,0.0,0.0
2018-11-29 06:00:00,36.84,314.08258,989.2353,2.1014037,19.082754,0.0,0.0
2018-11-29 07:00:00,36.45,314.0097,988.64874,1.7738782,19.167143,0.0,0.0
2018-11-29 08:00:00,37.07,313.84674,988.28,1.6607311,18.910957,0.0,0.0
2018-11-29 09:00:00,37.83,313.50455,988.4575,1.4740852,19.059256,0.0,0.0
2018-11-29 10:00:00,38.96,313.06546,989.10077,2.0338373,19.520864,0.0,0.0
2018-11-29 11:00:00,41.77,312.41483,989.6384,2.6031513,20.559225,0.0,0.0
2018-11-29 12:00:00,44.36,311.58145,990.09296,3.0915952,21.944233,0.0,0.0
2018-11-29 13:00:00,45.74,310.72836,990.47205,3.5954173,23.399546,0.0,0.0
2018-11-29 14:00:00,47.72,309.553,990.9525,5.739923,26.917284,0.0,0.55
2018-11-29 15:00:00,48.77,306.8418,991.5419,7.8139596,39.509342,0.0,2.1499999
2018-11-29 16:00:00,48.35,304.6781,991.7188,7.2056837,50.671143,0.0,2.42
2018-11-29 17:00:00,44.6,303.5696,991.4268,6.788548,56.083214,0.0,2.23
2018-11-29 18:00:00,42.14,302.7183,991.5364,6.250619,59.699463,0.0,0.73999995
2018-11-29 19:00:00,42.58,301.6825,991.84375,5.689903,64.120186,0.0,0.02
2018-11-29 20:00:00,44.13,301.14,992.41,5.183905,66.07821,0.0,0.0
2018-11-29 21:00:00,45.41,300.78513,993.0691,4.4291162,67.01812,0.0,0.0
2018-11-29 22:00:00,46.05,301.1631,993.95685,4.142896,64.072266,0.0,0.0
2018-11-29 23:00:00,46.38,302.49017,994.5453,3.294132,57.18566,0.0,0.0
2018-11-30 00:00:00,44.77,304.28238,994.5605,2.4858499,49.73391,0.0017106531,0.0
2018-11-30 01:00:00,44.94,306.24078,993.78015,1.9867749,43.263332,0.0,0.0
2018-11-30 02:00:00,45.11,308.3376,993.11743,1.6910659,37.41085,0.0,0.0
2018-11-30 03:00:00,44.36,310.26843,992.2136,1.6322641,32.490967,0.0,0.0
2018-11-30 04:00:00,43.34,311.8604,991.2551,1.9242823,28.504955,0.0034347177,0.0
2018-11-30 05:00:00,43.26,312.98907,990.32733,2.494999,26.114946,0.0,0.0
2018-11-30 06:00:00,43.82,313.74896,989.2911,2.8609126,24.890959,0.0,0.0
2018-11-30 07:00:00,44.99,311.8371,989.0795,5.481306,29.944056,0.32720715,1.28
2018-11-30 08:00:00,45.66,306.4211,990.8303,6.9849005,47.167778,1.4536262,2.8999999
2018-11-30 09:00:00,45.49,306.336,989.8974,3.1586668,45.114563,0.04016154,1.3399999
2018-11-30 10:00:00,45.04,305.66382,990.8851,3.5578184,48.351852,0.0014007092,0.78999996
2018-11-30 11:00:00,44.32,305.14233,992.28534,5.321018,51.06002,0.04722178,0.39
2018-11-30 12:00:00,45.42,305.01874,993.2908,4.351293,51.663364,0.0052005053,0.0
2018-11-30 13:00:00,49.9,304.9107,993.2589,3.2543252,52.54277,0.0,0.0
2018-11-30 14:00:00,53.43,303.04803,994.2484,3.3696012,61.192596,0.52793336,0.0
2018-11-30 15:00:00,54.93,302.06534,993.5706,4.6452394,68.383606,0.87344646,0.31
2018-11-30 16:00:00,55.42,301.71585,992.78345,4.424626,70.99528,0.0,1.6299999
2018-11-30 17:00:00,53.96,301.41803,992.20154,3.3618975,72.699196,0.0,1.05
2018-11-30 18:00:00,52.08,301.1843,991.9331,2.7467928,73.97901,0.0,0.03
2018-11-30 19:00:00,50.17,300.7859,992.4151,2.2203863,76.69818,0.009089708,0.0
2018-11-30 20:00:00,48.24,300.63306,992.5686,1.4563018,77.77686,0.0,0.0
2018-11-30 21:00:00,46.9,300.5152,993.2717,1.0078794,78.974594,0.0,0.0
2018-11-30 22:00:00,46.49,300.86688,993.89703,0.9577345,76.52382,0.0,0.0
2018-11-30 23:00:00,45.97,301.88812,994.3656,0.93612915,71.59869,0.0,0.0
2018-12-01 00:00:00,45.74,303.43994,994.1828,0.9402424,64.76143,3.290552,0.0
2018-12-01 01:00:00,45.8,305.203,993.6936,1.0802819,57.383694,0.0,0.0
2018-12-01 02:00:00,45.65,307.04315,992.7333,1.1171259,49.100338,0.0,0.0
2018-12-01 03:00:00,45.14,308.5727,992.0123,0.6345313,42.66956,0.008486211,0.0
2018-12-01 04:00:00,44.87,309.72687,991.0458,0.20582598,37.732483,0.026732683,0.0
2018-12-01 05:00:00,44.11,310.72443,990.139,0.6186355,34.05496,0.011056662,0.0
2018-12-01 06:00:00,43.33,311.546,989.15356,0.95457137,31.228409,0.0027567148,0.0
2018-12-01 07:00:00,43.57,312.05127,988.28357,0.6404179,30.100462,0.0,0.0
2018-12-01 08:00:00,44.98,312.06433,987.532,0.38872036,29.174795,0.0020563602,0.0
2018-12-01 09:00:00,46.34,311.1635,988.4398,1.6314094,30.974281,0.6561354,0.0
2018-12-01 10:00:00,48.13,306.16736,990.63495,5.2373137,47.431908,1.7901435,0.0
2018-12-01 11:00:00,48.58,304.5639,991.61365,3.9738514,53.927635,0.19264966,0.0
2018-12-01 12:00:00,49.12,304.09778,991.79297,3.6495268,56.914352,0.0,0.0
2018-12-01 13:00:00,48.82,303.53418,992.57336,3.417109,60.245087,0.15442073,0.0
2018-12-01 14:00:00,48.77,302.24377,992.9303,4.485583,66.00416,0.26746094,0.0
2018-12-01 15:00:00,49.53,301.76273,992.08044,4.4135633,67.58557,0.023260713,0.0
2018-12-01 16:00:00,51.43,301.3825,991.18134,3.8463128,69.41288,0.0,0.0
2018-12-01 17:00:00,52.6,301.2033,991.02625,3.2393792,70.586235,0.0,0.0
2018-12-01 18:00:00,52.71,301.15173,990.8649,1.6565176,71.78421,0.0,0.02
2018-12-01 19:00:00,51.78,302.05945,990.59845,1.6293733,75.42113,0.0,0.02
2018-12-01 20:00:00,50.62,301.62024,991.4219,0.79726976,83.111015,0.0,0.0
2018-12-01 21:00:00,49.63,301.9322,992.47095,2.053462,75.425735,0.0,0.0
2018-12-01 22:00:00,47.98,302.2428,993.5801,3.2591755,71.82931,0.0,0.0
2018-12-01 23:00:00,47.22,303.23782,994.157,3.871771,66.12758,0.0,0.0
2018-12-02 00:00:00,46.05,304.5481,994.11365,3.2396674,60.2776,3.1356068,0.0
2018-12-02 01:00:00,46.09,306.09793,993.9011,2.36141,54.337807,0.0,0.0
2018-12-02 02:00:00,45.75,307.6374,993.3833,1.1932408,48.66098,0.012848526,0.0
2018-12-02 03:00:00,45.59,309.02472,992.5421,0.5540404,42.62457,0.027444214,0.0
2018-12-02 04:00:00,45.3,310.35678,991.485,1.6054232,37.211327,0.0017657876,0.0
2018-12-02 05:00:00,44.85,311.35385,990.4443,2.2839372,33.807156,0.0,0.0
2018-12-02 06:00:00,44.66,311.77985,989.5552,2.4395373,32.091034,0.0,0.0
2018-12-02 07:00:00,43.43,312.50778,988.1916,1.0013036,28.525356,0.0,0.0
2018-12-02 08:00:00,43.39,312.48938,988.2042,0.9018824,27.573162,0.0,0.0
2018-12-02 09:00:00,44.3,312.04614,988.2378,0.45795825,28.10081,0.0,0.0
2018-12-02 10:00:00,45.41,311.75446,988.7106,0.7217488,28.748087,0.001899898,0.0
2018-12-02 11:00:00,46.89,311.07544,989.61206,0.45769402,30.799124,0.04146248,0.0
2018-12-02 12:00:00,47.32,309.33453,991.1375,5.407324,35.466927,0.11874735,0.0
2018-12-02 13:00:00,47.49,305.08466,991.9757,7.8570786,52.07366,0.049084425,0.0
2018-12-02 14:00:00,47.08,303.6103,992.0746,5.2636976,59.36859,0.0,0.0
2018-12-02 15:00:00,46.61,303.3065,991.8722,4.5333405,60.773224,0.0,0.0
2018-12-02 16:00:00,46.47,303.1502,991.5368,4.7120337,61.208195,0.0,0.0
2018-12-02 17:00:00,47.54,303.14874,991.1529,5.062852,60.490196,0.0,0.0
2018-12-02 18:00:00,48.82,303.07693,991.0226,5.5544324,59.006344,0.0,0.0
2018-12-02 19:00:00,49.46,301.41364,991.35034,4.401972,71.74079,0.0,0.0
2018-12-02 20:00:00,50.43,301.29114,991.79565,3.1588044,71.75657,0.0,0.0
2018-12-02 21:00:00,51.12,301.27936,993.0242,2.0101082,71.335785,0.0,0.0
2018-12-02 22:00:00,51.52,301.88135,994.08813,2.0941572,67.43408,0.0,0.0
2018-12-02 23:00:00,51.15,303.31335,994.64526,2.8412118,59.63653,0.0,0.0
2018-12-03 00:00:00,51.52,305.0334,994.62646,2.9956226,52.19664,0.25348365,0.0
2018-12-03 01:00:00,51.28,307.24817,994.4203,2.9423497,44.418316,0.0,0.0
2018-12-03 02:00:00,50.94,309.50104,993.4366,3.0084004,37.031193,0.0,0.0
2018-12-03 03:00:00,50.43,311.5282,992.5236,3.368912,30.811388,0.009212643,0.0
2018-12-03 04:00:00,49.76,313.10452,991.3635,3.302066,26.434628,0.007942319,0.0
2018-12-03 05:00:00,48.87,314.1035,990.52783,2.703532,23.190485,0.0012852252,0.0
2018-12-03 06:00:00,47.68,314.783,989.6122,2.3794591,21.12942,0.0,0.01
2018-12-03 07:00:00,46.8,314.73193,989.12537,2.4167323,22.329498,0.016346574,0.19999999
2018-12-03 08:00:00,46.59,314.58038,988.48157,2.6705887,21.928814,0.01654774,0.16
2018-12-03 09:00:00,47.47,314.43866,988.2653,2.6354756,21.789192,0.03235787,0.52
2018-12-03 10:00:00,48.5,313.88013,989.3906,2.7203858,22.14884,0.0068694353,1.1999999
2018-12-03 11:00:00,48.28,309.82825,992.14294,5.295944,31.832245,1.3242364,0.5
2018-12-03 12:00:00,49.21,308.54654,992.622,3.21456,36.138657,0.034980476,0.0
2018-12-03 13:00:00,50.37,307.24902,993.035,6.2673707,41.20124,0.019431114,0.0
2018-12-03 14:00:00,50.77,305.11755,993.1422,6.290781,49.721603,0.012665987,0.0
2018-12-03 15:00:00,50.54,304.3742,992.5028,3.0883992,53.51032,0.0,0.01
2018-12-03 16:00:00,50.59,303.82944,991.92456,2.926168,56.33205,0.0,0.0
2018-12-03 17:00:00,49.29,303.37943,991.6322,3.0524015,58.517765,0.0,0.01
2018-12-03 18:00:00,48.68,303.16864,991.4231,2.7300277,59.415924,0.0,0.0
2018-12-03 19:00:00,48.15,301.38077,992.5851,2.3004642,72.190544,0.05799532,0.02
2018-12-03 20:00:00,47.6,301.46582,992.8759,2.4172683,68.925156,0.036627054,0.01
2018-12-03 21:00:00,47.67,301.47482,993.3053,2.0711896,66.95525,0.021234155,0.0
2018-12-03 22:00:00,48.29,301.79608,994.18994,1.9124234,64.29053,0.0073611736,0.0
2018-12-03 23:00:00,48.46,302.5592,994.96906,2.0079765,59.767567,0.0017434359,0.02
2018-12-04 00:00:00,48.66,304.34387,995.41296,1.311274,50.952785,1.6070753,0.14
2018-12-04 01:00:00,48.33,305.5291,994.9774,1.0397505,46.55184,0.0,0.21
2018-12-04 02:00:00,48.19,306.38644,994.8036,1.2037241,43.35134,0.015124679,0.16
2018-12-04 03:00:00,47.54,306.72656,994.0044,0.23407294,40.536594,0.0,0.0
2018-12-04 04:00:00,47.15,308.09042,992.9409,0.49911806,34.90992,0.0,0.0
2018-12-04 05:00:00,46.38,308.48822,991.9892,0.8104872,32.563755,0.0,0.0
2018-12-04 06:00:00,45.79,309.09656,991.0822,0.7081197,30.65283,0.0,0.0
2018-12-04 07:00:00,45.75,310.55597,990.4635,5.4847946,31.867424,0.39286166,0.0
2018-12-04 08:00:00,45.4,308.3593,990.6449,5.1212263,38.60581,0.036396086,0.0
2018-12-04 09:00:00,46.02,308.18396,990.6369,2.7361438,38.797745,0.0,0.0
2018-12-04 10:00:00,46.36,307.74628,991.0461,1.7015618,40.279507,0.0,0.0
2018-12-04 11:00:00,46.61,307.18762,991.6298,1.4920529,42.999496,0.0,0.0
2018-12-04 12:00:00,48.78,306.57886,992.22095,1.3331528,46.467556,0.0075921416,0.0
2018-12-04 13:00:00,49.67,305.825,992.6971,1.562868,50.369644,0.0,0.0
2018-12-04 14:00:00,50.28,305.23053,992.801,1.9157495,52.73076,0.0,0.0
2018-12-04 15:00:00,49.78,304.67255,992.4637,1.7632699,55.51692,0.0,0.0
2018-12-04 16:00:00,49.18,304.29498,991.7576,2.0795305,56.81247,0.0,0.0
2018-12-04 17:00:00,47.21,303.75458,991.3212,2.3371835,58.664585,0.0,0.0
2018-12-04 18:00:00,45.76,303.25684,990.8878,2.1915786,60.843555,0.0,0.0
2018-12-04 19:00:00,46.05,301.61877,991.145,0.6995789,67.77745,0.0,0.0
2018-12-04 20:00:00,45.53,301.01367,991.5165,0.35569203,77.032715,0.0,0.0
2018-12-04 21:00:00,44.45,300.6891,992.4352,0.5372504,72.67787,0.0,0.0
2018-12-04 22:00:00,43.34,301.6878,993.12805,0.3205388,64.29642,0.0,0.0
2018-12-04 23:00:00,42.74,303.46088,993.4572,1.1965888,56.46516,0.0,0.0
2018-12-05 00:00:00,41.97,305.37903,993.382,1.1428255,49.575706,0.45328736,0.0
2018-12-05 01:00:00,41.73,307.38727,993.09094,0.6117763,42.719788,0.0,0.0
2018-12-05 02:00:00,42.18,309.36035,992.62915,0.41716772,36.337738,0.0,0.0
2018-12-05 03:00:00,42.98,311.09393,991.6362,0.774396,30.797567,0.0039339066,0.0
2018-12-05 04:00:00,43.99,312.51056,990.44525,1.2214469,27.012638,0.00987947,0.48
2018-12-05 05:00:00,45.07,313.52707,989.1902,1.8697567,24.538176,0.0,0.71
2018-12-05 06:00:00,45.61,313.7874,988.1439,1.751635,23.74081,0.0,0.07
2018-12-05 07:00:00,45.68,313.60107,987.54266,3.19385,24.629951,0.50520897,0.0
2018-12-05 08:00:00,44.79,310.7673,987.6189,4.3896937,31.404346,3.13133,0.02
2018-12-05 09:00:00,43.33,310.11224,987.8317,3.5465007,32.894505,0.0,0.0
2018-12-05 10:00:00,42.67,309.06366,988.4597,3.7720077,38.438988,0.0,0.0
2018-12-05 11:00:00,41.75,306.8885,989.23206,5.6702986,47.280064,0.0,0.0
2018-12-05 12:00:00,42.18,304.46155,990.02045,5.9019976,59.29627,0.0,0.0
2018-12-05 13:00:00,42.1,303.49683,990.1127,4.742618,64.785034,0.0,0.0
2018-12-05 14:00:00,42.38,303.08337,990.0644,4.1860747,67.52042,0.0,0.0
2018-12-05 15:00:00,42.7,302.70374,989.92914,3.8839211,69.46588,0.0,0.0
2018-12-05 16:00:00,42.29,302.26358,989.5396,3.3173847,71.8765,0.0,0.0
2018-12-05 17:00:00,41.76,301.948,989.2587,3.1817007,73.7842,0.0,0.0
2018-12-05 18:00:00,40.16,301.68237,988.84656,3.1033123,75.71221,0.0,0.0
2018-12-05 19:00:00,40.47,300.628,989.3887,2.6284208,85.51889,0.0,0.0
2018-12-05 20:00:00,41.13,300.37143,989.40765,2.3880033,86.699844,0.0,0.0
2018-12-05 21:00:00,42.79,300.17218,989.9942,1.9918357,87.73487,0.0,0.0
2018-12-05 22:00:00,43.87,301.2033,990.6097,1.8120134,82.69098,0.0,0.0
2018-12-05 23:00:00,43.76,303.5411,991.1755,2.1097195,68.72092,0.0,0.0
2018-12-06 00:00:00,43.98,305.89,991.1362,2.2324057,56.326233,3.6503525,0.0
2018-12-06 01:00:00,42.3,308.11603,990.84314,2.205255,46.195473,0.0,0.0
2018-12-06 02:00:00,40.2,310.208,990.15765,2.2999759,38.2642,0.0,0.0
2018-12-06 03:00:00,38.54,312.1549,988.95087,2.4461997,30.272377,0.0,0.0
2018-12-06 04:00:00,36.72,313.41336,987.67847,2.6186326,23.34148,0.0,0.0
2018-12-06 05:00:00,34.54,314.29846,986.7729,2.1396525,19.703623,0.0,0.0
2018-12-06 06:00:00,33.26,314.62628,985.8259,0.9528019,18.023699,0.0,0.0
2018-12-06 07:00:00,32.79,315.56143,984.90594,0.81075114,15.041731,0.0,0.0
2018-12-06 08:00:00,32.03,315.77957,984.1138,1.6745846,14.403805,0.0,0.0
2018-12-06 09:00:00,31.03,315.54938,984.4406,2.8520122,14.699628,0.0,0.0
2018-12-06 10:00:00,30.63,313.599,984.8002,4.0273795,18.700026,0.0,0.0
2018-12-06 11:00:00,29.93,311.54767,985.5748,4.7278986,21.933079,0.0,0.0
2018-12-06 12:00:00,29.93,310.3087,986.04156,4.5708656,23.521158,0.0,0.0
2018-12-06 13:00:00,30.62,309.33044,986.47205,4.2059307,24.86224,0.0,0.0
2018-12-06 14:00:00,31.35,308.30267,986.5433,4.1142545,26.631462,0.0,0.0
2018-12-06 15:00:00,31.82,307.19614,986.20374,4.2796683,28.949303,0.0,0.0
2018-12-06 16:00:00,31.74,306.23767,985.8345,4.7664056,31.911247,0.0,0.0
2018-12-06 17:00:00,31.34,305.5083,985.6117,5.090684,36.717438,0.0,0.0
2018-12-06 18:00:00,31.67,304.82294,985.4464,4.856575,41.92741,0.0,0.0
2018-12-06 19:00:00,32.18,303.6648,986.72076,3.4097655,48.6149,0.0,0.0
2018-12-06 20:00:00,32.44,302.9239,986.9981,2.9848528,51.431572,0.0,0.0
2018-12-06 21:00:00,31.51,302.2044,987.4861,2.9229467,53.441093,0.0,0.0
2018-12-06 22:00:00,31.21,303.08508,988.0485,2.793739,50.151802,0.0,0.0
2018-12-06 23:00:00,30.74,306.07007,988.5223,3.3872988,38.181343,0.0,0.0
2018-12-07 00:00:00,30.61,308.70013,988.6661,2.8153992,29.911455,0.0017172229,0.0
2018-12-07 01:00:00,30.29,311.22504,988.36725,1.9460107,23.501957,0.0,0.0
2018-12-07 02:00:00,30.51,313.52338,988.09454,1.0368867,18.586815,0.0,0.0
2018-12-07 03:00:00,30.34,315.4049,986.87164,0.0655609,14.355368,0.0,0.0
2018-12-07 04:00:00,30.54,316.47836,986.1222,1.0211884,11.979172,0.0,0.0
2018-12-07 05:00:00,31.93,317.24863,985.2064,1.3874123,11.390365,0.0,0.0
2018-12-07 06:00:00,32.29,318.05573,984.2247,1.8603613,10.582371,0.0,0.0
2018-12-07 07:00:00,31.74,317.49512,983.80896,1.193556,12.068478,0.0,0.0
2018-12-07 08:00:00,30.79,317.2389,983.5583,0.7920797,12.017132,0.0,0.0
2018-12-07 09:00:00,29.7,317.0465,983.3819,0.96996903,11.981789,0.0,0.0
2018-12-07 10:00:00,28.76,316.4624,984.0748,2.6072104,12.61466,0.0,0.0
2018-12-07 11:00:00,27.45,314.70825,984.1972,3.836574,14.58362,0.0,0.0
2018-12-07 12:00:00,26.99,313.2564,985.0008,4.6442585,16.769869,0.0,0.0
2018-12-07 13:00:00,27.65,311.88928,985.54297,4.733955,19.974016,0.0,0.0
2018-12-07 14:00:00,28.05,310.79828,985.92,4.2756324,22.270895,0.0,0.0
2018-12-07 15:00:00,28.64,309.7173,985.6987,4.1690865,25.21337,0.0,0.0
2018-12-07 16:00:00,29.76,308.61188,985.47534,4.0671797,32.070454,0.0,0.0
2018-12-07 17:00:00,30.08,307.65088,985.3677,2.912545,39.075546,0.0,0.0
2018-12-07 18:00:00,30.52,306.7056,985.2283,2.4484503,43.621967,0.0,0.0
2018-12-07 19:00:00,31.23,305.10608,985.6867,3.8071866,52.374203,0.0,0.0
2018-12-07 20:00:00,30.59,304.2525,986.3734,4.7934184,56.919502,0.0,0.0
2018-12-07 21:00:00,29.59,303.3355,986.9416,4.591869,62.18766,0.0,0.0
2018-12-07 22:00:00,29.55,303.83008,988.0642,4.8572083,61.548813,0.0,0.0
2018-12-07 23:00:00,29.54,305.70142,988.206,4.9885225,53.900276,0.0,0.0
2018-12-08 00:00:00,28.77,308.3498,988.59515,4.36066,43.510536,0.0,0.0
2018-12-08 01:00:00,29.45,310.92017,988.4983,3.213668,35.25184,0.0,0.0
2018-12-08 02:00:00,29.49,313.27112,988.2994,2.3541543,28.57345,0.0,0.0
2018-12-08 03:00:00,29.26,315.47635,987.35016,2.3010967,21.494595,0.0,0.0
2018-12-08 04:00:00,30.65,317.02148,986.34814,2.9887812,15.425868,0.0,0.0
2018-12-08 05:00:00,31.81,318.00885,985.5578,2.9821584,12.314047,0.0,0.0
2018-12-08 06:00:00,31.99,318.2718,984.62805,2.7095914,11.57142,0.0,0.0
2018-12-08 07:00:00,32.67,319.10382,983.49274,3.4341397,10.093671,0.0,0.0
2018-12-08 08:00:00,33.59,318.93964,983.00525,3.5888286,9.920419,0.0,0.0
2018-12-08 09:00:00,33.92,318.60852,983.2287,4.057642,9.915453,0.0,0.0
2018-12-08 10:00:00,33.46,317.71857,984.1959,4.3733335,10.528161,0.0,0.0
2018-12-08 11:00:00,34.36,316.14252,985.1526,5.8150396,12.361215,0.0,0.0
2018-12-08 12:00:00,38.02,314.4379,986.4765,5.00975,15.207698,0.0,0.0
2018-12-08 13:00:00,42.34,312.47943,987.6925,3.3669887,19.305805,0.0,0.0
2018-12-08 14:00:00,44.84,309.48022,988.3816,6.0336533,37.801323,0.0,0.0
2018-12-08 15:00:00,46.1,306.72095,988.4059,6.343862,53.79213,0.0,0.49999997
2018-12-08 16:00:00,46.93,305.487,988.42065,5.8327026,59.31209,0.0,0.56
2018-12-08 17:00:00,48.06,304.81448,988.3102,5.3146324,60.515846,0.0,0.11
2018-12-08 18:00:00,48.65,304.0769,988.24615,4.857447,62.186295,0.0,6.4399996
2018-12-08 19:00:00,47.53,302.8374,989.14154,3.2447467,67.352356,0.0,3.56
2018-12-08 20:00:00,45.84,302.41406,989.3834,2.9209566,68.70786,0.0,1.1999999
2018-12-08 21:00:00,44.34,302.02417,989.97217,2.8899057,70.34209,0.0,0.06
2018-12-08 22:00:00,43.78,302.25757,990.9228,3.1158915,69.31988,0.0,0.0
2018-12-08 23:00:00,43.47,303.69965,991.3022,3.2519188,62.715714,0.0,0.0
2018-12-09 00:00:00,44.04,305.98602,991.1805,3.1966157,52.94461,0.0,0.0
2018-12-09 01:00:00,43.41,308.5133,990.89484,2.9026098,43.695465,0.0,0.0
2018-12-09 02:00:00,42.73,310.885,990.23846,2.300749,35.548527,0.0,0.0
2018-12-09 03:00:00,42.4,312.80768,989.51196,1.1887556,28.707466,0.0,0.0
2018-12-09 04:00:00,42.44,314.27448,988.73456,1.9514203,24.055025,0.0,0.0
2018-12-09 05:00:00,41.41,315.07574,987.6967,2.6001737,22.289095,0.0,0.0
2018-12-09 06:00:00,39.21,315.47894,986.7947,2.6899757,21.305025,0.0,0.0
2018-12-09 07:00:00,36.55,316.55328,985.1064,2.4473739,18.728132,0.0,0.0
2018-12-09 08:00:00,36.38,316.14856,984.8489,1.8566192,17.960812,0.0,0.0
2018-12-09 09:00:00,37.45,315.31723,985.2492,1.9403976,18.914223,0.0,0.0
2018-12-09 10:00:00,38.49,312.1868,986.693,7.681842,28.86078,0.008262694,0.0
2018-12-09 11:00:00,39.04,308.58722,987.90424,7.0395904,43.02413,0.0,0.0
2018-12-09 12:00:00,40.11,307.6654,988.43744,6.0975566,46.501114,0.0,0.0
2018-12-09 13:00:00,40.64,307.01996,988.41846,6.1705685,49.54567,0.0,0.0
2018-12-09 14:00:00,41.78,306.5601,988.6365,5.2538652,51.900856,0.0,0.0
2018-12-09 15:00:00,43.03,306.06042,988.40326,4.6595716,54.84916,0.0,0.0
2018-12-09 16:00:00,43.4,305.33896,988.0814,4.382605,58.905083,0.0,0.0
2018-12-09 17:00:00,44.57,304.49536,987.7517,4.591701,63.048615,0.0,0.0
2018-12-09 18:00:00,45.98,303.51965,987.7556,5.1613336,67.01865,0.0,0.0
2018-12-09 19:00:00,47.05,302.20334,988.3141,5.2247324,74.35146,0.0,0.0
2018-12-09 20:00:00,47.77,301.48962,988.79047,4.826757,77.12652,0.0,0.0
2018-12-09 21:00:00,47.26,301.0415,989.8496,4.312753,79.14334,0.0,0.0
2018-12-09 22:00:00,46.78,301.38214,990.481,4.58959,77.25028,0.0,0.0
2018-12-09 23:00:00,45.87,303.0924,990.8572,4.876088,68.41533,0.0,0.0
2018-12-10 00:00:00,43.81,305.5376,990.6584,5.226228,57.22405,0.008255243,0.0
2018-12-10 01:00:00,42.4,308.06506,990.1614,5.465841,47.951176,0.0,0.0
2018-12-10 02:00:00,41.64,310.34845,989.4,5.247506,40.61251,0.0,0.0
2018-12-10 03:00:00,40.5,312.2488,988.4011,4.568335,34.519554,0.0,0.0
2018-12-10 04:00:00,39.55,313.48175,987.7092,2.5949683,28.908497,0.0,0.0
2018-12-10 05:00:00,38.36,313.81177,986.76984,1.2208214,26.124264,0.0012591481,0.0
2018-12-10 06:00:00,36.81,314.53238,986.05756,0.627999,24.025093,0.0,0.0
2018-12-10 07:00:00,37.14,315.503,985.10986,0.6268765,19.485886,0.0,0.0
2018-12-10 08:00:00,37.8,315.60126,984.9531,0.70747584,19.11316,0.0,0.0
2018-12-10 09:00:00,37.27,315.40552,985.18463,0.8652434,19.125942,0.0,0.0
2018-12-10 10:00:00,36.81,314.9076,985.7697,0.6731917,19.464264,0.0,0.0
2018-12-10 11:00:00,37.44,314.5713,986.1392,1.2831811,19.906548,0.0,0.0
2018-12-10 12:00:00,38.46,313.70514,986.55914,2.5369277,21.276882,0.0,0.0
2018-12-10 13:00:00,38.44,312.51984,986.8272,4.0903673,23.327307,0.0,0.0
2018-12-10 14:00:00,37.98,311.31354,986.59937,4.9957166,26.138226,0.0,0.0
2018-12-10 15:00:00,38.49,310.2486,986.5488,5.4888706,29.191803,0.0,0.0
2018-12-10 16:00:00,39.35,308.273,986.37915,6.5072618,38.966434,0.0,0.0
2018-12-10 17:00:00,38.94,305.94073,986.3166,7.464417,54.20686,0.0,0.0
2018-12-10 18:00:00,40.82,304.57034,986.3783,7.141966,61.725544,0.0,0.0
2018-12-10 19:00:00,43.09,303.64505,987.3162,6.257338,65.53422,0.0,0.0
2018-12-10 20:00:00,43.93,303.10535,987.58014,5.421337,67.12071,0.0,0.0
2018-12-10 21:00:00,43.71,302.72333,988.8342,4.663963,68.626175,0.0,0.0
2018-12-10 22:00:00,44.07,302.88043,989.6653,4.9199657,68.01174,0.0,0.0
2018-12-10 23:00:00,43.6,304.30768,990.6267,5.335002,61.990536,0.0,0.0
2018-12-11 00:00:00,39.1,306.28143,990.5107,5.611569,54.24157,0.0021457672,0.0
2018-12-11 01:00:00,37.62,308.5816,989.9136,5.7418847,46.20732,0.0,0.0
2018-12-11 02:00:00,36.27,310.85144,989.1817,5.49015,38.71315,0.0,0.0
2018-12-11 03:00:00,35.52,312.86542,988.1103,5.1208816,32.923096,0.0,0.0
2018-12-11 04:00:00,33.91,314.55298,987.0804,4.243597,27.281916,0.0,0.0
2018-12-11 05:00:00,32.69,315.52545,986.21173,2.2896528,20.915346,0.0,0.0
2018-12-11 06:00:00,32.28,315.54636,985.83795,1.7874545,19.252468,0.0,0.0
2018-12-11 07:00:00,32.24,315.50812,985.2964,2.0362983,18.422667,0.0,0.0
2018-12-11 08:00:00,32.54,315.4591,985.29803,2.4029295,18.098366,0.0,0.0
2018-12-11 09:00:00,32.95,315.13788,985.33624,2.5423157,18.1955,0.0,0.0
2018-12-11 10:00:00,34.67,314.62738,986.06635,2.8773205,18.702444,0.0,0.0
2018-12-11 11:00:00,37.64,313.7278,986.8094,3.5133739,20.268818,0.0,0.0
2018-12-11 12:00:00,41.88,312.69598,987.1859,4.6718254,23.13319,0.0,0.0
2018-12-11 13:00:00,44.42,310.61542,987.51904,8.081686,34.6669,0.0,0.0
2018-12-11 14:00:00,45.0,307.65442,987.53125,8.643788,52.13138,0.0,0.19
2018-12-11 15:00:00,42.57,306.58777,986.89264,7.849002,55.07926,0.0,0.0
2018-12-11 16:00:00,39.38,305.6249,986.4846,7.369858,58.13191,0.0,0.0
2018-12-11 17:00:00,37.61,304.765,986.2297,6.7689466,61.37482,0.0,0.0
2018-12-11 18:00:00,37.82,304.13275,986.11096,6.0170975,63.43428,0.0,0.0
2018-12-11 19:00:00,39.42,303.21603,986.932,5.498208,68.63186,0.0,0.0
2018-12-11 20:00:00,40.59,302.80093,987.29626,5.1665883,70.08456,0.0,0.0
2018-12-11 21:00:00,42.23,302.34756,988.1831,4.774106,71.527885,0.0,0.0
2018-12-11 22:00:00,42.42,302.65424,989.20026,5.5004272,69.01819,0.0,0.0
2018-12-11 23:00:00,41.75,304.27844,989.5985,5.7214417,60.2904,0.0,0.0
2018-12-12 00:00:00,42.04,306.50638,989.3253,6.0932603,50.31383,0.0,0.0
2018-12-12 01:00:00,42.16,308.81534,988.9075,6.414768,41.869274,0.0,0.0
2018-12-12 02:00:00,42.76,311.04633,988.1733,6.3582773,35.275322,0.0,0.0
2018-12-12 03:00:00,42.8,313.1167,987.2056,6.35176,30.06872,0.0,0.0
2018-12-12 04:00:00,42.12,314.93555,986.00696,6.276875,25.687057,0.0,0.0
2018-12-12 05:00:00,41.16,316.05804,985.0544,5.7366595,22.042244,0.0,0.0
2018-12-12 06:00:00,39.81,316.30707,984.35406,4.659095,19.61186,0.0,0.0
2018-12-12 07:00:00,39.28,316.71088,983.71045,3.7263815,17.62107,0.0,0.0
2018-12-12 08:00:00,38.44,316.67645,983.4902,3.3231149,17.18326,0.0,0.0
2018-12-12 09:00:00,37.6,316.40997,983.5186,3.0538542,17.084377,0.0,0.0
2018-12-12 10:00:00,36.87,315.82208,983.78577,2.7537155,17.508415,0.0018626451,0.0
2018-12-12 11:00:00,36.69,314.5086,984.7275,3.1214988,19.134235,0.0,0.0
2018-12-12 12:00:00,38.05,313.2447,985.60767,4.0256524,20.988344,0.026270747,0.0
2018-12-12 13:00:00,40.55,311.013,986.96295,7.158918,27.083656,0.20452589,0.0
2018-12-12 14:00:00,44.76,308.49158,986.6967,8.052557,43.98506,0.0,0.0
2018-12-12 15:00:00,49.56,307.0775,986.1939,7.3917236,51.98018,0.0,0.0
2018-12-12 16:00:00,51.64,305.83673,985.83923,7.663004,57.474922,0.0,0.0
2018-12-12 17:00:00,51.17,304.63422,985.39453,7.436611,61.943596,0.0,0.12
2018-12-12 18:00:00,49.98,303.66565,985.34186,7.507656,65.69545,0.0,0.0
2018-12-12 19:00:00,48.43,302.89026,986.36914,6.8800254,69.33271,0.0,0.0
2018-12-12 20:00:00,47.57,302.17703,986.96643,6.7874146,73.480896,0.0,0.04
2018-12-12 21:00:00,47.01,301.71606,987.46985,5.9421678,76.17436,0.0,0.0
2018-12-12 22:00:00,47.81,302.12103,988.6353,6.407399,74.096275,0.0,0.0
2018-12-12 23:00:00,47.25,303.6965,989.01843,7.223887,65.04116,0.0,0.0
2018-12-13 00:00:00,46.69,305.64072,989.33203,7.228964,54.134457,0.23543835,0.0
2018-12-13 01:00:00,46.97,308.03986,988.9278,6.720312,43.12366,0.0,0.0
2018-12-13 02:00:00,47.54,310.3636,988.68866,6.417021,34.565018,0.0,0.0
2018-12-13 03:00:00,47.33,312.7473,987.55774,6.642497,27.86966,0.0,0.0
2018-12-13 04:00:00,46.62,314.59412,986.53265,6.962074,23.74896,0.0,0.0
2018-12-13 05:00:00,45.49,315.86972,985.45526,7.0822864,21.29654,0.0026226044,0.0
2018-12-13 06:00:00,45.55,316.60724,984.76935,7.1196747,19.884958,0.014960766,0.0
2018-12-13 07:00:00,46.34,315.49457,984.5203,7.171515,23.099802,0.018879771,0.0
2018-12-13 08:00:00,46.4,315.29102,984.1322,7.4083276,22.992458,0.024735928,0.0
2018-12-13 09:00:00,45.97,314.66354,984.0852,7.8231206,23.74248,0.009045005,0.0
2018-12-13 10:00:00,46.27,313.15448,984.9888,7.7379084,27.19708,0.0,0.0
2018-12-13 11:00:00,47.7,310.76733,985.5324,8.601337,34.895664,0.0,0.0
2018-12-13 12:00:00,48.23,308.40567,986.39764,8.864231,41.46495,0.0,0.0
2018-12-13 13:00:00,47.88,306.9679,986.6277,7.6814094,44.726124,0.0,0.0
2018-12-13 14:00:00,46.18,305.6972,987.3611,7.1602044,48.61109,0.0,0.0
2018-12-13 15:00:00,45.8,304.51404,987.5461,6.94652,53.522945,0.0,0.0
2018-12-13 16:00:00,45.2,303.61627,987.60236,6.25968,58.45603,0.0,0.0
2018-12-13 17:00:00,45.5,302.8872,987.1937,5.9022574,62.316616,0.0,0.0
2018-12-13 18:00:00,45.83,302.3274,987.1998,5.5492268,65.285706,0.0,0.0
2018-12-13 19:00:00,46.61,301.40994,987.47205,4.0446177,71.155304,0.0,0.0
2018-12-13 20:00:00,45.77,300.98108,988.15796,3.8293061,73.23885,0.0,0.0
2018-12-13 21:00:00,44.27,300.6045,988.8281,3.8693204,75.084755,0.0,0.0
2018-12-13 22:00:00,41.66,300.98465,989.53986,4.5936985,73.10696,0.0,0.0
2018-12-13 23:00:00,39.72,302.53693,989.48737,4.789913,64.83666,0.0,0.0
2018-12-14 00:00:00,37.43,304.64288,989.261,4.321673,55.219395,0.07197517,0.0
2018-12-14 01:00:00,36.96,306.95883,988.9358,3.731565,46.784023,0.0,0.0
2018-12-14 02:00:00,36.7,309.2469,988.1231,3.1843944,39.658264,0.0,0.0
2018-12-14 03:00:00,36.44,311.3523,987.2644,2.7727983,33.78289,0.0,0.0
2018-12-14 04:00:00,35.46,313.04944,986.33514,2.2895641,28.840971,0.0,0.0
2018-12-14 05:00:00,34.45,314.276,985.6445,1.5549785,25.147953,0.0,0.0
2018-12-14 06:00:00,34.47,314.98663,984.9197,1.5634792,20.8164,0.0,0.0
2018-12-14 07:00:00,36.0,315.32,984.1236,2.4268866,17.529736,0.0,0.0
2018-12-14 08:00:00,37.09,315.57404,983.5863,2.5567575,16.547405,0.0,0.0
2018-12-14 09:00:00,37.34,315.28235,983.8575,3.2881143,16.588316,0.0,0.0
2018-12-14 10:00:00,37.49,314.81302,984.8269,3.4731858,16.913507,0.0,0.0
2018-12-14 11:00:00,38.61,313.5999,985.1679,3.835179,18.481516,0.0,0.0
2018-12-14 12:00:00,39.57,311.78357,985.6474,6.1220384,22.77078,0.0,0.0
2018-12-14 13:00:00,41.83,309.53058,985.9412,7.934562,33.355408,0.0,0.0
2018-12-14 14:00:00,42.51,307.0393,986.5346,7.8986807,47.498886,0.0,0.0
2018-12-14 15:00:00,43.66,305.345,986.65967,6.7799582,55.836773,0.0,0.0
2018-12-14 16:00:00,43.41,303.99402,986.9161,6.6738,60.87371,0.0,0.0
2018-12-14 17:00:00,42.77,302.96417,986.8801,6.7262173,65.241,0.0,0.0
2018-12-14 18:00:00,41.91,302.28958,986.8061,6.3238664,69.0551,0.0,0.0
2018-12-14 19:00:00,40.6,301.21313,987.47534,6.276402,74.04184,0.0,0.0
2018-12-14 20:00:00,39.84,300.85187,987.95123,5.7365003,76.217964,0.0,0.0
2018-12-14 21:00:00,39.97,300.65106,988.5989,5.125174,77.30688,0.0,0.0
2018-12-14 22:00:00,40.05,301.12302,989.3561,5.1030035,74.59396,0.0,0.0
2018-12-14 23:00:00,39.68,302.49902,989.36615,4.946445,66.80361,0.0,0.0
2018-12-15 00:00:00,39.44,304.6402,989.02325,4.951637,55.90262,0.0011205673,0.0
2018-12-15 01:00:00,38.85,307.04108,988.63947,4.981771,46.14966,0.0,0.0
2018-12-15 02:00:00,38.25,309.40515,988.1997,4.9754925,38.54684,0.0,0.0
2018-12-15 03:00:00,37.06,311.49753,987.40955,4.990893,32.509403,0.0,0.0
2018-12-15 04:00:00,35.71,313.2899,986.33905,4.880185,26.994762,0.0,0.0
2018-12-15 05:00:00,35.01,314.49335,985.2785,4.5058317,22.672031,0.0,0.0
2018-12-15 06:00:00,34.98,314.99207,984.68805,4.2286997,20.108368,0.0,0.0
2018-12-15 07:00:00,35.68,315.49036,983.6284,4.6739817,18.945627,0.0,0.0
2018-12-15 08:00:00,36.7,315.33868,983.39294,4.5834107,18.537,0.0,0.0
2018-12-15 09:00:00,37.53,314.96518,983.6435,4.5169168,18.585154,0.0,0.0
2018-12-15 10:00:00,38.04,314.11096,984.2897,4.5127325,18.991346,0.0,0.0
2018-12-15 11:00:00,38.61,312.63287,985.1039,4.6606517,21.360922,0.0,0.0
2018-12-15 12:00:00,39.63,310.95862,985.9973,5.977597,26.298386,0.0,0.0
2018-12-15 13:00:00,41.0,309.44672,986.4865,6.6220064,32.73838,0.0,0.0
2018-12-15 14:00:00,42.22,307.76184,986.97815,7.1177163,42.191814,0.0,0.0
2018-12-15 15:00:00,43.59,305.79993,986.97906,7.7165194,52.422096,0.0,0.0
2018-12-15 16:00:00,44.41,304.21252,986.8027,7.899607,58.713047,0.0,0.0
2018-12-15 17:00:00,44.48,302.9364,986.66907,8.153654,64.19157,0.0,0.0
2018-12-15 18:00:00,44.85,301.89398,986.72015,8.053294,69.54864,0.0,0.0
2018-12-15 19:00:00,45.35,301.21313,987.1161,7.4251666,72.424065,0.0,0.0
2018-12-15 20:00:00,44.23,300.68195,987.6013,6.7743936,74.65878,0.0,0.0
2018-12-15 21:00:00,42.34,300.28345,988.45624,5.8020296,75.800964,0.0,0.0
2018-12-15 22:00:00,40.67,300.63794,989.4289,5.856001,72.01491,0.0,0.0
2018-12-15 23:00:00,39.93,302.03436,989.8817,5.6812353,62.221138,0.0,0.0
2018-12-16 00:00:00,37.45,304.16382,990.14294,5.2084203,50.266846,0.0,0.0
2018-12-16 01:00:00,37.26,306.41968,990.1219,4.806888,40.36754,0.0,0.0
2018-12-16 02:00:00,37.15,308.75592,989.6395,4.7728233,32.469387,0.0,0.0
2018-12-16 03:00:00,36.83,310.9297,988.9877,5.0121684,26.979382,0.0,0.0
2018-12-16 04:00:00,36.93,312.8943,987.91406,5.3443103,22.98395,0.0,0.0
2018-12-16 05:00:00,37.18,314.35858,987.0427,5.698699,20.147348,0.0,0.0
2018-12-16 06:00:00,36.44,315.40433,985.9762,5.760269,17.825233,0.0,0.0
2018-12-16 07:00:00,36.75,314.93774,985.38983,5.665581,18.190426,0.0,0.0
2018-12-16 08:00:00,37.05,314.72903,985.28094,6.121373,17.982082,0.0,0.0
2018-12-16 09:00:00,36.31,313.9427,985.3989,6.6458864,19.126764,0.0,0.0
2018-12-16 10:00:00,35.39,312.711,986.308,6.9514165,21.803255,0.0,0.0
2018-12-16 11:00:00,35.32,311.18332,987.0304,7.1588726,25.93538,0.0,0.0
2018-12-16 12:00:00,36.55,309.3299,987.7801,7.8460245,31.685682,0.0,0.0
2018-12-16 13:00:00,36.47,307.58524,988.5222,7.6443195,37.535305,0.0,0.0
2018-12-16 14:00:00,35.82,306.15265,988.8907,7.410375,42.427177,0.0,0.0
2018-12-16 15:00:00,34.47,304.9363,988.6089,7.520145,45.660053,0.0,0.0
2018-12-16 16:00:00,32.02,303.8111,988.2541,7.385903,47.95857,0.0,0.0
2018-12-16 17:00:00,28.9,302.73,987.9769,7.2058716,50.68424,0.0,0.0
2018-12-16 18:00:00,25.67,301.6789,987.9309,7.232513,54.06875,0.0,0.0
2018-12-16 19:00:00,26.17,300.4225,988.5006,5.862377,56.933342,0.0,0.0
2018-12-16 20:00:00,26.12,299.42722,988.8209,5.6383505,61.23913,0.0,0.0
2018-12-16 21:00:00,26.1,298.63922,990.053,5.0491915,65.73849,0.0,0.0
2018-12-16 22:00:00,27.07,298.5594,990.8822,5.535003,67.50733,0.0,0.0
2018-12-16 23:00:00,27.3,299.76233,991.2876,5.719488,61.85305,0.0,0.0
2018-12-17 00:00:00,27.06,301.69556,991.39685,5.82679,52.12978,0.0012872146,0.0
2018-12-17 01:00:00,28.17,303.99847,990.9666,5.726768,41.198177,0.0,0.0
2018-12-17 02:00:00,29.18,306.46094,990.1799,5.636961,31.997696,0.0,0.0
2018-12-17 03:00:00,29.67,308.7119,989.2009,5.655558,25.523573,0.0,0.0
2018-12-17 04:00:00,30.21,310.59363,988.34406,5.805925,21.3965,0.0,0.0
2018-12-17 05:00:00,30.33,311.99756,987.54877,5.9717555,18.924335,0.0,0.0
2018-12-17 06:00:00,30.16,312.8792,986.8208,6.1143365,17.660828,0.0,0.0
2018-12-17 07:00:00,30.28,313.02945,986.27045,6.010909,17.238361,0.0,0.0
2018-12-17 08:00:00,30.15,312.9368,986.03766,6.056701,17.816322,0.0,0.0
2018-12-17 09:00:00,30.49,312.29266,986.13275,6.083619,19.056284,0.0,0.0
2018-12-17 10:00:00,30.85,311.28317,986.8773,5.757375,21.033787,0.0,0.0
2018-12-17 11:00:00,31.64,310.0692,987.5628,5.1362686,23.596758,0.0,0.0
2018-12-17 12:00:00,33.19,308.81244,988.585,5.5674915,26.95143,0.0,0.0
2018-12-17 13:00:00,33.32,307.22113,989.1347,6.4836726,32.332863,0.0,0.0
2018-12-17 14:00:00,34.22,305.46832,989.86597,6.9756675,39.58767,0.0,0.0
2018-12-17 15:00:00,34.87,303.86432,989.433,6.566153,46.995007,0.0,0.0
2018-12-17 16:00:00,35.42,302.6757,989.16156,6.4910226,52.08453,0.0,0.0
2018-12-17 17:00:00,35.99,301.80017,988.68915,6.3257713,55.15313,0.0,0.0
2018-12-17 18:00:00,36.05,301.12186,988.8811,6.3323045,56.01533,0.0,0.0
2018-12-17 19:00:00,35.76,300.3082,989.2646,6.322184,56.17674,0.0,0.0
2018-12-17 20:00:00,34.69,299.55676,990.34955,5.710408,58.039772,0.0,0.0
2018-12-17 21:00:00,35.13,298.7995,991.0514,4.9648423,61.222614,0.0,0.0
2018-12-17 22:00:00,35.67,298.76843,992.5083,5.0177464,61.745644,0.0,0.0
2018-12-17 23:00:00,35.82,299.88177,992.5636,4.796183,56.16299,0.0,0.0
2018-12-18 00:00:00,36.1,301.82925,992.868,4.662177,46.208645,0.0017046927,0.0
2018-12-18 01:00:00,35.98,304.09012,992.3342,4.5747895,36.199837,0.0,0.0
2018-12-18 02:00:00,35.64,306.34338,991.7058,4.5867305,28.918188,0.0,0.0
2018-12-18 03:00:00,34.86,308.46594,990.83716,4.6689925,23.137913,0.0,0.0
2018-12-18 04:00:00,33.81,310.3034,989.9959,4.8206487,19.166487,0.0,0.0
2018-12-18 05:00:00,33.16,311.71185,989.27435,5.047762,16.858988,0.0,0.0
2018-12-18 06:00:00,32.62,312.61755,988.4899,5.2385116,15.776399,0.0,0.0
2018-12-18 07:00:00,31.64,312.98438,987.78033,5.2495546,16.576855,0.0,0.0
2018-12-18 08:00:00,30.62,312.93097,987.68823,5.2651143,16.493668,0.0,0.0
2018-12-18 09:00:00,30.21,312.40097,988.0236,5.1335683,16.910809,0.0,0.0
2018-12-18 10:00:00,29.58,311.53717,988.8975,4.703391,17.725737,0.0,0.0
2018-12-18 11:00:00,29.38,310.48416,989.68536,3.814098,18.954193,0.0,0.0
2018-12-18 12:00:00,28.82,309.42645,990.3817,3.7713616,20.410807,0.0,0.0
2018-12-18 13:00:00,28.72,308.24597,990.9886,4.503628,22.758928,0.0,0.0
2018-12-18 14:00:00,29.17,306.4992,991.58813,6.0664597,29.51121,0.0,0.0
2018-12-18 15:00:00,29.49,304.3169,991.34644,6.597695,40.40115,0.0,0.0
2018-12-18 16:00:00,30.07,302.64783,990.9833,6.541696,49.816574,0.0,0.0
2018-12-18 17:00:00,31.61,301.53632,990.58966,6.3683004,56.56859,0.0,0.0
2018-12-18 18:00:00,33.11,300.68875,990.62115,6.022954,61.18267,0.0,0.0
2018-12-18 19:00:00,34.16,299.6204,991.0125,5.6383257,65.77741,0.0,0.0
2018-12-18 20:00:00,35.0,299.0716,991.6362,5.3206286,68.626236,0.0,0.0
2018-12-18 21:00:00,35.33,298.67636,992.6951,4.722648,70.19517,0.0,0.0
2018-12-18 22:00:00,35.45,298.98508,993.623,5.338342,67.66392,0.0,0.0
2018-12-18 23:00:00,35.76,300.4491,994.03314,5.6900315,59.073578,0.0,0.0
2018-12-19 00:00:00,35.3,302.55328,993.9205,5.821138,49.32865,0.0,0.0
2018-12-19 01:00:00,35.67,304.9518,993.58295,5.682047,40.807,0.0,0.0
2018-12-19 02:00:00,36.05,307.30142,992.8515,5.384555,34.231934,0.0,0.0
2018-12-19 03:00:00,36.16,309.36987,991.9252,4.998044,29.191954,0.0,0.0
2018-12-19 04:00:00,35.75,311.0644,991.18854,4.649187,25.45825,0.0,0.0
2018-12-19 05:00:00,35.61,312.30115,990.3764,4.4870143,22.944958,0.0,0.0
2018-12-19 06:00:00,35.45,313.12433,989.3331,4.575474,21.16071,0.0,0.0
2018-12-19 07:00:00,35.34,313.20844,988.5889,4.2241797,21.351665,0.0,0.0
2018-12-19 08:00:00,34.72,313.28424,988.4013,4.447453,21.037043,0.0,0.0
2018-12-19 09:00:00,34.34,312.87177,988.5325,4.461139,21.530733,0.0,0.0
2018-12-19 10:00:00,34.04,312.11377,988.9625,4.294339,22.593945,0.0,0.0
2018-12-19 11:00:00,34.73,311.2718,990.02826,3.769898,24.01557,0.0,0.0
2018-12-19 12:00:00,35.87,310.59845,990.3697,4.034911,25.349892,0.0,0.0
2018-12-19 13:00:00,36.45,309.8567,990.6678,4.877557,27.079369,0.0,0.0
2018-12-19 14:00:00,36.84,308.1435,990.57153,6.9347095,32.170937,0.0,0.0
2018-12-19 15:00:00,37.58,305.7381,989.72687,8.013075,41.21969,0.0,0.0
2018-12-19 16:00:00,37.25,304.0458,989.2125,8.621178,49.68559,0.0,0.0
2018-12-19 17:00:00,37.33,303.28253,988.7671,8.188109,54.242603,0.0,0.0
2018-12-19 18:00:00,37.53,302.76385,988.8844,7.21151,55.326324,0.0,0.0
2018-12-19 19:00:00,38.01,302.3545,989.7594,6.006309,55.47677,0.0,0.0
2018-12-19 20:00:00,39.03,301.7173,990.7367,5.4061136,56.134735,0.0,0.0
2018-12-19 21:00:00,38.47,301.17957,991.8999,4.8088245,57.50208,0.0,0.0
2018-12-19 22:00:00,36.98,301.29462,992.8491,5.837083,57.171917,0.0,0.0
2018-12-19 23:00:00,35.7,302.6966,993.00916,6.513093,52.375603,0.0,0.0
2018-12-20 00:00:00,35.49,304.8672,992.78394,6.4023004,44.88674,0.0,0.0
2018-12-20 01:00:00,34.94,307.45636,992.26135,5.674411,35.762707,0.0,0.0
2018-12-20 02:00:00,34.56,310.08014,991.1185,4.600456,26.88257,0.0,0.0
2018-12-20 03:00:00,34.53,312.48547,990.01624,3.8624437,20.17215,0.0,0.0
2018-12-20 04:00:00,33.72,314.64813,988.6125,3.5917923,15.13851,0.0,0.0
2018-12-20 05:00:00,32.6,316.4155,987.3111,3.72807,11.946026,0.0,0.0
2018-12-20 06:00:00,30.6,317.63153,985.84015,4.2221804,10.35506,0.0,0.0
2018-12-20 07:00:00,28.89,317.69525,985.54016,4.739867,10.064764,0.0,0.0
2018-12-20 08:00:00,28.36,317.79208,984.7058,5.3698416,9.906739,0.0,0.0
2018-12-20 09:00:00,28.09,317.38898,984.8217,5.7837877,10.074565,0.0,0.0
2018-12-20 10:00:00,28.29,316.62567,985.1687,5.5464606,10.498638,0.0,0.0
2018-12-20 11:00:00,28.61,315.21588,985.7555,5.385794,11.407308,0.0,0.0
2018-12-20 12:00:00,28.48,314.2644,986.5019,5.8545356,12.121883,0.0,0.0
2018-12-20 13:00:00,28.62,313.497,986.7022,6.2303977,12.820357,0.0,0.0
2018-12-20 14:00:00,28.36,312.93433,987.0419,6.6984725,13.440291,0.0,0.0
2018-12-20 15:00:00,28.71,312.25897,986.4564,7.9362793,14.0011425,0.0,0.0
2018-12-20 16:00:00,27.88,311.55695,985.892,9.262831,14.128396,0.0,0.0
2018-12-20 17:00:00,27.46,310.82922,985.23517,9.75015,13.77244,0.0,0.0
2018-12-20 18:00:00,27.09,310.0821,984.975,9.301817,13.388498,0.0,0.0
2018-12-20 19:00:00,26.85,308.88388,986.4872,6.7039175,13.071444,0.0,0.0
2018-12-20 20:00:00,27.09,308.4223,986.9231,6.2162676,13.42189,0.0,0.0
2018-12-20 21:00:00,29.19,307.893,987.4231,5.985228,13.975546,0.0,0.0
2018-12-20 22:00:00,31.87,308.2693,988.35626,5.596289,13.997795,0.0,0.0
2018-12-20 23:00:00,33.3,310.14142,988.7489,6.511016,13.530069,0.0,0.0
2018-12-21 00:00:00,33.28,311.8139,988.70874,5.6847467,17.919857,0.0,0.0
2018-12-21 01:00:00,35.1,313.2882,988.5371,4.79576,20.815811,0.0,0.0
2018-12-21 02:00:00,37.74,314.70343,987.71826,4.505946,20.232126,0.0010989606,0.0
2018-12-21 03:00:00,38.69,315.72906,986.9331,4.4978466,19.35587,0.0,0.0
2018-12-21 04:00:00,39.62,316.74106,985.9601,4.4775276,18.06256,0.0,0.0
2018-12-21 05:00:00,40.88,317.5205,985.2498,4.5292554,16.868383,0.0,0.26
2018-12-21 06:00:00,42.32,317.4895,984.3767,4.35427,16.092932,0.0017173588,0.51
2018-12-21 07:00:00,42.54,317.28583,983.8063,4.5629597,15.481399,0.012781471,1.29
2018-12-21 08:00:00,41.93,316.2764,983.9643,4.615846,16.484001,0.49218908,1.0699999
2018-12-21 09:00:00,39.73,313.35822,985.3142,7.7889442,22.503206,0.26912987,0.49999997
2018-12-21 10:00:00,38.01,311.40326,985.5659,8.399012,26.08401,0.0,0.0
2018-12-21 11:00:00,39.38,310.77484,985.88666,5.626252,26.769777,0.0,0.0
2018-12-21 12:00:00,40.85,310.3075,986.5581,4.71063,27.795023,0.0,0.0
2018-12-21 13:00:00,42.42,309.83606,987.1355,5.084223,28.803257,0.0,0.0
2018-12-21 14:00:00,43.1,309.60196,987.07837,4.2256703,29.595762,0.0,0.0
2018-12-21 15:00:00,43.4,309.0931,986.91455,2.303037,32.688133,0.0,0.0
2018-12-21 16:00:00,44.49,308.39697,986.5435,0.6959417,41.966377,0.0,0.82
2018-12-21 17:00:00,45.13,307.9428,986.4292,2.3030958,34.53611,0.008881092,0.74
2018-12-21 18:00:00,45.43,307.15533,986.39514,2.329364,36.38704,0.0017881393,0.03
2018-12-21 19:00:00,45.63,306.44702,987.27795,2.415614,39.429863,0.0,0.0
2018-12-21 20:00:00,46.29,305.93176,987.8356,2.5042038,39.15317,0.044681657,0.0
2018-12-21 21:00:00,46.91,305.10205,989.01544,1.4302281,45.335365,0.010958815,0.0
2018-12-21 22:00:00,47.65,305.56152,989.8102,1.441163,41.97893,0.008836389,0.0
2018-12-21 23:00:00,48.86,307.55844,990.4186,3.6103756,34.958954,0.0,0.0
2018-12-22 00:00:00,47.68,308.00607,990.5675,5.3949957,34.650436,0.8545066,0.0
2018-12-22 01:00:00,47.47,308.31104,990.27704,5.021051,34.347717,0.0,0.0
2018-12-22 02:00:00,46.62,308.6762,989.5421,3.824847,33.31727,0.0,0.0
2018-12-22 03:00:00,46.2,309.42584,989.12616,2.6556923,31.24983,0.0,0.0
2018-12-22 04:00:00,46.28,310.23358,988.3077,2.7800536,29.513952,0.0,0.08
2018-12-22 05:00:00,45.82,310.80615,987.6326,3.1717067,28.396719,0.0,0.0
2018-12-22 06:00:00,44.56,311.42554,986.6622,2.8785863,27.021418,0.0,0.0
2018-12-22 07:00:00,42.77,313.4358,986.42346,3.665724,23.806568,0.0021234155,0.0
2018-12-22 08:00:00,41.48,313.318,985.78467,3.518027,22.795364,0.0,0.08
2018-12-22 09:00:00,40.69,313.329,986.1526,3.5285976,22.057945,0.0,0.0
2018-12-22 10:00:00,39.58,312.84647,987.1824,3.2041717,22.397747,0.0,0.0
2018-12-22 11:00:00,39.77,310.042,989.06665,7.5500693,30.00654,0.010304153,0.13
2018-12-22 12:00:00,41.38,306.4559,990.2379,7.8674397,46.503563,0.034675002,0.0
2018-12-22 13:00:00,42.99,305.82855,990.6973,5.8436265,48.53203,0.0,0.0
2018-12-22 14:00:00,44.75,305.29004,990.9961,4.8637333,50.300747,0.0,0.0
2018-12-22 15:00:00,44.77,304.74164,990.4264,4.1318393,52.419205,0.0,0.0
2018-12-22 16:00:00,44.69,304.27002,989.9924,3.3891952,54.551334,0.0,0.0
2018-12-22 17:00:00,45.65,303.90295,989.4114,3.0573785,56.179012,0.0,0.0
2018-12-22 18:00:00,47.16,303.47662,989.28925,2.4005527,57.99412,0.0,0.0
2018-12-22 19:00:00,48.36,304.58868,988.9256,2.1584246,51.74399,0.0,0.0
2018-12-22 20:00:00,49.26,304.25137,989.4353,2.225969,53.243984,0.0,0.0
2018-12-22 21:00:00,49.71,303.9308,989.98364,2.3765368,54.571228,0.0,0.0
2018-12-22 22:00:00,49.64,304.66656,990.66345,2.5227747,52.83084,0.0,0.0
2018-12-22 23:00:00,49.28,306.78928,991.14056,3.161769,47.385506,0.0,0.0
2018-12-23 00:00:00,49.25,308.7528,991.07587,2.6558192,40.765877,0.047945976,0.0
2018-12-23 01:00:00,49.21,310.21176,990.3854,1.5537337,37.33795,0.0,0.0
2018-12-23 02:00:00,48.73,311.55914,989.97925,0.711447,33.389557,0.0018840656,0.71999997
2018-12-23 03:00:00,48.49,312.83508,989.2647,1.1663568,29.718298,0.0,0.01
2018-12-23 04:00:00,48.16,313.92792,988.20514,1.6542557,27.532015,0.006135553,0.71999997
2018-12-23 05:00:00,47.09,314.15424,987.3067,1.6890247,26.502285,0.013787299,1.5
2018-12-23 06:00:00,45.44,314.64594,986.5574,1.78479,24.813494,0.013679266,0.0
2018-12-23 07:00:00,43.64,314.70227,985.3982,3.2281017,23.517183,0.045254827,0.0
2018-12-23 08:00:00,43.38,309.9986,986.9497,6.728368,37.846626,0.52616745,0.0
2018-12-23 09:00:00,43.0,309.652,986.44,4.1892877,37.07487,0.0,0.0
2018-12-23 10:00:00,41.39,310.24503,986.17944,4.8952484,34.798286,0.0,0.0
2018-12-23 11:00:00,39.79,309.5908,987.0012,4.717705,37.61849,0.0,0.0
2018-12-23 12:00:00,39.48,308.78638,988.3688,4.65131,41.040516,0.0,0.0
2018-12-23 13:00:00,41.53,308.114,989.0461,4.8918643,43.388496,0.0,0.0
2018-12-23 14:00:00,45.38,307.54663,989.4392,4.558842,45.178596,0.0,0.0
2018-12-23 15:00:00,47.19,306.70517,989.1337,4.5468554,48.19522,0.0,0.0
2018-12-23 16:00:00,47.22,305.79706,988.8965,5.1561627,53.113907,0.0,0.0
2018-12-23 17:00:00,46.53,304.75165,988.9199,4.54743,59.84213,0.0,0.0
2018-12-23 18:00:00,45.77,304.03305,988.60486,3.4545712,64.51691,0.0,0.0
2018-12-23 19:00:00,44.42,302.39185,989.6467,4.382159,64.9909,0.0,0.0
2018-12-23 20:00:00,43.37,301.95227,989.90564,4.1331635,67.45482,0.0,0.0
2018-12-23 21:00:00,41.73,301.68073,990.585,3.4231517,68.77945,0.0,0.0
2018-12-23 22:00:00,40.04,302.2503,991.2266,3.2726798,66.024414,0.0,0.0
2018-12-23 23:00:00,38.49,304.1231,991.60803,3.4928825,56.611378,0.0,0.0
2018-12-24 00:00:00,35.95,306.34705,991.3697,3.1211984,46.719727,0.6135136,0.0
2018-12-24 01:00:00,34.93,308.55548,991.07477,2.6882522,39.035152,0.0,0.0
2018-12-24 02:00:00,34.01,310.60156,990.3646,2.389793,33.026417,0.0,0.0
2018-12-24 03:00:00,33.82,312.29047,989.35333,1.806995,28.230099,0.0,0.0
2018-12-24 04:00:00,33.73,313.47052,988.5118,1.0591625,23.478363,0.0,0.0
2018-12-24 05:00:00,33.62,314.17847,987.5139,0.86970377,20.00027,0.0,0.0
2018-12-24 06:00:00,32.88,314.8921,986.6831,1.3080666,18.096245,0.0,0.0
2018-12-24 07:00:00,33.04,317.3808,985.0623,2.7131395,13.689312,0.0,0.0
2018-12-24 08:00:00,33.23,317.6142,984.877,3.1267025,12.638283,0.0,0.0
2018-12-24 09:00:00,32.87,317.4761,984.91156,3.4285448,11.536661,0.0,0.0
2018-12-24 10:00:00,32.03,316.87152,985.2388,3.4610345,10.762057,0.0,0.0
2018-12-24 11:00:00,29.51,315.5539,985.8221,3.023716,10.968919,0.0,0.0
2018-12-24 12:00:00,26.68,314.12387,986.3205,3.3741438,11.1398,0.0,0.0
2018-12-24 13:00:00,23.4,312.66064,986.8892,3.7313027,11.304519,0.0,0.0
2018-12-24 14:00:00,22.15,311.23096,987.2953,3.8503737,11.774772,0.0,0.0
2018-12-24 15:00:00,21.1,309.9408,987.2383,3.9101727,12.455533,0.0,0.0
2018-12-24 16:00:00,19.83,308.88165,987.0577,4.3819118,12.897374,0.0,0.0
2018-12-24 17:00:00,19.92,307.92157,986.8596,4.1896653,12.911516,0.0,0.0
2018-12-24 18:00:00,21.19,306.41217,987.0929,2.962842,14.022331,0.0,0.0
2018-12-24 19:00:00,22.52,303.68698,987.92474,2.9346907,44.502388,0.0,0.0
2018-12-24 20:00:00,23.46,302.55725,988.3722,3.0761902,58.602707,0.0,0.0
2018-12-24 21:00:00,24.28,301.76892,989.1777,3.1861744,66.66382,0.0,0.0
2018-12-24 22:00:00,24.84,302.20737,990.0168,3.5367866,67.95892,0.0,0.0
2018-12-24 23:00:00,25.36,304.24475,990.45294,3.9821,58.33065,0.0,0.0
2018-12-25 00:00:00,23.92,306.7398,990.1739,3.5100434,47.72217,0.001090765,0.0
2018-12-25 01:00:00,23.37,309.2527,989.90216,2.6966913,38.406418,0.0,0.0
2018-12-25 02:00:00,22.69,311.7035,989.23456,1.692478,28.631248,0.0,0.0
2018-12-25 03:00:00,22.08,313.96246,988.4263,1.1168422,18.423971,0.0,0.0
2018-12-25 04:00:00,22.1,315.71484,987.584,2.1483376,13.107739,0.0,0.0
2018-12-25 05:00:00,22.49,316.8365,986.90717,2.9330463,10.750302,0.0,0.0
2018-12-25 06:00:00,21.23,317.60162,986.03577,3.051474,8.628556,0.0,0.0
2018-12-25 07:00:00,17.14,318.4141,985.21173,2.7846658,5.6872272,0.0,0.0
2018-12-25 08:00:00,13.11,318.6714,984.67847,2.7343414,4.1214066,0.0,0.0
2018-12-25 09:00:00,11.25,318.53485,985.08344,2.9524152,3.449883,0.0,0.0
2018-12-25 10:00:00,9.9,317.49426,985.3401,2.6384008,3.5621397,0.0,0.0
2018-12-25 11:00:00,9.24,315.53857,985.9877,2.6001966,4.106177,0.0,0.0
2018-12-25 12:00:00,8.87,313.50128,986.1722,2.8175993,4.796254,0.0,0.0
2018-12-25 13:00:00,9.63,311.44275,987.02484,2.8728008,5.6623898,0.0,0.0
2018-12-25 14:00:00,9.99,309.65802,987.0515,3.1612985,6.347186,0.0,0.0
2018-12-25 15:00:00,10.57,307.3255,987.329,1.5865777,9.148297,0.0,0.0
2018-12-25 16:00:00,14.27,305.76135,987.1872,5.20849,23.488634,0.0,0.0
2018-12-25 17:00:00,18.16,303.82626,987.1644,6.50734,54.342686,0.0,0.0
2018-12-25 18:00:00,20.77,303.21506,986.8267,5.646589,63.631447,0.0,0.0
2018-12-25 19:00:00,21.74,302.67142,987.03827,4.7151885,62.67792,0.0,0.0
2018-12-25 20:00:00,21.79,302.0973,987.50757,4.2824626,63.28123,0.0,0.0
2018-12-25 21:00:00,22.21,301.41818,988.4461,4.0522547,65.82895,0.0,0.0
2018-12-25 22:00:00,22.43,301.6595,989.4356,4.3548255,65.407875,0.0,0.0
2018-12-25 23:00:00,22.65,303.23016,989.76013,4.6282783,58.242268,0.0,0.0
2018-12-26 00:00:00,22.4,305.28467,989.4764,3.4623046,49.17526,0.0,0.0
2018-12-26 01:00:00,23.25,307.61496,989.30963,2.6414566,40.375767,0.0,0.0
2018-12-26 02:00:00,24.62,310.09097,988.288,1.9599396,32.447853,0.0,0.0
2018-12-26 03:00:00,24.99,312.40784,987.5419,1.1854324,25.771164,0.0,0.0
2018-12-26 04:00:00,24.67,314.50232,986.8753,1.3782696,20.14319,0.0,0.0
2018-12-26 05:00:00,25.11,316.14087,985.90643,2.7001045,15.958683,0.0,0.0
2018-12-26 06:00:00,26.21,316.73663,984.9941,3.094316,14.280716,0.0,0.0
2018-12-26 07:00:00,27.98,317.99603,983.2887,2.7083654,11.913799,0.0,0.0
2018-12-26 08:00:00,28.9,318.02887,983.2416,2.58602,11.529777,0.0,0.0
2018-12-26 09:00:00,29.67,317.81873,983.04614,2.5227182,11.325124,0.0,0.0
2018-12-26 10:00:00,30.35,317.19043,983.42126,3.5522203,11.623729,0.0,0.0
2018-12-26 11:00:00,30.88,315.48962,984.2115,5.490849,14.055936,0.0,0.0
2018-12-26 12:00:00,30.82,314.17847,984.9146,6.773575,17.354324,0.0,0.0
2018-12-26 13:00:00,33.35,312.79144,985.7681,6.4940066,20.413763,0.0,0.0
2018-12-26 14:00:00,38.54,311.65878,986.20514,6.1550035,23.329668,0.0,0.0
2018-12-26 15:00:00,42.25,310.79263,986.5408,5.662562,26.167866,0.0,0.35
2018-12-26 16:00:00,45.76,309.3406,986.66046,4.6562414,31.030914,0.0,0.0
2018-12-26 17:00:00,48.77,307.30896,986.6199,5.095551,44.09824,0.0,0.0
2018-12-26 18:00:00,51.21,305.3022,986.82764,6.131367,57.812077,0.0,0.06
2018-12-26 19:00:00,52.01,303.52902,987.8856,6.2401447,65.047165,0.0,0.0
2018-12-26 20:00:00,51.35,302.8993,987.59814,5.888537,67.15718,0.0,0.08
2018-12-26 21:00:00,49.19,302.52307,988.08655,4.8375554,67.85651,0.0,0.0
2018-12-26 22:00:00,47.13,302.81854,988.3882,4.1274996,65.39075,0.0,0.0
2018-12-26 23:00:00,46.13,304.34894,988.8058,3.8666945,58.35972,0.0,0.0
2018-12-27 00:00:00,46.39,306.50494,988.6222,3.7433088,49.759808,0.0,0.0
2018-12-27 01:00:00,46.22,308.95538,988.1306,3.5839758,40.866077,0.0,0.0
2018-12-27 02:00:00,45.96,311.15955,987.40594,3.087879,33.671246,0.0,0.0
2018-12-27 03:00:00,45.55,312.93695,986.5514,2.535367,28.326538,0.0,0.0
2018-12-27 04:00:00,44.65,314.31686,985.5877,2.2234962,24.111986,0.0,0.0
2018-12-27 05:00:00,43.24,315.515,984.3658,3.0542214,20.57766,0.0,0.0
2018-12-27 06:00:00,41.0,315.5335,983.6303,3.0145202,19.783262,0.0,0.0
2018-12-27 07:00:00,38.56,316.34418,982.5637,3.407847,17.909145,0.0,0.0
2018-12-27 08:00:00,37.02,316.13153,982.1439,2.7787237,16.771168,0.0,0.0
2018-12-27 09:00:00,36.45,316.21945,982.5284,2.4147773,15.9898205,0.0,0.0
2018-12-27 10:00:00,36.98,315.66974,983.1133,2.8984094,16.057686,0.0,0.0
2018-12-27 11:00:00,39.72,314.08624,984.1339,3.405756,18.569092,0.0,0.0
2018-12-27 12:00:00,43.1,313.3544,985.03766,4.8842263,19.63933,0.0,0.0
2018-12-27 13:00:00,45.73,309.96335,985.9336,7.627169,34.473927,0.0,0.0
2018-12-27 14:00:00,46.58,306.46674,986.8772,8.2057,52.641266,0.0,0.0
2018-12-27 15:00:00,46.28,304.89398,986.9153,7.8165956,59.227585,0.0,0.0
2018-12-27 16:00:00,46.74,303.95575,986.38654,7.768109,62.215782,0.0,0.0
2018-12-27 17:00:00,47.22,303.0832,986.1328,6.944862,65.21038,0.0,0.0
2018-12-27 18:00:00,47.51,302.4624,986.1758,6.299819,67.57884,0.0,0.0
2018-12-27 19:00:00,46.3,301.84906,986.3705,5.0135183,70.278076,0.0,0.0
2018-12-27 20:00:00,44.98,301.4993,986.78577,4.570502,72.23981,0.0,0.0
2018-12-27 21:00:00,44.61,301.20282,987.59045,4.2475643,74.134315,0.0,0.0
2018-12-27 22:00:00,44.54,301.38245,988.3825,4.561558,73.64596,0.0,0.0
2018-12-27 23:00:00,44.34,302.66827,988.5017,4.8261633,67.62062,0.0,0.0
2018-12-28 00:00:00,44.47,304.75742,988.39954,4.493063,58.43541,0.0,0.0
2018-12-28 01:00:00,44.31,307.12454,987.94037,3.8385396,49.35756,0.0,0.0
2018-12-28 02:00:00,44.26,309.448,987.4448,3.2538433,41.404682,0.0,0.0
2018-12-28 03:00:00,44.25,311.44867,986.15906,2.9026172,34.804634,0.0029802322,0.0
2018-12-28 04:00:00,43.92,312.95468,985.3996,2.4096758,30.124224,0.0,0.0
2018-12-28 05:00:00,44.43,313.4402,984.3884,0.74691945,27.354305,0.0,0.0
2018-12-28 06:00:00,44.15,314.08405,983.8794,1.2889358,25.86829,0.0,0.0
2018-12-28 07:00:00,45.68,314.13568,983.526,1.2343469,24.81534,0.0,0.0
2018-12-28 08:00:00,47.25,314.13745,983.29315,1.3271842,24.449318,0.0,0.0
2018-12-28 09:00:00,48.58,313.9024,983.8081,0.86546564,24.61583,0.0,0.0
2018-12-28 10:00:00,50.34,312.04773,984.6795,2.499537,27.982569,0.005456805,0.0
2018-12-28 11:00:00,50.62,311.16464,985.7746,4.509996,31.01767,0.0,0.0
2018-12-28 12:00:00,51.03,308.54126,986.8709,6.7953167,41.674934,0.0641793,0.0
2018-12-28 13:00:00,50.01,306.9693,987.5704,7.5853424,49.510406,0.0,0.0
2018-12-28 14:00:00,48.75,306.59064,987.65424,6.154964,51.191895,0.0,0.16
2018-12-28 15:00:00,48.78,306.04877,987.0053,5.8421764,53.88621,0.0,0.11
2018-12-28 16:00:00,48.06,305.44614,986.7008,5.4078526,56.70306,0.0,0.0
2018-12-28 17:00:00,47.83,304.84937,986.4186,4.6938043,58.818672,0.0,0.0
2018-12-28 18:00:00,47.5,304.40466,986.4239,4.2114353,59.967125,0.0,0.0
2018-12-28 19:00:00,49.13,303.91992,986.6378,3.0459943,64.798935,0.0,0.0
2018-12-28 20:00:00,49.02,303.59973,986.83203,2.821213,66.02795,0.0,0.0
2018-12-28 21:00:00,48.23,303.21378,987.71704,3.1110406,67.53477,0.0,0.0
2018-12-28 22:00:00,46.95,303.27527,988.71655,3.9966502,66.970085,0.0,0.0
2018-12-28 23:00:00,46.92,304.54156,989.19385,4.3390303,61.149036,0.0,0.0
2018-12-29 00:00:00,46.59,306.38257,989.0033,4.5062866,53.638714,0.07480033,0.0
2018-12-29 01:00:00,45.31,308.4411,988.85706,4.7229567,46.3936,0.0,0.0
2018-12-29 02:00:00,44.15,310.42285,988.1161,4.834025,39.832832,0.0,0.0
2018-12-29 03:00:00,44.01,312.08533,987.4453,4.3632116,34.824173,0.0,0.0
2018-12-29 04:00:00,44.22,313.3004,986.85077,3.7664406,31.613768,0.0,0.0
2018-12-29 05:00:00,44.24,314.1148,986.0813,2.9735236,29.15754,0.0,0.0
2018-12-29 06:00:00,43.37,314.4491,985.48016,2.3622332,28.153488,0.0123903155,0.0
2018-12-29 07:00:00,44.72,313.9309,984.8217,2.2399745,25.81552,0.0,0.0
2018-12-29 08:00:00,46.03,314.11133,984.6894,2.3823547,25.25458,0.0,0.0
2018-12-29 09:00:00,47.98,313.90063,984.8451,2.171908,25.164219,0.0,0.0
2018-12-29 10:00:00,49.01,313.25366,985.65405,1.2733835,25.797453,0.0,0.35999998
2018-12-29 11:00:00,48.88,312.6517,986.6638,1.7632262,26.827076,0.10536909,0.56
2018-12-29 12:00:00,48.94,311.92078,987.2291,4.9319053,29.26862,0.008328898,0.0
2018-12-29 13:00:00,50.42,308.35068,987.64,8.517337,41.824074,0.0,0.0
2018-12-29 14:00:00,51.2,306.06458,987.95294,7.6925993,51.695114,0.0,0.53
2018-12-29 15:00:00,52.73,305.51837,988.33185,7.039701,54.75462,0.0,0.78
2018-12-29 16:00:00,52.81,305.06897,988.5742,7.243397,56.600964,0.0077966396,0.0
2018-12-29 17:00:00,53.54,304.35083,988.08716,7.8130713,58.744957,0.0,0.049999997
2018-12-29 18:00:00,55.34,303.56836,987.7036,8.007502,60.768597,0.0,0.14999999
2018-12-29 19:00:00,55.49,301.4262,988.92017,6.3333693,66.11601,0.0,0.0
2018-12-29 20:00:00,54.45,301.25894,989.798,5.025637,65.73339,0.0,3.03
2018-12-29 21:00:00,52.2,301.15085,990.83594,4.7474184,65.959755,0.0,1.92
2018-12-29 22:00:00,50.55,301.45712,991.42596,5.2038913,65.42605,0.0,0.65999997
2018-12-29 23:00:00,50.95,302.96588,991.5145,5.147587,60.240227,0.0,0.0
2018-12-30 00:00:00,52.3,305.17166,991.2634,5.113967,52.252094,0.13605535,0.0
2018-12-30 01:00:00,51.75,307.47818,990.8714,5.299978,44.48075,0.0,0.0
2018-12-30 02:00:00,50.73,309.76508,990.5,4.912491,37.63801,0.0,0.0
2018-12-30 03:00:00,49.94,311.61328,989.6619,4.261256,32.625214,0.0,0.0
2018-12-30 04:00:00,48.96,313.10968,988.57556,3.7645047,28.821152,0.028386712,0.0
2018-12-30 05:00:00,48.54,314.21127,987.47064,3.3731112,26.042383,0.036232173,0.0
2018-12-30 06:00:00,47.6,315.05334,986.5592,3.207175,23.703636,0.024445355,0.0
2018-12-30 07:00:00,46.87,313.85367,986.5036,2.7609391,24.914642,0.023685396,0.0
2018-12-30 08:00:00,45.31,313.8943,986.0734,2.2400336,24.303112,0.020503998,0.0
2018-12-30 09:00:00,44.63,313.70874,986.1047,2.00806,24.203066,0.008612871,0.0
2018-12-30 10:00:00,44.69,313.40808,986.52167,1.9332404,24.449402,0.0,0.0
2018-12-30 11:00:00,45.36,312.94684,987.2537,2.1639562,25.044437,0.0,0.0
2018-12-30 12:00:00,46.0,312.37805,987.9051,2.3564,26.154215,0.0,0.0
2018-12-30 13:00:00,46.44,311.77945,988.641,2.009445,27.27977,0.0,0.0
2018-12-30 14:00:00,47.26,309.92236,989.5681,1.2900202,31.50317,0.30685216,0.0
2018-12-30 15:00:00,48.09,307.78534,989.52924,8.097337,39.317776,0.06829202,0.0
2018-12-30 16:00:00,50.41,305.1247,989.6775,7.1274323,54.943073,0.0034719706,0.0
2018-12-30 17:00:00,51.94,304.29767,989.9967,5.174885,61.085365,0.057566155,0.0
2018-12-30 18:00:00,54.52,303.7822,989.3627,7.014923,66.522934,0.008720148,0.01
2018-12-30 19:00:00,57.39,303.2435,989.1531,6.474346,69.5622,0.010684133,0.0
2018-12-30 20:00:00,59.51,302.78958,990.2413,5.4410377,71.79461,0.0,0.04
2018-12-30 21:00:00,59.71,302.39963,991.7051,4.2206883,72.85617,0.2078861,2.07
2018-12-30 22:00:00,59.46,302.34512,992.7128,4.1412163,72.44223,0.68700314,3.46
2018-12-30 23:00:00,57.94,303.1341,992.30646,6.016775,67.396675,0.13701618,3.88
2018-12-31 00:00:00,53.68,304.49252,991.983,6.069663,59.58928,1.6293585,4.0
2018-12-31 01:00:00,52.39,306.42828,991.55493,5.4569263,50.589275,0.0,1.9699999
2018-12-31 02:00:00,51.01,308.29642,991.0197,5.53134,43.334846,0.0,1.34
2018-12-31 03:00:00,49.89,309.9803,990.12573,5.977171,38.005943,0.0,1.0999999
2018-12-31 04:00:00,49.73,311.03857,989.1708,5.966499,34.97181,0.007107854,0.0
2018-12-31 05:00:00,48.76,311.77673,988.34576,5.7791624,32.898212,0.041149557,0.06
2018-12-31 06:00:00,47.44,312.50916,987.432,6.000928,31.011358,0.022262335,0.0
2018-12-31 07:00:00,46.79,309.99536,986.883,3.661538,38.395775,0.0,0.0
2018-12-31 08:00:00,44.71,310.74597,986.53674,3.6882606,35.49169,0.0,0.0
2018-12-31 09:00:00,43.4,311.11124,986.78156,3.5869606,33.51448,0.0,0.0
2018-12-31 10:00:00,41.62,310.8725,987.3739,3.3280365,33.1066,0.0,0.0
2018-12-31 11:00:00,41.14,310.18866,988.71716,3.476458,33.913414,0.0,0.0
2018-12-31 12:00:00,41.26,309.52228,989.14545,3.1238732,35.168278,0.0,0.0
2018-12-31 13:00:00,41.19,309.02515,989.808,3.3723993,36.68045,0.0,0.0
2018-12-31 14:00:00,41.58,307.83374,989.9919,5.3246946,41.647022,0.0,0.0
2018-12-31 15:00:00,43.46,306.36288,989.7761,6.363286,48.532593,0.0,0.0
2018-12-31 16:00:00,47.13,305.09705,989.5489,6.810391,53.90481,0.0,0.0
2018-12-31 17:00:00,50.46,303.466,990.0023,6.391353,63.187843,0.29174796,0.0
2018-12-31 18:00:00,53.96,302.56152,990.2875,5.0215187,71.06977,0.61602885,0.06999999
2018-12-31 19:00:00,55.39,302.60883,988.8567,6.119395,72.724396,0.0,0.16
2018-12-31 20:00:00,55.62,302.31793,989.42975,5.782088,76.346825,0.0,0.049999997
2018-12-31 21:00:00,54.86,302.0473,990.34595,5.374397,78.25639,0.0,0.0
2018-12-31 22:00:00,52.98,302.20358,991.38513,5.788567,76.55105,0.0,0.0
2018-12-31 23:00:00,50.16,303.326,991.9247,6.350515,69.2615,0.0,0.0
2019-01-01 00:00:00,49.7,304.79968,991.85547,6.4216456,60.96974,0.98001164,0.0
2019-01-01 01:00:00,50.14,306.74643,991.31287,6.264447,52.43265,0.0,0.0
2019-01-01 02:00:00,50.43,308.70654,990.6381,5.774789,45.18349,0.0,0.0
2019-01-01 03:00:00,49.84,310.46368,989.70197,5.1750975,39.153175,0.0013113022,0.0
2019-01-01 04:00:00,49.05,311.9354,988.8074,4.567857,34.41832,0.0060088933,0.0
2019-01-01 05:00:00,48.61,312.83087,987.6663,4.248728,31.729767,0.0,0.0
2019-01-01 06:00:00,47.29,313.502,986.90546,4.0923676,29.906672,0.0,0.0
2019-01-01 07:00:00,45.75,309.86646,987.4645,3.3233645,41.040638,0.0,0.0
2019-01-01 08:00:00,44.59,310.42245,986.88007,3.8004413,38.69116,0.0,0.0
2019-01-01 09:00:00,43.52,310.4948,986.89166,3.9314396,37.83651,0.0,0.0
2019-01-01 10:00:00,43.38,310.04935,987.2502,4.011637,38.379025,0.0,0.0
2019-01-01 11:00:00,44.61,309.51428,988.3081,4.1090627,39.363605,0.0,0.0
2019-01-01 12:00:00,45.8,309.1364,989.09143,3.6990576,39.969337,0.0,0.0
2019-01-01 13:00:00,46.21,308.70984,989.7575,3.0041006,40.796932,0.0,0.0
2019-01-01 14:00:00,47.33,308.27725,989.8669,2.8089187,41.68108,0.0,0.0
2019-01-01 15:00:00,47.33,307.53473,989.4426,4.6520567,43.7805,0.0,0.0
2019-01-01 16:00:00,48.4,305.72083,989.14667,6.6439924,54.019875,0.0,0.0
2019-01-01 17:00:00,50.67,304.38733,988.89056,6.543358,63.080467,0.0,0.11
2019-01-01 18:00:00,51.99,303.849,988.7897,6.6221747,66.07354,0.0,0.089999996
2019-01-01 19:00:00,52.4,302.9408,988.8176,6.1451488,70.08227,0.0,0.0
2019-01-01 20:00:00,52.44,302.63037,990.0447,5.466046,71.184456,0.0034868717,0.0
2019-01-01 21:00:00,53.04,302.3913,990.97375,5.667975,71.33376,0.0,0.0
2019-01-01 22:00:00,53.06,302.4462,990.9952,6.3236637,69.767136,0.0,0.0
2019-01-01 23:00:00,52.8,303.7398,991.0254,6.3634505,63.020863,0.0,0.0
2019-01-02 00:00:00,53.83,305.7959,990.53674,6.004426,54.150307,0.010788441,0.0
2019-01-02 01:00:00,53.62,308.11963,990.3297,5.72996,45.85096,0.0,0.0
2019-01-02 02:00:00,53.29,310.2132,989.7361,5.678778,39.378975,0.0,0.0
2019-01-02 03:00:00,52.49,312.01172,988.8512,5.747402,34.462006,0.0,0.0
2019-01-02 04:00:00,51.74,313.48602,987.71375,5.6515694,30.6656,0.015884638,0.0
2019-01-02 05:00:00,50.53,314.68097,986.8047,5.5833144,27.523916,0.011123717,0.0
2019-01-02 06:00:00,49.13,315.4655,985.9773,5.183389,25.041225,0.005967915,0.0
2019-01-02 07:00:00,48.49,314.8799,985.5393,4.8780694,24.57773,0.027562678,0.0
2019-01-02 08:00:00,46.93,314.96588,985.21344,4.6493526,23.720655,0.013850633,0.0
2019-01-02 09:00:00,44.78,314.67517,984.96826,4.5524864,23.612427,0.018499792,0.0
2019-01-02 10:00:00,42.7,314.07922,985.66266,4.579211,24.119831,0.010661781,0.0
2019-01-02 11:00:00,43.36,313.1573,986.34143,4.7498574,25.997013,0.0,0.0
2019-01-02 12:00:00,45.15,311.86786,987.4628,6.4274573,30.099943,0.0,0.0
2019-01-02 13:00:00,45.73,310.2585,988.0623,7.7714977,36.476944,0.0,0.0
2019-01-02 14:00:00,46.68,308.4399,989.0681,8.021479,43.554478,0.0,0.0
2019-01-02 15:00:00,48.23,306.82156,988.9984,7.7513647,50.177567,0.0,0.0
2019-01-02 16:00:00,49.06,305.40198,988.6588,7.599175,57.496746,0.0,0.0
2019-01-02 17:00:00,49.99,304.21313,988.0031,7.544289,64.47316,0.0,0.0
2019-01-02 18:00:00,51.34,303.4466,987.89185,7.246794,69.27888,0.0,0.0
2019-01-02 19:00:00,52.51,303.00482,988.7511,6.485069,71.678925,0.0,0.0
2019-01-02 20:00:00,53.76,302.47217,989.53827,6.238959,74.59685,0.0,0.0
2019-01-02 21:00:00,57.21,302.12012,990.6981,5.7389426,76.13576,0.0,0.12
2019-01-02 22:00:00,60.25,302.2846,991.56244,5.9293046,74.38111,0.0,1.25
2019-01-02 23:00:00,61.37,303.63345,991.916,6.6742916,65.81036,0.0,8.38
2019-01-03 00:00:00,45.23,305.67432,991.73553,7.349544,54.617165,0.10355115,6.17
2019-01-03 01:00:00,44.38,307.98138,991.4788,7.8851304,44.874783,0.0,3.17
2019-01-03 02:00:00,43.76,310.1761,990.8744,7.757128,37.62011,0.0,0.71
2019-01-03 03:00:00,44.27,312.06497,989.89655,7.271405,32.583275,0.0,0.26
2019-01-03 04:00:00,45.22,313.56815,989.04346,6.958887,29.248985,0.0026226044,0.0
2019-01-03 05:00:00,46.36,314.61835,988.5161,6.823806,27.20835,0.043794513,0.0
2019-01-03 06:00:00,46.53,315.23126,987.7392,6.890081,25.927235,0.026389956,0.0
2019-01-03 07:00:00,46.14,314.51147,987.77954,5.657612,26.1153,0.0054836273,0.0
2019-01-03 08:00:00,45.86,313.50296,987.6378,5.9952297,28.574635,0.596866,0.0
2019-01-03 09:00:00,45.5,311.28867,988.36475,5.187988,34.216366,1.3660789,0.0
2019-01-03 10:00:00,45.19,309.42224,989.0092,5.0215135,39.365303,0.0,0.0
2019-01-03 11:00:00,44.75,308.6305,989.72675,5.349636,43.542614,0.0,0.0
2019-01-03 12:00:00,46.39,308.2457,990.79175,4.5941978,46.098286,0.0,0.0
2019-01-03 13:00:00,48.71,307.78793,991.51636,4.4819145,48.54165,0.0,0.0
2019-01-03 14:00:00,50.49,307.38562,991.8111,5.6537194,49.909573,0.0,0.0
2019-01-03 15:00:00,51.14,306.32892,991.7586,7.9176846,54.031826,0.0,0.0
2019-01-03 16:00:00,51.39,304.2274,991.3206,8.519881,64.11875,0.0,0.0
2019-01-03 17:00:00,51.46,302.90012,990.9164,8.800695,70.99344,0.0,0.0
2019-01-03 18:00:00,51.17,302.23816,990.7036,8.773272,74.72907,0.0,0.0
2019-01-03 19:00:00,51.44,302.0996,990.3017,7.596659,77.18693,0.0013113022,0.0
2019-01-03 20:00:00,52.26,301.80463,992.1206,5.1189394,78.6515,0.0070035458,0.0
2019-01-03 21:00:00,54.27,301.73605,994.1803,4.14266,78.76987,0.21979213,0.0
2019-01-03 22:00:00,56.77,301.83972,994.6147,5.5490985,77.92244,0.0679791,3.7699997
2019-01-03 23:00:00,58.86,302.50323,994.33594,7.1249943,74.778366,0.0,8.61
2019-01-04 00:00:00,55.22,303.80206,993.86127,7.7442527,68.29658,2.3373067,8.61
2019-01-04 01:00:00,50.86,305.701,993.7469,7.5652566,58.28051,0.0,8.139999
2019-01-04 02:00:00,48.04,307.6261,993.0447,7.490927,49.483036,0.0,0.93
2019-01-04 03:00:00,46.65,309.36298,992.29456,7.154521,43.158558,0.0,0.13999999
2019-01-04 04:00:00,44.03,310.59174,991.6731,6.459453,39.01237,0.0070109963,0.0
2019-01-04 05:00:00,40.74,311.3216,990.5792,6.541448,36.46061,0.09649247,0.0
2019-01-04 06:00:00,39.2,311.8219,989.4944,6.9379425,34.686424,0.07337332,0.0
2019-01-04 07:00:00,39.38,307.26105,991.1754,7.8765306,49.17275,0.0,0.0
2019-01-04 08:00:00,38.98,306.67084,991.76764,6.5043902,48.723797,0.0,0.0
2019-01-04 09:00:00,38.18,306.08633,991.40234,6.743294,48.49353,0.0,0.0
2019-01-04 10:00:00,37.86,305.3228,992.1277,6.206013,49.94893,0.0,0.0
2019-01-04 11:00:00,37.93,304.51718,993.2584,4.827757,52.59105,0.0,0.0
2019-01-04 12:00:00,36.88,303.9607,993.488,4.628936,54.899353,0.0,0.0
2019-01-04 13:00:00,36.75,303.43716,993.5821,4.000316,57.18115,0.0,0.0
2019-01-04 14:00:00,37.47,303.01276,993.8315,3.501441,59.132618,0.0,0.0
2019-01-04 15:00:00,39.57,302.50226,993.37585,3.6140766,61.39926,0.0,0.0
2019-01-04 16:00:00,42.41,302.02643,992.8075,3.5553617,63.542015,0.0,0.0
2019-01-04 17:00:00,45.52,301.65247,992.60547,3.7193835,65.38245,0.0,0.0
2019-01-04 18:00:00,48.18,301.24213,992.59955,4.687049,67.93021,0.0,0.0
2019-01-04 19:00:00,49.39,300.99048,992.9943,3.5173554,76.092606,0.0,0.0
2019-01-04 20:00:00,50.95,300.6533,994.1781,2.510972,79.65113,0.14281271,0.0
2019-01-04 21:00:00,52.35,300.46027,994.2444,4.648374,81.985855,0.12150407,0.0
2019-01-04 22:00:00,51.7,300.74548,994.08624,6.9351473,81.884766,0.0,0.0
2019-01-04 23:00:00,50.37,302.14948,994.125,8.097571,74.57393,0.0,0.0
2019-01-05 00:00:00,46.56,303.8527,994.16156,7.5287595,65.50445,0.44511557,0.0
2019-01-05 01:00:00,48.41,305.7103,994.1941,6.829854,56.59082,0.0,0.0
2019-01-05 02:00:00,50.92,307.5971,993.61487,6.0607953,49.19067,0.0,0.0
2019-01-05 03:00:00,52.32,309.08417,992.54987,5.6295624,44.291824,0.0055767596,0.0
2019-01-05 04:00:00,53.56,309.74863,991.69305,5.506714,42.488304,0.017095357,0.0
2019-01-05 05:00:00,53.44,310.90356,990.9244,5.1408806,39.24476,0.020444393,0.0
2019-01-05 06:00:00,52.63,311.49567,990.09406,5.111366,37.39438,0.011011958,0.0
2019-01-05 07:00:00,50.55,312.3666,989.07526,3.3562138,33.463543,0.010304153,0.0
2019-01-05 08:00:00,49.18,312.62622,988.7061,3.3166747,32.554985,0.006556511,0.0
2019-01-05 09:00:00,48.3,312.32584,988.50555,3.0922341,32.679153,0.0028461218,0.0
2019-01-05 10:00:00,47.59,311.61365,988.9392,3.3148918,33.760105,0.09304285,0.0
2019-01-05 11:00:00,46.17,309.3093,989.87646,6.8012815,40.640938,0.0017434359,0.0
2019-01-05 12:00:00,45.15,304.40414,991.5002,10.142725,60.51215,0.0,0.0
2019-01-05 13:00:00,45.34,303.21472,991.507,8.210999,66.56098,0.0,0.0
2019-01-05 14:00:00,47.48,303.10638,991.8072,6.621482,68.34288,0.0,0.0
2019-01-05 15:00:00,50.07,302.8246,991.88007,6.361511,71.408356,0.0,0.0
2019-01-05 16:00:00,51.66,302.5074,991.40216,6.709563,74.26909,0.0,0.0
2019-01-05 17:00:00,53.13,302.20673,990.07983,6.876311,76.40837,0.0,0.0
2019-01-05 18:00:00,55.22,302.07678,989.6293,6.3516893,76.9166,0.0,0.0
2019-01-05 19:00:00,55.75,302.38208,990.42017,5.9696813,75.64066,0.0,0.0
2019-01-05 20:00:00,56.07,301.8767,991.1067,5.177674,76.278564,0.0,0.0
2019-01-05 21:00:00,55.84,301.35553,991.7944,4.7791767,77.85378,0.0,0.0
2019-01-05 22:00:00,54.6,301.45312,992.71375,5.732897,77.39279,0.0,0.0
2019-01-05 23:00:00,52.95,302.6853,992.76904,6.998753,72.47972,0.0,0.43
2019-01-06 00:00:00,39.76,304.47488,992.476,6.5434256,64.042114,0.16862154,0.0
2019-01-06 01:00:00,39.06,306.41364,991.93134,5.9667907,55.429268,0.0,0.38
2019-01-06 02:00:00,40.21,308.74707,991.2673,5.435656,46.65916,0.0,0.19999999
2019-01-06 03:00:00,40.82,310.88757,990.3586,5.0307155,39.28428,0.0,0.0
2019-01-06 04:00:00,41.19,312.7117,989.51556,4.284478,33.13301,0.0073239207,0.0
2019-01-06 05:00:00,41.06,313.901,988.65704,3.1161828,28.291842,0.002734363,0.0
2019-01-06 06:00:00,39.93,314.63318,987.78815,2.0589445,24.929394,0.006482005,0.0
2019-01-06 07:00:00,40.18,311.86487,989.7449,1.8428688,32.73312,0.05015731,0.0
2019-01-06 08:00:00,40.35,311.87695,989.3206,2.1608517,32.535713,0.046895444,0.0
2019-01-06 09:00:00,41.0,311.1645,989.3987,2.3905816,33.73851,0.020399682,0.0
2019-01-06 10:00:00,42.03,309.72998,989.92456,1.9253038,36.656033,0.0,0.0
2019-01-06 11:00:00,42.41,309.396,990.3844,0.70939356,37.77644,0.0,0.0
2019-01-06 12:00:00,42.17,309.2603,990.96173,0.32355475,38.374653,0.0,0.0
2019-01-06 13:00:00,41.43,309.0855,991.4297,1.3928971,39.431614,0.0,0.0
2019-01-06 14:00:00,41.87,308.6371,991.5829,2.6015227,41.193504,0.0,0.0
2019-01-06 15:00:00,41.79,308.07068,990.8656,3.658774,43.012474,0.0,0.0
2019-01-06 16:00:00,41.29,307.41675,990.1286,4.587321,45.241272,0.0,0.0
2019-01-06 17:00:00,42.36,306.51614,989.40546,5.2616897,48.538895,0.0,0.0
2019-01-06 18:00:00,44.99,305.53784,989.2714,5.626627,52.991467,0.0,0.0
2019-01-06 19:00:00,47.01,303.68286,989.8653,6.3750863,62.282433,0.0,0.0
2019-01-06 20:00:00,48.54,302.7445,990.48834,5.9396152,70.66802,0.0,0.0
2019-01-06 21:00:00,49.32,302.20413,991.20984,5.4995685,74.76625,0.0,0.0
2019-01-06 22:00:00,49.27,302.38577,992.2605,5.508985,74.94995,0.0,0.0
2019-01-06 23:00:00,49.69,303.90967,992.9928,5.8140607,68.11029,0.0,0.0
2019-01-07 00:00:00,51.13,306.10016,992.9776,5.598097,58.42703,0.1357125,0.0
2019-01-07 01:00:00,50.8,308.28833,992.2464,5.341071,49.644753,0.0,0.0
2019-01-07 02:00:00,50.32,310.29907,991.3975,5.2194858,42.42574,0.0,0.0
2019-01-07 03:00:00,49.59,312.19684,990.29346,5.196566,36.326687,0.0,0.0
2019-01-07 04:00:00,49.45,313.78107,989.35156,5.098463,31.018225,0.0,0.0
2019-01-07 05:00:00,49.21,315.01184,988.3125,4.944018,26.607973,0.035740435,0.0
2019-01-07 06:00:00,49.5,315.71942,987.5455,4.5360556,23.316538,0.01142174,0.0
2019-01-07 07:00:00,49.15,314.84558,987.3822,3.6600866,25.452072,0.017727915,0.0
2019-01-07 08:00:00,48.66,314.5775,987.0653,3.5804,23.86639,0.13944507,0.0
2019-01-07 09:00:00,48.97,313.05273,987.2922,6.1438284,28.05297,0.56584924,0.0
2019-01-07 10:00:00,49.12,310.43204,987.7252,7.604917,39.575794,0.0,0.0
2019-01-07 11:00:00,47.69,309.26788,987.59644,7.2692895,43.99138,0.0,0.0
2019-01-07 12:00:00,45.49,308.8794,988.09204,6.6790395,44.494064,0.0,0.0
2019-01-07 13:00:00,46.02,308.347,988.573,6.8046036,45.053802,0.0,0.0
2019-01-07 14:00:00,45.8,307.79446,989.15405,5.469791,46.076218,0.0,0.0
2019-01-07 15:00:00,44.46,307.2603,989.2609,5.2582836,48.200302,0.0,0.0
2019-01-07 16:00:00,43.34,306.37866,988.8811,5.890335,53.376484,0.0,0.0
2019-01-07 17:00:00,42.05,305.30444,988.8889,6.1397877,60.533245,0.0,0.0
2019-01-07 18:00:00,40.38,304.37537,988.71405,5.5903144,66.04153,0.0,0.0
2019-01-07 19:00:00,38.61,303.91156,988.93695,5.780315,68.30349,0.0,0.0
2019-01-07 20:00:00,36.03,303.21588,989.38513,5.794834,72.67931,0.0,0.0
2019-01-07 21:00:00,34.09,302.64618,990.007,5.8725495,74.360275,0.0,0.0
2019-01-07 22:00:00,32.07,302.74445,990.5706,5.765895,71.89823,0.0,0.0
2019-01-07 23:00:00,30.83,304.4088,990.64935,6.765145,60.744137,0.0,0.0
2019-01-08 00:00:00,30.74,307.00027,990.46844,6.452374,44.92741,0.7710546,0.0
2019-01-08 01:00:00,29.45,309.72318,990.1799,5.2588964,29.548374,0.0,0.0
2019-01-08 02:00:00,28.72,311.95865,989.6775,3.9035451,20.367699,0.0,0.0
2019-01-08 03:00:00,27.97,313.88647,988.67065,3.270303,15.30473,0.0,0.0
2019-01-08 04:00:00,27.49,315.63562,987.7514,3.0217936,11.923003,0.0,0.0
2019-01-08 05:00:00,27.21,317.01672,986.7318,2.844204,9.493837,0.0,0.0
2019-01-08 06:00:00,26.54,317.74768,985.6986,2.8213432,8.53615,0.0,0.0
2019-01-08 07:00:00,25.78,317.21265,985.7774,1.9231399,9.376715,0.0,0.0
2019-01-08 08:00:00,24.69,317.41937,985.1361,2.2586536,8.6537,0.0,0.0
2019-01-08 09:00:00,22.72,317.29987,985.26654,2.546591,8.507925,0.0,0.0
2019-01-08 10:00:00,20.39,316.46548,985.5989,2.698329,9.070276,0.0,0.0
2019-01-08 11:00:00,19.84,314.37775,986.0467,3.4587765,10.655822,0.0,0.0
2019-01-08 12:00:00,20.15,312.3592,986.4423,4.319977,13.004719,0.0,0.0
2019-01-08 13:00:00,21.76,310.66104,987.14264,6.046357,18.915232,0.0,0.0
2019-01-08 14:00:00,22.15,307.09082,987.93506,9.157595,47.485085,0.0,0.0
2019-01-08 15:00:00,23.43,304.5302,988.0735,8.857206,63.179047,0.0,0.0
2019-01-08 16:00:00,24.95,303.7865,988.0642,8.035404,65.876785,0.0,0.0
2019-01-08 17:00:00,26.54,303.03015,987.4528,7.5959244,68.032974,0.0,0.0
2019-01-08 18:00:00,27.54,302.3015,987.41736,6.784018,70.25162,0.0,0.0
2019-01-08 19:00:00,28.45,301.75937,988.16547,5.597836,73.644295,0.0,0.0
2019-01-08 20:00:00,28.84,301.2788,988.51544,4.9928374,75.56993,0.0,0.0
2019-01-08 21:00:00,29.85,300.79504,989.4561,4.879154,77.666214,0.0,0.0
2019-01-08 22:00:00,30.22,300.83633,989.80914,5.1573653,77.26334,0.0,0.0
2019-01-08 23:00:00,30.88,302.47534,990.15204,5.88291,67.8846,0.0,0.0
2019-01-09 00:00:00,31.47,305.05905,989.68274,5.5952764,53.356182,0.0,0.0
2019-01-09 01:00:00,32.32,307.86285,989.39294,4.815268,39.371815,0.0,0.0
2019-01-09 02:00:00,34.52,310.26782,988.83716,3.9711056,30.364773,0.0,0.0
2019-01-09 03:00:00,37.02,312.18387,987.95905,3.4543276,25.96747,0.0,0.0
2019-01-09 04:00:00,39.16,313.84192,987.3787,3.3786347,23.15126,0.0,0.0
2019-01-09 05:00:00,39.98,315.04578,986.53326,3.230839,21.000278,0.0,0.0
2019-01-09 06:00:00,39.72,315.9012,986.0175,3.221299,18.817919,0.0,0.0
2019-01-09 07:00:00,39.66,316.7921,984.7516,2.6651554,16.14619,0.0,0.0
2019-01-09 08:00:00,39.94,316.4828,984.8071,2.701114,15.909264,0.0,0.0
2019-01-09 09:00:00,40.23,315.47827,985.64294,2.992503,16.696222,0.0,0.0
2019-01-09 10:00:00,40.51,313.46344,986.8007,5.7925067,22.129837,0.0,0.0
2019-01-09 11:00:00,40.08,311.6885,987.4153,5.4948416,27.63373,0.0,0.0
2019-01-09 12:00:00,41.18,310.4375,987.99097,5.392787,32.7789,0.0,0.0
2019-01-09 13:00:00,43.75,308.73834,988.83435,5.945664,40.288578,0.0,0.0
2019-01-09 14:00:00,45.96,306.71075,989.3767,6.166221,49.648846,0.0,11.87
2019-01-09 15:00:00,47.34,304.90472,989.825,6.847093,57.455288,0.0,7.7299995
2019-01-09 16:00:00,48.37,303.4452,989.867,6.763293,63.043625,0.0,2.9899998
2019-01-09 17:00:00,47.99,302.4544,989.8113,6.1981845,66.82902,0.0,0.9
2019-01-09 18:00:00,46.27,301.69098,989.5145,5.855762,70.02432,0.0,0.78
2019-01-09 19:00:00,43.53,300.8836,990.6502,5.5437927,71.93568,0.0,0.41
2019-01-09 20:00:00,41.55,300.31284,991.23474,5.4734983,75.69057,0.0,0.66999996
2019-01-09 21:00:00,40.23,299.95575,991.8638,5.268596,78.16727,0.0,0.0
2019-01-09 22:00:00,41.13,300.04388,992.42596,5.7331123,77.49463,0.0,0.0
2019-01-09 23:00:00,42.08,301.12653,992.3475,5.987614,71.28812,0.0,0.0
2019-01-10 00:00:00,47.07,303.01965,992.5178,5.6073184,61.02099,0.0013272986,0.0
2019-01-10 01:00:00,47.97,305.36133,992.2635,5.1078315,50.085033,0.0,0.0
2019-01-10 02:00:00,48.83,307.61154,991.7275,4.669468,41.325912,0.0,0.0
2019-01-10 03:00:00,49.73,309.60556,990.82654,4.1114874,34.887062,0.0,0.0
2019-01-10 04:00:00,50.18,311.1936,989.71185,3.5570245,30.93534,0.0,0.0
2019-01-10 05:00:00,49.32,312.38086,988.7031,3.1102169,28.292347,0.0,0.0
2019-01-10 06:00:00,48.88,313.19122,987.8731,2.7886019,26.214012,0.0,0.0
2019-01-10 07:00:00,46.97,312.47473,987.6166,1.0940602,26.842955,0.027671456,0.0
2019-01-10 08:00:00,45.0,312.19727,987.3427,1.16317,27.018162,0.056549907,0.0
2019-01-10 09:00:00,43.49,311.9973,987.4468,1.5471597,27.182182,0.026129186,0.0
2019-01-10 10:00:00,43.67,310.4831,989.1179,3.3610268,31.248688,0.03106147,0.0
2019-01-10 11:00:00,44.21,307.90033,989.92554,6.606979,40.978413,0.070381165,0.0
2019-01-10 12:00:00,42.69,306.1087,990.66516,6.1111255,49.07482,0.0066310167,0.0
2019-01-10 13:00:00,40.79,305.4924,990.6833,5.502075,51.906883,0.01488626,0.0
2019-01-10 14:00:00,39.45,305.40826,990.65967,5.166009,51.76432,0.00230968,0.0
2019-01-10 15:00:00,39.09,305.39484,990.10565,5.143031,51.1132,0.0,0.0
2019-01-10 16:00:00,41.09,304.95718,989.53906,5.085892,52.535553,0.0,0.0
2019-01-10 17:00:00,42.94,304.16357,989.1392,5.196742,55.665653,0.0,0.0
2019-01-10 18:00:00,43.88,303.18732,989.13007,5.0039864,59.84516,0.0,0.0
2019-01-10 19:00:00,44.74,302.1897,989.59344,4.939347,65.266235,0.0,0.0
2019-01-10 20:00:00,45.81,301.60416,990.34906,4.2856297,68.36951,0.0,0.0
2019-01-10 21:00:00,46.47,301.11523,990.9783,3.9199972,71.10289,0.0,0.0
2019-01-10 22:00:00,45.71,301.09595,991.7422,4.3977118,71.83391,0.0,0.0
2019-01-10 23:00:00,45.22,302.4001,992.0915,4.812077,66.53848,0.0,0.0
2019-01-11 00:00:00,45.75,304.5049,992.0722,4.930938,57.936436,0.23562014,0.0
2019-01-11 01:00:00,45.37,306.86755,991.66174,4.8277435,49.266247,0.0,0.0
2019-01-11 02:00:00,45.35,309.1129,991.18604,4.478832,41.852264,0.0,0.0
2019-01-11 03:00:00,44.95,310.97388,990.3044,4.0572724,36.319187,0.0,0.0
2019-01-11 04:00:00,44.8,312.48724,989.6933,3.3528724,31.572607,0.0,0.0
2019-01-11 05:00:00,43.98,312.97217,988.8973,2.1856024,28.535753,0.0,0.0
2019-01-11 06:00:00,42.02,313.3855,988.23065,1.5866822,26.42221,0.0,0.0
2019-01-11 07:00:00,41.29,312.74097,987.8537,0.7529697,27.50971,0.0,0.0
2019-01-11 08:00:00,41.03,312.93063,987.7659,0.7222197,26.678959,0.0,0.0
2019-01-11 09:00:00,42.84,312.59296,987.91284,0.76402843,26.971579,0.0,0.0
2019-01-11 10:00:00,45.91,312.33493,988.3868,0.7393506,27.228537,0.0,0.03
2019-01-11 11:00:00,47.85,311.67316,988.99725,0.8235247,28.607443,0.0,0.64
2019-01-11 12:00:00,48.81,310.7408,990.19257,1.3597826,30.037243,0.03296137,0.0
2019-01-11 13:00:00,48.11,310.28244,990.1777,1.5050583,31.084997,0.0,0.0
2019-01-11 14:00:00,46.81,309.63144,989.95734,2.7758029,32.896637,0.0,0.0
2019-01-11 15:00:00,45.12,308.98596,989.3926,4.159885,34.398823,0.0,0.0
2019-01-11 16:00:00,43.45,307.99408,989.1192,6.0054803,38.595825,0.0,0.0
2019-01-11 17:00:00,43.37,306.64566,988.7525,6.6253605,44.912678,0.0,0.0
2019-01-11 18:00:00,44.91,305.59766,988.7434,6.1847258,49.928707,0.0,0.0
2019-01-11 19:00:00,45.38,304.42877,989.4589,5.9982114,58.002617,0.0,0.0
2019-01-11 20:00:00,45.22,303.68918,989.7113,5.4546185,63.277702,0.0,0.0
2019-01-11 21:00:00,43.49,303.24432,990.78296,4.960254,65.612366,0.0,0.0
2019-01-11 22:00:00,41.59,303.35565,991.3524,4.7137785,65.08407,0.0,0.0
2019-01-11 23:00:00,41.84,305.0417,991.9018,5.0472245,57.41747,0.0,0.0
2019-01-12 00:00:00,42.62,307.50732,991.96594,4.7624574,47.471733,0.035113603,0.0
2019-01-12 01:00:00,43.07,310.14722,991.7727,4.4632583,38.244785,0.0,0.0
2019-01-12 02:00:00,42.4,312.55698,991.1909,4.362796,30.565649,0.0,0.0
2019-01-12 03:00:00,40.61,314.52332,990.3181,4.466185,25.86717,0.0042952597,0.0
2019-01-12 04:00:00,38.7,316.12854,989.1958,4.254315,21.69604,0.0030249357,0.0
2019-01-12 05:00:00,36.95,317.2783,987.7634,3.8692815,18.058931,0.0,0.0
2019-01-12 06:00:00,35.7,317.9522,986.8812,3.493625,15.379492,0.0,0.0
2019-01-12 07:00:00,33.9,318.22348,985.97906,3.5388222,13.668828,0.0,0.0
2019-01-12 08:00:00,32.95,318.40808,985.2314,3.5073922,12.7305355,0.0,0.0
2019-01-12 09:00:00,32.58,318.3919,984.7388,3.5974414,12.010854,0.0,0.0
2019-01-12 10:00:00,32.53,317.87537,984.90643,3.3004057,11.881254,0.0,0.0
2019-01-12 11:00:00,33.38,316.58292,985.45703,2.3494735,12.63552,0.0,0.0
2019-01-12 12:00:00,34.63,315.4652,986.5005,2.4979076,13.449526,0.0,0.0
2019-01-12 13:00:00,37.75,314.3863,986.9304,1.7695913,14.440701,0.0,0.0
2019-01-12 14:00:00,40.58,312.1726,987.9045,4.598963,22.770504,0.0,0.0
2019-01-12 15:00:00,44.72,308.12927,988.0044,6.729453,46.74831,0.007599592,0.0
2019-01-12 16:00:00,47.4,306.80554,988.2541,6.319025,55.469406,0.0,0.29
2019-01-12 17:00:00,50.33,306.33527,988.17596,4.536851,55.15038,0.0,1.42
2019-01-12 18:00:00,52.16,305.9621,989.0454,3.2564163,55.866478,0.0,0.0
2019-01-12 19:00:00,51.58,304.67914,988.78033,3.7351325,62.689636,0.0,0.0
2019-01-12 20:00:00,50.44,304.01172,989.16376,3.0076704,65.599205,0.0,0.0
2019-01-12 21:00:00,50.47,303.5348,990.3675,3.3590326,67.62909,0.0,0.0
2019-01-12 22:00:00,50.73,303.44647,990.6816,4.223049,67.05049,0.0,0.0
2019-01-12 23:00:00,50.81,304.39084,991.0912,4.03187,61.058956,0.0,0.0
2019-01-13 00:00:00,48.8,306.29443,991.27844,3.2335293,52.283184,0.015154481,0.0
2019-01-13 01:00:00,48.18,308.43512,991.0553,2.4534633,44.541218,0.0,0.0
2019-01-13 02:00:00,47.71,310.55484,990.43884,1.9816394,37.22972,0.0,0.0
2019-01-13 03:00:00,47.09,312.51578,989.34705,2.340035,30.634779,0.0,0.0
2019-01-13 04:00:00,47.91,314.57648,988.3525,4.277866,25.96265,0.0,0.0
2019-01-13 05:00:00,48.9,315.67926,987.33374,5.6506033,22.72518,0.0,0.0
2019-01-13 06:00:00,49.43,316.36713,986.2859,6.054848,19.398289,0.0,0.0
2019-01-13 07:00:00,49.58,315.43625,985.8759,4.6530437,20.4165,0.0,0.0
2019-01-13 08:00:00,48.58,315.7895,985.19025,5.5263004,19.130617,0.0,0.0
2019-01-13 09:00:00,47.68,314.12643,986.3251,7.297206,20.869728,0.0,0.0
2019-01-13 10:00:00,48.48,312.5879,987.0597,7.2843275,23.769678,0.0,0.0
2019-01-13 11:00:00,48.23,311.9057,987.67474,5.7158628,25.364538,0.0,0.0
2019-01-13 12:00:00,48.14,310.7938,988.761,3.5750897,27.9657,0.0,0.0
2019-01-13 13:00:00,48.67,310.1134,989.21936,3.748036,29.5703,0.09074211,0.0
2019-01-13 14:00:00,47.87,308.2832,989.8781,4.9938617,38.329132,0.07289647,0.0
2019-01-13 15:00:00,47.71,307.2181,989.1055,3.8112445,45.993816,0.0,0.0
2019-01-13 16:00:00,46.4,306.74802,988.65356,2.8889673,49.842247,0.0,0.96
2019-01-13 17:00:00,45.77,306.26556,988.07654,2.5165398,52.822105,0.0,3.2799997
2019-01-13 18:00:00,44.42,305.69525,987.78595,2.3320937,55.99528,0.0,1.94
2019-01-13 19:00:00,42.58,304.00604,987.0962,1.9592226,52.615345,0.0,0.01
2019-01-13 20:00:00,40.56,303.4254,987.2364,2.1402936,55.853157,0.0,0.0
2019-01-13 21:00:00,40.43,303.13678,988.53345,1.881323,58.712257,0.0,0.0
2019-01-13 22:00:00,41.43,303.24243,989.6986,1.7182714,60.270454,0.0,0.0
2019-01-13 23:00:00,41.86,304.74838,990.2536,2.514097,57.719196,0.0,0.0
2019-01-14 00:00:00,44.79,306.54388,989.90826,2.6203897,53.34888,0.16432405,0.0
2019-01-14 01:00:00,44.3,308.3756,989.448,1.7590175,45.890816,0.0,0.0
2019-01-14 02:00:00,44.51,310.08276,988.97687,0.6522541,38.54969,0.014528632,0.0
2019-01-14 03:00:00,44.16,311.59564,987.90094,0.37803707,32.930573,0.018894672,0.0
2019-01-14 04:00:00,43.37,313.32687,986.88794,2.293087,27.799517,0.0053048134,0.0
2019-01-14 05:00:00,42.06,314.51764,986.2414,4.4356246,24.699,0.0,0.0
2019-01-14 06:00:00,40.34,314.7337,985.5452,5.0393357,22.931847,0.0,0.32999998
2019-01-14 07:00:00,42.27,313.85382,984.97406,4.8618364,23.69289,0.008054078,2.57
2019-01-14 08:00:00,44.02,313.92932,984.43146,5.060273,22.940176,0.0,2.32
2019-01-14 09:00:00,44.91,314.0028,984.75745,5.446035,22.590132,0.0,2.06
2019-01-14 10:00:00,46.55,312.32785,985.5483,7.3490496,25.428793,0.10101795,0.21
2019-01-14 11:00:00,47.25,309.67392,987.22345,6.300764,32.524437,0.0,0.0
2019-01-14 12:00:00,47.66,309.05627,988.5105,4.0176854,34.571053,0.0,0.0
2019-01-14 13:00:00,45.28,308.39777,988.8512,3.6100626,36.9841,0.0,0.0
2019-01-14 14:00:00,43.25,307.65656,989.38403,3.7160895,40.024487,0.0,0.0
2019-01-14 15:00:00,42.19,306.6358,988.7304,3.5965047,43.984917,0.0,0.0
2019-01-14 16:00:00,41.13,305.79834,988.73975,3.602614,47.60152,0.0,0.0
2019-01-14 17:00:00,40.04,304.9866,988.43616,3.5585644,51.18225,0.0,0.0
2019-01-14 18:00:00,38.55,304.29034,988.52563,3.5120063,54.704105,0.0,0.0
2019-01-14 19:00:00,37.51,303.5028,988.6588,3.4978495,55.954353,0.0,0.0
2019-01-14 20:00:00,36.45,302.84604,988.98456,2.9668696,58.256012,0.0,0.0
2019-01-14 21:00:00,36.53,302.31094,989.6323,2.3099976,60.022854,0.0,0.0
2019-01-14 22:00:00,36.67,302.39142,990.28455,1.7725105,59.51838,0.0,0.0
2019-01-14 23:00:00,36.33,303.83447,990.7392,2.0694926,52.497543,0.0,0.0
2019-01-15 00:00:00,36.82,305.58313,990.7557,2.1293035,45.42898,0.14823362,0.0
2019-01-15 01:00:00,37.24,307.40643,990.6975,2.0394785,39.947407,0.0,0.0
2019-01-15 02:00:00,37.66,309.19736,990.3314,1.8537344,34.9895,0.0,0.0
2019-01-15 03:00:00,38.4,311.1989,989.5193,2.838769,29.355965,0.0,0.0
2019-01-15 04:00:00,39.31,312.78876,988.8736,4.9682536,24.715435,0.0,0.0
2019-01-15 05:00:00,40.74,313.6449,987.69696,5.503909,21.940304,0.0,0.0
2019-01-15 06:00:00,42.28,315.0808,986.79956,5.876804,18.828192,0.0,0.0
2019-01-15 07:00:00,42.43,315.49146,985.3897,7.154802,17.530075,0.0,0.0
2019-01-15 08:00:00,43.46,315.37415,985.09,7.144594,17.071712,0.0,0.0
2019-01-15 09:00:00,44.26,313.43414,985.84155,8.08079,19.311104,0.0,0.0
2019-01-15 10:00:00,44.5,312.56784,986.4439,5.801594,20.50207,0.0,0.0
2019-01-15 11:00:00,43.92,311.79034,987.2564,3.6797955,21.704454,0.0,0.0
2019-01-15 12:00:00,42.48,311.15204,987.8706,4.072645,22.88906,0.0,0.0
2019-01-15 13:00:00,42.25,310.25778,988.305,5.3149347,24.546127,0.0,0.0
2019-01-15 14:00:00,42.5,308.8576,989.1326,7.239808,29.843117,0.0,0.0
2019-01-15 15:00:00,43.13,305.31842,989.52594,7.7978177,51.381355,0.0,0.0
2019-01-15 16:00:00,42.66,303.45517,989.5804,6.201085,64.70371,0.0,0.0
2019-01-15 17:00:00,41.93,302.76007,989.52576,5.224993,68.848785,0.0,0.0
2019-01-15 18:00:00,41.4,302.27005,989.6601,4.5276732,71.296486,0.0,0.0
2019-01-15 19:00:00,41.32,301.98718,989.3022,4.32379,75.32419,0.0,0.0
2019-01-15 20:00:00,41.7,301.5008,989.4648,3.8813097,78.00419,0.0,0.0
2019-01-15 21:00:00,41.8,301.11993,990.41266,3.5266433,80.16057,0.0,0.0
2019-01-15 22:00:00,41.29,301.08493,991.2536,3.5087295,80.37968,0.0,0.0
2019-01-15 23:00:00,41.9,302.21692,992.067,3.5837736,74.30052,0.0,0.0
2019-01-16 00:00:00,43.21,303.82376,992.2879,3.0179405,65.79581,0.0010579824,0.0
2019-01-16 01:00:00,42.87,305.47818,992.04706,2.117622,56.377052,0.0,0.0
2019-01-16 02:00:00,42.96,307.08875,991.6219,1.3369179,48.68283,0.0,0.0
2019-01-16 03:00:00,43.28,308.8112,990.65906,0.7323072,41.041702,0.03163889,0.0
2019-01-16 04:00:00,43.47,310.36044,989.64734,0.48598188,34.98961,0.017479062,0.0
2019-01-16 05:00:00,42.67,311.5606,988.4338,0.22375993,31.01181,0.0,0.0
2019-01-16 06:00:00,42.2,312.6501,987.44904,1.1955888,27.983656,0.0,0.0
2019-01-16 07:00:00,42.7,312.8169,986.31946,1.4557055,26.494396,0.0,0.0
2019-01-16 08:00:00,44.13,312.9121,985.9222,1.5959351,25.709671,0.0,0.0
2019-01-16 09:00:00,44.83,312.60117,985.9998,1.3212115,25.712606,0.0,0.0
2019-01-16 10:00:00,43.39,312.21228,986.42444,0.72460514,25.96083,0.0,0.14999999
2019-01-16 11:00:00,42.95,311.35822,987.03815,1.3344641,27.550861,0.005081296,0.0
2019-01-16 12:00:00,45.7,311.12988,987.91486,2.430549,28.19296,0.0,0.0
2019-01-16 13:00:00,47.68,309.13513,989.1196,5.2825527,35.156006,0.0014305115,0.0
2019-01-16 14:00:00,47.78,306.14313,990.28467,7.4646,52.40118,0.0,0.0
2019-01-16 15:00:00,48.56,304.96246,990.28406,7.065035,58.38982,0.0,0.0
2019-01-16 16:00:00,49.1,304.4051,989.91675,6.2553883,60.888435,0.0,0.0
2019-01-16 17:00:00,49.65,303.80157,989.72015,5.641159,63.605797,0.0,0.0
2019-01-16 18:00:00,49.66,303.28284,989.7886,5.0103736,65.67182,0.0,0.0
2019-01-16 19:00:00,49.05,302.58167,989.85345,4.63139,68.33859,0.0,0.0
2019-01-16 20:00:00,48.45,302.07806,989.70734,4.378994,70.59819,0.0,0.0
2019-01-16 21:00:00,48.38,301.66425,990.06665,4.0674458,72.55261,0.0,0.0
2019-01-16 22:00:00,49.2,301.57092,990.7287,3.85136,73.06309,0.0,0.0
2019-01-16 23:00:00,50.43,302.67883,991.5401,4.3124523,67.396355,0.0,0.0
2019-01-17 00:00:00,52.89,304.44705,991.71185,4.7742686,58.931984,0.057974458,0.0
2019-01-17 01:00:00,51.93,306.45068,991.56085,4.356075,50.72887,0.0,0.0
2019-01-17 02:00:00,51.82,308.20325,990.8002,3.578496,44.30134,0.01161173,0.0
2019-01-17 03:00:00,51.7,309.86737,989.8016,2.897405,38.59456,0.015832484,0.0
2019-01-17 04:00:00,51.67,311.33496,988.7807,2.269617,34.43214,0.026207417,0.0
2019-01-17 05:00:00,50.46,312.31766,987.42633,1.8560252,31.78116,0.039055943,0.0
2019-01-17 06:00:00,48.24,312.99176,986.44653,1.8104059,29.767567,0.03773719,0.0
2019-01-17 07:00:00,46.79,312.77505,985.75604,0.94090676,29.905935,0.03159046,0.0
2019-01-17 08:00:00,45.37,312.96442,985.28046,0.8774585,28.005589,0.02258271,0.0
2019-01-17 09:00:00,45.86,313.0915,985.13104,0.91594887,26.812798,0.019215047,0.0
2019-01-17 10:00:00,46.92,311.07544,985.90784,2.5304685,30.33113,0.16181171,0.0
2019-01-17 11:00:00,47.5,309.34888,987.005,2.7441928,34.241604,0.040239103,0.0
2019-01-17 12:00:00,48.29,308.81116,987.8914,5.1208115,38.818123,0.0,0.0
2019-01-17 13:00:00,48.44,307.32422,989.02435,6.503205,47.528233,0.0,0.0
2019-01-17 14:00:00,47.66,305.6705,989.82007,6.8380375,55.905487,0.0,0.0
2019-01-17 15:00:00,46.16,304.65814,989.78455,6.5050178,60.763634,0.0,0.0
2019-01-17 16:00:00,46.18,304.19055,989.7028,6.008904,63.277756,0.0,0.0
2019-01-17 17:00:00,47.15,303.75604,989.1047,5.4738836,65.754005,0.0,0.0
2019-01-17 18:00:00,48.71,303.3755,989.00287,5.2129827,68.14198,0.0,2.56
2019-01-17 19:00:00,51.06,301.75638,988.7659,4.816679,74.87549,0.0,1.14
2019-01-17 20:00:00,52.03,301.2348,988.63745,5.2016134,77.45022,0.0,0.07
2019-01-17 21:00:00,52.99,301.04712,990.1365,5.408504,78.05561,0.0,0.22999999
2019-01-17 22:00:00,53.71,301.26196,990.9387,5.4036856,77.13516,0.57694316,0.099999994
2019-01-17 23:00:00,53.45,301.73227,991.5803,4.118805,74.63348,0.9625852,0.0
2019-01-18 00:00:00,53.03,302.78864,991.1983,2.5606537,69.90283,1.945889,0.0
2019-01-18 01:00:00,52.12,304.29404,991.34424,0.27034867,63.55665,0.0,0.0
2019-01-18 02:00:00,51.98,305.4002,990.7433,1.1331973,59.345455,0.0032428652,0.0
2019-01-18 03:00:00,52.13,306.87567,989.9219,1.3262423,53.689148,0.003028661,0.0
2019-01-18 04:00:00,51.45,308.3405,989.0952,1.2030612,47.88265,0.021975487,0.0
2019-01-18 05:00:00,50.54,309.69226,988.14154,1.3444282,42.165993,0.027485192,0.0
2019-01-18 06:00:00,48.91,310.4077,987.60516,1.3854834,38.876785,0.022158027,0.0
2019-01-18 07:00:00,46.14,310.5271,987.1307,2.0943387,34.329605,0.005982816,0.0
2019-01-18 08:00:00,43.28,310.9483,986.3441,2.3140054,32.444397,0.002118948,0.0
2019-01-18 09:00:00,42.57,310.95557,986.15845,2.151534,31.619448,0.0,0.0
2019-01-18 10:00:00,44.97,310.7102,986.8786,1.1543947,31.681515,0.0,3.87
2019-01-18 11:00:00,48.28,310.30054,987.5644,1.018892,32.61725,0.0,5.0699997
2019-01-18 12:00:00,50.32,309.82703,988.63763,1.2069426,35.198406,0.0,3.98
2019-01-18 13:00:00,51.4,309.30734,989.3044,1.727309,37.097717,0.17748177,3.04
2019-01-18 14:00:00,50.69,308.12958,989.94336,3.2150064,41.73226,0.0,1.01
2019-01-18 15:00:00,50.08,306.87402,989.9252,4.6963644,46.967113,0.0,0.0
2019-01-18 16:00:00,49.44,305.2433,989.7435,5.252115,53.638206,0.0,0.0
2019-01-18 17:00:00,49.62,304.2746,989.3886,4.6302104,57.113403,0.024303794,0.0
2019-01-18 18:00:00,50.17,304.0527,989.2318,3.3864698,57.397705,0.0039190054,0.0
2019-01-18 19:00:00,49.62,305.08057,989.6736,1.8169322,49.04929,0.0,0.0
2019-01-18 20:00:00,49.81,304.3679,989.9443,2.4958947,51.746265,0.0,0.0
2019-01-18 21:00:00,49.22,303.70337,990.5092,3.2405026,55.121265,0.0,0.0
2019-01-18 22:00:00,48.01,303.46094,990.9358,3.5547113,58.080334,0.0,0.0
2019-01-18 23:00:00,48.09,304.8627,991.76013,3.7378397,54.074253,0.0,0.0
2019-01-19 00:00:00,50.35,307.11868,991.5274,2.9868176,43.681126,0.2945924,0.0
2019-01-19 01:00:00,50.25,308.85278,991.66406,1.5459137,36.2408,0.0,0.0
2019-01-19 02:00:00,50.31,310.2989,991.0979,0.92629725,32.64571,0.0,0.0
2019-01-19 03:00:00,49.55,311.6317,990.24005,0.4980128,29.582151,0.0,0.0
2019-01-19 04:00:00,48.12,312.64438,989.3572,0.44077617,27.32226,0.0,0.0
2019-01-19 05:00:00,46.27,313.75208,988.3963,0.32507676,25.161808,0.0,0.0
2019-01-19 06:00:00,44.56,314.35794,987.6778,0.96492654,23.762392,0.0,0.0
2019-01-19 07:00:00,45.88,314.6452,986.4819,1.9977845,22.345127,0.0,0.0
2019-01-19 08:00:00,48.08,314.71204,985.8603,2.2638662,21.773382,0.0,0.22999999
2019-01-19 09:00:00,50.37,313.69476,986.3083,1.4905614,22.973755,0.107657164,1.42
2019-01-19 10:00:00,51.2,312.28546,987.35205,4.322925,26.901907,0.060230494,0.37
2019-01-19 11:00:00,50.86,309.5133,988.9338,6.203186,36.95859,0.022828579,0.04
2019-01-19 12:00:00,51.15,307.85754,990.16,5.0576363,44.141914,0.0,0.25
2019-01-19 13:00:00,50.47,307.3334,991.4126,2.359068,45.889683,0.0011920929,0.0
2019-01-19 14:00:00,50.32,306.88757,991.79987,3.2246435,47.2371,0.016734004,0.0
2019-01-19 15:00:00,51.76,306.2812,991.4977,3.887583,49.75137,0.0,0.0
2019-01-19 16:00:00,53.66,305.65375,990.8133,3.7440655,52.83414,0.0,0.0
2019-01-19 17:00:00,53.82,304.90622,990.2237,3.9852204,56.61425,0.0,0.0
2019-01-19 18:00:00,52.56,304.32465,989.92975,3.7912018,60.506523,0.0,0.0
2019-01-19 19:00:00,51.67,303.23157,990.36237,3.2611794,62.82779,0.0,0.0
2019-01-19 20:00:00,50.65,302.94785,990.2342,2.86813,63.98288,0.0,0.0
2019-01-19 21:00:00,49.93,302.69318,990.69385,2.3743997,64.929794,0.0,0.0
2019-01-19 22:00:00,50.08,302.82843,991.4981,1.921169,64.21103,0.0,0.0
2019-01-19 23:00:00,49.36,304.1457,992.0584,1.7516701,58.395683,0.0,0.0
2019-01-20 00:00:00,47.36,306.0567,992.1185,1.1036503,50.83244,0.20994544,0.0
2019-01-20 01:00:00,47.48,308.22742,991.91187,0.72228134,42.83399,0.0,0.0
2019-01-20 02:00:00,48.15,310.6504,990.97516,1.175697,34.507046,0.0,0.0
2019-01-20 03:00:00,48.73,312.734,989.8795,1.731152,28.278477,0.0,0.0
2019-01-20 04:00:00,48.81,314.09467,988.8368,1.4973308,24.824934,0.0,0.0
2019-01-20 05:00:00,48.99,315.21667,987.7622,1.3942817,22.72171,0.0,0.0
2019-01-20 06:00:00,48.98,315.64673,986.7864,1.5026568,21.596308,0.0,0.0
2019-01-20 07:00:00,47.84,312.93982,987.5678,4.646461,27.261621,0.8258149,0.0
2019-01-20 08:00:00,46.12,310.88187,987.6078,4.9152613,33.500076,1.5753284,0.0
2019-01-20 09:00:00,45.97,310.769,987.3995,3.9906788,32.555996,0.0,0.0
2019-01-20 10:00:00,47.5,310.20142,987.6883,4.4214325,34.43303,0.0,0.0
2019-01-20 11:00:00,48.6,308.9181,987.86194,4.299789,39.64745,0.0,0.0
2019-01-20 12:00:00,49.63,308.01105,988.8158,3.5590231,43.54001,0.0,0.0
2019-01-20 13:00:00,51.58,307.0284,989.08185,3.3352497,47.88748,0.0,2.57
2019-01-20 14:00:00,53.48,306.28842,989.8172,3.4276633,51.491684,0.0,3.36
2019-01-20 15:00:00,54.0,305.61426,989.4136,3.013857,54.968864,0.0,2.35
2019-01-20 16:00:00,53.41,305.0849,989.3198,2.1515415,58.671497,0.0,0.0
2019-01-20 17:00:00,52.53,304.6236,988.46466,2.2833905,61.117733,0.0,0.90999997
2019-01-20 18:00:00,51.0,304.33508,987.9603,3.4113138,61.053688,0.0,0.0
2019-01-20 19:00:00,47.41,303.30896,987.83966,5.565742,64.9424,0.0,0.0
2019-01-20 20:00:00,45.29,302.6618,987.9239,5.6209393,71.277664,0.0,0.0
2019-01-20 21:00:00,43.5,302.1484,988.4866,5.0025625,77.39142,0.0,0.0
2019-01-20 22:00:00,43.53,302.11835,989.08984,4.703662,80.47037,0.0,0.0
2019-01-20 23:00:00,44.02,303.39294,990.1475,5.4351335,75.738266,0.0,0.0
2019-01-21 00:00:00,42.8,305.378,990.15735,5.548318,66.399315,2.4034114,0.0
2019-01-21 01:00:00,43.75,307.64462,989.87537,5.4655538,55.293995,0.0,0.0
2019-01-21 02:00:00,43.97,309.7881,989.4366,5.168228,45.941734,0.0,0.0
2019-01-21 03:00:00,44.8,311.55695,988.64764,4.7891397,39.075436,0.0,0.0
2019-01-21 04:00:00,46.33,312.9392,987.60266,4.28577,34.01588,0.0014156103,0.0
2019-01-21 05:00:00,47.1,313.35083,986.6616,2.8840754,31.491926,0.13537705,0.0
2019-01-21 06:00:00,47.09,312.90405,985.9815,2.795859,31.879961,0.08289516,0.0
2019-01-21 07:00:00,45.73,312.51068,985.6878,3.1575289,33.350372,0.088617206,0.0
2019-01-21 08:00:00,45.15,310.80072,985.2639,2.345307,37.80763,0.71926415,0.0
2019-01-21 09:00:00,45.66,308.6507,986.0291,6.0543566,45.848038,0.14276803,0.47
2019-01-21 10:00:00,48.62,306.77133,986.82764,4.8161845,52.233147,0.10994077,8.0
2019-01-21 11:00:00,51.4,306.2691,988.068,3.973688,54.366325,0.20745397,21.419998
2019-01-21 12:00:00,51.82,304.65646,989.35126,6.354559,62.22386,0.23773313,2.49
2019-01-21 13:00:00,53.58,303.78574,989.6485,6.420265,66.82793,0.0,0.2
2019-01-21 14:00:00,56.86,303.38458,989.8072,5.669924,68.90079,0.0,0.84999996
2019-01-21 15:00:00,58.27,302.98535,989.0803,4.6419315,70.921005,0.0,1.0799999
2019-01-21 16:00:00,57.85,302.69788,988.4203,4.106598,72.312256,0.0,0.089999996
2019-01-21 17:00:00,57.14,302.53613,987.8778,3.0450478,73.09216,0.0,0.0
2019-01-21 18:00:00,57.52,302.41486,987.9364,2.0114136,73.9601,0.0,0.24
2019-01-21 19:00:00,55.82,302.37726,988.3674,2.4371305,72.18075,0.0,0.22999999
2019-01-21 20:00:00,53.82,302.182,988.53467,1.498811,73.80211,0.0,0.55
2019-01-21 21:00:00,49.78,301.88263,988.7888,0.56116295,77.435555,0.0,1.28
2019-01-21 22:00:00,46.82,302.0838,989.57513,0.8590574,74.48233,0.0,0.0
2019-01-21 23:00:00,46.16,303.35583,989.9461,0.5883048,64.111046,0.0,0.0
2019-01-22 00:00:00,49.22,304.86877,990.1323,0.73983175,55.425007,1.7271698,0.0
2019-01-22 01:00:00,50.38,306.60095,989.86334,1.7044636,49.64892,0.0,0.0
2019-01-22 02:00:00,52.2,308.226,989.65466,2.4538486,44.749622,0.0,0.0
2019-01-22 03:00:00,53.81,309.6238,988.8775,2.8433726,40.31639,0.0,0.0
2019-01-22 04:00:00,54.48,310.89832,988.0156,2.9175682,37.57292,0.0031255186,0.0
2019-01-22 05:00:00,53.88,311.67517,986.9508,3.2473545,35.31064,0.010091811,0.0
2019-01-22 06:00:00,53.34,310.83682,986.3347,4.725289,36.132954,0.6113425,0.0
2019-01-22 07:00:00,53.56,311.54037,986.1639,5.4505663,33.14005,0.0,0.31
2019-01-22 08:00:00,54.21,310.3515,985.815,4.7654247,34.750942,0.081166625,2.51
2019-01-22 09:00:00,53.7,309.80035,985.9363,4.1297793,37.64166,0.023424625,2.37
2019-01-22 10:00:00,53.95,308.10245,986.7933,4.7529683,43.460827,0.1270771,0.0
2019-01-22 11:00:00,54.16,307.60938,987.5598,3.0337167,45.54117,0.003427267,0.0
2019-01-22 12:00:00,53.98,306.83124,988.676,2.1093757,48.480396,0.038191676,0.0
2019-01-22 13:00:00,53.55,306.43225,989.3093,1.7596155,49.919327,0.0,0.0
2019-01-22 14:00:00,53.84,305.36005,989.8678,2.3678932,54.073067,0.3746748,0.0
2019-01-22 15:00:00,53.9,305.11414,989.85205,2.9255626,55.98544,0.0,0.0
2019-01-22 16:00:00,54.93,304.72314,989.27155,3.296429,58.939247,0.0,0.0
2019-01-22 17:00:00,55.07,304.2686,988.5273,2.9449062,62.327152,0.0,0.0
2019-01-22 18:00:00,55.69,303.84088,987.92847,2.3200557,65.38079,0.0,0.0
2019-01-22 19:00:00,55.99,303.0319,987.553,1.7754158,68.24111,0.0,0.0
2019-01-22 20:00:00,56.29,302.45825,988.3024,1.7993215,72.25959,0.0,0.0
2019-01-22 21:00:00,55.82,302.09488,988.6344,1.8901707,74.88115,0.0,0.0
2019-01-22 22:00:00,53.94,302.10724,988.9832,1.5678108,75.05298,0.0,0.0
2019-01-22 23:00:00,52.41,303.302,989.43677,1.3646057,68.701225,0.0,0.0
2019-01-23 00:00:00,52.55,304.75354,989.8217,1.6480196,61.740295,1.2733936,0.0
2019-01-23 01:00:00,52.45,306.42682,989.92096,2.2389867,55.40553,0.0,0.0
2019-01-23 02:00:00,53.39,308.05182,989.454,3.1517513,49.161907,0.019099563,0.0
2019-01-23 03:00:00,54.38,309.46277,988.27374,4.9437327,41.939705,0.031340867,0.13
2019-01-23 04:00:00,54.48,310.77853,987.0606,5.9808445,37.511963,0.005003065,0.0
2019-01-23 05:00:00,53.75,312.1272,985.87775,6.4343653,33.63414,0.0,0.0
2019-01-23 06:00:00,52.71,312.29272,984.8168,6.7417593,32.60193,0.0,0.0
2019-01-23 07:00:00,53.24,313.299,983.3189,7.0696096,29.173655,0.0,0.0
2019-01-23 08:00:00,54.01,309.47418,984.1537,9.504955,37.371426,0.5038157,0.0
2019-01-23 09:00:00,54.32,305.82388,985.5681,8.386316,52.456284,0.24336128,0.0
2019-01-23 10:00:00,54.59,304.52472,986.1961,6.281389,59.782265,0.23324794,0.0
2019-01-23 11:00:00,56.76,304.26535,986.98376,5.633795,62.51871,0.07353723,0.0
2019-01-23 12:00:00,58.46,304.1453,987.2168,6.0869026,63.250923,0.014349818,0.0
2019-01-23 13:00:00,58.61,303.44885,987.4906,6.967095,64.57268,0.0,0.0
2019-01-23 14:00:00,58.68,302.73944,987.9935,6.4504805,67.17584,0.0,0.0
2019-01-23 15:00:00,58.03,302.21072,988.08545,5.8260403,69.24399,0.0,0.0
2019-01-23 16:00:00,58.53,301.7395,988.02185,5.7391844,71.12747,0.22828579,0.0
2019-01-23 17:00:00,58.73,301.34164,987.36127,5.7344074,72.93449,0.0,0.0
2019-01-23 18:00:00,59.06,300.9828,986.8244,5.853055,74.25355,0.0,0.01
2019-01-23 19:00:00,59.12,300.81686,986.6836,5.123839,75.37155,0.0,0.0
2019-01-23 20:00:00,58.66,300.45633,986.57666,4.6535816,76.81634,0.0,0.0
2019-01-23 21:00:00,58.62,300.2351,986.7212,4.5589447,77.71636,0.0,0.0
2019-01-23 22:00:00,59.24,300.22748,987.1705,4.7630687,77.628235,0.0,0.0
2019-01-23 23:00:00,59.71,301.3675,987.7763,5.453441,72.178986,0.0,0.0
2019-01-24 00:00:00,58.25,303.029,988.002,5.1874886,65.23815,1.3601303,0.0
2019-01-24 01:00:00,57.77,304.8628,987.92804,5.249595,58.25387,0.0,0.0
2019-01-24 02:00:00,57.26,307.18457,987.59094,5.7409515,49.65792,0.0,0.0
2019-01-24 03:00:00,56.89,308.7093,986.9662,5.568059,45.190796,0.0,0.0
2019-01-24 04:00:00,56.21,310.02496,985.94385,5.8278346,41.647617,0.0,0.0
2019-01-24 05:00:00,55.93,310.85648,985.02295,6.395626,39.405354,0.0,0.0
2019-01-24 06:00:00,56.15,311.14252,984.21405,6.3747363,38.962402,0.0,0.0
2019-01-24 07:00:00,56.99,310.9568,983.2481,8.250689,37.0391,0.0068359077,0.0
2019-01-24 08:00:00,57.88,310.40054,983.32776,8.549047,37.248154,0.0061653554,0.07
2019-01-24 09:00:00,57.73,308.8366,983.64343,8.3047695,39.96387,0.17841086,0.16999999
2019-01-24 10:00:00,56.96,307.71838,984.6269,7.3049426,44.396194,0.0,0.0
2019-01-24 11:00:00,55.28,306.65012,985.438,6.167875,48.82169,0.0,0.0
2019-01-24 12:00:00,54.27,305.688,986.3055,5.7365675,52.940403,0.0,0.0
2019-01-24 13:00:00,54.45,304.66818,987.0491,5.5194163,57.20326,0.0,0.0
2019-01-24 14:00:00,55.17,303.72122,987.89844,5.5292335,60.941334,0.0,0.0
2019-01-24 15:00:00,55.7,302.88123,987.8809,5.4313717,64.08713,0.0,0.0
2019-01-24 16:00:00,55.03,302.17743,987.4934,5.0641246,66.722046,0.0017095444,0.0
2019-01-24 17:00:00,53.48,301.5934,987.0103,5.0331993,69.17514,0.0,0.0
2019-01-24 18:00:00,51.24,301.11047,986.77625,4.966066,71.48377,0.0,0.0
2019-01-24 19:00:00,49.68,301.213,986.5042,4.403321,71.58646,0.0,0.0
2019-01-24 20:00:00,48.16,300.83234,986.5971,4.435506,73.327324,0.0,0.0
2019-01-24 21:00:00,47.66,300.48535,987.0999,4.6152673,74.91596,0.0,0.0
2019-01-24 22:00:00,48.16,300.4996,988.0912,5.1306124,74.850174,0.0,0.0
2019-01-24 23:00:00,49.16,301.78778,988.5527,6.489638,68.43241,0.0,0.0
2019-01-25 00:00:00,51.51,303.68985,988.83264,6.4276757,59.679382,0.1987974,0.0
2019-01-25 01:00:00,52.24,305.14746,988.8232,6.241285,53.95762,0.0,0.0
2019-01-25 02:00:00,53.14,305.58118,988.5941,5.955812,52.772057,0.032108277,0.0
2019-01-25 03:00:00,54.2,307.06647,987.9978,5.6234236,48.414406,0.0040289015,0.0
2019-01-25 04:00:00,54.9,308.2077,987.15125,4.9122863,45.202423,0.046577305,0.0
2019-01-25 05:00:00,55.29,309.07318,986.3361,4.8883824,41.63072,0.056892633,0.0
2019-01-25 06:00:00,54.72,308.45654,985.83936,5.4690714,43.974037,0.70129704,0.0
2019-01-25 07:00:00,53.12,310.18622,984.805,6.6815434,41.87611,0.018823136,0.0
2019-01-25 08:00:00,52.17,308.1911,985.21716,7.2531643,45.399105,0.3041961,0.0
2019-01-25 09:00:00,52.38,307.18024,986.0408,7.621313,48.918922,0.0,0.0
2019-01-25 10:00:00,53.32,305.8133,987.4071,7.4775662,53.379486,0.0,0.0
2019-01-25 11:00:00,53.79,304.2418,988.3525,7.062076,58.7654,0.0,0.0
2019-01-25 12:00:00,54.27,303.1246,989.08545,6.3316903,62.665154,0.0,0.0
2019-01-25 13:00:00,54.56,302.35565,989.5836,5.657787,65.46042,0.0,0.0
2019-01-25 14:00:00,54.39,301.66333,989.7869,5.19882,67.959854,0.0,0.0
2019-01-25 15:00:00,52.57,301.24203,989.8909,4.6185822,68.9811,0.0,0.0
2019-01-25 16:00:00,51.37,300.92395,989.5662,3.2731822,69.92416,0.0,0.0
2019-01-25 17:00:00,50.73,300.67218,989.3831,2.263669,70.82273,0.0,0.0
2019-01-25 18:00:00,49.72,300.41556,989.0023,2.006329,72.2087,0.0,0.0
2019-01-25 19:00:00,50.02,300.61063,989.36346,1.9043646,68.58116,0.0,0.0
2019-01-25 20:00:00,50.28,300.2398,989.233,1.3175955,72.36391,0.0,0.0
2019-01-25 21:00:00,50.56,299.9182,989.5623,1.1377856,75.87008,0.0,0.0
2019-01-25 22:00:00,50.05,300.22064,990.20984,1.2419763,71.86378,0.0,0.0
2019-01-25 23:00:00,50.14,301.60095,990.72046,1.5585945,63.34214,0.0,0.0
2019-01-26 00:00:00,52.55,303.15784,991.15564,1.7750735,57.53745,1.185045,0.0
2019-01-26 01:00:00,52.75,304.9094,990.6984,1.8378822,50.887478,0.0,0.0
2019-01-26 02:00:00,53.22,306.5725,990.305,1.8237443,45.056324,0.0,0.0
2019-01-26 03:00:00,53.08,308.20386,989.72144,2.2094915,40.03973,0.0,0.0
2019-01-26 04:00:00,52.9,309.7157,988.98694,3.0187988,36.12688,0.0,0.0
2019-01-26 05:00:00,52.74,310.88782,987.86,4.013105,33.766373,0.0,0.0
2019-01-26 06:00:00,52.41,311.08008,986.9236,4.3828616,33.545296,0.0,0.03
2019-01-26 07:00:00,51.22,309.22272,986.8695,3.4987988,40.58362,0.0,0.0
2019-01-26 08:00:00,49.48,309.16272,986.27985,3.3639395,39.525528,0.0025868416,0.0
2019-01-26 09:00:00,49.18,308.9964,986.27924,4.1949286,38.85885,0.0,0.0
2019-01-26 10:00:00,49.76,308.06598,986.7497,5.2323112,41.11862,0.001385808,0.0
2019-01-26 11:00:00,51.04,306.59674,987.9481,6.168666,46.59811,0.030785799,0.0
2019-01-26 12:00:00,51.61,305.3329,988.9469,6.852612,53.22784,0.0,0.0
2019-01-26 13:00:00,52.85,304.19345,989.4967,7.215607,59.806282,0.0,0.0
2019-01-26 14:00:00,53.85,303.30865,989.8592,7.023027,64.89891,0.0,0.0
2019-01-26 15:00:00,55.34,302.4903,990.1482,6.4462075,69.049095,0.0,0.0
2019-01-26 16:00:00,56.54,301.77032,989.7522,6.0387187,72.22425,0.0,0.0
2019-01-26 17:00:00,57.06,301.21887,989.40436,5.659525,74.31629,0.0,0.0
2019-01-26 18:00:00,57.05,300.78827,988.97876,5.101013,76.03224,0.0,0.0
2019-01-26 19:00:00,57.35,300.84235,988.6116,5.0502763,76.38443,0.0,0.0
2019-01-26 20:00:00,57.37,300.47357,989.09424,4.875482,78.00414,0.0,0.0
2019-01-26 21:00:00,57.31,300.23038,989.78845,4.402933,79.35664,0.0,0.0
2019-01-26 22:00:00,58.51,300.20734,990.71204,4.080171,79.73028,0.0,0.0
2019-01-26 23:00:00,59.16,301.11316,991.1933,4.691221,74.94516,0.0,0.0
2019-01-27 00:00:00,59.5,302.83148,991.35034,5.4676633,65.293945,0.036513805,0.0
2019-01-27 01:00:00,59.49,304.50684,991.35565,5.943894,56.47637,0.0,0.0
2019-01-27 02:00:00,59.53,306.41052,990.8258,5.8853874,48.355873,0.0,0.0
2019-01-27 03:00:00,60.26,308.12103,990.22015,5.742383,42.845047,0.0,0.0
2019-01-27 04:00:00,60.31,309.32483,989.5039,5.970606,39.92828,0.0,0.0
2019-01-27 05:00:00,60.13,309.96344,988.5581,6.1657352,38.546066,0.003941357,0.0
2019-01-27 06:00:00,59.52,310.46826,987.66705,5.939926,37.380146,0.0,0.0
2019-01-27 07:00:00,58.06,310.3109,986.6711,4.380146,40.49137,0.005148351,0.0
2019-01-27 08:00:00,56.37,310.06268,986.6892,4.7722626,41.126762,0.03348291,0.0
2019-01-27 09:00:00,55.08,308.41302,986.484,4.6688557,46.22964,0.38080662,0.0
2019-01-27 10:00:00,54.79,307.97458,987.3828,5.3574185,47.03564,0.0,0.0
2019-01-27 11:00:00,55.43,305.52606,988.77435,4.6421223,54.674553,0.27944893,0.0
2019-01-27 12:00:00,56.7,304.24567,990.03687,2.222219,60.37001,0.92644244,0.0
2019-01-27 13:00:00,57.66,303.52734,989.998,3.7982626,64.10804,0.1861006,0.0
2019-01-27 14:00:00,58.86,303.39783,990.4418,4.223529,65.567085,0.0,0.0
2019-01-27 15:00:00,59.55,303.24838,990.438,5.3461404,66.22523,0.0,0.03
2019-01-27 16:00:00,58.84,302.61847,989.7302,6.6564097,69.09382,0.0,0.0
2019-01-27 17:00:00,57.72,301.89136,989.5598,7.1152377,73.06213,0.0,0.0
2019-01-27 18:00:00,56.85,301.31512,989.34064,7.197907,76.61211,0.001758337,0.0
2019-01-27 19:00:00,57.58,301.0804,989.2056,6.7285705,76.03733,0.18721819,0.31
2019-01-27 20:00:00,57.7,300.5863,988.81586,5.9255157,78.682304,0.04002452,0.46999997
2019-01-27 21:00:00,58.73,300.21796,989.6172,4.6846275,80.5274,0.0,0.07
2019-01-27 22:00:00,59.63,300.09387,990.21576,4.241689,80.67533,0.0,0.089999996
2019-01-27 23:00:00,60.43,300.89508,990.81177,5.0419536,75.94644,0.0,0.99999994
2019-01-28 00:00:00,58.34,302.39392,990.4342,5.51065,68.41116,2.0471096,2.9899998
2019-01-28 01:00:00,57.69,304.11346,990.3322,5.375222,60.31599,0.0,3.81
2019-01-28 02:00:00,55.97,305.7663,989.818,5.4034147,53.201115,0.0,4.49
2019-01-28 03:00:00,54.67,307.30206,989.3222,5.5120173,47.337757,0.0,0.12
2019-01-28 04:00:00,53.56,308.5088,988.6772,5.5797935,43.569115,0.0034570694,0.07
2019-01-28 05:00:00,52.69,309.61624,987.8817,5.5908127,40.846043,0.012077391,0.0
2019-01-28 06:00:00,53.0,310.42297,987.4959,5.6204767,39.11584,0.008173287,0.0
2019-01-28 07:00:00,52.7,305.684,988.80505,3.7636263,48.367977,0.0,0.0
2019-01-28 08:00:00,52.1,305.75113,988.82587,3.6967359,46.915054,0.0,0.0
2019-01-28 09:00:00,51.95,305.49432,988.95825,3.893722,46.954144,0.0,0.0
2019-01-28 10:00:00,51.55,304.90646,989.2017,3.9606137,48.416092,0.0,0.0
2019-01-28 11:00:00,50.84,303.9937,989.99506,3.4385128,52.02681,0.0,0.0
2019-01-28 12:00:00,50.6,303.23438,990.8748,3.1496277,55.608547,0.0016987324,0.0
2019-01-28 13:00:00,50.2,302.71576,990.997,2.5886528,57.781364,0.026854873,0.0
2019-01-28 14:00:00,50.63,302.38745,991.3756,2.4960752,59.887695,0.0,0.0
2019-01-28 15:00:00,51.09,301.99847,991.1864,2.7365377,63.042076,0.019684438,0.0
2019-01-28 16:00:00,51.3,301.61182,990.9231,3.1706176,67.59476,0.04377961,0.0
2019-01-28 17:00:00,52.15,301.30945,990.21265,3.3287315,72.57101,0.017151237,0.0
2019-01-28 18:00:00,53.03,301.15552,989.98474,3.3165202,75.68933,0.20492075,0.0
2019-01-28 19:00:00,53.51,301.4662,989.7586,4.6330028,76.413414,0.0,0.0
2019-01-28 20:00:00,54.39,301.16754,989.7553,4.702527,78.187065,0.0,0.0
2019-01-28 21:00:00,55.25,300.80737,990.35,4.5569057,79.97932,0.0,0.0
2019-01-28 22:00:00,55.7,300.82187,990.84155,4.4846044,80.56209,0.0,0.0
2019-01-28 23:00:00,55.7,301.97577,991.6983,6.3113055,74.89439,0.0053712283,0.0
2019-01-29 00:00:00,55.51,303.3494,991.702,5.619241,68.86593,0.41976678,0.0
2019-01-29 01:00:00,55.2,304.34723,991.5103,5.4450254,63.698967,0.0,0.0
2019-01-29 02:00:00,55.04,305.96344,990.80634,5.4051027,57.441704,0.039506704,0.0
2019-01-29 03:00:00,55.44,307.39496,989.9978,5.612954,52.12922,0.026945025,0.0
2019-01-29 04:00:00,55.22,308.08118,988.9988,5.4937224,49.33444,0.020608306,0.0
2019-01-29 05:00:00,54.86,308.92026,988.2958,5.5383825,46.019142,0.0051259995,0.0
2019-01-29 06:00:00,53.98,309.2968,987.64233,5.1541095,44.231464,0.07092953,0.0
2019-01-29 07:00:00,53.79,311.92725,986.4487,5.1963344,33.75088,0.0039488077,0.76
2019-01-29 08:00:00,54.52,311.66425,985.96216,5.749995,34.332314,0.043332577,0.42
2019-01-29 09:00:00,55.26,310.76147,985.9481,4.6091185,36.074886,0.012922276,0.45
2019-01-29 10:00:00,55.07,307.6917,987.2961,3.9114652,44.661896,1.9618154,1.92
2019-01-29 11:00:00,54.35,303.24023,989.52576,1.0746835,64.37027,2.6816278,0.8299999
2019-01-29 12:00:00,54.42,302.41708,990.5542,0.8180419,69.8796,0.94640255,0.0
2019-01-29 13:00:00,55.35,303.0428,990.4957,1.707255,67.75895,0.0,0.0
2019-01-29 14:00:00,56.01,302.73242,991.335,2.7358007,70.45209,0.54454803,0.0
2019-01-29 15:00:00,56.71,301.50003,991.4864,4.7834063,75.68147,0.15209615,0.0
2019-01-29 16:00:00,57.4,300.78833,990.7559,4.234597,78.54369,0.28835237,0.0
2019-01-29 17:00:00,58.57,300.8144,990.3162,3.7386224,79.70038,1.2433375,0.0
2019-01-29 18:00:00,59.17,300.93127,989.88446,4.5931525,81.80816,0.46022236,0.0
2019-01-29 19:00:00,58.97,301.37625,989.60956,6.1355586,79.02678,0.10034442,0.0
2019-01-29 20:00:00,59.17,300.95685,990.3195,5.822169,80.44163,0.057712197,0.0
2019-01-29 21:00:00,58.47,300.56622,990.9363,5.7901044,81.237686,0.06043911,0.0
2019-01-29 22:00:00,57.8,300.33142,991.4475,5.7818594,80.77713,0.04555285,0.0
2019-01-29 23:00:00,57.29,300.9393,991.92236,5.72297,76.33416,0.008255243,0.0
2019-01-30 00:00:00,55.07,302.50287,991.9258,5.608012,69.062225,8.871367,0.0
2019-01-30 01:00:00,54.35,304.40903,991.392,5.6600738,61.6695,0.0,0.0
2019-01-30 02:00:00,53.74,305.80975,991.1356,5.376933,57.205685,0.052519143,0.0
2019-01-30 03:00:00,53.74,307.05862,989.943,5.0127497,52.63137,0.05128607,0.0
2019-01-30 04:00:00,54.05,308.3771,988.98987,4.6584764,47.973488,0.02226606,0.0
2019-01-30 05:00:00,53.81,309.56708,987.9497,4.2499957,44.153957,0.01752004,0.0
2019-01-30 06:00:00,52.99,309.66412,987.5175,3.4906719,42.261555,0.042345375,0.0
2019-01-30 07:00:00,52.1,310.80634,986.6114,2.4791775,36.06509,0.011250377,0.0
2019-01-30 08:00:00,51.43,310.3684,986.20544,3.5562608,35.876663,0.021383166,0.0
2019-01-30 09:00:00,51.45,305.53918,987.7417,7.4861755,53.858982,1.8996,0.0
2019-01-30 10:00:00,51.92,304.3452,987.925,4.2953815,59.608227,0.0,0.0
2019-01-30 11:00:00,52.34,304.08725,988.42126,3.0333884,62.471508,0.0,4.2799997
2019-01-30 12:00:00,52.27,303.75378,989.1464,2.5327852,65.660355,0.0,0.0
2019-01-30 13:00:00,51.52,303.47388,989.73096,2.1410942,69.15206,0.0,0.049999997
2019-01-30 14:00:00,49.69,303.16034,990.1831,1.8667115,72.61034,0.0,0.0
2019-01-30 15:00:00,48.27,302.90826,990.10956,1.7709061,74.8243,0.0,0.07
2019-01-30 16:00:00,48.88,302.72125,989.66516,2.7021992,73.88789,0.0,0.0
2019-01-30 17:00:00,49.65,302.55856,989.2656,4.091526,72.74313,0.0,0.27999997
2019-01-30 18:00:00,51.07,302.27222,988.73737,4.962955,72.41152,0.0,2.38
2019-01-30 19:00:00,49.78,301.69482,988.5109,4.9629726,75.50217,0.0,3.8799999
2019-01-30 20:00:00,47.28,300.99298,988.6414,5.629081,77.45924,0.0,2.9299998
2019-01-30 21:00:00,46.21,300.4085,989.3722,5.3739953,79.68844,0.0,0.87
2019-01-30 22:00:00,48.28,300.18954,990.04333,5.1352463,80.30943,0.0,0.19
2019-01-30 23:00:00,49.81,301.1366,990.606,5.8244843,75.66679,0.0,0.0
2019-01-31 00:00:00,52.62,302.74347,990.7824,6.213803,68.97741,2.1181703,0.0
2019-01-31 01:00:00,52.11,304.31244,990.557,6.531587,63.067585,0.0,0.0
2019-01-31 02:00:00,51.78,306.19943,990.08484,6.8086886,56.62663,0.0,0.0
2019-01-31 03:00:00,51.18,307.8381,989.15375,6.6162004,51.137955,0.0,0.0
2019-01-31 04:00:00,50.75,309.56497,988.42847,6.173418,45.0553,0.0017285347,0.0
2019-01-31 05:00:00,50.08,309.24908,987.3847,5.845315,45.248177,0.114396214,0.0
2019-01-31 06:00:00,49.5,309.95203,986.5422,6.063654,42.81838,0.03154576,0.0
2019-01-31 07:00:00,48.59,310.74817,986.0598,4.6637483,38.06251,0.028073788,0.0
2019-01-31 08:00:00,47.76,310.53436,985.53265,4.2976065,37.849586,0.019416213,0.0
2019-01-31 09:00:00,47.36,310.32565,985.46124,3.9393826,38.153946,0.025987625,0.0
2019-01-31 10:00:00,47.44,309.47397,986.44354,5.631864,40.95836,0.0,0.0
2019-01-31 11:00:00,47.29,307.01163,988.0295,6.9522204,50.146187,0.0,0.0
2019-01-31 12:00:00,47.29,304.2965,989.7383,3.8377657,61.31275,0.5879849,0.0
2019-01-31 13:00:00,48.76,304.26825,989.7986,3.8040185,61.76712,0.0,0.0
2019-01-31 14:00:00,51.21,303.8176,989.65576,5.3423076,64.41057,0.0,0.0
2019-01-31 15:00:00,53.78,303.0744,989.35266,5.8928647,68.51075,0.0,0.0
2019-01-31 16:00:00,55.18,302.50674,988.91547,5.5025473,71.757286,0.0,0.0
2019-01-31 17:00:00,55.28,302.02307,988.2818,5.02154,74.496254,0.0,1.73
2019-01-31 18:00:00,54.1,301.60217,987.8117,5.230481,76.93455,0.0,1.34
2019-01-31 19:00:00,51.38,300.39987,988.345,5.1773877,83.512375,0.0,0.81999993
2019-01-31 20:00:00,49.39,300.20242,988.40155,5.2708745,83.86557,0.0,0.0
2019-01-31 21:00:00,47.71,300.07242,988.19275,5.355989,83.84635,0.0,0.0
2019-01-31 22:00:00,46.1,300.14972,989.0111,4.2716875,82.67189,0.0,0.0
2019-01-31 23:00:00,44.43,300.92578,990.2861,3.804329,77.6803,0.0,0.0
2019-02-01 00:00:00,43.23,302.45447,990.88306,4.4040885,69.98412,0.80913305,0.0
2019-02-01 01:00:00,42.66,304.10974,990.6395,5.1439524,62.576836,0.0,0.0
2019-02-01 02:00:00,42.73,306.0423,989.96936,5.564098,55.939953,0.0,0.0
2019-02-01 03:00:00,43.52,308.1637,988.91705,5.7379622,49.300724,0.0,0.0
2019-02-01 04:00:00,44.53,310.00146,988.10596,5.6112924,43.406437,0.005558133,0.0
2019-02-01 05:00:00,44.68,311.30725,986.93835,5.2991996,38.970184,0.0,0.0
2019-02-01 06:00:00,43.19,312.38824,986.02155,5.1060166,34.635757,0.0,0.0
2019-02-01 07:00:00,41.52,312.33954,985.675,3.9357436,32.21925,0.007890165,0.0
2019-02-01 08:00:00,39.54,312.43918,985.1353,4.004112,31.24766,0.0,0.0
2019-02-01 09:00:00,39.97,312.25128,985.39935,3.8676286,31.013409,0.0,0.0
2019-02-01 10:00:00,42.11,311.71515,986.1705,4.1593275,31.649855,0.012069941,0.0
2019-02-01 11:00:00,44.64,306.2375,988.58124,5.7267375,50.283485,1.1156052,0.0
2019-02-01 12:00:00,47.85,303.68536,989.8803,6.227037,64.13104,0.7465333,0.0
2019-02-01 13:00:00,49.74,304.11438,989.4306,6.5408206,64.76215,0.0,0.0
2019-02-01 14:00:00,50.85,303.9069,989.1331,6.3079867,67.43229,0.0,0.0
2019-02-01 15:00:00,50.68,303.4714,988.70013,5.941158,70.23824,0.0,0.0
2019-02-01 16:00:00,49.53,302.84277,988.15533,6.694438,72.54439,0.0,0.0
2019-02-01 17:00:00,48.43,302.16638,987.9311,6.1527386,75.128716,0.0,0.0
2019-02-01 18:00:00,48.23,301.54102,987.8425,6.151439,77.47011,0.0017164275,0.0
2019-02-01 19:00:00,48.18,300.72867,987.2674,5.903035,80.3819,0.0,0.0
2019-02-01 20:00:00,47.45,300.42633,988.0692,5.382255,81.196754,0.0,0.0
2019-02-01 21:00:00,46.73,300.16382,988.4964,5.4332094,81.51846,0.0,0.0
2019-02-01 22:00:00,46.56,300.09564,989.1381,5.6977887,80.79966,0.0,0.0
2019-02-01 23:00:00,46.67,301.22076,989.483,7.416656,74.232346,0.0,0.0
2019-02-02 00:00:00,46.0,303.4198,989.4998,7.3911667,63.888176,1.891607,0.0
2019-02-02 01:00:00,44.73,304.9703,989.27515,6.8346,58.61826,0.0,0.0
2019-02-02 02:00:00,43.17,306.78003,988.8114,6.733629,52.259106,0.0,0.0
2019-02-02 03:00:00,41.81,308.98932,987.8039,6.6615543,44.98062,0.0,0.0
2019-02-02 04:00:00,41.93,310.84784,986.9883,6.4351096,39.059372,0.0,0.0
2019-02-02 05:00:00,41.76,312.35382,985.84686,6.204231,34.24436,0.0,0.0
2019-02-02 06:00:00,41.61,313.48254,984.91907,6.2067003,30.532173,0.012345612,0.0
2019-02-02 07:00:00,41.99,313.8285,984.4348,6.0454354,29.479319,0.0,0.0
2019-02-02 08:00:00,42.23,314.0368,983.71265,5.637344,27.26812,0.0,0.0
2019-02-02 09:00:00,42.12,313.37952,983.66205,5.9987073,27.29818,0.0,0.0
2019-02-02 10:00:00,41.85,311.98663,984.53094,5.5423346,27.155176,0.17654896,0.0
2019-02-02 11:00:00,42.03,310.6781,985.3656,4.795105,30.84068,0.0,0.0
2019-02-02 12:00:00,43.51,308.92114,986.0027,7.6014156,40.611164,0.0,0.0
2019-02-02 13:00:00,45.76,306.5324,986.89044,9.429562,53.664642,0.0,0.0
2019-02-02 14:00:00,48.54,304.6934,987.6169,9.027599,61.72786,0.0,0.0
2019-02-02 15:00:00,50.75,303.44104,988.33813,8.188985,67.46341,0.0,0.0
2019-02-02 16:00:00,52.46,302.50098,988.0986,7.473829,71.721375,0.0,1.37
2019-02-02 17:00:00,53.6,301.9009,987.9405,7.225416,74.253426,0.0,14.44
2019-02-02 18:00:00,52.87,301.5149,987.9504,6.7796283,75.58677,0.0,25.24
2019-02-02 19:00:00,52.06,300.73648,987.76697,7.4493246,79.028885,0.0,25.71
2019-02-02 20:00:00,50.62,300.60086,987.7592,7.3164864,79.03933,0.0,2.1399999
2019-02-02 21:00:00,49.07,300.39636,988.06274,6.6476774,79.790184,0.0,0.0
2019-02-02 22:00:00,47.63,300.3957,988.6386,6.4994483,79.75384,0.0,0.14999999
2019-02-02 23:00:00,46.13,301.4667,989.35706,7.367646,73.49405,0.0,0.0
2019-02-03 00:00:00,42.34,303.31616,989.5505,7.354606,63.48191,0.19057095,0.0
2019-02-03 01:00:00,42.25,305.5478,988.99384,7.230717,53.61551,0.0,0.0
2019-02-03 02:00:00,41.88,307.89117,988.6297,7.0468016,44.879128,0.0,0.0
2019-02-03 03:00:00,41.98,310.02686,987.76373,6.7883086,37.948414,0.0,0.0
2019-02-03 04:00:00,43.17,311.82703,986.92847,6.4572186,32.621853,0.0,0.0
2019-02-03 05:00:00,43.93,313.16064,985.9046,6.0035243,29.00531,0.0034831464,0.0
2019-02-03 06:00:00,43.65,314.02844,985.03296,5.506204,26.646896,0.016797334,0.0
2019-02-03 07:00:00,43.44,313.82526,984.9408,6.072577,25.53409,0.008128583,0.0
2019-02-03 08:00:00,42.35,313.83374,984.34576,6.302167,25.300032,0.007621944,0.0
2019-02-03 09:00:00,41.66,313.1715,984.5854,6.1310854,26.57078,0.0023916364,0.0
2019-02-03 10:00:00,41.78,311.80792,985.37445,5.1609426,29.474024,0.0,0.0
2019-02-03 11:00:00,43.46,310.4995,986.4214,4.122047,33.40265,0.037565827,0.0
2019-02-03 12:00:00,46.64,306.4646,988.67126,4.341133,48.473038,1.0703728,0.0
2019-02-03 13:00:00,47.48,306.18628,989.17505,5.6514177,52.505314,0.0,11.32
2019-02-03 14:00:00,47.65,305.26288,989.09937,7.138117,58.342464,0.0,5.19
2019-02-03 15:00:00,47.68,303.61218,988.09955,8.73537,64.62742,0.0,8.27
2019-02-03 16:00:00,47.76,302.29846,987.4582,8.556406,69.81287,0.0,0.39
2019-02-03 17:00:00,46.92,301.62427,987.5731,7.371859,72.66086,0.0,0.0
2019-02-03 18:00:00,45.45,301.11746,987.75134,6.4141626,75.14969,0.0,0.0
2019-02-03 19:00:00,44.45,301.12885,987.25037,6.3578386,79.36559,0.0,0.0
2019-02-03 20:00:00,42.08,300.71265,987.5433,6.29305,81.036255,0.0,0.0
2019-02-03 21:00:00,40.25,300.46716,988.03796,5.64198,81.578735,0.0,0.0
2019-02-03 22:00:00,40.65,300.50336,989.1086,5.445136,80.7441,0.0,0.0
2019-02-03 23:00:00,42.24,301.4826,990.16156,6.385795,75.64369,0.0,0.0
2019-02-04 00:00:00,42.95,302.67035,990.6343,6.278597,69.326965,1.1568218,0.0
2019-02-04 01:00:00,41.4,304.29938,990.76794,5.9826784,61.300148,0.0,0.0
2019-02-04 02:00:00,39.48,306.23926,990.1262,5.492051,53.298004,0.0,0.0
2019-02-04 03:00:00,38.24,308.11346,988.96674,4.8929787,46.326572,0.0,0.0
2019-02-04 04:00:00,38.54,309.58246,987.81055,4.47483,41.66174,0.0,0.0
2019-02-04 05:00:00,38.4,311.19946,986.692,4.1556263,36.741318,0.018455088,0.0
2019-02-04 06:00:00,37.04,312.30658,985.8714,3.8206728,32.712982,0.0,0.0
2019-02-04 07:00:00,36.77,312.10367,985.1797,2.668677,31.081444,0.0,0.0
2019-02-04 08:00:00,36.71,312.37708,985.10547,2.4580288,29.701508,0.0,0.0
2019-02-04 09:00:00,38.84,312.2124,984.6294,2.490382,29.404757,0.004351139,0.41
2019-02-04 10:00:00,41.36,311.16092,985.334,2.3218193,31.360977,0.003911555,0.0
2019-02-04 11:00:00,43.44,306.43896,988.2569,2.2988257,46.341732,0.58396906,0.0
2019-02-04 12:00:00,44.59,303.8722,988.7551,4.3749685,58.925133,0.6792322,0.0
2019-02-04 13:00:00,45.18,303.40903,989.31323,6.9180965,62.71175,0.0,0.0
2019-02-04 14:00:00,46.18,303.39496,988.96545,6.6283073,64.367355,0.0,0.0
2019-02-04 15:00:00,46.61,303.3725,988.2126,6.980234,66.96408,0.0,0.0
2019-02-04 16:00:00,46.71,302.58032,987.7542,7.6417174,71.178,0.0,0.0
2019-02-04 17:00:00,48.18,301.67474,987.31213,6.9735894,74.24863,0.0,0.0
2019-02-04 18:00:00,49.1,300.9705,987.4266,6.4457045,76.705696,0.0,0.0
2019-02-04 19:00:00,49.89,301.10034,988.1675,6.624782,76.38065,0.0,0.0
2019-02-04 20:00:00,49.44,300.7987,988.608,6.4259496,77.71394,0.0,0.0
2019-02-04 21:00:00,49.69,300.5072,988.7726,6.087024,79.030014,0.0,0.0
2019-02-04 22:00:00,50.54,300.4264,989.20044,6.2184334,79.08538,0.0,0.0
2019-02-04 23:00:00,50.41,301.25323,989.702,6.7779717,74.53053,0.0,0.0
2019-02-05 00:00:00,51.19,303.14957,989.9311,7.220011,65.4018,1.2951655,0.0
2019-02-05 01:00:00,50.25,305.157,989.7514,6.711221,57.3183,0.0,0.0
2019-02-05 02:00:00,48.3,306.7782,989.06604,6.053247,51.42957,0.0,0.0
2019-02-05 03:00:00,47.08,308.73755,988.1887,5.669171,44.89105,0.0,0.0
2019-02-05 04:00:00,46.67,310.477,987.21625,5.536707,39.217464,0.011309981,0.0
2019-02-05 05:00:00,46.13,311.85486,986.2619,5.418571,34.644283,0.029295683,0.0
2019-02-05 06:00:00,45.7,312.81183,985.23517,5.1403804,31.05976,0.021472573,0.0
2019-02-05 07:00:00,45.07,312.6053,984.9688,4.2874165,29.985641,0.020675361,0.0
2019-02-05 08:00:00,44.23,312.77966,984.3219,4.0936236,28.552761,0.02143532,0.0
2019-02-05 09:00:00,43.61,312.56018,983.97516,3.757919,28.20532,0.0179708,0.0
2019-02-05 10:00:00,42.89,311.78223,984.95,4.7450347,29.381153,0.009745359,0.0
2019-02-05 11:00:00,43.0,309.51093,985.89514,6.5914035,35.445133,0.0,0.0
2019-02-05 12:00:00,43.58,307.78937,987.2911,6.4106655,40.26283,0.0,0.0
2019-02-05 13:00:00,44.42,307.11053,988.07306,5.4574165,42.669727,0.0,0.0
2019-02-05 14:00:00,45.82,306.45526,988.51294,7.283795,47.522717,0.0,0.0
2019-02-05 15:00:00,48.53,304.48727,988.27673,9.3534565,59.866013,0.0,0.0
2019-02-05 16:00:00,50.95,302.78467,987.6417,8.510199,66.432556,0.0,0.0
2019-02-05 17:00:00,53.33,301.82245,987.6472,7.7508073,68.66238,0.0,0.0
2019-02-05 18:00:00,54.9,301.2398,987.6252,7.399726,70.29455,0.0,0.0
2019-02-05 19:00:00,55.08,300.69574,988.4515,6.7659626,74.005,0.0,1.9499999
2019-02-05 20:00:00,53.19,300.58026,988.9872,6.7650514,74.93995,0.0,3.6699998
2019-02-05 21:00:00,49.14,300.53003,989.3353,6.5692716,75.55322,0.0,1.6599998
2019-02-05 22:00:00,46.17,300.59833,989.7383,6.2994432,75.34149,0.0,0.049999997
2019-02-05 23:00:00,45.23,301.40228,990.2475,6.5585985,70.80232,0.0,0.0
2019-02-06 00:00:00,45.82,302.91125,990.49225,6.501411,62.32919,0.1323402,0.0
2019-02-06 01:00:00,46.98,305.0208,990.46674,6.3987074,53.070744,0.0,0.0
2019-02-06 02:00:00,47.56,307.14233,989.78015,6.170059,45.55816,0.0,0.0
2019-02-06 03:00:00,47.39,309.10535,988.9283,6.040362,39.850388,0.0,0.0
2019-02-06 04:00:00,47.85,310.78522,987.7911,5.9839892,35.11742,0.0,0.0
2019-02-06 05:00:00,47.73,312.1032,986.98975,5.811695,31.46553,0.0111833215,0.0
2019-02-06 06:00:00,47.14,312.9171,986.26526,5.6114397,29.239738,0.0072419643,0.0
2019-02-06 07:00:00,46.28,310.97455,986.8936,4.5216985,35.124973,0.032529235,0.0
2019-02-06 08:00:00,45.11,310.93524,986.2439,4.841628,34.82804,0.04503876,0.0
2019-02-06 09:00:00,44.81,310.66455,985.73615,5.1115875,35.192707,0.020883977,0.0
2019-02-06 10:00:00,44.34,310.39093,986.35425,4.856612,35.759205,0.0,0.0
2019-02-06 11:00:00,44.67,308.6797,987.84,4.6996894,39.106556,0.015430152,0.0
2019-02-06 12:00:00,46.08,307.3518,989.35315,5.3392615,43.55214,0.0,0.0
2019-02-06 13:00:00,46.2,306.37726,989.93964,5.5200443,47.298595,0.0,0.0
2019-02-06 14:00:00,46.87,305.443,990.4289,6.1525197,50.578087,0.0,0.0
2019-02-06 15:00:00,48.85,304.76367,990.5769,6.1440654,53.344727,0.0,0.0
2019-02-06 16:00:00,51.4,304.02594,990.3762,5.9451976,57.445293,0.0,0.0
2019-02-06 17:00:00,52.43,302.24646,990.8859,4.722059,66.96001,1.1465997,0.0
2019-02-06 18:00:00,51.29,301.5419,990.4645,5.119365,70.16281,0.52361494,0.0
2019-02-06 19:00:00,49.05,301.9315,989.64087,6.4664354,70.73847,0.0,0.0
2019-02-06 20:00:00,48.38,301.44977,990.4939,6.0421524,73.77737,0.0,0.0
2019-02-06 21:00:00,49.13,301.10004,990.84155,5.718159,76.499596,0.0,0.0
2019-02-06 22:00:00,50.65,301.1221,991.59717,5.9753222,77.253815,0.0,0.0
2019-02-06 23:00:00,52.72,301.71875,992.1241,6.69658,74.10914,0.0,0.0
2019-02-07 00:00:00,52.14,303.07812,992.3768,6.633236,67.57236,1.8042952,0.0
2019-02-07 01:00:00,52.0,304.74188,992.04944,6.4320703,60.33823,0.0,0.0
2019-02-07 02:00:00,51.04,306.30225,991.4696,6.1522846,53.761215,0.0,0.0
2019-02-07 03:00:00,49.83,308.00513,990.605,5.59136,47.594807,0.0,0.0
2019-02-07 04:00:00,49.76,309.55078,989.69904,4.6981163,42.3541,0.010691583,0.0
2019-02-07 05:00:00,49.38,310.44525,988.92236,3.7511802,39.05855,0.044077635,0.0
2019-02-07 06:00:00,49.12,311.1468,988.2355,3.298524,36.255848,0.070638955,0.0
2019-02-07 07:00:00,48.43,311.20984,987.77167,2.2296698,32.940407,0.0027418137,0.0
2019-02-07 08:00:00,47.91,311.48874,987.28204,2.386147,31.253593,0.0,0.0
2019-02-07 09:00:00,47.38,311.10815,987.1152,1.7584984,31.003735,0.0,0.0
2019-02-07 10:00:00,46.09,310.664,987.65314,1.1520084,32.159866,0.0,0.0
2019-02-07 11:00:00,46.25,309.61902,988.51135,1.6378201,37.14138,0.0,0.0
2019-02-07 12:00:00,46.84,308.94742,989.1337,2.4729705,39.626114,0.0,0.0
2019-02-07 13:00:00,46.73,307.7337,989.5861,4.779536,41.001564,0.0,0.0
2019-02-07 14:00:00,47.53,305.95496,990.2572,6.8058743,49.124413,0.0,0.0
2019-02-07 15:00:00,48.11,304.5835,990.84906,7.0433326,59.74121,0.0,0.0
2019-02-07 16:00:00,49.25,303.80408,990.70026,6.4908495,66.481995,0.0,0.0
2019-02-07 17:00:00,50.06,303.10553,990.4011,6.248874,71.870514,0.0,0.0
2019-02-07 18:00:00,51.78,302.44833,990.08,6.136516,75.88418,0.0,0.0
2019-02-07 19:00:00,53.3,302.08777,989.7227,6.1739244,78.164154,0.0,0.0
2019-02-07 20:00:00,54.79,301.78845,990.24884,5.7052116,79.84677,0.0,0.0
2019-02-07 21:00:00,55.71,301.61646,990.6926,5.4636264,80.11771,0.0,0.0
2019-02-07 22:00:00,55.5,301.61118,991.23206,5.646743,79.07389,0.0,0.0
2019-02-07 23:00:00,55.13,302.4441,991.82837,6.489739,73.87702,0.0,0.0
2019-02-08 00:00:00,54.5,304.05927,991.8992,6.7274413,65.282616,0.1349061,0.0
2019-02-08 01:00:00,54.1,306.26233,991.45337,6.715173,55.383766,0.0,0.0
2019-02-08 02:00:00,52.95,308.36963,990.83875,6.6294827,47.33585,0.0,0.0
2019-02-08 03:00:00,52.67,310.32526,989.9153,6.3641267,40.615395,0.0,0.0
2019-02-08 04:00:00,51.99,311.89386,988.8694,5.7595577,35.123,0.038199127,0.0
2019-02-08 05:00:00,51.32,313.1741,988.02185,4.888033,30.866247,0.026166439,0.0
2019-02-08 06:00:00,50.18,313.86273,987.07904,4.451419,28.256685,0.02348423,0.0
2019-02-08 07:00:00,49.02,313.28268,987.0959,2.954363,27.150953,0.026042763,0.0
2019-02-08 08:00:00,47.04,313.16724,986.48846,3.0601745,26.645773,0.028014183,0.0
2019-02-08 09:00:00,44.7,313.0443,986.3575,3.2051127,26.43512,0.030398369,0.0
2019-02-08 10:00:00,44.12,312.59348,986.483,3.5401404,27.11659,0.0033825636,0.0
2019-02-08 11:00:00,45.62,311.29944,987.2609,4.3950553,30.432724,0.0,0.0
2019-02-08 12:00:00,46.92,309.76764,988.52856,6.7471995,36.552456,0.0,0.0
2019-02-08 13:00:00,48.08,307.13266,989.4461,7.2341456,48.47779,0.0,0.0
2019-02-08 14:00:00,50.1,305.48032,991.37634,3.6421077,57.649906,0.10752081,0.0
2019-02-08 15:00:00,50.82,304.50235,991.6354,2.253105,63.153988,0.1399517,0.0
2019-02-08 16:00:00,51.24,304.25165,990.1609,5.490273,67.06239,0.0,0.0
2019-02-08 17:00:00,53.21,303.45615,989.26117,6.180429,72.139015,0.0,0.0
2019-02-08 18:00:00,55.63,302.73755,989.2219,5.8904147,75.56813,0.0,0.38
2019-02-08 19:00:00,57.1,301.6754,990.96,5.521984,78.410194,0.9327233,5.5299997
2019-02-08 20:00:00,56.83,300.99768,992.0708,4.908629,81.873955,2.0202994,27.47
2019-02-08 21:00:00,54.84,300.4578,992.3925,4.062875,83.67332,4.3832064,4.08
2019-02-08 22:00:00,51.67,300.2895,992.9772,3.9852462,83.96238,1.0077655,3.6999998
2019-02-08 23:00:00,50.48,300.70697,992.7788,4.581235,82.39208,0.16194582,3.5500002
2019-02-09 00:00:00,49.32,302.00598,991.99,6.4880686,77.254196,8.936337,0.0
2019-02-09 01:00:00,48.9,304.03174,991.6822,6.874775,68.0855,0.0,0.089999996
2019-02-09 02:00:00,48.62,306.11682,991.2056,6.0932226,59.171,0.0,0.0
2019-02-09 03:00:00,48.4,307.7793,990.545,4.6555266,52.407772,0.004861504,0.0
2019-02-09 04:00:00,48.34,309.1229,989.853,3.1905372,46.0085,0.01712516,0.0
2019-02-09 05:00:00,48.05,310.00534,988.9359,2.0795202,41.412098,0.020354986,0.0
2019-02-09 06:00:00,48.23,310.57336,988.34625,1.748066,39.00928,0.0256747,0.0
2019-02-09 07:00:00,48.77,308.39264,988.7325,3.0766103,47.30651,0.013954937,0.0
2019-02-09 08:00:00,47.81,308.76233,988.4197,3.1195226,44.71089,0.0,0.0
2019-02-09 09:00:00,46.91,308.73087,988.2614,3.2839208,43.53258,0.0,0.0
2019-02-09 10:00:00,46.38,308.05627,989.04443,2.6736455,45.76711,0.0,0.0
2019-02-09 11:00:00,46.93,307.07178,989.72174,2.5871289,51.17708,0.0,0.0
2019-02-09 12:00:00,46.99,306.19507,990.43555,3.8255115,54.43805,0.0,0.0
2019-02-09 13:00:00,47.46,305.28244,991.0533,5.3649287,58.044426,0.0,0.0
2019-02-09 14:00:00,47.49,304.48834,990.91565,6.322805,62.38152,0.0,0.0
2019-02-09 15:00:00,47.57,303.87347,990.8668,6.455118,65.40302,0.0,0.11
2019-02-09 16:00:00,48.44,303.17377,990.34814,6.2094545,69.21846,0.0,1.3
2019-02-09 17:00:00,48.17,302.50708,990.4704,5.671521,74.58028,0.0,1.87
2019-02-09 18:00:00,46.88,301.78015,990.38416,5.608373,80.05664,0.0,0.13
2019-02-09 19:00:00,45.97,301.61932,991.03156,3.8294823,77.46286,0.0,0.42
2019-02-09 20:00:00,46.84,301.1296,991.5843,3.6440759,81.53459,0.0,0.0
2019-02-09 21:00:00,47.64,300.7996,992.2109,3.656596,84.70646,0.0,0.0
2019-02-09 22:00:00,48.18,300.63937,992.8684,4.0008993,86.686554,0.0,0.0
2019-02-09 23:00:00,47.91,301.7586,993.48224,5.1568036,80.744644,0.0,0.0
2019-02-10 00:00:00,46.79,303.59216,993.6322,5.1108537,70.279755,0.08281469,0.0
2019-02-10 01:00:00,46.04,305.44824,993.5634,4.4669776,61.308025,0.0,0.0
2019-02-10 02:00:00,45.11,307.10754,992.8091,3.8903613,53.651546,0.0,0.0
2019-02-10 03:00:00,43.86,308.5535,991.8242,3.48288,46.549618,0.008532777,0.0
2019-02-10 04:00:00,43.29,309.90094,990.93085,3.2071333,40.0078,0.040084124,0.0
2019-02-10 05:00:00,41.98,310.8407,989.9853,3.015726,35.471985,0.024855137,0.0
2019-02-10 06:00:00,40.84,311.57648,989.27716,3.0307784,32.548637,0.014156103,0.0
2019-02-10 07:00:00,40.34,311.60754,988.92596,3.7891552,31.769407,0.004142523,0.0
2019-02-10 08:00:00,40.57,311.4589,988.8024,4.5661306,32.293705,0.030636787,0.0
2019-02-10 09:00:00,40.51,309.76352,989.23236,5.3261466,38.152885,0.27647614,0.0
2019-02-10 10:00:00,40.84,308.19916,990.33,5.8337903,44.424694,0.0,0.0
2019-02-10 11:00:00,40.9,307.29276,990.9391,5.356608,47.43083,0.0,0.0
2019-02-10 12:00:00,39.41,306.63165,991.7335,5.0314307,50.236397,0.0,0.0
2019-02-10 13:00:00,38.29,305.78314,991.67584,6.05937,54.129894,0.0,0.0
2019-02-10 14:00:00,37.04,305.1763,991.7873,7.0503383,58.048397,0.0,0.0
2019-02-10 15:00:00,35.6,304.31387,991.84357,6.85659,63.63467,0.0,0.0
2019-02-10 16:00:00,35.75,303.18832,991.78735,6.7016273,70.10132,0.0,0.0
2019-02-10 17:00:00,35.73,302.22534,991.66425,6.148539,75.62416,0.0,0.0
2019-02-10 18:00:00,36.94,301.51306,991.6767,5.6543193,80.01007,0.0,0.0
2019-02-10 19:00:00,37.46,301.02582,991.87604,5.0218363,83.318535,0.0,0.0
2019-02-10 20:00:00,37.52,300.7113,992.8364,4.9954486,86.04925,0.0,0.0
2019-02-10 21:00:00,37.12,300.65118,993.1873,4.6596375,86.9523,0.0,0.0
2019-02-10 22:00:00,36.39,300.7494,993.92596,4.913841,86.33639,0.0,0.0
2019-02-10 23:00:00,35.95,301.58777,994.4457,5.7753506,81.34037,0.00782311,0.0
2019-02-11 00:00:00,34.9,303.13156,994.7369,6.016401,72.52782,0.41674376,0.0
2019-02-11 01:00:00,34.16,305.0779,994.4588,6.209126,62.261955,0.0,0.0
2019-02-11 02:00:00,34.26,306.87585,994.08594,5.847948,53.955902,0.008399598,0.0
2019-02-11 03:00:00,34.8,308.62054,993.0694,5.356485,45.749126,0.0,0.0
2019-02-11 04:00:00,35.66,310.26962,992.052,4.825733,38.61976,0.0,0.0
2019-02-11 05:00:00,35.85,311.46002,990.56213,4.338712,32.83804,0.0,0.0
2019-02-11 06:00:00,34.92,312.45044,989.5619,4.2077255,28.43481,0.0,0.0
2019-02-11 07:00:00,34.98,312.38452,989.4908,4.1939435,28.995598,0.0,0.0
2019-02-11 08:00:00,35.4,312.49225,988.926,4.015781,27.705807,0.0,0.0
2019-02-11 09:00:00,35.1,311.82227,988.9372,3.6797066,28.476597,0.0,0.0
2019-02-11 10:00:00,34.9,310.80255,989.4344,3.805299,30.880413,0.0,0.0
2019-02-11 11:00:00,34.18,308.9408,989.97955,5.314047,36.96637,0.0,0.0
2019-02-11 12:00:00,33.64,307.3841,990.8822,6.344429,45.253677,0.0,0.0
2019-02-11 13:00:00,33.22,306.07812,991.22,7.096599,53.442966,0.0,0.0
2019-02-11 14:00:00,33.25,304.90826,991.6141,7.409561,59.167248,0.0,0.0
2019-02-11 15:00:00,34.17,303.8274,991.8681,7.3756657,64.69864,0.0,0.0
2019-02-11 16:00:00,34.48,302.8009,991.8265,7.362741,70.23047,0.0,0.0
2019-02-11 17:00:00,33.68,301.83917,991.8622,7.3934345,75.19398,0.0,0.0
2019-02-11 18:00:00,32.49,301.1447,991.9726,7.0404644,78.37349,0.0,0.0
2019-02-11 19:00:00,31.93,300.64352,991.9049,6.430744,81.842575,0.0,0.0
2019-02-11 20:00:00,31.28,300.28415,992.3033,6.018001,83.82352,0.0,0.0
2019-02-11 21:00:00,31.14,300.06738,993.0631,5.4518304,85.0098,0.0016868107,0.0
2019-02-11 22:00:00,31.02,300.13953,993.84534,5.514938,84.356926,0.0017166148,0.0
2019-02-11 23:00:00,31.17,301.08148,994.5634,6.008458,78.5482,0.0021457672,0.0
2019-02-12 00:00:00,31.13,302.61487,994.9286,6.438722,69.46595,0.022700429,0.0
2019-02-12 01:00:00,32.39,304.58234,994.55505,6.9953995,58.795696,0.0,0.0
2019-02-12 02:00:00,33.7,306.53625,994.1521,7.07352,51.34819,0.0,0.0
2019-02-12 03:00:00,34.82,308.61115,993.16705,6.968867,44.208893,0.0,0.0
2019-02-12 04:00:00,35.38,310.43164,992.29474,6.7777576,37.999912,0.0,0.0
2019-02-12 05:00:00,36.21,311.87598,991.3025,6.430908,32.728165,0.007186085,0.0
2019-02-12 06:00:00,37.69,312.7541,990.59045,5.7536254,28.905174,0.0,0.0
2019-02-12 07:00:00,39.06,312.66833,990.3036,4.5718055,27.320974,0.0,0.0
2019-02-12 08:00:00,40.26,312.14258,990.08484,4.2119994,26.460526,0.04771352,0.0
2019-02-12 09:00:00,40.79,311.7652,989.8884,4.1913056,26.774899,0.0,0.0
2019-02-12 10:00:00,40.09,310.84912,990.56854,3.759652,29.098642,0.0,0.0
2019-02-12 11:00:00,39.68,309.57288,991.29346,3.641589,32.196705,0.034227967,0.0
2019-02-12 12:00:00,38.16,307.9087,992.1241,6.3328366,39.68327,0.0,0.0
2019-02-12 13:00:00,38.83,306.10223,992.7098,7.8277235,49.87912,0.0,0.0
2019-02-12 14:00:00,40.12,304.91965,992.7461,8.110722,55.56865,0.0,0.0
2019-02-12 15:00:00,42.5,303.7547,992.38983,8.08244,60.693348,0.0,0.0
2019-02-12 16:00:00,45.07,302.60406,991.9945,7.939102,65.553535,0.0,0.0
2019-02-12 17:00:00,47.07,301.71878,991.79987,7.814313,69.35415,0.0,0.0
2019-02-12 18:00:00,48.55,301.00415,991.56604,7.5716915,72.4298,0.0,0.0
2019-02-12 19:00:00,48.76,300.41916,992.68634,6.8749332,75.11204,0.0,0.0
2019-02-12 20:00:00,47.28,300.00424,993.1753,6.695434,77.35328,0.0,0.0
2019-02-12 21:00:00,45.95,299.69543,993.6106,6.2761955,79.56483,0.0,0.0
2019-02-12 22:00:00,45.23,299.61633,994.22174,5.765018,80.69796,0.0,0.0
2019-02-12 23:00:00,44.0,300.58514,995.009,6.473969,75.40964,0.0,0.0
2019-02-13 00:00:00,41.37,302.19763,995.867,6.009321,67.44694,0.08997619,0.0
2019-02-13 01:00:00,41.99,303.90762,996.0444,6.007255,59.94969,0.0,0.0
2019-02-13 02:00:00,43.17,305.912,995.3189,6.124865,51.033806,0.0,0.0
2019-02-13 03:00:00,44.28,308.36508,994.29016,6.563245,42.065056,0.0,0.0
2019-02-13 04:00:00,44.98,310.58282,993.17737,7.012376,35.454315,0.0,0.0
2019-02-13 05:00:00,45.6,312.2828,991.97064,7.142209,30.763975,0.0122487545,0.0
2019-02-13 06:00:00,45.84,313.3199,990.9269,6.8622136,27.56248,0.018503517,0.0
2019-02-13 07:00:00,45.39,313.60263,990.3486,6.255546,25.612562,0.015836209,0.0
2019-02-13 08:00:00,45.37,313.6277,989.7111,5.7556596,25.013763,0.00936538,0.0
2019-02-13 09:00:00,44.61,313.19757,989.90204,5.1447453,25.295094,0.0,0.0
2019-02-13 10:00:00,43.01,312.51465,990.30634,4.4882784,22.862276,0.0,0.0
2019-02-13 11:00:00,41.19,310.8796,991.3977,3.9837892,25.384438,0.0,0.0
2019-02-13 12:00:00,39.28,309.84613,991.4155,3.7499304,28.29362,0.0,0.0
2019-02-13 13:00:00,39.21,308.85025,991.3844,5.0967555,31.941393,0.0,0.0
2019-02-13 14:00:00,40.19,307.98138,991.23737,7.0379486,36.956387,0.0,0.0
2019-02-13 15:00:00,41.01,305.75925,991.09534,8.326822,49.322323,0.0,0.0
2019-02-13 16:00:00,41.51,304.64847,991.05884,7.6126633,55.797855,0.0,0.0
2019-02-13 17:00:00,42.33,304.15985,991.28,6.9645085,58.843338,0.0,0.0
2019-02-13 18:00:00,44.21,303.5359,991.61017,5.9570484,61.686867,0.0,0.0
2019-02-13 19:00:00,43.86,303.04178,992.08936,6.3765907,63.101475,0.0,0.0
2019-02-13 20:00:00,43.21,302.52368,992.41547,6.1584444,64.848785,0.0,0.0
2019-02-13 21:00:00,41.58,301.98337,992.91156,5.8374934,67.27552,0.0,0.0
2019-02-13 22:00:00,39.56,301.64404,993.3775,5.334462,69.622086,0.0,0.0
2019-02-13 23:00:00,37.8,302.62244,993.9256,6.4471874,66.85435,0.0,0.0
2019-02-14 00:00:00,34.57,304.31213,994.1741,6.6861587,60.55283,0.05596876,0.0
2019-02-14 01:00:00,33.42,306.42505,993.8381,6.254818,51.643307,0.0,0.0
2019-02-14 02:00:00,32.88,308.741,993.3591,5.3838396,41.259647,0.0,0.0
2019-02-14 03:00:00,33.05,310.9101,992.6442,4.373836,31.828577,0.0,0.0
2019-02-14 04:00:00,33.8,312.77457,991.4881,3.5917296,24.352377,0.0,0.0
2019-02-14 05:00:00,34.03,314.47076,990.4934,3.081899,17.83318,0.0,0.0
2019-02-14 06:00:00,33.77,315.56174,989.6336,2.7002501,13.172646,0.0,0.0
2019-02-14 07:00:00,33.47,314.98706,989.1741,3.1302812,16.679808,0.0,0.0
2019-02-14 08:00:00,32.89,315.19333,988.71185,3.402131,15.020396,0.0,0.0
2019-02-14 09:00:00,32.19,315.06396,988.8332,3.7182405,14.3025875,0.0,0.0
2019-02-14 10:00:00,31.16,314.2417,988.97186,4.0549836,15.095913,0.0,0.0
2019-02-14 11:00:00,30.3,312.2378,989.69476,4.6703978,19.603195,0.0,0.0
2019-02-14 12:00:00,31.46,310.65814,989.97034,4.815753,24.65297,0.0,0.0
2019-02-14 13:00:00,33.34,309.552,990.4432,4.8788652,28.049839,0.0,0.0
2019-02-14 14:00:00,33.84,308.16687,990.9822,6.315724,35.53054,0.0,0.0
2019-02-14 15:00:00,34.1,306.01733,991.3003,7.456296,52.07493,0.0,0.0
2019-02-14 16:00:00,35.22,304.91287,991.2689,7.0524797,59.562088,0.0,0.0
2019-02-14 17:00:00,35.05,304.4041,991.1753,6.3076563,60.37549,0.0,0.0
2019-02-14 18:00:00,34.81,303.80573,991.21094,5.8225403,61.729195,0.0,0.0
2019-02-14 19:00:00,33.77,303.11868,991.6797,5.318573,67.450806,0.0,0.0
2019-02-14 20:00:00,31.72,302.72253,992.13055,4.9788527,67.67984,0.0,0.0
2019-02-14 21:00:00,30.28,302.27863,992.5809,4.7438188,68.51958,0.0,0.0
2019-02-14 22:00:00,28.46,301.97034,993.27594,4.287113,69.62767,0.0,0.0
2019-02-14 23:00:00,26.69,303.149,993.9282,5.0343533,65.14548,0.0,0.0
2019-02-15 00:00:00,22.94,305.30988,994.0217,4.7964044,55.424274,0.0,0.0
2019-02-15 01:00:00,22.35,308.01877,993.83026,4.138592,43.280704,0.0,0.0
2019-02-15 02:00:00,21.89,310.81982,993.26917,3.2314098,30.822662,0.0,0.0
2019-02-15 03:00:00,22.34,313.0715,992.16846,2.2023156,20.094753,0.0,0.0
2019-02-15 04:00:00,23.57,314.6422,991.15454,2.1719825,13.652555,0.0,0.0
2019-02-15 05:00:00,24.66,315.74835,990.115,2.8163884,11.194807,0.0,0.0
2019-02-15 06:00:00,24.71,316.4005,989.15686,3.2101476,10.164872,0.0,0.0
2019-02-15 07:00:00,24.56,315.86945,988.99054,2.7350087,12.669086,0.0,0.0
2019-02-15 08:00:00,24.59,315.83856,988.24097,2.922667,12.059812,0.0,0.0
2019-02-15 09:00:00,25.33,315.6125,988.53986,2.723955,11.969003,0.0,0.0
2019-02-15 10:00:00,26.58,314.96533,988.7824,2.723983,12.461029,0.0,0.0
2019-02-15 11:00:00,29.25,313.70102,989.2382,3.406719,13.580738,0.0,0.0
2019-02-15 12:00:00,30.93,312.33246,989.9874,3.3842876,15.051964,0.0,0.0
2019-02-15 13:00:00,33.97,311.2252,990.8046,3.0442667,16.427511,0.0,0.0
2019-02-15 14:00:00,35.92,309.8554,991.35406,4.4645066,21.400076,0.0,0.0
2019-02-15 15:00:00,37.95,306.84412,991.88983,5.7861724,47.2166,0.0,0.0
2019-02-15 16:00:00,39.81,304.5661,991.8523,6.573758,64.85213,0.0,0.0
2019-02-15 17:00:00,43.44,303.2074,991.7644,6.587893,75.50663,0.0,0.0
2019-02-15 18:00:00,47.37,302.49225,991.84436,5.860606,78.26347,0.0,0.0
2019-02-15 19:00:00,48.92,301.96075,992.58185,3.3052611,79.93353,0.0,0.0
2019-02-15 20:00:00,48.76,301.76385,993.26587,3.4135008,80.22377,0.0,0.0
2019-02-15 21:00:00,47.45,301.59946,993.8628,3.6526096,80.23182,0.0,0.0
2019-02-15 22:00:00,46.12,301.56982,994.32025,3.689863,79.88265,0.0,0.0
2019-02-15 23:00:00,45.44,302.3811,994.95154,4.1512175,75.73704,0.0,0.0
2019-02-16 00:00:00,42.68,303.92645,994.79553,4.469895,67.83634,0.003504753,0.0
2019-02-16 01:00:00,41.89,305.82593,994.747,4.0248394,58.449127,0.0,0.0
2019-02-16 02:00:00,40.48,307.74628,994.177,3.2280703,50.41631,0.0,0.0
2019-02-16 03:00:00,40.84,309.604,993.2528,2.308217,43.17445,0.0,0.0
2019-02-16 04:00:00,40.92,310.84985,992.3631,1.4494423,37.779625,0.12028217,0.0
2019-02-16 05:00:00,40.62,311.81403,991.6177,1.7479215,34.272236,0.07338822,0.0
2019-02-16 06:00:00,41.39,312.30017,990.5489,1.2446735,31.244936,0.024594367,0.04
2019-02-16 07:00:00,43.2,313.60214,989.09393,0.8530826,24.241877,0.0,1.2299999
2019-02-16 08:00:00,45.67,314.04584,988.34937,2.206666,22.535357,0.0,2.37
2019-02-16 09:00:00,46.69,313.73346,988.8236,1.1189753,21.819887,0.018514693,0.22
2019-02-16 10:00:00,47.08,312.78973,989.1231,4.010271,23.66629,0.0,0.08
2019-02-16 11:00:00,46.81,309.37613,990.2699,7.4291334,37.779358,0.0,0.0
2019-02-16 12:00:00,45.83,306.5689,991.2339,8.273273,51.056988,0.0,0.0
2019-02-16 13:00:00,43.86,305.4381,991.90564,6.7093644,55.16445,0.0,0.0
2019-02-16 14:00:00,42.32,305.0038,992.12213,5.348417,57.07139,0.0,0.0
2019-02-16 15:00:00,41.63,304.70355,992.3783,4.124035,58.934723,0.0,0.0
2019-02-16 16:00:00,40.79,304.1753,991.9975,4.500265,62.01052,0.0,0.0
2019-02-16 17:00:00,39.98,303.57047,991.63635,4.297882,64.96111,0.0,0.0
2019-02-16 18:00:00,39.16,302.99506,991.6384,4.356204,66.78728,0.0,0.0
2019-02-16 19:00:00,38.22,301.9084,992.1447,3.6203325,69.71687,0.0,0.0
2019-02-16 20:00:00,36.29,301.35608,992.5165,3.53159,70.82287,0.0,0.0
2019-02-16 21:00:00,34.28,300.76328,992.8234,3.4263413,72.82533,0.0,0.0
2019-02-16 22:00:00,32.68,300.37994,993.3928,3.4921944,74.35442,0.0,0.0
2019-02-16 23:00:00,31.15,301.13373,993.9757,4.4170547,70.78554,0.0,0.0
2019-02-17 00:00:00,28.63,302.83185,994.34827,4.7687836,63.177406,0.23719966,0.0
2019-02-17 01:00:00,29.36,305.02698,993.9828,4.961433,53.91543,0.0,0.0
2019-02-17 02:00:00,30.21,307.32407,993.5403,4.9032393,45.64513,0.0,0.0
2019-02-17 03:00:00,31.8,309.42398,992.65173,4.706356,38.88966,0.0,0.0
2019-02-17 04:00:00,32.55,311.14084,991.39026,4.4182606,33.529984,0.0,0.0
2019-02-17 05:00:00,33.21,312.56952,990.18396,4.2358756,28.533627,0.0,0.0
2019-02-17 06:00:00,34.52,313.43933,989.2028,4.168599,24.870865,0.0,0.0
2019-02-17 07:00:00,35.69,313.62775,988.47766,2.9703226,21.730017,0.0,0.0
2019-02-17 08:00:00,36.9,313.5803,988.1298,3.2774036,20.311115,0.001847744,0.0
2019-02-17 09:00:00,38.92,313.13782,988.27826,3.4773488,20.25453,0.0,0.0
2019-02-17 10:00:00,40.62,312.45392,988.70685,3.346392,20.90228,0.0,0.0
2019-02-17 11:00:00,42.62,311.01263,989.52686,5.350266,25.595009,0.0,0.0
2019-02-17 12:00:00,44.33,308.1067,990.3814,8.471291,42.052082,0.0,0.0
2019-02-17 13:00:00,43.45,306.1267,990.9216,8.72778,51.450867,0.0,0.0
2019-02-17 14:00:00,42.79,305.11972,991.45544,8.586634,55.495,0.0,0.17
2019-02-17 15:00:00,42.79,303.87622,991.70685,8.069374,61.00771,0.0,0.96999997
2019-02-17 16:00:00,43.51,302.7778,991.5481,7.4262667,65.62213,0.0,0.0
2019-02-17 17:00:00,43.43,301.93646,991.3371,6.7024035,68.981186,0.0,0.0
2019-02-17 18:00:00,41.4,301.3042,991.2938,6.0439596,72.13522,0.0,0.0
2019-02-17 19:00:00,39.28,300.7397,991.4991,5.667433,72.20108,0.0,0.0
2019-02-17 20:00:00,36.99,300.27057,991.8652,5.1976476,75.45613,0.0,0.0
2019-02-17 21:00:00,35.38,299.89624,992.2544,4.868768,78.58855,0.0,0.0
2019-02-17 22:00:00,34.24,299.82843,992.8897,5.088245,80.1302,0.0,0.0
2019-02-17 23:00:00,33.48,300.93,993.51904,5.7404456,74.70578,0.0,0.0
2019-02-18 00:00:00,32.78,302.64392,993.914,5.2505994,66.30825,0.001847744,0.0
2019-02-18 01:00:00,33.33,304.942,993.3759,4.952227,56.600887,0.0,0.0
2019-02-18 02:00:00,33.62,307.3813,992.8904,4.847941,48.11538,0.0,0.0
2019-02-18 03:00:00,34.11,309.67828,992.0603,4.867026,40.936897,0.0,0.0
2019-02-18 04:00:00,34.35,311.6853,991.10864,4.813283,34.412582,0.0,0.0
2019-02-18 05:00:00,35.18,313.15918,989.8486,4.6772914,29.192533,0.0,0.0
2019-02-18 06:00:00,36.86,314.15277,989.1199,4.189564,25.008217,0.0,0.0
2019-02-18 07:00:00,39.06,313.57034,989.5516,3.18943,23.593973,0.0,0.0
2019-02-18 08:00:00,40.35,313.3576,989.11584,3.2051277,23.40853,0.0,0.02
2019-02-18 09:00:00,40.61,313.00128,989.2405,3.1275609,23.444784,0.0,0.89
2019-02-18 10:00:00,41.47,312.04126,989.8108,2.4290216,23.193962,0.0,0.0
2019-02-18 11:00:00,42.7,311.00128,990.4,4.381898,26.195992,0.0,0.0
2019-02-18 12:00:00,46.13,307.48587,991.39844,8.093125,41.94504,0.0,0.0
2019-02-18 13:00:00,49.05,305.73157,992.055,8.140992,50.667717,0.0,0.0
2019-02-18 14:00:00,50.54,305.49936,992.22217,7.7412324,51.73443,0.0,0.0
2019-02-18 15:00:00,50.88,304.8164,992.2759,7.3833184,55.3037,0.0,0.0
2019-02-18 16:00:00,50.75,303.82047,991.9744,7.1961536,60.052364,0.0,0.0
2019-02-18 17:00:00,49.02,302.72018,991.85803,7.090762,65.149536,0.0,0.29999998
2019-02-18 18:00:00,45.61,301.82718,991.6936,6.605655,69.36429,0.0,0.07
2019-02-18 19:00:00,42.24,301.12195,992.21814,6.509828,72.95144,0.0,0.0
2019-02-18 20:00:00,41.12,300.6939,992.34814,6.2139688,75.971794,0.0,0.0
2019-02-18 21:00:00,42.12,300.42487,992.7942,5.6744223,78.387924,0.0,0.0
2019-02-18 22:00:00,43.6,300.3513,993.47015,5.6384177,79.492584,0.0,0.0
2019-02-18 23:00:00,44.51,301.4216,994.1551,6.713235,73.82015,0.0,0.0
2019-02-19 00:00:00,45.21,303.19843,994.7671,6.240356,63.882797,0.0022232533,0.0
2019-02-19 01:00:00,45.46,305.219,994.65784,5.99147,55.121284,0.0,0.0
2019-02-19 02:00:00,46.37,307.3975,994.4517,6.1074967,47.172726,0.0,0.0
2019-02-19 03:00:00,46.78,309.42566,993.51,6.080623,40.64154,0.0,0.0
2019-02-19 04:00:00,47.24,311.15698,992.56244,5.946729,35.225235,0.017665327,0.0
2019-02-19 05:00:00,46.45,312.22034,991.59265,5.5830245,31.444052,0.072054565,0.0
2019-02-19 06:00:00,45.77,312.9943,990.7402,5.4257436,28.61539,0.040240586,0.0
2019-02-19 07:00:00,45.66,313.1679,990.5197,5.717266,26.68862,0.022292137,0.0
2019-02-19 08:00:00,44.5,312.7688,990.03345,5.6286244,27.20712,0.028662384,0.0
2019-02-19 09:00:00,43.33,311.92896,990.33716,4.8554482,28.687033,0.0142380595,0.0
2019-02-19 10:00:00,43.24,310.76685,991.15967,5.7037973,31.48168,0.013917685,0.0
2019-02-19 11:00:00,43.46,307.871,992.45593,6.6709285,40.97836,0.9450242,0.0
2019-02-19 12:00:00,42.82,306.58893,993.09155,5.9657173,47.33248,0.0,0.0
2019-02-19 13:00:00,44.49,306.10767,993.63086,5.2533784,50.785507,0.0,0.0
2019-02-19 14:00:00,47.31,305.6327,994.0383,5.238707,54.19198,0.0,0.0
2019-02-19 15:00:00,49.87,305.1306,993.915,6.1760526,57.401752,0.0,3.87
2019-02-19 16:00:00,51.79,304.12103,993.51953,7.1733465,62.714066,0.0,9.59
2019-02-19 17:00:00,52.39,303.03674,993.4576,7.0205917,68.12401,0.0,8.7
2019-02-19 18:00:00,51.07,302.14883,993.40216,6.119188,72.28747,0.0,9.27
2019-02-19 19:00:00,47.29,301.60822,993.8942,5.5419874,74.60426,0.0,4.93
2019-02-19 20:00:00,43.84,301.0791,994.6103,5.8384695,77.3449,0.0,1.9599999
2019-02-19 21:00:00,41.41,300.74792,995.17474,5.437636,79.22131,0.0,0.99
2019-02-19 22:00:00,40.57,300.70905,995.7986,5.4338174,79.71807,0.0,0.0
2019-02-19 23:00:00,41.65,301.75217,996.01807,6.166505,74.00447,0.0,0.0
2019-02-20 00:00:00,41.45,303.7115,996.1175,6.103097,64.6856,1.1557996,0.0
2019-02-20 01:00:00,41.31,306.10034,995.53186,5.8758698,55.25769,0.0,0.0
2019-02-20 02:00:00,41.04,308.45978,994.84094,5.5762196,46.6601,0.0,0.0
2019-02-20 03:00:00,41.12,310.4874,993.7835,5.3770976,38.9362,0.017143786,0.0
2019-02-20 04:00:00,41.7,311.99487,992.70514,5.104218,33.16498,0.054739416,0.0
2019-02-20 05:00:00,40.74,313.12985,991.39923,4.767613,29.100367,0.025719404,0.0
2019-02-20 06:00:00,39.41,313.80786,990.27783,4.5359006,26.456484,0.012010336,0.0
2019-02-20 07:00:00,38.16,312.73474,990.69653,4.383058,27.747742,0.024110079,0.0
2019-02-20 08:00:00,37.64,312.42142,990.28314,4.082405,27.628061,0.019177794,0.0
2019-02-20 09:00:00,36.99,312.11685,990.0783,4.043235,27.646027,0.011608005,0.0
2019-02-20 10:00:00,36.67,311.4187,990.48376,4.2752204,28.749258,0.0021755695,0.0
2019-02-20 11:00:00,37.75,310.5252,991.09064,4.228604,31.205221,0.0,0.0
2019-02-20 12:00:00,37.82,309.66406,992.38446,5.100211,34.022667,0.0,0.0
2019-02-20 13:00:00,37.31,308.601,993.1116,5.712127,37.4483,0.0,0.0
2019-02-20 14:00:00,36.31,307.41827,993.6453,6.039995,41.632103,0.0,0.0
2019-02-20 15:00:00,37.3,306.03278,993.45984,6.462178,47.597374,0.0,0.0
2019-02-20 16:00:00,39.17,304.87427,993.07776,6.237074,53.92496,0.0,0.0
2019-02-20 17:00:00,40.09,304.09726,993.0684,5.7333374,58.71226,0.0,0.0
2019-02-20 18:00:00,39.61,303.57022,993.1292,5.7431374,61.974792,0.0,0.0
2019-02-20 19:00:00,39.33,301.89832,993.1044,5.778229,69.13777,0.0,0.0
2019-02-20 20:00:00,39.27,301.37885,993.59924,5.089858,73.29353,0.0,0.0
2019-02-20 21:00:00,38.45,300.9441,993.9123,4.739727,77.294334,0.0,0.0
2019-02-20 22:00:00,38.04,300.73767,994.46173,4.7471824,80.03899,0.0,0.0
2019-02-20 23:00:00,38.42,301.85767,995.0986,5.798737,75.868935,0.0,0.0
2019-02-21 00:00:00,41.11,303.90192,995.43475,5.97267,66.363106,0.16931035,0.0
2019-02-21 01:00:00,40.71,306.41895,995.06055,6.1344776,55.34824,0.0,0.0
2019-02-21 02:00:00,40.73,308.7975,994.7498,6.3236656,45.829834,0.0,0.0
2019-02-21 03:00:00,40.53,310.9295,993.4902,6.3559866,37.7334,0.027731061,0.0
2019-02-21 04:00:00,40.31,312.70093,992.3872,6.08644,30.916855,0.03104657,0.0
2019-02-21 05:00:00,39.78,313.95416,990.9431,5.652656,25.930696,0.016376376,0.0
2019-02-21 06:00:00,39.32,314.7386,989.7287,5.321019,22.91743,0.00937283,0.0
2019-02-21 07:00:00,39.1,314.10938,989.8989,5.6289883,24.745806,0.015474856,0.0
2019-02-21 08:00:00,38.92,313.89847,989.1685,5.936354,24.65791,0.00230968,0.0
2019-02-21 09:00:00,38.59,312.9688,989.5016,5.8285346,25.61839,0.0,0.0
2019-02-21 10:00:00,38.23,310.31534,990.8954,4.789583,31.846424,0.007197261,0.0
2019-02-21 11:00:00,38.74,309.32645,992.4102,3.1686118,33.82436,0.2285093,0.0
2019-02-21 12:00:00,39.42,308.2697,993.285,3.817511,37.22232,0.3039837,0.0
2019-02-21 13:00:00,39.15,307.511,993.1239,3.894959,40.880295,0.0,0.0
2019-02-21 14:00:00,40.26,306.8421,993.0025,3.6338434,44.11934,0.0,0.0
2019-02-21 15:00:00,42.85,306.41083,992.5734,4.753531,46.958588,0.0,0.0
2019-02-21 16:00:00,44.25,305.6062,991.9916,5.226168,51.98483,0.0,0.0
2019-02-21 17:00:00,46.03,304.64886,991.84796,4.726245,56.85755,0.0,0.0
2019-02-21 18:00:00,48.12,303.88916,991.77264,4.2565737,60.98305,0.0,0.0
2019-02-21 19:00:00,49.23,302.5694,992.3156,3.82865,66.05412,0.0,0.0
2019-02-21 20:00:00,49.39,302.03247,992.6855,4.0091667,70.33482,0.0,0.0
2019-02-21 21:00:00,49.3,301.57288,992.9314,4.2603583,73.92933,0.0,0.0
2019-02-21 22:00:00,49.07,301.208,993.3413,4.533585,76.72086,0.0,0.0
2019-02-21 23:00:00,48.77,302.14594,994.15326,5.6529703,72.6043,0.0,0.0
2019-02-22 00:00:00,49.52,304.06897,994.7771,6.0989003,63.436817,0.642854,0.0
2019-02-22 01:00:00,49.68,306.14343,994.68353,6.3884287,54.389267,0.0,0.0
2019-02-22 02:00:00,49.42,308.19763,994.4185,6.1889467,46.6702,0.0,0.0
2019-02-22 03:00:00,47.62,309.94376,993.6439,5.7778554,40.141827,0.070244074,0.0
2019-02-22 04:00:00,45.16,311.40414,992.69977,5.550739,34.751408,0.06675348,0.0
2019-02-22 05:00:00,43.47,312.3578,991.5076,5.6804266,31.184286,0.04632771,0.0
2019-02-22 06:00:00,43.07,312.96634,990.5422,5.9188976,29.483524,0.01335144,0.0
2019-02-22 07:00:00,42.98,313.65576,989.35626,5.3044114,26.129883,0.010009113,0.0
2019-02-22 08:00:00,41.96,312.13483,989.2128,6.391292,28.703424,0.076486915,0.0
2019-02-22 09:00:00,41.92,309.55872,990.02795,6.3963656,35.707195,0.11434406,0.0
2019-02-22 10:00:00,43.87,309.32065,990.2188,4.5294595,37.719078,0.0,0.0
2019-02-22 11:00:00,45.8,308.74957,991.3719,3.8626978,40.165833,0.04749096,0.0
2019-02-22 12:00:00,47.33,307.89227,992.08435,4.15097,42.66375,0.033128746,0.0
2019-02-22 13:00:00,47.77,307.25684,992.48944,4.3403935,43.85311,0.0,0.0
2019-02-22 14:00:00,47.8,306.90198,992.97485,2.9665554,44.35465,0.0,0.0
2019-02-22 15:00:00,48.01,303.2248,994.0717,3.2187881,60.769737,2.881378,4.81
2019-02-22 16:00:00,47.06,301.09613,993.59515,3.414984,72.1016,1.8393397,12.61
2019-02-22 17:00:00,44.47,300.5601,992.5053,4.7358475,74.62176,0.001385808,7.5899997
2019-02-22 18:00:00,42.42,300.30768,991.77484,4.715299,75.36344,0.0,2.17
2019-02-22 19:00:00,39.74,300.73615,991.4275,2.788247,71.38448,0.0,0.0
2019-02-22 20:00:00,38.44,300.45224,991.6969,2.6558244,73.05987,0.0,0.0
2019-02-22 21:00:00,37.45,300.29382,991.96484,2.6075935,73.86433,0.0,0.0
2019-02-22 22:00:00,37.6,300.3168,992.52893,2.3937547,73.823364,0.0,0.0
2019-02-22 23:00:00,36.55,301.8703,993.003,2.8986275,66.7766,0.0,0.0
2019-02-23 00:00:00,40.12,303.89813,993.6247,3.1624975,62.38972,5.200649,0.0
2019-02-23 01:00:00,38.71,305.6314,993.5641,2.905936,57.30663,0.0,0.0
2019-02-23 02:00:00,38.69,307.18857,993.3812,1.8145663,50.48112,0.0,0.0
2019-02-23 03:00:00,37.71,308.79144,992.54065,1.232354,43.35302,0.040218234,0.0
2019-02-23 04:00:00,35.17,310.21136,991.54065,0.61046034,35.428734,0.041056424,0.0
2019-02-23 05:00:00,33.2,311.3571,990.29596,0.7952812,29.818218,0.017806888,0.0
2019-02-23 06:00:00,32.08,312.3606,989.5361,0.77617276,25.904009,0.0031031668,0.0
2019-02-23 07:00:00,31.47,312.81995,988.6135,1.2654343,22.547962,0.0,0.0
2019-02-23 08:00:00,30.68,312.89386,988.42,1.7030308,20.389072,0.0,0.0
2019-02-23 09:00:00,29.77,312.90814,988.26685,2.186864,19.49823,0.0,0.0
2019-02-23 10:00:00,29.08,312.23584,988.6946,2.8182838,20.826567,0.0,0.0
2019-02-23 11:00:00,29.12,310.68317,989.1166,4.3843193,25.08459,0.0,0.0
2019-02-23 12:00:00,28.82,308.89838,989.9402,5.931649,34.38973,0.0,0.0
2019-02-23 13:00:00,28.1,307.51648,990.16077,6.020302,42.703712,0.0,0.0
2019-02-23 14:00:00,27.67,306.5344,990.33344,5.3692827,46.192677,0.0,0.0
2019-02-23 15:00:00,26.43,305.4796,990.34314,4.4528174,49.84605,0.0,0.0
2019-02-23 16:00:00,25.12,304.52917,990.22144,3.6477566,53.9418,0.0,0.0
2019-02-23 17:00:00,24.22,303.5584,990.1919,3.0166323,58.690052,0.0,0.0
2019-02-23 18:00:00,24.34,302.63037,990.3113,2.2439845,64.651855,0.0,0.0
2019-02-23 19:00:00,26.03,301.6195,990.5239,3.4169958,68.10459,0.0,0.0
2019-02-23 20:00:00,27.01,300.9584,990.6838,3.053023,72.56937,0.0,0.0
2019-02-23 21:00:00,27.86,300.44617,991.2339,2.7847245,76.195885,0.0,0.0
2019-02-23 22:00:00,26.8,300.16107,991.9116,2.539559,78.644485,0.0,0.0
2019-02-23 23:00:00,25.1,302.11646,992.46594,3.1581316,70.85475,0.0,0.0
2019-02-24 00:00:00,23.69,304.47037,992.329,3.4754121,60.888588,0.105193935,0.0
2019-02-24 01:00:00,23.95,307.091,992.15845,3.2100747,49.54956,0.0,0.0
2019-02-24 02:00:00,23.41,309.65424,991.5399,2.8977978,37.82697,0.0,0.0
2019-02-24 03:00:00,22.84,311.79184,990.66296,2.054819,27.215025,0.0,0.0
2019-02-24 04:00:00,23.62,313.2232,989.6024,1.012133,19.93694,0.0,0.0
2019-02-24 05:00:00,25.42,314.22522,988.71063,0.64050287,14.711094,0.0,0.0
2019-02-24 06:00:00,28.15,314.7796,987.9352,0.8616971,12.7729225,0.0,0.0
2019-02-24 07:00:00,28.52,314.9718,986.8697,1.502877,13.106664,0.0,0.0
2019-02-24 08:00:00,28.14,315.10773,986.79047,1.3431346,11.9406805,0.0,0.0
2019-02-24 09:00:00,27.13,314.86285,986.9236,1.1565114,11.177387,0.0,0.0
2019-02-24 10:00:00,27.4,314.2392,987.64844,1.111894,11.213976,0.0,0.0
2019-02-24 11:00:00,28.2,312.92084,988.0988,2.095205,13.2909775,0.0,0.0
2019-02-24 12:00:00,26.6,311.19196,989.05237,2.580002,16.537046,0.0,0.0
2019-02-24 13:00:00,24.22,309.59918,989.44775,2.966483,20.109411,0.0,0.0
2019-02-24 14:00:00,22.62,308.20056,989.7683,4.093809,24.53954,0.0,0.0
2019-02-24 15:00:00,21.58,306.6663,989.9057,4.916011,33.64974,0.0,0.0
2019-02-24 16:00:00,21.23,305.36594,989.5605,5.108981,42.35278,0.0,0.0
2019-02-24 17:00:00,22.3,304.43335,989.46674,5.08275,49.869164,0.0,0.0
2019-02-24 18:00:00,22.42,303.7578,989.74,3.8664007,55.29642,0.0,0.0
2019-02-24 19:00:00,24.05,302.48895,990.9721,3.5078118,56.706356,0.0,0.0
2019-02-24 20:00:00,25.23,301.7596,991.64514,3.4556615,63.79052,0.0,0.0
2019-02-24 21:00:00,25.69,301.24127,992.32983,3.7225354,71.42395,0.0,0.0
2019-02-24 22:00:00,26.05,300.93817,993.0,3.5696728,78.038315,0.0,0.0
2019-02-24 23:00:00,27.04,302.31314,993.72046,3.9507918,75.64922,0.0,0.0
2019-02-25 00:00:00,28.99,304.53577,994.22516,3.6998353,65.952576,0.001710529,0.0
2019-02-25 01:00:00,30.04,307.06125,994.32886,3.6876836,53.444828,0.0,0.0
2019-02-25 02:00:00,30.73,309.5248,993.8798,4.175165,42.642685,0.0,0.0
2019-02-25 03:00:00,30.57,311.67627,993.09607,4.437062,34.234203,0.0012889504,0.0
2019-02-25 04:00:00,31.01,313.26166,991.98413,3.833716,27.118567,0.0,0.0
2019-02-25 05:00:00,31.8,314.1346,991.0884,2.7238235,22.2201,0.0,0.0
2019-02-25 06:00:00,33.15,314.297,990.3272,1.7475636,19.962702,0.0,0.0
2019-02-25 07:00:00,33.67,314.34424,990.22266,1.2552154,16.457928,0.0,0.0
2019-02-25 08:00:00,33.64,314.3163,989.91425,2.821044,16.24228,0.0,0.0
2019-02-25 09:00:00,34.45,313.69788,990.04486,3.4143813,16.645247,0.008240342,0.0
2019-02-25 10:00:00,36.27,312.83722,990.52374,3.2417033,17.522343,0.0,0.0
2019-02-25 11:00:00,37.98,311.9963,991.1128,4.1605635,19.554226,0.0,0.0
2019-02-25 12:00:00,36.63,309.8317,991.6072,6.206531,28.024574,0.0,0.0
2019-02-25 13:00:00,37.54,307.42102,991.91565,6.669738,38.738003,0.0,0.0
2019-02-25 14:00:00,40.32,306.06842,992.0575,4.975333,44.209255,0.0,0.0
2019-02-25 15:00:00,42.56,305.23755,992.1351,4.0392847,47.76981,0.0,0.0
2019-02-25 16:00:00,41.94,304.5198,992.2656,3.6997092,51.35638,0.0,0.0
2019-02-25 17:00:00,41.66,304.00797,992.85876,3.3011322,54.1799,0.0,0.0
2019-02-25 18:00:00,41.98,303.57385,993.03204,2.1690443,57.149742,0.0,0.0
2019-02-25 19:00:00,41.47,302.61572,992.7706,2.6878948,59.646843,0.0,0.0
2019-02-25 20:00:00,42.59,302.04956,993.3546,2.5587554,65.49915,0.0,0.0
2019-02-25 21:00:00,43.98,301.56445,993.71576,2.2006447,70.82593,0.0,0.0
2019-02-25 22:00:00,45.03,301.30823,994.327,1.5362946,74.29237,0.0,0.0
2019-02-25 23:00:00,44.34,302.35046,995.03955,0.9477514,71.38771,0.0,0.0
2019-02-26 00:00:00,41.86,304.16885,995.38873,0.55672264,63.38466,0.01038909,0.0
2019-02-26 01:00:00,41.27,306.6051,995.28906,0.7935278,52.35849,0.0,0.0
2019-02-26 02:00:00,40.62,309.0629,994.46985,0.5082528,40.241676,0.0,0.0
2019-02-26 03:00:00,40.89,311.15863,993.33704,1.3073016,30.516165,0.024199486,0.0
2019-02-26 04:00:00,40.68,312.65326,992.2707,1.5241283,25.629484,0.0068172812,0.0
2019-02-26 05:00:00,39.84,313.763,991.34656,2.330662,22.020895,0.0,0.0
2019-02-26 06:00:00,38.9,314.64896,990.31885,2.8543313,19.791672,0.0,0.0
2019-02-26 07:00:00,38.36,314.86493,989.52545,2.937839,16.776285,0.0,0.0
2019-02-26 08:00:00,38.56,315.25732,989.17267,3.5282223,15.531103,0.0,0.53999996
2019-02-26 09:00:00,38.89,314.15057,989.4589,5.3696337,16.432547,0.0,0.089999996
2019-02-26 10:00:00,39.73,312.76746,990.2294,6.3121047,18.028864,0.0,0.37
2019-02-26 11:00:00,40.19,311.93124,990.9014,3.7948153,19.07977,0.0,0.0
2019-02-26 12:00:00,39.23,311.17706,991.9147,3.821234,20.318974,0.0,0.0
2019-02-26 13:00:00,38.4,310.32758,992.29987,3.613861,21.941946,0.0,0.0
2019-02-26 14:00:00,38.12,309.48846,992.66125,3.2826934,23.510818,0.0,0.0
2019-02-26 15:00:00,39.0,308.81183,992.6481,3.1341825,24.732365,0.0,0.0
2019-02-26 16:00:00,40.28,307.85355,992.4402,2.7565742,26.557339,0.0,0.0
2019-02-26 17:00:00,40.6,306.17786,992.59576,4.838234,33.63159,0.030910108,0.0
2019-02-26 18:00:00,41.31,304.51526,992.4636,4.86613,48.60613,0.0,0.51
2019-02-26 19:00:00,40.49,302.9911,992.1298,2.431068,60.694134,0.0,0.0
2019-02-26 20:00:00,40.87,302.6876,992.52905,2.3464286,62.72212,0.0,0.0
2019-02-26 21:00:00,40.9,302.43304,992.9982,2.9091172,64.47688,0.0,0.0
2019-02-26 22:00:00,39.31,302.1834,993.36096,2.9067898,66.08095,0.0,0.0
2019-02-26 23:00:00,37.92,303.03418,993.9947,3.2550113,62.8328,0.0,0.0
2019-02-27 00:00:00,38.58,305.18002,994.3095,3.5895755,54.151154,0.065815024,0.0
2019-02-27 01:00:00,37.55,307.56805,994.0494,3.629052,45.359753,0.0,0.0
2019-02-27 02:00:00,37.46,309.71426,993.35,3.2679033,37.420963,0.0,0.0
2019-02-27 03:00:00,37.97,311.3866,992.25354,2.2250836,30.940073,0.0,0.0
2019-02-27 04:00:00,37.28,311.98834,991.4322,0.58194727,26.43786,0.0,0.0
2019-02-27 05:00:00,36.58,313.04736,990.3572,1.7462883,23.405092,0.0,0.0
2019-02-27 06:00:00,37.08,313.5797,989.5753,1.6517465,22.159704,0.0,0.0
2019-02-27 07:00:00,39.7,313.27655,989.40204,1.5422132,22.33703,0.0,0.0
2019-02-27 08:00:00,41.7,313.11176,989.1164,1.6737525,22.051538,0.0,1.69
2019-02-27 09:00:00,41.36,312.9519,989.21844,2.0245087,21.892271,0.0,10.299999
2019-02-27 10:00:00,39.78,312.4354,989.64453,2.2429013,22.133484,0.0,0.78999996
2019-02-27 11:00:00,37.28,311.1344,990.53906,3.8608446,23.986605,0.0,0.0
2019-02-27 12:00:00,37.18,310.46344,991.4774,2.914384,24.703686,0.0,0.0
2019-02-27 13:00:00,38.07,310.23615,991.6342,0.8444834,24.871141,0.0,0.0
2019-02-27 14:00:00,38.87,309.3059,991.97314,1.8361837,26.595783,0.0,0.0
2019-02-27 15:00:00,39.62,307.91022,991.8136,2.2954433,29.823202,0.0,0.0
2019-02-27 16:00:00,41.27,307.03873,991.65076,2.7129548,32.505398,0.0,0.0
2019-02-27 17:00:00,42.65,305.90775,991.6713,4.089308,38.827675,0.0,0.0
2019-02-27 18:00:00,43.85,304.47614,992.0759,4.7177334,51.13843,0.0,0.0
2019-02-27 19:00:00,43.69,301.9713,992.5605,2.2520132,57.630367,0.0,0.12
2019-02-27 20:00:00,43.56,301.7976,993.1291,2.1723633,59.085663,0.0,0.0
2019-02-27 21:00:00,43.52,301.58197,992.99396,2.4820945,60.928925,0.0,0.0
2019-02-27 22:00:00,43.6,301.37817,993.52344,2.741455,63.143414,0.0,0.0
2019-02-27 23:00:00,42.75,302.3051,994.3697,3.3139312,61.417778,0.0,0.0
2019-02-28 00:00:00,39.42,303.89203,995.0332,3.2379205,56.27508,0.0,0.0
2019-02-28 01:00:00,38.13,306.1582,994.51135,3.2568016,48.298603,0.0,0.0
2019-02-28 02:00:00,36.6,308.5415,993.9076,3.2911081,40.287807,0.0,0.0
2019-02-28 03:00:00,35.81,310.44968,992.5159,2.8430002,34.259174,0.0034347177,0.0
2019-02-28 04:00:00,35.16,311.61194,991.77155,0.5806352,29.092848,0.0,0.0
2019-02-28 05:00:00,34.12,312.6468,990.7508,1.508784,26.169228,0.0,0.0
2019-02-28 06:00:00,32.94,313.0633,990.2297,1.7284873,25.2253,0.0,0.0
2019-02-28 07:00:00,33.63,312.889,989.2503,1.502019,25.070227,0.0,0.0
2019-02-28 08:00:00,36.12,313.0929,989.0847,1.8450725,24.310259,0.0,0.0
2019-02-28 09:00:00,38.77,312.83038,988.8578,1.8542172,24.122051,0.0038817525,0.0
2019-02-28 10:00:00,40.35,312.22913,989.9389,3.3689961,24.370394,0.030435622,0.81
2019-02-28 11:00:00,41.03,309.21686,991.28284,3.2808824,31.130764,1.4667064,0.099999994
2019-02-28 12:00:00,40.96,306.70355,992.6234,5.759509,42.027138,0.21259789,0.0
2019-02-28 13:00:00,41.98,304.77594,992.47736,5.3750253,53.452446,0.0,0.0
2019-02-28 14:00:00,42.78,304.50443,992.41656,4.708374,55.021126,0.0,0.0
2019-02-28 15:00:00,42.74,304.35672,992.28217,4.5790005,55.020523,0.0,0.07
2019-02-28 16:00:00,43.11,303.91418,992.58435,3.8047879,56.298756,0.024721026,0.0
2019-02-28 17:00:00,43.48,303.34363,992.19275,3.4454482,58.34056,0.021472573,0.0
2019-02-28 18:00:00,43.14,302.87973,992.0401,4.0089726,60.21896,0.0,0.0
2019-02-28 19:00:00,41.56,300.99725,992.4986,2.8044245,70.85418,0.0757277,0.0
2019-02-28 20:00:00,42.11,300.57562,992.4936,2.7211456,72.68479,0.0218153,0.0
2019-02-28 21:00:00,42.5,300.46185,992.945,2.4147556,72.814285,0.0,0.0
2019-02-28 22:00:00,43.08,300.4157,993.04205,2.3750648,72.890335,0.0,0.0
2019-02-28 23:00:00,42.85,301.54395,993.96326,2.9640524,67.25333,0.0,0.0
2019-03-01 00:00:00,38.92,303.4323,994.1565,2.70139,59.544468,1.8612474,0.0
2019-03-01 01:00:00,38.38,305.47076,994.2395,2.0898516,51.511063,0.0,0.0
2019-03-01 02:00:00,37.94,307.43073,993.7525,1.6051053,43.891403,0.0,0.07
2019-03-01 03:00:00,37.26,309.22137,992.6144,1.3586241,37.13813,0.0,0.0
2019-03-01 04:00:00,37.01,310.6158,991.6514,1.391397,31.487104,0.0,0.0
2019-03-01 05:00:00,37.49,311.56714,990.7659,2.5303183,28.433994,0.0,0.0
2019-03-01 06:00:00,37.57,311.95093,989.9247,2.6868324,27.242365,0.0,0.0
2019-03-01 07:00:00,36.54,311.45203,990.02155,1.8248912,25.11951,0.0,0.0
2019-03-01 08:00:00,36.4,311.46103,990.05414,1.812577,25.057575,0.0,0.0
2019-03-01 09:00:00,37.59,310.80417,989.9872,1.2037767,25.953108,0.027798116,0.0
2019-03-01 10:00:00,39.86,309.9043,990.74615,0.60609865,27.17487,0.0,0.0
2019-03-01 11:00:00,41.59,308.8979,991.6861,0.8367359,29.371475,0.009037554,0.0
2019-03-01 12:00:00,42.84,308.4492,992.2791,3.560128,31.157175,0.0037699938,0.06
2019-03-01 13:00:00,42.63,306.7209,992.9981,5.015126,36.96219,0.0,0.59999996
2019-03-01 14:00:00,41.81,305.67966,993.1902,3.5686202,40.575687,0.012680888,0.78
2019-03-01 15:00:00,42.11,305.13263,993.6447,3.0766656,42.432045,0.009074807,2.8400002
2019-03-01 16:00:00,43.94,304.68073,993.5079,4.0466824,43.80555,0.0038594007,4.61
2019-03-01 17:00:00,44.37,304.4663,992.615,4.314925,43.91085,0.0,2.08
2019-03-01 18:00:00,43.48,304.21234,992.07776,4.3409033,43.82946,0.0,0.21999998
2019-03-01 19:00:00,43.48,303.35608,993.2003,4.5407796,44.398544,0.0,0.01
2019-03-01 20:00:00,44.21,302.48517,993.64594,3.275535,49.55333,0.0,0.11
2019-03-01 21:00:00,44.2,301.9004,994.02454,2.7358143,54.68414,0.0,0.21
2019-03-01 22:00:00,42.64,301.65048,994.09216,2.4880912,59.30747,0.0,0.0
2019-03-01 23:00:00,41.77,302.34778,994.4646,3.217504,61.575962,0.0,0.0
2019-03-02 00:00:00,39.42,304.04626,994.63257,3.654017,57.362206,0.067561865,0.0
2019-03-02 01:00:00,39.65,306.15353,994.6646,3.5838451,48.474777,0.0,0.0
2019-03-02 02:00:00,41.18,308.02798,993.97815,3.0827246,39.82666,0.0,0.0
2019-03-02 03:00:00,42.58,309.50775,993.2441,2.53436,34.215942,0.028122216,0.0
2019-03-02 04:00:00,42.9,310.46548,992.3842,1.24603,29.559914,0.006940216,0.0
2019-03-02 05:00:00,42.16,311.104,991.3158,0.86759377,26.63563,0.001385808,0.0
2019-03-02 06:00:00,41.65,311.35876,990.6813,0.7845312,25.627495,0.0,0.0
2019-03-02 07:00:00,41.21,307.8968,991.187,3.2614827,37.897682,0.1681298,0.0
2019-03-02 08:00:00,42.11,308.127,990.9941,2.8313453,36.082733,0.033721328,0.0
2019-03-02 09:00:00,43.97,308.01385,991.1809,3.1363149,35.572754,0.0,0.0
2019-03-02 10:00:00,46.24,306.68787,992.21075,0.7602681,38.839367,0.036247075,0.25
2019-03-02 11:00:00,47.28,306.4563,992.8018,2.4469757,40.09056,0.0,0.25
2019-03-02 12:00:00,46.63,305.97278,993.0771,1.6150723,42.2297,0.0,2.65
2019-03-02 13:00:00,46.88,305.74445,993.3745,1.5651261,43.853165,0.0,1.89
2019-03-02 14:00:00,46.75,305.49847,993.28577,2.4330976,45.984833,0.0,2.06
2019-03-02 15:00:00,45.49,304.96976,992.9324,3.0924377,48.57801,0.0,1.8199999
2019-03-02 16:00:00,45.18,304.4553,992.34546,3.311672,50.53544,0.0,3.17
2019-03-02 17:00:00,44.99,304.0267,991.7365,3.1070504,51.727314,0.0,1.8899999
2019-03-02 18:00:00,44.24,303.64746,991.7864,2.5777996,52.51789,0.0,2.83
2019-03-02 19:00:00,43.4,302.09677,991.64404,1.8788075,61.653893,0.0,0.94
2019-03-02 20:00:00,43.21,301.8422,991.76025,1.4839427,63.54541,0.0,0.0
2019-03-02 21:00:00,42.77,301.68298,992.63086,0.8991742,65.35338,0.0,0.0
2019-03-02 22:00:00,42.39,301.45084,992.90515,0.9449169,67.413155,0.0,0.0
2019-03-02 23:00:00,41.49,302.70868,993.7257,1.2492152,59.44147,0.0,0.0
2019-03-03 00:00:00,42.81,304.97522,993.9414,1.897258,47.3286,0.27551055,0.0
2019-03-03 01:00:00,42.5,307.1701,993.9489,2.5001538,38.407337,0.0,0.0
2019-03-03 02:00:00,43.37,309.06714,993.21875,2.8203876,32.21684,0.0,0.0
2019-03-03 03:00:00,43.25,310.88235,992.2556,3.2563965,26.439936,0.0,0.0
2019-03-03 04:00:00,41.81,311.98712,991.28046,3.9197142,23.031656,0.0,0.0
2019-03-03 05:00:00,39.66,313.0727,990.12805,4.6758237,20.767326,0.0,0.0
2019-03-03 06:00:00,38.42,313.9261,989.258,5.5324454,19.222202,0.0,0.0
2019-03-03 07:00:00,38.98,313.14807,988.6058,5.1007524,20.08072,0.0,0.0
2019-03-03 08:00:00,40.64,313.17493,988.4391,4.927538,19.00539,0.0,0.0
2019-03-03 09:00:00,41.3,312.82156,988.7176,4.5834746,18.382338,0.0,0.0
2019-03-03 10:00:00,40.79,312.2181,989.5836,4.1854033,18.184557,0.0,0.0
2019-03-03 11:00:00,40.3,311.3816,989.89044,2.837022,18.964314,0.0,0.0
2019-03-03 12:00:00,40.33,310.65796,990.38336,2.111516,20.06044,0.0,0.0
2019-03-03 13:00:00,40.93,309.62164,990.71844,1.6854651,22.053736,0.0,0.0
2019-03-03 14:00:00,40.96,308.38342,990.6689,1.2789515,24.978764,0.0,0.0
2019-03-03 15:00:00,39.41,307.10193,990.7804,1.6386884,27.227392,0.0,0.0
2019-03-03 16:00:00,37.97,306.52686,990.6841,3.1647053,28.19054,0.0,0.0
2019-03-03 17:00:00,37.05,306.33105,990.5408,4.427328,27.914057,0.0,0.0
2019-03-03 18:00:00,36.58,306.44623,990.83405,5.4362173,26.751959,0.0,0.0
2019-03-03 19:00:00,36.98,303.07245,991.59564,5.805313,47.104973,0.0,0.0
2019-03-03 20:00:00,37.4,302.1228,991.66376,5.3582387,60.480755,0.0,0.0
2019-03-03 21:00:00,36.61,301.69775,992.28955,4.9607897,66.450905,0.0,0.0
2019-03-03 22:00:00,36.73,301.56512,992.6937,4.410708,69.22479,0.0,0.0
2019-03-03 23:00:00,36.03,303.0193,993.20557,4.5244246,64.44841,0.0,0.0
2019-03-04 00:00:00,36.05,305.56866,993.3797,4.3727226,53.070164,0.0,0.0
2019-03-04 01:00:00,35.27,308.20013,993.3674,3.4240005,41.19469,0.0,0.0
2019-03-04 02:00:00,35.01,310.07642,992.7717,1.2993804,31.444798,0.0,0.0
2019-03-04 03:00:00,35.26,311.3831,992.28156,2.9602566,25.82476,0.0,0.0
2019-03-04 04:00:00,35.24,312.0963,991.2297,4.1118135,23.764416,0.0,0.0
2019-03-04 05:00:00,35.25,312.91888,990.31775,4.8359876,20.87855,0.0,0.0
2019-03-04 06:00:00,35.34,313.17877,989.44147,4.8857956,18.90727,0.0,0.0
2019-03-04 07:00:00,35.48,313.97763,988.92303,4.789261,15.565446,0.0,0.0
2019-03-04 08:00:00,35.27,314.19122,989.0544,5.27913,14.749059,0.0,0.0
2019-03-04 09:00:00,34.55,313.68292,989.31506,5.4561987,14.854637,0.0,0.0
2019-03-04 10:00:00,33.31,312.7375,990.18536,4.893991,15.570281,0.0,0.0
2019-03-04 11:00:00,31.7,311.84332,990.54596,4.281695,16.438793,0.0,0.0
2019-03-04 12:00:00,30.19,310.9572,991.30084,3.6225111,17.278791,0.0,0.0
2019-03-04 13:00:00,30.37,309.93707,991.33374,3.0046875,18.262825,0.0,0.0
2019-03-04 14:00:00,30.7,309.1303,991.55475,2.7387283,19.109169,0.0,0.0
2019-03-04 15:00:00,31.93,308.20364,991.3682,3.0136135,20.103743,0.0,0.0
2019-03-04 16:00:00,32.81,307.17194,990.9995,2.9200861,21.445272,0.0,0.0
2019-03-04 17:00:00,33.92,305.9077,990.9835,3.2392745,24.863552,0.0,0.0
2019-03-04 18:00:00,35.47,304.14285,991.46655,4.615955,39.00215,0.0,0.0
2019-03-04 19:00:00,35.61,302.01062,991.51514,5.267138,64.656975,0.0,0.0
2019-03-04 20:00:00,35.2,301.72388,991.72107,5.157277,67.23155,0.0,0.0
2019-03-04 21:00:00,34.86,301.53918,991.83295,4.6514797,68.826485,0.0,0.0
2019-03-04 22:00:00,34.34,301.34436,992.42365,3.5508635,71.24071,0.0,0.0
2019-03-04 23:00:00,35.4,302.5835,992.983,3.6637633,67.171036,0.0,0.0
2019-03-05 00:00:00,35.69,304.90915,993.3525,3.6778743,56.46779,0.0017046927,0.0
2019-03-05 01:00:00,35.45,307.49255,993.16547,3.6797144,44.834106,0.0,0.0
2019-03-05 02:00:00,35.06,309.86346,992.6344,3.470011,35.31202,0.0,0.0
2019-03-05 03:00:00,34.97,311.52203,991.8061,1.7688266,27.362543,0.0,0.0
2019-03-05 04:00:00,35.06,312.29913,991.0896,1.942665,21.737503,0.0,0.0
2019-03-05 05:00:00,35.66,312.7286,990.1141,2.318921,20.379974,0.0,0.0
2019-03-05 06:00:00,35.9,313.43332,989.3592,2.5771217,18.597668,0.0,0.0
2019-03-05 07:00:00,35.31,314.5905,988.49084,3.3389962,16.628841,0.0,0.0
2019-03-05 08:00:00,35.74,314.65802,988.33563,3.4718957,15.966584,0.0,0.0
2019-03-05 09:00:00,36.02,314.32562,988.61,3.7595768,15.4704895,0.0,0.0
2019-03-05 10:00:00,34.8,313.6102,989.2391,3.5169692,15.638939,0.0,0.0
2019-03-05 11:00:00,33.55,313.12283,989.6647,2.8003614,15.908936,0.0,0.0
2019-03-05 12:00:00,32.52,312.44366,990.5616,2.3296876,16.335524,0.0,0.0
2019-03-05 13:00:00,32.44,311.4817,990.96545,2.5978453,17.020792,0.0,0.0
2019-03-05 14:00:00,32.76,310.29257,991.3855,2.8178403,17.894264,0.0,0.0
2019-03-05 15:00:00,33.11,308.87814,990.99646,2.0331898,19.410933,0.0,0.0
2019-03-05 16:00:00,34.44,307.52618,991.05396,2.170878,22.338753,0.0,0.0
2019-03-05 17:00:00,36.92,305.4526,991.59467,5.4744816,38.357864,0.0,0.0
2019-03-05 18:00:00,39.68,303.24765,992.06885,5.759154,61.783855,0.0,0.0
2019-03-05 19:00:00,40.63,302.82056,992.1371,5.4763155,58.28759,0.0,0.0
2019-03-05 20:00:00,40.65,301.74396,992.1311,4.658655,71.73544,0.0,0.0
2019-03-05 21:00:00,40.36,301.28546,992.4129,4.266156,74.404236,0.0,0.0
2019-03-05 22:00:00,39.49,301.11902,992.73,3.7788143,74.43488,0.0,0.0
2019-03-05 23:00:00,39.1,302.48486,993.6228,4.532342,67.265205,0.0,0.0
2019-03-06 00:00:00,39.01,304.74252,993.9342,4.6015515,55.88209,0.0,0.0
2019-03-06 01:00:00,38.1,306.97992,993.7408,3.9052575,46.568367,0.0,0.0
2019-03-06 02:00:00,36.96,309.13654,993.09326,3.275947,38.77184,0.0,0.0
2019-03-06 03:00:00,36.94,311.01654,992.3547,2.2292147,30.819479,0.0,0.0
2019-03-06 04:00:00,36.38,311.90784,991.545,1.150169,25.19439,0.0,0.0
2019-03-06 05:00:00,36.04,312.5901,990.48737,2.0946314,22.207693,0.0,0.0
2019-03-06 06:00:00,36.56,313.46222,989.3706,2.734103,20.314783,0.0,0.0
2019-03-06 07:00:00,36.98,315.16425,988.14844,3.664962,16.492634,0.0,0.0
2019-03-06 08:00:00,37.69,315.42102,987.98,4.0663037,15.381169,0.0,0.0
2019-03-06 09:00:00,37.77,315.0436,988.0733,4.302249,15.086447,0.0,0.0
2019-03-06 10:00:00,38.03,314.322,988.4968,4.1675706,15.206383,0.0,0.0
2019-03-06 11:00:00,37.8,313.68518,989.253,3.760254,15.514451,0.0,0.0
2019-03-06 12:00:00,37.01,312.64987,990.09607,3.7835217,16.161133,0.0,0.0
2019-03-06 13:00:00,36.34,311.70557,990.6886,3.7186549,16.786512,0.0,0.0
2019-03-06 14:00:00,35.07,310.62152,990.9567,3.5919828,17.685627,0.0,0.0
2019-03-06 15:00:00,34.65,309.6931,990.93054,3.376086,18.607458,0.0,0.0
2019-03-06 16:00:00,34.97,308.2268,990.71,2.6792514,20.59103,0.0,0.0
2019-03-06 17:00:00,35.89,306.64734,991.1033,3.834027,28.344082,0.0,0.0
2019-03-06 18:00:00,38.05,304.6125,991.5745,4.8270106,50.78482,0.0,0.0
2019-03-06 19:00:00,38.71,303.15833,991.48975,5.384262,68.01813,0.0,0.0
2019-03-06 20:00:00,38.43,302.53748,991.7922,4.7713056,73.54728,0.0,0.0
2019-03-06 21:00:00,37.42,302.0412,992.1765,4.353265,77.896996,0.0,0.0
2019-03-06 22:00:00,36.71,301.7005,992.6292,3.8935735,80.62639,0.0,0.0
2019-03-06 23:00:00,36.49,302.82166,993.3347,4.6868896,75.01108,0.0,0.0
2019-03-07 00:00:00,34.59,305.00293,993.84155,4.645811,63.25212,0.0,0.0
2019-03-07 01:00:00,34.92,307.4147,993.7511,3.873631,51.476788,0.0,0.0
2019-03-07 02:00:00,33.93,309.5349,993.3311,2.7080348,42.47127,0.0,0.0
2019-03-07 03:00:00,33.86,311.24393,992.71576,0.84972525,33.524902,0.0,0.0
2019-03-07 04:00:00,36.53,312.67322,992.0147,1.9940525,26.553015,0.0,0.0
2019-03-07 05:00:00,39.12,313.0116,991.0718,3.409914,24.82282,0.0,0.0
2019-03-07 06:00:00,40.68,313.35376,990.2171,3.833887,23.587677,0.0,0.0
2019-03-07 07:00:00,38.34,313.95563,989.56555,3.9652765,18.831434,0.0,0.0
2019-03-07 08:00:00,36.6,314.0053,988.7596,3.3016152,17.3067,0.0,0.0
2019-03-07 09:00:00,35.83,313.92175,989.0377,2.7708101,16.26372,0.0,0.0
2019-03-07 10:00:00,34.86,313.08325,989.4239,1.8046058,16.940004,0.0,0.0
2019-03-07 11:00:00,33.35,311.46933,989.9426,2.626587,21.137644,0.0,0.0
2019-03-07 12:00:00,32.09,309.83276,991.0753,4.668501,28.686348,0.0,0.0
2019-03-07 13:00:00,31.84,307.57095,991.6886,5.627147,39.634617,0.0,0.0
2019-03-07 14:00:00,31.84,305.70898,992.5586,6.088211,51.518803,0.0,0.0
2019-03-07 15:00:00,32.49,304.57834,992.5575,5.415363,57.24113,0.0,0.0
2019-03-07 16:00:00,34.04,304.08676,992.21643,4.78479,59.88664,0.0,0.0
2019-03-07 17:00:00,35.74,303.52737,992.0469,4.3595834,63.313396,0.0,0.0
2019-03-07 18:00:00,37.28,302.8999,991.63776,4.116249,67.348175,0.0,0.0
2019-03-07 19:00:00,37.89,302.47275,992.33,3.1255538,67.80756,0.0,0.0
2019-03-07 20:00:00,38.15,302.125,992.7257,2.843091,70.9804,0.0,0.0
2019-03-07 21:00:00,38.05,301.862,993.04614,2.269825,73.54036,0.0,0.0
2019-03-07 22:00:00,37.22,301.63705,994.1147,1.5304255,75.567955,0.0,0.0
2019-03-07 23:00:00,36.71,302.51025,994.9412,1.540584,72.72707,0.0,0.0
2019-03-08 00:00:00,35.25,304.15506,995.3231,1.4127989,65.28946,0.0,0.0
2019-03-08 01:00:00,34.2,306.43268,995.14514,1.7309861,54.9764,0.0,0.0
2019-03-08 02:00:00,32.17,308.94498,994.4864,2.0176613,43.92665,0.0,0.0
2019-03-08 03:00:00,30.26,311.18787,993.41077,1.2232732,32.00224,0.0,0.0
2019-03-08 04:00:00,29.88,312.9096,992.3347,1.6950524,22.446815,0.0,0.0
2019-03-08 05:00:00,29.63,314.31885,990.9649,2.890054,17.663448,0.0,0.0
2019-03-08 06:00:00,28.88,315.2967,990.02924,3.479171,14.953414,0.0,0.0
2019-03-08 07:00:00,27.02,316.6941,988.6934,4.4779816,10.409866,0.0,0.0
2019-03-08 08:00:00,24.07,316.9084,988.5796,5.162204,9.122558,0.0,0.0
2019-03-08 09:00:00,21.81,316.46417,988.6728,5.6997952,8.738257,0.0,0.0
2019-03-08 10:00:00,20.47,315.07367,989.44385,5.008013,9.130172,0.0,0.0
2019-03-08 11:00:00,19.68,313.52722,990.28674,4.4622784,9.76709,0.0,0.0
2019-03-08 12:00:00,19.28,312.1912,991.4277,4.1476274,10.430165,0.0,0.0
2019-03-08 13:00:00,20.4,310.90924,991.9426,4.0030565,11.227589,0.0,0.0
2019-03-08 14:00:00,21.76,309.8573,992.21423,3.7761805,12.030959,0.0,0.0
2019-03-08 15:00:00,22.6,308.24554,992.09204,2.996562,13.580762,0.0,0.0
2019-03-08 16:00:00,24.58,306.04688,992.08716,4.3095665,23.633007,0.0,0.0
2019-03-08 17:00:00,26.79,304.06424,992.24536,5.4130774,47.820942,0.0,0.0
2019-03-08 18:00:00,28.69,303.00037,992.72,4.8646827,61.84667,0.0,0.0
2019-03-08 19:00:00,29.87,302.41687,993.0701,4.860687,68.764534,0.0,0.0
2019-03-08 20:00:00,30.75,301.93903,993.1853,4.6569715,72.27872,0.0,0.0
2019-03-08 21:00:00,30.06,301.57547,993.57275,4.4313917,75.27595,0.0,0.0
2019-03-08 22:00:00,29.42,301.31042,994.04443,3.9095452,77.349434,0.0,0.0
2019-03-08 23:00:00,28.91,302.5772,994.48846,4.3856025,71.57001,0.0,0.0
2019-03-09 00:00:00,27.88,304.88675,994.8283,4.108926,60.259335,0.0,0.0
2019-03-09 01:00:00,27.07,307.3495,994.77344,3.353716,49.123245,0.0,0.0
2019-03-09 02:00:00,26.32,309.80826,994.15265,2.6664321,38.674286,0.0,0.0
2019-03-09 03:00:00,25.52,312.0006,992.78925,1.32936,28.413054,0.0,0.0
2019-03-09 04:00:00,25.06,313.87912,991.70154,1.2014791,19.42493,0.0,0.0
2019-03-09 05:00:00,24.62,315.58032,990.22943,3.6973677,13.733174,0.0,0.0
2019-03-09 06:00:00,23.45,316.18634,989.33374,4.134352,12.49699,0.0,0.0
2019-03-09 07:00:00,23.03,317.09406,988.5109,4.7042394,10.090555,0.0,0.0
2019-03-09 08:00:00,21.05,317.1236,988.4327,5.0297427,9.119289,0.0,0.0
2019-03-09 09:00:00,18.93,316.6552,988.6503,5.1642394,8.92057,0.0,0.0
2019-03-09 10:00:00,18.3,315.31186,989.1928,4.2931557,9.478144,0.0,0.0
2019-03-09 11:00:00,17.23,313.83148,990.19196,4.0090055,10.108302,0.0,0.0
2019-03-09 12:00:00,16.24,312.44315,990.9867,4.296705,10.570821,0.0,0.0
2019-03-09 13:00:00,15.62,311.21594,991.92975,4.5968504,10.9353075,0.0,0.0
2019-03-09 14:00:00,15.72,310.07544,991.97815,4.5718665,11.466893,0.0,0.0
2019-03-09 15:00:00,15.99,308.9948,992.28595,4.497944,12.3101845,0.0,0.0
2019-03-09 16:00:00,17.51,308.0359,992.0592,4.8214765,13.471399,0.0,0.0
2019-03-09 17:00:00,18.56,307.34805,991.779,5.076952,14.862669,0.0,0.0
2019-03-09 18:00:00,18.74,306.40973,991.90985,4.4518185,16.69158,0.0,0.0
2019-03-09 19:00:00,19.04,304.22076,991.8322,2.8943648,20.02106,0.0,0.0
2019-03-09 20:00:00,19.87,302.60876,992.2136,2.690998,25.25312,0.0,0.0
2019-03-09 21:00:00,21.35,301.40875,992.6172,2.214396,33.87899,0.0,0.0
2019-03-09 22:00:00,23.3,300.57697,992.89624,1.7576514,40.675922,0.0,0.0
2019-03-09 23:00:00,26.33,302.73926,993.6206,1.9176313,39.909122,0.0,0.0
2019-03-10 00:00:00,30.9,306.08514,994.0856,3.15345,33.581093,0.0017195939,0.0
2019-03-10 01:00:00,33.09,309.359,994.1446,4.1154146,25.411972,0.0,0.0
2019-03-10 02:00:00,33.87,311.95197,993.2354,4.7062364,20.944431,0.0,0.0
2019-03-10 03:00:00,35.46,314.0351,992.09607,6.6332474,17.218443,0.0,0.0
2019-03-10 04:00:00,36.15,315.56793,990.8761,8.953124,15.1957035,0.0,0.0
2019-03-10 05:00:00,36.97,315.85773,989.68744,9.806726,14.709088,0.0,0.0
2019-03-10 06:00:00,37.55,315.91028,989.05493,9.979713,14.840724,0.0,0.0
2019-03-10 07:00:00,37.85,315.5219,988.0952,9.868925,15.675587,0.0,0.0
2019-03-10 08:00:00,39.25,314.92813,988.5916,9.724311,17.448515,0.0,0.0
2019-03-10 09:00:00,39.96,311.87576,989.9311,9.503396,24.151138,0.12498647,0.0
2019-03-10 10:00:00,42.02,309.23816,991.1648,7.1451826,32.90165,0.0,0.0
2019-03-10 11:00:00,42.9,308.7232,992.28217,5.086924,34.438805,0.0,0.0
2019-03-10 12:00:00,44.27,308.22528,992.8004,4.5438075,36.294067,0.0,0.0
2019-03-10 13:00:00,45.12,307.20697,992.97076,4.4243126,40.30234,0.0,0.0
2019-03-10 14:00:00,45.64,306.42203,993.4309,4.098505,43.596493,0.0,0.0
2019-03-10 15:00:00,46.34,305.8618,993.18896,3.7322462,45.731224,0.0,0.0
2019-03-10 16:00:00,46.58,305.37805,993.0109,3.154044,47.48732,0.0,0.0
2019-03-10 17:00:00,47.74,304.9887,992.56726,2.7710557,48.8973,0.0,0.07
2019-03-10 18:00:00,48.89,304.6309,992.4663,2.3244739,50.243713,0.0,0.11
2019-03-10 19:00:00,49.47,303.57886,992.985,2.3317497,53.86002,0.0,0.0
2019-03-10 20:00:00,49.87,303.12805,993.28705,2.0267851,55.91107,0.0,0.0
2019-03-10 21:00:00,50.13,302.76678,994.1674,1.7967232,58.09626,0.0,0.0
2019-03-10 22:00:00,50.09,302.40796,994.48663,1.7764974,60.620785,0.0,0.0
2019-03-10 23:00:00,50.04,303.13544,995.48737,2.2782104,59.700794,0.0,0.0
2019-03-11 00:00:00,50.21,304.53375,995.8326,2.0774531,54.31636,0.1271421,0.0
2019-03-11 01:00:00,50.96,306.19388,995.933,1.5737537,47.752647,0.0,0.0
2019-03-11 02:00:00,51.3,307.85623,995.33,0.9244602,41.746414,0.0,0.0
2019-03-11 03:00:00,51.39,309.41248,994.58044,1.0338025,36.80561,0.008102506,0.0
2019-03-11 04:00:00,51.3,310.849,993.57874,1.8507724,32.953236,0.003863126,0.0
2019-03-11 05:00:00,51.22,312.14807,992.29346,2.18329,30.07778,0.0,0.0
2019-03-11 06:00:00,51.09,312.42288,991.3797,1.9929774,28.907848,0.0026673079,0.22999999
2019-03-11 07:00:00,51.31,313.16858,989.72406,2.6226273,25.73359,0.017672777,4.2799997
2019-03-11 08:00:00,52.43,313.30963,989.41565,2.829468,24.235903,0.008940697,0.59999996
2019-03-11 09:00:00,52.78,313.10645,989.4751,3.38734,23.85412,0.06889552,0.31
2019-03-11 10:00:00,52.49,310.0935,991.1923,4.722887,30.579653,0.3986433,0.14
2019-03-11 11:00:00,51.28,308.53345,991.85864,6.7437434,37.39705,0.0,0.84
2019-03-11 12:00:00,49.8,306.21823,992.6857,7.147727,49.483036,0.0,0.31
2019-03-11 13:00:00,49.91,305.15515,993.3956,5.552927,55.450726,0.0,0.0
2019-03-11 14:00:00,49.35,304.62726,993.8604,4.5722036,58.692814,0.0,0.0
2019-03-11 15:00:00,48.26,304.0787,993.9347,4.4373565,62.598248,0.0,0.0
2019-03-11 16:00:00,47.9,303.3344,993.8625,4.2970824,67.8416,0.0,0.0
2019-03-11 17:00:00,47.48,302.63757,993.72046,4.147436,72.45535,0.0,0.0
2019-03-11 18:00:00,46.41,302.06458,993.63025,3.95926,75.73334,0.0,0.0
2019-03-11 19:00:00,45.29,301.86877,993.04663,3.087584,70.61711,0.0,0.0
2019-03-11 20:00:00,43.47,301.33044,993.09625,3.209992,74.36405,0.0,0.0
2019-03-11 21:00:00,42.36,300.838,993.5836,3.0913782,77.92062,0.0,0.0
2019-03-11 22:00:00,42.22,300.53815,994.168,2.8211243,80.193886,0.0,0.0
2019-03-11 23:00:00,42.94,301.45343,994.84576,3.0534778,75.47211,0.0,0.0
2019-03-12 00:00:00,44.41,303.38263,995.13617,2.9277465,65.481445,0.5113815,0.0
2019-03-12 01:00:00,44.27,305.6606,995.20654,2.9572802,54.605503,0.0,0.0
2019-03-12 02:00:00,44.55,307.71155,994.6842,2.9005556,46.271774,0.0,0.0
2019-03-12 03:00:00,45.53,309.43152,993.9406,2.7473521,40.85291,0.0,0.0
2019-03-12 04:00:00,45.31,310.8246,992.6253,2.6049662,36.519592,0.011138618,0.0
2019-03-12 05:00:00,43.85,311.91135,991.5795,2.5190947,33.16386,0.002115965,0.0
2019-03-12 06:00:00,43.54,312.4613,990.7573,1.567717,31.204319,0.0017881393,0.0
2019-03-12 07:00:00,44.07,312.5426,990.0048,1.0922978,30.08432,0.0,0.0
2019-03-12 08:00:00,44.41,312.65845,989.8158,1.1516802,29.237741,0.0,0.0
2019-03-12 09:00:00,46.05,312.41702,990.10046,1.2345412,29.05096,0.0,0.0
2019-03-12 10:00:00,49.08,311.99243,990.3158,1.725931,29.43405,0.0,0.0
2019-03-12 11:00:00,51.14,311.51837,991.15125,1.7667978,30.35788,0.1488328,0.0
2019-03-12 12:00:00,51.13,308.0675,992.6795,2.9877234,39.58398,1.0026842,1.9
2019-03-12 13:00:00,51.19,306.78015,992.6873,6.100955,47.04527,0.0,19.31
2019-03-12 14:00:00,50.38,305.77673,992.63763,5.512971,53.823696,0.0,16.27
2019-03-12 15:00:00,50.19,305.45093,992.41595,5.6729474,55.608852,0.0,3.7399998
2019-03-12 16:00:00,51.14,304.98425,992.3606,5.181307,57.73139,0.0,0.0
2019-03-12 17:00:00,51.84,304.35675,992.51483,5.1801877,61.97228,0.0,1.5799999
2019-03-12 18:00:00,50.67,303.80524,992.5452,5.4836307,67.0008,0.0,6.4399996
2019-03-12 19:00:00,48.49,302.8107,992.878,2.5876663,66.2249,0.0,6.1899996
2019-03-12 20:00:00,46.85,302.40552,993.75916,4.111622,69.26158,0.018417835,4.65
2019-03-12 21:00:00,47.34,302.2118,993.9992,4.3858867,71.295555,0.0,4.93
2019-03-12 22:00:00,47.9,302.09198,993.90295,3.1289558,72.42174,0.0,1.96
2019-03-12 23:00:00,49.1,303.36725,994.5181,3.1560178,66.23128,0.0,2.15
2019-03-13 00:00:00,52.6,305.57013,994.58826,3.4038277,55.394417,1.1853814,5.06
2019-03-13 01:00:00,52.18,307.84808,994.5734,3.8075922,45.39848,0.0,3.86
2019-03-13 02:00:00,50.93,309.6913,993.7986,3.5218189,38.756214,0.0,0.5
2019-03-13 03:00:00,50.26,311.12463,992.58624,2.6439507,33.667763,0.044040382,0.13
2019-03-13 04:00:00,48.91,312.14722,991.3181,1.6972789,29.435867,0.041604042,0.0
2019-03-13 05:00:00,46.47,312.84534,990.1234,1.7058128,27.23192,0.034108758,0.0
2019-03-13 06:00:00,45.84,313.5301,989.2581,1.7519448,25.611738,0.022307038,0.0
2019-03-13 07:00:00,45.98,308.61206,991.5711,0.9013815,41.972984,0.0,0.0
2019-03-13 08:00:00,46.08,309.12173,991.08167,2.6554863,39.562775,0.0,0.0
2019-03-13 09:00:00,46.71,309.17935,991.0444,3.9944005,38.872276,0.0,0.0
2019-03-13 10:00:00,45.82,308.50952,991.604,4.167412,40.329803,0.005632639,0.0
2019-03-13 11:00:00,44.24,307.84326,992.16986,3.1800227,42.953842,0.0,0.0
2019-03-13 12:00:00,44.03,307.44412,992.6933,2.522347,44.73713,0.0,0.0
2019-03-13 13:00:00,44.54,306.84912,992.84283,2.156253,47.02253,0.0,0.0
2019-03-13 14:00:00,44.03,306.30615,993.36694,2.242098,48.857956,0.0,0.0
2019-03-13 15:00:00,43.84,305.89758,993.16626,2.476792,49.392723,0.0,0.0
2019-03-13 16:00:00,43.56,305.68427,993.0125,2.3936896,48.77407,0.0,0.0
2019-03-13 17:00:00,43.43,305.38464,992.492,2.1272628,48.74572,0.0,0.0
2019-03-13 18:00:00,43.66,305.06226,991.85175,1.9935955,49.09813,0.0,0.0
2019-03-13 19:00:00,44.61,304.13184,991.0433,2.4762049,49.32986,0.0,0.0
2019-03-13 20:00:00,44.63,303.55823,991.4568,2.2229555,50.43818,0.0,0.0
2019-03-13 21:00:00,43.98,303.0251,991.85486,1.7119272,52.234333,0.0,0.0
2019-03-13 22:00:00,44.23,302.47186,992.4441,1.252676,55.68785,0.0,0.0
2019-03-13 23:00:00,44.72,304.2961,992.9543,1.0751059,49.345657,0.0,0.0
2019-03-14 00:00:00,47.95,306.67316,993.1856,1.1756427,39.513683,0.14770031,0.0
2019-03-14 01:00:00,48.45,308.7834,993.44196,2.2040117,33.248573,0.0,0.0
2019-03-14 02:00:00,48.8,310.59576,992.6409,2.6559145,28.80418,0.0,0.0
2019-03-14 03:00:00,49.03,312.164,991.3825,2.3128028,25.133598,0.0,0.0
2019-03-14 04:00:00,48.94,313.14252,990.29694,1.6617291,23.1886,0.0,0.0
2019-03-14 05:00:00,48.59,313.95685,988.84985,1.37863,21.471853,0.0,0.0
2019-03-14 06:00:00,46.79,314.6328,987.8209,1.5995973,19.942327,0.0,0.0
2019-03-14 07:00:00,44.41,312.70016,988.5403,2.2143135,25.362038,0.0,0.0
2019-03-14 08:00:00,43.06,313.17267,988.02155,3.1799479,23.835402,0.0,0.0
2019-03-14 09:00:00,41.37,312.76178,988.4375,3.1403425,24.03212,0.0,0.0
2019-03-14 10:00:00,40.93,311.97888,989.141,2.7821338,25.648853,0.0,0.0
2019-03-14 11:00:00,42.14,310.91187,989.59454,2.4389734,28.922564,0.0,0.0
2019-03-14 12:00:00,43.45,310.10925,990.1986,1.9153662,31.64913,0.0,0.0
2019-03-14 13:00:00,45.37,309.16467,990.8689,2.929604,34.405975,0.0,0.0
2019-03-14 14:00:00,46.53,308.0324,991.0224,4.7558303,37.44799,0.0,0.0
2019-03-14 15:00:00,47.7,306.79437,990.90356,4.8237395,42.14259,0.0,0.0
2019-03-14 16:00:00,49.51,306.04834,990.63,3.6636643,45.16819,0.0,0.0
2019-03-14 17:00:00,51.86,305.34906,990.32947,2.94663,47.833572,0.0,3.57
2019-03-14 18:00:00,53.83,304.76108,990.3364,3.0183022,50.168842,0.0,0.80999994
2019-03-14 19:00:00,56.01,303.72342,989.86163,2.5421405,54.140083,0.0,2.3600001
2019-03-14 20:00:00,57.18,303.4411,990.442,1.6542608,55.360527,0.0,2.61
2019-03-14 21:00:00,55.93,303.16855,990.8353,0.53518337,56.88076,0.0,1.81
2019-03-14 22:00:00,54.76,302.96307,991.3803,0.47510514,58.87964,0.0,1.43
2019-03-14 23:00:00,53.52,304.2353,992.1435,0.81432563,53.16288,0.0,1.13
2019-03-15 00:00:00,47.28,306.41467,992.4153,2.1612105,45.177868,0.0025621196,0.0
2019-03-15 01:00:00,46.58,308.89764,992.18677,3.124338,37.351486,0.0,0.0
2019-03-15 02:00:00,46.48,310.64728,991.4957,2.7187195,31.602562,0.0,0.0
2019-03-15 03:00:00,47.57,311.90924,990.4978,2.091358,27.872807,0.010251999,0.0
2019-03-15 04:00:00,47.59,312.8696,989.4972,1.9292227,25.594593,0.0073090196,0.0
2019-03-15 05:00:00,48.08,313.64026,988.55023,1.6644664,24.039928,0.003002584,0.0
2019-03-15 06:00:00,48.13,313.94202,987.4201,1.7708498,23.502827,0.008955598,0.0
2019-03-15 07:00:00,47.22,306.97375,989.8059,4.8169675,44.8221,0.596717,0.0
2019-03-15 08:00:00,47.01,307.18515,989.3301,2.6585116,44.648445,0.006765127,0.0
2019-03-15 09:00:00,47.06,306.82056,989.13513,2.840709,45.130646,0.0,0.0
2019-03-15 10:00:00,47.63,306.91052,989.9489,3.5359802,45.405903,0.002267945,0.0
2019-03-15 11:00:00,49.48,306.66852,991.3159,3.356664,46.845974,0.0,0.0
2019-03-15 12:00:00,52.42,306.29205,992.0086,3.6416576,48.801468,0.0,0.77
2019-03-15 13:00:00,53.0,305.35474,992.5703,3.5289981,53.17836,0.0013649696,1.6199999
2019-03-15 14:00:00,52.15,304.83954,992.71295,2.9238827,55.60468,0.012067322,4.92
2019-03-15 15:00:00,49.67,304.24686,992.71313,2.296593,58.7524,0.04946091,4.22
2019-03-15 16:00:00,47.14,303.87433,992.22595,1.6064243,60.46376,0.0032226671,4.41
2019-03-15 17:00:00,45.53,303.56818,991.4955,0.6435935,61.902733,0.011005555,6.59
2019-03-15 18:00:00,44.72,303.21255,991.0767,0.7483135,63.86455,0.0,3.1399999
2019-03-15 19:00:00,45.05,302.91443,990.83923,3.20544,61.7961,0.0,0.45
2019-03-15 20:00:00,46.07,302.6413,991.07983,2.9937341,62.03234,0.0,0.0
2019-03-15 21:00:00,47.76,302.20886,991.65643,2.8471246,63.09036,0.0,0.0
2019-03-15 22:00:00,48.59,301.7487,992.18756,2.005995,64.35898,0.0,0.0
2019-03-15 23:00:00,49.94,302.31598,992.8028,2.0082965,59.993465,0.0,0.0
2019-03-16 00:00:00,51.4,303.49924,993.00696,2.0667393,54.064323,0.7123907,0.0
2019-03-16 01:00:00,50.92,305.3111,993.1863,1.6822468,47.338833,0.0,0.0
2019-03-16 02:00:00,50.29,306.7902,992.70123,1.1617781,42.4971,0.0,0.0
2019-03-16 03:00:00,49.95,308.12933,991.8961,1.2225763,38.558422,0.0039562583,0.0
2019-03-16 04:00:00,49.42,309.1447,990.8691,0.9886444,35.646214,0.021912158,0.0
2019-03-16 05:00:00,48.55,310.11395,989.73157,0.66322404,33.057835,0.019595027,0.0
2019-03-16 06:00:00,47.27,310.7029,988.97046,0.6673572,31.317135,0.017307699,0.0
2019-03-16 07:00:00,46.13,311.12582,988.3619,0.350462,31.226152,0.0064596534,0.0
2019-03-16 08:00:00,45.77,311.4937,987.7983,1.9724482,30.034044,0.0017732382,0.0
2019-03-16 09:00:00,46.82,309.90402,988.4469,2.4324389,33.7313,0.50991774,0.0
2019-03-16 10:00:00,47.47,304.20798,991.39795,6.7852902,57.00894,1.0728091,0.0
2019-03-16 11:00:00,47.66,302.78864,992.0518,2.9701443,62.26663,0.49729645,0.0
2019-03-16 12:00:00,49.13,301.74402,992.79315,0.6524182,68.2656,1.3829321,0.0
2019-03-16 13:00:00,50.29,302.47806,992.8438,1.9250119,64.351425,0.0,0.0
2019-03-16 14:00:00,50.2,302.6092,992.95685,2.7680154,65.44898,0.0,0.0
2019-03-16 15:00:00,50.67,302.34814,993.1223,2.7708728,67.30569,0.0,0.0
2019-03-16 16:00:00,51.21,301.9039,992.718,2.1382089,69.642,0.0,0.0
2019-03-16 17:00:00,51.12,301.6209,992.09106,1.4856343,71.56195,0.0,0.0
2019-03-16 18:00:00,51.17,301.35916,991.90533,1.1286818,73.685165,0.0,0.0
2019-03-16 19:00:00,51.22,301.75226,991.1976,1.7959336,72.787285,0.0,0.0
2019-03-16 20:00:00,52.3,301.42535,991.242,1.7117717,74.31942,0.0,0.0
2019-03-16 21:00:00,52.69,301.15662,992.02985,1.3905456,77.03984,0.0,0.0
2019-03-16 22:00:00,51.8,300.97797,992.604,1.2959739,78.33,0.0,0.0
2019-03-16 23:00:00,52.02,301.8473,993.16174,1.9206969,71.2233,0.0,0.0
2019-03-17 00:00:00,51.83,303.26038,993.57654,2.37534,63.916744,3.535688,0.0
2019-03-17 01:00:00,52.47,304.80792,993.6477,2.492408,57.359047,0.0,0.0
2019-03-17 02:00:00,52.74,306.1806,993.08563,2.5020437,52.555637,0.0017657876,0.0
2019-03-17 03:00:00,52.29,307.24155,992.3006,2.1430252,48.6519,0.024795532,0.0
2019-03-17 04:00:00,51.91,308.03223,991.30493,1.6410222,45.06007,0.018835068,0.0
2019-03-17 05:00:00,51.07,308.61578,990.18915,1.1357229,42.423786,0.0115558505,0.0
2019-03-17 06:00:00,49.46,309.01392,989.3505,1.002019,40.264275,0.010982156,0.0
2019-03-17 07:00:00,49.76,308.3288,988.9568,2.9597332,40.503113,1.0158718,1.27
2019-03-17 08:00:00,50.41,304.3319,990.3575,4.6765165,60.21592,2.2693872,0.71
2019-03-17 09:00:00,49.63,303.7219,990.6919,1.5825518,61.733593,0.40061027,2.69
2019-03-17 10:00:00,49.32,303.58984,991.3889,1.0716157,62.18708,0.15430897,1.77
2019-03-17 11:00:00,49.37,302.89645,992.1917,2.8448262,66.739006,0.18171966,1.54
2019-03-17 12:00:00,51.5,302.684,992.47174,3.1759307,69.241806,0.0,0.85999995
2019-03-17 13:00:00,51.94,302.40775,993.1884,3.2614846,72.01001,0.0,0.65
2019-03-17 14:00:00,53.03,302.05737,993.43695,3.3582404,74.76659,0.0,0.0
2019-03-17 15:00:00,54.45,301.74353,993.2441,3.4502041,76.922676,0.0,0.0
2019-03-17 16:00:00,54.79,301.36575,992.3047,3.3721633,79.58489,0.0,0.0
2019-03-17 17:00:00,54.75,301.125,991.74536,3.1230586,81.33179,0.0,0.0
2019-03-17 18:00:00,54.1,300.94223,991.4219,2.3973646,82.59891,0.0,0.0
2019-03-17 19:00:00,52.22,300.35297,992.0325,1.2640685,74.936066,0.0,0.0
2019-03-17 20:00:00,50.85,300.02203,992.02625,1.8024709,79.14977,0.0,0.0
2019-03-17 21:00:00,49.54,299.68268,991.7643,1.3933237,82.16638,0.0,0.0
2019-03-17 22:00:00,48.09,299.47412,992.3809,1.1807425,84.58011,0.0,0.0
2019-03-17 23:00:00,47.67,300.86993,992.92017,1.4595147,73.345535,0.0,0.0
2019-03-18 00:00:00,47.14,302.61993,993.4749,1.3366647,61.91405,4.0898323,0.0
2019-03-18 01:00:00,47.62,304.22247,993.6636,1.4556689,54.975147,0.0,0.0
2019-03-18 02:00:00,47.32,305.70728,992.785,1.3632704,49.579296,0.0,0.0
2019-03-18 03:00:00,47.49,307.16943,991.8339,1.2818131,43.956207,0.0,0.0
2019-03-18 04:00:00,47.47,308.26294,990.65906,1.2702415,39.876583,0.0,0.0
2019-03-18 05:00:00,47.1,308.94193,989.5203,1.2625201,37.018944,0.0,0.0
2019-03-18 06:00:00,46.27,309.4154,988.7509,1.111357,35.09961,0.0,0.0
2019-03-18 07:00:00,46.32,310.0888,987.84283,2.4386175,34.26527,0.002115965,0.0
2019-03-18 08:00:00,46.87,310.0412,987.7444,1.9321891,33.897514,0.004336238,0.0
2019-03-18 09:00:00,48.57,309.52768,987.77795,0.84749913,34.44698,0.005632639,0.0
2019-03-18 10:00:00,50.77,308.75232,988.98706,1.2691532,37.34093,0.06760657,0.0
2019-03-18 11:00:00,51.42,304.90097,991.127,6.8100247,52.64644,0.3015995,0.0
2019-03-18 12:00:00,52.22,302.38916,992.2472,6.589504,66.26766,0.1595944,0.0
2019-03-18 13:00:00,52.51,301.99078,991.9539,5.759623,68.5553,0.0,0.0
2019-03-18 14:00:00,52.87,301.90314,991.8805,4.850658,68.58623,0.0,0.21
2019-03-18 15:00:00,53.35,301.64288,991.5178,3.8710344,69.45138,0.0,0.0
2019-03-18 16:00:00,51.79,301.4602,991.0709,2.9820924,70.21961,0.0,0.0
2019-03-18 17:00:00,50.42,301.27545,990.1511,2.1627328,71.356636,0.0,0.0
2019-03-18 18:00:00,50.61,300.90756,989.9428,1.8648216,73.82958,0.0,0.0
2019-03-18 19:00:00,51.83,300.0606,989.5839,0.7184428,79.60076,0.0,0.0
2019-03-18 20:00:00,51.7,299.70288,989.8041,0.6424437,84.59499,0.0,0.0
2019-03-18 21:00:00,49.57,299.4242,990.3136,0.911058,85.93822,0.0,0.0
2019-03-18 22:00:00,47.16,299.2946,991.46185,1.2289202,85.82388,0.0,0.0
2019-03-18 23:00:00,45.9,300.73407,992.15857,2.4235647,75.40004,0.0,0.0
2019-03-19 00:00:00,43.49,302.42487,993.08563,3.3895252,67.714485,0.5421996,0.0
2019-03-19 01:00:00,42.23,304.1576,992.9497,3.4050384,60.464115,0.0,0.0
2019-03-19 02:00:00,40.42,305.7644,992.2236,2.5447567,53.580875,0.0,0.0
2019-03-19 03:00:00,38.58,307.23083,991.2648,1.7119391,47.403927,0.0,0.0
2019-03-19 04:00:00,37.05,308.64587,990.18585,1.9221077,41.618797,0.0,0.0
2019-03-19 05:00:00,35.92,309.8161,989.2223,2.6638155,35.59677,0.0,0.0
2019-03-19 06:00:00,35.61,310.22156,988.4114,3.2712095,32.83079,0.0,0.0
2019-03-19 07:00:00,35.93,311.09534,987.70795,4.006089,29.476019,0.0,0.0
2019-03-19 08:00:00,36.64,310.7066,987.4147,3.6985176,29.8674,0.0,0.0
2019-03-19 09:00:00,37.1,309.92072,987.7936,3.8708625,32.470417,0.0,0.0
2019-03-19 10:00:00,37.46,308.54382,988.6447,4.136962,38.561092,0.0,0.0
2019-03-19 11:00:00,38.06,307.5874,989.101,4.033264,42.9508,0.0,0.0
2019-03-19 12:00:00,37.98,306.9138,990.108,4.2237754,45.983173,0.0,0.0
2019-03-19 13:00:00,38.72,305.72818,990.5566,5.690472,52.160378,0.0,0.0
2019-03-19 14:00:00,40.76,303.88876,990.6306,6.6089616,62.69176,0.0,0.0
2019-03-19 15:00:00,41.51,302.56854,990.65295,5.727136,69.660904,0.0,0.0
2019-03-19 16:00:00,41.56,301.72797,990.1976,4.39045,73.665344,0.0,0.0
2019-03-19 17:00:00,43.23,301.09338,990.14624,3.5406551,76.67521,0.0,0.0
2019-03-19 18:00:00,43.31,300.6333,989.8195,2.90053,78.7422,0.0,0.0
2019-03-19 19:00:00,42.43,300.47574,989.66,2.1892831,79.59853,0.0,0.0
2019-03-19 20:00:00,41.5,300.0619,989.6721,1.9492602,81.751366,0.0,0.0
2019-03-19 21:00:00,40.51,299.68658,990.53,1.7382421,83.80029,0.0,0.0
2019-03-19 22:00:00,39.93,299.39185,991.14874,1.4162999,85.50777,0.0,0.0
2019-03-19 23:00:00,39.62,300.31854,992.32947,1.8961917,80.07718,0.0,0.0
2019-03-20 00:00:00,38.73,302.0094,993.1093,2.3315816,71.053345,0.0012874602,0.0
2019-03-20 01:00:00,39.23,304.09235,993.54376,2.7191627,61.257523,0.0,0.0
2019-03-20 02:00:00,38.57,305.9489,993.06976,2.8668885,53.517784,0.0,0.0
2019-03-20 03:00:00,37.41,307.65808,992.25,2.6406443,46.03914,0.0,0.0
2019-03-20 04:00:00,36.24,308.95856,991.17377,2.366285,40.074696,0.0,0.0
2019-03-20 05:00:00,35.98,309.85693,990.3272,2.027912,35.32427,0.0,0.0
2019-03-20 06:00:00,37.39,310.3304,989.41736,2.3905866,32.501778,0.0,0.0
2019-03-20 07:00:00,38.51,311.58633,988.3391,2.9857721,27.23043,0.0,0.0
2019-03-20 08:00:00,40.61,311.54907,987.8727,2.737911,26.937082,0.0,0.0
2019-03-20 09:00:00,42.68,311.05353,988.23627,2.9192574,27.872377,0.0,0.0
2019-03-20 10:00:00,43.42,310.02988,988.9628,4.3716936,30.934366,0.0,0.0
2019-03-20 11:00:00,44.56,309.05927,989.7053,5.3198276,34.15817,0.0,0.0
2019-03-20 12:00:00,44.82,306.718,990.885,7.7414784,46.351635,0.0,0.0
2019-03-20 13:00:00,44.65,303.93634,991.50665,8.076827,63.468216,0.0,0.0
2019-03-20 14:00:00,44.17,302.79285,992.08716,7.2802796,69.065674,0.0,0.0
2019-03-20 15:00:00,43.37,302.05908,991.7958,6.4077344,72.31966,0.0,0.0
2019-03-20 16:00:00,42.56,301.477,991.4395,5.7889833,75.11644,0.0,0.0
2019-03-20 17:00:00,42.01,300.95908,991.06616,5.1966376,77.62174,0.0,0.0
2019-03-20 18:00:00,41.4,300.4596,990.67523,4.7847767,79.79329,0.0,0.0
2019-03-20 19:00:00,41.01,300.15857,990.5296,2.9661558,81.771904,0.0,0.0
2019-03-20 20:00:00,40.86,299.8319,990.73944,2.361027,83.58604,0.0,0.0
2019-03-20 21:00:00,40.51,299.57434,991.3864,1.9490216,85.05401,0.0,0.0
2019-03-20 22:00:00,39.72,299.37332,991.9299,2.1135278,86.09975,0.0,0.0
2019-03-20 23:00:00,38.9,300.33658,992.65186,2.9473336,80.011444,0.0,0.0
2019-03-21 00:00:00,37.86,302.2101,993.27576,3.2896903,68.80925,0.0017163691,0.0
2019-03-21 01:00:00,38.84,304.35254,993.33014,2.9798098,57.7474,0.0,0.0
2019-03-21 02:00:00,39.61,306.28235,992.5064,2.4697015,49.30712,0.0,0.0
2019-03-21 03:00:00,41.05,308.1103,991.37115,2.301828,42.622906,0.0,0.0
2019-03-21 04:00:00,41.41,309.7572,990.14984,2.5211375,37.194107,0.0,0.0
2019-03-21 05:00:00,42.17,310.9383,989.0162,2.3168676,32.677326,0.0,0.0
2019-03-21 06:00:00,42.39,311.62598,988.1478,1.8388317,29.483927,0.0,0.0
2019-03-21 07:00:00,42.03,311.39557,988.2964,1.6519051,29.895243,0.0,0.0
2019-03-21 08:00:00,41.83,311.16992,987.8181,2.135998,30.167366,0.0075772405,0.0
2019-03-21 09:00:00,41.94,310.9209,988.09515,3.1909735,30.90895,0.0,0.0
2019-03-21 10:00:00,43.44,309.84598,988.8027,4.798385,34.34535,0.009946525,0.0
2019-03-21 11:00:00,46.6,308.14072,989.4871,6.29705,41.896446,0.0,0.0
2019-03-21 12:00:00,49.07,306.58398,990.7422,7.119467,49.23942,0.0,0.0
2019-03-21 13:00:00,50.46,305.57556,990.8181,7.5010552,53.850525,0.0,0.0
2019-03-21 14:00:00,49.76,304.65652,991.1207,7.438023,58.4665,0.0,0.0
2019-03-21 15:00:00,48.44,303.6777,990.6118,7.33321,63.603115,0.0,0.0
2019-03-21 16:00:00,47.61,302.75134,990.3871,6.8957644,68.525,0.0,0.0
2019-03-21 17:00:00,46.46,301.99738,989.7919,6.293911,72.45239,0.0,0.0
2019-03-21 18:00:00,46.97,301.35876,989.72516,5.2131977,75.56293,0.0,0.0
2019-03-21 19:00:00,47.62,301.00238,990.0839,3.6711783,77.6706,0.0,0.0
2019-03-21 20:00:00,47.72,300.64255,990.41986,2.9465296,79.50204,0.0,0.0
2019-03-21 21:00:00,46.35,300.3602,990.80225,2.738758,80.857475,0.0,0.0
2019-03-21 22:00:00,44.53,300.1637,991.3647,2.6868305,81.75484,0.0,0.0
2019-03-21 23:00:00,44.49,300.9687,992.1125,3.3065,77.1109,0.0,0.0
2019-03-22 00:00:00,45.15,302.53473,992.5193,3.652677,68.841515,0.017732382,0.0
2019-03-22 01:00:00,44.64,304.54422,992.6268,3.9849143,59.421688,0.0,0.0
2019-03-22 02:00:00,44.27,306.71866,992.14233,4.338294,50.442825,0.0,0.0
2019-03-22 03:00:00,45.2,308.70337,991.0259,4.3393364,43.323795,0.0,0.0
2019-03-22 04:00:00,45.58,310.26947,989.6905,3.866536,37.582993,0.0,0.0
2019-03-22 05:00:00,45.89,311.31268,988.4297,2.9675376,32.5682,0.0,0.0
2019-03-22 06:00:00,45.72,311.75345,987.63007,2.30611,29.169714,0.0,0.0
2019-03-22 07:00:00,44.31,311.7304,987.46967,3.5944488,33.323124,0.0,0.0
2019-03-22 08:00:00,43.08,310.50574,987.16425,4.8910556,36.153854,0.0,0.0
2019-03-22 09:00:00,41.17,308.2791,988.2241,5.9948792,43.197613,0.32956898,0.45
2019-03-22 10:00:00,40.53,307.2594,989.1178,6.0855417,46.73232,0.0056773424,0.0
2019-03-22 11:00:00,41.44,306.54553,989.591,5.7871475,48.499973,0.0,0.0
2019-03-22 12:00:00,42.42,305.9032,990.322,5.34197,51.669098,0.0,0.0
2019-03-22 13:00:00,41.69,305.1996,990.60297,5.837165,56.061394,0.0,0.0
2019-03-22 14:00:00,41.87,304.28284,990.6372,6.256148,61.09598,0.0,0.0
2019-03-22 15:00:00,42.05,303.3191,990.1594,6.0932765,65.71457,0.0,0.0
2019-03-22 16:00:00,41.5,302.54095,989.73865,5.9603744,69.27612,0.0,0.0
2019-03-22 17:00:00,40.83,301.8449,989.16455,5.7643785,72.28723,0.0,0.0
2019-03-22 18:00:00,40.56,301.2613,988.77515,5.206441,74.71372,0.0,0.0
2019-03-22 19:00:00,41.33,300.81567,988.5658,3.7502935,77.091255,0.0,0.0
2019-03-22 20:00:00,41.57,300.2857,988.77484,3.2379262,80.63863,0.0,0.0
2019-03-22 21:00:00,41.26,299.81323,988.89624,3.0550838,83.91944,0.0,0.0
2019-03-22 22:00:00,41.04,299.6306,989.61163,3.1923141,85.70448,0.0,0.0
2019-03-22 23:00:00,41.43,300.50555,990.2983,4.198129,80.7564,0.0,0.0
2019-03-23 00:00:00,41.8,302.26407,991.09283,4.639426,70.650444,0.33699715,0.0
2019-03-23 01:00:00,42.54,304.39764,991.2633,4.6082945,59.384262,0.0,0.0
2019-03-23 02:00:00,43.65,306.2,990.752,4.1616454,51.86696,0.0,0.0
2019-03-23 03:00:00,44.18,307.87714,989.82404,4.2485447,45.757168,0.0,0.0
2019-03-23 04:00:00,44.36,309.47284,988.57623,4.5892715,40.019714,0.0,0.0
2019-03-23 05:00:00,44.77,310.65768,987.1433,5.008515,36.00794,0.0,0.0
2019-03-23 06:00:00,44.81,311.35028,986.07904,5.0569983,33.189827,0.0,0.0
2019-03-23 07:00:00,43.71,310.94992,986.26056,4.278327,33.362843,0.0,0.0
2019-03-23 08:00:00,42.2,310.14148,986.2739,4.658215,34.721977,0.0,0.0
2019-03-23 09:00:00,41.25,308.5702,986.78516,6.364195,41.108013,0.062036518,0.0
2019-03-23 10:00:00,40.18,306.71588,987.9511,6.6353464,51.07007,0.0,0.0
2019-03-23 11:00:00,40.4,305.88046,988.579,5.775722,54.42275,0.0,0.0
2019-03-23 12:00:00,41.36,305.39917,989.32367,5.558509,55.22319,0.0,0.0
2019-03-23 13:00:00,42.38,304.7032,989.55615,6.5742607,57.07691,0.0,0.0
2019-03-23 14:00:00,42.76,303.8056,989.6728,7.5671835,60.16708,0.0,0.0
2019-03-23 15:00:00,43.33,302.81512,989.6242,7.61085,64.3575,0.0,0.0
2019-03-23 16:00:00,43.26,301.96198,988.9734,7.134205,68.55647,0.0,0.0
2019-03-23 17:00:00,43.33,301.4275,988.4071,6.177402,71.70668,0.0,0.0
2019-03-23 18:00:00,44.18,300.9639,987.68896,5.006241,74.42032,0.0,0.0
2019-03-23 19:00:00,44.95,300.2641,988.2617,4.00391,76.753685,0.0,0.0
2019-03-23 20:00:00,44.59,299.9449,988.9889,3.5459826,78.9735,0.0,0.0
2019-03-23 21:00:00,44.49,299.78876,989.6964,3.491792,80.46015,0.0,0.0
2019-03-23 22:00:00,45.1,299.658,990.44586,3.117942,81.975624,0.0,0.0
2019-03-23 23:00:00,46.11,300.53036,990.9551,3.6856189,78.65457,0.0,0.0
2019-03-24 00:00:00,47.69,302.45026,991.2928,4.911036,68.289406,0.06586143,0.0
2019-03-24 01:00:00,48.34,304.2041,991.4867,4.5981474,59.330273,0.0,0.0
2019-03-24 02:00:00,48.45,305.55408,990.8731,3.8885942,53.230125,0.0063851476,0.0
2019-03-24 03:00:00,47.72,306.52628,990.3638,3.5417373,50.074936,0.0,0.0
2019-03-24 04:00:00,48.4,307.1467,989.22046,3.337334,48.383366,0.0,0.0
2019-03-24 05:00:00,49.78,308.53076,987.6961,3.207866,44.606815,0.0,0.0
2019-03-24 06:00:00,51.16,309.5111,986.6697,3.7107143,41.59427,0.0,0.0
2019-03-24 07:00:00,51.48,309.8919,986.4615,4.562088,40.17265,0.0039488077,0.0
2019-03-24 08:00:00,53.16,309.38254,986.96893,7.0472617,40.939495,0.0070780516,0.0
2019-03-24 09:00:00,54.91,304.17447,988.3756,7.854578,62.54051,2.5073142,0.0
2019-03-24 10:00:00,55.21,303.52148,989.5586,6.883748,66.48959,0.003874302,0.0
2019-03-24 11:00:00,54.72,302.66467,990.0489,5.782901,70.82089,0.0,0.0
2019-03-24 12:00:00,54.36,302.115,990.7745,5.2946396,73.38548,0.0,0.0
2019-03-24 13:00:00,54.0,301.51575,991.5222,5.082623,75.587616,0.0,0.0
2019-03-24 14:00:00,54.02,300.961,991.60657,4.702498,77.130165,0.0,0.0
2019-03-24 15:00:00,54.57,300.58792,991.505,4.518348,78.09993,0.0,0.0
2019-03-24 16:00:00,54.16,300.27814,991.4341,4.083283,79.354416,0.0,0.0
2019-03-24 17:00:00,53.63,299.9804,990.7103,3.7754893,81.13791,0.0,0.0
2019-03-24 18:00:00,52.92,299.76495,990.4467,3.723311,82.90953,0.0,0.0
2019-03-24 19:00:00,52.38,299.9088,990.46014,3.990541,79.73698,0.0,0.0
2019-03-24 20:00:00,51.22,299.8841,990.7402,4.075713,80.84694,0.0,0.0
2019-03-24 21:00:00,50.05,299.8384,991.02185,3.757223,82.059326,0.0,0.0
2019-03-24 22:00:00,49.79,299.84265,991.8705,3.6496148,82.85643,0.0,0.0
2019-03-24 23:00:00,50.01,300.20374,992.1821,4.9237833,81.267784,0.0,0.0
2019-03-25 00:00:00,50.27,301.16965,992.6622,5.492011,76.52139,2.5328994,0.0
2019-03-25 01:00:00,50.63,302.69,993.0073,4.9375267,68.65026,0.0,0.0
2019-03-25 02:00:00,50.66,304.52448,992.7988,4.5087056,59.58416,0.0021196902,0.0
2019-03-25 03:00:00,50.22,306.2656,992.1289,4.4173136,52.42267,0.0,0.0
2019-03-25 04:00:00,50.19,307.52884,991.5056,4.6365414,46.64466,0.002719462,0.0
2019-03-25 05:00:00,50.84,308.4505,990.6195,4.827738,43.0123,0.008225441,0.0
2019-03-25 06:00:00,51.75,308.96313,990.29126,4.8717613,41.098595,0.010326505,0.0
2019-03-25 07:00:00,51.66,309.45874,989.9847,4.0856023,39.47184,0.001296401,0.0
2019-03-25 08:00:00,51.02,309.31335,989.575,4.0177956,37.926777,0.0021606684,0.0
2019-03-25 09:00:00,49.9,308.2326,990.6099,5.2387676,39.938446,0.005081296,0.0
2019-03-25 10:00:00,49.97,306.9945,991.3022,5.2243447,45.558723,0.0,0.0
2019-03-25 11:00:00,50.6,306.0487,992.3363,5.136106,51.505238,0.0,0.0
2019-03-25 12:00:00,49.89,304.96,993.1894,5.498447,57.65763,0.011831522,0.0
2019-03-25 13:00:00,49.95,304.1408,993.79065,5.072569,61.996822,0.0,0.0
2019-03-25 14:00:00,50.18,303.4346,994.26843,5.2348247,65.14249,0.0,0.0
2019-03-25 15:00:00,49.93,302.79077,994.00903,5.385608,68.036804,0.0,0.0
2019-03-25 16:00:00,49.31,302.07672,993.995,5.3984785,71.43133,0.0,0.0
2019-03-25 17:00:00,49.36,301.41724,993.80756,4.744912,74.80369,0.0,0.0
2019-03-25 18:00:00,50.56,300.91992,994.03314,3.7783444,77.39567,0.03963709,0.0
2019-03-25 19:00:00,51.4,300.77573,993.7584,4.0485916,76.542465,0.0,0.0
2019-03-25 20:00:00,52.36,300.54993,994.3038,3.1019201,78.177284,0.0,0.0
2019-03-25 21:00:00,53.85,300.36383,994.7775,2.5486531,79.55568,0.0,0.0
2019-03-25 22:00:00,55.41,300.3474,995.3661,2.4579976,79.819885,0.0,0.0
2019-03-25 23:00:00,55.6,301.25,996.0904,2.816969,74.58455,0.0,0.0
2019-03-26 00:00:00,55.2,303.0506,996.3286,2.9845676,64.95052,0.0833869,0.0
2019-03-26 01:00:00,55.18,304.75415,996.1037,2.9724464,57.405327,0.0,0.0
2019-03-26 02:00:00,55.23,306.31088,995.2283,2.5708988,50.97037,0.0035073608,0.0
2019-03-26 03:00:00,55.36,307.66785,994.19995,1.8961688,46.00008,0.003911555,0.0
2019-03-26 04:00:00,55.35,308.82394,993.01404,1.5553131,42.105354,0.0037029386,0.0
2019-03-26 05:00:00,55.79,309.80777,992.242,1.311903,39.51827,0.007122755,0.0
2019-03-26 06:00:00,55.88,310.39612,991.6236,1.3010461,36.972874,0.013932586,0.0
2019-03-26 07:00:00,55.76,311.2436,990.71124,2.3878686,35.76483,0.0120177865,0.04
2019-03-26 08:00:00,56.2,308.5655,991.3003,3.5874941,43.2477,1.3522432,0.11
2019-03-26 09:00:00,56.51,304.22107,992.7569,4.7350287,63.953114,2.7579813,0.22
2019-03-26 10:00:00,56.57,304.26834,993.1234,1.788134,62.30848,0.0,0.08
2019-03-26 11:00:00,57.08,303.95728,993.9392,3.0206337,65.26235,0.0,0.0
2019-03-26 12:00:00,57.72,303.5464,994.5545,2.7752407,68.51151,0.0,0.0
2019-03-26 13:00:00,57.99,303.30524,994.91516,2.4324288,70.581154,0.0,0.0
2019-03-26 14:00:00,57.91,303.1598,994.9211,2.7555747,72.22994,0.0,6.01
2019-03-26 15:00:00,57.1,302.8496,994.96014,3.1074004,74.04048,0.0,3.17
2019-03-26 16:00:00,56.19,302.46143,994.2813,3.125067,75.33257,0.0,2.4
2019-03-26 17:00:00,54.54,302.0626,993.8155,2.9913132,76.383514,0.0,0.62
2019-03-26 18:00:00,52.9,301.6393,993.63257,3.2390313,77.30854,0.0,0.0
2019-03-26 19:00:00,51.16,300.02557,993.7497,1.8037587,83.72577,0.0,0.0
2019-03-26 20:00:00,50.26,299.91864,994.2711,1.4471208,84.99977,0.0,0.0
2019-03-26 21:00:00,49.14,299.76672,994.5505,1.1368427,87.14881,0.0,0.0
2019-03-26 22:00:00,48.31,299.60828,995.081,0.9146192,89.52044,0.0,0.0
2019-03-26 23:00:00,47.77,300.7823,995.5697,1.5998011,80.84639,0.0,0.0
2019-03-27 00:00:00,46.92,302.44742,995.5111,3.0460136,72.08869,4.1623116,0.0
2019-03-27 01:00:00,45.41,304.37665,995.558,3.7584834,63.028908,0.0,0.0
2019-03-27 02:00:00,44.35,306.19797,994.7085,3.750173,53.870476,0.0,0.0
2019-03-27 03:00:00,43.37,307.73685,993.9972,3.1292977,44.827877,0.0,0.0
2019-03-27 04:00:00,43.07,308.68555,993.16583,2.3979082,38.94752,0.0,0.0
2019-03-27 05:00:00,42.07,309.5353,992.34735,1.8772871,34.615833,0.0,0.0
2019-03-27 06:00:00,40.81,310.1438,991.79156,1.5751514,31.432543,0.0,0.0
2019-03-27 07:00:00,41.29,311.07446,990.78436,2.0778317,28.285297,0.0,0.0
2019-03-27 08:00:00,42.05,311.11227,990.60205,2.0489187,26.884396,0.0,0.0
2019-03-27 09:00:00,41.54,310.73273,990.9175,1.7281444,26.866346,0.0,0.0
2019-03-27 10:00:00,40.08,309.30423,991.65344,1.724626,33.42219,0.0,0.0
2019-03-27 11:00:00,39.05,307.5498,992.1291,2.1195784,40.83737,0.0,0.0
2019-03-27 12:00:00,38.73,306.24786,992.76953,1.9007738,46.384228,0.0,0.0
2019-03-27 13:00:00,37.83,304.92682,992.8912,0.8810464,58.73475,0.0,0.0
2019-03-27 14:00:00,35.66,303.8491,992.8782,1.0090235,60.81611,0.0,0.0
2019-03-27 15:00:00,31.19,302.74973,992.83704,1.2841839,64.02454,0.0,0.0
2019-03-27 16:00:00,27.38,302.94025,992.66815,0.28241864,54.68517,0.0,0.0
2019-03-27 17:00:00,25.27,301.08197,992.53217,1.2963432,66.457405,0.0,0.0
2019-03-27 18:00:00,24.4,300.08237,992.4493,1.9470307,70.24326,0.0,0.0
2019-03-27 19:00:00,23.03,299.08774,992.0364,1.5446737,80.8512,0.0,0.0
2019-03-27 20:00:00,22.96,299.138,992.409,0.95072156,80.74681,0.0,0.0
2019-03-27 21:00:00,21.46,297.94055,992.4956,1.33394,85.94629,0.0,0.0
2019-03-27 22:00:00,20.22,297.107,993.0275,1.7676994,85.87652,0.0,0.0
2019-03-27 23:00:00,18.61,299.2944,993.62134,1.7662176,71.84371,0.0,0.0
2019-03-28 00:00:00,18.3,302.79236,993.9952,2.3110638,51.641266,0.0012814997,0.0
2019-03-28 01:00:00,17.35,305.914,993.8529,3.0861528,30.323896,0.0,0.0
2019-03-28 02:00:00,16.81,308.15778,993.1334,3.4464598,20.811993,0.0,0.0
2019-03-28 03:00:00,16.45,309.74542,992.10455,3.3235195,15.955583,0.0,0.0
2019-03-28 04:00:00,16.17,310.7321,991.0538,2.5656648,13.298157,0.0,0.0
2019-03-28 05:00:00,16.59,311.44617,990.0014,1.9696019,11.601827,0.0,0.0
2019-03-28 06:00:00,14.81,312.0431,989.38885,1.7817446,10.362098,0.0,0.0
2019-03-28 07:00:00,13.8,313.07617,988.46204,2.6451192,8.125476,0.0,0.0
2019-03-28 08:00:00,13.12,313.16187,988.1342,2.8413372,7.881142,0.0,0.0
2019-03-28 09:00:00,12.78,312.77856,988.3071,2.7666106,8.33367,0.0,0.0
2019-03-28 10:00:00,13.07,311.11365,988.8622,1.8599726,10.658224,0.0,0.0
2019-03-28 11:00:00,13.97,309.3868,989.32764,1.932194,13.131762,0.0,0.0
2019-03-28 12:00:00,15.46,307.65704,990.2123,2.2154877,15.820542,0.0,0.0
2019-03-28 13:00:00,16.76,305.98853,990.5828,2.372338,18.449661,0.0,0.0
2019-03-28 14:00:00,17.92,304.40552,990.8465,2.134027,21.536636,0.0,0.0
2019-03-28 15:00:00,18.92,303.04886,990.6083,1.9123384,24.48626,0.0,0.0
2019-03-28 16:00:00,19.34,301.91455,990.3889,1.7800137,26.98838,0.0,0.0
2019-03-28 17:00:00,19.09,300.74683,989.98706,1.9436988,29.323282,0.0,0.0
2019-03-28 18:00:00,18.96,299.6764,989.92346,2.0290153,31.715193,0.0,0.0
2019-03-28 19:00:00,18.52,298.7227,989.8692,2.367685,30.584263,0.0,0.0
2019-03-28 20:00:00,18.43,297.6158,990.00757,2.1755557,35.26474,0.0,0.0
2019-03-28 21:00:00,18.31,296.80634,990.34186,2.1701787,41.481636,0.0,0.0
2019-03-28 22:00:00,18.33,296.10358,991.0661,2.0209212,50.263584,0.0,0.0
2019-03-28 23:00:00,18.21,298.0416,991.5087,1.4738332,52.061962,0.0,0.0
2019-03-29 00:00:00,18.31,301.47742,991.84534,1.0086381,47.98457,0.0,0.0
2019-03-29 01:00:00,18.0,305.1275,991.8142,0.9616742,35.97946,0.0,0.0
2019-03-29 02:00:00,17.87,308.06686,991.22375,1.0788573,23.300774,0.0,0.0
2019-03-29 03:00:00,18.07,310.1649,990.5028,1.1189708,16.528957,0.0,0.0
2019-03-29 04:00:00,18.49,311.71732,989.525,1.5633754,12.640482,0.0,0.0
2019-03-29 05:00:00,18.42,313.07855,988.4395,2.6647675,10.608062,0.0,0.0
2019-03-29 06:00:00,17.52,314.0997,987.7452,3.4409564,9.340711,0.0,0.0
2019-03-29 07:00:00,17.12,315.35162,986.9225,5.580626,8.02809,0.0,0.0
2019-03-29 08:00:00,17.34,315.1166,986.80304,6.40858,7.9537673,0.0,0.0
2019-03-29 09:00:00,17.48,314.23932,987.7375,6.5603576,8.210445,0.0,0.0
2019-03-29 10:00:00,17.73,312.3324,988.5023,5.1824994,9.094249,0.0,0.0
2019-03-29 11:00:00,17.99,310.75122,989.4852,4.519505,9.934999,0.0,0.0
2019-03-29 12:00:00,18.41,309.24316,990.2353,3.992336,10.905988,0.0,0.0
2019-03-29 13:00:00,18.97,307.8227,990.7889,3.7524774,11.96336,0.0,0.0
2019-03-29 14:00:00,20.05,306.463,991.14764,3.713347,13.0897,0.0,0.0
2019-03-29 15:00:00,21.02,305.246,991.05237,3.6646178,14.213328,0.0,0.0
2019-03-29 16:00:00,21.39,304.1704,991.14764,3.5633707,15.384157,0.0,0.0
2019-03-29 17:00:00,22.0,303.21472,990.8964,3.6384816,16.608147,0.0,0.0
2019-03-29 18:00:00,22.01,302.55652,990.73627,3.9004092,17.658365,0.0,0.0
2019-03-29 19:00:00,21.61,301.4827,990.78314,3.4588215,19.043798,0.0,0.0
2019-03-29 20:00:00,21.12,300.54584,990.98517,3.2063897,20.561752,0.0,0.0
2019-03-29 21:00:00,20.38,299.71216,991.4725,2.7839987,22.088327,0.0,0.0
2019-03-29 22:00:00,19.99,298.9692,992.15936,2.5100577,23.65787,0.0,0.0
2019-03-29 23:00:00,20.21,300.94757,993.1369,3.065494,21.629951,0.0,0.0
2019-03-30 00:00:00,20.77,304.84467,993.8599,4.7317915,17.9175,0.0016960689,0.0
2019-03-30 01:00:00,20.12,308.22363,993.8644,5.6795053,14.700043,0.0,0.0
2019-03-30 02:00:00,19.95,310.80588,993.09546,5.7473354,12.231384,0.0,0.0
2019-03-30 03:00:00,19.7,312.41144,992.4024,5.6021757,10.916953,0.0,0.0
2019-03-30 04:00:00,19.59,313.48816,991.2827,5.9852386,10.0535555,0.0,0.0
2019-03-30 05:00:00,19.13,314.08936,990.33954,6.021455,9.766993,0.0,0.0
2019-03-30 06:00:00,18.54,314.3105,989.55963,5.8523035,9.954096,0.0,0.0
2019-03-30 07:00:00,18.5,314.34833,989.1211,6.0476265,9.95,0.0,0.0
2019-03-30 08:00:00,18.61,313.88312,989.15234,5.911706,10.608908,0.0,0.0
2019-03-30 09:00:00,19.29,313.0306,989.71906,5.621409,11.433075,0.0,0.0
2019-03-30 10:00:00,20.43,311.41394,990.531,4.542254,12.695169,0.0,0.0
2019-03-30 11:00:00,21.3,310.05127,991.2565,4.7006087,13.786435,0.0,0.0
2019-03-30 12:00:00,22.05,308.97858,992.4331,5.283755,14.776744,0.0,0.0
2019-03-30 13:00:00,22.31,308.03894,993.0639,5.633251,16.017717,0.0,0.0
2019-03-30 14:00:00,22.52,307.20715,993.3215,5.6265173,17.482378,0.0,0.0
2019-03-30 15:00:00,22.64,306.3761,993.2442,5.319184,18.873081,0.0,0.0
2019-03-30 16:00:00,22.33,305.4986,993.1692,4.987025,20.074,0.0,0.0
2019-03-30 17:00:00,21.7,304.62753,992.7494,5.0470424,21.08526,0.0,0.0
2019-03-30 18:00:00,20.98,303.89044,992.84344,5.4276223,21.768446,0.0,0.0
2019-03-30 19:00:00,19.99,302.35336,992.8042,4.379313,22.631176,0.0,0.0
2019-03-30 20:00:00,19.14,301.60077,993.0444,4.2130427,23.40864,0.0,0.0
2019-03-30 21:00:00,18.37,300.98706,993.7031,4.1336384,24.11373,0.0,0.0
2019-03-30 22:00:00,18.01,300.62024,994.444,4.528289,24.46636,0.0,0.0
2019-03-30 23:00:00,17.84,302.52942,995.5641,5.019568,21.977133,0.0,0.0
2019-03-31 00:00:00,17.0,305.1783,995.9928,7.072885,20.617346,0.0,0.0
2019-03-31 01:00:00,17.0,307.77063,996.0994,7.2454915,18.969494,0.0,0.0
2019-03-31 02:00:00,17.15,309.88617,995.3848,7.401169,15.588549,0.0,0.0
2019-03-31 03:00:00,17.35,311.12006,994.4844,6.7528625,13.341745,0.0,0.0
2019-03-31 04:00:00,17.49,311.88348,993.4266,6.060785,11.956565,0.0,0.0
2019-03-31 05:00:00,17.15,312.37317,992.33093,5.683502,10.911764,0.0,0.0
2019-03-31 06:00:00,16.97,312.63617,991.80896,5.438413,10.3078,0.0,0.0
2019-03-31 07:00:00,16.14,312.78195,991.27295,5.420034,10.257423,0.0,0.0
2019-03-31 08:00:00,15.91,312.40472,991.2516,5.335003,10.379287,0.0,0.0
2019-03-31 09:00:00,15.71,311.63586,991.8522,5.218897,10.823432,0.0,0.0
2019-03-31 10:00:00,15.73,310.05896,992.60175,4.222594,11.9045,0.0,0.0
2019-03-31 11:00:00,15.85,308.68536,993.33844,4.2790823,12.867032,0.0,0.0
2019-03-31 12:00:00,16.04,307.45892,993.88354,4.6606035,13.625119,0.0,0.0
2019-03-31 13:00:00,16.23,306.39706,994.4147,4.963199,14.100114,0.0,0.0
2019-03-31 14:00:00,15.94,305.3862,994.5371,5.1978784,14.444263,0.0,0.0
2019-03-31 15:00:00,15.44,304.39062,994.55554,5.1752157,14.832659,0.0,0.0
2019-03-31 16:00:00,14.79,303.38773,994.3094,4.9475346,15.348135,0.0,0.0
2019-03-31 17:00:00,14.23,302.4195,994.0387,4.9319687,15.919445,0.0,0.0
2019-03-31 18:00:00,14.05,301.56403,993.8136,5.261502,16.375383,0.0,0.0
2019-03-31 19:00:00,13.8,300.59375,994.11725,5.2453604,16.715483,0.0,0.0
2019-03-31 20:00:00,13.27,299.72113,994.47327,4.8082433,16.735931,0.0,0.0
2019-03-31 21:00:00,12.57,298.9225,995.1156,4.257052,16.745203,0.0,0.0
2019-03-31 22:00:00,12.23,298.261,995.99414,3.7747655,16.740616,0.0,0.0
2019-03-31 23:00:00,11.92,299.98352,996.8187,3.2975454,14.57753,0.0,0.0
2019-04-01 00:00:00,11.92,303.01413,997.1364,3.922105,11.376808,0.0,0.0
2019-04-01 01:00:00,11.25,305.6582,997.3425,4.186091,9.399995,0.0,0.0
2019-04-01 02:00:00,10.82,307.77496,996.6944,4.72347,8.16873,0.0,0.0
2019-04-01 03:00:00,10.88,309.26318,995.79236,4.3742805,7.7803264,0.0,0.0
2019-04-01 04:00:00,10.69,310.2559,994.503,3.9422095,7.836616,0.0,0.0
2019-04-01 05:00:00,10.29,311.0219,993.3855,4.0533686,7.510975,0.0,0.0
2019-04-01 06:00:00,10.04,311.487,992.58484,4.2505713,6.8459606,0.0,0.0
2019-04-01 07:00:00,9.55,311.78076,992.03485,4.283224,6.6633077,0.0,0.0
2019-04-01 08:00:00,8.83,311.51538,992.15533,4.456894,6.283044,0.0,0.0
2019-04-01 09:00:00,7.69,310.79068,992.5686,4.569972,6.2490063,0.0,0.0
2019-04-01 10:00:00,6.88,309.00827,993.40466,3.9566672,6.9421463,0.0,0.0
2019-04-01 11:00:00,6.62,307.3824,993.92737,4.3100276,7.727927,0.0,0.0
2019-04-01 12:00:00,6.86,306.02716,994.70953,4.549757,8.539525,0.0,0.0
2019-04-01 13:00:00,7.01,304.77786,995.23846,4.5170736,9.385994,0.0,0.0
2019-04-01 14:00:00,7.16,303.59207,995.4506,4.4505253,10.2142935,0.0,0.0
2019-04-01 15:00:00,7.15,302.4302,995.22235,4.4905205,11.053613,0.0,0.0
2019-04-01 16:00:00,6.94,301.34952,995.1889,4.479728,11.88774,0.0,0.0
2019-04-01 17:00:00,6.74,300.36688,995.12,4.52508,12.687725,0.0,0.0
2019-04-01 18:00:00,6.75,299.5468,994.83923,4.71737,13.278077,0.0,0.0
2019-04-01 19:00:00,6.85,297.67593,995.1155,3.8450196,15.337274,0.0,0.0
2019-04-01 20:00:00,6.76,296.71933,995.1333,3.9118674,16.05259,0.0,0.0
2019-04-01 21:00:00,6.73,296.0328,995.39404,3.9650908,16.360361,0.0,0.0
2019-04-01 22:00:00,6.71,295.5413,996.14575,3.860132,16.442535,0.0,0.0
2019-04-01 23:00:00,6.84,297.5774,996.823,3.592635,14.18216,0.0,0.0
2019-04-02 00:00:00,7.43,301.39804,997.26764,4.208275,10.80716,0.0017229341,0.0
2019-04-02 01:00:00,6.96,304.7927,997.1425,4.7340045,8.674916,0.0,0.0
2019-04-02 02:00:00,6.5,307.27896,996.6843,5.4955544,7.550502,0.0,0.0
2019-04-02 03:00:00,6.57,308.63934,995.74725,5.1491632,6.6818132,0.0,0.0
2019-04-02 04:00:00,6.49,309.62872,994.5709,4.6721377,5.9751325,0.0,0.0
2019-04-02 05:00:00,6.58,310.32434,993.2672,4.4046626,5.500626,0.0,0.0
2019-04-02 06:00:00,6.49,310.80078,992.5643,4.3362494,5.2279058,0.0,0.0
2019-04-02 07:00:00,6.05,310.88556,991.9264,3.9189858,5.488182,0.0,0.0
2019-04-02 08:00:00,5.83,310.74518,992.0733,4.136128,5.542984,0.0,0.0
2019-04-02 09:00:00,6.17,310.0835,992.57733,4.31189,6.0324225,0.0,0.0
2019-04-02 10:00:00,6.59,308.2658,993.3603,3.8094413,7.1521983,0.0,0.0
2019-04-02 11:00:00,6.77,306.6515,994.2378,4.169948,8.347605,0.0,0.0
2019-04-02 12:00:00,7.24,305.31403,994.8992,4.462571,9.527062,0.0,0.0
2019-04-02 13:00:00,7.76,304.19482,995.49554,4.358781,10.540596,0.0,0.0
2019-04-02 14:00:00,8.3,303.04517,995.5419,3.9052033,11.481427,0.0,0.0
2019-04-02 15:00:00,8.39,301.7279,995.4559,3.685904,12.601834,0.0,0.0
2019-04-02 16:00:00,8.45,300.4552,995.2661,3.7351124,13.823548,0.0,0.0
2019-04-02 17:00:00,8.64,299.35547,994.87054,4.014412,15.009414,0.0,0.0
2019-04-02 18:00:00,8.71,298.60254,994.69995,4.363995,15.927643,0.0,0.0
2019-04-02 19:00:00,8.66,296.88458,994.79065,3.666437,17.477665,0.0,0.0
2019-04-02 20:00:00,8.46,295.91473,995.16705,3.6288042,18.755846,0.0,0.0
2019-04-02 21:00:00,8.19,295.2044,995.32477,3.5871267,19.750647,0.0,0.0
2019-04-02 22:00:00,8.06,294.7093,996.2064,3.5496383,20.444527,0.0,0.0
2019-04-02 23:00:00,7.97,296.84756,996.9291,3.3644767,17.909748,0.0,0.0
2019-04-03 00:00:00,8.16,300.98138,997.1209,4.050652,13.671538,0.0017136335,0.0
2019-04-03 01:00:00,8.05,304.70596,997.1203,4.8280654,10.8412695,0.0,0.0
2019-04-03 02:00:00,7.86,307.30615,996.3812,6.0774784,9.163382,0.0,0.0
2019-04-03 03:00:00,7.92,308.76196,995.4998,5.8154144,8.074987,0.0,0.0
2019-04-03 04:00:00,8.07,309.86185,994.4739,5.2634335,7.4721375,0.0,0.0
2019-04-03 05:00:00,8.28,310.6762,993.4063,4.81647,7.186693,0.0,0.0
2019-04-03 06:00:00,8.95,311.17438,992.5211,4.399876,7.1671286,0.0,0.0
2019-04-03 07:00:00,9.61,311.18076,992.33453,3.9962747,7.5271206,0.0,0.0
2019-04-03 08:00:00,9.95,310.9953,992.0739,3.8358245,7.9385705,0.0,0.0
2019-04-03 09:00:00,9.94,310.45825,992.5634,3.6929562,8.607395,0.0,0.0
2019-04-03 10:00:00,10.14,308.8593,993.1758,3.1260583,9.824541,0.0,0.0
2019-04-03 11:00:00,10.62,307.28622,993.7347,3.6320288,11.043513,0.0,0.0
2019-04-03 12:00:00,10.78,305.94043,994.6312,4.2661285,12.076921,0.0,0.0
2019-04-03 13:00:00,10.46,304.83835,995.0075,4.768147,12.8215475,0.0,0.0
2019-04-03 14:00:00,10.18,303.84244,995.1222,4.910592,13.417931,0.0,0.0
2019-04-03 15:00:00,9.89,302.82892,994.84674,4.799994,14.071992,0.0,0.0
2019-04-03 16:00:00,9.63,301.8043,994.60345,4.524178,14.842908,0.0,0.0
2019-04-03 17:00:00,9.38,300.73962,993.9793,4.2586565,15.720402,0.0,0.0
2019-04-03 18:00:00,9.38,299.80237,993.8562,4.2215757,16.450136,0.0,0.0
2019-04-03 19:00:00,9.36,297.78223,994.0592,3.4518688,19.092152,0.0,0.0
2019-04-03 20:00:00,9.51,296.7548,994.2244,3.4714694,20.465864,0.0,0.0
2019-04-03 21:00:00,10.07,296.09167,994.5323,3.4609144,21.469555,0.0,0.0
2019-04-03 22:00:00,10.86,295.69073,995.35547,3.387157,22.359858,0.0,0.0
2019-04-03 23:00:00,11.98,297.68298,996.1783,3.217065,20.476765,0.0,0.0
2019-04-04 00:00:00,13.82,301.45398,996.5664,4.1929803,17.537739,0.0,0.0
2019-04-04 01:00:00,14.61,304.8006,996.5034,5.21671,17.15851,0.0,0.0
2019-04-04 02:00:00,15.4,307.61108,996.0106,5.793264,17.324726,0.0,0.0
2019-04-04 03:00:00,16.17,309.4562,995.3002,5.622364,16.661648,0.0,0.0
2019-04-04 04:00:00,16.82,310.39685,994.10095,4.779053,15.764856,0.0,0.0
2019-04-04 05:00:00,18.03,311.0428,993.0668,4.1585917,15.49773,0.0,0.0
2019-04-04 06:00:00,17.66,311.36526,992.29626,3.508289,15.509211,0.0,0.0
2019-04-04 07:00:00,18.15,311.945,991.54065,3.834499,13.8299465,0.0,0.0
2019-04-04 08:00:00,18.38,311.70206,991.7561,3.6362507,14.066129,0.0,0.0
2019-04-04 09:00:00,18.54,311.09204,991.97,3.4225893,14.579813,0.0,0.0
2019-04-04 10:00:00,18.81,309.818,992.9889,2.8534715,15.784372,0.0,0.0
2019-04-04 11:00:00,18.85,308.52823,993.3056,3.3813295,17.012909,0.0,0.0
2019-04-04 12:00:00,18.85,307.3791,993.84045,4.0904007,18.1121,0.0,0.0
2019-04-04 13:00:00,18.56,306.42612,993.91077,4.6202984,19.03246,0.0,0.0
2019-04-04 14:00:00,19.01,305.64612,993.8575,4.6731553,19.816109,0.0,1.3599999
2019-04-04 15:00:00,19.37,304.98566,993.84674,4.3471785,20.493929,0.0,0.04
2019-04-04 16:00:00,19.4,304.16504,993.4676,4.0412,21.471945,0.0,0.0
2019-04-04 17:00:00,19.3,303.29846,993.39795,3.9022434,22.672224,0.0,0.0
2019-04-04 18:00:00,19.46,302.38458,992.90875,3.7804766,23.996098,0.0,0.0
2019-04-04 19:00:00,19.12,300.79984,993.2452,3.296632,26.202839,0.0,0.0
2019-04-04 20:00:00,19.2,300.06958,993.5595,3.1168137,27.350056,0.0,0.0
2019-04-04 21:00:00,20.21,299.55786,994.23126,3.1922321,28.178108,0.0,0.0
2019-04-04 22:00:00,21.54,299.15277,994.71533,3.4518313,28.824102,0.0,0.01
2019-04-04 23:00:00,23.02,300.81763,995.3298,3.7782419,26.104542,0.0,0.0
2019-04-05 00:00:00,25.83,304.16687,995.3147,5.307464,21.511225,0.0,0.0
2019-04-05 01:00:00,27.21,307.23193,995.0926,6.370442,19.247608,0.0,0.0
2019-04-05 02:00:00,27.66,309.6894,994.4868,7.8739114,18.978704,0.0,0.0
2019-04-05 03:00:00,28.01,310.94843,993.68823,7.612828,19.599049,0.0,0.0
2019-04-05 04:00:00,29.53,311.90012,992.35266,6.3097715,18.949097,0.0,0.0
2019-04-05 05:00:00,31.23,312.60455,990.9964,5.592243,17.889732,0.0,0.0
2019-04-05 06:00:00,32.69,312.6676,990.0839,5.4407034,17.623444,0.0,0.0
2019-04-05 07:00:00,33.34,313.38785,989.37146,5.176955,17.01071,0.0,0.0
2019-04-05 08:00:00,34.7,312.80618,989.4023,5.6237836,18.183754,0.0,0.0
2019-04-05 09:00:00,36.0,312.1972,989.94104,5.8483186,19.542286,0.0,0.0
2019-04-05 10:00:00,36.78,311.2455,990.8742,5.5222626,21.109386,0.0,0.0
2019-04-05 11:00:00,37.33,310.43054,991.9394,6.365083,22.691416,0.0,0.0
2019-04-05 12:00:00,38.37,309.5857,992.7258,7.0158663,24.39669,0.0,0.0
2019-04-05 13:00:00,40.04,309.029,993.26227,6.8928647,25.626745,0.0,0.0
2019-04-05 14:00:00,42.8,308.34857,993.39294,6.404097,27.182999,0.0,0.0
2019-04-05 15:00:00,44.64,307.78534,993.1234,5.9980893,28.476603,0.0,0.0
2019-04-05 16:00:00,45.78,307.173,992.76135,5.7333922,29.630152,0.0,1.42
2019-04-05 17:00:00,46.64,306.69812,992.66583,5.2940187,30.488094,0.0,1.98
2019-04-05 18:00:00,47.15,306.27,992.6286,4.928419,32.4623,0.0,0.25
2019-04-05 19:00:00,48.73,305.672,993.074,2.4550796,31.603449,0.0,0.0
2019-04-05 20:00:00,49.55,305.0298,993.1488,2.5415907,34.094326,0.0,0.0
2019-04-05 21:00:00,50.63,304.3774,993.7029,3.110807,38.782867,0.0,0.0
2019-04-05 22:00:00,51.93,303.7331,994.29474,3.2960987,44.91835,0.0,0.09
2019-04-05 23:00:00,53.03,303.82846,994.9927,4.209879,49.971714,0.0,0.0
2019-04-06 00:00:00,51.95,304.85364,995.6234,5.276229,48.67117,0.0017225216,0.0
2019-04-06 01:00:00,51.37,306.59183,995.8324,5.6733603,43.332706,0.0,0.0
2019-04-06 02:00:00,50.18,308.0431,995.22156,6.110202,38.083687,0.0,0.0
2019-04-06 03:00:00,49.02,309.5984,994.4141,6.783035,32.42975,0.0,0.0
2019-04-06 04:00:00,47.32,311.14313,992.9857,6.867782,28.379423,0.0,0.0
2019-04-06 05:00:00,45.69,312.1346,991.7229,6.791413,25.870022,0.0,0.0
2019-04-06 06:00:00,44.51,312.5804,990.9625,6.71894,24.648169,0.0,0.0
2019-04-06 07:00:00,42.88,312.3455,990.72815,6.3831367,25.325512,0.0,0.0
2019-04-06 08:00:00,41.4,311.7279,990.7777,6.102134,25.970062,0.0,0.0
2019-04-06 09:00:00,40.73,311.0204,991.258,5.960551,26.849276,0.0012591481,0.0
2019-04-06 10:00:00,39.69,309.55145,992.53375,5.8886833,29.748007,0.0,0.0
2019-04-06 11:00:00,39.03,309.15656,993.22,4.497777,30.531466,0.0,0.0
2019-04-06 12:00:00,38.66,308.87537,994.10474,4.3207803,30.858568,0.0,0.0
2019-04-06 13:00:00,39.74,308.4084,994.2092,4.194852,31.331137,0.0,0.0
2019-04-06 14:00:00,39.97,307.62616,994.13525,4.2943463,32.56939,0.0,0.0
2019-04-06 15:00:00,39.8,306.72876,993.51154,4.002233,34.58987,0.0,0.0
2019-04-06 16:00:00,40.0,305.85437,992.8842,2.9009514,36.819145,0.0,0.0
2019-04-06 17:00:00,40.09,304.94775,992.1152,1.8665951,39.132133,0.0,0.0
2019-04-06 18:00:00,40.84,304.1462,991.9908,1.9668211,41.11119,0.0,0.0
2019-04-06 19:00:00,41.75,303.19208,992.3986,2.4561346,40.37555,0.0,0.0
2019-04-06 20:00:00,42.83,302.4885,992.91205,2.9286675,42.376907,0.0,0.0
2019-04-06 21:00:00,43.83,302.13126,993.48975,3.288281,45.954124,0.0,0.0
2019-04-06 22:00:00,43.93,301.72546,994.1131,3.0067325,52.007275,0.0,0.0
2019-04-06 23:00:00,43.77,302.5382,994.95825,3.7156816,55.75084,0.0,0.0
2019-04-07 00:00:00,42.76,304.2328,995.21045,3.8015559,51.51592,0.0035295342,0.0
2019-04-07 01:00:00,42.45,306.471,995.0072,3.49074,43.367363,0.0,0.0
2019-04-07 02:00:00,42.67,308.51868,994.38403,3.3717394,36.161263,0.0,0.0
2019-04-07 03:00:00,42.95,310.38873,993.16345,4.7891045,28.708597,0.0,0.0
2019-04-07 04:00:00,42.83,311.63605,991.5128,5.4542894,24.715721,0.0,0.0
2019-04-07 05:00:00,43.42,312.813,990.03845,5.212056,21.952175,0.0,0.0
2019-04-07 06:00:00,44.02,313.2284,989.31506,4.75475,20.629053,0.0,0.0
2019-04-07 07:00:00,43.74,311.89044,989.6946,5.2174115,25.482565,0.0,0.0
2019-04-07 08:00:00,43.46,311.6043,989.71606,5.06867,26.201921,0.0,0.0
2019-04-07 09:00:00,43.05,310.90353,990.03796,5.2175736,27.06141,0.010982156,0.0
2019-04-07 10:00:00,42.36,309.80756,991.0804,5.23321,29.259598,0.0,0.0
2019-04-07 11:00:00,42.7,309.1255,991.7658,3.855834,30.486563,0.0050514936,0.0
2019-04-07 12:00:00,43.4,308.8266,992.5603,3.4581742,30.66569,0.0,0.0
2019-04-07 13:00:00,43.21,306.74036,993.0504,5.4880424,37.94326,0.0,0.0
2019-04-07 14:00:00,43.15,303.5592,992.8767,6.57091,56.810535,0.0,0.0
2019-04-07 15:00:00,44.27,302.27228,992.6348,4.981945,65.791336,0.0,0.0
2019-04-07 16:00:00,44.76,301.8852,992.46063,3.4214535,68.24078,0.0,0.0
2019-04-07 17:00:00,45.27,301.62537,992.306,2.5946453,69.93287,0.0,0.0
2019-04-07 18:00:00,46.03,301.424,992.28625,3.1586838,71.38916,0.0,0.0
2019-04-07 19:00:00,46.15,301.68524,992.4211,2.6983175,69.6987,0.0,0.0
2019-04-07 20:00:00,47.47,301.4111,992.9514,2.6194768,71.64864,0.0,0.0
2019-04-07 21:00:00,48.3,301.16873,993.1809,2.977114,73.32333,0.0,0.0
2019-04-07 22:00:00,49.02,300.93085,993.826,2.9855955,74.84698,0.0,0.0
2019-04-07 23:00:00,49.48,301.70917,994.5595,3.3719234,71.259766,0.0,0.0
2019-04-08 00:00:00,48.23,303.357,995.1925,2.6539404,63.022762,0.01603365,0.0
2019-04-08 01:00:00,48.11,305.20105,995.2531,2.1137006,53.098988,0.0,0.0
2019-04-08 02:00:00,47.69,306.96155,994.62103,2.6153243,41.2265,0.0,0.0
2019-04-08 03:00:00,47.46,308.55737,993.40704,3.2185159,33.796246,0.0,0.0
2019-04-08 04:00:00,46.43,309.99756,992.02515,3.4331193,28.571072,0.0,0.0
2019-04-08 05:00:00,45.27,311.2546,991.0011,3.265858,24.700466,0.0,0.0
2019-04-08 06:00:00,44.12,312.04755,990.28156,2.9736369,22.43457,0.0,0.0
2019-04-08 07:00:00,42.64,312.56018,989.6067,3.0438054,20.37427,0.0,0.0
2019-04-08 08:00:00,41.22,312.5099,989.8389,3.1064649,19.776678,0.0,0.0
2019-04-08 09:00:00,40.36,312.2138,990.3003,3.6321752,19.363218,0.0,0.0
2019-04-08 10:00:00,39.76,311.33508,990.9395,4.113206,19.476648,0.0,0.0
2019-04-08 11:00:00,39.9,310.56628,991.9319,5.6179314,19.367224,0.0,0.0
2019-04-08 12:00:00,41.13,309.72537,992.81,7.0606914,19.801624,0.0,0.0
2019-04-08 13:00:00,43.12,308.95953,993.192,6.068669,20.84985,0.0,0.0
2019-04-08 14:00:00,46.14,308.12552,993.0274,3.698906,22.007315,0.0,0.0
2019-04-08 15:00:00,48.58,306.94064,992.7489,1.9702078,24.378212,0.0,0.0
2019-04-08 16:00:00,49.83,305.58746,992.39087,1.6549526,28.218864,0.0,0.0
2019-04-08 17:00:00,49.06,304.2658,992.1323,1.791227,37.036835,0.0,0.0
2019-04-08 18:00:00,49.15,303.40448,991.9808,2.5863063,46.99231,0.0,0.0
2019-04-08 19:00:00,49.07,302.24792,992.39685,2.28621,62.668835,0.0,0.0
2019-04-08 20:00:00,48.27,301.8767,992.7633,2.1034129,65.34247,0.0,0.0
2019-04-08 21:00:00,47.41,301.5782,993.02014,1.7161933,67.18337,0.0,0.0
2019-04-08 22:00:00,46.95,301.10205,993.55365,1.0688092,69.61704,0.0,0.0
2019-04-08 23:00:00,47.03,302.64154,994.35297,0.8754431,60.723896,0.0,0.0
2019-04-09 00:00:00,47.43,304.83884,994.47424,3.8172774,45.727448,0.003032033,0.0
2019-04-09 01:00:00,48.08,306.79926,994.7614,5.705317,40.53194,0.0,0.0
2019-04-09 02:00:00,48.87,308.38037,993.9217,6.1613655,36.46293,0.0,0.0
2019-04-09 03:00:00,49.69,309.7776,993.42206,6.603634,32.715252,0.0,0.0
2019-04-09 04:00:00,50.02,310.29852,992.6219,6.4853907,31.941753,0.0,0.0
2019-04-09 05:00:00,50.13,310.5125,991.9603,6.460343,32.20056,0.0,0.0
2019-04-09 06:00:00,50.03,310.38647,991.40826,6.0795827,32.783775,0.00936538,0.0
2019-04-09 07:00:00,50.16,311.66727,990.4484,6.0861382,28.328636,0.0,0.0
2019-04-09 08:00:00,50.15,311.34167,990.7098,6.3050427,28.29682,0.0,0.0
2019-04-09 09:00:00,50.29,309.38547,992.0662,7.6105433,32.334328,0.10021031,0.0
2019-04-09 10:00:00,51.34,307.70444,993.0114,6.268434,37.313282,0.0,0.0
2019-04-09 11:00:00,52.9,307.29645,993.59735,5.8518105,39.01318,0.0014305115,0.0
2019-04-09 12:00:00,54.37,306.7983,994.46173,6.207414,41.340366,0.0,0.0
2019-04-09 13:00:00,54.68,306.19617,994.8487,5.4108667,43.628296,0.0,0.0
2019-04-09 14:00:00,54.82,305.73077,994.9015,4.756399,44.90664,0.0,0.0
2019-04-09 15:00:00,54.37,305.4527,994.8511,5.1176453,44.7505,0.0,0.0
2019-04-09 16:00:00,54.17,305.2235,994.6465,5.6828237,43.909683,0.0,0.0
2019-04-09 17:00:00,53.85,304.89307,993.9676,5.308382,43.007458,0.0,0.0
2019-04-09 18:00:00,53.08,304.66852,993.5531,5.100371,41.984886,0.0,0.0
2019-04-09 19:00:00,53.42,303.12378,993.85876,7.286015,48.296566,0.0,0.0
2019-04-09 20:00:00,53.67,302.66083,994.6671,7.6656923,49.671318,0.0,0.0
2019-04-09 21:00:00,53.35,302.1664,994.7317,6.4584794,52.06179,0.0,0.0
2019-04-09 22:00:00,52.61,301.96295,995.0686,5.1911225,53.413826,0.0,0.0
2019-04-09 23:00:00,52.83,302.79236,995.4367,5.2390203,50.879402,0.0,0.0
2019-04-10 00:00:00,54.07,304.6156,995.73627,6.324105,45.429844,0.11263192,0.0
2019-04-10 01:00:00,53.17,306.38068,995.91345,7.179248,40.85539,0.0,0.0
2019-04-10 02:00:00,52.92,308.2959,995.2963,8.100505,35.93053,0.0,0.0
2019-04-10 03:00:00,52.96,309.70435,994.47125,8.091137,32.320057,0.0,0.0
2019-04-10 04:00:00,52.59,310.89307,993.28406,7.641652,29.672796,0.0,0.0
2019-04-10 05:00:00,50.83,311.84723,992.313,7.0335073,27.622969,0.0,0.0
2019-04-10 06:00:00,49.69,311.99963,991.7342,6.2150855,27.048954,0.0013299286,0.0
2019-04-10 07:00:00,49.15,311.68625,991.18695,6.399395,26.789951,0.0,0.0
2019-04-10 08:00:00,48.73,311.37744,991.44904,6.2359457,26.680052,0.0,0.089999996
2019-04-10 09:00:00,47.82,310.52783,992.0694,6.3291698,27.228916,0.0,0.37
2019-04-10 10:00:00,47.26,309.53137,992.6175,5.719339,28.64401,0.0,0.44
2019-04-10 11:00:00,47.09,308.90588,993.1316,5.430948,30.394482,0.0,0.03
2019-04-10 12:00:00,45.92,308.1518,993.784,4.892865,32.26033,0.0,0.0
2019-04-10 13:00:00,44.9,307.61835,994.1478,4.139796,33.063442,0.0,0.0
2019-04-10 14:00:00,45.29,307.1687,993.84235,3.314384,33.71336,0.0,0.0
2019-04-10 15:00:00,45.74,306.66556,993.8156,2.6213927,34.807587,0.0,0.0
2019-04-10 16:00:00,46.93,305.43237,993.66315,2.3056571,38.063988,0.0,0.0
2019-04-10 17:00:00,48.86,304.22284,993.3169,2.7204838,42.79136,0.0,0.0
2019-04-10 18:00:00,50.38,303.16132,993.6152,3.1063137,50.041054,0.0,0.0
2019-04-10 19:00:00,51.52,302.29163,993.4877,2.2046826,59.846996,0.0,0.0
2019-04-10 20:00:00,51.64,301.68903,994.1464,1.8858181,64.26732,0.0,0.0
2019-04-10 21:00:00,52.02,301.20593,994.42267,1.6779081,67.052505,0.0,0.0
2019-04-10 22:00:00,52.65,300.75226,994.96075,1.118691,69.75116,0.0,0.0
2019-04-10 23:00:00,53.79,301.92444,996.211,0.28988165,64.4384,0.0,0.0
2019-04-11 00:00:00,53.73,303.2846,996.68005,1.2322894,58.611954,0.002193451,0.0
2019-04-11 01:00:00,53.02,304.82513,996.8106,2.493576,52.24616,0.017675385,0.0
2019-04-11 02:00:00,52.48,306.0056,996.15576,3.3805363,47.38788,0.025382265,0.0
2019-04-11 03:00:00,52.13,307.4828,995.35596,3.7395234,41.913113,0.0,0.0
2019-04-11 04:00:00,51.3,308.37497,994.1292,3.7581153,38.2945,0.0,0.0
2019-04-11 05:00:00,49.92,309.33313,993.16675,3.7689273,34.787594,0.0,0.0
2019-04-11 06:00:00,48.24,309.68512,992.61053,3.6228237,32.894176,0.0,0.0
2019-04-11 07:00:00,47.41,310.58215,991.8895,3.5912478,27.9092,0.0,0.0
2019-04-11 08:00:00,46.83,310.48303,992.1697,3.2941105,27.078957,0.0,0.0
2019-04-11 09:00:00,46.36,310.2168,992.4123,3.0264919,26.278511,0.0,0.0
2019-04-11 10:00:00,45.79,309.56952,992.93304,2.4660473,27.058235,0.0,0.0
2019-04-11 11:00:00,45.9,308.82422,993.2989,2.3022623,28.77692,0.0,0.0
2019-04-11 12:00:00,46.61,308.04187,993.7631,1.7936405,30.583769,0.0,0.0
2019-04-11 13:00:00,47.57,307.10455,993.9219,0.96234137,33.227703,0.0,0.0
2019-04-11 14:00:00,47.84,306.47882,994.11163,0.6711982,34.645416,0.0,0.0
2019-04-11 15:00:00,46.79,305.534,993.92346,1.6463662,35.14131,0.0,0.0
2019-04-11 16:00:00,44.73,305.05725,993.86115,0.9711438,34.77972,0.0,0.0
2019-04-11 17:00:00,42.58,303.90045,993.7301,2.150395,39.018284,0.0,0.0
2019-04-11 18:00:00,41.1,302.59814,993.75165,4.0646586,52.565784,0.0,0.0
2019-04-11 19:00:00,40.3,302.2837,993.5647,2.2870588,49.897808,0.0,0.0
2019-04-11 20:00:00,39.17,301.15033,993.9995,2.7738507,61.21594,0.0,0.0
2019-04-11 21:00:00,38.13,300.3559,994.2696,2.9705079,70.413414,0.0,0.0
2019-04-11 22:00:00,37.36,299.83035,994.7938,2.9896035,76.64774,0.0,0.0
2019-04-11 23:00:00,36.92,300.95953,995.66736,3.549329,74.41534,0.0,0.0
2019-04-12 00:00:00,38.01,303.04108,996.0225,3.648929,63.531487,0.046982016,0.0
2019-04-12 01:00:00,37.09,305.0558,996.13794,2.9122345,52.99882,0.0,0.0
2019-04-12 02:00:00,36.03,306.97314,995.7473,2.455914,40.909313,0.0,0.0
2019-04-12 03:00:00,35.39,308.30835,994.9456,3.063324,34.098896,0.0,0.0
2019-04-12 04:00:00,33.4,309.3025,994.0591,3.101244,30.156935,0.0,0.0
2019-04-12 05:00:00,30.71,309.62158,993.2317,2.841119,28.872568,0.0,0.0
2019-04-12 06:00:00,28.04,310.1845,992.73456,2.343252,27.274708,0.0,0.0
2019-04-12 07:00:00,27.53,311.94452,991.5831,2.8130453,20.028883,0.0,0.0
2019-04-12 08:00:00,27.2,311.8911,991.72125,2.5748935,19.388592,0.0,0.0
2019-04-12 09:00:00,27.26,311.4234,992.21375,2.0589302,19.36345,0.0,0.0
2019-04-12 10:00:00,27.76,310.58594,992.9394,0.6834974,20.167763,0.0,0.0
2019-04-12 11:00:00,28.99,309.8313,993.8088,0.7488146,21.209526,0.0,0.0
2019-04-12 12:00:00,30.42,309.17795,994.60986,1.7647465,21.788149,0.0,0.0
2019-04-12 13:00:00,33.27,307.86032,994.9872,1.2036861,23.983194,0.0,0.0
2019-04-12 14:00:00,36.92,306.50174,995.20514,1.2298646,29.04528,0.0,0.0
2019-04-12 15:00:00,38.01,304.95532,995.41046,3.9201746,40.895462,0.0,0.0
2019-04-12 16:00:00,38.44,302.89282,995.4698,5.2682714,59.102676,0.0,0.0
2019-04-12 17:00:00,39.06,301.5266,995.508,5.5444713,71.186165,0.0,0.0
2019-04-12 18:00:00,39.78,300.98083,995.3921,4.8452125,75.1923,0.0,0.0
2019-04-12 19:00:00,39.68,300.68726,995.2081,2.926356,74.99837,0.0,0.0
2019-04-12 20:00:00,38.93,300.32568,995.32404,2.7512953,77.29377,0.0,0.0
2019-04-12 21:00:00,38.12,299.97247,995.7484,2.7135696,79.73235,0.0,0.0
2019-04-12 22:00:00,37.29,299.6748,996.0989,2.5480328,81.89498,0.0,0.0
2019-04-12 23:00:00,36.31,300.4477,996.7545,2.933786,78.31847,0.0,0.0
2019-04-13 00:00:00,35.17,302.23462,996.8537,2.4426553,68.891975,0.0,0.0
2019-04-13 01:00:00,34.02,304.26132,996.5433,1.7015088,58.880455,0.0,0.0
2019-04-13 02:00:00,33.01,306.2807,996.03204,1.0758522,48.027885,0.0,0.0
2019-04-13 03:00:00,32.11,307.8805,994.9532,0.16162172,37.62637,0.0,0.0
2019-04-13 04:00:00,31.68,309.27048,993.8627,1.2462393,30.526379,0.0,0.0
2019-04-13 05:00:00,31.53,310.2389,992.8237,1.6682832,26.750141,0.0,0.0
2019-04-13 06:00:00,30.7,310.7766,992.0559,1.8195841,24.342766,0.0,0.0
2019-04-13 07:00:00,30.85,310.97974,991.69196,1.5974094,23.545473,0.0,0.0
2019-04-13 08:00:00,31.36,311.06946,991.90326,1.5707256,22.270317,0.0,0.0
2019-04-13 09:00:00,31.73,310.82758,992.2568,1.3669643,21.047398,0.0,0.0
2019-04-13 10:00:00,31.57,310.27347,992.7247,0.7755674,20.563107,0.0,0.0
2019-04-13 11:00:00,30.22,309.5664,993.1584,0.999519,21.221746,0.0,0.0
2019-04-13 12:00:00,28.47,308.44955,993.6439,1.4537039,22.4236,0.0,0.0
2019-04-13 13:00:00,26.96,306.9568,993.9905,1.8012112,23.855274,0.0,0.0
2019-04-13 14:00:00,25.95,305.57727,994.002,2.153087,24.817646,0.0,0.0
2019-04-13 15:00:00,25.24,304.43423,993.9214,2.5548344,24.151674,0.0,0.0
2019-04-13 16:00:00,24.82,303.52182,993.72186,2.9544635,22.005747,0.0,0.0
2019-04-13 17:00:00,23.92,302.54407,993.508,2.8470893,21.809397,0.0,0.0
2019-04-13 18:00:00,24.4,301.27625,993.3407,2.5164344,27.556095,0.0,0.0
2019-04-13 19:00:00,25.89,299.784,993.5223,1.9559114,38.87391,0.0,0.0
2019-04-13 20:00:00,27.07,298.99554,993.78265,2.0535321,47.493557,0.0,0.0
2019-04-13 21:00:00,27.81,298.5959,994.0955,2.750377,58.125694,0.0,0.0
2019-04-13 22:00:00,28.16,298.29156,994.7543,3.0615704,70.43948,0.0,0.0
2019-04-13 23:00:00,28.73,299.8927,995.4402,3.3749948,70.96684,0.0,0.0
2019-04-14 00:00:00,28.57,302.25085,995.66064,3.5758495,63.22422,0.0,0.0
2019-04-14 01:00:00,28.56,304.35693,995.65924,2.7129865,53.2472,0.0,0.0
2019-04-14 02:00:00,28.37,306.35474,995.40283,2.1677713,44.078205,0.0,0.0
2019-04-14 03:00:00,28.18,308.2641,994.41315,2.1892626,33.589874,0.0,0.0
2019-04-14 04:00:00,28.25,309.68976,993.1532,2.2738945,26.283556,0.0,0.0
2019-04-14 05:00:00,28.75,310.48993,992.27985,1.7417418,22.6472,0.0,0.0
2019-04-14 06:00:00,28.48,310.89194,991.4774,1.1177939,20.708836,0.0,0.0
2019-04-14 07:00:00,29.5,311.2444,990.85425,1.195667,18.244019,0.0,0.0
2019-04-14 08:00:00,30.24,311.03912,990.8465,0.5409179,17.946365,0.0,0.0
2019-04-14 09:00:00,30.26,310.64157,991.40784,0.18391022,17.988373,0.0,0.0
2019-04-14 10:00:00,29.71,310.01288,991.6261,1.0691057,18.712553,0.0,0.0
2019-04-14 11:00:00,28.72,309.23737,992.51697,1.7999841,20.094221,0.0,0.0
2019-04-14 12:00:00,28.21,308.23352,992.9353,2.1265256,21.753136,0.0,0.0
2019-04-14 13:00:00,26.96,307.00073,993.22327,2.0920107,23.623333,0.0,0.0
2019-04-14 14:00:00,26.36,305.43427,993.4026,1.5694861,26.377907,0.0,0.0
2019-04-14 15:00:00,27.92,304.2185,993.57227,1.730639,30.831831,0.0,0.0
2019-04-14 16:00:00,31.77,303.2094,994.00494,4.182515,44.433212,0.0,0.0
2019-04-14 17:00:00,33.7,302.14322,993.79175,4.9518814,62.23422,0.0,0.0
2019-04-14 18:00:00,34.92,301.5995,993.6875,4.7143884,70.76666,0.0,0.0
2019-04-14 19:00:00,36.8,301.00403,993.5206,4.3541493,73.94525,0.0,0.0
2019-04-14 20:00:00,37.8,300.57843,993.8896,3.9646828,75.08242,0.0,0.0
2019-04-14 21:00:00,37.32,300.13416,994.322,3.5616899,76.67356,0.0,0.0
2019-04-14 22:00:00,36.32,299.7428,994.8572,3.4013765,78.54583,0.0,0.0
2019-04-14 23:00:00,35.4,300.62656,995.40265,4.2073164,74.05869,0.0,0.0
2019-04-15 00:00:00,33.95,302.4347,995.63477,4.1182013,63.22311,0.0,0.0
2019-04-15 01:00:00,32.84,304.29706,995.4216,3.4765208,54.42849,0.0,0.0
2019-04-15 02:00:00,32.29,306.14594,994.84375,3.0985837,47.372566,0.0,0.0
2019-04-15 03:00:00,32.66,307.9093,993.74493,2.7857888,40.476715,0.0,0.0
2019-04-15 04:00:00,32.07,309.36194,992.64844,2.3505123,33.505554,0.0,0.0
2019-04-15 05:00:00,31.72,310.23505,991.6389,1.7866578,27.774343,0.0,0.0
2019-04-15 06:00:00,31.41,310.82666,991.063,1.5272547,25.144682,0.0,0.0
2019-04-15 07:00:00,31.87,310.85583,990.7539,0.7059707,24.0717,0.0,0.0
2019-04-15 08:00:00,32.3,310.6972,991.1947,0.38487527,23.669338,0.0,0.0
2019-04-15 09:00:00,32.37,310.28107,991.16565,0.41486758,23.970034,0.0,0.0
2019-04-15 10:00:00,32.1,309.91757,991.9333,0.89932054,24.479624,0.0,0.0
2019-04-15 11:00:00,31.93,309.57547,992.7771,1.6086141,25.202057,0.0,0.0
2019-04-15 12:00:00,31.88,308.98276,993.4444,1.9196204,26.47031,0.0,0.0
2019-04-15 13:00:00,31.89,308.28107,993.8162,2.2103813,28.000212,0.0,0.0
2019-04-15 14:00:00,32.05,307.4328,993.84106,3.9455082,31.143034,0.0,0.0
2019-04-15 15:00:00,33.51,305.07626,993.62103,6.579515,47.843334,0.0,0.0
2019-04-15 16:00:00,36.55,303.1187,993.795,7.117007,62.093323,0.0,0.0
2019-04-15 17:00:00,38.61,302.3667,993.6769,6.4529343,66.03764,0.0,0.0
2019-04-15 18:00:00,39.5,301.89813,993.7354,5.422334,68.154366,0.0,0.0
2019-04-15 19:00:00,40.33,301.2149,993.6833,4.595145,70.89125,0.0,0.0
2019-04-15 20:00:00,41.21,300.81165,994.08484,4.0666456,73.18604,0.0,0.0
2019-04-15 21:00:00,40.86,300.44354,994.4165,3.9298298,75.169945,0.0,0.0
2019-04-15 22:00:00,40.13,300.09583,995.08594,3.7871552,76.8428,0.0,0.0
2019-04-15 23:00:00,39.61,300.8233,996.06,4.6764307,72.15789,0.0,0.0
2019-04-16 00:00:00,39.58,302.48807,996.3658,4.538958,63.074158,0.0,0.0
2019-04-16 01:00:00,38.88,304.36108,996.43256,3.7530086,54.601837,0.0,0.0
2019-04-16 02:00:00,38.54,306.1904,995.85547,2.9883866,47.253773,0.0,0.0
2019-04-16 03:00:00,37.65,307.85583,994.6478,2.0842075,39.963367,0.0,0.0
2019-04-16 04:00:00,37.19,308.62238,993.5609,1.4221984,35.264256,0.0,0.0
2019-04-16 05:00:00,36.98,309.52838,992.60944,1.4267273,31.942856,0.0,0.0
2019-04-16 06:00:00,37.48,310.16986,991.9547,1.4940102,29.806318,0.0,0.0
2019-04-16 07:00:00,38.58,310.57623,991.57227,0.8805882,28.71071,0.0,0.0
2019-04-16 08:00:00,38.43,310.37714,992.0136,0.7542454,28.869179,0.0,0.0
2019-04-16 09:00:00,39.03,309.33438,992.1078,0.55947804,30.427603,0.020998716,0.0
2019-04-16 10:00:00,39.23,308.88086,993.16797,0.12115215,31.277191,0.0,0.0
2019-04-16 11:00:00,39.63,308.59543,993.8013,0.7186142,31.840775,0.0,0.0
2019-04-16 12:00:00,39.89,308.23938,994.3195,1.5969772,32.754395,0.0,0.0
2019-04-16 13:00:00,40.09,307.50543,994.6795,2.559698,34.693523,0.0,0.0
2019-04-16 14:00:00,39.96,306.59903,994.57904,3.5101538,37.607918,0.0,0.0
2019-04-16 15:00:00,39.69,305.73593,994.146,4.1871142,41.55288,0.0,0.0
2019-04-16 16:00:00,39.92,304.8285,994.00586,4.6741695,46.562805,0.0,0.0
2019-04-16 17:00:00,40.49,303.97327,993.7582,5.105455,52.35315,0.0,0.0
2019-04-16 18:00:00,41.15,303.2553,993.4975,5.190358,57.877785,0.0,0.0
2019-04-16 19:00:00,41.28,302.65814,993.2081,4.0775094,61.028393,0.0,0.0
2019-04-16 20:00:00,41.83,302.1739,993.5694,4.029997,64.39748,0.0,0.0
2019-04-16 21:00:00,42.06,301.648,994.13257,3.9774575,67.468666,0.0,0.0
2019-04-16 22:00:00,42.22,301.22336,995.0062,4.005947,69.95717,0.0,0.0
2019-04-16 23:00:00,42.25,302.01392,995.6575,4.7558565,66.9672,0.0,0.0
2019-04-17 00:00:00,41.2,303.94653,996.0684,4.82114,57.547646,0.020999996,0.0
2019-04-17 01:00:00,40.61,305.9074,996.23486,3.9784315,48.426327,0.0,0.0
2019-04-17 02:00:00,39.87,307.67932,995.81854,3.118055,41.77864,0.0,0.0
2019-04-17 03:00:00,38.86,309.25604,994.8625,2.370085,35.742085,0.0,0.0
2019-04-17 04:00:00,37.37,310.1701,993.7721,1.9073231,30.957565,0.0,0.0
2019-04-17 05:00:00,36.45,310.91998,992.8109,1.2337544,27.446274,0.0,0.0
2019-04-17 06:00:00,36.13,311.23605,992.0731,1.156688,25.664864,0.0,0.0
2019-04-17 07:00:00,36.08,311.4457,991.65826,2.075921,24.109613,0.0,0.0
2019-04-17 08:00:00,36.5,311.36798,992.1429,2.4038143,23.31102,0.0,0.0
2019-04-17 09:00:00,36.39,311.12518,992.4091,2.1189134,22.754591,0.0,0.0
2019-04-17 10:00:00,35.49,310.70154,993.0642,1.2569823,22.789986,0.0,0.0
2019-04-17 11:00:00,34.28,310.23306,993.5045,1.3322607,23.462248,0.0,0.0
2019-04-17 12:00:00,33.69,309.41858,994.2625,1.6137987,24.91336,0.0,0.0
2019-04-17 13:00:00,33.08,308.2768,994.7419,1.4147509,27.179327,0.0,0.0
2019-04-17 14:00:00,31.54,307.11432,994.5081,1.1293262,30.188915,0.0,0.0
2019-04-17 15:00:00,29.65,306.53278,994.4913,1.0778925,29.934832,0.0,0.0
2019-04-17 16:00:00,28.3,305.54413,994.1781,1.0775183,31.255611,0.0,0.0
2019-04-17 17:00:00,28.48,304.37128,994.1582,2.4971924,36.87374,0.0,0.0
2019-04-17 18:00:00,29.11,303.03424,993.7955,3.729193,53.40577,0.0,0.0
2019-04-17 19:00:00,32.02,301.79904,993.9483,2.5961213,66.96672,0.0,0.0
2019-04-17 20:00:00,34.69,301.07132,994.3766,2.0747683,72.731766,0.0,0.0
2019-04-17 21:00:00,36.32,300.52142,994.8616,2.1199405,78.41872,0.0,0.0
2019-04-17 22:00:00,36.36,300.05698,995.6661,2.0973768,83.73436,0.0,0.0
2019-04-17 23:00:00,37.22,300.94208,996.53406,2.2639134,81.86764,0.0,0.0
2019-04-18 00:00:00,36.38,302.84058,997.2139,1.7975335,72.01141,0.0,0.0
2019-04-18 01:00:00,35.25,305.1136,997.4272,1.3241051,55.72545,0.0,0.0
2019-04-18 02:00:00,34.77,307.8827,996.84454,3.2727263,36.878334,0.0,0.0
2019-04-18 03:00:00,34.27,310.27386,995.5343,4.8126607,23.228168,0.0,0.0
2019-04-18 04:00:00,31.34,311.55322,994.1905,4.9152536,16.996449,0.0,0.0
2019-04-18 05:00:00,27.74,312.33084,992.92737,5.040967,13.906923,0.0,0.0
2019-04-18 06:00:00,25.77,313.04163,992.01953,5.2939625,12.3326025,0.0,0.0
2019-04-18 07:00:00,24.18,313.28674,991.3747,5.9299746,12.1571865,0.0,0.0
2019-04-18 08:00:00,23.3,312.8587,991.5575,6.2080264,12.7230215,0.0,0.0
2019-04-18 09:00:00,24.05,312.0855,992.0666,5.982552,13.736926,0.0,0.0
2019-04-18 10:00:00,25.16,310.61887,993.0425,4.944634,15.294072,0.0,0.0
2019-04-18 11:00:00,25.69,309.40204,993.63025,5.085116,16.566217,0.0,0.0
2019-04-18 12:00:00,25.21,308.45523,994.4761,5.8661838,17.495579,0.0,0.0
2019-04-18 13:00:00,24.53,307.6748,994.77466,6.028031,18.147417,0.0,0.0
2019-04-18 14:00:00,23.9,306.83102,994.8822,4.8089256,18.719727,0.0,0.0
2019-04-18 15:00:00,23.44,305.73492,994.5757,2.935801,19.661963,0.0,0.0
2019-04-18 16:00:00,23.55,303.9875,994.64453,1.3808421,24.009417,0.0,0.0
2019-04-18 17:00:00,24.24,302.6618,994.39526,1.974206,34.100266,0.0,0.0
2019-04-18 18:00:00,24.75,301.72507,994.42773,2.5745869,47.14543,0.0,0.0
2019-04-18 19:00:00,24.79,300.09827,994.58765,2.04138,64.62239,0.0,0.0
2019-04-18 20:00:00,24.53,299.20087,994.7089,1.7145507,71.74985,0.0,0.0
2019-04-18 21:00:00,23.94,298.45065,995.0989,1.5860256,77.48518,0.0,0.0
2019-04-18 22:00:00,23.6,297.82214,996.01514,1.4028275,83.082375,0.0,0.0
2019-04-18 23:00:00,23.97,299.33154,996.798,1.1704867,78.58272,0.0,0.0
2019-04-19 00:00:00,25.57,301.34955,997.16284,0.5867382,71.76251,0.0017058547,0.0
2019-04-19 01:00:00,26.48,303.79022,997.26373,0.86336267,51.132137,0.0,0.0
2019-04-19 02:00:00,27.2,306.26093,996.73047,2.1253228,34.337887,0.0,0.0
2019-04-19 03:00:00,27.95,308.30786,995.3656,3.0596125,24.31345,0.0,0.0
2019-04-19 04:00:00,27.96,309.56464,993.7826,3.1893563,19.46199,0.0,0.0
2019-04-19 05:00:00,28.21,310.30865,992.4481,2.5666256,16.948505,0.0,0.0
2019-04-19 06:00:00,28.57,310.69006,991.6345,1.8938069,15.662182,0.0,0.0
2019-04-19 07:00:00,28.76,311.24133,990.59546,1.2046305,14.063162,0.0,0.0
2019-04-19 08:00:00,28.51,311.06158,990.4808,0.8890249,13.821379,0.0,0.0
2019-04-19 09:00:00,28.44,310.6127,990.6932,0.39321062,13.9544935,0.0,0.0
2019-04-19 10:00:00,27.94,309.919,991.183,1.0859376,14.709976,0.0,0.0
2019-04-19 11:00:00,26.96,308.80066,991.6767,2.117562,16.03596,0.0,0.0
2019-04-19 12:00:00,26.18,307.5852,992.35376,2.5782566,17.370243,0.0,0.0
2019-04-19 13:00:00,25.31,306.28256,992.6983,2.3536274,18.941113,0.0,0.0
2019-04-19 14:00:00,24.27,304.8686,993.1839,2.0742545,23.32639,0.0,0.0
2019-04-19 15:00:00,24.26,303.78497,993.51,4.1203103,36.90669,0.0,0.0
2019-04-19 16:00:00,26.42,302.56,993.90466,5.328908,57.887154,0.0,0.0
2019-04-19 17:00:00,29.96,301.7209,993.9441,4.6687484,67.86102,0.0,0.0
2019-04-19 18:00:00,32.66,301.33478,993.82153,4.2160645,70.753654,0.0,0.0
2019-04-19 19:00:00,33.58,300.22247,993.52966,4.5159645,80.4004,0.0,0.0
2019-04-19 20:00:00,33.88,299.98276,994.1894,4.2457914,80.71772,0.0,0.0
2019-04-19 21:00:00,34.61,299.71692,994.51544,3.9553068,81.835815,0.0,0.0
2019-04-19 22:00:00,36.01,299.52527,995.27783,3.3321283,83.4853,0.0,0.0
2019-04-19 23:00:00,37.17,300.37433,996.1238,3.8510895,80.07634,0.0,0.0
2019-04-20 00:00:00,38.35,302.08105,996.5739,3.5681982,71.614334,0.0058837645,0.0
2019-04-20 01:00:00,38.42,303.74127,996.6861,2.9641955,62.320404,0.07936392,0.0
2019-04-20 02:00:00,38.08,305.48065,996.04767,2.3814023,52.65167,0.036953017,0.0
2019-04-20 03:00:00,37.02,306.94025,994.8719,2.154611,44.242012,0.018000603,0.0
2019-04-20 04:00:00,36.76,308.0396,993.48016,2.1062524,38.15535,0.002142042,0.0
2019-04-20 05:00:00,35.82,308.85083,992.3049,2.1112456,34.327084,0.0,0.0
2019-04-20 06:00:00,34.94,308.68475,991.7711,1.6870345,32.528893,0.0,0.0
2019-04-20 07:00:00,35.13,309.32562,991.0082,0.62982017,27.057405,0.0,0.0
2019-04-20 08:00:00,35.69,309.21942,991.24713,0.058460418,26.273733,0.0,0.0
2019-04-20 09:00:00,35.29,308.9082,991.60864,0.380855,26.474983,0.0,0.0
2019-04-20 10:00:00,35.2,308.5348,992.15875,0.82114077,27.111084,0.0,0.0
2019-04-20 11:00:00,35.96,308.1684,992.8699,1.5249075,27.860678,0.0,0.0
2019-04-20 12:00:00,37.3,307.8178,993.77716,1.6881781,28.665913,0.0,0.0
2019-04-20 13:00:00,37.78,307.10193,993.7517,1.3033087,30.35689,0.0,0.0
2019-04-20 14:00:00,39.26,306.20142,993.52655,1.6538467,33.688374,0.0,0.0
2019-04-20 15:00:00,40.29,305.1113,993.0377,2.2177234,39.087822,0.0,0.0
2019-04-20 16:00:00,40.7,303.8089,992.7264,2.5290127,45.99087,0.0,0.0
2019-04-20 17:00:00,40.59,302.6654,992.676,2.8681896,53.122623,0.0,0.0
2019-04-20 18:00:00,39.14,301.79596,992.8116,3.349103,59.69875,0.0,0.0
2019-04-20 19:00:00,38.7,300.94873,993.5422,3.6960928,67.48093,0.0,0.0
2019-04-20 20:00:00,38.89,300.46945,993.8878,3.533837,71.679756,0.0,0.0
2019-04-20 21:00:00,38.31,300.16205,994.1848,3.123474,74.26872,0.0,0.0
2019-04-20 22:00:00,37.25,299.89838,994.66455,2.7814083,76.25516,0.0,0.0
2019-04-20 23:00:00,37.12,300.8686,995.3808,3.1310697,71.21124,0.0,0.0
2019-04-21 00:00:00,36.81,302.73248,995.572,2.6922755,55.999184,0.1423508,0.0
2019-04-21 01:00:00,36.79,304.75183,995.72186,1.95923,44.398815,0.0,0.0
2019-04-21 02:00:00,36.9,306.68268,995.09045,1.6106982,36.40416,0.0,0.0
2019-04-21 03:00:00,35.69,308.01666,994.0203,0.9358967,29.750732,0.0,0.0
2019-04-21 04:00:00,34.51,308.95828,993.1476,0.6023172,25.884092,0.0,0.0
2019-04-21 05:00:00,34.48,309.79074,992.1303,1.330087,23.528397,0.0,0.0
2019-04-21 06:00:00,34.4,310.265,991.64435,1.9594052,22.026167,0.0,0.0
2019-04-21 07:00:00,33.9,310.18268,991.4836,1.9785327,22.025347,0.0,0.0
2019-04-21 08:00:00,34.42,310.22162,991.6242,1.9618038,21.387415,0.0,0.0
2019-04-21 09:00:00,33.95,310.01727,991.7236,1.779165,21.073399,0.0,0.0
2019-04-21 10:00:00,33.37,309.43375,992.1083,1.0357406,21.642305,0.0,0.0
2019-04-21 11:00:00,31.56,308.8368,992.58453,0.64066136,22.725769,0.0,0.0
2019-04-21 12:00:00,28.78,307.7669,993.25226,0.36917776,26.11947,0.0,0.0
2019-04-21 13:00:00,25.74,306.8355,993.192,0.6673233,26.353386,0.0,0.0
2019-04-21 14:00:00,23.92,305.85046,993.2601,1.5317204,26.967499,0.0,0.0
2019-04-21 15:00:00,22.86,304.68085,992.9553,2.3645842,27.271057,0.0,0.0
2019-04-21 16:00:00,22.5,303.98383,992.8989,2.9525118,26.395998,0.0,0.0
2019-04-21 17:00:00,22.27,303.05463,992.6403,3.204042,26.009386,0.0,0.0
2019-04-21 18:00:00,21.92,302.1075,992.47516,3.228305,26.036108,0.0,0.0
2019-04-21 19:00:00,21.4,300.84888,993.01587,3.6163683,26.311249,0.0,0.0
2019-04-21 20:00:00,20.83,300.07574,993.59875,3.740667,27.238083,0.0,0.0
2019-04-21 21:00:00,20.58,299.454,994.08484,3.855373,28.059425,0.0,0.0
2019-04-21 22:00:00,20.34,299.03006,994.9992,4.153296,28.58476,0.0,0.0
2019-04-21 23:00:00,20.47,300.55493,995.67487,4.6651354,25.93078,0.0,0.0
2019-04-22 00:00:00,20.25,303.3355,996.04346,5.815884,21.924515,0.0017195939,0.0
2019-04-22 01:00:00,20.31,305.92798,996.361,5.600613,20.377995,0.0,0.0
2019-04-22 02:00:00,19.93,307.70428,995.7366,4.437153,21.43491,0.0,0.0
2019-04-22 03:00:00,19.44,309.1672,994.71375,4.3142323,18.924513,0.0,0.0
2019-04-22 04:00:00,18.94,310.37866,993.59845,4.640811,16.092043,0.0,0.0
2019-04-22 05:00:00,18.29,311.13983,992.7539,4.846767,13.697931,0.0,0.0
2019-04-22 06:00:00,18.53,311.41406,992.13904,4.9385967,12.617532,0.0,0.0
2019-04-22 07:00:00,18.83,311.64938,991.883,5.8556185,13.16098,0.0,0.0
2019-04-22 08:00:00,18.78,311.39978,992.1489,5.5564313,13.694435,0.0,0.0
2019-04-22 09:00:00,18.29,310.77048,992.49536,4.959285,14.242088,0.0,0.0
2019-04-22 10:00:00,18.72,309.4331,993.1348,4.5920124,15.90844,0.0,0.0
2019-04-22 11:00:00,19.51,308.47562,994.13245,5.528337,18.0201,0.0,0.0
2019-04-22 12:00:00,19.49,307.5196,994.9433,6.2877717,20.46255,0.0,0.0
2019-04-22 13:00:00,19.64,306.62024,995.3861,6.3910546,22.087128,0.0,0.0
2019-04-22 14:00:00,18.87,305.7437,995.5148,6.335369,22.991474,0.0,0.0
2019-04-22 15:00:00,17.97,304.97498,995.54236,6.165162,23.123718,0.0,0.0
2019-04-22 16:00:00,17.49,304.29742,995.5566,6.026655,22.523293,0.0,0.0
2019-04-22 17:00:00,16.76,303.4937,995.3137,5.8549886,21.859938,0.0,0.0
2019-04-22 18:00:00,16.2,302.8043,995.27435,5.5809603,21.357578,0.0,0.0
2019-04-22 19:00:00,15.73,300.88477,995.3778,5.099674,24.527185,0.0,0.0
2019-04-22 20:00:00,15.08,300.11017,995.5795,4.6822877,25.686403,0.0,0.0
2019-04-22 21:00:00,14.48,299.44977,995.9531,4.070731,26.928434,0.0,0.0
2019-04-22 22:00:00,14.43,298.72507,996.7114,3.8391907,28.41772,0.0,0.0
2019-04-22 23:00:00,14.67,300.19302,997.73737,4.1447973,26.027859,0.0,0.0
2019-04-23 00:00:00,14.09,303.22662,998.09357,5.926116,20.979027,0.0,0.0
2019-04-23 01:00:00,13.92,305.6892,998.3532,7.4221134,18.544067,0.0,0.0
2019-04-23 02:00:00,13.53,307.67813,997.6161,8.141225,15.878825,0.0,0.0
2019-04-23 03:00:00,13.24,308.67984,996.803,7.618083,14.709173,0.0,0.0
2019-04-23 04:00:00,13.32,309.4537,995.395,7.245523,13.7583065,0.0,0.0
2019-04-23 05:00:00,13.23,310.1007,994.46826,7.010955,12.830089,0.0,0.0
2019-04-23 06:00:00,13.68,310.4802,993.7802,6.9249477,11.92706,0.0,0.0
2019-04-23 07:00:00,14.61,310.3334,993.40515,7.443895,10.140488,0.0,0.0
2019-04-23 08:00:00,15.29,309.7605,993.6266,7.259619,9.386974,0.0,0.0
2019-04-23 09:00:00,15.34,308.8966,994.28986,6.16722,9.264648,0.0,0.0
2019-04-23 10:00:00,15.58,307.49115,994.9475,4.5444674,9.9050455,0.0,0.0
2019-04-23 11:00:00,15.48,306.3369,995.7436,3.8343918,10.571347,0.0,0.0
2019-04-23 12:00:00,15.32,305.1275,996.60077,3.56934,11.368766,0.0,0.0
2019-04-23 13:00:00,14.89,303.9566,996.88,3.5668404,12.184979,0.0,0.0
2019-04-23 14:00:00,14.65,302.82886,996.9627,3.618334,13.041642,0.0,0.0
2019-04-23 15:00:00,14.78,301.70544,996.863,3.5799198,14.007939,0.0,0.0
2019-04-23 16:00:00,14.73,300.5612,996.8603,3.5676534,15.124002,0.0,0.0
2019-04-23 17:00:00,14.82,299.61743,996.79047,3.8324158,16.092165,0.0,0.0
2019-04-23 18:00:00,14.83,298.96024,996.54474,4.1700425,16.983677,0.0,0.0
2019-04-23 19:00:00,14.21,297.8149,996.47284,3.423302,19.268595,0.0,0.0
2019-04-23 20:00:00,14.11,297.00916,996.8148,3.4631314,20.479235,0.0,0.0
2019-04-23 21:00:00,14.19,296.40204,997.2537,3.4561763,21.639303,0.0,0.0
2019-04-23 22:00:00,14.19,296.00012,997.5963,3.5806165,22.624304,0.0,0.0
2019-04-23 23:00:00,14.11,297.74036,998.4886,3.8148463,20.692982,0.0,0.0
2019-04-24 00:00:00,13.36,301.2154,998.8236,5.2188854,16.853737,0.0,0.0
2019-04-24 01:00:00,13.48,304.34113,999.36804,6.3947124,14.598205,0.0,0.0
2019-04-24 02:00:00,13.34,306.97412,998.569,7.120822,12.7564535,0.0,0.0
2019-04-24 03:00:00,13.31,308.25204,997.3264,7.3628407,11.139747,0.0,0.0
2019-04-24 04:00:00,12.97,309.10303,996.0711,6.694218,9.859482,0.0,0.0
2019-04-24 05:00:00,13.19,309.72903,994.8111,6.233599,8.917003,0.0,0.0
2019-04-24 06:00:00,13.17,310.05658,994.02716,5.943198,8.389758,0.0,0.0
2019-04-24 07:00:00,12.49,309.62024,993.66595,5.7473226,11.937928,0.0,0.0
2019-04-24 08:00:00,12.62,309.2475,993.97736,5.5113206,13.0679655,0.0,0.0
2019-04-24 09:00:00,13.47,308.4245,994.4611,4.963171,14.2548,0.0,0.0
2019-04-24 10:00:00,14.11,306.8422,994.7329,4.409951,15.427982,0.0,0.0
2019-04-24 11:00:00,14.04,305.70496,995.5165,4.877888,15.831421,0.0,0.0
2019-04-24 12:00:00,14.16,304.76898,996.0206,5.3517814,15.933164,0.0,0.0
2019-04-24 13:00:00,14.24,303.8676,996.3006,5.5755086,16.19026,0.0,0.0
2019-04-24 14:00:00,14.82,302.96655,996.20953,5.649896,16.80493,0.0,0.0
2019-04-24 15:00:00,15.59,302.05334,995.99713,5.573566,17.764507,0.0,0.0
2019-04-24 16:00:00,16.16,301.20248,995.9691,5.591031,18.817148,0.0,0.0
2019-04-24 17:00:00,16.77,300.52478,995.76337,5.841361,19.965506,0.0,0.0
2019-04-24 18:00:00,17.25,300.02368,995.46075,6.114476,21.316706,0.0,0.0
2019-04-24 19:00:00,17.56,298.31616,995.4761,4.164606,23.959066,0.0,0.0
2019-04-24 20:00:00,17.88,297.70462,995.9903,4.066185,25.163511,0.0,0.0
2019-04-24 21:00:00,18.15,297.27185,996.1298,3.9668872,26.315748,0.0,0.0
2019-04-24 22:00:00,18.3,296.7494,996.7537,3.8777611,27.800947,0.0,0.0
2019-04-24 23:00:00,18.13,298.07944,997.59174,3.7345626,26.274225,0.0,0.0
2019-04-25 00:00:00,17.11,300.6293,998.057,5.031551,23.116293,0.0,0.0
2019-04-25 01:00:00,16.96,302.75995,998.1797,6.044915,21.035896,0.0,0.0
2019-04-25 02:00:00,16.95,304.34543,997.6911,6.3415017,19.709917,0.0,0.0
2019-04-25 03:00:00,16.78,305.96143,996.6722,6.2807016,17.945786,0.0,0.0
2019-04-25 04:00:00,17.0,306.74915,995.46344,5.4552746,16.870844,0.0,0.03
2019-04-25 05:00:00,16.65,307.36774,994.28564,4.65505,16.046328,0.0,0.0
2019-04-25 06:00:00,16.58,307.7549,993.6923,4.3070636,15.18724,0.0,0.0
2019-04-25 07:00:00,15.9,308.0108,992.9666,4.063191,13.972278,0.0,0.0
2019-04-25 08:00:00,15.88,307.85477,993.4484,4.2452006,13.742174,0.0,0.0
2019-04-25 09:00:00,16.05,307.1152,993.6264,4.181063,14.1153145,0.0,0.0
2019-04-25 10:00:00,16.55,305.9474,994.1041,3.8005848,14.977039,0.0,0.0
2019-04-25 11:00:00,17.06,305.11212,994.6984,4.287733,15.5493,0.0,0.0
2019-04-25 12:00:00,16.81,304.34253,995.4239,5.0429807,16.257702,0.0,0.0
2019-04-25 13:00:00,17.86,303.6743,995.7544,5.605448,17.151773,0.0,0.0
2019-04-25 14:00:00,18.0,302.84985,995.8329,5.8326817,18.426044,0.0,0.0
2019-04-25 15:00:00,17.56,302.16376,995.84875,6.0503063,19.51383,0.0,0.0
2019-04-25 16:00:00,17.34,301.5136,995.7531,6.1378536,20.372637,0.0,0.0
2019-04-25 17:00:00,17.01,300.95453,995.58325,6.1170855,20.947401,0.0,0.0
2019-04-25 18:00:00,17.4,300.33923,995.2559,5.879046,21.509575,0.0,0.0
2019-04-25 19:00:00,17.35,299.19418,995.2703,4.4354405,22.912827,0.0,0.0
2019-04-25 20:00:00,17.43,298.49347,995.4135,3.8993814,23.747726,0.0,0.0
2019-04-25 21:00:00,17.33,297.91882,995.78296,3.466713,24.476276,0.0,0.0
2019-04-25 22:00:00,17.62,297.55078,996.21594,3.2303233,24.933151,0.0,0.0
2019-04-25 23:00:00,17.46,298.19464,997.0168,3.3179874,23.911047,0.0,0.0
2019-04-26 00:00:00,16.72,299.29922,997.41547,4.2875605,22.184103,0.0,0.0
2019-04-26 01:00:00,16.53,301.034,997.39185,5.341848,19.848766,0.0,0.0
2019-04-26 02:00:00,15.86,303.3941,997.1127,6.3470206,17.456276,0.0,0.0
2019-04-26 03:00:00,15.24,305.1352,995.91,6.750756,16.29991,0.0,0.0
2019-04-26 04:00:00,15.15,306.43835,994.83905,6.27335,14.96626,0.0,0.0
2019-04-26 05:00:00,15.92,307.18628,993.4447,5.7956047,14.064239,0.0,0.0
2019-04-26 06:00:00,16.76,307.54333,992.7134,5.563982,13.749172,0.0,0.0
2019-04-26 07:00:00,17.42,307.03516,992.7978,5.36358,14.688961,0.0,0.0
2019-04-26 08:00:00,18.09,306.72473,993.0404,5.572983,15.392867,0.0,0.0
2019-04-26 09:00:00,18.12,306.0218,993.613,5.295278,16.774307,0.0,0.0
2019-04-26 10:00:00,19.11,304.88605,994.2877,4.3881035,18.858532,0.0,0.0
2019-04-26 11:00:00,19.54,303.9922,994.9947,4.265352,20.608234,0.0,0.0
2019-04-26 12:00:00,19.68,303.1045,995.7908,4.1973844,22.300997,0.0,0.0
2019-04-26 13:00:00,19.44,302.15826,996.0797,3.9425566,23.989834,0.0,0.0
2019-04-26 14:00:00,19.53,301.198,996.26373,3.8108428,25.557974,0.0,0.0
2019-04-26 15:00:00,19.54,300.30627,996.17975,4.0522084,26.922232,0.0,0.0
2019-04-26 16:00:00,19.63,299.52618,996.1511,4.278418,28.163847,0.0,0.0
2019-04-26 17:00:00,19.88,298.85043,995.98944,4.228627,29.513895,0.0,0.0
2019-04-26 18:00:00,19.76,298.2074,995.7113,4.0205812,31.02649,0.0,0.0
2019-04-26 19:00:00,19.18,296.7185,995.71295,2.53235,34.496494,0.0,0.0
2019-04-26 20:00:00,18.91,295.9029,995.85474,2.6841762,36.631283,0.0,0.0
2019-04-26 21:00:00,18.66,295.17496,996.27704,3.0909479,38.42648,0.0,0.0
2019-04-26 22:00:00,18.87,294.75098,997.0357,3.3855124,39.455647,0.0,0.0
2019-04-26 23:00:00,19.07,296.3435,997.7503,3.7272825,36.012726,0.0,0.0
2019-04-27 00:00:00,18.76,299.39624,998.47107,5.4317822,30.539911,0.0,0.0
2019-04-27 01:00:00,19.39,301.80524,998.2539,7.5211706,28.215488,0.0,0.0
2019-04-27 02:00:00,19.78,303.93213,997.6799,8.306947,25.807917,0.0,0.0
2019-04-27 03:00:00,19.59,305.53995,996.29456,7.634115,22.6469,0.0,0.0
2019-04-27 04:00:00,19.63,306.62305,995.27124,6.4034953,20.102785,0.0,0.0
2019-04-27 05:00:00,19.52,307.35944,994.3976,5.612372,18.730627,0.0,0.0
2019-04-27 06:00:00,19.78,307.84485,993.6987,5.1586323,17.974243,0.0,0.0
2019-04-27 07:00:00,20.36,307.93604,993.6358,4.561683,17.55829,0.0,0.0
2019-04-27 08:00:00,21.01,307.74884,993.56335,4.5784783,17.798141,0.0,0.0
2019-04-27 09:00:00,21.54,307.15417,994.0404,4.3996983,18.490295,0.0,0.0
2019-04-27 10:00:00,21.89,306.06097,994.5652,3.8278887,20.08918,0.0,0.0
2019-04-27 11:00:00,22.68,305.154,995.01294,4.3797426,21.610449,0.0,0.0
2019-04-27 12:00:00,23.16,304.7099,995.5451,5.3901525,22.772984,0.0,0.0
2019-04-27 13:00:00,23.36,303.77924,996.02014,6.1278763,24.68685,0.0,0.0
2019-04-27 14:00:00,23.2,302.77814,996.14307,6.4440174,26.698769,0.0,0.0
2019-04-27 15:00:00,22.26,301.9865,996.28424,6.3109326,28.427013,0.0,0.0
2019-04-27 16:00:00,21.83,301.22546,996.09216,5.659801,30.048714,0.0,0.0
2019-04-27 17:00:00,21.55,300.49933,995.736,4.834459,31.536093,0.0,0.0
2019-04-27 18:00:00,22.05,299.7138,995.43164,4.151852,33.15643,0.0,0.0
2019-04-27 19:00:00,22.76,297.87946,995.4893,3.7678158,36.649822,0.0,0.0
2019-04-27 20:00:00,22.98,297.23785,995.85266,3.8258636,38.417114,0.0,0.0
2019-04-27 21:00:00,23.09,296.7247,996.1701,3.8185244,39.965065,0.0,0.0
2019-04-27 22:00:00,23.33,296.38965,996.7848,3.8096867,41.308,0.0,0.0
2019-04-27 23:00:00,23.77,297.82172,997.7422,4.0112476,38.53635,0.0,0.0
2019-04-28 00:00:00,24.31,300.35992,998.2453,5.680301,34.500156,0.0,0.0
2019-04-28 01:00:00,25.06,302.63605,998.3809,6.8098226,33.304043,0.0,0.0
2019-04-28 02:00:00,25.44,304.76392,998.0586,6.8503222,30.636982,0.0,0.0
2019-04-28 03:00:00,25.83,306.36124,996.72766,5.8806853,27.178118,0.0,0.0
2019-04-28 04:00:00,26.51,307.05237,995.77515,4.703913,24.839,0.0,0.0
2019-04-28 05:00:00,27.43,307.25073,995.03217,4.1139507,24.200392,0.0,0.0
2019-04-28 06:00:00,28.48,307.49243,994.4789,3.6088336,23.906277,0.0,0.0
2019-04-28 07:00:00,28.58,307.95605,993.5527,4.565686,21.25576,0.0,0.0
2019-04-28 08:00:00,28.74,307.57257,993.96875,4.883082,22.57308,0.0,0.0
2019-04-28 09:00:00,29.22,306.6944,994.5633,5.4973545,25.248905,0.0,0.0
2019-04-28 10:00:00,30.46,305.4794,995.10596,5.119701,28.983953,0.0,0.0
2019-04-28 11:00:00,31.25,303.9431,996.0966,4.107876,34.01835,0.095009804,0.0
2019-04-28 12:00:00,32.28,302.99493,996.52844,2.242256,37.029953,0.18995999,0.0
2019-04-28 13:00:00,32.89,302.35156,996.9574,1.3750658,39.42933,0.009387732,0.0
2019-04-28 14:00:00,34.03,301.399,997.067,2.607714,42.77824,0.06330013,0.0
2019-04-28 15:00:00,34.72,300.78827,997.6392,4.0580115,45.83213,0.0923872,0.0
2019-04-28 16:00:00,35.23,298.8192,997.8514,3.6138105,55.216473,0.16698241,0.0
2019-04-28 17:00:00,35.75,297.40817,997.6493,3.4496377,62.840664,0.17479062,0.0
2019-04-28 18:00:00,35.91,296.97305,997.0264,3.6478877,66.01793,0.02790289,0.0
2019-04-28 19:00:00,35.99,298.49152,996.0164,3.7107162,51.95515,0.0,0.0
2019-04-28 20:00:00,35.97,298.29224,996.03516,3.4361978,52.141495,0.0,0.0
2019-04-28 21:00:00,35.84,297.93433,996.3265,2.7942247,54.081882,0.0,0.0
2019-04-28 22:00:00,35.88,297.48212,996.85315,2.355015,57.171726,0.0,0.0
2019-04-28 23:00:00,35.3,298.43115,997.66956,2.4519062,54.438274,0.0,0.0
2019-04-29 00:00:00,34.96,300.4694,997.92523,2.100929,46.76246,0.82060295,0.0
2019-04-29 01:00:00,35.59,302.09253,998.16406,1.4983798,41.231133,0.0,0.0
2019-04-29 02:00:00,36.26,303.34763,997.60693,0.93548083,37.932022,0.0,0.0
2019-04-29 03:00:00,36.3,304.39987,996.6136,1.0672019,35.84603,0.0,0.0
2019-04-29 04:00:00,35.15,305.26074,995.7127,1.4800774,33.857273,0.005610287,0.0
2019-04-29 05:00:00,33.7,306.14874,994.59534,1.97468,31.941452,0.0044852495,0.0
2019-04-29 06:00:00,32.52,306.47144,994.1994,2.0886016,31.21829,0.0026226044,0.0
2019-04-29 07:00:00,31.7,306.05402,993.6111,1.9878166,30.680773,0.0,0.0
2019-04-29 08:00:00,31.17,305.92194,993.752,1.7821689,30.846428,0.0,0.0
2019-04-29 09:00:00,32.2,305.2844,993.88403,1.4475123,32.150345,0.0,0.0
2019-04-29 10:00:00,33.37,304.74432,994.5836,1.7712024,33.8231,0.0,0.0
2019-04-29 11:00:00,34.91,304.05823,995.3097,1.9468107,36.716774,0.0,0.0
2019-04-29 12:00:00,35.36,303.28244,995.6337,1.7877465,39.644928,0.0,0.0
2019-04-29 13:00:00,36.77,302.59668,996.1247,1.3561125,42.70155,0.0,0.0
2019-04-29 14:00:00,37.85,301.66046,995.9931,1.0697693,48.853912,0.0,0.0
2019-04-29 15:00:00,37.78,300.87048,996.1464,1.7220626,50.237118,0.0,0.0
2019-04-29 16:00:00,38.28,300.34888,995.7425,2.5411274,51.429905,0.0016838312,0.0
2019-04-29 17:00:00,38.04,299.97064,994.9676,2.107807,52.36087,0.0,0.0
2019-04-29 18:00:00,37.61,299.4076,994.4074,2.1905825,54.177864,0.0,0.0
2019-04-29 19:00:00,38.25,298.6983,994.6753,2.6444166,58.378075,0.0,0.0
2019-04-29 20:00:00,37.97,298.14044,994.9889,3.359686,63.073124,0.01951456,0.0
2019-04-29 21:00:00,36.77,297.81403,994.8786,2.777782,66.38186,0.0,0.0
2019-04-29 22:00:00,35.94,297.51434,995.1199,1.627624,68.64221,0.0,0.0
2019-04-29 23:00:00,35.54,298.23938,995.91516,1.6780832,65.64374,0.0,0.0
2019-04-30 00:00:00,37.64,299.99103,996.4384,2.419291,57.852585,0.038737863,0.0
2019-04-30 01:00:00,37.87,301.898,996.67267,2.8246362,49.972904,0.0,0.0
2019-04-30 02:00:00,37.68,303.39236,995.9877,2.5484266,44.71533,0.0,0.0
2019-04-30 03:00:00,36.38,304.5564,994.8536,2.2857258,40.69912,0.0,0.0
2019-04-30 04:00:00,35.79,305.50238,993.4125,2.0360446,37.33061,0.0,0.0
2019-04-30 05:00:00,35.52,306.22467,992.2062,2.124723,34.334225,0.0,0.0
2019-04-30 06:00:00,34.22,306.36316,991.76544,2.2584493,33.132126,0.0,0.0
2019-04-30 07:00:00,32.31,307.73578,991.0176,4.080555,25.508652,0.0,0.0
2019-04-30 08:00:00,31.12,307.4629,991.2559,3.4500146,25.436283,0.0,0.0
2019-04-30 09:00:00,30.87,306.9024,991.22437,2.697362,26.037815,0.0,0.0
2019-04-30 10:00:00,30.38,306.00275,991.53125,1.724059,27.782688,0.0,0.0
2019-04-30 11:00:00,30.76,305.35834,992.2275,1.5588712,29.345434,0.0,0.0
2019-04-30 12:00:00,30.35,304.57538,992.8006,1.633573,31.31031,0.0,0.0
2019-04-30 13:00:00,30.31,303.476,992.923,2.273789,33.91584,0.0,0.0
2019-04-30 14:00:00,30.35,302.45877,992.92993,2.8701937,36.461567,0.0,0.0
2019-04-30 15:00:00,30.54,301.60217,992.8728,3.5286465,39.156082,0.0,0.0
2019-04-30 16:00:00,31.3,300.85626,992.8778,3.9207318,42.69295,0.0,0.0
2019-04-30 17:00:00,32.25,300.42993,992.8345,3.975991,46.020008,0.0,0.0
2019-04-30 18:00:00,32.65,299.8674,992.685,3.8399374,49.254894,0.0,0.0
2019-04-30 19:00:00,33.29,298.88544,992.5706,3.517045,51.406914,0.0,0.0
2019-04-30 20:00:00,33.02,298.5747,992.4339,3.4626188,53.116573,0.0,0.0
2019-04-30 21:00:00,32.0,298.28342,992.8153,3.4081213,55.071293,0.0,0.0
2019-04-30 22:00:00,31.33,298.12134,993.28625,3.2013774,57.116188,0.0,0.0
2019-04-30 23:00:00,30.98,299.10715,993.9231,3.0691216,55.79158,0.0,0.0
2019-05-01 00:00:00,31.25,301.23346,994.2271,3.5796983,50.246555,0.0,0.0
2019-05-01 01:00:00,31.44,303.34528,994.30096,3.5449278,42.291054,0.0,0.0
2019-05-01 02:00:00,31.39,305.23773,994.0148,3.1993444,35.226807,0.0,0.0
2019-05-01 03:00:00,30.99,306.39685,992.8088,2.417634,30.573065,0.0,0.0
2019-05-01 04:00:00,30.47,306.96524,991.8972,2.0572026,28.30309,0.0,0.0
2019-05-01 05:00:00,30.23,307.43158,990.8828,2.0999913,27.069223,0.0,0.0
2019-05-01 06:00:00,30.05,307.7739,990.28815,2.1259367,26.041445,0.0,0.0
2019-05-01 07:00:00,29.76,307.99316,990.11884,1.7034382,23.90793,0.0,0.0
2019-05-01 08:00:00,29.81,307.82257,990.20795,1.8986666,24.113907,0.0,0.0
2019-05-01 09:00:00,30.12,307.5221,990.68665,1.8987433,24.550728,0.0,0.0
2019-05-01 10:00:00,29.73,306.97647,991.39,1.6098782,25.568459,0.0,0.0
2019-05-01 11:00:00,29.51,306.3875,992.15234,1.7156266,26.844465,0.0,0.0
2019-05-01 12:00:00,29.53,305.34924,992.7736,2.0252988,29.023127,0.0,0.0
2019-05-01 13:00:00,30.33,304.2466,993.02435,2.256136,31.516972,0.0,0.0
2019-05-01 14:00:00,31.05,303.534,993.06665,2.2971148,33.35025,0.0,0.0
2019-05-01 15:00:00,31.6,302.85046,992.8825,2.6506946,34.970306,0.0,0.0
2019-05-01 16:00:00,31.88,302.40598,993.0929,3.64826,36.064377,0.0,0.0
2019-05-01 17:00:00,32.0,301.81696,992.90393,4.4206076,38.189465,0.0,0.0
2019-05-01 18:00:00,31.82,301.05408,993.2445,4.6613193,40.77659,0.0,0.0
2019-05-01 19:00:00,31.14,299.92084,993.8603,4.330919,42.810173,0.0,0.0
2019-05-01 20:00:00,30.72,299.93457,994.23944,4.012034,44.84186,0.0,0.0
2019-05-01 21:00:00,30.88,299.90128,994.5207,3.4777555,46.464314,0.0,0.0
2019-05-01 22:00:00,31.43,299.82196,995.36896,2.7971704,44.95255,0.0,0.0
2019-05-01 23:00:00,31.2,300.41028,995.84796,2.3785014,35.594517,0.0,0.0
2019-05-02 00:00:00,32.02,301.71194,996.3653,2.2753541,22.956673,0.0,0.0
2019-05-02 01:00:00,32.03,303.29785,996.67017,1.9554839,18.830723,0.0,0.0
2019-05-02 02:00:00,31.89,304.9815,996.08,1.6947578,17.189184,0.0,0.0
2019-05-02 03:00:00,31.25,306.8682,995.1132,1.5570282,16.817629,0.0,0.0
2019-05-02 04:00:00,30.89,307.92798,993.87506,1.0148172,19.236803,0.0,0.0
2019-05-02 05:00:00,30.7,308.53058,993.0717,0.989924,19.886143,0.0,0.0
2019-05-02 06:00:00,29.94,308.91833,992.70905,1.1873225,19.871206,0.0,0.0
2019-05-02 07:00:00,29.85,309.029,992.1946,1.761125,20.309668,0.0,0.0
2019-05-02 08:00:00,30.01,308.7953,992.5581,1.66302,20.850838,0.0,0.0
2019-05-02 09:00:00,30.28,308.41144,993.1793,1.4686306,21.34507,0.0,0.0
2019-05-02 10:00:00,30.48,307.7985,993.7358,1.2785033,22.00668,0.0,0.0
2019-05-02 11:00:00,30.35,307.2719,994.5145,1.6931528,22.428476,0.0,0.0
2019-05-02 12:00:00,30.57,306.51898,995.3225,2.2054172,22.852087,0.0,0.0
2019-05-02 13:00:00,30.15,305.5532,995.6258,2.6707926,23.33803,0.0,0.0
2019-05-02 14:00:00,30.12,304.8224,995.8159,3.1368365,23.637215,0.0,0.0
2019-05-02 15:00:00,31.43,304.19888,995.52563,3.2265513,24.558886,0.0,0.0
2019-05-02 16:00:00,31.58,303.526,995.49084,2.9693139,26.3189,0.0,0.0
2019-05-02 17:00:00,31.26,302.68988,995.3377,2.888682,28.280518,0.0,0.0
2019-05-02 18:00:00,30.07,302.3641,995.4391,3.413454,28.508312,0.0021308658,0.0
2019-05-02 19:00:00,29.48,301.77594,995.92944,5.118171,25.663683,0.0,0.0
2019-05-02 20:00:00,29.35,301.22598,996.1499,5.379287,23.518585,0.0,0.0
2019-05-02 21:00:00,29.02,300.64752,996.60126,5.076338,21.999813,0.0,0.0
2019-05-02 22:00:00,29.99,300.00293,997.0851,4.665593,21.314964,0.0,0.0
2019-05-02 23:00:00,30.83,300.89502,998.00604,4.59196,19.267467,0.0,0.0
2019-05-03 00:00:00,34.08,302.84686,998.5414,5.820471,16.903278,0.0038564203,0.0
2019-05-03 01:00:00,34.41,305.26495,998.6239,5.9376707,16.387285,0.0,0.0
2019-05-03 02:00:00,34.53,307.28073,997.91327,5.7844057,19.166414,0.0,0.0
2019-05-03 03:00:00,34.07,308.7016,996.8105,4.9756365,21.697855,0.0,0.0
2019-05-03 04:00:00,33.4,309.6349,995.465,4.073492,21.951576,0.0,0.0
2019-05-03 05:00:00,32.35,310.2731,994.54846,3.7154,21.393118,0.0,0.0
2019-05-03 06:00:00,31.57,310.516,993.9275,3.8349857,20.938148,0.0,0.0
2019-05-03 07:00:00,30.62,310.41534,993.782,4.310155,20.820587,0.0,0.0
2019-05-03 08:00:00,29.37,310.05048,993.9757,4.486999,20.992964,0.0,0.0
2019-05-03 09:00:00,28.01,309.39764,994.3797,4.525691,21.459368,0.0,0.0
2019-05-03 10:00:00,26.22,308.2113,995.1397,3.915583,22.529224,0.0,0.0
2019-05-03 11:00:00,25.75,307.29156,995.73456,4.132791,23.098997,0.0,0.0
2019-05-03 12:00:00,25.72,306.35553,996.6895,4.256539,23.508839,0.0,0.0
2019-05-03 13:00:00,26.73,305.52283,996.8485,4.445065,23.520739,0.0,0.0
2019-05-03 14:00:00,27.21,304.952,997.3719,4.602731,22.945568,0.0,0.0
2019-05-03 15:00:00,26.47,304.21692,997.14,4.8278346,22.580254,0.0,0.0
2019-05-03 16:00:00,25.75,303.40326,997.1429,5.1414824,22.493742,0.0,0.0
2019-05-03 17:00:00,25.46,302.88763,996.6478,5.445216,22.188128,0.0,0.0
2019-05-03 18:00:00,25.85,302.26202,996.5909,5.397438,22.310383,0.0,0.0
2019-05-03 19:00:00,26.69,300.94235,997.00146,4.958987,23.778746,0.0,0.0
2019-05-03 20:00:00,29.0,300.25385,997.01373,4.7401376,23.880108,0.0,0.0
2019-05-03 21:00:00,31.41,299.69385,997.21234,4.4828625,24.010498,0.0,0.0
2019-05-03 22:00:00,33.58,299.21646,997.47705,4.202478,24.323471,0.0,0.0
2019-05-03 23:00:00,34.21,300.43652,998.28735,4.191854,22.722178,0.0,0.0
2019-05-04 00:00:00,35.54,303.00433,998.6926,4.8967104,23.375883,0.0012994059,0.0
2019-05-04 01:00:00,35.05,305.3327,998.4607,4.994973,32.4242,0.0,0.0
2019-05-04 02:00:00,34.73,306.79114,997.6686,5.125876,37.326366,0.0,0.0
2019-05-04 03:00:00,34.71,307.3913,996.8711,5.1011686,35.985355,0.0,0.0
2019-05-04 04:00:00,35.15,308.09613,995.7527,4.895198,34.110844,0.0,0.0
2019-05-04 05:00:00,35.93,308.22443,994.83044,4.622147,33.54204,0.0,0.0
2019-05-04 06:00:00,36.84,308.6614,994.08716,4.5338545,32.292824,0.0,0.0
2019-05-04 07:00:00,37.84,308.74872,994.0051,4.433699,31.73825,0.0,0.0
2019-05-04 08:00:00,38.45,308.62305,993.85706,4.266671,31.760025,0.0,0.0
2019-05-04 09:00:00,38.28,308.09894,994.7525,4.0800447,32.51315,0.0,0.0
2019-05-04 10:00:00,38.42,307.4197,995.3063,3.9491858,33.46692,0.008285046,0.0
2019-05-04 11:00:00,39.18,306.8001,996.17346,3.688551,34.445496,0.0,0.0
2019-05-04 12:00:00,39.45,306.3947,996.8306,3.513257,34.788277,0.0,0.0
2019-05-04 13:00:00,40.28,305.88516,997.1525,3.6962163,35.274296,0.0,0.0
2019-05-04 14:00:00,40.58,305.36072,997.4328,3.7675195,35.769615,0.0,0.0
2019-05-04 15:00:00,39.8,304.76294,997.16956,3.8249457,36.493507,0.0,0.0
2019-05-04 16:00:00,39.48,304.51263,997.24976,3.787788,36.981144,0.0,0.0
2019-05-04 17:00:00,38.76,303.96136,996.8903,3.841352,38.411224,0.0,0.0
2019-05-04 18:00:00,37.7,303.24585,996.736,4.3359675,40.045765,0.0,0.0
2019-05-04 19:00:00,35.26,302.2981,996.5698,5.481706,37.44256,0.0,0.0
2019-05-04 20:00:00,34.22,301.5879,996.7176,5.410012,37.600758,0.0,0.0
2019-05-04 21:00:00,33.44,301.0224,996.5447,5.274701,37.84822,0.0,0.0
2019-05-04 22:00:00,32.67,300.37567,997.3231,5.151701,38.9206,0.0,0.0
2019-05-04 23:00:00,31.26,301.00833,998.0017,5.445558,37.536777,0.0,0.0
2019-05-05 00:00:00,30.3,302.61267,998.3975,7.066327,34.062553,0.010508299,0.0
2019-05-05 01:00:00,29.74,304.61865,998.3127,7.2988343,29.790592,0.0,0.0
2019-05-05 02:00:00,29.35,306.4291,997.7986,7.0120583,26.641651,0.0,0.0
2019-05-05 03:00:00,28.81,307.6488,997.0172,6.323323,24.521656,0.0,0.0
2019-05-05 04:00:00,27.39,308.4759,995.93005,5.921696,22.686838,0.0,0.0
2019-05-05 05:00:00,25.9,309.07947,994.89667,5.994584,20.954334,0.0,0.0
2019-05-05 06:00:00,24.71,309.34964,994.2706,6.1936765,19.656532,0.0,0.0
2019-05-05 07:00:00,23.51,309.32523,994.23267,6.295381,17.020311,0.0,0.0
2019-05-05 08:00:00,22.25,308.81467,994.36,6.248151,16.611898,0.0,0.0
2019-05-05 09:00:00,21.06,307.83173,994.9442,5.6938725,16.867554,0.0,0.0
2019-05-05 10:00:00,20.27,306.40186,995.46185,4.9479923,17.898653,0.0,0.0
2019-05-05 11:00:00,19.75,305.25098,996.2433,5.0532875,18.79307,0.0,0.0
2019-05-05 12:00:00,19.23,304.1678,997.063,5.1938014,19.836142,0.0,0.0
2019-05-05 13:00:00,19.19,303.1567,997.45825,5.2410746,20.94334,0.0,0.0
2019-05-05 14:00:00,19.19,302.17297,997.6577,5.178477,22.005749,0.0,0.0
2019-05-05 15:00:00,18.66,301.22983,997.73346,5.191932,22.891981,0.0,0.0
2019-05-05 16:00:00,17.86,300.31293,997.61163,5.1700435,23.590088,0.0,0.0
2019-05-05 17:00:00,16.82,299.43716,997.53,5.247415,24.041159,0.0,0.0
2019-05-05 18:00:00,15.73,298.5755,997.51874,5.2863865,24.000055,0.0,0.0
2019-05-05 19:00:00,14.63,297.18793,997.47925,4.95389,24.304705,0.0,0.0
2019-05-05 20:00:00,12.92,296.2965,997.5375,4.7426744,23.18173,0.0,0.0
2019-05-05 21:00:00,11.61,295.5498,997.9197,4.5900946,22.03911,0.0,0.0
2019-05-05 22:00:00,10.44,294.88095,998.39166,4.5743294,21.261808,0.0,0.0
2019-05-05 23:00:00,9.19,295.88965,999.10736,4.6844625,18.871649,0.0,0.0
2019-05-06 00:00:00,8.56,298.48346,999.53186,6.0030675,15.592575,0.0,0.0
2019-05-06 01:00:00,8.41,300.97754,999.6289,7.061171,13.178197,0.0,0.0
2019-05-06 02:00:00,7.89,302.73837,999.1044,7.1395955,11.361772,0.0,0.0
2019-05-06 03:00:00,7.38,304.109,997.8686,6.5252824,10.241054,0.0,0.0
2019-05-06 04:00:00,6.8,305.22144,996.50354,5.815553,9.221806,0.0,0.0
2019-05-06 05:00:00,6.76,306.0188,995.5129,5.175125,8.429933,0.0,0.0
2019-05-06 06:00:00,6.63,306.47482,994.767,4.809791,7.9098554,0.0,0.0
2019-05-06 07:00:00,6.86,306.9736,994.3817,5.285842,7.6777005,0.0,0.0
2019-05-06 08:00:00,7.28,306.56183,994.6765,5.1529393,7.743904,0.0,0.0
2019-05-06 09:00:00,7.26,305.43683,994.9139,4.358582,8.403627,0.0,0.0
2019-05-06 10:00:00,7.49,303.55905,995.5715,4.0243545,9.671152,0.0,0.0
2019-05-06 11:00:00,7.9,302.12555,996.2336,4.2682276,10.886623,0.0,0.0
2019-05-06 12:00:00,7.87,300.86978,996.78235,4.399452,12.194827,0.0,0.0
2019-05-06 13:00:00,7.72,299.7105,997.0825,4.3672805,13.605393,0.0,0.0
2019-05-06 14:00:00,7.86,298.6126,997.26733,4.218134,15.07273,0.0,0.0
2019-05-06 15:00:00,7.99,297.57095,997.37775,4.0552344,16.562914,0.0,0.0
2019-05-06 16:00:00,8.28,296.5935,997.34174,3.9192708,18.03503,0.0,0.0
2019-05-06 17:00:00,8.15,295.69153,997.1178,3.772073,19.419462,0.0,0.0
2019-05-06 18:00:00,7.87,294.8687,996.7711,3.7695658,20.70516,0.0,0.0
2019-05-06 19:00:00,7.74,293.35114,996.4431,3.79987,23.552172,0.0,0.0
2019-05-06 20:00:00,7.44,292.53778,996.8475,3.8922977,24.82688,0.0,0.0
2019-05-06 21:00:00,7.38,291.90857,997.09186,3.9533722,25.679403,0.0,0.0
2019-05-06 22:00:00,7.38,291.41522,997.6083,3.965706,26.230284,0.0,0.0
2019-05-06 23:00:00,6.59,292.90234,998.3948,3.8325677,23.670643,0.0,0.0
2019-05-07 00:00:00,5.7,296.56067,998.77466,4.54971,18.603056,0.0,0.0
2019-05-07 01:00:00,6.05,300.03705,998.8678,5.131336,14.838322,0.0,0.0
2019-05-07 02:00:00,6.13,302.2987,998.2653,6.243711,11.5792885,0.0,0.0
2019-05-07 03:00:00,6.13,303.77057,997.4161,5.85105,9.778822,0.0,0.0
2019-05-07 04:00:00,6.15,305.02283,996.2302,5.6736736,8.610367,0.0,0.0
2019-05-07 05:00:00,6.22,306.01007,995.2097,5.692291,7.928963,0.0,0.0
2019-05-07 06:00:00,6.81,306.6341,994.6987,5.823012,7.618536,0.0,0.0
2019-05-07 07:00:00,7.18,306.8781,994.46234,6.455334,8.019253,0.0,0.0
2019-05-07 08:00:00,7.44,306.51135,994.54486,6.4838247,8.255858,0.0,0.0
2019-05-07 09:00:00,7.6,305.39722,995.01,5.4434276,8.96857,0.0,0.0
2019-05-07 10:00:00,7.44,303.5707,995.4961,4.583216,10.18884,0.0,0.0
2019-05-07 11:00:00,7.83,302.1723,996.4296,4.3690786,11.279043,0.0,0.0
2019-05-07 12:00:00,8.33,300.90094,997.29987,4.151055,12.365935,0.0,0.0
2019-05-07 13:00:00,8.71,299.6969,997.4475,4.0651712,13.4620695,0.0,0.0
2019-05-07 14:00:00,9.09,298.60577,997.84,4.0015063,14.514835,0.0,0.0
2019-05-07 15:00:00,9.4,297.56732,997.3679,3.9367614,15.541313,0.0,0.0
2019-05-07 16:00:00,9.83,296.62405,997.4045,3.87422,16.521555,0.0,0.0
2019-05-07 17:00:00,9.94,295.74973,997.01556,3.8563519,17.465881,0.0,0.0
2019-05-07 18:00:00,9.76,294.95953,996.742,3.8031795,18.384167,0.0,0.0
2019-05-07 19:00:00,9.79,293.36255,996.14197,3.6604335,20.527216,0.0,0.0
2019-05-07 20:00:00,9.34,292.5377,996.40717,3.4698126,21.936277,0.0,0.0
2019-05-07 21:00:00,9.27,291.87347,996.62494,3.2836447,23.264437,0.0,0.0
2019-05-07 22:00:00,9.33,291.30786,996.993,3.2576022,24.543112,0.0,0.0
2019-05-07 23:00:00,9.26,292.71783,997.7555,3.0283182,22.895079,0.0,0.0
2019-05-08 00:00:00,9.05,296.46643,997.9309,3.742727,18.37306,0.0,0.0
2019-05-08 01:00:00,9.39,299.95013,998.17487,4.5841107,14.813426,0.0,0.0
2019-05-08 02:00:00,9.53,302.68713,997.6231,5.5461397,12.113426,0.0,0.0
2019-05-08 03:00:00,9.67,304.60254,996.44977,6.452821,10.236578,0.0,0.0
2019-05-08 04:00:00,9.63,306.00986,995.3363,6.911873,9.294002,0.0,0.0
2019-05-08 05:00:00,9.76,306.9978,994.2939,6.748633,8.65135,0.0,0.0
2019-05-08 06:00:00,10.11,307.54712,993.6761,6.427685,8.25129,0.0,0.0
2019-05-08 07:00:00,10.15,307.75275,993.57,5.858295,8.007066,0.0,0.0
2019-05-08 08:00:00,10.2,307.38452,994.0539,5.6731005,8.120086,0.0,0.0
2019-05-08 09:00:00,10.53,306.1565,994.4272,4.5272746,8.799861,0.0,0.0
2019-05-08 10:00:00,11.09,304.0955,995.22235,3.9674013,10.09128,0.0,0.0
2019-05-08 11:00:00,11.5,302.59134,995.92017,4.161716,11.220433,0.0,0.0
2019-05-08 12:00:00,11.96,301.31378,996.76263,4.3621364,12.2574215,0.0,0.0
2019-05-08 13:00:00,11.96,300.13306,996.9899,4.4735675,13.145029,0.0,0.0
2019-05-08 14:00:00,11.7,299.0202,997.3583,4.5099807,13.833171,0.0,0.0
2019-05-08 15:00:00,11.38,297.95294,997.15686,4.612331,14.410475,0.0,0.0
2019-05-08 16:00:00,11.17,297.0728,997.39966,4.9548297,14.7619095,0.0,0.0
2019-05-08 17:00:00,11.12,296.4335,997.2882,5.2857227,14.941473,0.0,0.0
2019-05-08 18:00:00,11.14,295.96887,997.1814,5.4177623,15.259765,0.0,0.0
2019-05-08 19:00:00,11.28,294.39993,997.3092,4.365794,17.596714,0.0,0.0
2019-05-08 20:00:00,11.47,293.84436,997.57007,4.1936793,18.01782,0.0,0.0
2019-05-08 21:00:00,11.77,293.29648,998.01544,3.9372773,18.70651,0.0,0.0
2019-05-08 22:00:00,12.07,292.73685,998.6994,3.8981845,19.6624,0.0,0.0
2019-05-08 23:00:00,12.08,293.86267,999.54877,4.082227,18.818014,0.0,0.0
2019-05-09 00:00:00,11.7,296.72382,999.7939,5.857562,16.278276,0.0,0.0
2019-05-09 01:00:00,11.37,299.5446,999.6194,6.8793464,14.039882,0.0,0.0
2019-05-09 02:00:00,11.01,302.104,999.241,7.1296663,11.975737,0.0,0.0
2019-05-09 03:00:00,10.68,304.05606,998.22144,7.625513,10.843616,0.0,0.0
2019-05-09 04:00:00,10.02,305.21576,997.10565,8.192,10.742965,0.0,0.0
2019-05-09 05:00:00,9.63,305.9347,996.28296,8.346925,10.1074,0.0,0.0
2019-05-09 06:00:00,9.02,306.227,995.8722,8.415782,9.628946,0.0,0.0
2019-05-09 07:00:00,8.85,306.07385,996.0672,8.3168,9.2221155,0.0,0.0
2019-05-09 08:00:00,9.02,305.47882,996.4294,8.2277,9.488665,0.0,0.0
2019-05-09 09:00:00,9.47,304.2075,997.0034,7.030522,10.436782,0.0,0.0
2019-05-09 10:00:00,9.7,302.6089,997.8833,6.3047543,11.901503,0.0,0.0
2019-05-09 11:00:00,9.35,301.39087,998.60266,6.016397,13.406463,0.0,0.0
2019-05-09 12:00:00,9.06,300.30557,999.23724,5.985549,15.047484,0.0,0.0
2019-05-09 13:00:00,8.92,299.28113,999.54224,6.029486,16.790823,0.0,0.0
2019-05-09 14:00:00,8.96,298.34326,999.5467,6.0978394,18.392101,0.0,0.0
2019-05-09 15:00:00,8.68,297.5135,999.60547,6.23255,19.56971,0.0,0.0
2019-05-09 16:00:00,8.73,296.77893,999.65515,6.527656,20.06416,0.0,0.0
2019-05-09 17:00:00,8.37,296.08783,999.65216,6.7002125,19.90491,0.0,0.0
2019-05-09 18:00:00,8.31,295.4074,999.92346,6.6805,20.062178,0.0,0.0
2019-05-09 19:00:00,8.1,294.26425,1000.5061,5.9177966,21.952042,0.0,0.0
2019-05-09 20:00:00,7.96,293.727,1000.96545,6.2737293,22.954954,0.0,0.0
2019-05-09 21:00:00,7.9,293.27972,1001.34595,6.523986,24.298477,0.0,0.0
2019-05-09 22:00:00,7.71,292.85907,1002.3152,6.625446,25.817272,0.0,0.0
2019-05-09 23:00:00,7.04,293.706,1003.14874,6.3758597,25.337395,0.0,0.0
2019-05-10 00:00:00,7.12,295.48474,1003.80054,9.066103,23.495684,0.0,0.0
2019-05-10 01:00:00,6.88,297.3474,1004.00275,10.1657915,21.595068,0.0,0.0
2019-05-10 02:00:00,6.74,299.2077,1003.5583,10.348273,19.32677,0.0,0.0
2019-05-10 03:00:00,6.69,300.78925,1002.5228,10.339496,17.043072,0.0,0.0
2019-05-10 04:00:00,6.6,301.9892,1001.2796,10.003108,15.645785,0.0,0.0
2019-05-10 05:00:00,6.74,302.79742,1000.1995,9.613246,15.100392,0.0,0.0
2019-05-10 06:00:00,6.89,303.23193,999.558,9.36214,14.905752,0.0,0.0
2019-05-10 07:00:00,7.38,303.7412,999.34814,8.956445,13.158141,0.0,0.0
2019-05-10 08:00:00,7.71,303.15405,999.52673,8.698252,13.828542,0.0,0.0
2019-05-10 09:00:00,7.92,301.94116,1000.1926,7.363557,15.03262,0.0,0.0
2019-05-10 10:00:00,8.07,300.4414,1000.88525,6.662637,16.505709,0.0,0.0
2019-05-10 11:00:00,8.41,299.31366,1001.4611,6.62908,17.600363,0.0,0.0
2019-05-10 12:00:00,8.43,298.31555,1002.2756,6.597649,18.428234,0.0,0.0
2019-05-10 13:00:00,8.27,297.34326,1002.66345,6.4824677,19.122019,0.0,0.0
2019-05-10 14:00:00,7.83,296.42664,1003.0108,6.4200606,19.728807,0.0,0.0
2019-05-10 15:00:00,7.57,295.55145,1002.99603,6.483504,20.302498,0.0,0.0
2019-05-10 16:00:00,7.19,294.73334,1002.9247,6.3461256,20.797318,0.0,0.0
2019-05-10 17:00:00,6.8,293.9409,1002.7517,5.9998746,21.256245,0.0,0.0
2019-05-10 18:00:00,6.46,293.16162,1002.5145,5.5457797,21.773144,0.0,0.0
2019-05-10 19:00:00,6.22,292.31305,1002.3636,5.4097123,23.76175,0.0,0.0
2019-05-10 20:00:00,5.91,291.55444,1002.21814,5.2423005,24.700062,0.0,0.0
2019-05-10 21:00:00,6.01,290.92188,1002.77325,5.331631,25.533243,0.0,0.0
2019-05-10 22:00:00,5.87,290.4762,1003.6203,5.6916127,25.96375,0.0,0.0
2019-05-10 23:00:00,5.6,291.47754,1004.57733,5.816623,23.81024,0.0,0.0
2019-05-11 00:00:00,5.65,293.02545,1005.0467,8.922545,20.404228,0.0034247956,0.0
2019-05-11 01:00:00,5.89,294.4618,1005.202,9.468207,18.13877,0.0,0.0
2019-05-11 02:00:00,6.0,296.05298,1004.6192,9.157996,15.752585,0.0,0.0
2019-05-11 03:00:00,5.91,297.61768,1003.51685,8.700518,13.60559,0.0,0.0
2019-05-11 04:00:00,5.56,298.99463,1002.41565,8.231226,12.007132,0.0,0.0
2019-05-11 05:00:00,5.48,300.05582,1001.3781,7.7671347,10.934301,0.0,0.0
2019-05-11 06:00:00,5.31,300.75665,1000.52405,7.4224668,10.171981,0.0,0.0
2019-05-11 07:00:00,5.48,301.63367,999.7953,7.1669025,9.547666,0.0,0.0
2019-05-11 08:00:00,5.85,301.28613,999.97296,6.778089,9.627628,0.0,0.0
2019-05-11 09:00:00,6.2,300.1474,1000.5682,5.4522038,10.431375,0.0,0.0
2019-05-11 10:00:00,6.54,298.42444,1001.0355,4.813026,11.834658,0.0,0.0
2019-05-11 11:00:00,7.04,297.10553,1001.4308,4.8065095,12.94889,0.0,0.0
2019-05-11 12:00:00,7.19,295.955,1001.90485,4.872843,13.844532,0.0,0.0
2019-05-11 13:00:00,7.46,294.92026,1002.08966,4.935163,14.616653,0.0,0.0
2019-05-11 14:00:00,7.52,293.9624,1002.1231,4.9877853,15.323077,0.0,0.0
2019-05-11 15:00:00,7.56,293.08408,1002.23987,4.9670005,16.0099,0.0,0.0
2019-05-11 16:00:00,7.71,292.27423,1002.1474,4.863871,16.7286,0.0,0.0
2019-05-11 17:00:00,7.73,291.54037,1002.0151,4.7225122,17.485615,0.0,0.0
2019-05-11 18:00:00,7.66,290.91034,1001.7536,4.622265,18.228813,0.0,0.0
2019-05-11 19:00:00,7.63,290.04706,1001.1262,4.549213,19.295443,0.0,0.0
2019-05-11 20:00:00,7.41,289.5072,1001.1089,4.435219,20.019857,0.0,0.0
2019-05-11 21:00:00,7.53,289.03302,1001.23315,4.2514105,20.960648,0.0,0.0
2019-05-11 22:00:00,7.42,288.63672,1001.72217,4.2144427,22.081032,0.0,0.0
2019-05-11 23:00:00,7.49,289.9732,1002.2605,4.2432604,20.99991,0.0,0.0
2019-05-12 00:00:00,7.93,292.90176,1002.6792,5.558246,18.039154,0.0,0.0
2019-05-12 01:00:00,8.39,295.48514,1002.7754,6.545061,15.636091,0.0,0.0
2019-05-12 02:00:00,8.47,297.66553,1002.2008,6.3617873,13.691284,0.0,0.0
2019-05-12 03:00:00,8.46,299.46246,1001.1488,5.648897,12.347244,0.0,0.0
2019-05-12 04:00:00,8.68,300.87152,999.92847,4.826631,11.653678,0.0,0.0
2019-05-12 05:00:00,9.04,301.88785,998.60016,4.1940494,11.35983,0.0,0.0
2019-05-12 06:00:00,9.1,302.57074,997.7127,3.8204303,11.220005,0.0,0.0
2019-05-12 07:00:00,9.01,303.13422,996.78046,2.8225048,10.031296,0.0,0.0
2019-05-12 08:00:00,9.15,303.02023,997.18994,2.803216,10.082123,0.0,0.0
2019-05-12 09:00:00,9.09,302.22278,997.7136,2.8031635,10.665241,0.0,0.0
2019-05-12 10:00:00,9.22,300.51196,998.1164,3.396158,11.955619,0.0,0.0
2019-05-12 11:00:00,9.55,299.1864,998.36505,4.027267,13.150188,0.0,0.0
2019-05-12 12:00:00,9.61,298.08615,999.0078,4.5245204,14.535247,0.0,0.0
2019-05-12 13:00:00,10.1,297.0786,999.2695,4.626719,16.053333,0.0,0.0
2019-05-12 14:00:00,10.27,296.14197,999.4265,4.6060433,17.569962,0.0,0.0
2019-05-12 15:00:00,11.02,295.28778,999.50665,4.665692,19.18385,0.0,0.0
2019-05-12 16:00:00,11.58,294.5145,999.6072,4.753601,21.027964,0.0,0.0
2019-05-12 17:00:00,11.7,293.79102,999.5529,4.897486,23.124493,0.0,0.0
2019-05-12 18:00:00,11.54,293.08902,999.27673,4.8530984,25.158405,0.0,0.0
2019-05-12 19:00:00,11.76,291.65875,999.09406,4.215504,28.04655,0.0,0.0
2019-05-12 20:00:00,11.72,290.9753,999.53217,4.016355,29.857197,0.0,0.0
2019-05-12 21:00:00,11.68,290.37146,999.92267,3.8366497,31.214424,0.0,0.0
2019-05-12 22:00:00,11.58,289.88773,1000.3692,3.7903285,32.139103,0.0,0.0
2019-05-12 23:00:00,11.36,291.07776,1000.9459,3.7308033,29.592312,0.0,0.0
2019-05-13 00:00:00,10.86,293.88196,1001.2134,4.510341,24.589027,0.0,0.0
2019-05-13 01:00:00,10.85,296.82703,1001.10236,4.446087,20.894749,0.0,0.0
2019-05-13 02:00:00,10.6,299.5504,1000.2837,4.0863633,18.57439,0.0,0.0
2019-05-13 03:00:00,10.36,301.5979,999.22217,3.292256,17.112001,0.0,0.0
2019-05-13 04:00:00,10.11,302.85144,998.0553,2.409168,15.954744,0.0,0.0
2019-05-13 05:00:00,10.19,303.77832,997.0747,2.2976792,15.246823,0.0,0.0
2019-05-13 06:00:00,10.23,304.40558,996.4524,2.5618849,14.953377,0.0,0.0
2019-05-13 07:00:00,10.21,304.64386,996.0223,2.5358574,13.985455,0.0,0.0
2019-05-13 08:00:00,10.03,304.51367,996.47955,2.8844173,14.213492,0.0,0.0
2019-05-13 09:00:00,10.21,303.72656,996.9154,2.8894484,14.843363,0.0,0.0
2019-05-13 10:00:00,10.59,302.09006,997.6131,3.2708747,16.25998,0.0,0.0
2019-05-13 11:00:00,11.0,300.73407,998.12085,3.7204828,17.359034,0.0,0.0
2019-05-13 12:00:00,11.3,299.5501,998.6268,3.9661298,18.281181,0.0,0.0
2019-05-13 13:00:00,12.21,298.50943,998.88385,3.9775367,19.25431,0.0,0.0
2019-05-13 14:00:00,12.91,297.5608,998.8738,4.0260625,20.578892,0.0,0.0
2019-05-13 15:00:00,13.85,296.77277,998.892,4.1938825,22.195833,0.0,0.0
2019-05-13 16:00:00,14.81,296.10358,998.7946,4.3110304,23.52166,0.0,0.0
2019-05-13 17:00:00,15.57,295.4735,998.4519,4.4298673,24.008934,0.0,0.0
2019-05-13 18:00:00,15.75,294.93396,998.313,4.5815916,23.772161,0.0,0.0
2019-05-13 19:00:00,15.55,293.45078,998.28436,4.3857636,27.128586,0.0,0.0
2019-05-13 20:00:00,15.22,292.88684,998.4214,4.4252253,27.404156,0.0,0.0
2019-05-13 21:00:00,14.99,292.46826,998.8839,4.3629546,28.0682,0.0,0.0
2019-05-13 22:00:00,14.67,292.12115,999.4297,4.251871,29.419819,0.0,0.0
2019-05-13 23:00:00,14.51,293.36658,999.9588,3.8290756,28.706774,0.0,0.0
2019-05-14 00:00:00,14.46,296.58032,1000.2928,4.8738503,26.016994,0.0,0.0
2019-05-14 01:00:00,14.68,299.6903,1000.1978,5.4945483,24.644688,0.0,0.0
2019-05-14 02:00:00,14.34,302.38177,999.39435,5.6167674,23.391214,0.0,0.0
2019-05-14 03:00:00,14.17,304.41855,998.42664,5.2050753,20.685875,0.0,0.0
2019-05-14 04:00:00,14.35,305.65396,997.248,4.2743444,18.845497,0.0,0.0
2019-05-14 05:00:00,14.34,306.41058,996.39233,3.615898,18.60358,0.0,0.0
2019-05-14 06:00:00,14.18,306.85876,995.6844,3.3674707,18.666674,0.0,0.0
2019-05-14 07:00:00,14.3,307.46204,995.14966,3.0001714,16.595972,0.0,0.0
2019-05-14 08:00:00,14.53,307.28772,995.71783,3.1531034,16.78774,0.0,0.0
2019-05-14 09:00:00,14.95,306.4146,996.16235,2.9179087,17.811289,0.0,0.0
2019-05-14 10:00:00,15.38,304.68445,996.89905,3.2498567,19.951933,0.0,0.0
2019-05-14 11:00:00,15.74,303.36346,997.69995,3.736781,21.829302,0.0,0.0
2019-05-14 12:00:00,16.14,302.21057,998.1411,4.124505,23.5198,0.0,0.0
2019-05-14 13:00:00,16.09,301.19916,998.3583,4.5086813,24.743216,0.0,0.0
2019-05-14 14:00:00,16.75,300.32916,998.3148,5.0369897,25.10118,0.0,0.0
2019-05-14 15:00:00,17.37,299.61945,998.1878,5.574963,24.718159,0.0,0.0
2019-05-14 16:00:00,17.81,298.99753,998.3097,5.8777843,24.175653,0.0,0.0
2019-05-14 17:00:00,18.07,298.38513,998.4341,5.9121847,23.85614,0.0,0.0
2019-05-14 18:00:00,18.15,297.72473,998.44055,5.677287,24.215685,0.0,0.0
2019-05-14 19:00:00,18.07,296.16333,998.4467,4.90309,27.498999,0.0,0.0
2019-05-14 20:00:00,18.12,295.55222,998.71155,4.6938534,28.239103,0.0,0.0
2019-05-14 21:00:00,18.09,294.96857,999.2272,4.413235,28.934494,0.0,0.0
2019-05-14 22:00:00,17.65,294.38818,1000.1032,4.043168,29.36945,0.0,0.0
2019-05-14 23:00:00,17.26,295.30896,1000.69916,3.6082003,26.823298,0.0,0.0
2019-05-15 00:00:00,17.16,298.03864,1001.1809,4.8873677,20.790356,0.0,0.0
2019-05-15 01:00:00,16.9,300.73108,1001.0066,5.5530863,16.249174,0.0,0.0
2019-05-15 02:00:00,16.67,303.19415,1000.2548,5.4282627,14.185901,0.0,0.0
2019-05-15 03:00:00,16.7,305.08728,999.193,4.90968,13.96352,0.0,0.0
2019-05-15 04:00:00,16.32,306.1912,997.8931,3.6109877,13.897544,0.0,0.0
2019-05-15 05:00:00,16.32,306.81024,996.9484,2.573476,13.664683,0.0,0.0
2019-05-15 06:00:00,16.46,307.25818,996.32794,2.6760619,13.308623,0.0,0.0
2019-05-15 07:00:00,16.53,307.5003,995.892,3.213032,13.819178,0.0,0.0
2019-05-15 08:00:00,16.27,307.22943,996.0955,3.5830677,13.765991,0.0,0.0
2019-05-15 09:00:00,16.29,306.2553,996.6179,3.2469425,14.363681,0.0,0.0
2019-05-15 10:00:00,15.96,304.48853,997.18726,3.2541807,15.822798,0.0,0.0
2019-05-15 11:00:00,15.9,303.06577,997.83685,3.4553218,16.987713,0.0,0.0
2019-05-15 12:00:00,16.09,301.74734,998.1397,3.652692,18.074837,0.0,0.0
2019-05-15 13:00:00,16.06,300.58496,998.47266,3.7773173,19.276527,0.0,0.0
2019-05-15 14:00:00,16.14,299.5219,998.4403,3.918402,20.823528,0.0,0.0
2019-05-15 15:00:00,16.65,298.57703,998.1859,4.0263405,22.567425,0.0,0.0
2019-05-15 16:00:00,16.65,297.74432,998.1322,4.0356407,24.142902,0.0,0.0
2019-05-15 17:00:00,16.46,296.96225,997.712,4.0661845,25.400787,0.0,0.0
2019-05-15 18:00:00,16.39,296.25854,997.33185,4.1154056,26.458263,0.0,0.0
2019-05-15 19:00:00,16.58,294.8449,997.10815,3.9846985,29.334969,0.0,0.0
2019-05-15 20:00:00,16.6,294.21277,997.33374,3.9530501,30.856821,0.0,0.0
2019-05-15 21:00:00,17.26,293.727,997.5617,3.7542357,32.75519,0.0,0.0
2019-05-15 22:00:00,17.31,293.28186,998.05,3.5130718,35.214737,0.0,0.0
2019-05-15 23:00:00,17.42,294.43484,998.8283,3.1980288,34.65126,0.0,0.0
2019-05-16 00:00:00,17.98,297.7661,998.9451,4.141481,30.482016,0.0,0.0
2019-05-16 01:00:00,18.34,301.0664,999.05615,4.806508,26.804996,0.0,0.0
2019-05-16 02:00:00,18.83,303.85736,998.07874,5.260094,23.923258,0.0,0.0
2019-05-16 03:00:00,18.88,305.68713,997.08905,4.984908,21.366308,0.0,0.0
2019-05-16 04:00:00,18.77,306.69696,995.7569,3.7949858,18.877752,0.0,0.0
2019-05-16 05:00:00,18.82,307.38263,994.9215,2.970091,17.69262,0.0,0.0
2019-05-16 06:00:00,19.08,307.77222,994.4434,2.3770177,17.068066,0.0,0.0
2019-05-16 07:00:00,19.17,307.99005,993.8194,1.5788251,16.94065,0.0,0.0
2019-05-16 08:00:00,19.18,307.74722,993.8254,1.2902886,17.13786,0.0,0.0
2019-05-16 09:00:00,19.44,307.2184,994.6114,1.3630791,17.78479,0.0,0.0
2019-05-16 10:00:00,19.81,305.94977,995.0469,2.4601448,19.424242,0.0,0.0
2019-05-16 11:00:00,20.73,304.23215,995.7922,3.0795486,21.687773,0.0,0.0
2019-05-16 12:00:00,21.27,302.91742,996.17694,3.5048695,23.500069,0.0,0.0
2019-05-16 13:00:00,21.73,301.83093,996.3622,3.6763437,25.167074,0.0,0.0
2019-05-16 14:00:00,21.8,301.00256,996.3718,3.5377493,26.588097,0.0,0.0
2019-05-16 15:00:00,22.41,300.1716,996.0546,3.2231824,28.150326,0.0,0.0
2019-05-16 16:00:00,23.27,299.18384,995.7864,2.9409566,30.189604,0.0,0.0
2019-05-16 17:00:00,23.71,298.23715,995.46375,2.7383687,32.348133,0.0,0.0
2019-05-16 18:00:00,24.41,297.33197,995.2086,2.6534665,34.60457,0.0,0.0
2019-05-16 19:00:00,24.17,295.84625,995.057,2.2181768,37.037224,0.0,0.0
2019-05-16 20:00:00,23.72,294.8974,995.2414,2.056246,39.79297,0.0,0.0
2019-05-16 21:00:00,24.21,294.0592,995.59235,1.9045792,42.547813,0.0,0.0
2019-05-16 22:00:00,24.01,293.28748,996.03326,1.6555759,45.425396,0.0,0.0
2019-05-16 23:00:00,24.11,294.30682,996.774,1.3413457,43.462353,0.0,0.0
2019-05-17 00:00:00,23.92,297.88083,997.1462,1.7465807,34.05621,0.0,0.0
2019-05-17 01:00:00,23.64,301.5792,997.044,2.1390517,26.846132,0.0,0.0
2019-05-17 02:00:00,23.08,304.9082,996.4244,2.341295,22.019339,0.0,0.0
2019-05-17 03:00:00,22.36,307.1978,995.14874,2.404098,19.72478,0.0,0.0
2019-05-17 04:00:00,22.17,308.28424,994.0761,2.1586044,19.158838,0.0,0.0
2019-05-17 05:00:00,22.48,308.88007,993.22485,1.928395,18.268435,0.0,0.0
2019-05-17 06:00:00,23.17,309.20642,992.92377,1.6700052,17.506697,0.0,0.0
2019-05-17 07:00:00,23.5,309.65466,992.0605,1.6553801,17.218794,0.0,0.0
2019-05-17 08:00:00,23.99,309.41193,992.5458,1.4658557,17.392254,0.0,0.0
2019-05-17 09:00:00,24.1,308.80432,992.8697,1.2110109,18.062119,0.0,0.0
2019-05-17 10:00:00,24.37,307.66833,993.5497,1.9257246,19.398596,0.0,0.0
2019-05-17 11:00:00,24.48,306.2079,994.01483,2.9106166,21.142632,0.0,0.0
2019-05-17 12:00:00,24.66,304.77637,994.60815,3.3213232,22.839642,0.0,0.0
2019-05-17 13:00:00,25.05,303.75375,994.7301,3.396409,23.999886,0.0,0.0
2019-05-17 14:00:00,25.28,302.6774,994.90704,2.9538355,25.3425,0.0,0.0
2019-05-17 15:00:00,25.53,301.45172,995.0653,1.652451,27.575674,0.0,0.0
2019-05-17 16:00:00,25.83,300.77832,995.4208,1.5109891,29.335949,0.0,0.0
2019-05-17 17:00:00,25.57,300.44162,995.3137,1.2377696,30.409384,0.0,0.0
2019-05-17 18:00:00,24.82,300.08163,995.0411,1.2143894,31.003078,0.0,0.0
2019-05-17 19:00:00,24.28,298.24512,995.43677,2.1548195,31.627401,0.0,0.0
2019-05-17 20:00:00,23.74,297.41254,995.5826,2.4423964,32.605278,0.0,0.0
2019-05-17 21:00:00,23.67,296.87723,995.65326,2.403123,32.853283,0.0,0.0
2019-05-17 22:00:00,23.41,296.05267,996.1764,2.2066267,33.987926,0.0,0.0
2019-05-17 23:00:00,23.91,296.56628,996.8777,1.510755,33.58098,0.0,0.0
2019-05-18 00:00:00,25.65,300.65765,997.53876,1.6878828,24.5601,0.0,0.0
2019-05-18 01:00:00,25.8,303.2,997.71674,2.1763706,20.433006,0.0,0.0
2019-05-18 02:00:00,26.24,305.40378,997.2575,2.1040738,18.050816,0.0,0.0
2019-05-18 03:00:00,26.05,307.32343,996.0513,1.9630008,16.591007,0.0,0.0
2019-05-18 04:00:00,25.61,308.7387,994.9977,1.9415312,15.468513,0.0,0.0
2019-05-18 05:00:00,25.95,309.3928,994.0823,1.6925585,15.376982,0.0,0.0
2019-05-18 06:00:00,25.56,309.62427,993.6418,1.2676601,15.492764,0.0,0.0
2019-05-18 07:00:00,25.53,309.82285,993.1744,1.8558322,16.258245,0.0,0.0
2019-05-18 08:00:00,25.51,309.5448,993.61804,1.7164952,16.648695,0.0,0.0
2019-05-18 09:00:00,25.77,308.93005,994.1208,1.7292669,17.281622,0.0,0.0
2019-05-18 10:00:00,25.68,307.61566,994.8828,2.2195895,18.75908,0.0,0.0
2019-05-18 11:00:00,25.15,306.09387,995.3956,2.6801438,20.521147,0.0,0.0
2019-05-18 12:00:00,24.4,304.74963,996.2545,3.2411554,22.147858,0.0,0.0
2019-05-18 13:00:00,23.28,303.6546,996.438,3.873111,23.372152,0.0,0.0
2019-05-18 14:00:00,23.43,302.8305,996.7527,4.434112,23.729076,0.0,0.0
2019-05-18 15:00:00,24.13,302.26413,996.604,4.7204823,23.345348,0.0,0.0
2019-05-18 16:00:00,24.82,301.87817,996.72577,4.6616607,23.399624,0.0,0.0
2019-05-18 17:00:00,24.74,301.0653,996.5357,4.3658266,24.887043,0.0,0.0
2019-05-18 18:00:00,25.95,300.42877,996.3352,4.05909,26.74541,0.0,0.0
2019-05-18 19:00:00,27.26,298.758,996.90344,3.792166,29.503414,0.0,0.0
2019-05-18 20:00:00,28.51,298.08783,996.8603,3.6204777,33.185596,0.0,0.0
2019-05-18 21:00:00,29.32,297.50238,997.09576,3.3862126,38.97681,0.0,0.0
2019-05-18 22:00:00,29.43,297.13574,997.72235,3.2807755,46.87306,0.0,0.0
2019-05-18 23:00:00,29.26,298.2456,998.3861,3.119995,51.3676,0.0,0.0
2019-05-19 00:00:00,29.98,300.9311,998.9342,4.2605157,48.25227,0.0,0.0
2019-05-19 01:00:00,30.55,303.66714,999.1428,4.863121,40.988827,0.0,0.0
2019-05-19 02:00:00,31.22,306.21942,998.66327,4.907093,34.236076,0.0,0.0
2019-05-19 03:00:00,30.98,307.81494,997.50867,3.932596,29.6767,0.0,0.0
2019-05-19 04:00:00,30.9,308.26904,996.6496,3.1279848,27.820692,0.0,0.0
2019-05-19 05:00:00,30.9,308.89508,995.82495,3.116187,25.577602,0.0,0.0
2019-05-19 06:00:00,31.67,308.90628,995.2439,3.3181746,24.878098,0.0,0.0
2019-05-19 07:00:00,32.47,309.01663,994.705,3.4624689,22.389198,0.0,0.0
2019-05-19 08:00:00,33.12,308.57886,995.01843,3.7735486,23.153456,0.0,0.0
2019-05-19 09:00:00,33.48,307.81744,995.6389,3.8757923,24.67548,0.0,0.0
2019-05-19 10:00:00,34.32,306.72937,996.0965,4.1621056,27.185059,0.0,0.0
2019-05-19 11:00:00,35.8,305.71106,996.9408,4.774503,30.434942,0.0,0.0
2019-05-19 12:00:00,36.92,304.9098,997.41345,4.953573,33.84861,0.0,0.0
2019-05-19 13:00:00,36.4,303.92444,997.85803,5.3681135,37.997906,0.0,0.0
2019-05-19 14:00:00,35.68,303.03912,998.0822,5.9326463,42.684803,0.0,0.0
2019-05-19 15:00:00,35.65,302.35675,998.08514,5.9812326,46.771927,0.0,0.0
2019-05-19 16:00:00,34.86,301.845,998.0101,5.620372,49.51754,0.0,0.0
2019-05-19 17:00:00,34.4,301.2883,997.8303,5.1920967,51.660633,0.0,0.0
2019-05-19 18:00:00,33.99,300.69708,997.6845,4.789899,53.559845,0.0,0.0
2019-05-19 19:00:00,33.9,299.61243,997.51953,3.2802265,56.692608,0.0,0.0
2019-05-19 20:00:00,33.76,298.96515,997.7658,3.3673391,59.33791,0.0,0.0
2019-05-19 21:00:00,33.18,298.45404,998.1975,3.5165832,61.396454,0.0,0.0
2019-05-19 22:00:00,32.81,297.93622,998.6177,3.4326293,63.397354,0.0,0.0
2019-05-19 23:00:00,33.21,298.44678,999.35266,3.561977,61.45034,0.0,0.0
2019-05-20 00:00:00,34.01,300.14447,999.79614,4.504108,55.13335,0.0,0.0
2019-05-20 01:00:00,34.52,302.29224,1000.08435,4.640343,48.129387,0.0,0.0
2019-05-20 02:00:00,34.82,304.27567,999.66907,4.595965,42.248535,0.0,0.0
2019-05-20 03:00:00,34.96,305.8796,998.5042,4.1488037,37.687843,0.0,0.0
2019-05-20 04:00:00,35.04,306.42352,997.53235,3.910648,35.291176,0.0,0.0
2019-05-20 05:00:00,35.08,306.7574,996.5582,3.5179203,33.52623,0.0,0.0
2019-05-20 06:00:00,34.66,306.8477,995.8691,3.0177712,32.647217,0.0,0.0
2019-05-20 07:00:00,34.31,306.856,996.1206,2.6149447,31.871176,0.0,0.0
2019-05-20 08:00:00,34.71,306.91144,996.2386,2.5853431,31.455227,0.0,0.0
2019-05-20 09:00:00,34.72,306.56424,996.6944,2.412867,32.126087,0.0,0.0
2019-05-20 10:00:00,34.45,305.8114,997.0648,2.1946325,33.83314,0.0,0.0
2019-05-20 11:00:00,34.12,304.9639,997.5926,2.663432,35.851418,0.0,0.0
2019-05-20 12:00:00,33.88,304.18652,998.0197,3.1545315,37.59152,0.0,0.0
2019-05-20 13:00:00,34.07,303.53058,998.5175,3.5368185,39.014824,0.0,0.0
2019-05-20 14:00:00,33.61,302.81348,998.6364,3.6861691,40.67039,0.0,0.0
2019-05-20 15:00:00,33.55,302.39795,998.3283,3.7297492,41.808212,0.0,0.0
2019-05-20 16:00:00,34.33,301.81882,998.18866,3.7696605,43.436775,0.0,0.0
2019-05-20 17:00:00,35.07,301.36603,998.0019,3.7764504,44.723457,0.0,0.0
2019-05-20 18:00:00,35.43,300.7732,997.7829,3.8763149,46.297886,0.0,0.0
2019-05-20 19:00:00,34.57,300.2138,997.567,3.7465389,47.51425,0.0,0.0
2019-05-20 20:00:00,33.86,299.64233,997.66425,3.7438967,49.053936,0.0,0.0
2019-05-20 21:00:00,33.28,299.2141,998.1546,3.8549113,50.260925,0.0,0.0
2019-05-20 22:00:00,32.74,298.8294,998.51,4.0441203,51.461376,0.0,0.0
2019-05-20 23:00:00,33.21,299.65448,999.326,4.170769,49.26009,0.0,0.0
2019-05-21 00:00:00,34.89,301.7262,999.728,5.538943,44.097538,0.0023777147,0.0
2019-05-21 01:00:00,34.4,303.90088,999.86597,6.1644993,38.938354,0.0,0.0
2019-05-21 02:00:00,33.82,305.98206,999.33966,6.33114,33.59271,0.0,0.0
2019-05-21 03:00:00,32.55,307.05194,998.09265,5.5710473,30.302933,0.0,0.0
2019-05-21 04:00:00,31.75,307.67816,997.09125,4.9810753,27.773594,0.0,0.0
2019-05-21 05:00:00,31.42,308.20886,996.17194,4.69074,25.98414,0.0,0.0
2019-05-21 06:00:00,30.93,308.45758,995.7422,4.547519,24.941631,0.0,0.0
2019-05-21 07:00:00,30.86,309.13275,995.4366,4.27627,22.872149,0.0,0.0
2019-05-21 08:00:00,30.47,308.73578,995.88654,4.324327,22.872965,0.0,0.0
2019-05-21 09:00:00,29.84,308.04727,996.2989,3.7439477,23.517702,0.0,0.0
2019-05-21 10:00:00,29.7,306.91156,996.90814,3.445061,25.006718,0.0,0.0
2019-05-21 11:00:00,29.84,305.99252,997.4652,3.7713826,26.362053,0.0,0.0
2019-05-21 12:00:00,29.93,305.27325,998.2036,4.2554746,27.565632,0.0,0.0
2019-05-21 13:00:00,29.66,304.49344,998.33923,4.5632806,28.916422,0.0,0.0
2019-05-21 14:00:00,29.61,304.07788,998.66626,4.9157357,29.591867,0.0,0.0
2019-05-21 15:00:00,29.47,303.64273,998.52203,5.230842,30.164007,0.0,0.0
2019-05-21 16:00:00,29.18,303.31964,998.7472,5.3700833,30.380333,0.0,0.0
2019-05-21 17:00:00,28.8,302.84973,998.6814,5.4179144,30.806318,0.0,0.0
2019-05-21 18:00:00,28.43,302.2705,998.694,5.8173757,31.301653,0.0,0.0
2019-05-21 19:00:00,27.54,300.96466,998.6372,4.867808,33.180073,0.0,0.0
2019-05-21 20:00:00,27.07,300.37964,999.1206,5.4420037,32.53617,0.0,0.0
2019-05-21 21:00:00,26.41,299.5274,999.457,5.6649776,32.250793,0.0,0.0
2019-05-21 22:00:00,25.31,298.85162,1000.07764,5.7175484,32.433147,0.0,0.0
2019-05-21 23:00:00,24.34,299.367,1000.9841,5.4035797,30.751245,0.0,0.0
2019-05-22 00:00:00,24.25,301.2519,1001.54596,7.1840315,25.943804,0.0,0.0
2019-05-22 01:00:00,23.35,303.64215,1001.5875,7.7617593,21.305584,0.0,0.0
2019-05-22 02:00:00,22.06,305.90604,1001.2097,7.8507285,19.200253,0.0,0.0
2019-05-22 03:00:00,20.71,307.4319,1000.05743,7.3646975,18.53531,0.0,0.0
2019-05-22 04:00:00,19.84,308.46478,998.97424,6.6715746,17.017555,0.0,0.0
2019-05-22 05:00:00,19.18,309.09082,997.9855,6.30802,15.159305,0.0,0.0
2019-05-22 06:00:00,18.1,309.35876,997.18506,6.038708,13.814451,0.0,0.0
2019-05-22 07:00:00,18.18,309.47598,996.70233,5.857077,13.295086,0.0,0.0
2019-05-22 08:00:00,18.37,309.01917,997.1853,5.767636,13.124359,0.0,0.0
2019-05-22 09:00:00,18.47,307.79608,997.6872,4.8661957,13.916525,0.0,0.0
2019-05-22 10:00:00,18.02,306.0513,998.1884,4.644639,15.4330435,0.0,0.0
2019-05-22 11:00:00,17.75,304.81464,998.77563,5.0353293,16.645163,0.0,0.0
2019-05-22 12:00:00,18.14,303.80182,999.3195,5.4263706,17.555042,0.0,0.0
2019-05-22 13:00:00,18.61,302.91718,999.7728,5.7736354,18.2695,0.0,0.0
2019-05-22 14:00:00,18.85,302.0708,999.9906,6.032161,19.207706,0.0,0.0
2019-05-22 15:00:00,18.77,301.2798,1000.0989,6.2547274,20.366816,0.0,0.0
2019-05-22 16:00:00,18.2,300.54883,1000.21265,6.411042,21.497974,0.0,0.0
2019-05-22 17:00:00,17.62,299.82874,1000.1728,6.274319,22.635416,0.0,0.0
2019-05-22 18:00:00,17.67,299.09454,999.8861,5.954417,23.907776,0.0,0.0
2019-05-22 19:00:00,17.6,297.9474,999.7438,5.1275196,25.775179,0.0,0.0
2019-05-22 20:00:00,17.35,297.17865,1000.48096,4.848688,27.350208,0.0,0.0
2019-05-22 21:00:00,16.95,296.38873,1000.9883,4.5028677,29.197338,0.0,0.0
2019-05-22 22:00:00,15.93,295.6187,1001.57764,4.221168,31.334845,0.0,0.0
2019-05-22 23:00:00,14.97,296.21158,1002.5492,3.9389548,31.28294,0.0,0.0
2019-05-23 00:00:00,13.82,298.4494,1003.0117,5.276444,29.310783,0.0,0.0
2019-05-23 01:00:00,12.78,300.5993,1003.02716,6.2761197,27.54606,0.0,0.0
2019-05-23 02:00:00,11.85,302.58392,1002.3275,6.9567175,23.38603,0.0,0.0
2019-05-23 03:00:00,11.93,304.00604,1000.9947,6.6826043,19.98062,0.0,0.0
2019-05-23 04:00:00,12.71,305.08643,999.8186,6.175055,18.041012,0.0,0.0
2019-05-23 05:00:00,13.41,305.85132,998.79205,5.7812495,16.997044,0.0,0.0
2019-05-23 06:00:00,13.22,306.28217,998.1527,5.4318886,16.47766,0.0,0.0
2019-05-23 07:00:00,12.99,306.60794,997.47876,5.6038194,15.522941,0.0,0.0
2019-05-23 08:00:00,12.28,306.26245,997.73584,5.6252766,15.693455,0.0,0.0
2019-05-23 09:00:00,11.85,305.21002,997.9879,4.655743,16.749392,0.0,0.0
2019-05-23 10:00:00,12.42,303.6319,998.27325,4.062353,18.463728,0.0,0.0
2019-05-23 11:00:00,13.08,302.42783,998.9264,4.1990747,19.901808,0.0,0.0
2019-05-23 12:00:00,13.32,301.36108,999.4319,4.403858,21.323065,0.0,0.0
2019-05-23 13:00:00,13.48,300.38583,1000.00104,4.452295,22.840586,0.0,0.0
2019-05-23 14:00:00,13.5,299.47714,1000.1472,4.431736,24.472034,0.0,0.0
2019-05-23 15:00:00,13.65,298.6571,1000.1284,4.394355,26.1193,0.0,0.0
2019-05-23 16:00:00,14.11,297.94452,1000.2275,4.4045963,27.633476,0.0,0.0
2019-05-23 17:00:00,15.14,297.30188,999.95734,4.437306,28.968403,0.0,0.0
2019-05-23 18:00:00,16.46,296.73724,999.54297,4.5282664,30.132914,0.0,0.0
2019-05-23 19:00:00,17.02,295.79364,999.1115,4.1367064,30.711025,0.0,0.0
2019-05-23 20:00:00,17.27,295.4447,998.9363,4.311695,31.559753,0.0,0.0
2019-05-23 21:00:00,17.51,295.1712,999.3899,4.34825,32.573242,0.0,0.0
2019-05-23 22:00:00,17.61,294.84088,999.51953,4.206311,34.03154,0.0,0.0
2019-05-23 23:00:00,17.82,295.8493,1000.3232,3.8989966,33.107815,0.0,0.0
2019-05-24 00:00:00,18.15,298.57147,1000.94904,5.012215,29.861101,0.0017305233,0.0
2019-05-24 01:00:00,18.24,301.10968,1000.83264,5.7345552,27.812082,0.0,0.0
2019-05-24 02:00:00,17.76,303.42255,1000.16345,6.4759016,25.62066,0.0,0.0
2019-05-24 03:00:00,17.42,304.8129,999.0061,6.0280704,23.475946,0.0,0.0
2019-05-24 04:00:00,16.57,305.57004,997.9547,4.7326016,21.605251,0.0,0.0
2019-05-24 05:00:00,16.14,306.06738,996.8522,3.96571,20.49598,0.0,0.0
2019-05-24 06:00:00,16.32,306.35944,996.3666,3.6600137,19.626968,0.0,0.0
2019-05-24 07:00:00,16.46,306.32086,995.8105,4.0811124,19.319387,0.0,0.0
2019-05-24 08:00:00,16.29,305.94153,995.90985,4.0059037,19.585526,0.0,0.0
2019-05-24 09:00:00,15.85,305.07965,996.31995,3.4290106,20.61258,0.0,0.0
2019-05-24 10:00:00,15.85,303.7362,996.78357,3.2927015,22.300776,0.0,0.0
2019-05-24 11:00:00,16.12,302.69775,997.7229,3.7115161,23.521896,0.0,0.0
2019-05-24 12:00:00,16.55,301.80142,998.2939,4.119425,24.462357,0.0,0.0
2019-05-24 13:00:00,16.89,300.85406,998.6013,4.464147,25.567663,0.0,0.0
2019-05-24 14:00:00,17.21,300.03384,998.90607,4.620111,26.647572,0.0,0.0
2019-05-24 15:00:00,17.36,299.2467,998.99976,4.557755,27.720224,0.0,0.0
2019-05-24 16:00:00,17.34,298.4519,998.5648,4.38191,28.740492,0.0,0.0
2019-05-24 17:00:00,17.23,297.73517,998.433,4.1974707,29.626842,0.0,0.0
2019-05-24 18:00:00,17.22,297.02026,998.11597,4.046135,30.47725,0.0,0.0
2019-05-24 19:00:00,16.88,295.55817,997.8953,3.5309913,34.45107,0.0,0.0
2019-05-24 20:00:00,16.76,294.96716,998.0797,3.6244633,34.892303,0.0,0.0
2019-05-24 21:00:00,16.25,294.46893,998.0868,3.672688,34.61858,0.0,0.0
2019-05-24 22:00:00,16.08,294.0493,998.73737,3.7059057,34.041317,0.0,0.0
2019-05-24 23:00:00,15.83,294.94165,999.44006,3.4740572,31.107796,0.0,0.0
2019-05-25 00:00:00,16.03,297.94482,1000.303,4.394573,25.052849,0.0,0.0
2019-05-25 01:00:00,15.92,300.96167,1000.335,5.2539325,20.820124,0.0,0.0
2019-05-25 02:00:00,15.65,303.21262,999.57764,6.109507,18.60021,0.0,0.0
2019-05-25 03:00:00,15.12,304.46014,998.5797,5.3347507,17.729864,0.0,0.0
2019-05-25 04:00:00,15.39,305.14337,997.3396,4.2493763,17.166094,0.0,0.0
2019-05-25 05:00:00,15.42,305.64243,996.4877,3.8211372,16.258247,0.0,0.0
2019-05-25 06:00:00,15.2,305.94647,995.90826,3.855794,15.404226,0.0,0.0
2019-05-25 07:00:00,14.79,305.93933,995.63873,3.6117864,15.19107,0.0,0.0
2019-05-25 08:00:00,14.55,305.59918,995.65344,3.6772525,15.155956,0.0,0.0
2019-05-25 09:00:00,14.2,304.69464,996.15704,3.0893319,15.729898,0.0,0.0
2019-05-25 10:00:00,14.58,303.16647,996.812,2.955455,17.13393,0.0,0.0
2019-05-25 11:00:00,15.56,301.89496,997.4882,3.2586877,18.455715,0.0,0.0
2019-05-25 12:00:00,16.73,300.71744,997.97064,3.572711,19.83119,0.0,0.0
2019-05-25 13:00:00,17.69,299.71002,998.055,3.881888,21.310257,0.0,0.0
2019-05-25 14:00:00,18.56,298.85834,998.03925,4.122207,23.026163,0.0,0.0
2019-05-25 15:00:00,18.92,298.1172,997.75726,4.3234944,25.027094,0.0,0.0
2019-05-25 16:00:00,18.77,297.50677,997.6194,4.43696,27.15509,0.0,0.0
2019-05-25 17:00:00,18.34,297.02136,997.6259,4.535587,29.022806,0.0,0.0
2019-05-25 18:00:00,17.99,296.5966,997.4243,4.6422615,30.592793,0.0,0.0
2019-05-25 19:00:00,18.55,295.70306,997.1853,4.619889,33.65115,0.0,0.0
2019-05-25 20:00:00,18.26,295.0968,997.36725,4.35967,35.756622,0.0,0.0
2019-05-25 21:00:00,18.21,294.5806,997.8561,4.0975575,37.544994,0.0,0.0
2019-05-25 22:00:00,18.04,294.12512,998.29474,3.8796673,39.098095,0.0,0.0
2019-05-25 23:00:00,17.99,295.05615,999.0996,3.6903746,37.242958,0.0,0.0
2019-05-26 00:00:00,18.62,298.11102,999.68353,4.7060337,30.866325,0.0,0.0
2019-05-26 01:00:00,18.75,301.2497,999.604,5.4710336,25.248947,0.0,0.0
2019-05-26 02:00:00,18.88,303.77673,999.1472,6.092391,21.570066,0.0,0.0
2019-05-26 03:00:00,18.91,305.14575,997.9216,5.5734534,20.064734,0.0,0.0
2019-05-26 04:00:00,19.47,305.86197,996.716,4.357493,18.998901,0.0,0.0
2019-05-26 05:00:00,19.21,306.29736,995.8644,3.4826365,17.955776,0.0,0.0
2019-05-26 06:00:00,19.2,306.5366,995.3258,3.0510879,17.25661,0.0,0.0
2019-05-26 07:00:00,18.73,306.56873,995.2631,2.886176,17.713999,0.0,0.0
2019-05-26 08:00:00,18.36,306.27924,995.3326,3.0298572,17.758198,0.0,0.0
2019-05-26 09:00:00,18.26,305.43976,995.85297,2.7204273,18.481018,0.0,0.0
2019-05-26 10:00:00,18.44,303.96722,996.6287,2.9231663,19.994514,0.0,0.0
2019-05-26 11:00:00,18.25,302.70166,997.1217,3.4558456,21.063038,0.0,0.0
2019-05-26 12:00:00,17.78,301.6044,997.6353,3.878784,21.66944,0.0,0.0
2019-05-26 13:00:00,16.77,300.67584,998.0513,4.1818233,21.99225,0.0,0.0
2019-05-26 14:00:00,16.47,299.8545,998.0617,4.3200927,22.161556,0.0,0.0
2019-05-26 15:00:00,16.59,299.10388,997.9562,4.367492,22.222387,0.0,0.0
2019-05-26 16:00:00,16.74,298.35834,997.709,4.4124813,22.353592,0.0,0.0
2019-05-26 17:00:00,16.28,297.70496,997.9808,4.6883106,22.493015,0.0,0.0
2019-05-26 18:00:00,15.89,297.24698,997.9614,5.126081,22.467606,0.0,0.0
2019-05-26 19:00:00,15.4,296.07614,997.60297,5.0387607,24.6625,0.0,0.0
2019-05-26 20:00:00,15.17,295.26782,998.15173,4.476405,25.728876,0.0,0.0
2019-05-26 21:00:00,15.2,294.54828,998.6325,4.109803,26.732138,0.0,0.0
2019-05-26 22:00:00,15.0,293.93475,999.1869,3.9315734,27.73844,0.0,0.0
2019-05-26 23:00:00,14.82,294.67822,999.97626,3.6307435,26.676182,0.0,0.0
2019-05-27 00:00:00,15.03,297.75262,1000.22046,4.7117777,22.15359,0.0017161071,0.0
2019-05-27 01:00:00,15.06,300.93353,1000.3055,5.9666967,18.857864,0.0,0.0
2019-05-27 02:00:00,15.19,303.60724,999.72156,6.9571047,16.236164,0.0,0.0
2019-05-27 03:00:00,15.31,305.4254,998.58905,7.641908,14.288929,0.0,0.0
2019-05-27 04:00:00,15.5,306.43024,997.37555,7.3439317,12.938042,0.0,0.0
2019-05-27 05:00:00,15.16,306.99362,996.4299,6.826009,12.293592,0.0,0.0
2019-05-27 06:00:00,15.46,307.21735,995.71515,6.401747,12.048652,0.0,0.0
2019-05-27 07:00:00,15.49,307.0971,995.7022,5.998389,12.387638,0.0,0.0
2019-05-27 08:00:00,15.54,306.64636,995.8663,5.6747227,12.679619,0.0,0.0
2019-05-27 09:00:00,15.62,305.38577,996.3353,4.2606807,13.733235,0.0,0.0
2019-05-27 10:00:00,16.05,303.55414,997.0041,3.7359238,15.455649,0.0,0.0
2019-05-27 11:00:00,15.93,302.19644,997.45294,3.8809366,16.920134,0.0,0.0
2019-05-27 12:00:00,16.01,301.01736,997.895,4.0478477,18.31965,0.0,0.0
2019-05-27 13:00:00,16.21,299.95,998.2928,4.153937,19.705315,0.0,0.0
2019-05-27 14:00:00,16.48,298.94644,998.4425,4.1624336,21.096226,0.0,0.0
2019-05-27 15:00:00,16.53,298.0135,998.5271,4.2256584,22.46357,0.0,0.0
2019-05-27 16:00:00,16.51,297.2146,998.5073,4.38629,23.669838,0.0,0.0
2019-05-27 17:00:00,16.26,296.57355,998.2739,4.632395,24.627003,0.0,0.0
2019-05-27 18:00:00,16.16,296.04523,998.04016,4.8362527,25.395071,0.0,0.0
2019-05-27 19:00:00,15.86,294.73254,997.9175,4.291526,26.864853,0.0,0.0
2019-05-27 20:00:00,16.14,294.12894,998.1953,4.167976,27.80038,0.0,0.0
2019-05-27 21:00:00,16.2,293.61383,998.5697,3.999676,28.676117,0.0,0.0
2019-05-27 22:00:00,15.99,293.16275,999.0158,3.9117236,29.511612,0.0,0.0
2019-05-27 23:00:00,15.97,294.02658,1000.00415,3.646751,28.093502,0.0,0.0
2019-05-28 00:00:00,16.48,297.0056,1000.57983,4.9308357,23.47231,0.0,0.0
2019-05-28 01:00:00,16.43,299.8071,1000.65155,6.367469,20.366404,0.0,0.0
2019-05-28 02:00:00,16.19,302.27213,999.9851,6.8689747,17.97665,0.0,0.0
2019-05-28 03:00:00,16.26,304.08533,998.84265,6.756151,15.884699,0.0,0.0
2019-05-28 04:00:00,16.6,305.1637,997.58575,5.9430947,14.76929,0.0,0.0
2019-05-28 05:00:00,16.79,305.7259,996.7269,5.268043,14.3123865,0.0,0.0
2019-05-28 06:00:00,16.7,305.9469,995.9375,5.018913,14.143811,0.0,0.0
2019-05-28 07:00:00,16.44,305.86465,995.8677,5.388933,15.328677,0.0,0.0
2019-05-28 08:00:00,16.43,305.37363,996.0125,5.404252,15.902106,0.0,0.0
2019-05-28 09:00:00,16.4,304.24744,996.5661,4.5120306,17.185623,0.0,0.0
2019-05-28 10:00:00,16.55,302.643,997.13,4.124073,19.08854,0.0,0.0
2019-05-28 11:00:00,16.62,301.47342,997.6499,4.443122,20.61599,0.0,0.0
2019-05-28 12:00:00,16.74,300.48917,998.26514,4.849711,21.924059,0.0,0.0
2019-05-28 13:00:00,16.52,299.58325,998.6577,5.1059813,22.997736,0.0,0.0
2019-05-28 14:00:00,16.28,298.69083,998.8522,5.109953,23.81291,0.0,0.0
2019-05-28 15:00:00,16.12,297.77814,998.725,5.0168147,24.481586,0.0,0.0
2019-05-28 16:00:00,15.73,296.91827,998.76953,5.025294,24.971592,0.0,0.0
2019-05-28 17:00:00,15.5,296.14612,998.8003,5.116731,25.218374,0.0,0.0
2019-05-28 18:00:00,15.23,295.4206,998.61206,5.1129813,25.375933,0.0,0.0
2019-05-28 19:00:00,14.92,293.98694,998.2289,4.407699,26.965984,0.0,0.0
2019-05-28 20:00:00,15.06,293.18762,998.595,4.2196856,27.466022,0.0,0.0
2019-05-28 21:00:00,14.84,292.51898,999.0012,4.0263324,27.77299,0.0,0.0
2019-05-28 22:00:00,14.9,291.93237,999.3978,3.8940132,27.928778,0.0,0.0
2019-05-28 23:00:00,15.06,292.67334,999.98456,3.7171478,25.749641,0.0,0.0
2019-05-29 00:00:00,15.36,295.49048,1000.30774,4.654459,20.270113,0.0021398067,0.0
2019-05-29 01:00:00,15.22,298.4916,1000.313,5.3118596,16.218332,0.0,0.0
2019-05-29 02:00:00,15.2,300.94833,999.4994,5.843043,14.441462,0.0,0.0
2019-05-29 03:00:00,14.91,302.5783,998.5633,5.7748623,14.071913,0.0,0.0
2019-05-29 04:00:00,15.03,303.63968,997.33795,5.809637,13.997097,0.0,0.0
2019-05-29 05:00:00,15.29,304.37796,996.38666,6.0633373,12.986959,0.0,0.0
2019-05-29 06:00:00,14.96,304.74323,995.84845,6.177475,12.113925,0.0,0.0
2019-05-29 07:00:00,15.02,304.75583,995.7636,6.0917225,13.177954,0.0,0.0
2019-05-29 08:00:00,14.87,304.27612,995.9139,6.1208873,13.406764,0.0,0.0
2019-05-29 09:00:00,14.99,303.07642,996.415,5.0919566,14.368084,0.0,0.0
2019-05-29 10:00:00,15.28,301.4521,996.9417,4.5932336,15.778859,0.0,0.0
2019-05-29 11:00:00,15.32,300.22363,997.7336,4.5057282,16.812246,0.0,0.01
2019-05-29 12:00:00,15.07,299.09283,998.33307,4.380635,17.707344,0.0,0.0
2019-05-29 13:00:00,14.96,298.01407,998.77545,4.238282,18.565367,0.0,0.0
2019-05-29 14:00:00,15.32,297.0198,999.0103,4.1852374,19.347916,0.0,0.0
2019-05-29 15:00:00,15.24,296.0871,998.9425,4.20467,20.012516,0.0,0.01
2019-05-29 16:00:00,14.6,295.2776,999.08264,4.2268558,20.301182,0.0,0.0
2019-05-29 17:00:00,14.0,294.52197,998.97766,4.2664676,20.150602,0.0,0.0
2019-05-29 18:00:00,13.76,293.83588,998.99896,4.3206406,19.631023,0.0,0.0
2019-05-29 19:00:00,13.5,293.33435,998.66,4.2360907,18.382517,0.0,0.0
2019-05-29 20:00:00,13.1,292.529,999.08624,4.1907697,18.271217,0.0,0.0
2019-05-29 21:00:00,12.83,291.8754,999.39935,4.092633,18.408594,0.0,0.0
2019-05-29 22:00:00,13.13,291.3108,1000.02795,3.964116,18.957924,0.0,0.0
2019-05-29 23:00:00,13.39,292.0395,1001.0808,3.6581464,18.533024,0.0,0.0
2019-05-30 00:00:00,13.66,294.8529,1001.72174,4.5833917,16.418175,0.0021398067,0.0
2019-05-30 01:00:00,13.68,297.66464,1001.89703,5.324453,14.982586,0.0,0.0
2019-05-30 02:00:00,13.52,300.06458,1001.37195,6.3075795,13.647769,0.0,0.0
2019-05-30 03:00:00,13.18,301.716,1000.4441,6.9558992,12.620586,0.0,0.0
2019-05-30 04:00:00,13.16,302.7891,999.035,6.932804,12.2684145,0.0,0.0
2019-05-30 05:00:00,12.84,303.43463,998.21716,6.7608175,12.062256,0.0,0.0
2019-05-30 06:00:00,12.43,303.68265,997.336,6.6103473,11.799175,0.0,0.0
2019-05-30 07:00:00,11.91,303.7108,996.877,6.393044,11.654492,0.0,0.0
2019-05-30 08:00:00,11.41,303.2079,997.1092,6.3059173,11.806659,0.0,0.0
2019-05-30 09:00:00,11.18,301.96655,997.4986,5.1884084,12.659634,0.0,0.0
2019-05-30 10:00:00,11.27,300.32343,998.1777,4.8624287,13.999832,0.0,0.0
2019-05-30 11:00:00,11.4,299.1202,998.9891,5.2104564,15.094555,0.0,0.0
2019-05-30 12:00:00,11.43,298.09302,999.61993,5.624799,16.181345,0.0,0.0
2019-05-30 13:00:00,11.67,297.17084,1000.269,5.9153113,17.433603,0.0,0.0
2019-05-30 14:00:00,11.9,296.29834,1000.33484,6.119801,18.83975,0.0,0.0
2019-05-30 15:00:00,11.54,295.5338,1000.46765,6.2086344,20.33012,0.0,0.0
2019-05-30 16:00:00,11.55,294.83832,1000.4444,6.2442064,21.898247,0.0,0.0
2019-05-30 17:00:00,11.31,294.1992,1000.6576,6.1457872,23.60917,0.0,0.0
2019-05-30 18:00:00,11.43,293.54858,1000.4334,5.844552,25.444498,0.0,0.0
2019-05-30 19:00:00,11.13,292.42554,1000.27936,5.533029,27.701601,0.0,0.0
2019-05-30 20:00:00,10.7,291.7789,1000.7047,5.3879313,29.562803,0.0,0.0
2019-05-30 21:00:00,10.19,291.19543,1001.10657,5.376346,31.227509,0.0,0.0
2019-05-30 22:00:00,9.6,290.69714,1002.0066,5.5301456,32.731216,0.0,0.0
2019-05-30 23:00:00,9.62,291.25116,1002.9246,5.621006,32.201176,0.0,0.0
2019-05-31 00:00:00,9.45,292.87653,1003.4869,7.5497966,30.151213,0.0012796497,0.0
2019-05-31 01:00:00,9.57,294.5166,1003.60876,8.582957,29.03375,0.0,0.0
2019-05-31 02:00:00,9.57,296.23438,1003.0436,8.571577,26.598839,0.0,0.0
2019-05-31 03:00:00,9.5,297.7187,1001.9263,8.330319,23.729717,0.0,0.0
2019-05-31 04:00:00,9.42,298.89575,1000.7722,8.042848,21.297586,0.0,0.0
2019-05-31 05:00:00,9.7,299.69574,999.5125,7.817181,19.53079,0.0,0.0
2019-05-31 06:00:00,9.66,300.12918,998.96893,7.6859593,18.387632,0.0,0.0
2019-05-31 07:00:00,9.75,300.502,998.45795,7.3578687,17.77409,0.0,0.0
2019-05-31 08:00:00,10.09,299.95386,998.7347,7.506596,18.069439,0.0,0.0
2019-05-31 09:00:00,10.28,298.7855,999.41296,6.584599,19.24376,0.0,0.0
2019-05-31 10:00:00,10.51,297.44434,1000.2236,6.236946,20.79855,0.0,0.0
2019-05-31 11:00:00,10.51,296.40268,1000.9914,6.2807856,22.004513,0.0,0.0
2019-05-31 12:00:00,10.26,295.44128,1001.5118,6.1667576,23.014048,0.0,0.0
2019-05-31 13:00:00,9.32,294.53995,1001.84094,5.9889655,23.815252,0.0,0.0
2019-05-31 14:00:00,8.77,293.69843,1002.14526,5.7882147,24.421299,0.0,0.0
2019-05-31 15:00:00,8.5,292.89557,1002.0557,5.7400136,24.748295,0.0,0.0
2019-05-31 16:00:00,8.21,292.16956,1002.10046,5.7145247,24.688145,0.0017166138,0.0
2019-05-31 17:00:00,7.55,291.46002,1001.7519,5.6599836,24.336538,0.0,0.0
2019-05-31 18:00:00,7.17,290.77924,1001.2402,5.6208143,23.77605,0.0,0.0
2019-05-31 19:00:00,6.59,289.87457,1001.31,5.9101024,23.40695,0.0,0.0
2019-05-31 20:00:00,6.34,289.293,1001.5053,5.922595,22.800962,0.0,0.0
2019-05-31 21:00:00,5.9,288.7677,1001.7802,5.9984436,22.22626,0.0,0.0
2019-05-31 22:00:00,5.71,288.28192,1002.29767,6.0832715,21.604553,0.0,0.0
2019-05-31 23:00:00,5.66,288.75793,1003.06354,5.9850564,19.699272,0.0,0.0
2019-06-01 00:00:00,5.73,290.20068,1003.767,7.895,16.589989,0.0021576881,0.0
2019-06-01 01:00:00,5.8,291.8623,1003.8516,8.481397,14.563814,0.0,0.0
2019-06-01 02:00:00,6.12,293.70758,1003.3264,8.313514,12.961025,0.0,0.0
2019-06-01 03:00:00,5.94,295.5026,1002.08344,7.9646373,11.608878,0.0,0.0
2019-06-01 04:00:00,5.83,297.08032,1000.71844,7.6756606,10.484458,0.0,0.0
2019-06-01 05:00:00,5.35,298.32104,999.59436,7.48485,9.655334,0.0,0.0
2019-06-01 06:00:00,5.11,299.09778,998.8551,7.3286624,9.204161,0.0,0.0
2019-06-01 07:00:00,5.07,299.53152,998.3337,7.4851985,8.367229,0.0,0.0
2019-06-01 08:00:00,5.3,299.11243,998.2358,7.400113,8.735531,0.0,0.0
2019-06-01 09:00:00,5.14,297.85742,999.109,6.118252,9.710613,0.0,0.0
2019-06-01 10:00:00,5.4,296.2798,999.8064,5.8370204,10.924949,0.0,0.0
2019-06-01 11:00:00,5.55,295.10904,1000.69696,6.023302,11.949338,0.0,0.0
2019-06-01 12:00:00,5.81,294.11865,1001.4857,6.1741047,12.9467325,0.0,0.0
2019-06-01 13:00:00,5.88,293.2635,1002.05347,6.2566237,13.964409,0.0,0.0
2019-06-01 14:00:00,6.15,292.50455,1002.32947,6.24189,15.019767,0.0,0.0
2019-06-01 15:00:00,6.8,291.8338,1002.0823,6.2528844,16.08251,0.0,0.0
2019-06-01 16:00:00,7.13,291.26578,1002.03455,6.316399,17.132729,0.0,0.0
2019-06-01 17:00:00,7.78,290.7438,1001.61,6.3016405,18.151716,0.0,0.0
2019-06-01 18:00:00,8.44,290.26492,1001.23517,6.264605,18.984112,0.0,0.0
2019-06-01 19:00:00,8.04,289.5963,1000.9345,6.149682,20.964127,0.0,0.0
2019-06-01 20:00:00,7.9,289.2511,1000.7265,6.4262543,21.044025,0.0,0.0
2019-06-01 21:00:00,7.65,288.97955,1000.9498,6.677299,20.685587,0.0,0.0
2019-06-01 22:00:00,7.85,288.6937,1001.58514,6.8232646,20.619078,0.0,0.0
2019-06-01 23:00:00,8.53,289.2577,1002.47833,6.5052285,20.267368,0.0,0.0
2019-06-02 00:00:00,9.37,290.78772,1003.014,8.370989,19.7269,0.0012874602,0.0
2019-06-02 01:00:00,9.54,292.6303,1003.06604,8.681035,19.24681,0.0,0.0
2019-06-02 02:00:00,9.38,294.69678,1002.6202,8.281914,18.668993,0.0,0.0
2019-06-02 03:00:00,9.19,296.65582,1001.59705,7.909715,18.334826,0.0,0.0
2019-06-02 04:00:00,9.28,298.33942,1000.4899,7.6428885,18.442842,0.0,0.0
2019-06-02 05:00:00,9.62,299.56186,999.3871,7.433136,18.54686,0.0,0.0
2019-06-02 06:00:00,9.87,300.31195,998.82367,7.3000536,18.182426,0.0,0.0
2019-06-02 07:00:00,10.04,300.92175,998.5982,7.3455157,18.270948,0.0,0.0
2019-06-02 08:00:00,10.01,300.5125,998.6453,7.327664,18.35583,0.0,0.0
2019-06-02 09:00:00,10.47,299.3389,999.1233,6.17559,18.78471,0.0,0.0
2019-06-02 10:00:00,10.65,297.86728,999.7556,5.937283,19.091085,0.0,0.0
2019-06-02 11:00:00,9.92,296.77216,1000.64,6.1097016,18.431469,0.0,0.0
2019-06-02 12:00:00,8.88,295.82172,1001.39813,6.235326,17.308027,0.0,0.0
2019-06-02 13:00:00,8.18,294.9485,1001.99524,6.3967614,16.656689,0.0,0.0
2019-06-02 14:00:00,8.31,294.1334,1002.21515,6.4979396,17.19016,0.0,0.0
2019-06-02 15:00:00,8.19,293.35828,1002.08044,6.5497084,18.74502,0.0,0.0
2019-06-02 16:00:00,7.93,292.62106,1002.0304,6.4011846,20.943855,0.0,0.0
2019-06-02 17:00:00,8.02,291.91467,1001.7875,6.282765,23.226435,0.0,0.0
2019-06-02 18:00:00,7.97,291.29675,1001.34845,6.363428,25.26764,0.0,0.0
2019-06-02 19:00:00,7.68,290.57367,1001.3675,6.0143194,27.022924,0.0,0.0
2019-06-02 20:00:00,7.46,290.06412,1001.3574,6.104422,28.76205,0.0,0.0
2019-06-02 21:00:00,7.18,289.61655,1001.6582,6.3026395,30.403381,0.0,0.0
2019-06-02 22:00:00,6.99,289.20657,1002.4255,6.538085,32.16531,0.0,0.0
2019-06-02 23:00:00,6.94,289.69974,1003.1889,6.4097013,32.316883,0.0,0.0
2019-06-03 00:00:00,7.23,291.24908,1003.5572,8.434247,30.424902,0.0,0.0
2019-06-03 01:00:00,6.93,292.79993,1003.4136,9.855012,27.873934,0.0,0.0
2019-06-03 02:00:00,6.78,294.50888,1002.6766,9.784589,24.266304,0.0,0.0
2019-06-03 03:00:00,6.97,296.23538,1001.5559,9.51429,20.604286,0.0,0.0
2019-06-03 04:00:00,7.34,297.73566,1000.14703,9.085395,17.513638,0.0,0.0
2019-06-03 05:00:00,7.25,298.86615,998.98413,8.6006,15.333694,0.0,0.0
2019-06-03 06:00:00,7.11,299.49893,998.46454,8.1951885,14.074309,0.0,0.0
2019-06-03 07:00:00,6.87,299.99368,998.12897,8.218287,13.069764,0.0,0.0
2019-06-03 08:00:00,6.55,299.458,998.678,7.9622607,13.469383,0.0,0.0
2019-06-03 09:00:00,6.52,298.093,999.08594,6.4622416,14.749007,0.0,0.0
2019-06-03 10:00:00,6.47,296.5725,1000.1731,6.014143,16.232468,0.0,0.0
2019-06-03 11:00:00,6.24,295.41168,1000.97595,5.910662,17.407583,0.0,0.0
2019-06-03 12:00:00,6.17,294.3965,1001.702,5.8816953,18.482859,0.0,0.0
2019-06-03 13:00:00,6.18,293.4951,1002.10565,5.823992,19.470274,0.0,0.0
2019-06-03 14:00:00,6.25,292.67267,1002.0268,5.7614856,20.428577,0.0,0.0
2019-06-03 15:00:00,6.15,291.92767,1001.877,5.6747046,21.391495,0.0,0.0
2019-06-03 16:00:00,5.96,291.28973,1001.8336,5.618721,22.37359,0.0,0.0
2019-06-03 17:00:00,5.73,290.71234,1001.73706,5.5207424,23.41703,0.0,0.0
2019-06-03 18:00:00,5.69,290.21722,1001.4934,5.5679293,24.464106,0.0,0.0
2019-06-03 19:00:00,5.54,289.62915,1000.9895,5.902627,26.354631,0.0,0.0
2019-06-03 20:00:00,5.92,289.41113,1000.84155,6.1560593,27.184826,0.0,0.0
2019-06-03 21:00:00,6.14,289.04477,1001.02576,6.239133,28.616062,0.0,0.0
2019-06-03 22:00:00,6.18,288.65222,1001.8592,6.213086,30.386147,0.0,0.0
2019-06-03 23:00:00,6.04,289.15582,1002.96606,5.900621,30.467606,0.0,0.0
2019-06-04 00:00:00,6.82,290.72314,1003.5505,7.803708,28.21774,0.0,0.0
2019-06-04 01:00:00,6.96,292.3618,1003.60803,9.078946,24.860174,0.0,0.0
2019-06-04 02:00:00,7.09,294.15375,1002.8817,8.929675,21.087309,0.0,0.0
2019-06-04 03:00:00,6.82,295.95367,1001.73914,8.459206,17.653265,0.0,0.0
2019-06-04 04:00:00,7.02,297.5157,1000.55505,7.9831734,15.153233,0.0,0.0
2019-06-04 05:00:00,7.33,298.6808,999.33734,7.6222434,13.65297,0.0,0.0
2019-06-04 06:00:00,7.53,299.40735,998.7606,7.3899045,12.936266,0.0,0.0
2019-06-04 07:00:00,7.78,300.12177,998.46674,7.053922,11.910339,0.0,0.0
2019-06-04 08:00:00,7.69,299.7058,998.6664,6.8828425,12.457503,0.0,0.0
2019-06-04 09:00:00,8.05,298.42096,999.3321,5.67583,13.758202,0.0,0.0
2019-06-04 10:00:00,8.45,296.812,1000.0471,5.5182204,15.365293,0.0,0.0
2019-06-04 11:00:00,8.58,295.65842,1000.9473,5.6637015,16.52105,0.0,0.0
2019-06-04 12:00:00,8.75,294.64423,1001.36414,5.622862,17.4334,0.0,0.0
2019-06-04 13:00:00,8.8,293.73056,1001.9185,5.5142803,18.179564,0.0,0.0
2019-06-04 14:00:00,9.0,292.8997,1001.89417,5.498657,18.78458,0.0,0.0
2019-06-04 15:00:00,9.03,292.1889,1001.91907,5.5719686,19.25645,0.0,0.0
2019-06-04 16:00:00,9.03,291.5614,1001.7498,5.708768,19.796795,0.0,0.0
2019-06-04 17:00:00,9.27,290.994,1001.67737,5.7724977,20.654087,0.0,0.0
2019-06-04 18:00:00,9.27,290.40994,1001.16284,5.7130737,22.150259,0.0,0.0
2019-06-04 19:00:00,9.15,289.29202,1000.8497,5.7815585,25.13386,0.0,0.0
2019-06-04 20:00:00,8.81,288.7564,1000.9203,5.897851,27.612743,0.0,0.0
2019-06-04 21:00:00,8.32,288.36502,1001.3059,6.0710535,29.713608,0.0,0.0
2019-06-04 22:00:00,8.0,288.03693,1001.9934,6.2492194,31.351685,0.0,0.0
2019-06-04 23:00:00,7.96,288.5714,1003.0969,6.204508,31.074512,0.0,0.0
2019-06-05 00:00:00,8.0,289.99405,1003.70294,8.302621,28.920027,0.0,0.0
2019-06-05 01:00:00,8.01,291.55896,1003.80725,8.87598,25.98359,0.0,0.0
2019-06-05 02:00:00,7.92,293.24536,1003.28015,8.472026,22.76649,0.0,0.0
2019-06-05 03:00:00,7.62,295.01794,1002.16565,7.9560833,19.550674,0.0,0.0
2019-06-05 04:00:00,7.37,296.56323,1001.0541,7.4951572,16.98539,0.0,0.0
2019-06-05 05:00:00,6.89,297.71918,999.92804,7.2307143,15.195495,0.0,0.0
2019-06-05 06:00:00,6.78,298.56628,999.64954,7.1773834,13.9065485,0.0,0.0
2019-06-05 07:00:00,6.59,299.39496,998.8714,6.687003,12.523721,0.0,0.0
2019-06-05 08:00:00,6.33,299.07635,999.0977,6.7756305,12.427615,0.0,0.0
2019-06-05 09:00:00,6.61,297.88504,999.8217,5.6463633,13.0190525,0.0,0.0
2019-06-05 10:00:00,6.68,296.33734,1000.58624,5.764921,14.013055,0.0,0.0
2019-06-05 11:00:00,6.56,295.18338,1001.45514,6.192764,14.886973,0.0,0.0
2019-06-05 12:00:00,6.66,294.12335,1002.22906,6.417558,15.956415,0.0,0.0
2019-06-05 13:00:00,6.84,293.1754,1002.698,6.531259,17.205307,0.0,0.0
2019-06-05 14:00:00,7.12,292.34222,1003.00867,6.6546974,18.504896,0.0,0.0
2019-06-05 15:00:00,7.31,291.58417,1003.10455,6.6856976,19.712355,0.0,0.0
2019-06-05 16:00:00,7.33,290.8391,1002.91,6.486416,20.824306,0.0,0.0
2019-06-05 17:00:00,7.21,290.1308,1002.8201,6.1975727,21.826828,0.0,0.0
2019-06-05 18:00:00,7.24,289.4604,1002.4582,5.8977118,22.769913,0.0,0.0
2019-06-05 19:00:00,6.88,288.58646,1002.28485,5.890077,24.294325,0.0,0.0
2019-06-05 20:00:00,6.77,288.08304,1002.03125,6.0180635,25.118013,0.0,0.0
2019-06-05 21:00:00,6.3,287.67505,1002.1054,5.9983177,25.886879,0.0,0.0
2019-06-05 22:00:00,6.37,287.29034,1002.6898,5.8510427,26.744312,0.0,0.0
2019-06-05 23:00:00,6.8,287.79865,1003.4375,5.6556277,26.174883,0.0,0.0
2019-06-06 00:00:00,7.73,289.35074,1003.3899,7.5021152,23.96396,0.0,0.0
2019-06-06 01:00:00,8.09,291.23438,1003.36804,8.449307,21.316519,0.0,0.0
2019-06-06 02:00:00,8.18,293.3385,1003.21185,8.185977,18.472483,0.0,0.0
2019-06-06 03:00:00,8.39,295.3848,1002.603,7.8291464,15.924313,0.0,0.0
2019-06-06 04:00:00,8.31,297.09952,1001.5789,7.5666294,14.030461,0.0,0.0
2019-06-06 05:00:00,8.2,298.37622,1000.86505,7.3413606,12.800439,0.0,0.0
2019-06-06 06:00:00,8.4,299.15088,1000.0451,7.184491,12.174828,0.0,0.0
2019-06-06 07:00:00,8.44,299.94635,999.51196,6.6927395,11.519845,0.0,0.0
2019-06-06 08:00:00,8.23,299.65012,999.6289,6.509347,11.769663,0.0,0.0
2019-06-06 09:00:00,8.24,298.4001,1000.3459,5.2914343,12.660215,0.0,0.0
2019-06-06 10:00:00,8.32,296.73218,1000.86273,5.0578117,13.951588,0.0,0.0
2019-06-06 11:00:00,8.45,295.4834,1001.72046,5.29635,15.010822,0.0,0.0
2019-06-06 12:00:00,8.7,294.37927,1002.2523,5.514055,16.024096,0.0,0.0
2019-06-06 13:00:00,8.71,293.41833,1002.9497,5.534182,16.923494,0.0,0.0
2019-06-06 14:00:00,8.83,292.53455,1002.9524,5.589151,17.756351,0.0,0.0
2019-06-06 15:00:00,9.19,291.78644,1002.9908,5.705443,18.494719,0.0,0.0
2019-06-06 16:00:00,9.27,291.10648,1002.8786,5.664935,19.26634,0.0,0.0
2019-06-06 17:00:00,9.4,290.46112,1002.9339,5.4738097,20.144358,0.0,0.0
2019-06-06 18:00:00,9.39,289.85748,1002.54,5.2263026,21.016586,0.0,0.0
2019-06-06 19:00:00,9.25,289.013,1002.15784,5.2165265,22.218903,0.0,0.0
2019-06-06 20:00:00,9.35,288.61224,1002.05096,5.210349,22.71313,0.0,0.0
2019-06-06 21:00:00,9.24,288.29285,1002.2925,5.1089053,23.050283,0.0,0.0
2019-06-06 22:00:00,9.24,287.9828,1002.6855,5.1164865,23.462595,0.0,0.0
2019-06-06 23:00:00,9.62,288.65967,1003.0259,5.021721,22.553396,0.0,0.0
2019-06-07 00:00:00,10.06,290.8175,1003.3717,6.3879805,19.815994,0.0017116228,0.0
2019-06-07 01:00:00,10.2,293.1225,1003.20435,7.342836,17.428146,0.0,0.0
2019-06-07 02:00:00,10.36,295.5296,1002.59546,7.058477,15.1328,0.0,0.0
2019-06-07 03:00:00,10.39,297.72815,1001.438,6.528887,13.3330555,0.0,0.0
2019-06-07 04:00:00,10.4,299.50885,1000.3047,5.7712502,12.214838,0.0,0.0
2019-06-07 05:00:00,10.5,300.79047,999.4459,5.0277123,11.738563,0.0,0.0
2019-06-07 06:00:00,10.62,301.5814,998.6763,4.5615044,11.774382,0.0,0.0
2019-06-07 07:00:00,10.62,302.12628,998.01447,4.63866,11.988904,0.0,0.0
2019-06-07 08:00:00,10.47,301.84537,998.0984,4.1444917,12.570827,0.0,0.0
2019-06-07 09:00:00,10.82,300.57416,998.51514,3.1471007,13.608046,0.0,0.0
2019-06-07 10:00:00,10.78,298.67993,999.27203,3.5691926,15.120413,0.0,0.0
2019-06-07 11:00:00,10.8,297.21332,999.4939,4.0887394,16.15992,0.0,0.0
2019-06-07 12:00:00,10.78,296.03235,999.7614,4.470213,16.845154,0.0,0.0
2019-06-07 13:00:00,10.79,294.99707,1000.2494,4.5465317,17.526356,0.0,0.0
2019-06-07 14:00:00,10.97,294.04538,1000.7516,4.595412,18.420418,0.0,0.0
2019-06-07 15:00:00,11.17,293.17633,1001.00446,4.612239,19.44169,0.0,0.0
2019-06-07 16:00:00,10.91,292.38425,1000.9462,4.6332364,20.544819,0.0,0.0
2019-06-07 17:00:00,10.99,291.7108,1000.86725,4.706239,21.560196,0.0,0.0
2019-06-07 18:00:00,11.0,291.10352,1000.51263,4.7295337,22.43696,0.0,0.0
2019-06-07 19:00:00,10.67,289.77737,1000.39374,4.4604635,23.969786,0.0,0.0
2019-06-07 20:00:00,10.26,289.1858,1000.6933,4.35706,24.888794,0.0,0.0
2019-06-07 21:00:00,10.09,288.67657,1000.8872,4.171879,25.648386,0.0,0.0
2019-06-07 22:00:00,10.1,288.2079,1001.1181,4.060161,26.35279,0.0,0.0
2019-06-07 23:00:00,9.89,288.88202,1001.798,3.7695513,25.189505,0.0,0.0
2019-06-08 00:00:00,9.81,291.83594,1002.2483,4.4278426,20.643974,0.0,0.0
2019-06-08 01:00:00,9.5,294.8407,1002.029,4.9928055,17.121822,0.0,0.0
2019-06-08 02:00:00,8.66,297.64954,1001.10236,5.0995626,15.131988,0.0,0.0
2019-06-08 03:00:00,8.54,300.1066,999.51135,5.096922,14.858103,0.0,0.0
2019-06-08 04:00:00,8.78,301.96753,998.0782,4.8544006,16.226433,0.0,0.0
2019-06-08 05:00:00,8.97,303.10516,996.70197,4.2644844,17.465527,0.0,0.0
2019-06-08 06:00:00,9.66,303.73004,995.6535,3.573889,17.623701,0.0,0.0
2019-06-08 07:00:00,10.08,303.917,995.51514,2.696781,16.850441,0.0,0.0
2019-06-08 08:00:00,10.23,303.75635,995.65924,2.2305524,17.31456,0.0,0.0
2019-06-08 09:00:00,11.1,302.97327,995.6983,1.0461115,18.42382,0.0,0.0
2019-06-08 10:00:00,11.79,301.8367,996.05865,0.42499003,20.275883,0.0,0.0
2019-06-08 11:00:00,12.35,299.73907,996.2017,1.3288285,24.356424,0.0,0.0
2019-06-08 12:00:00,12.75,298.20828,996.46515,2.4259934,24.973108,0.0,0.0
2019-06-08 13:00:00,13.01,296.56708,996.6575,2.8056836,27.197472,0.0,0.0
2019-06-08 14:00:00,13.29,295.22427,996.9161,2.7360363,29.22491,0.0,0.0
2019-06-08 15:00:00,13.49,294.07178,996.9526,2.3626356,31.477488,0.0,0.0
2019-06-08 16:00:00,13.54,293.2218,997.1431,1.9109684,33.962677,0.0,0.0
2019-06-08 17:00:00,13.85,292.54324,996.9995,1.993242,36.074158,0.0,0.0
2019-06-08 18:00:00,13.87,291.83636,996.9344,2.5493598,38.465862,0.0,0.0
2019-06-08 19:00:00,14.06,290.7323,996.9363,2.6379395,41.374493,0.0,0.0
2019-06-08 20:00:00,13.79,290.03534,996.8979,2.9888005,44.328114,0.0,0.0
2019-06-08 21:00:00,13.84,289.53732,997.3014,3.012835,46.50232,0.0,0.0
2019-06-08 22:00:00,14.03,289.16156,997.6378,2.9574335,47.829853,0.0,0.0
2019-06-08 23:00:00,13.72,289.8035,998.5673,2.4480848,46.095398,0.0,0.0
2019-06-09 00:00:00,13.12,293.37622,999.09796,2.2965398,36.510845,0.0,0.0
2019-06-09 01:00:00,13.4,296.55768,999.3551,2.1379082,29.066092,0.0,0.0
2019-06-09 02:00:00,13.67,299.10858,999.0178,1.959068,23.98923,0.0,0.0
2019-06-09 03:00:00,14.15,301.1759,998.22766,2.0021539,20.41863,0.0,0.0
2019-06-09 04:00:00,14.86,302.59494,997.2732,1.9535662,18.658749,0.0,0.0
2019-06-09 05:00:00,14.96,303.48254,996.345,1.9472009,18.018543,0.0,0.0
2019-06-09 06:00:00,15.08,303.97473,995.78436,2.0489922,17.837526,0.0,0.0
2019-06-09 07:00:00,14.84,304.3277,995.404,1.9389756,19.183537,0.0,0.0
2019-06-09 08:00:00,14.73,304.09406,995.7762,2.0211039,19.955076,0.0,0.0
2019-06-09 09:00:00,15.79,303.32666,996.15985,1.7510743,21.205156,0.0,0.0
2019-06-09 10:00:00,17.48,302.10654,996.6778,2.0737822,23.12179,0.0,0.0
2019-06-09 11:00:00,18.7,300.68402,997.19385,2.611465,25.559765,0.0,0.0
2019-06-09 12:00:00,19.58,299.42966,997.5679,2.84311,28.079874,0.0,0.0
2019-06-09 13:00:00,20.5,298.4203,997.7361,2.6322305,30.478176,0.0,0.0
2019-06-09 14:00:00,21.26,297.22113,997.46216,2.084647,33.663254,0.0,0.0
2019-06-09 15:00:00,20.97,296.6456,997.3667,1.5062075,35.451057,0.0,0.0
2019-06-09 16:00:00,20.1,296.60587,996.90906,1.3169726,35.143555,0.0,0.0
2019-06-09 17:00:00,19.49,295.68045,996.5706,1.357447,37.12041,0.0,0.0
2019-06-09 18:00:00,19.48,294.0265,995.9977,1.6351362,41.192375,0.0,0.0
2019-06-09 19:00:00,19.63,292.37225,996.0631,2.3621728,48.849247,0.0,0.0
2019-06-09 20:00:00,19.66,291.49664,996.0891,2.1481411,54.761677,0.0,0.0
2019-06-09 21:00:00,19.99,290.72247,996.174,1.9533995,60.306377,0.0,0.0
2019-06-09 22:00:00,19.79,290.22415,996.68713,2.0504992,64.0494,0.0,0.0
2019-06-09 23:00:00,19.55,290.64786,997.3084,1.7665348,63.230972,0.0,0.0
2019-06-10 00:00:00,20.7,294.58124,997.9197,1.6449106,50.643784,0.0,0.0
2019-06-10 01:00:00,20.99,297.4667,998.2328,1.348273,47.434296,0.0,0.0
2019-06-10 02:00:00,21.5,299.46854,997.5444,0.8453243,44.08139,0.0,0.0
2019-06-10 03:00:00,22.26,301.2568,996.60565,0.4661227,36.88462,0.0,0.0
2019-06-10 04:00:00,21.77,302.5991,995.36237,0.15132406,30.988213,0.0,0.0
2019-06-10 05:00:00,20.79,303.6507,994.7434,0.5213317,26.847692,0.0,0.0
2019-06-10 06:00:00,19.76,304.29352,994.2486,0.5940578,24.293064,0.0,0.0
2019-06-10 07:00:00,19.38,304.8454,993.3054,0.20237952,22.953606,0.0,0.0
2019-06-10 08:00:00,18.86,304.75034,993.8873,0.63446975,22.536808,0.0,0.0
2019-06-10 09:00:00,19.09,304.2189,994.2865,1.6012102,23.33732,0.0,0.0
2019-06-10 10:00:00,19.17,302.89075,994.7782,2.6745505,26.052723,0.0,0.0
2019-06-10 11:00:00,19.33,301.66415,995.1726,3.1509767,29.038534,0.0,0.0
2019-06-10 12:00:00,19.61,300.59204,995.46716,3.3018453,31.980568,0.0,0.0
2019-06-10 13:00:00,20.35,299.59555,995.5492,3.2440312,34.8078,0.0,0.0
2019-06-10 14:00:00,21.51,298.64954,995.9743,2.8520358,37.504505,0.0,0.0
2019-06-10 15:00:00,23.07,297.56946,996.1298,2.3297489,40.55416,0.0,0.0
2019-06-10 16:00:00,24.2,296.3346,996.4289,1.688924,44.719463,0.0,0.0
2019-06-10 17:00:00,25.15,296.59918,996.63904,0.8909138,43.7454,0.0,0.0
2019-06-10 18:00:00,26.18,296.15637,996.4573,0.70918274,44.76586,0.0,0.0
2019-06-10 19:00:00,26.68,293.73474,996.4317,1.9871507,53.953857,0.0,0.0
2019-06-10 20:00:00,27.13,293.0512,996.77374,2.1804855,56.089336,0.0,0.0
2019-06-10 21:00:00,27.47,292.56262,997.2261,2.2292106,58.06908,0.0,0.0
2019-06-10 22:00:00,27.68,292.1999,997.8674,2.302024,60.416603,0.0,0.0
2019-06-10 23:00:00,27.92,292.67603,998.38873,1.9882578,60.449135,0.0,0.0
2019-06-11 00:00:00,28.0,295.93915,999.21844,2.0707836,52.05076,0.0017144136,0.0
2019-06-11 01:00:00,28.54,298.53574,999.2598,2.0771387,47.5036,0.0,0.0
2019-06-11 02:00:00,29.14,300.82993,998.7383,2.2423925,42.08602,0.0,0.0
2019-06-11 03:00:00,29.42,302.7918,997.6653,2.5938077,35.836773,0.0,0.0
2019-06-11 04:00:00,29.32,304.06848,996.5056,2.3038397,31.617603,0.0,0.0
2019-06-11 05:00:00,29.27,304.91516,995.58984,2.0723522,29.410194,0.0,0.0
2019-06-11 06:00:00,29.96,305.5055,995.46466,2.1786122,28.165442,0.0,0.0
2019-06-11 07:00:00,30.67,306.05878,995.41736,2.8167822,26.548428,0.0,0.0
2019-06-11 08:00:00,31.54,305.89203,995.865,2.7779553,26.680925,0.0,0.0
2019-06-11 09:00:00,32.56,305.1526,996.21063,2.271921,27.787798,0.0,0.0
2019-06-11 10:00:00,33.34,303.95264,997.03845,2.2404366,29.854834,0.0,0.0
2019-06-11 11:00:00,33.75,302.73776,997.6306,2.6902747,32.059734,0.0,0.0
2019-06-11 12:00:00,33.33,301.61896,997.90515,2.957845,34.257584,0.0,0.0
2019-06-11 13:00:00,33.18,300.61343,998.0875,3.0966334,36.558147,0.0,0.0
2019-06-11 14:00:00,33.26,299.7508,998.21515,3.181926,38.97164,0.0,0.0
2019-06-11 15:00:00,33.91,299.0011,998.31104,3.2390642,41.506424,0.0,0.0
2019-06-11 16:00:00,34.84,298.3601,998.197,3.4404438,44.158085,0.0,0.0
2019-06-11 17:00:00,35.93,297.87228,998.1792,4.0857387,48.02873,0.0,0.0
2019-06-11 18:00:00,36.51,297.4017,998.0893,4.5488157,53.598576,0.0,0.0
2019-06-11 19:00:00,36.54,296.60638,998.1195,4.8985686,59.638577,0.0,0.0
2019-06-11 20:00:00,36.17,296.15454,998.38245,4.099245,61.91798,0.0,0.0
2019-06-11 21:00:00,35.54,295.79083,998.681,3.4568336,63.075924,0.0,0.0
2019-06-11 22:00:00,35.1,295.45972,999.4437,3.1293414,63.919872,0.0,0.0
2019-06-11 23:00:00,34.47,295.87488,1000.1717,2.8025126,61.733246,0.0,0.0
2019-06-12 00:00:00,32.07,297.7323,1000.72534,4.094053,53.688484,0.0,0.0
2019-06-12 01:00:00,31.2,299.65775,1000.7347,4.872381,46.09162,0.0,0.0
2019-06-12 02:00:00,30.66,301.56726,999.89484,4.9384384,40.452,0.0,0.0
2019-06-12 03:00:00,30.91,303.19257,998.8633,4.590847,36.73633,0.0,0.0
2019-06-12 04:00:00,31.29,304.48108,997.6021,4.265036,33.53584,0.0,0.0
2019-06-12 05:00:00,31.06,305.46533,996.7859,4.178977,30.981186,0.0,0.0
2019-06-12 06:00:00,30.26,306.0188,996.1164,4.266239,29.459011,0.0,0.0
2019-06-12 07:00:00,29.18,305.8785,996.2399,4.5169125,30.49389,0.0,0.0
2019-06-12 08:00:00,28.06,305.6933,996.07263,4.134019,30.506647,0.0,0.0
2019-06-12 09:00:00,27.88,305.0031,996.4942,3.7453394,31.353844,0.0,0.0
2019-06-12 10:00:00,27.79,303.67163,997.0095,4.2478476,33.209812,0.0,0.0
2019-06-12 11:00:00,28.0,302.60535,997.54297,4.8787065,34.257015,0.0,0.0
2019-06-12 12:00:00,27.26,301.69037,997.7042,5.0585957,35.06625,0.0,0.0
2019-06-12 13:00:00,26.88,300.90094,997.9127,4.988488,35.93539,0.0,0.0
2019-06-12 14:00:00,26.98,300.12927,997.8283,4.8509107,36.97388,0.0,0.0
2019-06-12 15:00:00,27.0,299.42258,997.8306,4.5604177,37.984665,0.0,0.0
2019-06-12 16:00:00,26.62,298.74847,997.8027,4.1021376,39.09955,0.0,0.0
2019-06-12 17:00:00,26.34,298.04388,997.60486,3.7265484,40.470512,0.0,0.0
2019-06-12 18:00:00,26.01,297.40714,997.2902,3.6145852,41.66401,0.0,0.0
2019-06-12 19:00:00,25.9,296.1077,997.4342,3.8426516,43.6793,0.0,0.0
2019-06-12 20:00:00,25.75,295.51147,997.4866,3.9391935,44.527267,0.0,0.0
2019-06-12 21:00:00,25.7,295.04517,998.0808,4.0091887,45.12883,0.0,0.0
2019-06-12 22:00:00,25.31,294.61935,998.3013,3.8967574,45.818085,0.0,0.0
2019-06-12 23:00:00,24.83,295.1103,999.1164,3.634067,44.302124,0.0,0.0
2019-06-13 00:00:00,25.8,297.12827,999.5137,4.6349764,39.440594,0.0,0.0
2019-06-13 01:00:00,26.23,299.44022,999.6964,4.9105773,34.943806,0.0,0.0
2019-06-13 02:00:00,26.35,301.83655,999.00226,4.688433,30.933008,0.0,0.0
2019-06-13 03:00:00,26.4,304.01782,997.91766,4.341577,27.940723,0.0,0.0
2019-06-13 04:00:00,26.25,305.64105,996.4839,3.8727689,26.537672,0.0,0.0
2019-06-13 05:00:00,26.61,306.6507,995.29065,3.2474074,26.266483,0.0,0.0
2019-06-13 06:00:00,26.95,307.21616,994.795,2.8019717,26.036903,0.0,0.0
2019-06-13 07:00:00,26.76,307.37924,994.7008,2.656495,25.518673,0.0,0.0
2019-06-13 08:00:00,26.62,307.18314,995.0261,2.9621627,25.76713,0.0,0.0
2019-06-13 09:00:00,26.8,306.3681,995.3881,3.268966,26.865467,0.0,0.0
2019-06-13 10:00:00,26.73,304.87115,996.0811,4.0730414,28.911755,0.0,0.0
2019-06-13 11:00:00,26.55,303.7092,996.60095,4.9887924,30.16333,0.0,0.0
2019-06-13 12:00:00,26.36,302.69946,996.9216,5.4811416,31.035265,0.0,0.0
2019-06-13 13:00:00,26.65,301.85098,997.1903,5.708413,31.720982,0.0,0.0
2019-06-13 14:00:00,26.64,301.1496,997.35736,5.759974,32.334183,0.0,0.0
2019-06-13 15:00:00,26.74,300.41455,997.137,5.7518754,33.193573,0.0,0.0
2019-06-13 16:00:00,26.83,299.74136,997.00555,5.5474877,34.08793,0.0,0.0
2019-06-13 17:00:00,27.19,299.0719,996.9288,5.1506014,35.135426,0.0,0.0
2019-06-13 18:00:00,27.2,298.44006,996.74,4.640636,36.368122,0.0,0.0
2019-06-13 19:00:00,27.04,297.15955,996.6621,4.207529,37.13977,0.0,0.0
2019-06-13 20:00:00,26.48,296.48392,996.9441,3.716675,38.93028,0.0,0.0
2019-06-13 21:00:00,26.47,295.85532,996.9868,3.300803,40.734245,0.0,0.0
2019-06-13 22:00:00,26.63,295.2871,997.63086,3.2261217,42.41548,0.0,0.0
2019-06-13 23:00:00,26.5,295.6667,998.3459,3.2051463,41.614513,0.0,0.0
2019-06-14 00:00:00,26.98,297.73804,998.956,4.3673697,37.21031,0.0,0.0
2019-06-14 01:00:00,27.04,299.89767,999.02783,4.9128146,33.615574,0.0,0.0
2019-06-14 02:00:00,26.87,302.1228,998.2226,4.949071,30.32855,0.0,0.0
2019-06-14 03:00:00,26.48,304.182,997.0033,4.7654533,27.651104,0.0,0.0
2019-06-14 04:00:00,26.58,305.83307,995.75287,4.3143816,25.743267,0.0,0.0
2019-06-14 05:00:00,26.78,306.9462,994.7047,3.59407,24.645996,0.0,0.0
2019-06-14 06:00:00,26.72,307.54672,994.0211,2.9562583,24.091187,0.0,0.0
2019-06-14 07:00:00,26.42,307.65796,993.5745,3.357174,23.996582,0.0,0.0
2019-06-14 08:00:00,25.76,307.425,994.00903,3.740249,24.399584,0.0,0.0
2019-06-14 09:00:00,25.47,306.45773,994.3727,3.7853994,25.69528,0.0,0.0
2019-06-14 10:00:00,25.16,304.8945,995.20154,4.4918556,27.827627,0.0,0.0
2019-06-14 11:00:00,25.22,303.6999,995.78046,5.1536384,29.375114,0.0,0.0
2019-06-14 12:00:00,25.02,302.66974,995.8455,5.159383,30.811756,0.0,0.0
2019-06-14 13:00:00,24.63,301.7513,996.20123,4.884981,32.235245,0.0,0.0
2019-06-14 14:00:00,23.8,300.87482,996.2611,4.5184317,33.6854,0.0,0.0
2019-06-14 15:00:00,23.74,300.04932,996.28687,4.236322,35.079967,0.0,0.0
2019-06-14 16:00:00,23.76,299.27136,996.40295,3.9528263,36.392956,0.0,0.0
2019-06-14 17:00:00,24.22,298.51553,996.5227,3.7598732,37.61406,0.0,0.0
2019-06-14 18:00:00,24.69,297.78027,996.5569,3.5845857,38.736813,0.0,0.0
2019-06-14 19:00:00,25.14,296.67633,996.07,4.1279545,38.00059,0.0,0.0
2019-06-14 20:00:00,24.91,296.05505,996.40845,3.9561357,38.26298,0.0,0.0
2019-06-14 21:00:00,24.56,295.4906,996.7582,3.6863313,38.656868,0.0,0.0
2019-06-14 22:00:00,24.31,294.9697,997.22186,3.4968545,39.236267,0.0,0.0
2019-06-14 23:00:00,24.34,295.35107,998.13617,3.3220406,37.762566,0.0,0.0
2019-06-15 00:00:00,24.9,297.41333,998.79407,4.137097,33.448734,0.0,0.0
2019-06-15 01:00:00,25.13,299.7313,999.1775,4.275723,30.52555,0.0,0.0
2019-06-15 02:00:00,25.57,301.9756,998.60583,4.0141883,28.502863,0.0,0.0
2019-06-15 03:00:00,26.17,303.89392,997.69336,3.6348393,26.996592,0.0,0.0
2019-06-15 04:00:00,26.44,305.31354,996.33795,3.330592,25.68319,0.0,0.0
2019-06-15 05:00:00,25.74,306.3034,995.2343,3.3387406,24.593287,0.0,0.0
2019-06-15 06:00:00,24.91,306.7981,994.5228,3.3317544,23.969412,0.0,0.0
2019-06-15 07:00:00,23.7,307.10638,994.3016,3.4116173,24.106071,0.0,0.0
2019-06-15 08:00:00,23.19,306.7813,994.70844,3.8498726,24.331768,0.0,0.0
2019-06-15 09:00:00,22.72,305.8187,995.02765,3.9525926,25.306871,0.0,0.0
2019-06-15 10:00:00,22.43,304.33008,995.924,4.1801057,26.924494,0.0,0.0
2019-06-15 11:00:00,22.07,303.10214,996.32983,4.537745,27.676365,0.0,0.0
2019-06-15 12:00:00,21.19,301.97766,996.7942,5.095313,27.52814,0.0,0.0
2019-06-15 13:00:00,19.54,300.88788,997.13794,6.027323,26.271147,0.0,0.0
2019-06-15 14:00:00,18.49,299.7503,997.39966,6.538934,24.9241,0.0,0.0
2019-06-15 15:00:00,18.44,298.66614,997.35,6.4209003,24.16613,0.0,0.0
2019-06-15 16:00:00,18.53,297.74542,997.3031,6.116732,23.584803,0.0,0.0
2019-06-15 17:00:00,18.41,296.95874,997.21814,5.7215533,23.186226,0.0,0.0
2019-06-15 18:00:00,17.81,296.26477,997.15216,5.2452593,23.165943,0.0,0.0
2019-06-15 19:00:00,17.95,295.19592,997.8074,5.0855947,24.693642,0.0,0.0
2019-06-15 20:00:00,17.58,294.5681,997.8805,4.5320287,25.09484,0.0,0.0
2019-06-15 21:00:00,17.06,294.00977,998.17017,4.141539,25.698212,0.0,0.0
2019-06-15 22:00:00,16.89,293.48596,998.6822,3.8504956,26.492893,0.0,0.0
2019-06-15 23:00:00,16.75,293.87134,999.71466,3.4649396,25.916565,0.0,0.0
2019-06-16 00:00:00,17.57,295.93127,1000.2553,4.3457074,22.642384,0.0,0.0
2019-06-16 01:00:00,18.13,298.07855,1000.30023,4.8724155,20.020502,0.0,0.0
2019-06-16 02:00:00,18.82,300.3155,999.4945,4.549921,18.701593,0.0,0.0
2019-06-16 03:00:00,19.18,302.4466,998.2689,3.9529846,18.270325,0.0,0.0
2019-06-16 04:00:00,19.06,304.19476,996.95654,3.3602924,18.587704,0.0,0.0
2019-06-16 05:00:00,18.73,305.35394,995.88354,2.6670253,19.478222,0.0,0.0
2019-06-16 06:00:00,18.88,305.90656,995.1894,2.0088928,20.289236,0.0,0.0
2019-06-16 07:00:00,18.33,306.15607,994.93054,1.6926776,21.474485,0.0,0.0
2019-06-16 08:00:00,18.27,305.93347,994.96643,2.0679529,21.84253,0.0,0.0
2019-06-16 09:00:00,18.46,305.14484,995.3028,2.4305632,22.65225,0.0,0.0
2019-06-16 10:00:00,18.32,303.54938,995.9955,3.1988535,24.41254,0.0,0.0
2019-06-16 11:00:00,18.19,302.23657,996.65326,3.7899106,25.547695,0.0,0.0
2019-06-16 12:00:00,17.69,301.1134,997.0237,4.1805615,26.362106,0.0,0.0
2019-06-16 13:00:00,17.34,300.11533,997.1064,4.3442593,27.1643,0.0,0.0
2019-06-16 14:00:00,16.76,299.21393,997.35205,4.2844586,28.116507,0.0,0.0
2019-06-16 15:00:00,16.58,298.34665,997.1763,4.1582417,29.307753,0.0,0.0
2019-06-16 16:00:00,17.09,297.52643,997.03296,3.9790924,30.737415,0.0,0.0
2019-06-16 17:00:00,18.48,296.7345,996.89307,3.4791396,32.46663,0.0,0.0
2019-06-16 18:00:00,19.49,295.9277,996.818,2.9338472,34.696754,0.0,0.0
2019-06-16 19:00:00,20.99,294.6429,997.03107,3.096435,36.620033,0.0,0.0
2019-06-16 20:00:00,21.72,294.14188,997.40625,3.0010097,39.385544,0.0,0.0
2019-06-16 21:00:00,22.07,293.83994,997.4422,2.8545566,42.37623,0.0,0.0
2019-06-16 22:00:00,22.51,293.53488,997.8674,2.5242462,45.64652,0.0,0.0
2019-06-16 23:00:00,22.6,293.74695,998.85236,1.7082437,47.386894,0.0,0.0
2019-06-17 00:00:00,22.15,296.5581,999.1779,1.3930244,40.874184,0.0,0.0
2019-06-17 01:00:00,22.06,298.50067,999.587,1.219118,36.786114,0.0,0.0
2019-06-17 02:00:00,22.56,300.86746,998.8564,1.6168474,31.765947,0.0,0.0
2019-06-17 03:00:00,23.26,303.23816,997.7568,2.4153469,27.423344,0.0,0.0
2019-06-17 04:00:00,23.49,305.0098,996.5463,2.6144545,24.835629,0.0,0.0
2019-06-17 05:00:00,23.02,305.99307,995.443,2.388694,23.594566,0.0,0.0
2019-06-17 06:00:00,22.14,306.65576,994.8052,2.089564,22.42725,0.0,0.0
2019-06-17 07:00:00,22.08,306.69638,994.55444,1.1752037,21.328186,0.0,0.0
2019-06-17 08:00:00,22.94,306.4037,994.6344,0.68066776,21.015884,0.0,0.0
2019-06-17 09:00:00,23.58,305.9921,995.3502,1.1378374,21.447886,0.0,0.0
2019-06-17 10:00:00,23.8,304.70667,995.8081,2.455131,23.3462,0.0,0.0
2019-06-17 11:00:00,24.3,303.19022,996.3078,3.1116478,25.701921,0.0,0.0
2019-06-17 12:00:00,25.14,302.1597,996.57416,3.4478443,27.50555,0.0,0.0
2019-06-17 13:00:00,25.11,301.2005,996.7283,3.4730847,29.328617,0.0,0.0
2019-06-17 14:00:00,25.59,300.72247,997.0979,3.286115,30.3029,0.0,0.0
2019-06-17 15:00:00,25.46,300.41827,996.85,3.2301338,30.74281,0.0,0.0
2019-06-17 16:00:00,25.1,300.11136,996.82513,2.6840844,31.150002,0.0,0.0
2019-06-17 17:00:00,25.53,299.18622,996.7019,1.7831982,33.73869,0.0,0.0
2019-06-17 18:00:00,26.39,299.16946,996.2455,1.0820392,34.166428,0.0,0.0
2019-06-17 19:00:00,26.76,297.25085,996.306,0.7623932,40.39543,0.0,0.0
2019-06-17 20:00:00,26.06,296.4524,996.1975,1.4359378,42.93118,0.0,0.0
2019-06-17 21:00:00,25.71,296.24365,996.7516,2.5559773,43.67701,0.0,0.0
2019-06-17 22:00:00,25.47,295.7514,997.3828,3.5426753,45.972748,0.0,0.0
2019-06-17 23:00:00,25.08,296.47742,998.4903,3.5876622,44.86984,0.0,0.0
2019-06-18 00:00:00,25.1,298.29117,999.20776,3.7954319,42.57601,0.0017086341,0.0
2019-06-18 01:00:00,25.13,300.29462,999.3741,3.632745,38.988472,0.0,0.0
2019-06-18 02:00:00,25.54,302.1455,998.7941,3.436771,33.6061,0.0,0.0
2019-06-18 03:00:00,26.19,303.6242,997.84875,4.0546536,31.373766,0.0,0.0
2019-06-18 04:00:00,26.69,304.82465,996.84827,5.049167,29.330381,0.0,0.0
2019-06-18 05:00:00,27.37,305.4983,995.67114,4.6117234,27.475447,0.0,0.0
2019-06-18 06:00:00,27.45,305.36148,995.1715,4.388544,27.430714,0.0,0.0
2019-06-18 07:00:00,27.32,305.6147,994.8599,3.7190168,25.714094,0.0,0.0
2019-06-18 08:00:00,27.23,305.3626,994.96265,3.544222,26.17721,0.0,0.0
2019-06-18 09:00:00,27.65,304.76416,995.31195,2.9258223,27.23015,0.0,0.0
2019-06-18 10:00:00,28.15,304.09625,995.96796,2.401957,28.429546,0.0,0.0
2019-06-18 11:00:00,28.45,303.4162,996.2854,1.8814939,29.625767,0.0,0.0
2019-06-18 12:00:00,28.3,302.59198,996.66205,1.6286932,31.459227,0.0,0.0
2019-06-18 13:00:00,28.34,301.8333,996.89404,1.5407426,32.8389,0.0,0.0
2019-06-18 14:00:00,28.17,301.01575,997.0425,2.003431,33.766518,0.0,0.0
2019-06-18 15:00:00,27.38,300.6667,996.9575,3.7377088,32.495274,0.0,0.0
2019-06-18 16:00:00,26.67,300.47913,997.20483,4.946057,29.61407,0.0,0.0
2019-06-18 17:00:00,26.08,300.10205,997.4126,5.7916102,27.099613,0.0029494513,0.0
2019-06-18 18:00:00,24.75,299.59616,997.4408,5.8989925,26.130522,0.0,0.0
2019-06-18 19:00:00,23.43,298.8116,997.0405,4.5459533,30.757046,0.0,0.0
2019-06-18 20:00:00,23.1,297.52798,997.3264,4.327352,33.26971,0.0,0.0
2019-06-18 21:00:00,23.45,296.6436,997.5899,4.661268,34.90679,0.0,0.0
2019-06-18 22:00:00,24.32,296.01764,998.5471,5.1124306,35.26657,0.0,0.0
2019-06-18 23:00:00,25.69,296.40454,999.4277,5.4701977,32.757275,0.0,0.0
2019-06-19 00:00:00,25.36,298.0822,1000.11163,7.2483745,27.488289,0.0053064367,0.0
2019-06-19 01:00:00,25.29,299.61945,1000.1223,8.261359,25.143951,0.0,0.0
2019-06-19 02:00:00,25.98,301.00812,999.8641,7.951665,24.382114,0.0,0.0
2019-06-19 03:00:00,26.26,302.193,998.63135,6.9172883,23.060991,0.0,0.0
2019-06-19 04:00:00,26.34,303.18323,997.4562,5.8405004,21.457672,0.0,0.0
2019-06-19 05:00:00,26.03,303.8241,996.5407,4.788056,20.850403,0.0,0.0
2019-06-19 06:00:00,25.81,304.10605,995.9969,3.7474284,20.76663,0.0,0.0
2019-06-19 07:00:00,26.06,304.03033,995.7779,3.502636,20.464334,0.0,0.0
2019-06-19 08:00:00,26.48,303.70013,996.40546,2.7441633,20.498308,0.0,0.0
2019-06-19 09:00:00,26.94,303.1399,996.50903,1.9401666,20.708693,0.0,0.0
2019-06-19 10:00:00,26.69,302.42993,997.24023,1.8479689,21.217257,0.0,0.0
2019-06-19 11:00:00,26.36,301.9489,997.6828,2.7289488,20.98969,0.0,0.0
2019-06-19 12:00:00,25.06,301.29504,998.2569,4.120519,20.374344,0.0,0.0
2019-06-19 13:00:00,22.87,300.78912,998.64,5.4521103,19.580698,0.0,0.0
2019-06-19 14:00:00,21.71,299.99542,998.846,5.9355583,20.18128,0.0,0.0
2019-06-19 15:00:00,20.99,299.56107,998.9972,6.2479167,20.829899,0.0,0.0
2019-06-19 16:00:00,20.93,298.43628,999.0932,6.2858763,22.44169,0.0,0.0
2019-06-19 17:00:00,20.76,297.28445,999.1856,6.2210994,24.148617,0.0,0.0
2019-06-19 18:00:00,20.29,296.3047,999.07513,6.044279,25.57035,0.0,0.0
2019-06-19 19:00:00,20.29,295.52066,999.0215,5.145574,27.042072,0.0,0.0
2019-06-19 20:00:00,19.78,294.62747,999.0508,4.733477,28.238949,0.0,0.0
2019-06-19 21:00:00,19.58,294.02625,999.8375,4.5621204,28.73863,0.0,0.0
2019-06-19 22:00:00,19.63,293.56232,1000.26117,4.4560237,28.75807,0.0,0.0
2019-06-19 23:00:00,20.02,293.74927,1001.36,4.2393,27.565912,0.0,0.0
2019-06-20 00:00:00,20.13,295.18707,1002.1156,5.63713,23.898413,0.0,0.0
2019-06-20 01:00:00,20.11,296.96674,1002.22595,6.3827157,20.670853,0.0,0.0
2019-06-20 02:00:00,20.49,298.8617,1001.79346,6.3606997,18.34175,0.0,0.0
2019-06-20 03:00:00,21.02,300.52814,1000.7473,6.183751,17.0196,0.0,0.0
2019-06-20 04:00:00,20.86,301.9014,999.62427,5.917089,16.467445,0.0,0.0
2019-06-20 05:00:00,20.61,302.79376,998.4732,5.5624847,16.44792,0.0,0.0
2019-06-20 06:00:00,20.21,303.29272,997.65814,5.40951,16.592493,0.0,0.0
2019-06-20 07:00:00,19.95,303.60114,997.2246,5.410462,16.393948,0.0,0.0
2019-06-20 08:00:00,20.04,303.22592,997.4586,5.5982,16.878994,0.0,0.0
2019-06-20 09:00:00,20.23,302.18945,997.933,4.8942146,17.809195,0.0,0.0
2019-06-20 10:00:00,20.61,300.78796,998.5736,4.5151324,19.117916,0.0,0.0
2019-06-20 11:00:00,20.73,299.64886,999.4299,4.6683526,20.10281,0.0,0.0
2019-06-20 12:00:00,20.42,298.6411,1000.07794,4.9479246,20.96761,0.0,0.0
2019-06-20 13:00:00,20.03,297.8045,1000.5705,5.291218,21.764412,0.0,0.0
2019-06-20 14:00:00,19.84,297.0741,1000.5744,5.5362396,22.561615,0.0,0.0
2019-06-20 15:00:00,19.62,296.3814,1000.5583,5.590365,23.30215,0.0,0.0
2019-06-20 16:00:00,19.41,295.5902,1000.45807,5.524548,24.034342,0.0,0.0
2019-06-20 17:00:00,19.37,294.97717,1000.13086,5.506512,24.336346,0.0,0.0
2019-06-20 18:00:00,19.38,294.37238,999.6753,5.3782,24.551756,0.0,0.0
2019-06-20 19:00:00,19.45,293.4824,999.52985,5.086495,25.808096,0.0,0.0
2019-06-20 20:00:00,18.93,292.89496,999.7313,4.773647,26.325628,0.0,0.0
2019-06-20 21:00:00,18.55,292.1759,1000.1378,4.656465,27.103107,0.0,0.0
2019-06-20 22:00:00,18.15,291.8352,1000.8187,4.716264,27.20838,0.0,0.0
2019-06-20 23:00:00,17.89,291.84314,1001.4239,4.5729594,26.826996,0.0,0.0
2019-06-21 00:00:00,17.48,293.3084,1002.2275,6.154655,23.605284,0.0017195939,0.0
2019-06-21 01:00:00,17.65,294.90863,1002.0968,7.206997,21.155626,0.0,0.0
2019-06-21 02:00:00,17.81,296.77173,1001.392,7.260293,18.59949,0.0,0.0
2019-06-21 03:00:00,17.66,298.5725,1000.55,7.060926,16.16689,0.0,0.0
2019-06-21 04:00:00,17.09,300.0029,999.49854,6.694576,14.483092,0.0,0.0
2019-06-21 05:00:00,16.83,301.04156,998.3485,6.2527213,13.457144,0.0,0.0
2019-06-21 06:00:00,17.08,301.649,997.7523,5.8872185,12.949525,0.0,0.0
2019-06-21 07:00:00,16.59,302.25757,997.3524,5.613173,12.477334,0.0,0.0
2019-06-21 08:00:00,16.57,301.84927,997.4836,5.6527653,12.658836,0.0,0.0
2019-06-21 09:00:00,16.25,300.6867,997.64014,4.8489766,13.518603,0.0,0.0
2019-06-21 10:00:00,15.99,299.09344,998.1047,4.7869806,14.768961,0.0,0.0
2019-06-21 11:00:00,15.89,297.90735,998.83844,5.075009,15.48397,0.0,0.0
2019-06-21 12:00:00,15.63,296.86502,999.3784,5.3828053,15.960518,0.0,0.0
2019-06-21 13:00:00,15.07,295.91302,999.7721,5.610353,16.371895,0.0,0.0
2019-06-21 14:00:00,14.4,295.011,1000.03735,5.6073475,16.848022,0.0,0.0
2019-06-21 15:00:00,13.64,294.15802,999.9272,5.374787,17.477533,0.0,0.0
2019-06-21 16:00:00,12.9,293.35837,1000.1222,5.1819963,18.218794,0.0,0.0
2019-06-21 17:00:00,12.46,292.63885,1000.1245,5.1771975,18.953312,0.0,0.0
2019-06-21 18:00:00,11.82,291.95392,999.86383,5.218603,19.727663,0.0,0.0
2019-06-21 19:00:00,11.43,290.84677,999.7919,5.0641146,21.54224,0.0,0.0
2019-06-21 20:00:00,11.02,290.25568,999.8049,4.9169455,22.403397,0.0,0.0
2019-06-21 21:00:00,10.7,289.71646,1000.0531,4.6199393,23.444958,0.0,0.0
2019-06-21 22:00:00,10.63,289.18988,1000.3008,4.3785467,24.678272,0.0,0.0
2019-06-21 23:00:00,10.6,289.5323,1000.9225,4.1795144,24.663246,0.0,0.0
2019-06-22 00:00:00,11.35,291.61746,1001.61206,5.3691335,21.839554,0.0,0.0
2019-06-22 01:00:00,11.52,293.74393,1001.92126,6.311522,19.44227,0.0,0.0
2019-06-22 02:00:00,11.2,295.82632,1001.1883,6.30135,17.354061,0.0,0.0
2019-06-22 03:00:00,11.11,297.73853,1000.2628,6.0094767,15.378825,0.0,0.0
2019-06-22 04:00:00,10.74,299.31152,999.0254,5.4288435,13.6410055,0.0,0.0
2019-06-22 05:00:00,10.53,300.44342,997.9973,4.7711916,12.37459,0.0,0.0
2019-06-22 06:00:00,10.64,301.17734,997.507,4.3701763,11.535277,0.0,0.0
2019-06-22 07:00:00,10.72,301.91922,996.8989,4.0639577,10.454051,0.0,0.0
2019-06-22 08:00:00,11.03,301.7433,997.1001,4.102376,10.44808,0.0,0.0
2019-06-22 09:00:00,11.16,300.6151,997.3489,3.477317,11.254341,0.0,0.0
2019-06-22 10:00:00,11.07,298.82617,997.8748,3.7947934,12.668188,0.0,0.0
2019-06-22 11:00:00,11.09,297.54,998.2366,4.330651,13.652691,0.0,0.0
2019-06-22 12:00:00,10.94,296.44348,998.4122,4.786981,14.44198,0.0,0.0
2019-06-22 13:00:00,10.92,295.48334,998.7095,5.018923,15.076696,0.0,0.0
2019-06-22 14:00:00,10.93,294.59174,998.99097,5.178952,15.614748,0.0,0.0
2019-06-22 15:00:00,10.67,293.74844,998.8228,5.208676,16.137455,0.0,0.0
2019-06-22 16:00:00,10.36,292.974,999.05963,5.164323,16.727255,0.0,0.0
2019-06-22 17:00:00,10.32,292.20892,998.81104,5.0556335,17.442608,0.0,0.0
2019-06-22 18:00:00,10.15,291.52362,998.85205,5.098349,18.219158,0.0,0.0
2019-06-22 19:00:00,10.33,290.38763,998.66296,4.825357,20.21789,0.0,0.0
2019-06-22 20:00:00,10.33,289.84,999.1475,4.948774,20.955967,0.0,0.0
2019-06-22 21:00:00,10.7,289.3563,999.4892,4.885527,21.69328,0.0,0.0
2019-06-22 22:00:00,10.8,288.92365,1000.1211,4.760575,22.366156,0.0,0.0
2019-06-22 23:00:00,10.75,289.32086,1001.0557,4.503711,21.745441,0.0,0.0
2019-06-23 00:00:00,10.77,291.47327,1001.6314,5.629344,18.173908,0.0,0.0
2019-06-23 01:00:00,10.56,293.80322,1001.95734,6.460776,14.504613,0.0,0.0
2019-06-23 02:00:00,10.63,296.023,1001.44617,6.28517,11.802352,0.0,0.0
2019-06-23 03:00:00,10.44,298.0384,1000.6345,5.8725853,9.821606,0.0,0.0
2019-06-23 04:00:00,9.95,299.66986,999.58734,5.417474,8.432063,0.0,0.0
2019-06-23 05:00:00,9.46,300.84882,998.6116,4.901799,7.525409,0.0,0.0
2019-06-23 06:00:00,9.59,301.63367,997.882,4.565612,6.9459715,0.0,0.0
2019-06-23 07:00:00,9.28,302.43774,997.39984,4.0168743,6.489829,0.0,0.0
2019-06-23 08:00:00,9.06,302.28412,997.59076,3.7445116,6.4328327,0.0,0.0
2019-06-23 09:00:00,9.11,301.11456,998.2152,2.9535177,6.93238,0.0,0.0
2019-06-23 10:00:00,9.05,299.21756,998.6738,3.3160932,7.887802,0.0,0.0
2019-06-23 11:00:00,8.96,297.66284,999.1453,3.7669423,8.712333,0.0,0.0
2019-06-23 12:00:00,8.99,296.39923,999.65564,4.15881,9.418809,0.0,0.0
2019-06-23 13:00:00,9.15,295.30585,1000.1258,4.3414106,10.118238,0.0,0.0
2019-06-23 14:00:00,9.01,294.29834,1000.2661,4.420028,10.846106,0.0,0.0
2019-06-23 15:00:00,8.53,293.37177,1000.1853,4.4548535,11.594007,0.0,0.0
2019-06-23 16:00:00,8.19,292.5606,1000.3773,4.488163,12.319205,0.0,0.0
2019-06-23 17:00:00,8.22,291.84113,1000.16815,4.544066,12.942751,0.0,0.0
2019-06-23 18:00:00,8.06,291.2113,1000.1716,4.6836123,13.447258,0.0,0.0
2019-06-23 19:00:00,8.08,290.1593,999.8903,4.4337096,14.41999,0.0,0.0
2019-06-23 20:00:00,8.03,289.5382,999.9956,4.5465817,15.053463,0.0,0.0
2019-06-23 21:00:00,8.4,289.05127,1000.46,4.6737165,15.690883,0.0,0.0
2019-06-23 22:00:00,8.68,288.63623,1001.1305,4.6751556,16.41338,0.0,0.0
2019-06-23 23:00:00,8.84,289.09692,1001.9297,4.5378575,16.34356,0.0,0.0
2019-06-24 00:00:00,9.38,291.5677,1002.54584,5.504503,14.333985,0.0017126078,0.0
2019-06-24 01:00:00,9.37,294.1737,1003.20795,6.2899513,12.602989,0.0,0.0
2019-06-24 02:00:00,9.67,296.6258,1002.5711,5.9648557,10.958599,0.0,0.0
2019-06-24 03:00:00,9.47,298.92993,1001.9208,5.5883336,9.268266,0.0,0.0
2019-06-24 04:00:00,9.13,300.74963,1000.46234,5.156996,7.848326,0.0,0.0
2019-06-24 05:00:00,9.03,302.09003,999.71826,4.6353483,6.8559384,0.0,0.0
2019-06-24 06:00:00,8.88,302.90176,999.0092,4.278669,6.2566676,0.0,0.0
2019-06-24 07:00:00,9.02,303.7497,998.6811,3.4809635,5.840453,0.0,0.0
2019-06-24 08:00:00,9.27,303.56866,998.9448,3.669638,5.828031,0.0,0.0
2019-06-24 09:00:00,9.1,302.19943,999.51135,3.2992187,6.3599944,0.0,0.0
2019-06-24 10:00:00,8.81,300.04172,999.9433,3.8549426,7.263755,0.0,0.0
2019-06-24 11:00:00,8.85,298.47897,1000.8176,4.523533,7.9886756,0.0,0.0
2019-06-24 12:00:00,9.17,297.2367,1001.26984,4.9208956,8.576092,0.0,0.0
2019-06-24 13:00:00,9.05,296.16888,1001.9419,4.8796945,9.084612,0.0,0.0
2019-06-24 14:00:00,9.14,295.14307,1001.81506,4.6531987,9.61885,0.0,0.0
2019-06-24 15:00:00,9.05,294.1723,1001.77594,4.517158,10.180412,0.0,0.0
2019-06-24 16:00:00,8.84,293.29446,1001.6697,4.38095,10.72903,0.0,0.0
2019-06-24 17:00:00,8.84,292.50665,1001.42456,4.358645,11.23805,0.0,0.0
2019-06-24 18:00:00,9.19,291.76447,1001.3895,4.321455,11.766715,0.0,0.0
2019-06-24 19:00:00,9.56,290.5795,1001.5877,4.2572803,13.305953,0.0,0.0
2019-06-24 20:00:00,9.78,289.86737,1001.8892,4.4153013,14.116695,0.0,0.0
2019-06-24 21:00:00,10.29,289.3581,1002.4244,4.518181,14.752121,0.0,0.0
2019-06-24 22:00:00,10.68,288.92328,1002.8742,4.367761,15.446687,0.0,0.0
2019-06-24 23:00:00,10.93,289.35297,1003.62,4.0504804,15.395689,0.0,0.0
2019-06-25 00:00:00,10.74,291.86053,1004.1457,4.901145,13.417347,0.0017158941,0.0
2019-06-25 01:00:00,10.94,294.45526,1004.3639,5.6117644,11.815349,0.0,0.0
2019-06-25 02:00:00,11.21,296.84503,1004.0454,5.5498137,10.386689,0.0,0.0
2019-06-25 03:00:00,11.57,298.99033,1003.17773,5.4314256,8.864592,0.0,0.0
2019-06-25 04:00:00,11.77,300.8023,1001.91833,5.2953143,7.3428073,0.0,0.0
2019-06-25 05:00:00,11.76,302.17993,1000.8113,5.0763335,6.1999726,0.0,0.0
2019-06-25 06:00:00,11.68,303.0691,1000.05,4.9498496,5.6070924,0.0,0.0
2019-06-25 07:00:00,11.4,303.67194,999.6147,5.0573444,5.2632813,0.0,0.0
2019-06-25 08:00:00,11.57,303.44916,999.6038,4.944679,5.6759605,0.0,0.0
2019-06-25 09:00:00,11.77,302.1545,999.997,3.8605244,6.54512,0.0,0.0
2019-06-25 10:00:00,12.48,300.17242,1000.5722,3.7402127,7.8062162,0.0,0.0
2019-06-25 11:00:00,13.3,298.72195,1001.16486,4.0533123,8.992457,0.0,0.0
2019-06-25 12:00:00,13.95,297.53717,1001.7466,4.244663,10.135019,0.0,0.0
2019-06-25 13:00:00,14.67,296.49213,1001.77954,4.325082,11.23386,0.0,0.0
2019-06-25 14:00:00,15.46,295.56024,1002.00806,4.306015,12.28677,0.0,0.0
2019-06-25 15:00:00,15.39,294.66205,1001.7494,4.288653,13.29618,0.0,0.0
2019-06-25 16:00:00,15.21,293.87537,1001.59705,4.418105,14.169374,0.0,0.0
2019-06-25 17:00:00,14.91,293.1961,1001.34485,4.5773077,14.872311,0.0,0.0
2019-06-25 18:00:00,15.12,292.6064,1001.04626,4.653342,15.373709,0.0,0.0
2019-06-25 19:00:00,14.51,291.5267,1000.82263,4.5273194,16.606777,0.0,0.0
2019-06-25 20:00:00,13.92,290.93652,1001.04315,4.51535,17.019276,0.0,0.0
2019-06-25 21:00:00,13.54,290.4449,1001.52045,4.4402466,17.279041,0.0,0.0
2019-06-25 22:00:00,13.11,290.00433,1001.91125,4.3662157,17.463585,0.0,0.0
2019-06-25 23:00:00,13.24,290.4779,1002.5527,4.293121,16.658281,0.0,0.0
2019-06-26 00:00:00,13.57,293.0725,1002.86206,5.139806,13.744436,0.0017106533,0.0
2019-06-26 01:00:00,13.39,295.71872,1002.8839,6.4991097,11.260081,0.0,0.0
2019-06-26 02:00:00,13.75,297.975,1002.0996,7.1096034,9.3452015,0.0,0.0
2019-06-26 03:00:00,14.21,299.85876,1001.30963,6.9038587,8.174595,0.0,0.0
2019-06-26 04:00:00,13.9,301.3402,1000.16626,6.49278,7.901181,0.0,0.0
2019-06-26 05:00:00,13.69,302.38254,999.1894,6.143397,8.342789,0.0,0.0
2019-06-26 06:00:00,13.52,302.9079,998.177,5.8400455,9.152361,0.0,0.0
2019-06-26 07:00:00,12.98,303.40503,997.94586,5.312347,9.525747,0.0,0.0
2019-06-26 08:00:00,12.54,302.96033,997.5814,5.0631003,10.166002,0.0,0.0
2019-06-26 09:00:00,12.0,301.69604,998.2358,3.8769193,11.032647,0.0,0.0
2019-06-26 10:00:00,11.48,299.74127,998.6359,3.535894,12.40585,0.0,0.0
2019-06-26 11:00:00,11.09,298.25946,999.42303,3.5688267,13.507212,0.0,0.0
2019-06-26 12:00:00,10.96,296.87805,999.5234,3.608313,14.569894,0.0,0.0
2019-06-26 13:00:00,10.59,295.62445,999.7352,3.685613,15.6345415,0.0,0.0
2019-06-26 14:00:00,10.35,294.524,999.7644,3.8698654,16.65612,0.0,0.0
2019-06-26 15:00:00,9.96,293.6084,999.99054,4.09567,17.497509,0.0,0.0
2019-06-26 16:00:00,9.85,292.81854,1000.0372,4.269739,18.127695,0.0,0.0
2019-06-26 17:00:00,9.89,292.11703,1000.01294,4.3509555,18.633898,0.0,0.0
2019-06-26 18:00:00,9.79,291.4541,999.94507,4.3516803,19.183407,0.0,0.0
2019-06-26 19:00:00,9.83,289.89133,999.4514,4.182873,21.37756,0.0,0.0
2019-06-26 20:00:00,9.59,289.18854,999.7452,4.236894,22.266264,0.0,0.0
2019-06-26 21:00:00,9.6,288.72736,1000.15656,4.234477,22.935953,0.0,0.0
2019-06-26 22:00:00,9.51,288.35516,1000.5888,4.1961555,23.64243,0.0,0.0
2019-06-26 23:00:00,9.55,288.89032,1001.0986,4.1157284,23.072138,0.0,0.0
2019-06-27 00:00:00,9.84,291.752,1001.71216,4.7332544,19.388893,0.0,0.0
2019-06-27 01:00:00,9.75,294.84283,1001.6959,5.5107017,16.222975,0.0,0.0
2019-06-27 02:00:00,9.69,297.63867,1000.89545,5.6200414,13.939248,0.0,0.0
2019-06-27 03:00:00,9.68,299.90607,999.9964,5.6057014,12.316074,0.0,0.0
2019-06-27 04:00:00,9.47,301.29425,998.77057,4.842985,11.254985,0.0,0.0
2019-06-27 05:00:00,9.16,302.1577,997.79407,4.0750513,10.546204,0.0,0.0
2019-06-27 06:00:00,8.99,302.69806,997.0971,3.7070086,10.009877,0.0,0.0
2019-06-27 07:00:00,8.83,303.1846,996.54016,3.6979778,9.623647,0.0,0.0
2019-06-27 08:00:00,8.85,302.93243,996.5361,3.8469384,9.604287,0.0,0.0
2019-06-27 09:00:00,8.68,301.74088,996.9992,3.0231497,10.354238,0.0,0.0
2019-06-27 10:00:00,8.73,299.88968,997.6101,3.0722072,11.6935425,0.0,0.0
2019-06-27 11:00:00,9.17,298.26874,998.3203,3.2836537,13.042629,0.0,0.0
2019-06-27 12:00:00,9.56,296.84387,998.5566,3.4444995,14.421232,0.0,0.0
2019-06-27 13:00:00,9.94,295.632,998.8386,3.493298,15.812627,0.0,0.0
2019-06-27 14:00:00,9.73,294.57108,999.0075,3.5900106,17.191713,0.0,0.0
2019-06-27 15:00:00,9.38,293.65207,999.0117,3.688264,18.474731,0.0,0.0
2019-06-27 16:00:00,8.88,292.8299,998.9872,3.7200336,19.653597,0.0,0.0
2019-06-27 17:00:00,8.56,292.06943,998.9112,3.7252016,20.765364,0.0,0.0
2019-06-27 18:00:00,8.45,291.39554,998.9152,3.7583294,21.758608,0.0,0.0
2019-06-27 19:00:00,8.43,289.92743,998.5756,3.6064143,24.280146,0.0,0.0
2019-06-27 20:00:00,8.25,289.16,998.79224,3.6274223,25.580532,0.0,0.0
2019-06-27 21:00:00,8.2,288.61725,999.1633,3.657011,26.497608,0.0,0.0
2019-06-27 22:00:00,8.12,288.22156,999.799,3.57755,27.187508,0.0,0.0
2019-06-27 23:00:00,8.33,288.71423,1000.6633,3.290869,26.39786,0.0,0.0
2019-06-28 00:00:00,8.76,292.12177,1001.4327,3.3409967,21.230352,0.0,0.0
2019-06-28 01:00:00,8.68,295.85547,1001.4355,3.6436503,16.951511,0.0,0.0
2019-06-28 02:00:00,8.44,298.8609,1000.7516,3.8077183,14.397086,0.0,0.0
2019-06-28 03:00:00,8.45,301.09515,1000.118,3.735995,12.679977,0.0,0.0
2019-06-28 04:00:00,8.26,302.24066,999.0217,2.4833195,11.549508,0.0,0.0
2019-06-28 05:00:00,7.95,302.82837,998.1093,1.0489426,10.889443,0.0,0.0
2019-06-28 06:00:00,8.17,303.18536,997.7424,0.23446317,10.468201,0.0,0.0
2019-06-28 07:00:00,8.07,303.66357,997.1844,1.6631883,10.087785,0.0,0.0
2019-06-28 08:00:00,8.27,303.51343,997.48615,2.2290714,10.127571,0.0,0.0
2019-06-28 09:00:00,8.28,302.58392,997.95764,2.356023,10.821708,0.0,0.0
2019-06-28 10:00:00,8.43,300.81705,998.5673,2.9794505,12.254809,0.0,0.0
2019-06-28 11:00:00,8.27,299.19458,999.3805,3.2438471,13.665609,0.0,0.0
2019-06-28 12:00:00,8.11,297.8525,999.8027,3.40132,14.906764,0.0,0.0
2019-06-28 13:00:00,8.27,296.68298,1000.0751,3.4276564,16.078999,0.0,0.0
2019-06-28 14:00:00,8.54,295.55453,1000.12646,3.3389843,17.29306,0.0,0.0
2019-06-28 15:00:00,8.9,294.47302,1000.2037,3.2780523,18.497995,0.0,0.0
2019-06-28 16:00:00,9.15,293.47086,1000.1371,3.4514413,19.569689,0.0,0.0
2019-06-28 17:00:00,9.2,292.64697,999.7686,3.6697683,20.216244,0.0,0.0
2019-06-28 18:00:00,9.44,292.03284,999.58344,3.8605099,20.380823,0.0,0.0
2019-06-28 19:00:00,9.27,290.44763,999.0108,3.5033,23.241573,0.0,0.0
2019-06-28 20:00:00,8.82,289.65918,998.9444,3.3393285,24.051994,0.0,0.0
2019-06-28 21:00:00,8.72,289.01895,999.2039,3.1689794,24.86011,0.0,0.0
2019-06-28 22:00:00,8.38,288.2926,999.8803,2.8425825,26.058022,0.0,0.0
2019-06-28 23:00:00,8.1,288.4024,1000.95984,2.9097557,25.74946,0.0,0.0
2019-06-29 00:00:00,8.7,291.32507,1001.90375,3.9009185,20.714205,0.0,0.0
2019-06-29 01:00:00,8.8,294.54205,1002.2011,4.3173428,16.41517,0.0,0.0
2019-06-29 02:00:00,9.12,297.63937,1001.6158,4.398343,13.401005,0.0,0.0
2019-06-29 03:00:00,9.58,300.21478,1000.8256,4.434389,11.686614,0.0,0.0
2019-06-29 04:00:00,9.59,302.2046,999.3834,4.799275,10.610608,0.0,0.0
2019-06-29 05:00:00,9.81,303.55356,998.2583,5.548785,10.195359,0.0,0.0
2019-06-29 06:00:00,10.01,304.306,997.6728,5.670774,10.35246,0.0,0.0
2019-06-29 07:00:00,10.28,304.66357,997.60516,5.3556895,10.824804,0.0,0.0
2019-06-29 08:00:00,10.06,304.38123,997.611,5.2875733,11.18593,0.0,0.0
2019-06-29 09:00:00,9.99,303.0074,998.03455,4.14556,12.174023,0.0,0.0
2019-06-29 10:00:00,10.16,300.84894,998.6298,4.146476,13.777685,0.0,0.0
2019-06-29 11:00:00,10.25,299.32996,998.8856,4.506105,14.959667,0.0,0.0
2019-06-29 12:00:00,10.29,298.0964,999.55237,4.662539,16.027626,0.0,0.0
2019-06-29 13:00:00,10.08,296.96216,999.659,4.755329,17.150349,0.0,0.0
2019-06-29 14:00:00,10.18,295.96545,999.84375,4.909477,18.142994,0.0,0.0
2019-06-29 15:00:00,10.02,295.0876,999.7922,4.9514117,18.97646,0.0,0.0
2019-06-29 16:00:00,9.69,294.27454,999.2775,4.890801,19.774075,0.0,0.0
2019-06-29 17:00:00,9.54,293.54865,999.0542,4.7347393,20.50456,0.0,0.0
2019-06-29 18:00:00,9.58,292.83856,998.8011,4.526145,21.25645,0.0,0.0
2019-06-29 19:00:00,9.49,291.4354,998.80804,4.0780005,23.968775,0.0,0.0
2019-06-29 20:00:00,9.32,290.6236,998.78345,3.9008787,25.350098,0.0,0.0
2019-06-29 21:00:00,9.63,289.98682,999.08716,3.7902536,26.506958,0.0,0.0
2019-06-29 22:00:00,9.93,289.46954,999.7369,3.6660936,27.674469,0.0,0.0
2019-06-29 23:00:00,10.65,289.87146,1000.35486,3.3938594,27.54432,0.0,0.0
2019-06-30 00:00:00,12.04,292.9554,1001.0714,3.6418295,23.25389,0.001706636,0.0
2019-06-30 01:00:00,12.38,296.4074,1000.97736,4.1457276,20.295916,0.0,0.0
2019-06-30 02:00:00,13.18,299.67188,1000.368,4.4422956,18.826399,0.0,0.0
2019-06-30 03:00:00,13.04,302.3058,999.0034,4.8837147,18.154205,0.0,0.0
2019-06-30 04:00:00,12.91,304.0312,997.7555,5.3778615,18.366383,0.0,0.0
2019-06-30 05:00:00,12.71,304.90482,996.39343,5.1050005,17.600374,0.0,0.0
2019-06-30 06:00:00,12.37,305.29132,995.6808,4.5350027,16.805128,0.0,0.0
2019-06-30 07:00:00,12.82,305.5138,995.3663,3.83804,16.317636,0.0,0.0
2019-06-30 08:00:00,13.12,305.19757,995.7869,3.4109893,16.621895,0.0,0.0
2019-06-30 09:00:00,13.39,304.06073,996.26587,2.651526,17.974638,0.0,0.0
2019-06-30 10:00:00,14.21,302.1964,996.96826,3.098035,20.282545,0.0,0.0
2019-06-30 11:00:00,14.95,300.52576,997.5647,3.3941946,22.501223,0.0,0.0
2019-06-30 12:00:00,15.34,299.1967,997.7887,3.6742444,24.45503,0.0,0.0
2019-06-30 13:00:00,16.0,298.1328,998.1683,3.8302152,26.30282,0.0,0.0
2019-06-30 14:00:00,16.51,297.21173,998.3914,3.901777,28.162247,0.0,0.0
2019-06-30 15:00:00,17.22,296.36472,998.5014,3.8975208,30.040699,0.0,0.0
2019-06-30 16:00:00,17.78,295.5744,998.6454,3.9458127,31.920477,0.0,0.0
2019-06-30 17:00:00,17.87,294.867,998.5658,4.0239897,33.810974,0.0,0.0
2019-06-30 18:00:00,17.71,294.3269,998.36,4.2615767,35.602394,0.0,0.0
2019-06-30 19:00:00,17.21,292.98184,998.4835,3.761426,38.934315,0.0,0.0
2019-06-30 20:00:00,16.94,292.44745,998.7668,3.769579,40.97829,0.0,0.0
2019-06-30 21:00:00,16.76,292.03363,998.8753,3.6238525,42.881645,0.0,0.0
2019-06-30 22:00:00,16.56,291.61618,999.4217,3.3363159,44.828785,0.0,0.0
2019-06-30 23:00:00,16.47,291.91815,1000.23096,2.8755655,44.68311,0.0,0.0
2019-07-01 00:00:00,16.65,295.08453,1000.9599,3.1027353,37.147396,0.0,0.0
2019-07-01 01:00:00,16.31,298.08386,1001.0754,3.9484062,31.295029,0.0,0.0
2019-07-01 02:00:00,16.21,300.64227,1000.3282,4.177476,27.180136,0.0,0.0
2019-07-01 03:00:00,16.06,302.85345,999.3152,4.240393,24.30465,0.0,0.0
2019-07-01 04:00:00,15.63,304.1423,997.8314,3.414799,22.116194,0.0,0.0
2019-07-01 05:00:00,15.42,304.67722,996.4451,2.2473722,20.559017,0.0,0.0
2019-07-01 06:00:00,14.93,305.00735,995.4114,1.719209,19.557745,0.0,0.0
2019-07-01 07:00:00,14.49,305.37244,994.98303,1.7714795,18.815777,0.0,0.0
2019-07-01 08:00:00,14.85,305.1383,995.09235,1.5254823,18.85837,0.0,0.0
2019-07-01 09:00:00,15.25,304.5217,995.5661,1.3878019,19.58418,0.0,0.0
2019-07-01 10:00:00,15.78,303.23294,996.294,2.3430078,21.392609,0.0,0.0
2019-07-01 11:00:00,15.99,301.36096,996.96436,2.8832252,24.226233,0.0,0.0
2019-07-01 12:00:00,16.26,299.82806,997.4738,3.0429811,26.691841,0.0,0.0
2019-07-01 13:00:00,16.74,298.54718,997.8816,3.1558251,28.839466,0.0,0.0
2019-07-01 14:00:00,17.12,297.40335,998.13257,3.1695666,30.83102,0.0,0.0
2019-07-01 15:00:00,17.22,296.40375,997.97375,2.993052,32.65316,0.0,0.0
2019-07-01 16:00:00,17.01,295.51004,997.9219,2.8060338,34.360706,0.0,0.0
2019-07-01 17:00:00,16.61,294.68655,997.4536,2.765578,35.916348,0.0,0.0
2019-07-01 18:00:00,16.39,293.99225,997.26013,2.9725318,37.14781,0.0,0.0
2019-07-01 19:00:00,15.85,293.15808,997.19037,3.4550233,38.936512,0.0,0.0
2019-07-01 20:00:00,15.49,292.52466,997.3212,3.4383066,40.38723,0.0,0.0
2019-07-01 21:00:00,15.45,292.03333,997.5376,3.487697,41.476116,0.0,0.0
2019-07-01 22:00:00,15.56,291.6491,997.8485,3.599912,42.24489,0.0,0.0
2019-07-01 23:00:00,15.54,292.1979,998.77094,3.5844307,40.609352,0.0,0.0
2019-07-02 00:00:00,15.43,295.41092,999.52826,4.0174723,32.993793,0.0,0.0
2019-07-02 01:00:00,15.2,298.80142,999.91406,4.7124305,26.56683,0.0,0.0
2019-07-02 02:00:00,15.19,301.58984,999.2463,4.7710514,22.194649,0.0,0.0
2019-07-02 03:00:00,14.86,303.3688,998.3978,4.373167,19.735619,0.0,0.0
2019-07-02 04:00:00,14.48,304.1001,997.17236,3.0752811,18.832687,0.0,0.0
2019-07-02 05:00:00,14.24,304.61646,996.16406,2.6029541,17.922367,0.0,0.0
2019-07-02 06:00:00,14.18,304.9428,995.59875,2.40993,16.989717,0.0,0.0
2019-07-02 07:00:00,14.08,305.18732,995.61084,1.9675939,16.474346,0.0,0.0
2019-07-02 08:00:00,14.45,304.91205,995.6866,1.9576195,16.305017,0.0,0.0
2019-07-02 09:00:00,14.61,304.18008,996.19763,1.8724091,16.84547,0.0,0.0
2019-07-02 10:00:00,14.57,302.78955,996.7436,2.2801208,18.35872,0.0,0.0
2019-07-02 11:00:00,14.46,301.03583,997.3262,2.733208,20.453806,0.0,0.0
2019-07-02 12:00:00,14.58,299.3606,997.97327,2.8913739,22.559898,0.0,0.0
2019-07-02 13:00:00,14.63,297.95688,998.36633,3.0125701,24.332989,0.0,0.0
2019-07-02 14:00:00,14.64,296.76117,998.59424,3.0337596,25.807005,0.0,0.0
2019-07-02 15:00:00,14.4,295.72217,998.5027,2.93392,27.004707,0.0,0.0
2019-07-02 16:00:00,14.24,294.78064,998.48456,2.766842,28.097673,0.0,0.0
2019-07-02 17:00:00,13.86,293.90598,998.1736,2.671472,29.204794,0.0,0.0
2019-07-02 18:00:00,13.88,293.1654,997.88446,2.731236,30.088282,0.0,0.0
2019-07-02 19:00:00,13.49,291.65207,998.0164,2.061386,35.15883,0.0,0.0
2019-07-02 20:00:00,13.21,290.89508,998.0742,2.2883694,36.74336,0.0,0.0
2019-07-02 21:00:00,12.82,290.415,998.552,2.5822744,37.384354,0.0,0.0
2019-07-02 22:00:00,12.29,290.04456,999.21344,2.7762954,37.700756,0.0,0.0
2019-07-02 23:00:00,11.77,290.5385,1000.21893,2.7849982,36.04537,0.0,0.0
2019-07-03 00:00:00,12.35,294.3803,1000.8187,3.1322064,27.406042,0.0,0.0
2019-07-03 01:00:00,12.21,297.85098,1000.9392,4.3667126,21.74935,0.0,0.0
2019-07-03 02:00:00,12.09,300.55304,1000.2865,5.0070443,18.149534,0.0,0.0
2019-07-03 03:00:00,11.72,302.62057,999.3931,4.9953766,15.767658,0.0,0.0
2019-07-03 04:00:00,11.31,303.76193,998.2447,3.926411,14.802869,0.0,0.0
2019-07-03 05:00:00,11.15,304.32385,997.2955,2.834308,14.291146,0.0,0.0
2019-07-03 06:00:00,11.19,304.65277,996.8567,2.3869593,13.680222,0.0,0.0
2019-07-03 07:00:00,11.46,304.98694,996.83716,2.0992384,12.748726,0.0,0.0
2019-07-03 08:00:00,11.74,304.74802,996.7944,2.4417794,12.7836895,0.0,0.0
2019-07-03 09:00:00,11.7,303.82544,997.41174,2.4182496,13.571151,0.0,0.0
2019-07-03 10:00:00,11.9,302.05676,997.89264,2.8097029,15.256254,0.0,0.0
2019-07-03 11:00:00,11.98,300.35248,998.54565,3.2290406,16.982292,0.0,0.0
2019-07-03 12:00:00,11.78,298.83316,998.97565,3.6093674,18.449907,0.0,0.0
2019-07-03 13:00:00,11.8,297.64606,999.2908,3.8067594,19.44459,0.0,0.0
2019-07-03 14:00:00,11.72,296.69647,999.47943,3.9542494,20.157856,0.0,0.0
2019-07-03 15:00:00,11.52,295.90945,999.58765,4.162883,20.763142,0.0,0.0
2019-07-03 16:00:00,11.47,295.27087,999.86914,4.635434,21.262047,0.0,0.0
2019-07-03 17:00:00,11.38,294.6987,999.58936,5.1259794,21.612041,0.0,0.0
2019-07-03 18:00:00,11.31,294.16095,999.46655,5.4180365,21.833515,0.0,0.0
2019-07-03 19:00:00,10.81,293.04236,999.6958,5.1561575,23.173914,0.0,0.0
2019-07-03 20:00:00,10.65,292.41675,999.9172,5.175089,23.857853,0.0,0.0
2019-07-03 21:00:00,10.68,291.90155,1000.32886,5.1681504,24.510544,0.0,0.0
2019-07-03 22:00:00,10.53,291.46307,1000.8179,5.17736,25.121426,0.0,0.0
2019-07-03 23:00:00,10.49,291.8774,1001.6269,5.2686353,24.349056,0.0,0.0
2019-07-04 00:00:00,10.38,294.35742,1002.17737,5.969825,20.45311,0.0,0.0
2019-07-04 01:00:00,10.48,297.22656,1002.1889,6.887287,16.63789,0.0,0.0
2019-07-04 02:00:00,10.69,299.82166,1001.71674,7.208563,13.953097,0.0,0.0
2019-07-04 03:00:00,10.49,301.65887,1000.66034,7.1708274,12.571785,0.0,0.0
2019-07-04 04:00:00,10.21,302.80127,999.6206,6.311174,11.900837,0.0,0.0
2019-07-04 05:00:00,10.29,303.49057,998.71,5.350643,11.563234,0.0,0.0
2019-07-04 06:00:00,10.04,303.80164,997.96436,4.68563,11.272943,0.0,0.0
2019-07-04 07:00:00,10.13,303.9865,997.4625,4.346007,11.366508,0.0,0.0
2019-07-04 08:00:00,10.0,303.57904,997.56134,4.1562133,11.507676,0.0,0.0
2019-07-04 09:00:00,10.02,302.37418,998.12524,3.2430568,12.445588,0.0,0.0
2019-07-04 10:00:00,10.24,300.42078,998.65063,3.3042166,14.144518,0.0,0.0
2019-07-04 11:00:00,10.37,298.8562,999.1953,3.7467787,15.686123,0.0,0.0
2019-07-04 12:00:00,10.58,297.55527,999.6653,4.240876,17.01626,0.0,0.0
2019-07-04 13:00:00,10.49,296.4834,999.9311,4.610083,18.02457,0.0,0.0
2019-07-04 14:00:00,10.32,295.5509,1000.09424,4.8397527,18.789816,0.0,0.0
2019-07-04 15:00:00,10.29,294.6844,1000.03625,4.924125,19.490469,0.0,0.0
2019-07-04 16:00:00,10.42,293.8507,1000.03143,4.798143,20.190136,0.0,0.0
2019-07-04 17:00:00,10.38,293.0254,999.6164,4.5597124,20.871634,0.0,0.0
2019-07-04 18:00:00,10.18,292.26794,999.4838,4.4084225,21.456406,0.0,0.0
2019-07-04 19:00:00,9.85,290.95026,999.08545,3.8001437,25.209293,0.0,0.0
2019-07-04 20:00:00,9.56,290.1797,999.3258,3.7041602,26.609112,0.0,0.0
2019-07-04 21:00:00,9.54,289.50464,999.6318,3.7248912,27.808285,0.0,0.0
2019-07-04 22:00:00,9.65,288.9425,1000.32263,3.9249732,28.506958,0.0,0.0
2019-07-04 23:00:00,9.43,289.31537,1000.9991,4.088086,26.97881,0.0,0.0
2019-07-05 00:00:00,9.35,292.0711,1001.7469,4.7933,20.847794,0.0,0.0
2019-07-05 01:00:00,9.56,295.11862,1001.8164,5.380738,15.331599,0.0,0.0
2019-07-05 02:00:00,9.8,297.79953,1001.33295,5.6429286,11.913952,0.0,0.0
2019-07-05 03:00:00,9.65,299.59595,1000.2249,5.0889134,10.573993,0.0,0.0
2019-07-05 04:00:00,9.35,300.78644,998.93286,3.843688,9.894374,0.0,0.0
2019-07-05 05:00:00,9.26,301.6029,997.88794,2.7554557,9.626958,0.0,0.0
2019-07-05 06:00:00,9.36,302.0121,997.1442,1.8691586,9.69781,0.0,0.0
2019-07-05 07:00:00,9.31,302.48367,996.8694,1.4988542,9.756386,0.0,0.0
2019-07-05 08:00:00,8.99,302.26288,996.53357,1.5700774,9.981177,0.0,0.0
2019-07-05 09:00:00,8.88,301.58206,996.7586,1.6609905,10.460757,0.0,0.0
2019-07-05 10:00:00,9.08,300.34576,997.00867,1.9000392,11.501386,0.0,0.0
2019-07-05 11:00:00,9.35,298.86267,997.535,2.0734797,12.935943,0.0,0.0
2019-07-05 12:00:00,9.42,297.158,997.9266,2.3614173,14.708752,0.0,0.0
2019-07-05 13:00:00,9.67,295.569,998.4052,2.5769076,16.438894,0.0,0.0
2019-07-05 14:00:00,9.67,294.10846,998.3317,2.6342933,17.98956,0.0,0.0
2019-07-05 15:00:00,9.55,292.838,998.41516,2.5371168,19.253368,0.0,0.0
2019-07-05 16:00:00,9.27,291.71973,998.2395,2.4936984,20.217443,0.0,0.0
2019-07-05 17:00:00,9.06,290.72565,998.1925,2.446839,20.90593,0.0,0.0
2019-07-05 18:00:00,8.45,289.90216,998.10626,2.523998,21.182505,0.0,0.0
2019-07-05 19:00:00,7.6,288.91278,998.15015,2.7396975,22.180235,0.0,0.0
2019-07-05 20:00:00,6.88,288.10266,998.2609,2.7299147,22.312,0.0,0.0
2019-07-05 21:00:00,6.73,287.47345,998.45013,2.7530496,22.255672,0.0,0.0
2019-07-05 22:00:00,6.64,287.0184,998.9693,2.8794909,22.01616,0.0,0.0
2019-07-05 23:00:00,6.57,287.47632,999.5122,2.7891254,20.625153,0.0,0.0
2019-07-06 00:00:00,6.95,291.46405,1000.34814,2.920797,15.055887,0.0017217156,0.0
2019-07-06 01:00:00,7.15,296.0084,1000.8892,3.3257926,10.783987,0.0,0.0
2019-07-06 02:00:00,7.44,299.45715,1000.36127,3.9535434,8.871196,0.0,0.0
2019-07-06 03:00:00,7.38,301.61438,999.6672,4.3974094,8.225438,0.0,0.0
2019-07-06 04:00:00,7.2,302.56052,998.4889,3.5871165,8.335009,0.0,0.0
2019-07-06 05:00:00,7.29,303.1549,997.6035,3.0120776,8.634143,0.0,0.0
2019-07-06 06:00:00,7.15,303.49847,997.0569,2.6593442,8.630895,0.0,0.0
2019-07-06 07:00:00,7.12,303.6822,996.9895,2.3812842,9.145571,0.0,0.0
2019-07-06 08:00:00,7.04,303.44446,997.02716,2.4101572,9.409608,0.0,0.0
2019-07-06 09:00:00,7.29,302.583,997.35913,2.0525568,10.123693,0.0,0.0
2019-07-06 10:00:00,7.33,301.15765,998.03217,2.3653555,11.36071,0.0,0.0
2019-07-06 11:00:00,7.48,299.2798,998.665,2.838473,13.118312,0.0,0.0
2019-07-06 12:00:00,7.73,297.47485,999.16974,3.2095637,14.977455,0.0,0.0
2019-07-06 13:00:00,8.34,296.0667,999.6911,3.4373822,16.587658,0.0,0.0
2019-07-06 14:00:00,8.64,294.95544,999.90466,3.4882894,17.956707,0.0,0.0
2019-07-06 15:00:00,8.75,293.97864,999.9364,3.3871183,19.220547,0.0,0.0
2019-07-06 16:00:00,8.71,292.99133,999.87164,3.2632723,20.58567,0.0,0.0
2019-07-06 17:00:00,8.96,292.0809,999.8083,3.2292964,21.99464,0.0,0.0
2019-07-06 18:00:00,8.87,291.25153,999.74054,3.2928066,23.47655,0.0,0.0
2019-07-06 19:00:00,8.69,290.0213,999.9455,3.5143423,26.315481,0.0,0.0
2019-07-06 20:00:00,8.84,289.25555,1000.10315,3.5414848,28.874947,0.0,0.0
2019-07-06 21:00:00,9.14,288.74713,1000.6548,3.5321286,31.256676,0.0,0.0
2019-07-06 22:00:00,9.33,288.39987,1000.90643,3.5876694,33.307625,0.0,0.0
2019-07-06 23:00:00,9.49,289.01855,1001.7713,3.4632218,33.11534,0.0,0.0
2019-07-07 00:00:00,10.85,292.53522,1002.4322,3.800359,27.157381,0.0,0.0
2019-07-07 01:00:00,10.93,296.48254,1002.805,4.716346,21.676811,0.0,0.0
2019-07-07 02:00:00,11.15,299.8271,1002.3117,5.581772,17.908754,0.0,0.0
2019-07-07 03:00:00,11.04,302.11102,1001.6035,6.502463,15.121701,0.0,0.0
2019-07-07 04:00:00,11.15,303.05127,1000.3908,6.040577,13.459034,0.0,0.0
2019-07-07 05:00:00,11.2,303.62732,999.5514,5.5428553,12.817931,0.0,0.0
2019-07-07 06:00:00,10.98,303.94125,999.12665,5.2846684,12.647793,0.0,0.0
2019-07-07 07:00:00,10.9,304.21576,998.84344,5.4542584,12.830944,0.0,0.0
2019-07-07 08:00:00,10.62,303.8545,999.16815,5.1711535,13.313969,0.0,0.0
2019-07-07 09:00:00,10.38,302.65933,999.61237,3.797961,14.458548,0.0,0.0
2019-07-07 10:00:00,10.38,300.68286,1000.1884,3.381926,16.368563,0.0,0.0
2019-07-07 11:00:00,10.62,299.20135,1000.9436,3.6198921,17.936684,0.0,0.0
2019-07-07 12:00:00,10.57,297.95154,1001.2372,4.120457,19.320831,0.0,0.0
2019-07-07 13:00:00,10.36,297.02545,1001.88367,4.66149,20.479353,0.0,0.0
2019-07-07 14:00:00,9.99,296.24823,1002.0686,4.988713,21.593548,0.0,0.0
2019-07-07 15:00:00,9.47,295.49265,1002.4189,4.935401,22.706772,0.0,0.0
2019-07-07 16:00:00,9.37,294.66095,1002.2703,4.8523464,23.847181,0.0,0.0
2019-07-07 17:00:00,9.65,293.85083,1002.29297,4.835653,24.929756,0.0,0.0
2019-07-07 18:00:00,9.75,293.11273,1002.2491,4.837665,26.010927,0.0,0.0
2019-07-07 19:00:00,9.48,291.87976,1002.1156,4.55168,29.640627,0.0,0.0
2019-07-07 20:00:00,9.77,291.28412,1002.52405,4.5494204,31.628693,0.0,0.0
2019-07-07 21:00:00,9.97,290.77588,1002.9764,4.486268,33.878548,0.0,0.0
2019-07-07 22:00:00,10.13,290.28326,1003.2864,4.2818913,36.332626,0.0,0.0
2019-07-07 23:00:00,10.25,290.60254,1004.0592,3.942552,36.929523,0.0,0.0
2019-07-08 00:00:00,10.66,293.44186,1004.53827,4.241605,31.679588,0.0017166138,0.0
2019-07-08 01:00:00,10.46,296.60007,1004.6897,5.353696,26.160612,0.0,0.0
2019-07-08 02:00:00,10.33,299.15417,1004.09143,6.6355214,22.037594,0.0,0.0
2019-07-08 03:00:00,10.29,300.826,1003.1464,7.401186,18.31884,0.0,0.0
2019-07-08 04:00:00,10.23,301.91248,1001.8906,6.7310214,16.305511,0.0,0.0
2019-07-08 05:00:00,10.06,302.65863,1000.8211,6.0571556,15.153663,0.0,0.0
2019-07-08 06:00:00,10.39,303.08044,1000.0997,5.5697165,14.542273,0.0,0.0
2019-07-08 07:00:00,10.33,303.3183,999.5005,5.472557,14.9151325,0.0,0.0
2019-07-08 08:00:00,10.5,302.9826,999.61896,5.253925,15.5654545,0.0,0.0
2019-07-08 09:00:00,10.59,301.8656,999.7316,4.066371,17.111603,0.0,0.0
2019-07-08 10:00:00,10.45,299.96112,1000.21295,3.5971901,19.658188,0.0,0.0
2019-07-08 11:00:00,10.34,298.59122,1000.4858,3.8423114,21.86371,0.0,0.0
2019-07-08 12:00:00,10.25,297.41888,1000.9373,4.1428046,23.949238,0.0,0.0
2019-07-08 13:00:00,10.85,296.4076,1001.09674,4.402269,25.763262,0.0,0.0
2019-07-08 14:00:00,11.19,295.54645,1001.4461,4.5716977,27.230013,0.0,0.0
2019-07-08 15:00:00,11.63,294.7535,1001.2124,4.6537967,28.513046,0.0,0.0
2019-07-08 16:00:00,11.96,294.00812,1001.1795,4.5839725,29.824703,0.0,0.0
2019-07-08 17:00:00,12.08,293.30832,1001.16437,4.4482946,31.258467,0.0,0.0
2019-07-08 18:00:00,12.62,292.6574,1001.03217,4.316843,32.835567,0.0,0.0
2019-07-08 19:00:00,12.81,291.42346,1000.9203,3.9761589,35.54208,0.0,0.0
2019-07-08 20:00:00,13.12,290.75693,1000.6908,3.8832824,37.609596,0.0,0.0
2019-07-08 21:00:00,12.97,290.21442,1000.9515,3.8013961,39.664646,0.0,0.0
2019-07-08 22:00:00,13.51,289.74475,1001.23517,3.6987534,41.817898,0.0,0.0
2019-07-08 23:00:00,13.94,290.13873,1001.92596,3.4386635,41.92895,0.0,0.0
2019-07-09 00:00:00,14.03,293.0264,1002.58264,4.0249524,36.345657,0.0,0.0
2019-07-09 01:00:00,14.27,296.24353,1002.6779,4.8485427,31.59019,0.0,0.0
2019-07-09 02:00:00,14.69,299.11597,1002.06415,5.408976,27.86915,0.0,0.0
2019-07-09 03:00:00,14.94,301.14532,1000.8688,6.0246944,25.640991,0.0,0.0
2019-07-09 04:00:00,15.23,302.10898,999.7031,5.3222003,23.778334,0.0,0.0
2019-07-09 05:00:00,15.35,302.7307,998.59265,4.5676994,22.266813,0.0,0.0
2019-07-09 06:00:00,15.96,303.11047,998.0676,4.039283,21.21276,0.0,0.0
2019-07-09 07:00:00,15.83,303.25433,997.6644,3.145915,21.088125,0.0,0.0
2019-07-09 08:00:00,15.57,303.04572,997.8809,2.9077952,21.166502,0.0,0.0
2019-07-09 09:00:00,15.54,302.286,998.15784,2.3423307,22.18714,0.0,0.0
2019-07-09 10:00:00,15.29,300.82898,998.8872,2.6573553,24.491137,0.0,0.0
2019-07-09 11:00:00,15.41,299.33252,999.20264,3.163,27.133274,0.0,0.0
2019-07-09 12:00:00,15.8,298.1425,999.53326,3.6248648,29.420895,0.0,0.0
2019-07-09 13:00:00,16.12,297.18683,999.67456,3.9521852,31.364233,0.0,0.0
2019-07-09 14:00:00,16.12,296.38214,999.70294,4.1980195,33.060093,0.0,0.0
2019-07-09 15:00:00,16.05,295.71652,999.7049,4.38318,34.520626,0.0,0.0
2019-07-09 16:00:00,15.99,295.14493,999.6917,4.5999694,35.750797,0.0,0.0
2019-07-09 17:00:00,15.91,294.6198,999.6371,4.7936687,36.800983,0.0,0.0
2019-07-09 18:00:00,15.93,294.15775,999.7941,4.944762,37.62392,0.0,0.0
2019-07-09 19:00:00,15.94,292.21106,999.5732,3.300798,42.18098,0.0,0.0
2019-07-09 20:00:00,16.04,291.62427,999.91,3.3374424,43.60879,0.0,0.0
2019-07-09 21:00:00,15.82,291.12927,1000.386,3.5812168,44.801178,0.0,0.0
2019-07-09 22:00:00,15.69,290.7931,1001.19653,3.8436995,45.529522,0.0,0.0
2019-07-09 23:00:00,15.64,291.3032,1002.1961,3.7828588,43.83885,0.0,0.0
2019-07-10 00:00:00,16.14,294.0249,1002.80615,4.517593,36.648743,0.0,0.0
2019-07-10 01:00:00,16.27,297.10934,1003.15576,5.434508,30.026796,0.0,0.0
2019-07-10 02:00:00,16.26,299.89456,1002.6292,6.1650577,24.883453,0.0,0.0
2019-07-10 03:00:00,15.97,301.7412,1001.58026,6.5853596,21.948097,0.0,0.0
2019-07-10 04:00:00,15.69,302.64917,1000.5496,5.651099,20.734726,0.0,0.0
2019-07-10 05:00:00,15.69,303.1383,999.6431,4.9411945,19.705896,0.0,0.0
2019-07-10 06:00:00,15.3,303.41177,999.0689,4.736231,18.81364,0.0,0.0
2019-07-10 07:00:00,14.99,303.10486,998.68945,4.698183,18.056145,0.0,0.0
2019-07-10 08:00:00,14.37,302.75064,998.6928,4.8811226,17.897032,0.0,0.0
2019-07-10 09:00:00,13.97,301.7954,999.3092,4.252743,18.551004,0.0,0.0
2019-07-10 10:00:00,13.67,300.03857,999.665,3.9272723,20.30758,0.0,0.0
2019-07-10 11:00:00,13.39,298.75858,1000.28455,4.2786875,21.536772,0.0,0.0
2019-07-10 12:00:00,13.22,297.72833,1000.9856,4.6984243,22.462498,0.0,0.0
2019-07-10 13:00:00,13.0,296.85925,1001.15924,4.980163,23.22395,0.0,0.0
2019-07-10 14:00:00,12.99,296.03644,1001.37476,5.107032,24.01866,0.0,0.0
2019-07-10 15:00:00,13.16,295.26575,1001.4835,5.2069583,24.863642,0.0,0.0
2019-07-10 16:00:00,13.14,294.5914,1001.7936,5.2595453,25.658787,0.0,0.0
2019-07-10 17:00:00,12.79,293.95917,1001.8131,5.2609444,26.169237,0.0,0.0
2019-07-10 18:00:00,12.2,293.35413,1001.76776,5.1491857,26.078568,0.0,0.0
2019-07-10 19:00:00,11.51,292.08142,1001.3564,4.7371407,29.061047,0.0,0.0
2019-07-10 20:00:00,11.03,291.53638,1001.7967,4.614594,28.923326,0.0,0.0
2019-07-10 21:00:00,10.68,291.00186,1002.41595,4.4385996,28.800354,0.0,0.0
2019-07-10 22:00:00,9.73,290.4771,1003.10956,4.3448944,28.781818,0.0,0.0
2019-07-10 23:00:00,8.47,290.7749,1003.873,4.13881,27.341219,0.0,0.0
2019-07-11 00:00:00,7.71,293.52704,1004.5254,4.5333104,21.913607,0.0017122029,0.0
2019-07-11 01:00:00,7.99,296.7179,1004.919,5.214796,16.860836,0.0,0.0
2019-07-11 02:00:00,7.81,299.3612,1004.33905,6.192314,12.634401,0.0,0.0
2019-07-11 03:00:00,7.67,300.97095,1003.2815,7.885127,10.365873,0.0,0.0
2019-07-11 04:00:00,7.19,301.97836,1002.00024,8.015964,9.880595,0.0,0.0
2019-07-11 05:00:00,7.05,302.7068,1000.9888,7.6904874,9.250748,0.0,0.0
2019-07-11 06:00:00,6.88,303.1239,1000.2429,7.4022055,8.800275,0.0,0.0
2019-07-11 07:00:00,6.86,303.23868,999.70953,6.6331286,7.337889,0.0,0.0
2019-07-11 08:00:00,6.6,302.83722,999.8931,6.203045,7.715144,0.0,0.0
2019-07-11 09:00:00,6.72,301.58447,1000.40424,4.588729,8.8387985,0.0,0.0
2019-07-11 10:00:00,7.29,299.49707,1001.00134,3.8594003,10.587786,0.0,0.0
2019-07-11 11:00:00,7.93,298.02295,1001.8756,3.9505317,12.14292,0.0,0.0
2019-07-11 12:00:00,8.59,296.83362,1002.63916,4.1889157,13.554072,0.0,0.0
2019-07-11 13:00:00,9.2,295.80368,1003.0672,4.3599377,14.786214,0.0,0.0
2019-07-11 14:00:00,9.4,294.87775,1003.20544,4.3856435,15.75838,0.0,0.0
2019-07-11 15:00:00,9.4,293.91504,1002.96967,4.318969,16.577635,0.0,0.0
2019-07-11 16:00:00,9.45,293.0422,1002.8278,4.285577,17.28463,0.0,0.0
2019-07-11 17:00:00,9.37,292.27643,1002.55756,4.2575784,17.927559,0.0,0.0
2019-07-11 18:00:00,9.06,291.5868,1002.4261,4.2877913,18.487907,0.0,0.0
2019-07-11 19:00:00,8.64,290.25256,1002.27203,4.2252717,20.960495,0.0,0.0
2019-07-11 20:00:00,8.89,289.6238,1002.1043,4.1666226,21.881237,0.0,0.0
2019-07-11 21:00:00,9.67,289.0996,1002.3739,3.9443994,22.736763,0.0,0.0
2019-07-11 22:00:00,10.48,288.61963,1002.80273,3.7548025,23.66029,0.0,0.0
2019-07-11 23:00:00,11.05,288.95712,1003.4739,3.3812013,23.480417,0.0,0.0
2019-07-12 00:00:00,12.37,291.9801,1004.4567,3.6251693,19.326084,0.0013047354,0.0
2019-07-12 01:00:00,12.89,295.2305,1004.68964,4.2321973,16.015211,0.0,0.0
2019-07-12 02:00:00,13.63,298.1719,1004.1739,4.796434,14.404991,0.0,0.0
2019-07-12 03:00:00,14.06,300.5332,1003.4422,5.3910275,15.154738,0.0,0.0
2019-07-12 04:00:00,13.84,302.07056,1001.6055,5.7737637,17.400537,0.0,0.0
2019-07-12 05:00:00,13.38,302.84772,1000.6432,5.27585,18.598661,0.0,0.0
2019-07-12 06:00:00,12.93,303.2232,999.6381,4.777362,18.329088,0.0,0.0
2019-07-12 07:00:00,12.96,303.6192,998.9076,4.5760407,16.928873,0.0,0.0
2019-07-12 08:00:00,12.82,303.33575,998.8684,4.542969,17.20606,0.0,0.0
2019-07-12 09:00:00,12.79,302.34296,999.2272,3.6706994,18.300482,0.0,0.0
2019-07-12 10:00:00,12.78,300.4904,1000.13873,3.3985538,20.51669,0.0,0.0
2019-07-12 11:00:00,12.75,299.13104,1000.60376,3.7304294,22.246595,0.0,0.0
2019-07-12 12:00:00,12.43,298.04514,1001.3275,4.095234,23.586681,0.0,0.0
2019-07-12 13:00:00,12.41,297.13452,1001.585,4.427266,24.6156,0.0,0.0
2019-07-12 14:00:00,12.36,296.3291,1001.877,4.723146,25.360098,0.0,0.0
2019-07-12 15:00:00,12.28,295.5672,1001.93976,5.019246,25.702555,0.0,0.0
2019-07-12 16:00:00,11.92,294.90155,1002.0426,5.3398976,25.335323,0.0,0.0
2019-07-12 17:00:00,11.72,294.38214,1001.91547,5.7008543,24.00344,0.0,0.0
2019-07-12 18:00:00,11.28,293.95624,1001.71826,5.927411,22.0455,0.0,0.0
2019-07-12 19:00:00,10.51,292.69165,1001.8306,5.0582943,26.121437,0.0,0.0
2019-07-12 20:00:00,10.17,292.09558,1002.0016,4.8569703,26.216576,0.0,0.0
2019-07-12 21:00:00,9.79,291.4989,1002.56366,4.5479193,26.432615,0.0,0.0
2019-07-12 22:00:00,9.48,290.87045,1003.1989,4.3342075,26.448387,0.0,0.0
2019-07-12 23:00:00,9.23,290.97687,1003.8939,4.4146338,24.872536,0.0,0.0
2019-07-13 00:00:00,8.31,293.36078,1004.70654,5.4260254,19.898495,0.0,0.0
2019-07-13 01:00:00,8.59,296.1718,1005.02795,6.460253,15.958155,0.0,0.0
2019-07-13 02:00:00,9.55,298.83215,1004.3547,7.101127,13.236098,0.0,0.0
2019-07-13 03:00:00,10.32,300.95053,1003.3203,7.8884106,11.644571,0.0,0.0
2019-07-13 04:00:00,10.59,302.2116,1001.8683,7.7364984,11.342711,0.0,0.0
2019-07-13 05:00:00,10.62,302.95325,1000.78906,7.1363335,10.82403,0.0,0.0
2019-07-13 06:00:00,10.44,303.32867,999.8625,6.9618564,9.934881,0.0,0.0
2019-07-13 07:00:00,10.11,303.4527,999.40186,6.5910206,9.483158,0.0,0.0
2019-07-13 08:00:00,9.23,303.006,999.49097,6.822229,9.23245,0.0,0.0
2019-07-13 09:00:00,8.27,301.74066,999.9215,5.8889894,9.584735,0.0,0.0
2019-07-13 10:00:00,8.01,299.86902,1000.6978,5.6456523,10.595912,0.0,0.0
2019-07-13 11:00:00,8.1,298.537,1001.2185,5.8598733,11.602675,0.0,0.0
2019-07-13 12:00:00,8.31,297.42584,1002.16205,5.847696,12.800503,0.0,0.0
2019-07-13 13:00:00,8.65,296.33307,1002.35455,5.5522456,14.202124,0.0,0.0
2019-07-13 14:00:00,8.42,295.24518,1002.8228,5.102826,15.730564,0.0,0.0
2019-07-13 15:00:00,8.52,294.1557,1002.59143,4.915902,17.32784,0.0,0.0
2019-07-13 16:00:00,8.64,293.2539,1002.77625,4.938664,18.696503,0.0,0.0
2019-07-13 17:00:00,8.77,292.47797,1002.5653,4.9356246,19.694723,0.0,0.0
2019-07-13 18:00:00,8.74,291.74896,1002.52704,4.748385,20.537626,0.0,0.0
2019-07-13 19:00:00,8.68,290.7386,1002.34045,4.4573097,21.920464,0.0,0.0
2019-07-13 20:00:00,9.02,290.1216,1002.72675,4.465193,22.93699,0.0,0.0
2019-07-13 21:00:00,9.28,289.5943,1003.27374,4.571535,24.13823,0.0,0.0
2019-07-13 22:00:00,9.52,289.1894,1004.1177,4.7955112,25.517591,0.0,0.0
2019-07-13 23:00:00,9.63,289.71945,1004.90924,5.1556444,25.71391,0.0,0.0
2019-07-14 00:00:00,9.29,292.12567,1005.61774,6.198933,23.374538,0.0,0.0
2019-07-14 01:00:00,9.43,294.33667,1005.8281,8.036291,21.881033,0.0,0.0
2019-07-14 02:00:00,9.79,296.0788,1005.2004,8.687692,20.72479,0.0,0.0
2019-07-14 03:00:00,9.67,297.5523,1004.22327,8.386058,19.167528,0.0,0.0
2019-07-14 04:00:00,9.54,298.7249,1002.6944,7.820903,17.509785,0.0,0.0
2019-07-14 05:00:00,9.35,299.6217,1001.65607,7.3294415,16.095665,0.0,0.0
2019-07-14 06:00:00,9.27,300.11902,1000.6783,7.0776634,15.173641,0.0,0.0
2019-07-14 07:00:00,9.07,300.55423,1000.14185,7.1971936,14.181349,0.0,0.0
2019-07-14 08:00:00,8.67,300.09033,999.94305,7.1553097,14.576818,0.0,0.0
2019-07-14 09:00:00,8.64,298.97937,1000.4233,6.0112004,15.712791,0.0,0.0
2019-07-14 10:00:00,8.54,297.31302,1000.943,5.500873,17.468826,0.0,0.0
2019-07-14 11:00:00,8.39,296.10452,1001.658,5.611336,18.750853,0.0,0.0
2019-07-14 12:00:00,8.41,295.05457,1002.1934,5.7258005,19.78256,0.0,0.0
2019-07-14 13:00:00,8.02,294.10336,1002.6206,5.7744594,20.62542,0.0,0.0
2019-07-14 14:00:00,7.8,293.1996,1002.8947,5.7214017,21.328695,0.0,0.0
2019-07-14 15:00:00,7.6,292.3318,1003.10156,5.566292,21.774778,0.0,0.0
2019-07-14 16:00:00,7.28,291.4795,1003.0925,5.4334188,21.921211,0.0,0.0
2019-07-14 17:00:00,7.09,290.65628,1003.09534,5.1923113,21.935282,0.0,0.0
2019-07-14 18:00:00,6.41,289.83472,1003.0598,4.7734804,22.203121,0.0,0.0
2019-07-14 19:00:00,5.88,289.09158,1003.0176,4.7832227,23.987743,0.0,0.0
2019-07-14 20:00:00,5.61,288.46188,1003.345,4.94503,24.660835,0.0,0.0
2019-07-14 21:00:00,5.44,287.98657,1003.5561,5.258662,25.358454,0.0,0.0
2019-07-14 22:00:00,5.29,287.6468,1003.84094,5.630452,25.980064,0.0,0.0
2019-07-14 23:00:00,4.96,288.12338,1004.6414,5.8690467,25.290844,0.0,0.0
2019-07-15 00:00:00,5.07,289.97546,1005.1624,6.6913667,22.403366,0.0,0.0
2019-07-15 01:00:00,5.34,291.77234,1005.32416,8.154694,19.805922,0.0,0.0
2019-07-15 02:00:00,5.5,293.56567,1004.21436,8.235083,17.318823,0.0,0.0
2019-07-15 03:00:00,5.42,295.29816,1002.96826,7.713257,15.10168,0.0,0.0
2019-07-15 04:00:00,5.24,296.78757,1001.34064,7.0828137,13.266866,0.0,0.0
2019-07-15 05:00:00,5.22,297.9738,1000.1047,6.6480637,11.860758,0.0,0.0
2019-07-15 06:00:00,5.1,298.7359,999.28406,6.274311,10.941014,0.0,0.0
2019-07-15 07:00:00,5.0,299.36777,998.9291,5.8054047,9.837655,0.0,0.0
2019-07-15 08:00:00,4.8,299.16528,999.0039,5.67067,9.8010845,0.0,0.0
2019-07-15 09:00:00,4.75,298.0998,999.28064,4.7442727,10.543791,0.0,0.0
2019-07-15 10:00:00,4.96,296.20532,1000.09015,4.566804,12.033553,0.0,0.0
2019-07-15 11:00:00,5.42,294.86383,1000.71985,5.02715,13.209923,0.0,0.0
2019-07-15 12:00:00,5.68,293.8135,1001.53625,5.4912477,14.162259,0.0,0.0
2019-07-15 13:00:00,5.97,292.92355,1002.0736,5.8156924,15.013318,0.0,0.0
2019-07-15 14:00:00,6.35,292.0877,1002.0864,5.9064217,15.891923,0.0,0.0
2019-07-15 15:00:00,6.53,291.30902,1002.25995,5.7930865,16.864956,0.0,0.0
2019-07-15 16:00:00,6.65,290.568,1002.22986,5.4868803,17.980825,0.0,0.0
2019-07-15 17:00:00,6.85,289.84247,1002.2575,5.0533447,19.261549,0.0,0.0
2019-07-15 18:00:00,6.67,289.1206,1002.20435,4.678034,20.682564,0.0,0.0
2019-07-15 19:00:00,6.32,288.07965,1001.79736,4.3461823,22.202652,0.0,0.0
2019-07-15 20:00:00,6.55,287.45276,1001.9263,4.2984633,23.694777,0.0,0.0
2019-07-15 21:00:00,6.34,287.00354,1002.24805,4.360374,24.908676,0.0,0.0
2019-07-15 22:00:00,6.32,286.725,1002.82263,4.5761194,25.716272,0.0,0.0
2019-07-15 23:00:00,6.35,287.38562,1003.70514,4.7338767,24.751133,0.0,0.0
2019-07-16 00:00:00,6.57,289.94757,1004.30646,5.64234,20.820501,0.0,0.0
2019-07-16 01:00:00,7.17,292.2696,1004.4772,7.259864,17.873701,0.0,0.0
2019-07-16 02:00:00,7.74,294.3501,1003.7548,7.601209,15.613142,0.0,0.0
2019-07-16 03:00:00,8.0,296.25995,1002.65533,7.2845244,13.7690935,0.0,0.0
2019-07-16 04:00:00,8.06,297.88824,1001.2978,6.7687383,12.438897,0.0,0.0
2019-07-16 05:00:00,8.13,299.10138,1000.1144,6.128234,11.637096,0.0,0.0
2019-07-16 06:00:00,7.79,299.91,999.3947,5.5615206,11.218536,0.0,0.0
2019-07-16 07:00:00,7.39,300.5318,998.96844,5.1187625,10.30059,0.0,0.0
2019-07-16 08:00:00,7.12,300.3349,998.9984,5.101959,10.551391,0.0,0.0
2019-07-16 09:00:00,7.28,299.2844,999.3033,4.280035,11.383896,0.0,0.0
2019-07-16 10:00:00,7.56,297.35187,999.8606,4.1560593,12.908086,0.0,0.0
2019-07-16 11:00:00,7.86,295.99237,1000.4025,4.6347046,13.97847,0.0,0.0
2019-07-16 12:00:00,8.59,294.91162,1000.67346,5.170764,14.740908,0.0,0.0
2019-07-16 13:00:00,8.78,294.01718,1001.3939,5.377517,15.400115,0.0,0.0
2019-07-16 14:00:00,8.92,293.1317,1001.3856,5.306135,16.279547,0.0,0.0
2019-07-16 15:00:00,9.0,292.2829,1001.4866,5.1461315,17.458817,0.0,0.0
2019-07-16 16:00:00,9.19,291.49548,1001.3511,5.0545588,18.874949,0.0,0.0
2019-07-16 17:00:00,9.43,290.79178,1001.1733,4.8232574,20.410507,0.0,0.0
2019-07-16 18:00:00,9.25,290.13354,1000.7883,4.58675,21.97629,0.0,0.0
2019-07-16 19:00:00,9.03,289.37524,1000.4959,4.442472,23.688662,0.0,0.0
2019-07-16 20:00:00,8.89,288.75623,1000.1763,4.299557,25.27736,0.0,0.0
2019-07-16 21:00:00,9.01,288.2127,1000.3325,4.0665236,26.800295,0.0,0.0
2019-07-16 22:00:00,9.19,287.67657,1000.532,3.8979995,28.34629,0.0,0.0
2019-07-16 23:00:00,9.13,288.0664,1001.40875,3.7007887,28.17238,0.0,0.0
2019-07-17 00:00:00,8.99,290.8198,1001.85547,4.434773,23.794895,0.0012934208,0.0
2019-07-17 01:00:00,9.34,293.58722,1002.07733,5.5333257,19.977566,0.0,0.0
2019-07-17 02:00:00,9.75,296.037,1001.46533,6.2032976,17.09333,0.0,0.0
2019-07-17 03:00:00,9.79,298.12134,1000.4088,6.164673,14.623353,0.0,0.0
2019-07-17 04:00:00,9.59,299.82043,999.18146,5.83399,12.5561495,0.0,0.0
2019-07-17 05:00:00,9.35,301.07947,998.08325,5.4054933,11.086292,0.0,0.0
2019-07-17 06:00:00,9.47,301.87457,997.4448,5.067057,10.239266,0.0,0.0
2019-07-17 07:00:00,9.72,302.62628,997.1152,4.7910757,9.33294,0.0,0.0
2019-07-17 08:00:00,9.89,302.46664,997.03204,4.6068835,9.365403,0.0,0.0
2019-07-17 09:00:00,9.91,301.34186,997.15015,3.637347,10.130222,0.0,0.0
2019-07-17 10:00:00,9.81,299.22113,997.656,3.8047097,11.823636,0.0,0.0
2019-07-17 11:00:00,9.95,297.73383,997.9613,4.1767893,13.325686,0.0,0.0
2019-07-17 12:00:00,10.59,296.50623,998.48474,4.5581613,14.817272,0.0,0.0
2019-07-17 13:00:00,11.24,295.43982,998.5516,4.788307,16.349155,0.0,0.0
2019-07-17 14:00:00,11.66,294.50256,998.7286,4.872293,17.911295,0.0,0.0
2019-07-17 15:00:00,12.03,293.64493,998.6922,4.856081,19.487822,0.0,0.0
2019-07-17 16:00:00,12.48,292.87817,998.83923,4.7500477,21.030342,0.0,0.0
2019-07-17 17:00:00,12.64,292.14783,998.8002,4.626183,22.584387,0.0,0.0
2019-07-17 18:00:00,12.56,291.4887,998.78406,4.4929605,24.141035,0.0,0.0
2019-07-17 19:00:00,12.71,290.47498,998.72205,4.255746,26.240238,0.0,0.0
2019-07-17 20:00:00,12.68,289.854,998.8197,4.165728,28.077051,0.0,0.0
2019-07-17 21:00:00,12.9,289.34915,999.2579,4.0789075,29.800129,0.0,0.0
2019-07-17 22:00:00,13.04,288.90085,999.7508,4.0509224,31.37927,0.0,0.0
2019-07-17 23:00:00,13.14,289.35608,1000.3695,3.9472268,31.022251,0.0,0.0
2019-07-18 00:00:00,12.68,292.17133,1000.9197,4.7246194,26.21931,0.0017194116,0.0
2019-07-18 01:00:00,13.08,295.2069,1000.98944,5.748652,21.81821,0.0,0.0
2019-07-18 02:00:00,13.12,297.92426,1000.4295,6.0624905,18.633854,0.0,0.0
2019-07-18 03:00:00,13.13,300.1745,999.2325,5.7988224,15.827528,0.0,0.0
2019-07-18 04:00:00,13.2,301.9126,997.89557,5.0805416,13.365941,0.0,0.0
2019-07-18 05:00:00,13.28,303.1595,996.69745,4.1407065,11.625986,0.0,0.0
2019-07-18 06:00:00,13.33,303.92786,995.89813,3.2354686,10.624421,0.0,0.0
2019-07-18 07:00:00,13.01,304.67773,995.53284,2.2828612,9.957898,0.0,0.0
2019-07-18 08:00:00,12.88,304.5598,995.46094,1.6468067,9.901195,0.0,0.0
2019-07-18 09:00:00,12.91,303.93597,995.85205,1.6563333,10.387668,0.0,0.0
2019-07-18 10:00:00,12.46,302.08148,996.21185,2.9285357,11.946495,0.0,0.0
2019-07-18 11:00:00,12.28,299.82196,996.6827,3.291647,14.036157,0.0,0.0
2019-07-18 12:00:00,12.21,298.38583,997.29175,3.4897873,15.509699,0.0,0.0
2019-07-18 13:00:00,12.0,297.3134,997.69214,3.6066616,16.681337,0.0,0.0
2019-07-18 14:00:00,11.76,296.53815,997.71545,3.607982,17.599207,0.0,0.0
2019-07-18 15:00:00,11.71,295.74973,997.64514,3.5785031,18.659943,0.0,0.0
2019-07-18 16:00:00,11.89,294.9516,997.5938,3.5714798,19.815863,0.0,0.0
2019-07-18 17:00:00,11.75,294.35767,997.6728,3.5443673,20.691242,0.0,0.0
2019-07-18 18:00:00,11.47,293.68408,997.4168,3.565676,21.512436,0.0,0.0
2019-07-18 19:00:00,11.14,293.09726,997.34656,3.4973817,22.785036,0.0,0.0
2019-07-18 20:00:00,10.93,292.21698,997.15436,3.5420616,23.98844,0.0,0.0
2019-07-18 21:00:00,10.89,291.53864,997.3225,3.6026196,24.809254,0.0,0.0
2019-07-18 22:00:00,11.02,290.91028,997.6078,3.7753663,25.492468,0.0,0.0
2019-07-18 23:00:00,11.19,291.52527,998.46484,3.731827,24.207254,0.0,0.0
2019-07-19 00:00:00,11.68,294.64996,998.9344,4.0806646,19.61707,0.0,0.0
2019-07-19 01:00:00,12.12,298.34418,999.22906,4.8609614,15.467652,0.0,0.0
2019-07-19 02:00:00,12.28,301.35742,998.67053,4.9757657,12.759076,0.0,0.0
2019-07-19 03:00:00,12.25,303.65057,997.7897,4.965579,10.990949,0.0,0.0
2019-07-19 04:00:00,12.09,305.05713,996.6936,4.481505,9.9432125,0.0,0.0
2019-07-19 05:00:00,12.12,306.03052,995.68024,3.8506868,9.2585745,0.0,0.0
2019-07-19 06:00:00,11.67,306.66446,995.10657,3.2691538,8.917294,0.0,0.0
2019-07-19 07:00:00,11.57,306.7618,994.685,2.420363,9.994458,0.0,0.0
2019-07-19 08:00:00,11.46,306.59882,994.8624,1.8924953,10.134045,0.0,0.0
2019-07-19 09:00:00,11.95,305.8973,995.0769,1.3493153,10.669151,0.0,0.0
2019-07-19 10:00:00,12.29,304.36816,995.4175,1.782048,11.875231,0.0,0.0
2019-07-19 11:00:00,12.55,302.3841,995.837,2.5435152,13.62546,0.0,0.0
2019-07-19 12:00:00,12.67,300.34894,996.6992,2.9278457,15.631344,0.0,0.0
2019-07-19 13:00:00,12.47,298.55078,996.8635,3.141356,17.42045,0.0,0.0
2019-07-19 14:00:00,12.57,297.2105,997.3714,3.3095412,18.585514,0.0,0.0
2019-07-19 15:00:00,12.75,296.19775,997.14764,3.3511088,19.2684,0.0,0.0
2019-07-19 16:00:00,12.89,295.37405,997.2089,3.1590505,19.84736,0.0,0.0
2019-07-19 17:00:00,13.19,294.3932,997.02545,3.1456425,21.08997,0.0,0.0
2019-07-19 18:00:00,13.85,293.35828,996.7319,3.3639805,23.406967,0.0,0.0
2019-07-19 19:00:00,14.81,291.99295,997.4157,2.5824614,28.499767,0.0,0.0
2019-07-19 20:00:00,15.32,291.19803,997.62036,2.3086295,33.164177,0.0,0.0
2019-07-19 21:00:00,15.78,290.55295,997.6343,2.3432696,38.20351,0.0,0.0
2019-07-19 22:00:00,15.93,289.97562,998.14197,2.37906,43.5328,0.0,0.0
2019-07-19 23:00:00,15.79,290.3986,998.7313,2.046744,46.09237,0.0,0.0
2019-07-20 00:00:00,16.16,293.78177,999.02124,2.177353,39.78475,0.0021398065,0.0
2019-07-20 01:00:00,16.33,297.3443,999.3328,2.288664,31.772093,0.0,0.0
2019-07-20 02:00:00,16.35,300.13147,998.88275,2.0662324,23.936111,0.0,0.0
2019-07-20 03:00:00,16.12,302.21658,997.8275,1.7467774,19.06874,0.0,0.0
2019-07-20 04:00:00,15.35,303.9373,996.6976,1.6210239,15.747605,0.0,0.0
2019-07-20 05:00:00,14.99,305.13293,995.7492,1.710449,13.903706,0.0,0.0
2019-07-20 06:00:00,14.63,305.8324,995.02313,1.9758668,12.975224,0.0,0.0
2019-07-20 07:00:00,14.16,305.86124,994.9883,2.2345562,13.319896,0.0,0.0
2019-07-20 08:00:00,13.86,305.65628,994.9624,2.3428643,13.369624,0.0,0.0
2019-07-20 09:00:00,13.8,304.8723,995.29767,2.1857166,13.9280615,0.0,0.0
2019-07-20 10:00:00,13.46,303.2796,995.6898,2.562547,15.380003,0.0,0.0
2019-07-20 11:00:00,13.02,301.72705,996.21265,2.7075078,16.93994,0.0,0.0
2019-07-20 12:00:00,12.87,300.50293,996.90643,2.4672277,18.349907,0.0,0.0
2019-07-20 13:00:00,12.71,299.0246,996.9208,1.9987482,20.6399,0.0,0.0
2019-07-20 14:00:00,12.97,297.80557,996.96515,1.639687,22.810843,0.0,0.0
2019-07-20 15:00:00,13.03,297.24045,996.8755,1.409268,23.397436,0.0,0.0
2019-07-20 16:00:00,13.13,296.66376,996.6872,1.315651,24.06276,0.0,0.0
2019-07-20 17:00:00,13.09,294.72302,996.39954,1.7021376,27.3974,0.0,0.0
2019-07-20 18:00:00,12.72,293.24298,996.0566,2.1515737,29.817936,0.0,0.0
2019-07-20 19:00:00,12.39,292.84134,996.21436,3.1438684,29.514652,0.0,0.0
2019-07-20 20:00:00,12.22,292.07254,996.2198,3.3259532,30.482847,0.0,0.0
2019-07-20 21:00:00,11.97,291.75793,996.72437,3.3946593,29.609594,0.0,0.0
2019-07-20 22:00:00,11.75,291.11215,997.0853,3.435495,29.249426,0.0,0.0
2019-07-20 23:00:00,11.57,291.38745,997.6747,3.2684684,27.669739,0.0,0.0
2019-07-21 00:00:00,11.54,294.12253,998.29877,3.7979865,22.37228,0.0017225742,0.0
2019-07-21 01:00:00,11.59,296.9525,998.3936,4.7896905,18.363972,0.0,0.0
2019-07-21 02:00:00,11.47,299.50555,997.8525,4.657673,15.704831,0.0,0.0
2019-07-21 03:00:00,11.12,301.7442,996.8181,4.0895996,13.766891,0.0,0.0
2019-07-21 04:00:00,10.88,303.57526,995.46704,3.3805087,12.440475,0.0,0.0
2019-07-21 05:00:00,10.91,304.79852,994.3627,2.5170367,11.775089,0.0,0.0
2019-07-21 06:00:00,10.96,305.43304,993.65295,1.8502992,11.439094,0.0,0.0
2019-07-21 07:00:00,10.93,305.69098,993.59845,2.3453283,12.327095,0.0,0.0
2019-07-21 08:00:00,10.91,305.46283,993.3205,2.7466152,12.364866,0.0,0.0
2019-07-21 09:00:00,11.37,304.48578,994.0284,2.7868006,13.151002,0.0,0.0
2019-07-21 10:00:00,11.46,302.33795,994.35706,3.2976055,15.180842,0.0,0.0
2019-07-21 11:00:00,11.66,300.6183,994.8967,3.5677614,17.27166,0.0,0.0
2019-07-21 12:00:00,11.82,299.179,995.35095,3.7382689,19.496264,0.0,0.0
2019-07-21 13:00:00,12.34,297.96216,995.6303,3.707569,21.650436,0.0,0.0
2019-07-21 14:00:00,12.88,296.83365,995.6033,3.6754303,23.686432,0.0,0.0
2019-07-21 15:00:00,12.94,295.78757,995.7404,3.7315767,25.569895,0.0,0.0
2019-07-21 16:00:00,12.91,294.88245,995.78235,3.6617343,27.229578,0.0,0.0
2019-07-21 17:00:00,12.93,293.9713,995.83673,3.5203872,28.964952,0.0,0.0
2019-07-21 18:00:00,12.93,293.15573,995.85236,3.5724297,30.597776,0.0,0.0
2019-07-21 19:00:00,12.72,292.0116,995.6678,4.1127567,33.403168,0.0,0.0
2019-07-21 20:00:00,12.85,291.33118,995.9495,3.9475477,34.704765,0.0,0.0
2019-07-21 21:00:00,13.03,290.6915,996.2825,3.428237,35.890095,0.0,0.0
2019-07-21 22:00:00,13.42,289.9745,997.04456,2.6439612,37.433388,0.0,0.0
2019-07-21 23:00:00,13.61,289.82098,997.8361,1.8377591,38.164265,0.0,0.0
2019-07-22 00:00:00,14.38,292.73413,998.4356,2.0663226,31.103727,0.0017195939,0.0
2019-07-22 01:00:00,14.57,295.5502,998.6799,2.396264,26.017397,0.0,0.0
2019-07-22 02:00:00,14.56,298.31458,998.2047,2.360736,21.75316,0.0,0.0
2019-07-22 03:00:00,14.2,300.78146,997.0275,2.3315928,18.379889,0.0,0.0
2019-07-22 04:00:00,14.07,302.77283,996.04,2.6017978,16.149551,0.0,0.0
2019-07-22 05:00:00,14.26,303.98267,995.0214,2.8631783,15.162155,0.0,0.0
2019-07-22 06:00:00,14.29,304.5841,994.4533,3.011775,14.612921,0.0,0.0
2019-07-22 07:00:00,14.1,304.792,994.4451,2.9083877,14.864641,0.0,0.0
2019-07-22 08:00:00,13.93,304.5409,994.7489,3.0245717,15.04252,0.0,0.0
2019-07-22 09:00:00,13.48,303.6673,995.05664,2.7284455,15.896465,0.0,0.0
2019-07-22 10:00:00,12.62,301.9176,995.71075,2.8518267,17.744785,0.0,0.0
2019-07-22 11:00:00,12.43,300.3686,996.2056,2.987013,19.464537,0.0,0.0
2019-07-22 12:00:00,12.5,298.97742,996.8694,3.0808766,21.07946,0.0,0.0
2019-07-22 13:00:00,12.56,297.724,997.32623,3.2067192,22.626726,0.0,0.0
2019-07-22 14:00:00,12.78,296.5622,997.5853,3.2371306,24.241009,0.0,0.0
2019-07-22 15:00:00,12.86,295.47256,997.48346,3.3465319,25.919405,0.0,0.0
2019-07-22 16:00:00,13.12,294.49585,997.6965,3.4029565,27.506086,0.0,0.0
2019-07-22 17:00:00,12.53,293.55963,997.6038,3.4700134,28.730858,0.0,0.0
2019-07-22 18:00:00,11.28,292.72992,997.28156,3.5896387,29.037046,0.0,0.0
2019-07-22 19:00:00,11.17,291.68744,997.0428,3.323978,30.802961,0.0,0.0
2019-07-22 20:00:00,11.2,290.927,997.18286,3.1063116,30.71661,0.0,0.0
2019-07-22 21:00:00,11.4,290.12317,997.42206,2.6892254,31.047127,0.0,0.0
2019-07-22 22:00:00,11.3,289.24805,998.1531,2.2610586,32.562576,0.0,0.0
2019-07-22 23:00:00,11.36,289.2186,998.93115,1.6753601,34.049686,0.0,0.0
2019-07-23 00:00:00,11.96,292.96365,999.5563,1.6233457,27.086336,0.0017166138,0.0
2019-07-23 01:00:00,12.35,296.75763,999.9907,2.0824966,22.506575,0.0,0.0
2019-07-23 02:00:00,12.09,300.27112,999.5239,2.7723753,18.81928,0.0,0.0
2019-07-23 03:00:00,11.68,302.98602,998.60034,3.204353,16.597414,0.0,0.0
2019-07-23 04:00:00,11.77,304.12302,997.24225,2.5325315,15.210281,0.0,0.0
2019-07-23 05:00:00,11.84,304.86746,996.2374,2.21417,13.3899765,0.0,0.0
2019-07-23 06:00:00,11.62,305.3368,995.4304,2.1136353,12.456877,0.0,0.0
2019-07-23 07:00:00,11.44,305.23242,995.06696,1.6146281,13.935433,0.0,0.0
2019-07-23 08:00:00,11.11,305.15042,995.3938,1.6359625,13.97085,0.0,0.0
2019-07-23 09:00:00,11.1,304.65475,995.8474,1.2685356,14.412278,0.0,0.0
2019-07-23 10:00:00,11.13,303.56628,996.2991,1.0769827,15.547684,0.0,0.0
2019-07-23 11:00:00,11.3,301.99756,996.9344,1.830013,17.426643,0.0,0.0
2019-07-23 12:00:00,11.31,300.3083,997.2406,2.7246943,19.235123,0.0,0.0
2019-07-23 13:00:00,11.53,298.5326,997.59344,3.075979,21.476238,0.0,0.0
2019-07-23 14:00:00,11.92,297.15466,997.82654,3.2044654,23.21261,0.0,0.0
2019-07-23 15:00:00,11.81,296.09082,997.8773,3.2721698,24.492628,0.0,0.0
2019-07-23 16:00:00,11.98,295.26846,997.8293,3.36665,25.416517,0.0,0.0
2019-07-23 17:00:00,12.17,294.85394,997.932,3.5396085,25.867456,0.0,0.0
2019-07-23 18:00:00,12.39,294.47568,997.7531,3.508373,26.690594,0.0,0.0
2019-07-23 19:00:00,12.73,292.76642,997.8055,3.774114,28.928816,0.0,0.0
2019-07-23 20:00:00,12.54,292.142,998.1144,3.7802994,30.029175,0.0,0.0
2019-07-23 21:00:00,12.4,291.77188,998.7367,3.6154783,30.623323,0.0,0.0
2019-07-23 22:00:00,12.24,291.44025,999.63666,3.5393195,30.92794,0.0,0.0
2019-07-23 23:00:00,12.19,291.9476,1000.5701,3.3313422,29.427126,0.0,0.0
2019-07-24 00:00:00,12.23,295.55774,1001.4088,3.3096895,22.556,0.0,0.0
2019-07-24 01:00:00,12.0,299.27228,1001.90515,4.5046215,16.50788,0.0,0.0
2019-07-24 02:00:00,11.74,302.34912,1001.46985,5.691004,12.978747,0.0,0.0
2019-07-24 03:00:00,11.66,304.732,1000.492,6.959051,10.871674,0.0,0.0
2019-07-24 04:00:00,11.89,305.84882,999.35693,6.781719,10.277332,0.0,0.0
2019-07-24 05:00:00,11.96,306.32397,998.6101,6.0768766,10.113494,0.0,0.0
2019-07-24 06:00:00,11.75,306.487,998.0796,5.6180897,9.937691,0.0,0.0
2019-07-24 07:00:00,11.94,306.41388,997.5595,5.4146347,10.6336565,0.0,0.0
2019-07-24 08:00:00,12.17,305.9835,997.9636,5.3211713,10.891834,0.0,0.0
2019-07-24 09:00:00,12.29,304.79675,998.32733,4.233229,11.690648,0.0,0.0
2019-07-24 10:00:00,12.43,302.64133,998.9934,3.6966736,13.243599,0.0,0.0
2019-07-24 11:00:00,12.61,301.04605,999.55865,3.8266711,14.413813,0.0,0.0
2019-07-24 12:00:00,13.39,299.711,1000.45984,4.1538396,15.281185,0.0,0.0
2019-07-24 13:00:00,13.55,298.64658,1000.79205,4.6760235,15.765203,0.0,0.0
2019-07-24 14:00:00,13.84,297.85577,1001.2312,5.160019,16.006742,0.0,0.0
2019-07-24 15:00:00,13.96,297.13214,1001.03345,5.1777377,16.32062,0.0,0.0
2019-07-24 16:00:00,13.82,296.3946,1001.2201,5.0136538,16.53533,0.0,0.0
2019-07-24 17:00:00,13.58,295.589,1001.01263,4.791616,16.394884,0.0,0.0
2019-07-24 18:00:00,12.97,294.7574,1001.0056,4.58903,15.8187,0.0,0.0
2019-07-24 19:00:00,12.67,293.13196,1000.8658,4.140371,20.457417,0.0,0.0
2019-07-24 20:00:00,12.47,292.36984,1000.84204,4.0815454,19.431423,0.0,0.0
2019-07-24 21:00:00,12.39,291.71655,1001.2583,4.016241,17.70295,0.0,0.0
2019-07-24 22:00:00,12.68,291.07883,1001.87115,3.9694262,15.919363,0.0,0.0
2019-07-24 23:00:00,13.17,291.44153,1002.33575,3.760275,13.603383,0.0,0.0
2019-07-25 00:00:00,12.96,294.4251,1002.98627,4.065967,9.64188,0.0,0.0
2019-07-25 01:00:00,13.09,297.5492,1002.9497,4.755165,7.2619257,0.0,0.0
2019-07-25 02:00:00,13.01,300.2182,1002.2697,5.0380983,6.1179376,0.0,0.0
2019-07-25 03:00:00,12.89,302.05737,1001.54236,4.9319763,5.6081204,0.0,0.0
2019-07-25 04:00:00,12.98,303.12384,1000.2003,4.190256,5.647107,0.0,0.0
2019-07-25 05:00:00,13.11,303.97723,999.28424,3.937336,5.7814174,0.0,0.0
2019-07-25 06:00:00,13.24,304.49695,998.3462,3.9918213,6.0434914,0.0,0.0
2019-07-25 07:00:00,13.52,304.82385,998.04517,4.033234,5.458281,0.0,0.0
2019-07-25 08:00:00,14.59,304.54565,998.16034,3.982205,5.7619348,0.0,0.0
2019-07-25 09:00:00,15.21,303.5382,998.34424,3.0722978,6.531184,0.0,0.0
2019-07-25 10:00:00,15.15,301.85352,998.66907,2.8588958,7.778017,0.0,0.0
2019-07-25 11:00:00,15.15,300.25745,998.9489,2.98243,9.149207,0.0,0.0
2019-07-25 12:00:00,15.02,298.76428,999.2391,3.172197,10.620147,0.0,0.0
2019-07-25 13:00:00,14.96,297.485,999.4361,3.2572799,12.139833,0.0,0.0
2019-07-25 14:00:00,14.99,296.35754,999.2512,3.2995825,13.760336,0.0,0.0
2019-07-25 15:00:00,14.86,295.38623,999.09717,3.3338456,15.450767,0.0,0.0
2019-07-25 16:00:00,15.25,294.55188,998.70135,3.3767505,17.167198,0.0,0.0
2019-07-25 17:00:00,15.25,293.83984,998.36206,3.36886,18.896254,0.0,0.0
2019-07-25 18:00:00,14.88,293.1682,998.1486,3.3403,20.670208,0.0,0.0
2019-07-25 19:00:00,14.51,291.57538,998.095,3.2103014,23.054081,0.0,0.0
2019-07-25 20:00:00,14.45,290.7513,998.1744,3.2301443,25.23407,0.0,0.0
2019-07-25 21:00:00,14.7,290.1508,998.41425,3.253737,27.14438,0.0,0.0
2019-07-25 22:00:00,14.82,289.71594,998.79956,3.2928524,28.873724,0.0,0.0
2019-07-25 23:00:00,15.29,290.30173,999.1957,3.0495188,28.903309,0.0,0.0
2019-07-26 00:00:00,16.96,293.83453,999.70264,3.339082,24.297356,0.0012755394,0.0
2019-07-26 01:00:00,17.36,297.6538,999.9444,3.854149,20.903358,0.0,0.0
2019-07-26 02:00:00,17.76,300.81238,999.36206,4.259689,19.550861,0.0,0.0
2019-07-26 03:00:00,17.92,302.98895,998.2658,4.5270896,18.373657,0.0,0.0
2019-07-26 04:00:00,17.91,304.10284,996.94507,3.7201848,16.734182,0.0,0.0
2019-07-26 05:00:00,17.79,304.75195,995.8681,2.8546774,15.861492,0.0,0.0
2019-07-26 06:00:00,17.64,305.13495,995.26685,2.0654023,15.464028,0.0,0.0
2019-07-26 07:00:00,17.71,305.31506,994.91565,1.4307228,14.366706,0.0,0.0
2019-07-26 08:00:00,17.77,305.13638,994.9395,1.2762194,14.5759,0.0,0.0
2019-07-26 09:00:00,18.07,304.64325,995.3389,1.2644023,15.096951,0.0,0.0
2019-07-26 10:00:00,18.36,303.5099,995.9445,1.8606595,16.267502,0.0,0.0
2019-07-26 11:00:00,18.77,302.04227,996.46265,2.4710994,17.775885,0.0,0.0
2019-07-26 12:00:00,18.97,300.357,996.8511,2.8006868,19.599508,0.0,0.0
2019-07-26 13:00:00,18.83,298.81326,997.4126,2.8402896,21.454046,0.0,0.0
2019-07-26 14:00:00,18.94,297.48273,997.5681,2.8513901,23.342619,0.0,0.0
2019-07-26 15:00:00,19.05,296.34967,997.6192,2.8327274,25.286045,0.0,0.0
2019-07-26 16:00:00,19.03,295.40176,997.4403,2.788068,27.198484,0.0,0.0
2019-07-26 17:00:00,19.03,294.59705,997.3054,2.6971574,28.991663,0.0,0.0
2019-07-26 18:00:00,18.79,293.90253,997.1147,2.7308767,30.487247,0.0,0.0
2019-07-26 19:00:00,18.86,292.7741,997.60986,2.9012134,34.120567,0.0,0.0
2019-07-26 20:00:00,18.71,292.06958,997.96045,2.8815448,35.836517,0.0,0.0
2019-07-26 21:00:00,18.95,291.5306,998.3684,3.0039775,37.030083,0.0,0.0
2019-07-26 22:00:00,19.03,291.09576,999.0229,3.17042,37.740826,0.0,0.0
2019-07-26 23:00:00,19.09,291.7484,999.56445,3.043605,35.75421,0.0,0.0
2019-07-27 00:00:00,19.15,295.4495,999.98016,3.376239,27.81933,0.0,0.0
2019-07-27 01:00:00,19.41,299.19147,1000.1351,4.016684,21.976713,0.0,0.0
2019-07-27 02:00:00,19.77,302.00488,999.59204,4.375979,19.334776,0.0,0.0
2019-07-27 03:00:00,19.92,303.92035,998.35345,4.5497565,18.19611,0.0,0.0
2019-07-27 04:00:00,19.96,305.057,997.27704,3.6918287,17.165543,0.0,0.0
2019-07-27 05:00:00,19.81,305.70358,996.29565,2.621589,16.565752,0.0,0.0
2019-07-27 06:00:00,19.48,306.06644,995.65814,1.8263727,16.152882,0.0,0.0
2019-07-27 07:00:00,19.36,306.27283,995.16187,1.5384455,15.616022,0.0,0.0
2019-07-27 08:00:00,19.42,306.0843,995.3289,1.3289752,15.671301,0.0,0.0
2019-07-27 09:00:00,19.48,305.5716,995.6669,1.0162568,16.12671,0.0,0.0
2019-07-27 10:00:00,19.23,304.51672,996.4448,0.54918814,17.283693,0.0,0.0
2019-07-27 11:00:00,18.88,303.46875,997.0172,0.6010628,19.2722,0.0,0.0
2019-07-27 12:00:00,18.82,301.57947,997.548,1.2875562,21.89733,0.0,0.0
2019-07-27 13:00:00,18.64,299.65887,997.9364,2.0195315,24.216461,0.0,0.0
2019-07-27 14:00:00,18.45,298.41998,998.14935,2.6462433,25.560606,0.0,0.0
2019-07-27 15:00:00,18.51,297.075,997.9084,2.874189,27.464346,0.0,0.0
2019-07-27 16:00:00,18.55,295.91873,997.87463,2.899538,29.113228,0.0,0.0
2019-07-27 17:00:00,18.46,294.99536,997.66736,2.918058,30.429026,0.0,0.0
2019-07-27 18:00:00,18.19,294.2305,997.4319,2.834244,31.587702,0.0,0.0
2019-07-27 19:00:00,18.14,293.1305,997.77625,2.4017348,34.044422,0.0,0.0
2019-07-27 20:00:00,17.88,292.11932,997.8959,1.9856973,36.58835,0.0,0.0
2019-07-27 21:00:00,17.74,291.32288,998.521,1.7481027,38.745262,0.0,0.0
2019-07-27 22:00:00,17.63,290.61908,999.09045,1.6485522,40.824146,0.0,0.0
2019-07-27 23:00:00,17.44,290.91272,999.8558,1.4405072,40.544647,0.0,0.0
2019-07-28 00:00:00,17.91,294.89285,1000.52795,1.4913234,30.648323,0.0017126028,0.0
2019-07-28 01:00:00,17.98,298.8412,1000.81036,1.5896201,23.641665,0.0,0.0
2019-07-28 02:00:00,17.72,302.1206,1000.2587,1.8293066,19.253553,0.0,0.0
2019-07-28 03:00:00,17.49,304.45654,999.2061,2.429042,16.616297,0.0,0.0
2019-07-28 04:00:00,17.34,305.79544,997.82263,2.4813464,15.183256,0.0,0.0
2019-07-28 05:00:00,16.96,306.46533,996.937,1.7804717,14.5463915,0.0,0.0
2019-07-28 06:00:00,17.01,306.7572,996.4277,0.81916153,14.0453,0.0,0.0
2019-07-28 07:00:00,17.21,306.89838,995.9183,0.27984312,14.284081,0.0,0.0
2019-07-28 08:00:00,17.28,306.7779,996.1303,1.0897257,14.237374,0.0,0.0
2019-07-28 09:00:00,17.55,306.26492,996.48486,1.6518817,14.643712,0.0,0.0
2019-07-28 10:00:00,17.56,304.8216,996.91174,2.399537,16.085659,0.0,0.0
2019-07-28 11:00:00,17.59,303.19403,997.2595,2.8775272,17.763384,0.0,0.0
2019-07-28 12:00:00,17.66,301.74255,997.7413,3.2116842,19.336267,0.0,0.0
2019-07-28 13:00:00,17.54,300.4471,997.8678,3.3696384,20.844837,0.0,0.0
2019-07-28 14:00:00,17.57,299.24487,997.90234,3.3075278,22.397366,0.0,0.0
2019-07-28 15:00:00,17.46,298.04465,997.7355,3.1630158,24.119143,0.0,0.0
2019-07-28 16:00:00,17.4,296.8996,997.71765,3.0922027,25.918255,0.0,0.0
2019-07-28 17:00:00,16.94,295.9051,997.5243,3.0812457,27.583603,0.0,0.0
2019-07-28 18:00:00,16.85,295.08563,997.5703,3.0239215,29.063356,0.0,0.0
2019-07-28 19:00:00,16.99,293.6957,997.4153,2.9817603,32.149246,0.0,0.0
2019-07-28 20:00:00,17.11,292.88922,997.762,3.0679038,33.915092,0.0,0.0
2019-07-28 21:00:00,17.13,292.41113,998.021,3.1309211,35.20046,0.0,0.0
2019-07-28 22:00:00,17.52,292.1093,998.55994,3.2595413,36.38978,0.0,0.0
2019-07-28 23:00:00,17.73,292.8852,999.2193,3.0157385,35.460194,0.0,0.0
2019-07-29 00:00:00,18.19,296.76764,999.4864,3.2968023,28.817019,0.0,0.0
2019-07-29 01:00:00,18.11,300.61618,999.7887,4.104222,23.913729,0.0,0.0
2019-07-29 02:00:00,17.74,303.4322,999.0676,4.676284,21.200108,0.0,0.0
2019-07-29 03:00:00,17.7,305.37213,998.15173,5.0112634,19.49782,0.0,0.0
2019-07-29 04:00:00,17.54,306.33344,996.6577,3.85673,17.467392,0.0,0.0
2019-07-29 05:00:00,17.19,306.80933,995.85205,2.4154139,16.30939,0.0,0.0
2019-07-29 06:00:00,16.92,307.01575,995.1967,1.453203,15.750763,0.0,0.0
2019-07-29 07:00:00,16.64,307.06464,994.91675,1.487865,14.991667,0.0,0.0
2019-07-29 08:00:00,16.47,306.89792,995.0466,1.7457637,14.982875,0.0,0.0
2019-07-29 09:00:00,16.45,306.31165,995.4511,1.7017341,15.441297,0.0,0.0
2019-07-29 10:00:00,16.29,305.00894,996.0248,2.0401423,16.83851,0.0,0.0
2019-07-29 11:00:00,16.13,303.44952,996.27954,2.6081662,18.648756,0.0,0.0
2019-07-29 12:00:00,16.07,301.80508,997.1309,2.8722506,20.66143,0.0,0.0
2019-07-29 13:00:00,16.3,300.39996,997.4361,2.8983352,22.44357,0.0,0.0
2019-07-29 14:00:00,16.75,299.1371,997.7533,2.79405,24.186798,0.0,0.0
2019-07-29 15:00:00,16.81,297.85736,997.6546,2.6358466,26.100805,0.0,0.0
2019-07-29 16:00:00,16.57,296.7097,997.4905,2.807193,27.756298,0.0,0.0
2019-07-29 17:00:00,16.0,295.72125,997.1386,2.8623784,29.013502,0.0,0.0
2019-07-29 18:00:00,15.08,294.95148,996.86115,2.7254856,29.816023,0.0,0.0
2019-07-29 19:00:00,14.46,293.75415,996.7901,2.7602017,31.792948,0.0,0.0
2019-07-29 20:00:00,14.14,292.9297,996.7221,2.9049492,33.234436,0.0,0.0
2019-07-29 21:00:00,14.14,292.1126,996.9528,2.4565794,34.940315,0.0,0.0
2019-07-29 22:00:00,13.95,291.37372,997.8566,2.5813563,36.60019,0.0,0.0
2019-07-29 23:00:00,13.83,291.79675,998.896,2.7693663,35.229588,0.0,0.0
2019-07-30 00:00:00,14.21,295.04727,999.6032,2.5528605,28.122034,0.0012755394,0.0
2019-07-30 01:00:00,14.54,298.74887,999.8748,2.2142327,22.138329,0.0,0.0
2019-07-30 02:00:00,14.62,301.60388,999.5159,1.6137471,18.614079,0.0,0.0
2019-07-30 03:00:00,14.5,303.68555,998.61,1.5236398,16.409096,0.0,0.0
2019-07-30 04:00:00,14.31,305.29852,997.1336,1.8310658,14.796099,0.0,0.0
2019-07-30 05:00:00,13.75,306.40265,996.2441,1.6821104,13.793903,0.0,0.0
2019-07-30 06:00:00,13.34,306.88684,995.3814,1.6424012,13.399705,0.0,0.0
2019-07-30 07:00:00,13.13,307.40857,994.81866,2.1013758,12.253614,0.0,0.0
2019-07-30 08:00:00,13.19,307.23346,994.7375,2.4637406,12.120056,0.0,0.0
2019-07-30 09:00:00,13.18,306.5245,995.2481,2.5468051,12.649094,0.0,0.0
2019-07-30 10:00:00,13.3,304.51672,996.0583,3.2898438,14.51772,0.0,0.0
2019-07-30 11:00:00,14.01,302.87885,996.77014,3.6450155,16.272118,0.0,0.0
2019-07-30 12:00:00,14.32,301.49475,997.41565,3.6326187,17.90942,0.0,0.0
2019-07-30 13:00:00,14.3,300.21774,997.8801,3.5228448,19.48058,0.0,0.0
2019-07-30 14:00:00,14.3,298.98602,997.9981,3.429898,20.940287,0.0,0.0
2019-07-30 15:00:00,14.1,297.85132,998.08484,3.530164,22.28289,0.0,0.0
2019-07-30 16:00:00,14.07,296.89114,998.11237,3.9373736,23.432531,0.0,0.0
2019-07-30 17:00:00,13.91,296.07123,998.0516,4.224874,24.485273,0.0,0.0
2019-07-30 18:00:00,13.73,295.3775,997.9114,4.516359,25.33007,0.0,0.0
2019-07-30 19:00:00,13.61,294.1068,998.4877,4.794524,27.09023,0.0,0.0
2019-07-30 20:00:00,13.32,293.53836,998.6858,4.5887,28.092014,0.0,0.0
2019-07-30 21:00:00,13.23,292.93268,998.90967,4.06114,29.332977,0.0,0.0
2019-07-30 22:00:00,13.36,292.2691,999.4883,3.6699722,30.78883,0.0,0.0
2019-07-30 23:00:00,13.44,292.6642,1000.33844,3.3579078,30.230947,0.0,0.0
2019-07-31 00:00:00,13.31,295.52158,1001.03235,3.8259037,25.073343,0.0,0.0
2019-07-31 01:00:00,13.38,298.63623,1001.4153,3.9918978,20.508068,0.0,0.0
2019-07-31 02:00:00,13.19,301.34198,1000.8077,3.654395,17.42285,0.0,0.0
2019-07-31 03:00:00,12.94,303.54694,999.7365,3.4582639,15.355557,0.0,0.0
2019-07-31 04:00:00,12.97,305.4493,998.3375,3.5712862,13.798256,0.0,0.0
2019-07-31 05:00:00,12.72,306.76324,997.23706,3.616051,12.648247,0.0,0.0
2019-07-31 06:00:00,12.68,307.22308,996.3468,3.1965446,12.126389,0.0,0.0
2019-07-31 07:00:00,12.42,307.59192,996.07794,3.6132438,11.088014,0.0,0.0
2019-07-31 08:00:00,12.61,307.29053,996.1682,3.8173492,11.223074,0.0,0.0
2019-07-31 09:00:00,12.54,306.36325,996.7063,3.4749722,11.895097,0.0,0.0
2019-07-31 10:00:00,12.48,304.34625,997.4966,3.4773264,13.517594,0.0,0.0
2019-07-31 11:00:00,12.35,302.76532,998.10126,3.8681607,14.981506,0.0,0.0
2019-07-31 12:00:00,12.58,301.48596,998.807,4.2981663,16.314949,0.0,0.0
2019-07-31 13:00:00,12.8,300.44617,999.2495,4.556987,17.466467,0.0,0.0
2019-07-31 14:00:00,12.8,299.55203,999.5126,4.8521953,18.458862,0.0,0.0
2019-07-31 15:00:00,12.64,298.78406,999.6241,5.1500177,19.240633,0.0,0.0
2019-07-31 16:00:00,12.47,298.159,999.56,5.526391,19.821873,0.0,0.0
2019-07-31 17:00:00,11.98,297.6372,999.4528,5.7899837,20.410585,0.0,0.0
2019-07-31 18:00:00,11.67,297.18744,999.31274,5.975499,21.0084,0.0,0.0
2019-07-31 19:00:00,11.39,295.44617,999.30304,4.928961,23.549759,0.0,0.0
2019-07-31 20:00:00,11.35,294.96686,999.4542,5.126495,24.343164,0.0,0.0
2019-07-31 21:00:00,11.39,294.58533,999.87585,5.3629265,25.072283,0.0,0.0
2019-07-31 22:00:00,11.7,294.35602,1000.7431,5.8853564,25.750858,0.0,0.0
2019-07-31 23:00:00,11.87,295.11456,1001.59625,6.383219,25.166208,0.0,0.0
2019-08-01 00:00:00,12.1,297.47437,1002.4973,7.1804194,22.414669,0.0025739549,0.0
2019-08-01 01:00:00,12.5,299.88043,1002.78284,8.735232,19.8689,0.0,0.0
2019-08-01 02:00:00,12.76,302.14874,1002.56354,9.155796,17.604963,0.0,0.0
2019-08-01 03:00:00,12.88,303.8557,1001.48096,9.789389,15.858303,0.0,0.0
2019-08-01 04:00:00,12.67,304.8047,1000.28186,9.384962,14.608719,0.0,0.0
2019-08-01 05:00:00,12.45,305.41312,999.4508,8.1786,13.4265375,0.0,0.0
2019-08-01 06:00:00,12.42,305.69812,998.9264,7.181141,12.629682,0.0,0.0
2019-08-01 07:00:00,12.25,305.59216,998.8289,6.595818,12.303451,0.0,0.0
2019-08-01 08:00:00,12.26,305.16,999.16205,6.3371835,12.649194,0.0,0.0
2019-08-01 09:00:00,12.55,304.12726,999.5182,5.269121,13.611877,0.0,0.0
2019-08-01 10:00:00,12.9,302.2808,1000.3998,4.4339476,15.386443,0.0,0.0
2019-08-01 11:00:00,13.07,300.90985,1000.8745,4.489753,16.880459,0.0,0.0
2019-08-01 12:00:00,13.61,299.81256,1001.6731,4.9104037,18.212532,0.0,0.0
2019-08-01 13:00:00,13.76,298.8932,1001.9736,5.451428,19.433151,0.0,0.0
2019-08-01 14:00:00,13.78,298.1068,1002.4852,5.8526087,20.546244,0.0,0.0
2019-08-01 15:00:00,13.81,297.33588,1002.5148,6.003207,21.566128,0.0,0.0
2019-08-01 16:00:00,14.08,296.6086,1002.6728,6.184464,22.387012,0.0,0.0
2019-08-01 17:00:00,14.01,295.93185,1002.5916,6.379169,22.958363,0.0,0.0
2019-08-01 18:00:00,13.93,295.31107,1002.41034,6.5051103,23.384892,0.0,0.0
2019-08-01 19:00:00,13.74,294.28387,1002.5372,6.1951494,24.546646,0.0,0.0
2019-08-01 20:00:00,13.57,293.76395,1002.97034,6.31488,25.000143,0.0,0.0
2019-08-01 21:00:00,13.65,293.23608,1003.391,6.2873483,25.703743,0.0,0.0
2019-08-01 22:00:00,13.19,292.745,1004.2946,6.133394,26.370499,0.0,0.0
2019-08-01 23:00:00,12.66,293.07776,1004.90125,5.7205043,25.538305,0.0,0.0
2019-08-02 00:00:00,13.44,294.73026,1005.6277,7.43678,22.18008,0.0,0.0
2019-08-02 01:00:00,12.68,296.53946,1005.6036,8.093629,18.822296,0.0,0.0
2019-08-02 02:00:00,12.04,298.50195,1005.177,7.837238,16.281868,0.0,0.0
2019-08-02 03:00:00,11.36,300.1748,1004.1926,7.479946,14.832692,0.0,0.0
2019-08-02 04:00:00,10.35,301.34354,1002.47766,6.915459,14.124465,0.0,0.0
2019-08-02 05:00:00,9.6,302.11182,1001.48456,6.4783516,13.745528,0.0,0.0
2019-08-02 06:00:00,8.64,302.39185,1000.5037,6.415217,13.261841,0.0,0.0
2019-08-02 07:00:00,8.21,302.39777,1000.4783,6.573835,12.289508,0.0,0.0
2019-08-02 08:00:00,8.05,301.72906,1000.5014,6.880204,12.3400135,0.0,0.0
2019-08-02 09:00:00,7.99,300.52502,1000.82916,6.2808332,13.062593,0.0,0.0
2019-08-02 10:00:00,7.85,298.81775,1001.5201,5.622535,14.421938,0.0,0.0
2019-08-02 11:00:00,7.79,297.48648,1001.98596,5.8779187,15.474828,0.0,0.0
2019-08-02 12:00:00,7.49,296.34503,1003.07513,6.1319947,16.380642,0.0,0.0
2019-08-02 13:00:00,6.98,295.25876,1003.29803,6.278185,17.327803,0.0,0.0
2019-08-02 14:00:00,6.73,294.26672,1004.06976,6.6342044,18.242954,0.0,0.0
2019-08-02 15:00:00,6.67,293.29688,1004.20703,6.8100157,18.585703,0.0,0.0
2019-08-02 16:00:00,6.38,292.38,1004.29626,6.543403,17.586224,0.0,0.0
2019-08-02 17:00:00,5.82,291.5001,1004.2447,6.1943893,15.833945,0.0,0.0
2019-08-02 18:00:00,5.41,290.6223,1004.3186,5.8254566,14.465152,0.0,0.0
2019-08-02 19:00:00,4.89,289.4306,1004.14984,4.772112,18.011036,0.0,0.0
2019-08-02 20:00:00,4.01,288.57053,1004.41705,4.778234,17.160437,0.0,0.0
2019-08-02 21:00:00,3.88,287.815,1004.3811,4.6425233,16.910192,0.0,0.0
2019-08-02 22:00:00,4.22,287.19946,1004.9336,4.478945,17.305676,0.0,0.0
2019-08-02 23:00:00,5.05,287.86093,1005.5003,4.4920583,16.811571,0.0,0.0
2019-08-03 00:00:00,5.71,290.47028,1005.96906,6.159286,15.2508545,0.0,0.0
2019-08-03 01:00:00,5.69,292.90924,1005.97955,7.926534,15.571073,0.0,0.0
2019-08-03 02:00:00,5.93,295.1288,1005.0767,8.581779,16.212446,0.0,0.0
2019-08-03 03:00:00,5.99,297.05743,1004.07477,8.848358,16.185982,0.0,0.0
2019-08-03 04:00:00,6.05,298.37122,1002.2314,8.06249,15.01525,0.0,0.0
2019-08-03 05:00:00,6.15,299.36444,1000.84875,7.225347,13.998641,0.0,0.0
2019-08-03 06:00:00,6.42,300.0056,999.8864,6.6685376,13.357094,0.0,0.0
2019-08-03 07:00:00,6.63,300.3026,999.3725,6.1868815,11.743727,0.0,0.0
2019-08-03 08:00:00,6.89,300.1128,999.33514,5.932144,11.952423,0.0,0.0
2019-08-03 09:00:00,7.15,299.30322,999.4277,4.936309,12.826541,0.0,0.0
2019-08-03 10:00:00,7.24,297.57404,1000.1703,4.028557,14.669888,0.0,0.0
2019-08-03 11:00:00,7.47,296.2288,1000.22876,4.266147,16.34053,0.0,0.0
2019-08-03 12:00:00,7.63,295.1917,1000.90515,4.6290574,17.7341,0.0,0.0
2019-08-03 13:00:00,7.9,294.28726,1001.13495,4.8202906,19.022734,0.0,0.0
2019-08-03 14:00:00,8.08,293.4759,1001.45264,4.867042,20.357063,0.0,0.0
2019-08-03 15:00:00,8.32,292.7189,1001.8643,4.693974,21.835678,0.0,0.0
2019-08-03 16:00:00,8.52,291.96582,1001.8315,4.3493247,23.458334,0.0,0.0
2019-08-03 17:00:00,8.43,291.22522,1001.8391,4.0545716,25.157646,0.0,0.0
2019-08-03 18:00:00,8.1,290.50873,1001.29297,3.9364274,26.875156,0.0,0.0
2019-08-03 19:00:00,8.03,289.34424,1001.41345,3.6436696,29.342014,0.0,0.0
2019-08-03 20:00:00,8.65,288.72928,1001.40857,3.8495336,31.24364,0.0,0.0
2019-08-03 21:00:00,9.17,288.38763,1001.5139,3.9811687,32.71497,0.0,0.0
2019-08-03 22:00:00,9.92,288.2073,1001.6514,4.0461974,33.98629,0.0,0.0
2019-08-03 23:00:00,10.76,289.18222,1002.10065,3.8661659,32.885216,0.0,0.0
2019-08-04 00:00:00,11.06,292.41418,1002.53394,4.709068,27.917322,0.0,0.0
2019-08-04 01:00:00,11.02,295.50906,1002.8286,5.9074388,24.0742,0.0,0.0
2019-08-04 02:00:00,11.0,298.1956,1002.52374,7.007204,20.592993,0.0,0.0
2019-08-04 03:00:00,11.18,300.33133,1001.755,7.80008,17.872152,0.0,0.0
2019-08-04 04:00:00,11.08,301.67203,1000.10986,7.4269533,17.090473,0.0,0.0
2019-08-04 05:00:00,11.04,302.4821,999.10016,6.4885836,16.525394,0.0,0.0
2019-08-04 06:00:00,10.71,302.94354,998.1191,5.6767592,15.762255,0.0,0.0
2019-08-04 07:00:00,10.31,302.87607,998.15814,4.554148,14.309056,0.0,0.0
2019-08-04 08:00:00,10.52,302.68225,997.9867,4.182099,14.407367,0.0,0.0
2019-08-04 09:00:00,10.41,301.96265,998.34546,3.1351676,15.200315,0.0,0.0
2019-08-04 10:00:00,10.38,300.2975,998.5592,2.771973,17.037285,0.0,0.0
2019-08-04 11:00:00,10.59,298.69214,999.08545,3.1095836,18.97332,0.0,0.0
2019-08-04 12:00:00,10.31,297.302,999.6664,3.460906,20.785427,0.0,0.0
2019-08-04 13:00:00,10.73,296.19543,999.7443,3.7026293,22.372528,0.0,0.0
2019-08-04 14:00:00,11.27,295.2904,999.90045,3.85179,23.871023,0.0,0.0
2019-08-04 15:00:00,11.73,294.53555,1000.0131,3.9332592,25.432945,0.0,0.0
2019-08-04 16:00:00,12.06,293.85132,1000.0192,3.913059,27.25338,0.0,0.0
2019-08-04 17:00:00,12.28,293.25012,1000.1152,3.9111614,29.24524,0.0,0.0
2019-08-04 18:00:00,12.73,292.70352,999.78955,3.8980834,31.166172,0.0,0.0
2019-08-04 19:00:00,12.56,291.6232,999.7483,3.5224254,33.95707,0.0,0.0
2019-08-04 20:00:00,12.45,291.10544,999.69037,3.459261,35.975143,0.0,0.0
2019-08-04 21:00:00,12.41,290.66547,999.9403,3.4281201,37.7359,0.0,0.0
2019-08-04 22:00:00,12.7,290.27386,1000.46936,3.3287067,39.474384,0.0,0.0
2019-08-04 23:00:00,12.91,291.14935,1000.83936,3.1081576,38.11949,0.0,0.0
2019-08-05 00:00:00,13.46,294.28638,1001.3608,3.8043747,31.78251,0.0,0.0
2019-08-05 01:00:00,13.24,297.53253,1001.3389,4.789257,26.009115,0.0,0.0
2019-08-05 02:00:00,13.07,300.4265,1000.8887,5.9279385,21.096216,0.0,0.0
2019-08-05 03:00:00,12.87,302.1999,999.6906,5.950328,18.79969,0.0,0.0
2019-08-05 04:00:00,12.76,303.01852,998.4194,4.8495436,17.905594,0.0,0.0
2019-08-05 05:00:00,12.06,303.63422,997.5521,4.189649,16.9864,0.0,0.0
2019-08-05 06:00:00,11.91,303.9655,996.68695,3.6111133,16.328693,0.0,0.0
2019-08-05 07:00:00,11.97,304.19232,996.1607,2.8480139,15.479335,0.0,0.0
2019-08-05 08:00:00,11.83,303.985,996.109,2.6197512,15.485833,0.0,0.0
2019-08-05 09:00:00,11.7,303.38556,996.4575,2.0854654,15.90769,0.0,0.0
2019-08-05 10:00:00,11.79,302.17523,996.8967,1.8577843,17.1692,0.0,0.0
2019-08-05 11:00:00,11.76,300.73047,997.02625,2.3420475,18.8102,0.0,0.0
2019-08-05 12:00:00,11.31,299.07065,997.6284,2.8174894,20.777079,0.0,0.0
2019-08-05 13:00:00,11.1,297.50467,997.6152,3.040805,22.71113,0.0,0.0
2019-08-05 14:00:00,11.14,296.23615,997.74927,3.1823943,24.309938,0.0,0.0
2019-08-05 15:00:00,11.28,295.19574,997.59344,3.181702,25.631105,0.0,0.0
2019-08-05 16:00:00,11.31,294.25604,997.66956,3.0346255,26.897346,0.0,0.0
2019-08-05 17:00:00,11.29,293.395,997.7366,2.8578036,28.212122,0.0,0.0
2019-08-05 18:00:00,11.33,292.66614,997.3236,2.878452,29.379404,0.0,0.0
2019-08-05 19:00:00,10.89,291.6477,996.96814,3.0049875,33.02913,0.0,0.0
2019-08-05 20:00:00,10.67,290.94232,997.0214,2.9140377,34.97786,0.0,0.0
2019-08-05 21:00:00,10.62,290.36078,997.0648,2.875486,36.76819,0.0,0.0
2019-08-05 22:00:00,10.71,289.87976,997.64624,2.8198917,38.44523,0.0,0.0
2019-08-05 23:00:00,10.8,290.4782,997.7851,2.4143395,37.767605,0.0,0.0
2019-08-06 00:00:00,11.06,294.78766,998.0735,2.653661,28.917768,0.0,0.0
2019-08-06 01:00:00,11.48,298.70972,997.9133,3.3912683,23.063381,0.0,0.0
2019-08-06 02:00:00,11.5,301.8053,997.5675,4.1196637,19.432528,0.0,0.0
2019-08-06 03:00:00,11.16,303.42993,996.6956,4.0196266,17.928333,0.0,0.0
2019-08-06 04:00:00,10.95,303.97366,995.5639,2.735026,16.9075,0.0,0.0
2019-08-06 05:00:00,10.76,304.3813,994.65344,1.982743,16.370459,0.0,0.0
2019-08-06 06:00:00,10.48,304.60184,993.8228,1.4278923,15.990409,0.0,0.0
2019-08-06 07:00:00,10.66,304.6396,993.40326,0.9405661,15.47517,0.0,0.0
2019-08-06 08:00:00,10.97,304.40826,993.4968,0.8184059,15.570826,0.0,0.0
2019-08-06 09:00:00,11.23,303.97357,993.8883,0.7921077,15.941715,0.0,0.0
2019-08-06 10:00:00,11.48,302.97925,994.188,1.3887033,17.087454,0.0,0.0
2019-08-06 11:00:00,11.6,301.6513,994.943,2.290988,18.718597,0.0,0.0
2019-08-06 12:00:00,11.77,299.9843,995.10767,2.9641583,20.792429,0.0,0.0
2019-08-06 13:00:00,11.61,298.66077,995.17377,3.4305384,22.21981,0.0,0.0
2019-08-06 14:00:00,11.62,297.67926,995.32,3.7373862,23.000113,0.0,0.0
2019-08-06 15:00:00,11.7,296.8755,995.29156,3.801173,23.43345,0.0,0.0
2019-08-06 16:00:00,11.74,295.8535,995.4303,3.0888214,24.381737,0.0,0.0
2019-08-06 17:00:00,11.7,294.37997,995.4219,1.8455844,27.128748,0.0,0.0
2019-08-06 18:00:00,11.67,294.8417,995.34045,0.7069144,25.590641,0.0,0.0
2019-08-06 19:00:00,11.42,292.49286,995.5419,3.630296,35.309826,0.0,0.0
2019-08-06 20:00:00,11.34,291.76642,995.6686,2.8963974,38.401512,0.0,0.0
2019-08-06 21:00:00,11.41,290.67175,996.1877,2.141155,42.61804,0.0,0.0
2019-08-06 22:00:00,11.37,289.9187,996.7743,1.5902035,46.0638,0.0,0.0
2019-08-06 23:00:00,11.47,290.38306,997.1891,1.2220529,46.025978,0.0,0.0
2019-08-07 00:00:00,12.41,293.9381,997.50946,1.1348248,35.637775,0.0,0.0
2019-08-07 01:00:00,12.33,296.75305,997.5999,0.94427294,28.72093,0.0,0.0
2019-08-07 02:00:00,12.15,299.39224,997.3829,0.56665695,23.150936,0.0,0.0
2019-08-07 03:00:00,12.23,301.64566,996.46967,0.20677516,18.747185,0.0,0.0
2019-08-07 04:00:00,12.17,303.45764,995.20795,1.5016387,15.330331,0.0,0.0
2019-08-07 05:00:00,11.85,304.314,994.21014,1.5456764,14.211967,0.0,0.0
2019-08-07 06:00:00,11.75,304.54263,993.55396,1.0615116,14.148996,0.0,0.0
2019-08-07 07:00:00,11.66,305.0579,993.0478,1.7796723,13.778381,0.0,0.0
2019-08-07 08:00:00,11.65,304.81934,993.28796,2.0139353,13.790441,0.0,0.0
2019-08-07 09:00:00,11.77,304.20486,993.5636,2.1166003,14.14326,0.0,0.0
2019-08-07 10:00:00,11.51,302.83942,994.12573,2.3603256,15.377908,0.0,0.0
2019-08-07 11:00:00,11.68,301.40714,994.6428,2.796393,16.671423,0.0,0.0
2019-08-07 12:00:00,11.66,300.08203,995.05475,3.1175,17.826263,0.0,0.0
2019-08-07 13:00:00,11.16,298.85535,995.5589,3.4803393,18.8204,0.0,0.0
2019-08-07 14:00:00,11.04,297.74695,995.8058,4.22069,19.553564,0.0,0.0
2019-08-07 15:00:00,10.93,296.8426,995.8809,4.8565764,20.04229,0.001692772,0.0
2019-08-07 16:00:00,10.54,296.1483,995.98846,5.305487,20.660816,0.0,0.0
2019-08-07 17:00:00,10.24,295.50018,996.0129,5.5390997,21.565512,0.0,0.0
2019-08-07 18:00:00,10.0,294.8664,996.1383,5.7339916,22.661135,0.0,0.0
2019-08-07 19:00:00,9.93,293.549,996.20905,6.0971293,25.045559,0.0,0.0
2019-08-07 20:00:00,9.98,292.97995,996.84686,5.999136,26.615927,0.0,0.0
2019-08-07 21:00:00,10.25,292.41058,997.47595,5.744688,28.179932,0.0,0.0
2019-08-07 22:00:00,10.33,291.86224,998.08203,5.321021,29.568735,0.0,0.0
2019-08-07 23:00:00,10.43,292.4005,999.21936,4.73843,28.948757,0.0,0.0
2019-08-08 00:00:00,11.17,294.33313,1000.0739,5.9510083,25.718916,0.004299674,0.0
2019-08-08 01:00:00,11.23,296.34863,1000.39404,6.8801637,22.80611,0.0,0.0
2019-08-08 02:00:00,11.3,298.4392,999.9229,6.764554,20.177446,0.0,0.0
2019-08-08 03:00:00,11.44,300.4499,998.9526,6.64483,17.929804,0.0,0.0
2019-08-08 04:00:00,11.61,302.09015,997.5087,6.3762193,16.199398,0.0,0.0
2019-08-08 05:00:00,11.34,303.2454,996.61993,5.8746724,15.027142,0.0,0.0
2019-08-08 06:00:00,11.29,303.86154,995.72626,5.3364086,14.407772,0.0,0.0
2019-08-08 07:00:00,11.39,303.9111,995.4905,4.5233,13.762615,0.0,0.0
2019-08-08 08:00:00,11.64,303.69104,995.60547,4.565053,14.028875,0.0,0.0
2019-08-08 09:00:00,12.05,302.8897,995.9478,4.330595,14.831548,0.0,0.0
2019-08-08 10:00:00,12.58,300.99655,996.58325,4.230796,16.905159,0.0,0.0
2019-08-08 11:00:00,13.19,299.61432,997.4422,4.8854995,18.772535,0.0,0.0
2019-08-08 12:00:00,13.29,298.5041,998.0659,5.5079947,20.46693,0.0,0.0
2019-08-08 13:00:00,13.13,297.55347,998.3575,5.926686,21.96524,0.0,0.0
2019-08-08 14:00:00,13.27,296.71014,998.507,6.0500255,23.222996,0.0,0.0
2019-08-08 15:00:00,13.58,295.92114,998.49835,6.0560775,24.392527,0.0,0.0
2019-08-08 16:00:00,13.67,295.165,998.6878,5.9656496,25.503986,0.0,0.0
2019-08-08 17:00:00,13.53,294.41205,998.6722,5.8710885,26.555279,0.0,0.0
2019-08-08 18:00:00,13.69,293.68378,998.5691,5.5892735,27.497211,0.0,0.0
2019-08-08 19:00:00,13.66,292.42328,998.0516,5.17651,30.19637,0.0,0.0
2019-08-08 20:00:00,13.49,291.82333,998.2375,4.948277,31.121328,0.0,0.0
2019-08-08 21:00:00,13.43,291.2343,998.5119,4.646969,31.891495,0.0,0.0
2019-08-08 22:00:00,13.56,290.73584,999.27,4.4183574,32.344772,0.0,0.0
2019-08-08 23:00:00,13.43,291.3919,1000.1761,4.168488,30.248672,0.0,0.0
2019-08-09 00:00:00,13.36,293.6045,1000.82526,5.6279035,24.829859,0.0,0.0
2019-08-09 01:00:00,13.15,296.0618,1001.4098,6.288681,20.596916,0.0,0.0
2019-08-09 02:00:00,13.05,298.5665,1000.8231,6.3186426,17.9556,0.0,0.0
2019-08-09 03:00:00,13.16,300.84344,999.9793,6.0298047,16.457476,0.0,0.0
2019-08-09 04:00:00,12.94,302.60913,998.33167,5.587067,15.528181,0.0,0.0
2019-08-09 05:00:00,12.94,303.89505,997.27045,5.1544733,14.813599,0.0,0.0
2019-08-09 06:00:00,13.1,304.59564,996.2739,4.74979,14.444613,0.0,0.0
2019-08-09 07:00:00,13.32,304.97375,995.6453,4.150748,13.732396,0.0,0.0
2019-08-09 08:00:00,13.35,304.79306,995.4981,4.143049,14.045522,0.0,0.0
2019-08-09 09:00:00,13.35,304.04538,995.9628,4.0435934,14.722883,0.0,0.0
2019-08-09 10:00:00,13.2,302.05502,996.64825,4.4079022,16.405611,0.0,0.0
2019-08-09 11:00:00,13.09,300.66046,997.4503,5.4374857,17.525856,0.0,0.0
2019-08-09 12:00:00,12.9,299.51617,997.97687,6.3445,18.42957,0.0,0.0
2019-08-09 13:00:00,13.03,298.5525,998.3759,6.808764,19.120407,0.0,0.0
2019-08-09 14:00:00,13.17,297.6972,998.52765,6.9651732,19.624159,0.0,0.0
2019-08-09 15:00:00,13.32,296.9357,998.60156,6.6814365,20.106834,0.0,0.0
2019-08-09 16:00:00,13.45,296.21002,998.4969,6.332096,20.724697,0.0,0.0
2019-08-09 17:00:00,13.53,295.53418,998.50104,6.0100384,21.412441,0.0,0.0
2019-08-09 18:00:00,13.87,294.91046,998.5084,5.9299083,22.089607,0.0,0.0
2019-08-09 19:00:00,14.21,293.65314,998.1484,5.785951,24.160511,0.0,0.0
2019-08-09 20:00:00,14.24,293.1524,998.65985,6.0064015,24.453611,0.0,0.0
2019-08-09 21:00:00,14.19,292.6795,999.1761,6.0622673,24.111053,0.0,0.0
2019-08-09 22:00:00,14.24,292.2433,1000.1941,6.021255,22.952536,0.0,0.0
2019-08-09 23:00:00,14.43,292.82104,1001.0197,5.634302,20.089363,0.0,0.0
2019-08-10 00:00:00,14.31,294.73523,1001.6568,6.913924,15.911901,0.0012934208,0.0
2019-08-10 01:00:00,14.53,297.0946,1002.017,7.2680974,13.62479,0.0,0.0
2019-08-10 02:00:00,14.69,299.50787,1001.4519,7.0910196,12.615633,0.0,0.0
2019-08-10 03:00:00,14.51,301.67233,1000.28937,6.870395,12.326502,0.0,0.0
2019-08-10 04:00:00,14.06,303.3785,998.55347,6.6153145,12.347993,0.0,0.0
2019-08-10 05:00:00,13.77,304.5838,997.5466,6.1719904,12.760287,0.0,0.0
2019-08-10 06:00:00,13.94,305.19022,996.6291,5.6720705,13.438815,0.0,0.0
2019-08-10 07:00:00,13.94,305.6291,996.45593,4.4114213,16.380962,0.0,0.0
2019-08-10 08:00:00,13.71,305.39807,996.2609,4.3109245,16.90149,0.0,0.0
2019-08-10 09:00:00,13.66,304.67255,996.5659,4.163422,17.531473,0.0,0.0
2019-08-10 10:00:00,13.78,302.76157,997.0765,4.176626,19.16321,0.0,0.0
2019-08-10 11:00:00,13.8,301.4321,997.8736,4.9673767,19.886421,0.0,0.0
2019-08-10 12:00:00,13.57,300.3798,998.5703,5.68531,20.06251,0.0,0.0
2019-08-10 13:00:00,13.61,299.48016,998.9889,6.0763764,20.201895,0.0,0.0
2019-08-10 14:00:00,13.58,298.5429,999.09784,6.077438,20.714676,0.0,0.0
2019-08-10 15:00:00,13.86,297.63895,999.2689,5.86045,21.414951,0.0,0.0
2019-08-10 16:00:00,13.82,296.75073,999.16675,5.695473,22.150097,0.0,0.0
2019-08-10 17:00:00,13.58,295.90817,999.17224,5.5217295,22.928036,0.0,0.0
2019-08-10 18:00:00,13.52,295.1666,999.174,5.46696,23.740343,0.0,0.0
2019-08-10 19:00:00,13.42,294.22427,998.7983,5.112366,25.734726,0.0,0.0
2019-08-10 20:00:00,13.69,293.60355,998.91315,4.987109,26.459074,0.0,0.0
2019-08-10 21:00:00,14.02,293.08478,999.5692,4.802738,26.87323,0.0,0.0
2019-08-10 22:00:00,14.2,292.57422,1000.2377,4.532403,27.162971,0.0,0.0
2019-08-10 23:00:00,14.42,293.29553,1001.1777,4.175805,25.44401,0.0,0.0
2019-08-11 00:00:00,15.01,295.84335,1001.7978,5.166599,21.121618,0.0012958158,0.0
2019-08-11 01:00:00,15.19,298.45428,1002.24756,6.199788,17.811874,0.0,0.0
2019-08-11 02:00:00,15.26,300.886,1001.6819,6.5439253,15.569266,0.0,0.0
2019-08-11 03:00:00,15.11,302.8816,1000.4373,6.649,14.218023,0.0,0.0
2019-08-11 04:00:00,14.82,304.3285,998.5073,6.3802347,13.38804,0.0,0.0
2019-08-11 05:00:00,14.51,305.2221,997.6116,5.279343,13.099557,0.0,0.0
2019-08-11 06:00:00,14.4,305.59772,997.0161,4.13621,13.222568,0.0,0.0
2019-08-11 07:00:00,14.37,305.69662,996.3766,2.9328494,13.562568,0.0,0.0
2019-08-11 08:00:00,14.41,305.42526,996.46155,2.5819826,13.828799,0.0,0.0
2019-08-11 09:00:00,14.57,304.7926,996.76587,2.4853914,14.340901,0.0,0.0
2019-08-11 10:00:00,14.59,303.1134,997.72205,2.8720105,15.929006,0.0,0.0
2019-08-11 11:00:00,15.16,301.52393,998.5758,3.3627412,17.539595,0.0,0.0
2019-08-11 12:00:00,15.31,300.2143,999.2746,4.023038,18.9354,0.0,0.0
2019-08-11 13:00:00,15.33,299.09985,999.5563,4.902377,20.161259,0.0,0.0
2019-08-11 14:00:00,15.3,298.2409,999.8764,5.825821,20.896193,0.0,0.0
2019-08-11 15:00:00,15.18,297.46838,1000.0131,6.014785,21.261889,0.0,0.0
2019-08-11 16:00:00,14.96,296.63666,999.9479,5.725634,21.670895,0.0,0.0
2019-08-11 17:00:00,14.85,295.82733,1000.01733,5.47037,21.975607,0.0,0.0
2019-08-11 18:00:00,14.63,295.03473,999.93475,5.222245,22.080774,0.0,0.0
2019-08-11 19:00:00,14.29,293.8256,999.5613,4.567788,25.392496,0.0,0.0
2019-08-11 20:00:00,14.22,293.18524,1000.03937,4.5554547,25.294994,0.0,0.0
2019-08-11 21:00:00,14.24,292.583,1000.6804,4.56813,24.953989,0.0,0.0
2019-08-11 22:00:00,14.23,292.07428,1001.8137,4.6324563,24.470762,0.0,0.0
2019-08-11 23:00:00,14.2,292.8013,1002.6739,4.6587496,22.301651,0.0,0.0
2019-08-12 00:00:00,14.36,295.06406,1003.3647,6.266428,18.10976,0.0017110257,0.0
2019-08-12 01:00:00,14.26,297.45636,1003.34937,7.0447392,14.940065,0.0,0.0
2019-08-12 02:00:00,14.26,299.8581,1002.762,7.097558,12.873274,0.0,0.0
2019-08-12 03:00:00,13.93,301.7953,1001.76263,6.597582,12.079412,0.0,0.0
2019-08-12 04:00:00,13.41,303.0892,1000.37695,5.65508,11.909535,0.0,0.0
2019-08-12 05:00:00,13.05,303.90674,999.46716,4.749519,11.905065,0.0,0.0
2019-08-12 06:00:00,12.53,304.30365,998.65015,4.089786,11.945743,0.0,0.0
2019-08-12 07:00:00,12.16,304.45972,998.0641,3.4417665,11.706014,0.0,0.0
2019-08-12 08:00:00,11.76,304.16052,997.90894,3.2935,11.945556,0.0,0.0
2019-08-12 09:00:00,11.27,303.49084,998.598,3.2101507,12.40824,0.0,0.0
2019-08-12 10:00:00,10.79,301.73627,999.29456,3.1875455,13.787009,0.0,0.0
2019-08-12 11:00:00,10.92,300.36108,1000.0119,3.6588852,14.907815,0.0,0.0
2019-08-12 12:00:00,10.85,299.0138,1000.4205,4.136312,16.035318,0.0,0.0
2019-08-12 13:00:00,10.86,297.80914,1000.8016,4.4718094,17.138138,0.0,0.0
2019-08-12 14:00:00,10.66,296.7428,1001.0845,4.615613,18.219206,0.0,0.0
2019-08-12 15:00:00,10.51,295.74622,1000.88525,4.5962024,19.304897,0.0,0.0
2019-08-12 16:00:00,10.23,294.9231,1000.7539,4.668747,20.247746,0.0,0.0
2019-08-12 17:00:00,9.91,294.273,1000.45044,5.0840898,20.997725,0.0,0.0
2019-08-12 18:00:00,9.86,293.669,1000.4957,5.4997535,21.52976,0.0,0.0
2019-08-12 19:00:00,9.68,292.3855,1000.46405,4.611887,23.50919,0.0,0.0
2019-08-12 20:00:00,9.47,291.60785,1000.89685,4.560843,23.993412,0.0,0.0
2019-08-12 21:00:00,9.6,290.92328,1001.4968,4.4357014,24.017832,0.0,0.0
2019-08-12 22:00:00,9.76,290.32977,1002.2657,4.3876495,23.902039,0.0,0.0
2019-08-12 23:00:00,9.9,291.1231,1003.1856,4.3387346,21.92633,0.0,0.0
2019-08-13 00:00:00,10.11,293.57648,1003.43964,5.9949837,18.145197,0.0,0.0
2019-08-13 01:00:00,9.96,296.26407,1003.76654,6.927072,15.233066,0.0,0.0
2019-08-13 02:00:00,9.85,298.82056,1003.1272,7.074945,13.068271,0.0,0.0
2019-08-13 03:00:00,9.53,300.7683,1001.95,6.565536,12.0253,0.0,0.0
2019-08-13 04:00:00,9.05,302.05353,1000.6068,5.7694263,11.677304,0.0,0.0
2019-08-13 05:00:00,8.53,302.77985,999.58765,4.9915185,11.55996,0.0,0.0
2019-08-13 06:00:00,8.44,303.13565,998.91284,4.4901857,11.469526,0.0,0.0
2019-08-13 07:00:00,8.44,303.03308,998.5422,3.474389,11.9260025,0.0,0.0
2019-08-13 08:00:00,8.14,302.77924,998.66174,3.4763694,11.801864,0.0,0.0
2019-08-13 09:00:00,7.7,302.0563,999.0559,3.23697,11.907586,0.0,0.0
2019-08-13 10:00:00,7.44,300.33496,999.7879,2.914885,12.962537,0.0,0.0
2019-08-13 11:00:00,7.29,298.7657,1000.2477,3.2009356,13.832715,0.0,0.0
2019-08-13 12:00:00,7.0,297.3164,1000.8147,3.4919598,14.461507,0.0,0.0
2019-08-13 13:00:00,6.77,296.00934,1001.1258,3.82242,14.9624195,0.0,0.0
2019-08-13 14:00:00,6.69,294.8902,1001.2494,4.1066494,15.455815,0.0,0.0
2019-08-13 15:00:00,6.52,293.9314,1001.20435,4.3035297,15.992981,0.0,0.0
2019-08-13 16:00:00,6.26,293.10883,1001.19666,4.436386,16.465021,0.0,0.0
2019-08-13 17:00:00,5.55,292.38672,1000.8691,4.530599,16.899225,0.0,0.0
2019-08-13 18:00:00,5.43,291.75952,1001.0323,4.597287,17.410604,0.0,0.0
2019-08-13 19:00:00,5.32,290.40097,1000.95386,4.176089,19.913725,0.0,0.0
2019-08-13 20:00:00,5.48,289.61972,1001.35864,4.158994,21.270063,0.0,0.0
2019-08-13 21:00:00,5.34,288.98172,1001.88086,4.1323237,22.61032,0.0,0.0
2019-08-13 22:00:00,5.5,288.4289,1002.42,4.125761,23.916515,0.0,0.0
2019-08-13 23:00:00,5.7,289.39233,1003.3095,3.9425259,22.875717,0.0,0.0
2019-08-14 00:00:00,6.0,292.50476,1003.76483,4.9390917,18.648281,0.0,0.0
2019-08-14 01:00:00,5.99,295.59436,1003.75916,5.543474,15.281898,0.0,0.0
2019-08-14 02:00:00,6.11,298.3671,1003.4425,5.5272245,12.523355,0.0,0.0
2019-08-14 03:00:00,5.94,300.2436,1002.2614,4.5616703,10.69694,0.0,0.0
2019-08-14 04:00:00,5.62,301.22977,1000.885,2.9800828,9.786637,0.0,0.0
2019-08-14 05:00:00,5.39,301.7527,999.76953,2.0134137,9.104079,0.0,0.0
2019-08-14 06:00:00,5.24,302.09167,998.77625,1.7144325,8.650493,0.0,0.0
2019-08-14 07:00:00,5.08,302.20862,998.3738,1.639587,8.561635,0.0,0.0
2019-08-14 08:00:00,4.84,301.98276,998.3351,1.583024,8.50569,0.0,0.0
2019-08-14 09:00:00,4.81,301.4333,998.3114,1.5134742,8.733026,0.0,0.0
2019-08-14 10:00:00,4.77,300.41592,998.8986,1.4381982,9.494425,0.0,0.0
2019-08-14 11:00:00,5.08,299.1228,999.40045,1.8338563,10.532462,0.0,0.0
2019-08-14 12:00:00,5.18,297.42453,1000.01294,2.4998198,11.868596,0.0,0.0
2019-08-14 13:00:00,5.3,295.6596,1000.4419,2.9753332,13.343571,0.0,0.0
2019-08-14 14:00:00,5.2,294.01965,1000.4164,3.0711715,14.766006,0.0,0.0
2019-08-14 15:00:00,5.04,292.72968,1000.6,3.04743,15.880285,0.0,0.0
2019-08-14 16:00:00,4.78,291.56583,1000.35315,2.9135904,16.963343,0.0,0.0
2019-08-14 17:00:00,4.44,290.5313,1000.10046,2.7984426,18.03071,0.0,0.0
2019-08-14 18:00:00,4.12,289.61227,999.97815,2.760397,19.08451,0.0,0.0
2019-08-14 19:00:00,3.84,288.70544,1000.1744,3.0787077,21.060825,0.0,0.0
2019-08-14 20:00:00,3.58,287.70593,1000.4319,2.9584868,22.73769,0.0,0.0
2019-08-14 21:00:00,3.76,286.87463,1000.9305,2.8599648,24.26218,0.0,0.0
2019-08-14 22:00:00,4.04,286.15503,1001.52563,2.7823987,25.690674,0.0,0.0
2019-08-14 23:00:00,4.14,287.19568,1002.3183,2.36192,24.240429,0.0,0.0
2019-08-15 00:00:00,4.45,291.9629,1002.7316,2.5174875,17.305702,0.0,0.0
2019-08-15 01:00:00,4.49,296.37872,1002.8805,2.969062,12.954368,0.0,0.0
2019-08-15 02:00:00,4.57,299.52173,1002.46625,3.8282938,10.752009,0.0,0.0
2019-08-15 03:00:00,4.65,301.3217,1001.5167,3.6454668,9.449201,0.0,0.0
2019-08-15 04:00:00,4.37,302.06146,1000.01025,2.253819,8.488045,0.0,0.0
2019-08-15 05:00:00,4.21,302.65558,998.8256,1.5122453,7.774422,0.0,0.0
2019-08-15 06:00:00,4.2,302.99875,997.9747,0.979236,7.346393,0.0,0.0
2019-08-15 07:00:00,4.6,303.18512,997.51263,0.89988726,7.2686896,0.0,0.0
2019-08-15 08:00:00,5.07,302.96112,997.29016,0.8715223,7.203523,0.0,0.0
2019-08-15 09:00:00,5.58,302.48724,997.6278,0.6572543,7.3713737,0.0,0.0
2019-08-15 10:00:00,6.18,301.53625,998.1122,0.5730275,8.020256,0.0,0.0
2019-08-15 11:00:00,6.5,300.04004,998.73987,0.84303594,11.328671,0.0,0.0
2019-08-15 12:00:00,6.78,298.385,999.28204,1.3460926,11.136029,0.0,0.0
2019-08-15 13:00:00,6.91,296.5525,999.4794,1.9209961,12.140838,0.0,0.0
2019-08-15 14:00:00,7.24,295.0271,999.56805,2.3735187,13.050164,0.0,0.0
2019-08-15 15:00:00,7.51,293.7783,999.4253,2.6081955,13.960481,0.0,0.0
2019-08-15 16:00:00,7.55,292.52588,999.28815,2.4392471,15.300677,0.0,0.0
2019-08-15 17:00:00,7.65,291.28833,998.8228,2.3347385,16.810434,0.0,0.0
2019-08-15 18:00:00,7.67,290.21136,998.61237,2.671476,18.18995,0.0,0.0
2019-08-15 19:00:00,7.68,288.78967,998.553,1.8941519,21.30009,0.0,0.0
2019-08-15 20:00:00,7.89,287.83893,998.4612,2.4542418,23.625332,0.0,0.0
2019-08-15 21:00:00,8.66,287.37567,999.21326,2.7712555,29.244291,0.0,0.0
2019-08-15 22:00:00,9.58,286.77994,999.6373,2.395491,38.08727,0.0,0.0
2019-08-15 23:00:00,10.16,287.69672,1000.3027,1.7282294,43.11322,0.0,0.0
2019-08-16 00:00:00,10.81,292.498,1000.9235,1.8482679,38.869198,0.0,0.0
2019-08-16 01:00:00,10.98,296.12567,1000.8892,1.8046019,35.852657,0.0,0.0
2019-08-16 02:00:00,11.41,299.24768,1000.75635,1.5639309,25.56075,0.0,0.0
2019-08-16 03:00:00,11.19,301.6087,999.8103,1.6983254,16.568909,0.0,0.0
2019-08-16 04:00:00,11.01,303.11807,998.64294,1.7430414,12.148838,0.0,0.0
2019-08-16 05:00:00,11.14,303.89633,997.7288,1.4255545,10.722503,0.0,0.0
2019-08-16 06:00:00,11.39,304.32574,996.87494,1.385764,10.350791,0.0,0.0
2019-08-16 07:00:00,11.71,304.94446,996.29767,1.5912217,10.324981,0.0,0.0
2019-08-16 08:00:00,11.92,304.78973,996.4917,1.7320209,10.7626505,0.0,0.0
2019-08-16 09:00:00,12.1,304.23636,996.5463,1.7067245,11.473506,0.0,0.0
2019-08-16 10:00:00,12.04,303.0886,997.03326,1.7009892,12.666533,0.0,0.0
2019-08-16 11:00:00,11.98,301.8,997.4359,1.984375,13.987775,0.0,0.0
2019-08-16 12:00:00,11.82,300.21698,998.03424,2.3470604,15.6304865,0.0,0.0
2019-08-16 13:00:00,11.96,298.6599,998.382,2.5472434,17.357836,0.0,0.0
2019-08-16 14:00:00,12.44,297.31558,998.30945,2.6525283,19.109749,0.0,0.0
2019-08-16 15:00:00,12.68,296.14212,998.3197,2.6268036,20.972364,0.0,0.0
2019-08-16 16:00:00,13.01,295.2395,998.29205,2.8870375,22.634426,0.0,0.0
2019-08-16 17:00:00,12.79,294.59235,997.9359,3.5016878,24.390293,0.0,0.0
2019-08-16 18:00:00,12.62,294.02264,997.7411,3.938061,27.84162,0.0,0.0
2019-08-16 19:00:00,13.36,292.71866,997.9313,2.8527267,30.539978,0.0,0.0
2019-08-16 20:00:00,13.65,291.78476,998.2115,2.5903645,34.7326,0.0,0.0
2019-08-16 21:00:00,13.95,291.03772,998.9338,2.7782226,37.228065,0.0,0.0
2019-08-16 22:00:00,14.09,290.24606,999.4274,2.7640197,38.538055,0.0,0.0
2019-08-16 23:00:00,14.42,291.028,1000.25134,2.3374612,35.751984,0.0,0.0
2019-08-17 00:00:00,15.25,294.13098,1000.7101,2.9665792,28.16886,0.0,0.0
2019-08-17 01:00:00,15.67,296.92953,1000.98016,3.3236296,23.232971,0.0,0.0
2019-08-17 02:00:00,16.32,299.70972,1000.7498,3.4395351,19.662556,0.0,0.0
2019-08-17 03:00:00,16.93,302.09845,1000.05634,3.7679937,17.794706,0.0,0.0
2019-08-17 04:00:00,17.01,303.56378,998.89764,3.6983266,18.170135,0.0,0.0
2019-08-17 05:00:00,17.33,304.35034,997.78955,3.410266,18.61877,0.0,0.0
2019-08-17 06:00:00,17.6,304.724,997.118,3.157504,18.497477,0.0,0.0
2019-08-17 07:00:00,17.36,304.92316,996.8201,3.440139,18.78636,0.0,0.0
2019-08-17 08:00:00,17.36,304.59222,997.2157,3.5269506,19.479965,0.0,0.0
2019-08-17 09:00:00,17.61,303.83478,997.4713,3.4810128,20.721617,0.0,0.0
2019-08-17 10:00:00,17.59,302.28802,997.95776,3.2267797,23.08921,0.0,0.0
2019-08-17 11:00:00,17.55,301.05505,998.8038,3.4949892,25.124777,0.0,0.0
2019-08-17 12:00:00,17.13,299.95035,999.1277,3.6968207,26.959442,0.0,0.0
2019-08-17 13:00:00,16.86,298.99216,999.53436,3.8566673,28.564512,0.0,0.0
2019-08-17 14:00:00,16.89,298.16418,999.5684,3.9692333,29.962471,0.0,0.0
2019-08-17 15:00:00,16.66,297.32782,999.7286,4.2789936,31.463327,0.0,0.0
2019-08-17 16:00:00,15.95,296.57208,999.6912,5.3682904,32.381104,0.0,0.0
2019-08-17 17:00:00,14.91,295.89752,999.5595,6.329296,29.426437,0.0,0.0
2019-08-17 18:00:00,14.31,295.15503,999.45374,6.191941,24.657688,0.0,0.0
2019-08-17 19:00:00,14.14,294.0406,999.6025,5.522755,22.00965,0.0,0.0
2019-08-17 20:00:00,13.46,293.29865,999.69495,5.356405,20.586807,0.0,0.0
2019-08-17 21:00:00,12.88,292.64166,1000.1328,5.1569138,19.862553,0.0,0.0
2019-08-17 22:00:00,12.49,292.0157,1000.7718,4.819722,19.73901,0.0,0.0
2019-08-17 23:00:00,12.36,292.761,1001.4356,4.47969,18.514063,0.0,0.0
2019-08-18 00:00:00,12.1,294.79993,1002.02405,6.137211,16.244501,0.0,0.0
2019-08-18 01:00:00,11.85,297.03098,1002.26904,6.5816793,14.810114,0.0,0.0
2019-08-18 02:00:00,11.93,299.36835,1002.0436,6.5627213,13.93349,0.0,0.0
2019-08-18 03:00:00,11.97,301.40915,1001.32196,6.6069016,13.842177,0.0,0.0
2019-08-18 04:00:00,11.68,302.74426,999.7977,6.1887684,14.209385,0.0,0.0
2019-08-18 05:00:00,11.73,303.64148,998.96643,5.721007,13.769028,0.0,0.0
2019-08-18 06:00:00,11.61,304.1416,997.9783,5.5039506,13.2699375,0.0,0.0
2019-08-18 07:00:00,11.7,304.21613,997.5435,5.3010564,13.255829,0.0,0.0
2019-08-18 08:00:00,11.22,303.97897,997.91046,5.419177,13.196835,0.0,0.0
2019-08-18 09:00:00,10.92,303.11832,998.0987,5.0432844,13.501449,0.0,0.0
2019-08-18 10:00:00,10.78,301.29755,998.6023,4.5119405,14.620408,0.0,0.0
2019-08-18 11:00:00,10.82,299.9214,999.14905,4.9385757,15.233996,0.0,0.0
2019-08-18 12:00:00,10.43,298.80927,999.64655,5.604409,15.428808,0.0,0.0
2019-08-18 13:00:00,10.42,297.87598,1000.2236,6.205056,15.250212,0.0,0.0
2019-08-18 14:00:00,10.65,297.00037,1000.4947,6.7116656,14.997151,0.0,0.0
2019-08-18 15:00:00,10.88,296.1535,1001.0076,7.066905,15.15581,0.0,0.0
2019-08-18 16:00:00,11.09,295.294,1001.0709,7.2077928,15.826809,0.0,0.0
2019-08-18 17:00:00,11.13,294.45624,1000.90125,7.133678,16.63975,0.0,0.0
2019-08-18 18:00:00,11.37,293.6404,1000.5642,6.9858413,17.339497,0.0,0.0
2019-08-18 19:00:00,11.26,292.7077,1000.75287,6.7554617,18.349869,0.0,0.0
2019-08-18 20:00:00,11.78,292.02368,1001.0275,6.3997927,18.690607,0.0,0.0
2019-08-18 21:00:00,11.91,291.4245,1001.6861,6.023862,18.94423,0.0,0.0
2019-08-18 22:00:00,12.42,290.88306,1002.2175,5.7243323,19.18628,0.0,0.0
2019-08-18 23:00:00,13.32,291.63574,1002.89343,5.3618894,17.938683,0.0,0.0
2019-08-19 00:00:00,13.46,293.56454,1003.16034,7.4180574,15.703615,0.0,0.0
2019-08-19 01:00:00,13.84,296.08582,1003.5386,7.9756556,14.064566,0.0,0.0
2019-08-19 02:00:00,14.23,298.72504,1003.0388,8.027681,12.965457,0.0,0.0
2019-08-19 03:00:00,14.51,301.1175,1001.7762,7.956994,12.267818,0.0,0.0
2019-08-19 04:00:00,14.2,303.0407,1000.4152,7.8519135,11.83867,0.0,0.0
2019-08-19 05:00:00,13.99,304.35272,999.4201,7.6895757,11.614439,0.0,0.0
2019-08-19 06:00:00,14.05,305.10452,998.66595,7.4011636,11.518152,0.0,0.0
2019-08-19 07:00:00,13.75,305.6593,998.1028,6.520928,12.334908,0.0,0.0
2019-08-19 08:00:00,13.73,305.4062,998.2042,6.345874,12.817463,0.0,0.0
2019-08-19 09:00:00,13.8,304.47644,998.62616,5.6795526,13.664092,0.0,0.0
2019-08-19 10:00:00,14.07,302.57758,999.24963,5.2533894,15.20484,0.0,0.0
2019-08-19 11:00:00,14.27,301.24933,1000.3222,5.9122653,16.16041,0.0,0.0
2019-08-19 12:00:00,14.4,300.16882,1001.20374,6.5949125,16.70158,0.0,0.0
2019-08-19 13:00:00,14.33,299.18365,1001.6987,7.034636,16.995295,0.0,0.0
2019-08-19 14:00:00,14.31,298.29535,1001.8033,7.218301,17.149574,0.0,0.0
2019-08-19 15:00:00,14.28,297.51532,1002.29297,7.2709136,17.284843,0.0,0.0
2019-08-19 16:00:00,13.86,296.80896,1002.40894,7.156848,17.501463,0.0,0.0
2019-08-19 17:00:00,13.61,296.15607,1002.4839,6.964837,17.847977,0.0,0.0
2019-08-19 18:00:00,13.59,295.49536,1002.46674,6.721897,18.366213,0.0,0.0
2019-08-19 19:00:00,13.65,294.58536,1002.26776,6.6606855,19.222311,0.0,0.0
2019-08-19 20:00:00,13.62,294.00256,1002.69763,6.6969066,19.88661,0.0,0.0
2019-08-19 21:00:00,13.99,293.51068,1003.2541,6.8630986,20.413563,0.0,0.0
2019-08-19 22:00:00,14.82,293.07816,1004.31635,7.118365,20.7909,0.0,0.0
2019-08-19 23:00:00,15.35,293.6781,1005.4373,6.889317,19.498457,0.0,0.0
2019-08-20 00:00:00,15.78,294.65033,1005.85315,9.843844,16.541739,0.0,0.0
2019-08-20 01:00:00,15.58,295.98532,1006.2304,9.737246,14.330769,0.0,0.0
2019-08-20 02:00:00,15.76,297.62732,1005.5248,9.308719,12.613169,0.0,0.0
2019-08-20 03:00:00,15.75,299.32257,1004.57935,8.916395,11.2389765,0.0,0.0
2019-08-20 04:00:00,14.95,300.83856,1002.9967,8.402222,10.135252,0.0,0.0
2019-08-20 05:00:00,14.22,301.96173,1002.12305,7.997788,9.345987,0.0,0.0
2019-08-20 06:00:00,14.17,302.75253,1001.09875,7.7223697,8.771866,0.0,0.0
2019-08-20 07:00:00,13.94,303.40292,1000.15356,7.41211,9.419587,0.0,0.0
2019-08-20 08:00:00,13.77,302.99518,1000.14575,7.2308393,9.248961,0.0,0.0
2019-08-20 09:00:00,13.53,301.9671,1000.6548,6.488628,9.124846,0.0,0.0
2019-08-20 10:00:00,13.44,300.1875,1001.092,5.7051096,9.537231,0.0,0.0
2019-08-20 11:00:00,13.15,298.82755,1001.73315,5.9688354,9.7383995,0.0,0.0
2019-08-20 12:00:00,12.92,297.65747,1002.5174,6.216872,9.953184,0.0,0.0
2019-08-20 13:00:00,13.11,296.6263,1002.97736,6.2675185,10.254392,0.0,0.0
2019-08-20 14:00:00,13.1,295.7173,1003.1962,6.2173433,10.605769,0.0,0.0
2019-08-20 15:00:00,12.82,294.9088,1003.46906,6.149184,11.004385,0.0,0.0
2019-08-20 16:00:00,12.52,294.1478,1003.1726,6.0363503,11.498098,0.0,0.0
2019-08-20 17:00:00,11.9,293.45587,1002.6817,5.9094152,12.132481,0.0,0.0
2019-08-20 18:00:00,11.8,292.83127,1002.4011,5.828143,12.927355,0.0,0.0
2019-08-20 19:00:00,11.63,291.9258,1002.40063,5.6426697,14.862649,0.0,0.0
2019-08-20 20:00:00,11.64,291.35962,1002.46826,5.5435047,15.857517,0.0,0.0
2019-08-20 21:00:00,11.68,290.9014,1003.1937,5.5679116,16.669147,0.0,0.0
2019-08-20 22:00:00,11.78,290.47412,1003.7986,5.6762834,17.370604,0.0,0.0
2019-08-20 23:00:00,11.34,291.31168,1004.57764,5.2718425,16.682806,0.0,0.0
2019-08-21 00:00:00,11.43,292.93,1004.8717,7.9191384,15.133021,0.0013001022,0.0
2019-08-21 01:00:00,11.14,294.6213,1004.9916,8.519672,13.48699,0.0,0.0
2019-08-21 02:00:00,10.72,296.47052,1004.40314,8.246687,11.628061,0.0,0.0
2019-08-21 03:00:00,10.1,298.2588,1003.09454,7.788839,9.9264965,0.0,0.0
2019-08-21 04:00:00,9.37,299.78824,1001.3044,7.278629,8.531705,0.0,0.0
2019-08-21 05:00:00,8.71,300.995,1000.2523,6.749302,7.5569143,0.0,0.0
2019-08-21 06:00:00,8.61,301.77438,999.6044,6.3139734,6.9449706,0.0,0.0
2019-08-21 07:00:00,8.47,302.47412,998.7548,6.240862,6.967759,0.0,0.0
2019-08-21 08:00:00,8.3,302.2456,999.08167,6.0569553,6.8257513,0.0,0.0
2019-08-21 09:00:00,8.11,301.30383,999.0341,5.342906,6.9100223,0.0,0.0
2019-08-21 10:00:00,7.9,299.39325,999.6442,4.665124,7.568978,0.0,0.0
2019-08-21 11:00:00,7.84,297.93436,1000.23596,4.926839,8.068171,0.0,0.0
2019-08-21 12:00:00,7.86,296.69495,1000.8669,5.1800365,8.566601,0.0,0.0
2019-08-21 13:00:00,8.16,295.58322,1001.2689,5.230608,9.144345,0.0,0.0
2019-08-21 14:00:00,7.89,294.57114,1001.71423,5.1672897,9.791697,0.0,0.0
2019-08-21 15:00:00,7.4,293.61432,1001.9291,5.034885,10.528741,0.0,0.0
2019-08-21 16:00:00,6.72,292.72043,1001.77484,4.9034867,11.305529,0.0,0.0
2019-08-21 17:00:00,6.45,291.88455,1001.5697,4.74494,12.106279,0.0,0.0
2019-08-21 18:00:00,6.2,291.08304,1001.16876,4.490161,12.928146,0.0,0.0
2019-08-21 19:00:00,5.98,289.81903,1001.1489,4.3518734,14.839636,0.0,0.0
2019-08-21 20:00:00,6.05,289.0586,1001.3956,4.176377,15.919192,0.0,0.0
2019-08-21 21:00:00,6.01,288.42065,1001.8682,4.132858,16.879333,0.0,0.0
2019-08-21 22:00:00,6.3,287.91974,1002.4425,4.148373,17.692,0.0,0.0
2019-08-21 23:00:00,6.75,289.2379,1003.16095,3.9990344,16.465858,0.0,0.0
2019-08-22 00:00:00,6.63,292.42554,1003.57794,5.4404635,13.230632,0.0021329015,0.0
2019-08-22 01:00:00,6.88,295.34186,1003.70386,6.523304,11.055439,0.0,0.0
2019-08-22 02:00:00,7.01,297.98376,1003.08545,6.6699004,9.761349,0.0,0.0
2019-08-22 03:00:00,6.89,300.1571,1001.83624,6.2365637,9.178834,0.0,0.0
2019-08-22 04:00:00,6.71,301.74255,1000.50385,5.3679957,8.903112,0.0,0.0
2019-08-22 05:00:00,6.7,302.83203,999.5243,4.2309756,8.412111,0.0,0.0
2019-08-22 06:00:00,6.96,303.46704,998.7168,3.2371922,7.964133,0.0,0.0
2019-08-22 07:00:00,7.04,304.01154,998.3638,2.0176601,7.5004086,0.0,0.0
2019-08-22 08:00:00,7.16,303.873,998.79,1.5096793,7.665613,0.0,0.0
2019-08-22 09:00:00,7.2,303.3612,998.8931,1.3776065,7.9951415,0.0,0.0
2019-08-22 10:00:00,7.55,301.97375,999.3525,2.5761878,8.904305,0.0,0.0
2019-08-22 11:00:00,7.51,299.76587,999.6791,3.1297338,10.30639,0.0,0.0
2019-08-22 12:00:00,7.41,297.94604,1000.2074,3.366774,11.475672,0.0,0.0
2019-08-22 13:00:00,7.89,296.50385,1000.36,3.4452167,12.472219,0.0,0.0
2019-08-22 14:00:00,8.21,295.27728,1000.4525,3.4120276,13.44186,0.0,0.0
2019-08-22 15:00:00,8.13,294.20248,1000.4004,3.3006396,14.451167,0.0,0.0
2019-08-22 16:00:00,8.23,293.22406,1000.128,3.2237594,15.539569,0.0,0.0
2019-08-22 17:00:00,8.52,292.3172,999.7823,3.1875594,16.73179,0.0,0.0
2019-08-22 18:00:00,8.62,291.49063,999.4381,3.223683,17.99349,0.0,0.0
2019-08-22 19:00:00,8.71,290.10904,999.603,2.9548457,20.646832,0.0,0.0
2019-08-22 20:00:00,8.89,289.29462,999.7586,3.0726774,22.354425,0.0,0.0
2019-08-22 21:00:00,8.74,288.6464,1000.5375,3.2320702,23.917158,0.0,0.0
2019-08-22 22:00:00,8.81,288.18805,1001.1833,3.498723,25.163898,0.0,0.0
2019-08-22 23:00:00,8.92,289.8316,1001.81415,3.4180372,23.01045,0.0,0.0
2019-08-23 00:00:00,8.47,294.01202,1002.1936,4.1990614,17.818516,0.0,0.0
2019-08-23 01:00:00,8.54,297.70956,1002.2989,4.9617686,14.2061825,0.0,0.0
2019-08-23 02:00:00,8.68,300.6796,1001.4922,5.250699,11.712868,0.0,0.0
2019-08-23 03:00:00,8.77,302.77557,1000.29333,5.046848,10.682128,0.0,0.0
2019-08-23 04:00:00,8.6,303.8973,998.99097,3.8147266,10.04047,0.0,0.0
2019-08-23 05:00:00,8.23,304.55066,998.17523,2.5817153,9.419368,0.0,0.0
2019-08-23 06:00:00,8.27,304.92792,997.78125,1.6941407,9.020759,0.0,0.0
2019-08-23 07:00:00,8.32,305.39825,996.77826,1.0014654,8.535986,0.0,0.0
2019-08-23 08:00:00,8.18,305.20648,996.8865,0.62507534,8.49488,0.0,0.0
2019-08-23 09:00:00,8.0,304.7799,997.13135,0.8054996,8.68165,0.0,0.0
2019-08-23 10:00:00,7.97,303.65955,997.4467,1.4768541,9.493407,0.0,0.0
2019-08-23 11:00:00,8.05,302.0686,997.78784,2.3635812,10.657453,0.0,0.0
2019-08-23 12:00:00,8.39,300.09998,998.1179,3.1511574,12.162862,0.0,0.0
2019-08-23 13:00:00,8.43,298.37274,998.43524,3.5369818,13.578947,0.0,0.0
2019-08-23 14:00:00,8.75,297.10565,998.4441,3.6902497,14.617874,0.0,0.0
2019-08-23 15:00:00,8.78,295.98523,998.4151,3.7501333,15.577811,0.0,0.0
2019-08-23 16:00:00,8.81,294.95,998.4796,3.6703455,16.466614,0.0,0.0
2019-08-23 17:00:00,8.93,293.92346,998.1955,3.573753,17.30413,0.0,0.0
2019-08-23 18:00:00,8.8,292.9739,998.10626,3.4760249,17.968525,0.0,0.0
2019-08-23 19:00:00,8.66,291.49106,998.30023,3.3505466,20.34164,0.0,0.0
2019-08-23 20:00:00,8.56,290.48264,998.46216,3.0205579,21.671062,0.0,0.0
2019-08-23 21:00:00,8.39,289.68103,999.16235,2.8634317,22.82436,0.0,0.0
2019-08-23 22:00:00,8.5,288.98267,999.6817,2.816197,23.888292,0.0,0.0
2019-08-23 23:00:00,8.57,290.16565,1000.3239,2.5578506,22.037094,0.0,0.0
2019-08-24 00:00:00,8.19,294.3277,1000.73096,2.9822602,16.278479,0.0012993813,0.0
2019-08-24 01:00:00,8.21,298.36975,1000.6814,3.4055722,12.343791,0.0,0.0
2019-08-24 02:00:00,8.33,301.92084,1000.07153,3.690357,9.714154,0.0,0.0
2019-08-24 03:00:00,8.31,304.37875,998.9531,3.7740092,8.122442,0.0,0.0
2019-08-24 04:00:00,8.17,305.55133,997.7033,3.216142,7.571575,0.0,0.0
2019-08-24 05:00:00,8.08,306.20117,996.65314,2.5885887,7.2665186,0.0,0.0
2019-08-24 06:00:00,7.97,306.62854,996.0806,2.2833006,7.019455,0.0,0.0
2019-08-24 07:00:00,7.99,306.76562,995.1323,1.8324974,7.1958275,0.0,0.0
2019-08-24 08:00:00,7.84,306.60287,995.2333,1.7791986,7.233669,0.0,0.0
2019-08-24 09:00:00,7.67,306.03168,995.6172,1.7223196,7.543376,0.0,0.0
2019-08-24 10:00:00,7.86,304.59393,996.02814,2.3685207,8.522997,0.0,0.0
2019-08-24 11:00:00,7.91,302.50067,996.5756,3.0114863,10.011326,0.0,0.0
2019-08-24 12:00:00,8.07,300.4427,997.13666,3.3711443,11.544515,0.0,0.0
2019-08-24 13:00:00,8.54,298.8686,997.4118,3.6170166,12.644246,0.0,0.0
2019-08-24 14:00:00,8.74,297.5539,997.52,3.7349937,13.447903,0.0,0.0
2019-08-24 15:00:00,8.7,296.49765,997.5422,3.9648466,13.953688,0.0,0.0
2019-08-24 16:00:00,8.39,295.65125,997.1845,4.104411,14.285996,0.0,0.0
2019-08-24 17:00:00,8.28,294.8863,996.84827,3.9841886,14.701438,0.0,0.0
2019-08-24 18:00:00,8.1,294.0805,996.78107,3.8561132,15.318004,0.0,0.0
2019-08-24 19:00:00,7.93,292.85443,996.7019,3.9424827,16.793123,0.0,0.0
2019-08-24 20:00:00,7.75,292.18958,996.97626,3.9693635,17.49255,0.0,0.0
2019-08-24 21:00:00,7.81,291.67102,997.22455,3.997759,18.070492,0.0,0.0
2019-08-24 22:00:00,8.27,291.3003,998.0962,3.9842832,18.41561,0.0,0.0
2019-08-24 23:00:00,8.28,292.8125,998.3755,3.7222617,16.567614,0.0,0.0
2019-08-25 00:00:00,8.7,296.73486,998.9126,4.547573,12.615071,0.0,0.0
2019-08-25 01:00:00,8.89,300.37823,999.1372,5.1825027,9.961804,0.0,0.0
2019-08-25 02:00:00,9.07,303.4699,998.8223,5.466946,8.267372,0.0,0.0
2019-08-25 03:00:00,9.01,305.62958,997.8389,5.5819325,7.25068,0.0,0.0
2019-08-25 04:00:00,8.82,306.71423,996.41675,4.5391436,6.903521,0.0,0.0
2019-08-25 05:00:00,8.6,307.305,995.3198,3.5035436,6.7209153,0.0,0.0
2019-08-25 06:00:00,8.35,307.62036,994.78033,2.7998273,6.569489,0.0,0.0
2019-08-25 07:00:00,8.2,307.9713,993.98456,2.1775901,6.3463664,0.0,0.0
2019-08-25 08:00:00,8.19,307.72125,994.02563,1.9142075,6.3804164,0.0,0.0
2019-08-25 09:00:00,8.08,307.11743,994.38873,1.5151428,6.654334,0.0,0.0
2019-08-25 10:00:00,8.06,305.70856,994.58624,2.018032,7.4701257,0.0,0.0
2019-08-25 11:00:00,8.11,303.64697,995.08923,2.8879082,8.72354,0.0,0.0
2019-08-25 12:00:00,8.28,301.39783,995.64154,3.4072359,10.221931,0.0,0.0
2019-08-25 13:00:00,8.65,299.62653,995.6094,3.4237614,11.418454,0.0,0.0
2019-08-25 14:00:00,8.91,298.14017,995.88556,3.335615,12.4353895,0.0,0.0
2019-08-25 15:00:00,8.89,296.8144,995.6133,3.4514244,13.3537,0.0,0.0
2019-08-25 16:00:00,8.74,295.70755,995.7294,2.8307645,14.282456,0.0,0.0
2019-08-25 17:00:00,8.84,294.11554,995.4239,1.9983063,16.51044,0.0,0.0
2019-08-25 18:00:00,8.92,292.64288,995.2942,2.0239282,19.010395,0.0,0.0
2019-08-25 19:00:00,9.52,291.0267,995.38403,1.9675642,22.216825,0.0,0.0
2019-08-25 20:00:00,10.18,290.05383,995.55664,2.2371182,25.525131,0.0,0.0
2019-08-25 21:00:00,10.68,289.3028,996.1753,2.49833,29.735085,0.0,0.0
2019-08-25 22:00:00,11.3,288.6979,997.11633,2.4971595,34.825115,0.0,0.0
2019-08-25 23:00:00,11.8,290.40167,997.7697,2.09453,34.621353,0.0,0.0
2019-08-26 00:00:00,12.79,295.17615,998.2481,2.2621002,27.42741,0.0017174984,0.0
2019-08-26 01:00:00,13.11,299.03992,998.315,2.5905027,22.63863,0.0,0.0
2019-08-26 02:00:00,13.35,302.04205,997.819,2.8388772,17.8515,0.0,0.0
2019-08-26 03:00:00,13.6,304.578,997.1092,3.549203,13.769761,0.0,0.0
2019-08-26 04:00:00,13.66,306.2182,995.89294,4.404813,12.035748,0.0,0.0
2019-08-26 05:00:00,13.96,307.16968,995.04315,4.3204045,11.036925,0.0,0.0
2019-08-26 06:00:00,14.47,307.68945,994.08984,4.038171,10.287658,0.0,0.0
2019-08-26 07:00:00,14.37,307.94565,993.5064,3.7228243,9.924606,0.0,0.0
2019-08-26 08:00:00,14.09,307.7072,993.37555,3.19205,10.0328455,0.0,0.0
2019-08-26 09:00:00,14.24,307.03613,993.68616,2.1199374,10.50111,0.0,0.0
2019-08-26 10:00:00,14.35,305.77783,994.19604,0.94186777,11.53049,0.0,0.0
2019-08-26 11:00:00,14.95,304.16522,994.82666,0.84780794,14.560148,0.0,0.0
2019-08-26 12:00:00,15.73,301.98587,995.50525,1.3868275,16.099726,0.0,0.0
2019-08-26 13:00:00,16.07,300.19897,995.8717,1.2378112,17.72812,0.0,0.0
2019-08-26 14:00:00,16.22,300.0974,996.49115,0.3697192,16.810629,0.0,0.0
2019-08-26 15:00:00,16.07,299.01068,996.7971,0.86352,18.163338,0.0,0.0
2019-08-26 16:00:00,15.94,295.81598,996.80524,2.2738473,22.968027,0.0,0.0
2019-08-26 17:00:00,16.8,294.95126,996.4107,2.3199384,24.543665,0.0,0.0
2019-08-26 18:00:00,16.98,293.84906,996.31537,2.141791,27.284151,0.0,0.0
2019-08-26 19:00:00,17.68,292.88956,996.6791,2.4050655,29.88684,0.0,0.0
2019-08-26 20:00:00,18.19,291.927,997.1566,2.8020363,33.370293,0.0,0.0
2019-08-26 21:00:00,18.62,291.32373,997.7692,2.886587,36.87873,0.0,0.0
2019-08-26 22:00:00,19.02,290.932,998.7823,2.7587018,40.393414,0.0,0.0
2019-08-26 23:00:00,19.13,292.59576,999.8269,2.2903173,38.42586,0.0,0.0
2019-08-27 00:00:00,18.26,296.26483,1000.63873,2.4740474,32.625706,0.0,0.0
2019-08-27 01:00:00,18.13,299.166,1001.0197,2.6660051,29.906467,0.0,0.0
2019-08-27 02:00:00,17.61,301.87955,1000.64655,3.4315639,24.159801,0.0,0.0
2019-08-27 03:00:00,17.19,304.4951,999.4305,5.55366,16.56295,0.0,0.0
2019-08-27 04:00:00,16.88,305.90402,998.04486,6.1581717,13.034451,0.0,0.0
2019-08-27 05:00:00,16.69,306.75958,997.0225,5.505393,11.669395,0.0,0.0
2019-08-27 06:00:00,16.6,307.06183,996.32837,4.576254,10.96939,0.0,0.0
2019-08-27 07:00:00,16.48,307.67084,995.7289,3.8861809,10.550578,0.0,0.0
2019-08-27 08:00:00,15.52,307.47034,995.7127,3.320033,10.576543,0.0,0.0
2019-08-27 09:00:00,14.73,306.81525,996.00616,2.7484372,10.942081,0.0,0.0
2019-08-27 10:00:00,14.1,305.1402,996.7288,2.7824318,12.097044,0.0,0.0
2019-08-27 11:00:00,13.71,303.4338,997.60156,3.463937,13.150178,0.0,0.0
2019-08-27 12:00:00,13.49,302.024,998.3429,4.105116,13.737251,0.0,0.0
2019-08-27 13:00:00,12.93,300.99576,998.64185,4.5574927,13.821273,0.0,0.0
2019-08-27 14:00:00,12.33,300.29962,998.90356,4.8694572,13.587024,0.0,0.0
2019-08-27 15:00:00,11.95,299.56635,999.16376,5.0539923,13.480127,0.0,0.0
2019-08-27 16:00:00,11.12,298.70078,998.97595,5.020256,13.542922,0.0,0.0
2019-08-27 17:00:00,10.71,297.7002,998.7508,4.855765,13.734952,0.0,0.0
2019-08-27 18:00:00,10.3,296.87024,998.7019,4.872694,13.930392,0.0,0.0
2019-08-27 19:00:00,9.92,294.8796,998.9217,3.9133692,17.208603,0.0,0.0
2019-08-27 20:00:00,9.42,293.98798,999.30054,3.8373184,17.761349,0.0,0.0
2019-08-27 21:00:00,9.11,293.29608,1000.01984,3.7505045,18.172663,0.0,0.0
2019-08-27 22:00:00,9.33,292.7318,1001.06116,3.716715,18.750126,0.0,0.0
2019-08-27 23:00:00,9.43,294.17194,1001.9406,3.3535764,17.558647,0.0,0.0
2019-08-28 00:00:00,9.54,297.63538,1002.6718,4.410085,14.71844,0.0030078173,0.0
2019-08-28 01:00:00,9.47,300.70312,1002.6855,5.4386816,12.946458,0.0,0.0
2019-08-28 02:00:00,9.32,303.64743,1001.8413,5.7746654,11.102208,0.0,0.0
2019-08-28 03:00:00,9.17,305.92407,1000.65216,6.318285,9.38233,0.0,0.0
2019-08-28 04:00:00,8.87,307.22354,999.2179,6.1446285,8.369549,0.0,0.0
2019-08-28 05:00:00,8.98,307.849,998.3337,5.655368,7.9768248,0.0,0.0
2019-08-28 06:00:00,9.33,308.08957,997.8622,5.3360276,7.779406,0.0,0.0
2019-08-28 07:00:00,9.35,308.02774,997.5266,5.2364984,7.756029,0.0,0.0
2019-08-28 08:00:00,9.08,307.60065,997.59705,5.47388,7.899614,0.0,0.0
2019-08-28 09:00:00,8.88,306.62213,998.0592,4.94436,8.381585,0.0,0.0
2019-08-28 10:00:00,8.85,304.4135,998.4147,4.136724,9.644459,0.0,0.0
2019-08-28 11:00:00,8.96,302.79086,999.0338,4.2717214,10.7114525,0.0,0.0
2019-08-28 12:00:00,9.07,301.42377,999.83936,4.503922,11.697182,0.0,0.0
2019-08-28 13:00:00,9.17,300.2516,1000.08685,5.0096035,12.672138,0.0,0.0
2019-08-28 14:00:00,9.37,299.4007,1000.5502,5.739792,13.5901375,0.0,0.0
2019-08-28 15:00:00,9.27,298.62894,1000.6671,6.0188165,14.483756,0.0,0.0
2019-08-28 16:00:00,8.99,297.795,1000.54565,5.896319,15.313357,0.0,0.0
2019-08-28 17:00:00,8.68,296.9572,1000.1948,5.784892,16.091358,0.0,0.0
2019-08-28 18:00:00,8.27,296.2257,1000.205,5.966632,16.815008,0.0,0.0
2019-08-28 19:00:00,7.52,294.8896,1000.1543,5.8291717,18.614296,0.0,0.0
2019-08-28 20:00:00,6.84,294.14746,1000.1929,5.912792,19.576962,0.0,0.0
2019-08-28 21:00:00,6.26,293.51688,1000.7812,5.8550606,20.539886,0.0,0.0
2019-08-28 22:00:00,5.96,292.88187,1001.26483,5.70401,21.600294,0.0,0.0
2019-08-28 23:00:00,5.54,294.07675,1002.18787,5.4375615,20.303207,0.0,0.0
2019-08-29 00:00:00,4.44,296.69092,1002.7714,6.904513,17.4511,0.0017117697,0.0
2019-08-29 01:00:00,3.89,299.27478,1003.01447,7.349691,14.96557,0.0,0.0
2019-08-29 02:00:00,3.8,301.4178,1002.60376,7.3082438,12.5071125,0.0,0.0
2019-08-29 03:00:00,4.17,302.6937,1001.5522,6.885824,10.2277565,0.0,0.0
2019-08-29 04:00:00,4.2,303.58768,1000.2928,6.4687486,8.744886,0.0,0.0
2019-08-29 05:00:00,4.0,304.2403,999.1905,6.0949397,7.6807537,0.0,0.0
2019-08-29 06:00:00,4.16,304.60107,998.3869,5.7731037,6.8707647,0.0,0.0
2019-08-29 07:00:00,4.35,305.06683,997.78345,5.4883986,6.3288608,0.0,0.0
2019-08-29 08:00:00,4.25,304.59998,997.575,5.37963,6.094762,0.0,0.0
2019-08-29 09:00:00,4.08,303.59656,997.7673,4.7278123,6.095413,0.0,0.0
2019-08-29 10:00:00,4.01,301.4306,998.6725,3.9823515,6.708207,0.0,0.0
2019-08-29 11:00:00,3.89,299.68677,999.4018,4.2529225,7.116172,0.0,0.0
2019-08-29 12:00:00,3.99,298.1895,1000.248,4.613165,7.3820143,0.0,0.0
2019-08-29 13:00:00,4.14,296.86694,1000.33264,4.695583,7.7046185,0.0,0.0
2019-08-29 14:00:00,3.91,295.6839,1000.6844,4.6504006,8.19595,0.0,0.0
2019-08-29 15:00:00,3.71,294.56995,1000.6103,4.5296364,8.834804,0.0,0.0
2019-08-29 16:00:00,3.45,293.5231,1000.21875,4.3858876,9.579365,0.0,0.0
2019-08-29 17:00:00,3.23,292.49252,999.6498,4.227683,10.423425,0.0,0.0
2019-08-29 18:00:00,2.76,291.51453,999.22876,4.1488886,11.299967,0.0,0.0
2019-08-29 19:00:00,2.36,290.32822,998.9294,4.3548245,14.589496,0.0,0.0
2019-08-29 20:00:00,2.07,289.5249,998.9973,4.4432325,15.812429,0.0,0.0
2019-08-29 21:00:00,1.93,288.9248,999.4786,4.494987,16.580477,0.0,0.0
2019-08-29 22:00:00,2.12,288.43384,1000.05365,4.4860516,17.216331,0.0,0.0
2019-08-29 23:00:00,2.14,290.10278,1000.92126,4.221184,15.724489,0.0,0.0
2019-08-30 00:00:00,2.36,293.632,1001.6295,5.248352,12.514484,0.0,0.0
2019-08-30 01:00:00,2.42,296.89026,1001.84875,5.8850837,10.596153,0.0,0.0
2019-08-30 02:00:00,2.66,299.25238,1001.428,6.6547003,9.07905,0.0,0.0
2019-08-30 03:00:00,2.77,300.76343,999.9623,5.897957,7.662321,0.0,0.0
2019-08-30 04:00:00,2.53,302.0089,998.4776,5.1778507,6.6369114,0.0,0.0
2019-08-30 05:00:00,2.47,302.95724,997.10815,4.578647,5.9432116,0.0,0.0
2019-08-30 06:00:00,2.33,303.58694,996.09064,4.1113744,5.4774003,0.0,0.0
2019-08-30 07:00:00,2.26,304.29358,995.2175,3.7451637,4.7491703,0.0,0.0
2019-08-30 08:00:00,2.22,304.1349,995.35205,3.3218944,4.6834826,0.0,0.0
2019-08-30 09:00:00,1.99,303.3919,995.5082,2.5103447,4.94634,0.0,0.0
2019-08-30 10:00:00,2.07,301.8794,996.16,2.2254272,5.678546,0.0,0.0
2019-08-30 11:00:00,2.08,300.04953,996.9075,2.6021945,6.6848507,0.0,0.0
2019-08-30 12:00:00,2.28,298.0471,997.1621,2.9551847,7.8465714,0.0,0.0
2019-08-30 13:00:00,2.8,296.2673,997.4515,3.1865675,9.034662,0.0,0.0
2019-08-30 14:00:00,3.01,294.75385,997.64557,3.2913952,10.162519,0.0,0.0
2019-08-30 15:00:00,2.93,293.47833,997.6941,3.4032185,11.096068,0.0,0.0
2019-08-30 16:00:00,3.07,292.393,997.90955,3.457712,11.916461,0.0,0.0
2019-08-30 17:00:00,3.3,291.42242,997.42126,3.5225525,12.72104,0.0,0.0
2019-08-30 18:00:00,3.49,290.55328,997.2078,3.5583892,13.52991,0.0,0.0
2019-08-30 19:00:00,4.08,288.98688,997.1289,3.3045685,15.884909,0.0,0.0
2019-08-30 20:00:00,5.54,288.12848,997.57623,3.3283963,16.874037,0.0,0.0
2019-08-30 21:00:00,7.02,287.46313,997.908,3.337305,17.748789,0.0,0.0
2019-08-30 22:00:00,7.78,287.01624,998.6688,3.3365068,18.511848,0.0,0.0
2019-08-30 23:00:00,7.91,289.1054,999.3522,3.128393,16.203987,0.0,0.0
2019-08-31 00:00:00,7.53,293.77264,999.7647,3.7667017,11.831354,0.0021517277,0.0
2019-08-31 01:00:00,7.03,298.01715,999.9872,4.4204807,9.27841,0.0,0.0
2019-08-31 02:00:00,6.58,301.3559,999.3918,4.9563503,7.899107,0.0,0.0
2019-08-31 03:00:00,6.51,303.30823,998.6163,4.723397,6.938634,0.0,0.0
2019-08-31 04:00:00,5.96,304.22992,997.2139,3.761066,6.1685724,0.0,0.0
2019-08-31 05:00:00,5.6,304.92975,996.1182,3.1713192,5.6213307,0.0,0.0
2019-08-31 06:00:00,5.59,305.36505,995.2283,2.8015645,5.2512016,0.0,0.0
2019-08-31 07:00:00,5.47,305.71393,994.65686,2.8182337,5.2696543,0.0,0.0
2019-08-31 08:00:00,5.33,305.5031,994.6147,2.5434415,5.1601214,0.0,0.0
2019-08-31 09:00:00,5.34,304.83453,994.8303,1.9559578,5.4090967,0.0,0.0
2019-08-31 10:00:00,5.1,303.4598,995.2467,1.7914957,6.4840393,0.0,0.0
2019-08-31 11:00:00,4.81,301.71875,995.7722,2.2863503,7.747788,0.0,0.0
2019-08-31 12:00:00,4.87,299.6246,996.489,2.9560006,9.148164,0.0,0.0
2019-08-31 13:00:00,5.13,297.61047,996.76904,3.233256,10.44056,0.0,0.0
2019-08-31 14:00:00,5.25,296.08557,997.13873,3.2982848,11.300921,0.0,0.0
2019-08-31 15:00:00,5.18,294.7989,997.10065,3.2671072,12.023356,0.0,0.0
2019-08-31 16:00:00,4.9,293.6389,997.0826,3.16456,12.802513,0.0,0.0
2019-08-31 17:00:00,4.75,292.6125,996.883,3.213953,13.556628,0.0,0.0
2019-08-31 18:00:00,4.82,291.70435,996.8131,3.2676864,14.213936,0.0,0.0
2019-08-31 19:00:00,4.63,290.2409,996.77155,3.3335152,15.72495,0.0,0.0
2019-08-31 20:00:00,4.55,289.37598,997.3812,3.3939853,16.532028,0.0,0.0
2019-08-31 21:00:00,4.52,288.68475,997.69,3.3874905,17.203701,0.0,0.0
2019-08-31 22:00:00,4.68,288.21997,998.6989,3.5011044,17.696053,0.0,0.0
2019-08-31 23:00:00,4.73,290.27063,999.50385,3.328623,15.410381,0.0,0.0
2019-09-01 00:00:00,5.19,295.0485,1000.2477,3.8949594,11.408509,0.0,0.0
2019-09-01 01:00:00,5.11,299.59518,1000.45,4.531347,8.923423,0.0,0.0
2019-09-01 02:00:00,5.11,303.10547,999.79156,5.3112593,7.4332647,0.0,0.0
2019-09-01 03:00:00,5.14,305.2473,998.83044,5.744771,6.3208513,0.0,0.0
2019-09-01 04:00:00,4.67,306.27997,997.6622,4.8285346,5.6723,0.0,0.0
2019-09-01 05:00:00,4.42,306.9749,996.76294,4.0474234,5.2525682,0.0,0.0
2019-09-01 06:00:00,4.34,307.37628,996.19635,3.4691126,4.931722,0.0,0.0
2019-09-01 07:00:00,4.37,307.58167,995.7442,2.993303,4.6797147,0.0,0.0
2019-09-01 08:00:00,4.43,307.29822,995.88794,2.58174,4.6929884,0.0,0.0
2019-09-01 09:00:00,4.32,306.56128,996.1037,1.9439673,4.9434247,0.0,0.0
2019-09-01 10:00:00,4.0,305.03638,996.5217,2.2495742,5.616307,0.0,0.0
2019-09-01 11:00:00,3.81,302.94653,996.8764,2.845531,6.5928884,0.0,0.0
2019-09-01 12:00:00,4.07,300.65057,997.6223,3.2065873,7.746969,0.0,0.0
2019-09-01 13:00:00,4.11,298.65353,997.8053,3.3414772,8.816744,0.0,0.0
2019-09-01 14:00:00,4.06,297.11487,997.886,3.475589,9.658115,0.0,0.0
2019-09-01 15:00:00,4.0,295.89386,997.868,3.4370546,10.356489,0.0,0.0
2019-09-01 16:00:00,3.75,294.75427,997.553,3.3992372,11.06775,0.0,0.0
2019-09-01 17:00:00,3.72,293.71338,997.17474,3.4665284,11.828616,0.0,0.0
2019-09-01 18:00:00,3.78,292.76785,997.02295,3.3707392,12.6942005,0.0,0.0
2019-09-01 19:00:00,3.73,290.76776,997.1551,2.322848,15.9166975,0.0,0.0
2019-09-01 20:00:00,3.85,289.41028,997.6353,2.1029632,18.434057,0.0,0.0
2019-09-01 21:00:00,4.05,288.34244,998.27783,2.0564964,20.94497,0.0,0.0
2019-09-01 22:00:00,4.53,287.60638,998.85736,2.221195,22.818745,0.0,0.0
2019-09-01 23:00:00,4.7,289.67145,999.64575,1.9483134,20.1391,0.0,0.0
2019-09-02 00:00:00,4.98,294.87036,1000.0161,2.0991888,13.726224,0.0012844801,0.0
2019-09-02 01:00:00,4.94,299.58325,1000.07513,2.329008,10.384881,0.0,0.0
2019-09-02 02:00:00,5.07,303.31012,999.58325,3.0364335,8.16031,0.0,0.0
2019-09-02 03:00:00,4.85,305.70392,998.73413,4.038872,6.777941,0.0,0.0
2019-09-02 04:00:00,4.31,306.92255,997.4975,3.8688414,5.977024,0.0,0.0
2019-09-02 05:00:00,3.76,307.57867,996.35236,3.2352886,5.423278,0.0,0.0
2019-09-02 06:00:00,3.61,307.98804,995.70044,2.799935,5.0346904,0.0,0.0
2019-09-02 07:00:00,3.46,308.30637,994.8911,2.430785,4.569315,0.0,0.0
2019-09-02 08:00:00,3.22,308.14725,995.22925,2.3416297,4.419155,0.0,0.0
2019-09-02 09:00:00,3.26,307.46402,995.35333,1.7650613,4.5107546,0.0,0.0
2019-09-02 10:00:00,3.26,306.0002,995.942,1.5845672,5.092159,0.0,0.0
2019-09-02 11:00:00,3.28,303.79968,996.33167,2.1407108,6.1359873,0.0,0.0
2019-09-02 12:00:00,3.38,301.40268,996.76624,2.6733232,7.219913,0.0,0.0
2019-09-02 13:00:00,3.42,299.3393,996.8633,2.9384305,8.223287,0.0,0.0
2019-09-02 14:00:00,3.64,297.5896,996.8022,3.0558841,9.040473,0.0,0.0
2019-09-02 15:00:00,3.56,296.1704,996.8006,3.0352287,9.707338,0.0,0.0
2019-09-02 16:00:00,3.35,294.95862,996.7855,2.956279,10.429285,0.0,0.0
2019-09-02 17:00:00,3.43,293.93494,996.64526,3.0681353,11.290514,0.0,0.0
2019-09-02 18:00:00,3.7,292.9519,996.3336,3.0826778,12.416659,0.0,0.0
2019-09-02 19:00:00,3.99,291.18774,996.20526,2.8576632,14.538204,0.0,0.0
2019-09-02 20:00:00,4.15,289.99817,996.66284,2.578772,16.650389,0.0,0.0
2019-09-02 21:00:00,4.51,289.06506,997.4465,2.5285068,18.787113,0.0,0.0
2019-09-02 22:00:00,5.37,288.3089,998.1903,2.3249805,21.024895,0.0,0.0
2019-09-02 23:00:00,6.06,290.35675,999.16626,1.8146878,19.682043,0.0,0.0
2019-09-03 00:00:00,7.47,295.3916,999.60297,1.8286326,15.207879,0.0,0.0
2019-09-03 01:00:00,7.77,299.3175,999.6343,1.8280603,16.275274,0.0,0.0
2019-09-03 02:00:00,8.17,302.29352,999.1902,1.4793155,15.856915,0.0,0.0
2019-09-03 03:00:00,8.2,304.6513,998.10565,1.2850937,13.142878,0.0,0.0
2019-09-03 04:00:00,7.61,306.42514,996.9355,2.1283727,10.152003,0.0,0.0
2019-09-03 05:00:00,7.34,307.412,995.7104,2.4743161,8.136258,0.0,0.0
2019-09-03 06:00:00,7.5,307.85803,994.8054,2.3041773,7.4390626,0.0,0.0
2019-09-03 07:00:00,7.57,308.1621,993.91156,2.099981,7.303312,0.0,0.0
2019-09-03 08:00:00,7.74,308.01328,994.10986,1.6182203,7.0891747,0.0,0.0
2019-09-03 09:00:00,7.92,307.49908,994.3267,0.72652835,7.1414037,0.0,0.0
2019-09-03 10:00:00,7.93,306.37964,994.65314,1.1771698,7.804664,0.0,0.0
2019-09-03 11:00:00,7.94,304.55905,995.1756,2.5516047,8.970869,0.0,0.0
2019-09-03 12:00:00,8.13,302.46045,995.91406,3.030032,10.404344,0.0,0.0
2019-09-03 13:00:00,8.32,300.61212,996.1447,3.2928317,11.731151,0.0,0.0
2019-09-03 14:00:00,8.09,299.15842,996.28467,3.3224251,12.788491,0.0,0.0
2019-09-03 15:00:00,7.92,297.83588,996.4409,3.3979754,13.773545,0.0,0.0
2019-09-03 16:00:00,7.73,296.54626,996.22095,3.0727696,14.739191,0.0,0.0
2019-09-03 17:00:00,7.42,295.00488,996.1894,2.1242964,16.394268,0.0,0.0
2019-09-03 18:00:00,7.24,293.6785,996.1916,2.6096668,18.015497,0.0,0.0
2019-09-03 19:00:00,7.69,292.46112,995.9785,3.4415238,24.64621,0.0,0.0
2019-09-03 20:00:00,8.18,291.69128,996.32,2.9894283,32.927315,0.0,0.0
2019-09-03 21:00:00,8.47,290.97922,996.8967,2.831063,41.40763,0.0,0.0
2019-09-03 22:00:00,8.72,290.28687,997.58875,2.7014625,49.76614,0.0,0.0
2019-09-03 23:00:00,8.62,292.22742,998.5229,2.3124626,49.201973,0.0,0.0
2019-09-04 00:00:00,8.92,296.3313,998.75256,2.2359557,41.022976,0.0,0.0
2019-09-04 01:00:00,9.42,299.81055,998.86633,1.9370883,30.741478,0.0,0.0
2019-09-04 02:00:00,9.92,302.59772,998.0037,1.2623118,22.392202,0.0,0.0
2019-09-04 03:00:00,10.57,305.08752,997.2688,1.1430179,17.090946,0.0,0.0
2019-09-04 04:00:00,10.76,306.98676,995.9508,1.8997478,14.370094,0.0,0.0
2019-09-04 05:00:00,11.0,308.27594,994.9441,3.106527,12.415189,0.0,0.0
2019-09-04 06:00:00,11.08,308.7707,994.17444,3.1150408,11.436706,0.0,0.0
2019-09-04 07:00:00,11.0,308.78134,993.64233,2.5754492,11.279239,0.0,0.0
2019-09-04 08:00:00,11.11,308.53754,993.60187,2.1353111,11.40311,0.0,0.0
2019-09-04 09:00:00,11.59,307.96054,993.6261,1.5036318,11.8630905,0.0,0.0
2019-09-04 10:00:00,12.24,306.80347,993.9522,0.61811966,12.901513,0.0,0.0
2019-09-04 11:00:00,12.89,305.3808,994.22705,1.651686,14.299387,0.0,0.0
2019-09-04 12:00:00,13.72,303.4867,994.53046,2.7663393,15.871814,0.0,0.0
2019-09-04 13:00:00,14.3,301.56085,994.7964,3.143348,17.51387,0.0,0.0
2019-09-04 14:00:00,14.25,300.24127,994.9158,3.2913516,18.159939,0.0,0.0
2019-09-04 15:00:00,14.09,299.1,994.91266,3.1836977,18.263031,0.0,0.0
2019-09-04 16:00:00,14.08,298.02646,995.15515,3.3394716,18.370687,0.0,0.0
2019-09-04 17:00:00,14.19,296.80923,995.60876,4.949437,23.447996,0.0,0.0
2019-09-04 18:00:00,14.06,295.7229,995.60986,4.831939,38.343136,0.0,0.0
2019-09-04 19:00:00,13.32,294.30414,995.96704,5.0837502,54.449535,0.0,0.0
2019-09-04 20:00:00,13.12,293.59882,996.325,4.503896,62.63765,0.0,0.0
2019-09-04 21:00:00,12.95,292.94748,997.0248,3.872961,68.415276,0.0,0.0
2019-09-04 22:00:00,13.23,292.3647,997.6375,3.3463137,72.740456,0.0,0.0
2019-09-04 23:00:00,13.28,293.94922,998.3881,3.3835056,66.25487,0.0,0.0
2019-09-05 00:00:00,13.15,297.0445,998.61273,4.0182614,47.124508,0.0,0.0
2019-09-05 01:00:00,13.21,300.08154,998.55023,4.2596517,27.35823,0.0,0.0
2019-09-05 02:00:00,12.93,302.5371,997.82874,4.2019506,19.012003,0.0,0.0
2019-09-05 03:00:00,12.37,304.70142,997.03033,4.158029,14.033912,0.0,0.0
2019-09-05 04:00:00,11.92,306.3382,995.48126,4.034975,10.977215,0.0,0.0
2019-09-05 05:00:00,11.84,307.35358,994.41,3.5729055,9.710191,0.0,0.0
2019-09-05 06:00:00,11.21,307.8789,993.72675,3.2404435,9.526162,0.0,0.0
2019-09-05 07:00:00,11.18,307.95486,993.53064,3.2682426,9.628404,0.0,0.0
2019-09-05 08:00:00,11.23,307.62445,993.64923,2.747045,9.770273,0.0,0.0
2019-09-05 09:00:00,11.25,306.9568,994.0133,2.293639,10.080542,0.0,0.0
2019-09-05 10:00:00,11.54,305.48138,994.4116,2.2744446,11.103166,0.0,0.0
2019-09-05 11:00:00,11.7,303.85318,994.85376,2.6782832,12.315176,0.0,0.0
2019-09-05 12:00:00,11.96,302.2684,995.5633,2.9148672,13.605894,0.0,0.0
2019-09-05 13:00:00,12.34,300.88074,995.5446,3.1052136,14.907119,0.0,0.0
2019-09-05 14:00:00,12.74,299.75153,995.5217,3.3546956,16.193594,0.0,0.0
2019-09-05 15:00:00,13.53,298.8553,995.4261,3.3990476,17.438221,0.0,0.0
2019-09-05 16:00:00,14.34,297.9361,994.99414,3.5262787,18.72006,0.0,0.0
2019-09-05 17:00:00,15.28,297.18103,994.9297,4.320295,21.548845,0.0,0.0
2019-09-05 18:00:00,15.77,296.24942,994.9595,4.5830092,28.531786,0.0,0.0
2019-09-05 19:00:00,16.13,295.00043,995.5034,3.473151,35.282253,0.0,0.0
2019-09-05 20:00:00,16.5,294.3524,995.97797,2.8729877,35.638836,0.0,0.0
2019-09-05 21:00:00,16.45,293.43542,996.44,2.3564048,37.049583,0.0,0.0
2019-09-05 22:00:00,16.26,292.69867,997.18054,2.1421843,39.08189,0.0,0.0
2019-09-05 23:00:00,15.92,294.47406,997.9172,1.656973,35.225094,0.0,0.0
2019-09-06 00:00:00,15.63,297.99017,998.2394,1.8998837,26.759315,0.0,0.0
2019-09-06 01:00:00,15.06,300.26984,998.12354,2.0545216,22.593897,0.0,0.0
2019-09-06 02:00:00,14.9,302.45367,997.6326,1.9607376,18.952658,0.0,0.0
2019-09-06 03:00:00,14.52,304.5299,996.72156,1.8446182,15.923108,0.0,0.0
2019-09-06 04:00:00,14.3,306.28592,995.51764,1.6936712,13.547061,0.0,0.0
2019-09-06 05:00:00,14.44,307.42786,994.5361,1.3887861,11.96038,0.0,0.0
2019-09-06 06:00:00,14.39,307.91205,993.8511,0.47414172,11.534702,0.0,0.0
2019-09-06 07:00:00,14.99,307.97662,993.54266,0.56420034,13.368214,0.0,0.0
2019-09-06 08:00:00,15.15,307.8866,993.6768,0.98068994,13.490968,0.0,0.0
2019-09-06 09:00:00,15.06,307.45566,994.2165,1.1825058,13.86376,0.0,0.0
2019-09-06 10:00:00,15.19,306.4956,994.8655,1.6872079,14.841117,0.0,0.0
2019-09-06 11:00:00,15.46,305.2494,995.4597,2.4661477,16.143044,0.0,0.0
2019-09-06 12:00:00,16.32,303.69794,996.002,3.047958,17.82553,0.0,0.0
2019-09-06 13:00:00,17.04,302.368,996.1385,3.4640954,19.291296,0.0,0.0
2019-09-06 14:00:00,17.49,301.29053,995.942,3.5614665,20.521936,0.0,0.0
2019-09-06 15:00:00,17.89,300.33795,995.80994,3.3904417,21.70927,0.0,0.0
2019-09-06 16:00:00,17.77,299.31134,995.55914,2.8551495,23.128662,0.0,0.0
2019-09-06 17:00:00,17.96,297.99512,995.5396,2.2745492,25.467678,0.0,0.0
2019-09-06 18:00:00,18.84,297.10553,995.96063,3.6442025,27.81308,0.0,0.0
2019-09-06 19:00:00,18.81,295.7843,996.46783,4.1370273,37.83508,0.0,0.0
2019-09-06 20:00:00,18.88,294.97354,997.0144,3.9578996,43.49238,0.0,0.0
2019-09-06 21:00:00,18.54,294.35834,997.7728,3.6209083,46.299335,0.0,0.0
2019-09-06 22:00:00,17.51,293.85724,998.2322,3.5307665,46.89894,0.0,0.0
2019-09-06 23:00:00,16.33,295.78696,999.26587,3.5628495,39.251358,0.0,0.0
2019-09-07 00:00:00,16.16,298.89325,999.51733,4.276477,28.32652,0.0,0.0
2019-09-07 01:00:00,16.71,301.36618,999.5511,4.0335402,22.82379,0.0,0.0
2019-09-07 02:00:00,17.83,303.6933,998.81104,3.5721,19.24995,0.0,0.0
2019-09-07 03:00:00,18.03,305.7681,998.0005,3.0530844,16.626245,0.0,0.0
2019-09-07 04:00:00,17.53,307.21478,996.6468,2.3430462,14.967357,0.0,0.0
2019-09-07 05:00:00,17.75,308.14236,995.6252,2.1562417,14.641842,0.0,0.0
2019-09-07 06:00:00,18.29,308.76453,994.7902,2.5428667,14.411499,0.0,0.0
2019-09-07 07:00:00,18.95,309.22614,994.59045,2.7627885,14.027527,0.0,0.0
2019-09-07 08:00:00,19.33,308.987,994.69055,2.4579546,14.055678,0.0,0.0
2019-09-07 09:00:00,19.5,308.44244,995.31085,2.2322598,14.425224,0.0,0.0
2019-09-07 10:00:00,19.9,306.9367,995.89374,3.0634801,15.71088,0.0,0.0
2019-09-07 11:00:00,20.5,305.50195,996.52966,3.961443,16.935448,0.0,0.0
2019-09-07 12:00:00,21.05,304.29138,996.88116,4.363251,18.059973,0.0,0.0
2019-09-07 13:00:00,21.03,303.20264,996.9858,4.2634106,19.22939,0.0,0.0
2019-09-07 14:00:00,21.3,302.18646,996.91583,3.8663294,20.467524,0.0,0.0
2019-09-07 15:00:00,21.59,301.1969,997.03845,3.208766,21.81939,0.0,0.0
2019-09-07 16:00:00,21.59,299.94427,997.0056,2.4445636,23.77896,0.0,0.0
2019-09-07 17:00:00,21.72,298.81598,997.06714,2.7240047,25.494009,0.0,0.0
2019-09-07 18:00:00,21.67,297.7756,997.33453,3.4537299,27.609283,0.0,0.0
2019-09-07 19:00:00,21.67,296.62384,997.47485,3.4692786,34.481163,0.0,0.0
2019-09-07 20:00:00,21.84,295.76697,998.0514,3.1664684,38.708138,0.0,0.0
2019-09-07 21:00:00,21.84,295.0409,998.8775,3.0292323,42.51217,0.0,0.0
2019-09-07 22:00:00,21.51,294.46844,999.5429,2.9830039,45.82861,0.0,0.0
2019-09-07 23:00:00,21.24,296.45728,1000.09326,2.8247309,41.44155,0.0,0.0
2019-09-08 00:00:00,23.23,299.94666,1000.3655,3.0493855,31.630346,0.0,0.0
2019-09-08 01:00:00,23.94,302.64307,1000.3322,2.32842,24.509527,0.0,0.0
2019-09-08 02:00:00,24.69,304.9699,999.85815,1.5328716,20.523506,0.0,0.0
2019-09-08 03:00:00,25.06,307.05597,998.7445,0.9421491,17.607718,0.0,0.0
2019-09-08 04:00:00,24.79,308.73877,997.73975,1.6010476,15.879404,0.0,0.0
2019-09-08 05:00:00,24.81,309.76337,996.6259,2.8551562,15.966964,0.0,0.0
2019-09-08 06:00:00,24.95,310.20892,995.73303,3.0231764,15.652849,0.0,0.0
2019-09-08 07:00:00,25.09,310.31952,995.3031,2.650188,16.355375,0.0,0.0
2019-09-08 08:00:00,25.12,310.08875,995.5119,2.21012,16.459984,0.0,0.0
2019-09-08 09:00:00,25.32,309.5214,995.64453,1.4276443,16.92163,0.0,0.0
2019-09-08 10:00:00,25.53,308.64337,996.4931,1.0595146,17.9281,0.0,0.0
2019-09-08 11:00:00,25.99,307.3568,996.4749,2.4504256,19.468449,0.0,0.0
2019-09-08 12:00:00,26.5,306.013,996.85065,2.8146353,21.172329,0.0,0.0
2019-09-08 13:00:00,27.2,304.9536,996.8489,2.8210654,22.573193,0.0,0.0
2019-09-08 14:00:00,27.8,304.19058,997.1755,2.9870198,23.601067,0.0,0.0
2019-09-08 15:00:00,27.59,303.70526,996.95795,3.153571,24.182375,0.0,0.0
2019-09-08 16:00:00,27.04,303.2882,996.86127,3.9730303,24.567297,0.0,0.0
2019-09-08 17:00:00,26.2,303.22247,996.9447,5.63008,24.199429,0.0,0.0
2019-09-08 18:00:00,24.92,302.88763,997.27795,6.4118977,22.847662,0.0,0.0
2019-09-08 19:00:00,23.12,301.35175,997.8847,6.2020464,19.748556,0.0,0.0
2019-09-08 20:00:00,21.65,300.24768,998.5175,5.162005,20.323675,0.0,0.0
2019-09-08 21:00:00,21.52,299.14435,999.6844,4.3199916,21.59339,0.0,0.0
2019-09-08 22:00:00,22.02,298.27786,1000.60474,3.8139017,22.487896,0.0,0.0
2019-09-08 23:00:00,21.92,299.84143,1001.48334,3.687944,19.837076,0.0,0.0
2019-09-09 00:00:00,21.46,302.2619,1002.2505,5.5302753,16.343744,0.0,0.0
2019-09-09 01:00:00,20.96,304.09088,1002.28076,6.6998787,13.984816,0.0,0.0
2019-09-09 02:00:00,19.97,305.84238,1001.62384,7.1511936,12.204421,0.0,0.0
2019-09-09 03:00:00,19.03,307.55493,1000.401,7.0937476,10.947455,0.0,0.0
2019-09-09 04:00:00,17.96,308.9641,998.96173,6.635424,10.320231,0.0,0.0
2019-09-09 05:00:00,17.06,309.8122,997.72736,6.0187345,10.166773,0.0,0.0
2019-09-09 06:00:00,16.36,310.2742,997.02734,5.6706276,10.012419,0.0,0.0
2019-09-09 07:00:00,16.01,310.45285,996.2018,5.3971806,9.905844,0.0,0.0
2019-09-09 08:00:00,15.75,310.099,996.4827,5.7732725,9.834004,0.0,0.0
2019-09-09 09:00:00,15.57,309.14597,996.8031,5.8211145,10.165951,0.0,0.0
2019-09-09 10:00:00,15.52,307.25693,997.8088,5.53316,11.195627,0.0,0.0
2019-09-09 11:00:00,15.28,305.81805,998.40485,6.4176707,11.56881,0.0,0.0
2019-09-09 12:00:00,15.15,304.60413,999.1958,7.092406,10.882713,0.0,0.0
2019-09-09 13:00:00,15.0,303.4523,999.5106,7.1509023,9.957785,0.0,0.0
2019-09-09 14:00:00,14.28,302.37854,999.98126,6.938057,9.5717,0.0,0.0
2019-09-09 15:00:00,13.08,301.3377,1000.02844,6.6822705,9.561515,0.0,0.0
2019-09-09 16:00:00,12.3,300.31104,999.97345,6.222547,9.683259,0.0,0.0
2019-09-09 17:00:00,11.38,299.26443,999.86237,5.729261,9.853617,0.0,0.0
2019-09-09 18:00:00,10.04,298.24323,999.9369,5.37877,9.978769,0.0,0.0
2019-09-09 19:00:00,8.74,296.79242,999.7689,5.1490917,10.817837,0.0,0.0
2019-09-09 20:00:00,7.82,295.97665,1000.6774,5.3337584,10.490876,0.0,0.0
2019-09-09 21:00:00,7.35,295.3335,1001.22266,5.504359,9.954192,0.0,0.0
2019-09-09 22:00:00,6.85,294.90985,1002.16156,5.6592813,9.440652,0.0,0.0
2019-09-09 23:00:00,6.54,296.47778,1003.1777,5.699189,8.11387,0.0,0.0
2019-09-10 00:00:00,6.83,298.72156,1003.8678,7.886376,6.987792,0.0,0.0
2019-09-10 01:00:00,6.19,300.8598,1003.81415,8.505214,6.500194,0.0,0.0
2019-09-10 02:00:00,5.98,302.73438,1003.09564,8.6970825,5.6687756,0.0,0.0
2019-09-10 03:00:00,5.21,304.26294,1002.08484,8.685917,4.5624285,0.0,0.0
2019-09-10 04:00:00,4.08,305.45105,1000.8591,8.448563,3.764198,0.0,0.0
2019-09-10 05:00:00,3.35,306.28876,999.7141,8.146277,3.2389264,0.0,0.0
2019-09-10 06:00:00,2.72,306.74435,998.97327,7.9012957,2.9531827,0.0,0.0
2019-09-10 07:00:00,2.41,306.7673,998.0522,8.156993,2.9143548,0.0,0.0
2019-09-10 08:00:00,2.14,306.2663,998.3928,8.173464,3.051491,0.0,0.0
2019-09-10 09:00:00,2.5,305.14352,998.86505,7.0124702,3.4504685,0.0,0.0
2019-09-10 10:00:00,2.65,303.0586,999.6819,5.33039,4.138387,0.0,0.0
2019-09-10 11:00:00,2.82,301.41388,1000.54517,4.6970816,4.8110743,0.0,0.0
2019-09-10 12:00:00,2.97,299.94232,1001.3027,4.546908,5.6118298,0.0,0.0
2019-09-10 13:00:00,3.38,298.73798,1001.9311,4.728181,6.5554132,0.0,0.0
2019-09-10 14:00:00,3.38,297.70108,1002.1697,4.85116,7.6156654,0.0,0.0
2019-09-10 15:00:00,3.31,296.67938,1002.327,4.7641716,8.646603,0.0,0.0
2019-09-10 16:00:00,3.18,295.6873,1002.34485,4.660078,9.528073,0.0,0.0
2019-09-10 17:00:00,2.94,294.7798,1002.1342,4.59963,10.2179985,0.0,0.0
2019-09-10 18:00:00,2.8,294.0216,1002.1397,4.5652666,10.73505,0.0,0.0
2019-09-10 19:00:00,2.6,293.20306,1002.24384,4.8053455,12.408547,0.0,0.0
2019-09-10 20:00:00,2.92,292.68658,1002.64453,4.9636006,12.863341,0.0,0.0
2019-09-10 21:00:00,3.13,292.41077,1003.32,5.362149,12.937445,0.0,0.0
2019-09-10 22:00:00,3.21,292.42285,1004.3443,5.718123,12.733534,0.0,0.0
2019-09-10 23:00:00,3.1,294.61682,1005.0712,5.703289,11.138709,0.0,0.0
2019-09-11 00:00:00,3.23,297.5124,1005.3897,7.712549,9.515844,0.0,0.0
2019-09-11 01:00:00,3.07,299.91974,1005.0901,9.079882,8.522567,0.0,0.0
2019-09-11 02:00:00,3.1,301.93256,1004.2714,9.170728,7.2673397,0.0,0.0
2019-09-11 03:00:00,2.96,303.61755,1003.3803,8.570029,6.1704464,0.0,0.0
2019-09-11 04:00:00,2.8,304.898,1001.8161,7.8614526,5.4230547,0.0,0.0
2019-09-11 05:00:00,2.85,305.89053,1000.72,7.3119,4.875297,0.0,0.0
2019-09-11 06:00:00,2.73,306.5028,999.73846,7.0076227,4.5153403,0.0,0.0
2019-09-11 07:00:00,2.84,306.7504,999.1467,7.2382274,3.9988573,0.0,0.0
2019-09-11 08:00:00,2.6,306.37335,999.19086,7.066009,4.0374794,0.0,0.0
2019-09-11 09:00:00,2.41,305.32285,999.133,6.0540833,4.356847,0.0,0.0
2019-09-11 10:00:00,2.35,303.12717,1000.04626,4.823241,5.112861,0.0,0.0
2019-09-11 11:00:00,2.6,301.4073,1000.6839,4.6498175,5.802782,0.0,0.0
2019-09-11 12:00:00,2.88,299.93884,1001.63794,4.5796356,6.4614253,0.0,0.0
2019-09-11 13:00:00,3.3,298.59906,1001.92773,4.5658073,7.096659,0.0,0.0
2019-09-11 14:00:00,3.38,297.36365,1002.24365,4.5710764,7.7072783,0.0,0.0
2019-09-11 15:00:00,3.29,296.23367,1002.3086,4.7036905,8.269333,0.0,0.0
2019-09-11 16:00:00,3.11,295.27637,1002.3683,4.775636,8.74139,0.0,0.0
2019-09-11 17:00:00,3.1,294.4275,1002.0756,4.829712,9.135231,0.0,0.0
2019-09-11 18:00:00,3.01,293.6388,1001.9822,4.6793385,9.49667,0.0,0.0
2019-09-11 19:00:00,2.76,292.10773,1001.8164,4.452634,12.086205,0.0,0.0
2019-09-11 20:00:00,2.64,291.31497,1002.44867,4.305056,13.090343,0.0,0.0
2019-09-11 21:00:00,2.55,290.60956,1002.7918,4.120699,13.937153,0.0,0.0
2019-09-11 22:00:00,2.68,290.17685,1003.9794,4.00017,14.486025,0.0,0.0
2019-09-11 23:00:00,2.87,292.59424,1004.6272,3.893876,12.309779,0.0,0.0
2019-09-12 00:00:00,2.64,296.57782,1005.1593,5.430836,9.090284,0.0,0.0
2019-09-12 01:00:00,2.74,300.01556,1004.91626,6.8806124,7.258957,0.0,0.0
2019-09-12 02:00:00,2.94,302.7368,1004.09454,8.21748,6.100906,0.0,0.0
2019-09-12 03:00:00,2.85,304.36707,1002.89276,8.195533,5.3081555,0.0,0.0
2019-09-12 04:00:00,2.74,305.3994,1001.481,7.433136,4.8492,0.0,0.0
2019-09-12 05:00:00,2.96,306.13855,1000.3042,6.764851,4.550774,0.0,0.0
2019-09-12 06:00:00,2.89,306.56342,999.2875,6.2493,4.3463693,0.0,0.0
2019-09-12 07:00:00,2.93,306.81122,998.97076,5.9973416,3.8640008,0.0,0.0
2019-09-12 08:00:00,3.08,306.5064,998.9169,5.6572013,3.9007907,0.0,0.0
2019-09-12 09:00:00,2.91,305.5761,999.0032,4.453129,4.148322,0.0,0.0
2019-09-12 10:00:00,2.85,303.2961,999.7717,3.430706,4.87038,0.0,0.0
2019-09-12 11:00:00,3.15,301.4668,1000.3345,3.4106507,5.541627,0.0,0.0
2019-09-12 12:00:00,3.34,299.72305,1000.8967,3.5629487,6.2176476,0.0,0.0
2019-09-12 13:00:00,3.43,298.17813,1001.06665,3.7847216,6.834091,0.0,0.0
2019-09-12 14:00:00,3.39,296.8878,1001.2012,3.9888344,7.3543444,0.0,0.0
2019-09-12 15:00:00,3.37,295.7644,1001.25104,4.0622473,7.839522,0.0,0.0
2019-09-12 16:00:00,2.94,294.66068,1001.1004,3.9560952,8.416118,0.0,0.0
2019-09-12 17:00:00,2.93,293.60376,1000.9448,3.9213035,9.04515,0.0,0.0
2019-09-12 18:00:00,3.03,292.70773,1000.76514,4.0744314,9.605425,0.0,0.0
2019-09-12 19:00:00,2.98,291.28256,1000.62463,4.2009892,10.95914,0.0,0.0
2019-09-12 20:00:00,2.94,290.73596,1001.34784,4.2423563,11.469639,0.0,0.0
2019-09-12 21:00:00,2.88,290.26715,1001.6357,4.2038946,12.105676,0.0,0.0
2019-09-12 22:00:00,3.14,290.0576,1002.3759,4.198678,12.619439,0.0,0.0
2019-09-12 23:00:00,3.09,292.7763,1003.03284,4.373462,10.891951,0.0,0.0
2019-09-13 00:00:00,3.37,297.05035,1003.39734,5.9530315,8.611449,0.0,0.0
2019-09-13 01:00:00,3.28,300.86298,1003.2782,6.956717,7.1333895,0.0,0.0
2019-09-13 02:00:00,3.51,303.81592,1002.53625,7.7885213,6.0457206,0.0,0.0
2019-09-13 03:00:00,3.33,305.30908,1001.60516,7.4664836,5.2645025,0.0,0.0
2019-09-13 04:00:00,3.31,306.24207,1000.40796,6.698472,4.8484473,0.0,0.0
2019-09-13 05:00:00,3.53,306.8948,999.455,6.1147027,4.6680884,0.0,0.0
2019-09-13 06:00:00,3.56,307.2464,998.54095,5.6818156,4.632902,0.0,0.0
2019-09-13 07:00:00,4.05,307.82977,998.0451,5.813484,5.2179446,0.0,0.0
2019-09-13 08:00:00,4.63,307.55774,997.839,5.506802,5.736559,0.0,0.0
2019-09-13 09:00:00,5.63,306.7113,998.05994,4.510729,6.467382,0.0,0.0
2019-09-13 10:00:00,6.85,304.50775,998.6339,3.5398417,7.775569,0.0,0.0
2019-09-13 11:00:00,7.32,302.76428,999.4199,3.7502751,9.108691,0.0,0.0
2019-09-13 12:00:00,7.53,301.27106,999.8899,4.177699,10.57578,0.0,0.0
2019-09-13 13:00:00,7.65,300.05078,1000.27313,4.4081073,12.168863,0.0,0.0
2019-09-13 14:00:00,7.75,298.9497,1000.38904,4.36101,13.914922,0.0,0.0
2019-09-13 15:00:00,8.14,297.91205,1000.58185,4.2595644,15.798646,0.0,0.0
2019-09-13 16:00:00,7.9,297.00024,1000.2608,4.359976,17.737316,0.0,0.0
2019-09-13 17:00:00,7.58,296.30212,1000.1906,4.5029516,19.408651,0.0,0.0
2019-09-13 18:00:00,6.49,295.6814,1000.1228,4.726874,20.35682,0.0,0.0
2019-09-13 19:00:00,5.53,294.37946,999.9454,4.2474666,21.750866,0.0,0.0
2019-09-13 20:00:00,5.07,293.50464,1000.7218,4.1783924,21.906855,0.0,0.0
2019-09-13 21:00:00,5.11,292.71286,1001.0053,4.1558585,21.47953,0.0,0.0
2019-09-13 22:00:00,5.14,292.24884,1002.02,4.2384667,20.20446,0.0,0.0
2019-09-13 23:00:00,4.99,294.66275,1002.6919,4.3554754,15.304825,0.0,0.0
2019-09-14 00:00:00,5.56,298.54935,1003.2675,5.7008595,10.457698,0.0,0.0
2019-09-14 01:00:00,6.02,302.08496,1002.96875,6.805664,8.586484,0.0,0.0
2019-09-14 02:00:00,5.95,304.8237,1002.0386,8.243358,8.132106,0.0,0.0
2019-09-14 03:00:00,5.79,306.24716,1001.02655,8.440758,8.3446455,0.0,0.0
2019-09-14 04:00:00,5.82,307.09918,999.7749,7.626871,7.885982,0.0,0.0
2019-09-14 05:00:00,6.07,307.72217,998.64624,6.849556,7.5119486,0.0,0.0
2019-09-14 06:00:00,6.25,308.10223,997.6242,6.2151265,7.290822,0.0,0.0
2019-09-14 07:00:00,6.4,308.56793,997.0997,6.2698174,6.259484,0.0,0.0
2019-09-14 08:00:00,5.71,308.25684,997.03046,5.834323,6.4795995,0.0,0.0
2019-09-14 09:00:00,5.73,307.31458,997.2025,4.684188,7.0606866,0.0,0.0
2019-09-14 10:00:00,5.64,305.08008,997.7637,3.529846,8.341827,0.0,0.0
2019-09-14 11:00:00,5.95,303.34027,998.34924,3.6294057,9.540796,0.0,0.0
2019-09-14 12:00:00,6.22,301.78702,998.89557,3.9030268,10.766349,0.0,0.0
2019-09-14 13:00:00,6.32,300.4801,999.13727,4.135468,11.930693,0.0,0.0
2019-09-14 14:00:00,6.7,299.36353,999.1443,4.2464848,13.0269165,0.0,0.0
2019-09-14 15:00:00,6.95,298.32434,999.0684,4.2124166,14.073144,0.0,0.0
2019-09-14 16:00:00,7.29,297.25403,998.8063,3.9724512,15.110705,0.0,0.0
2019-09-14 17:00:00,7.67,296.2191,998.66187,3.8017192,16.065302,0.0,0.0
2019-09-14 18:00:00,7.97,295.33972,998.29767,3.8412251,16.772022,0.0,0.0
2019-09-14 19:00:00,8.11,293.9649,998.51904,2.9452388,18.738482,0.0,0.0
2019-09-14 20:00:00,7.97,292.3844,998.96204,2.274658,22.211193,0.0,0.0
2019-09-14 21:00:00,7.93,291.0975,999.51874,2.1966147,26.673496,0.0,0.0
2019-09-14 22:00:00,7.77,290.12677,1000.0056,1.866832,31.744623,0.0,0.0
2019-09-14 23:00:00,7.72,293.1608,1000.8641,0.87376714,28.151974,0.0,0.0
2019-09-15 00:00:00,6.53,297.516,1001.1961,0.66708976,22.017456,0.0,0.0
2019-09-15 01:00:00,6.81,300.9403,1001.1653,1.3122289,15.714416,0.0,0.0
2019-09-15 02:00:00,6.8,304.04614,1000.14307,2.9023578,11.1065445,0.0,0.0
2019-09-15 03:00:00,6.53,306.60367,999.20013,4.725177,9.360201,0.0,0.0
2019-09-15 04:00:00,6.61,307.95975,997.6256,5.586606,8.975941,0.0,0.0
2019-09-15 05:00:00,6.55,308.7667,996.7488,5.4226003,8.530466,0.0,0.0
2019-09-15 06:00:00,6.71,309.193,996.16,5.152747,8.3447075,0.0,0.0
2019-09-15 07:00:00,6.51,309.4945,995.4526,5.040796,7.381308,0.0,0.0
2019-09-15 08:00:00,6.56,309.14233,995.42096,4.82064,7.5658,0.0,0.0
2019-09-15 09:00:00,6.38,308.24918,995.4637,4.0529356,8.118386,0.0,0.0
2019-09-15 10:00:00,6.46,306.1551,995.96655,3.3291001,9.434279,0.0,0.0
2019-09-15 11:00:00,7.04,304.45245,996.46576,3.671883,10.695215,0.0,0.0
2019-09-15 12:00:00,7.44,303.0385,997.1928,4.081175,11.952375,0.0,0.0
2019-09-15 13:00:00,7.7,301.86624,997.3914,4.358271,13.180009,0.0,0.0
2019-09-15 14:00:00,7.53,300.84204,997.47833,4.4914427,14.3357725,0.0,0.0
2019-09-15 15:00:00,7.43,299.865,997.5836,4.324471,15.504941,0.0,0.0
2019-09-15 16:00:00,7.6,298.8247,997.2642,4.02703,16.90027,0.0,0.0
2019-09-15 17:00:00,7.71,297.6702,997.2933,3.5550373,18.65456,0.0,0.0
2019-09-15 18:00:00,8.5,296.36932,997.3139,3.2419965,21.25502,0.0,0.0
2019-09-15 19:00:00,9.4,294.57812,997.8167,2.848255,22.899485,0.0,0.0
2019-09-15 20:00:00,10.66,293.35907,998.39954,2.4445152,28.510633,0.0,0.0
2019-09-15 21:00:00,10.86,292.3478,998.88873,2.124794,36.087463,0.0,0.0
2019-09-15 22:00:00,10.59,291.54315,999.1683,1.7606263,44.315914,0.0,0.0
2019-09-15 23:00:00,10.68,294.2976,999.7289,1.3673673,42.39925,0.0,0.0
2019-09-16 00:00:00,9.83,297.97314,1000.32495,1.3524811,39.452633,0.0,0.0
2019-09-16 01:00:00,9.71,301.15015,1000.1125,0.9534054,31.56982,0.0,0.0
2019-09-16 02:00:00,9.08,303.91925,999.16943,0.7141241,21.677689,0.0,0.0
2019-09-16 03:00:00,8.51,306.30487,998.3758,1.9009227,14.953555,0.0,0.0
2019-09-16 04:00:00,7.86,307.9488,996.87335,3.407444,10.272579,0.0,0.0
2019-09-16 05:00:00,7.38,308.64615,995.88983,3.027695,9.142206,0.0,0.0
2019-09-16 06:00:00,7.37,309.07187,995.1752,2.4462736,8.504059,0.0,0.0
2019-09-16 07:00:00,7.12,309.50336,994.53906,2.3755984,7.73916,0.0,0.0
2019-09-16 08:00:00,6.99,309.37656,994.41284,2.2101898,7.477837,0.0,0.0
2019-09-16 09:00:00,6.99,308.85925,994.40515,1.9201837,7.485731,0.0,0.0
2019-09-16 10:00:00,7.0,307.57993,995.0344,1.2185462,8.18446,0.0,0.0
2019-09-16 11:00:00,7.38,305.93384,995.70294,1.5958959,9.304989,0.0,0.0
2019-09-16 12:00:00,7.83,303.82233,996.2498,2.2736273,10.677866,0.0,0.0
2019-09-16 13:00:00,8.08,301.99884,996.53467,2.6824617,11.944418,0.0,0.0
2019-09-16 14:00:00,8.14,300.47357,996.7419,2.7957146,13.300082,0.0,0.0
2019-09-16 15:00:00,8.1,299.15814,996.4475,2.7163956,14.936524,0.0,0.0
2019-09-16 16:00:00,7.86,298.10962,996.51874,2.7740898,16.64732,0.0,0.0
2019-09-16 17:00:00,8.31,297.7022,996.28735,3.6075177,17.86609,0.0,0.0
2019-09-16 18:00:00,8.87,297.02298,996.5025,4.5077167,21.663574,0.0,0.0
2019-09-16 19:00:00,9.99,294.6982,996.84143,3.7483993,24.115211,0.0,0.0
2019-09-16 20:00:00,11.25,293.9619,997.3894,3.876151,39.07169,0.0,0.0
2019-09-16 21:00:00,12.69,293.16342,997.91315,3.4099681,57.586826,0.0,0.0
2019-09-16 22:00:00,14.33,292.7271,998.4182,2.9783044,70.03988,0.0,0.0
2019-09-16 23:00:00,15.7,294.97092,999.3041,2.6420994,65.48288,0.0,0.0
2019-09-17 00:00:00,15.51,298.07867,1000.09125,2.6842241,53.935993,0.0,0.0
2019-09-17 01:00:00,15.43,301.2608,1000.2239,2.6301327,40.685757,0.0,0.0
2019-09-17 02:00:00,14.34,304.15353,999.5588,2.5710554,29.97153,0.0,0.0
2019-09-17 03:00:00,12.85,306.40576,998.5678,2.2725515,22.14922,0.0,0.0
2019-09-17 04:00:00,12.11,307.97247,997.5218,2.3549256,15.47541,0.0,0.0
2019-09-17 05:00:00,12.06,308.71118,996.53064,2.2213173,12.448166,0.0,0.0
2019-09-17 06:00:00,11.75,308.97656,995.6775,1.8242204,11.669805,0.0,0.0
2019-09-17 07:00:00,11.62,308.7834,995.4575,1.1303623,11.502945,0.0,0.0
2019-09-17 08:00:00,12.14,308.58795,995.4911,1.1392348,11.441076,0.0,0.0
2019-09-17 09:00:00,12.25,308.12122,995.71216,1.3601031,11.685608,0.0,0.0
2019-09-17 10:00:00,12.69,307.1137,996.2753,1.9667419,12.55455,0.0,0.0
2019-09-17 11:00:00,13.23,305.68964,996.9522,2.6872468,13.785355,0.0,0.0
2019-09-17 12:00:00,13.51,304.29407,997.4311,3.2485006,14.9848995,0.0,0.0
2019-09-17 13:00:00,13.18,303.10306,997.7903,3.6497808,16.100496,0.0,0.0
2019-09-17 14:00:00,12.67,302.1009,997.7589,3.8479905,17.152176,0.0,0.0
2019-09-17 15:00:00,12.3,301.1781,997.4739,3.8418014,18.159369,0.0,0.0
2019-09-17 16:00:00,11.82,300.26648,997.3141,3.561529,19.181208,0.0,0.0
2019-09-17 17:00:00,12.0,298.9419,997.1622,2.9547582,20.78546,0.0,0.0
2019-09-17 18:00:00,12.21,297.82227,997.14185,3.6368065,22.157057,0.0,0.0
2019-09-17 19:00:00,12.48,296.70023,997.4484,3.1077328,24.336239,0.0,0.0
2019-09-17 20:00:00,12.63,295.48248,997.5506,3.3261511,26.273315,0.0,0.0
2019-09-17 21:00:00,12.91,294.48,998.3777,2.7486923,27.74946,0.0,0.0
2019-09-17 22:00:00,12.97,293.58185,998.73126,1.8248025,29.909864,0.0,0.0
2019-09-17 23:00:00,13.66,296.25806,999.7883,0.82409644,26.273796,0.0,0.0
2019-09-18 00:00:00,15.37,300.49628,1000.0859,0.91396415,19.382698,0.0017021385,0.0
2019-09-18 01:00:00,16.25,303.74982,1000.2911,1.0458418,15.833352,0.0,0.0
2019-09-18 02:00:00,17.11,306.1079,999.56555,0.5364794,13.7731495,0.0,0.0
2019-09-18 03:00:00,16.96,307.91605,998.71875,0.8650549,13.006626,0.0,0.0
2019-09-18 04:00:00,16.87,309.24536,997.4841,2.1939795,12.595177,0.0,0.0
2019-09-18 05:00:00,16.79,309.93146,996.3314,2.613551,11.922005,0.0,0.0
2019-09-18 06:00:00,16.66,310.2721,995.52856,2.683106,11.663316,0.0,0.0
2019-09-18 07:00:00,16.32,310.14868,994.88727,2.2478428,11.945919,0.0,0.0
2019-09-18 08:00:00,16.04,309.98325,994.8663,2.1980045,11.859457,0.0,0.0
2019-09-18 09:00:00,15.68,309.45166,994.9314,1.8060206,11.990042,0.0,0.0
2019-09-18 10:00:00,15.86,308.44238,995.48047,0.43702528,12.783591,0.0,0.0
2019-09-18 11:00:00,15.64,307.45117,995.9,1.0607163,13.880578,0.0,0.0
2019-09-18 12:00:00,15.19,305.38455,996.382,1.5675142,16.895645,0.0,0.0
2019-09-18 13:00:00,15.44,303.48914,996.60156,1.8395395,18.60042,0.0,0.0
2019-09-18 14:00:00,15.49,301.81177,996.6133,1.9314427,20.337257,0.0,0.0
2019-09-18 15:00:00,15.35,300.81836,996.67773,3.0346768,20.31791,0.0,0.0
2019-09-18 16:00:00,15.53,299.70227,996.4769,3.1774426,21.084085,0.0,0.0
2019-09-18 17:00:00,16.01,298.8562,996.78265,4.9472585,25.773901,0.0,0.0
2019-09-18 18:00:00,16.04,297.57135,996.54596,5.8187103,45.61864,0.0,0.0
2019-09-18 19:00:00,15.97,296.4071,996.6622,5.0964046,57.046867,0.0,0.0
2019-09-18 20:00:00,16.01,295.73553,997.0266,4.4753637,62.274956,0.0,0.0
2019-09-18 21:00:00,16.44,295.14062,997.30615,3.9292123,66.56009,0.0,0.0
2019-09-18 22:00:00,16.75,294.84546,998.0433,3.3933246,69.629745,0.0,0.0
2019-09-18 23:00:00,16.37,296.78943,998.3898,3.5913393,62.541096,0.0,0.0
2019-09-19 00:00:00,16.29,299.7478,999.0803,4.010662,49.6878,0.0,0.0
2019-09-19 01:00:00,16.89,302.76236,998.77686,4.3328114,35.57576,0.0,0.0
2019-09-19 02:00:00,17.09,305.29306,998.0493,4.3364606,25.372786,0.0,0.0
2019-09-19 03:00:00,16.75,307.21866,996.9021,4.0806317,19.98246,0.0,0.0
2019-09-19 04:00:00,17.1,308.50488,995.5214,3.5638506,16.61693,0.0,0.0
2019-09-19 05:00:00,17.54,309.183,994.3223,3.166471,14.783041,0.0,0.0
2019-09-19 06:00:00,17.75,309.622,993.565,3.4016721,14.090255,0.0,0.0
2019-09-19 07:00:00,17.96,309.95084,992.90814,3.1368167,13.41061,0.0,0.0
2019-09-19 08:00:00,17.82,309.67758,992.83984,3.275813,13.66125,0.0,0.0
2019-09-19 09:00:00,17.75,309.04395,992.9866,3.2820878,14.258917,0.0,0.0
2019-09-19 10:00:00,17.97,307.53943,993.42065,2.9261484,15.703651,0.0,0.0
2019-09-19 11:00:00,17.98,306.19666,993.9554,3.5578988,17.008612,0.0,0.0
2019-09-19 12:00:00,18.18,304.9619,994.2548,4.1776786,18.157883,0.0,0.0
2019-09-19 13:00:00,18.59,303.92303,994.2846,4.278097,19.176983,0.0,0.0
2019-09-19 14:00:00,18.63,302.87326,994.59283,4.057942,20.53732,0.0,0.0
2019-09-19 15:00:00,18.73,301.79785,994.8857,5.019759,23.766468,0.0,0.0
2019-09-19 16:00:00,18.7,300.7674,995.1021,5.59476,29.742823,0.0,0.0
2019-09-19 17:00:00,18.91,299.77197,994.97876,5.0652885,34.323277,0.0,0.0
2019-09-19 18:00:00,19.23,298.74567,995.28046,4.6728954,39.01349,0.0,0.0
2019-09-19 19:00:00,19.56,297.2236,995.3309,4.529256,47.727123,0.0,0.0
2019-09-19 20:00:00,19.73,296.38696,995.872,4.2240005,53.68399,0.0,0.0
2019-09-19 21:00:00,19.76,295.6759,996.2929,3.9717503,58.657368,0.0,0.0
2019-09-19 22:00:00,19.46,295.2937,996.8876,3.713646,62.18108,0.0,0.0
2019-09-19 23:00:00,19.5,297.28387,997.45374,4.250078,55.853493,0.0,0.0
2019-09-20 00:00:00,18.49,300.16058,997.8473,4.875598,42.078594,0.0,0.0
2019-09-20 01:00:00,18.44,302.41162,997.8564,5.9035616,29.581985,0.0,0.0
2019-09-20 02:00:00,18.41,303.94012,997.49603,5.906132,23.249765,0.0,0.0
2019-09-20 03:00:00,18.43,305.4157,996.60516,5.485542,18.383493,0.0,0.0
2019-09-20 04:00:00,18.11,306.66702,995.65784,5.3123817,15.31739,0.0,0.0
2019-09-20 05:00:00,18.05,307.481,994.51227,5.296514,13.785604,0.0,0.0
2019-09-20 06:00:00,17.82,307.78665,993.8606,4.9101477,13.279477,0.0,0.0
2019-09-20 07:00:00,17.47,307.6783,993.9336,3.661351,13.637286,0.0,0.0
2019-09-20 08:00:00,16.96,307.29645,994.1383,3.5900953,13.788504,0.0,0.0
2019-09-20 09:00:00,16.35,306.5929,994.5559,3.92524,14.203646,0.0,0.0
2019-09-20 10:00:00,15.69,305.16736,995.1127,3.970052,15.37882,0.0,0.0
2019-09-20 11:00:00,15.71,303.87183,995.4904,4.8698764,16.484365,0.0,0.0
2019-09-20 12:00:00,15.6,302.80334,995.88,5.705897,17.347397,0.0,0.0
2019-09-20 13:00:00,15.39,301.86063,995.8979,6.0666375,18.041573,0.0,0.0
2019-09-20 14:00:00,14.8,300.9168,995.76794,6.0006146,18.707705,0.0,0.0
2019-09-20 15:00:00,14.66,299.97833,995.80505,5.750354,19.31916,0.0,0.0
2019-09-20 16:00:00,14.27,299.06384,995.83734,5.3840327,19.942722,0.0,0.0
2019-09-20 17:00:00,13.8,298.23166,995.7028,4.9603586,20.708916,0.0,0.0
2019-09-20 18:00:00,13.4,297.4606,995.95,4.74802,21.690779,0.0,0.0
2019-09-20 19:00:00,13.6,296.2815,996.07153,4.639467,23.60752,0.0,0.0
2019-09-20 20:00:00,13.99,295.5446,997.15924,4.303391,24.892117,0.0,0.0
2019-09-20 21:00:00,14.05,294.8625,997.8186,3.9843843,26.436243,0.0,0.0
2019-09-20 22:00:00,13.93,294.60193,998.6236,3.8111105,27.524181,0.0,0.0
2019-09-20 23:00:00,13.94,296.42053,999.3569,4.6776466,25.331694,0.0,0.0
2019-09-21 00:00:00,14.45,298.56897,999.6662,6.120808,22.884136,0.0,0.0
2019-09-21 01:00:00,14.67,300.8806,999.5106,6.215525,20.154984,0.0,0.0
2019-09-21 02:00:00,14.85,303.2032,998.6599,5.9610333,17.698713,0.0,0.0
2019-09-21 03:00:00,14.66,305.18454,997.77985,5.3040876,15.796293,0.0,0.0
2019-09-21 04:00:00,14.53,306.57782,996.6314,4.32855,14.517511,0.0,0.0
2019-09-21 05:00:00,14.55,307.3648,995.62195,3.3323066,13.980166,0.0,0.0
2019-09-21 06:00:00,14.65,307.7646,994.9977,2.6317468,13.859527,0.0,0.0
2019-09-21 07:00:00,14.59,307.99854,994.2419,1.2478045,12.954945,0.0,0.0
2019-09-21 08:00:00,14.56,307.89557,994.5022,1.2714362,12.796339,0.0,0.0
2019-09-21 09:00:00,14.42,307.4707,994.41174,1.8129402,13.013276,0.0,0.0
2019-09-21 10:00:00,14.67,306.23743,994.966,2.9157963,14.076937,0.0,0.0
2019-09-21 11:00:00,15.33,304.87692,995.49,3.810913,15.209094,0.0,0.0
2019-09-21 12:00:00,15.62,303.61487,995.4944,4.4974623,16.297493,0.0,0.0
2019-09-21 13:00:00,15.87,302.5196,995.9075,5.300858,17.490248,0.0,0.0
2019-09-21 14:00:00,15.99,301.53552,996.0259,6.011212,18.697119,0.0,0.0
2019-09-21 15:00:00,16.04,300.67792,995.9422,6.102284,19.64813,0.0,0.0
2019-09-21 16:00:00,15.76,299.92548,996.0574,5.7648053,20.474857,0.0,0.0
2019-09-21 17:00:00,16.03,299.20642,995.9818,5.3467507,21.183517,0.0,0.0
2019-09-21 18:00:00,16.38,298.5718,996.1131,5.158295,21.694433,0.0,0.0
2019-09-21 19:00:00,16.86,297.3073,996.70624,4.4473543,22.718874,0.0,0.0
2019-09-21 20:00:00,17.7,296.75415,997.1167,4.7361646,23.044447,0.0,0.0
2019-09-21 21:00:00,18.65,296.47748,997.6272,5.0382147,23.015823,0.0,0.0
2019-09-21 22:00:00,19.29,296.55548,998.24976,4.9733844,22.780193,0.0,0.0
2019-09-21 23:00:00,18.8,298.78494,998.84595,5.0822015,20.187645,0.0,0.0
2019-09-22 00:00:00,17.17,301.3245,999.23315,6.006586,18.854845,0.0,0.0
2019-09-22 01:00:00,16.66,303.67523,999.09546,6.058716,18.64672,0.0,0.0
2019-09-22 02:00:00,16.28,305.7616,998.27423,5.462181,18.195152,0.0,0.0
2019-09-22 03:00:00,15.31,307.49164,997.3836,4.319713,17.652248,0.0,0.0
2019-09-22 04:00:00,14.98,308.6118,996.0617,2.6514676,16.294138,0.0,0.0
2019-09-22 05:00:00,15.34,309.36792,995.03827,1.6617732,14.92856,0.0,0.0
2019-09-22 06:00:00,15.82,309.8501,994.3647,2.2502792,13.933486,0.0,0.0
2019-09-22 07:00:00,16.56,310.66165,994.1267,3.211011,11.033108,0.0,0.0
2019-09-22 08:00:00,16.77,310.3645,994.20593,2.952748,10.934088,0.0,0.0
2019-09-22 09:00:00,17.13,309.71484,994.6044,2.5261502,11.121567,0.0,0.0
2019-09-22 10:00:00,17.86,308.46997,995.26953,2.2073457,11.961805,0.0,0.0
2019-09-22 11:00:00,18.05,306.87457,995.90094,2.8520408,13.107887,0.0,0.0
2019-09-22 12:00:00,18.27,305.24207,996.3078,3.4575717,14.178987,0.0,0.0
2019-09-22 13:00:00,18.87,303.85907,996.695,4.132878,15.01059,0.0,0.0
2019-09-22 14:00:00,19.44,302.7868,996.8831,4.6008105,16.90142,0.0,0.0
2019-09-22 15:00:00,20.13,301.59192,997.53564,4.126704,21.593594,0.0,0.0
2019-09-22 16:00:00,21.34,300.4383,997.8572,4.5998526,27.396763,0.0,0.0
2019-09-22 17:00:00,21.71,299.81763,998.1403,4.8944173,33.893414,0.0,0.0
2019-09-22 18:00:00,21.82,299.0287,998.0926,4.6527395,40.69862,0.0,0.0
2019-09-22 19:00:00,22.87,297.67224,997.95844,5.148964,49.165092,0.0,0.0
2019-09-22 20:00:00,24.87,296.86163,998.37695,3.7362492,55.823853,0.0,0.0
2019-09-22 21:00:00,27.25,296.36383,999.54047,2.5699496,58.54038,0.0,0.0
2019-09-22 22:00:00,29.1,296.25647,999.9902,3.1319575,56.280888,0.0,0.12
2019-09-22 23:00:00,30.24,298.6624,1000.91705,3.6616626,45.152397,0.0,2.35
2019-09-23 00:00:00,29.04,300.8912,1001.1307,5.156574,37.17546,0.001296401,0.11
2019-09-23 01:00:00,29.55,303.07153,1000.9412,5.35708,29.18281,0.0,0.0
2019-09-23 02:00:00,28.59,304.73752,1000.3733,4.762442,23.918898,0.0,0.0
2019-09-23 03:00:00,28.27,305.51562,999.9229,4.385778,21.777555,0.0,0.0
2019-09-23 04:00:00,28.48,306.0908,998.90643,3.7149653,20.89723,0.0,0.0
2019-09-23 05:00:00,28.51,306.45966,998.1722,3.2603376,20.766926,0.0012889504,0.0
2019-09-23 06:00:00,29.49,306.6486,997.63,3.199285,21.031506,0.0,0.51
2019-09-23 07:00:00,29.48,307.40033,996.59283,2.612957,19.336494,0.15113503,3.56
2019-09-23 08:00:00,29.53,305.96875,997.79236,2.8921573,22.122103,0.0122487545,0.34
2019-09-23 09:00:00,28.96,305.78815,997.9814,2.0129488,22.40091,0.0,0.0
2019-09-23 10:00:00,28.17,305.38654,999.0639,1.9684383,22.457088,0.0,0.0
2019-09-23 11:00:00,28.01,304.4853,999.71906,4.493411,23.557253,0.0042542815,0.0
2019-09-23 12:00:00,28.56,302.3736,1000.17236,8.145556,26.963106,0.0,0.0
2019-09-23 13:00:00,28.91,300.88406,1000.90485,8.575792,32.50801,0.0,0.0
2019-09-23 14:00:00,28.49,299.74167,1001.40424,7.7850776,35.227783,0.0017076673,0.0
2019-09-23 15:00:00,28.82,298.61206,1001.47327,7.1725883,34.150333,0.0,0.0
2019-09-23 16:00:00,29.38,297.36124,1001.0652,6.823931,35.18058,0.0,0.0
2019-09-23 17:00:00,28.94,296.24774,1000.89526,6.040179,38.282074,0.0,0.0
2019-09-23 18:00:00,27.95,295.42917,1000.90765,5.631294,42.032253,0.0,0.0
2019-09-23 19:00:00,26.96,293.70642,1001.8269,6.184013,45.428513,0.0,0.0
2019-09-23 20:00:00,26.08,293.5058,1002.28125,5.7705145,49.0761,0.0,0.0
2019-09-23 21:00:00,25.13,293.5264,1002.5478,5.981792,48.15492,0.0,0.0
2019-09-23 22:00:00,24.85,293.64722,1002.8014,5.8178864,46.660053,0.0014007092,0.0
2019-09-23 23:00:00,24.96,294.785,1003.3421,7.4505486,42.04879,0.0,0.0
2019-09-24 00:00:00,23.85,296.57758,1003.31305,7.931665,36.50856,0.17515162,0.0
2019-09-24 01:00:00,23.41,299.0031,1002.76733,7.575355,31.195488,0.0,0.0
2019-09-24 02:00:00,22.72,301.74103,1001.84625,7.0416956,27.214846,0.0,0.0
2019-09-24 03:00:00,22.28,303.94482,1000.52966,6.374475,25.006332,0.0,0.0
2019-09-24 04:00:00,21.54,305.50064,999.4775,5.5677385,23.3855,0.0,0.0
2019-09-24 05:00:00,20.9,306.37933,998.27484,4.6084065,21.640564,0.0,0.0
2019-09-24 06:00:00,20.67,306.83533,997.61346,3.7091773,19.977768,0.0,0.0
2019-09-24 07:00:00,20.18,307.01917,996.96893,1.7548388,19.274036,0.0,0.0
2019-09-24 08:00:00,19.87,306.87177,997.1683,2.0671155,19.005022,0.0,0.0
2019-09-24 09:00:00,19.74,306.47083,997.7177,2.4935954,19.230785,0.0,0.0
2019-09-24 10:00:00,19.7,305.24942,998.4303,3.0309703,21.851597,0.0,0.0
2019-09-24 11:00:00,19.78,303.87634,999.10205,3.6211524,24.135746,0.0,0.0
2019-09-24 12:00:00,19.96,302.76648,999.41315,3.932529,25.649149,0.0,0.0
2019-09-24 13:00:00,20.02,301.80414,999.5769,4.01129,26.855772,0.0,0.0
2019-09-24 14:00:00,19.96,301.02966,999.5954,3.7507493,27.850216,0.0,0.0
2019-09-24 15:00:00,19.74,300.13303,999.4222,3.6989076,29.224617,0.0,0.0
2019-09-24 16:00:00,19.92,299.22192,998.8933,4.041891,30.644611,0.0,0.0
2019-09-24 17:00:00,19.74,298.54852,998.8167,4.694639,31.682888,0.0,0.0
2019-09-24 18:00:00,19.03,298.24033,998.61,5.168349,31.97039,0.0,0.0
2019-09-24 19:00:00,18.64,297.49915,998.3398,3.6999278,34.796806,0.0,0.0
2019-09-24 20:00:00,18.4,297.02698,998.8072,3.9907112,34.76785,0.0,0.0
2019-09-24 21:00:00,17.96,296.43433,999.5059,4.0819497,34.496735,0.0,0.0
2019-09-24 22:00:00,17.19,296.26776,1000.2305,4.420258,32.73939,0.0,0.0
2019-09-24 23:00:00,16.91,297.71185,1001.03625,5.595656,27.139946,0.0,0.0
2019-09-25 00:00:00,17.15,300.09763,1001.2825,6.523677,22.412827,0.0,0.0
2019-09-25 01:00:00,16.98,302.8332,1000.8259,6.2843494,19.23096,0.0,0.0
2019-09-25 02:00:00,16.91,305.81732,999.95844,6.2037816,17.124882,0.0,0.0
2019-09-25 03:00:00,16.74,307.4522,998.742,5.1274476,16.66314,0.0,0.0
2019-09-25 04:00:00,16.44,308.15082,997.7645,3.4680686,16.219353,0.0,0.0
2019-09-25 05:00:00,16.49,308.70538,996.5954,2.4370348,15.269247,0.0,0.0
2019-09-25 06:00:00,16.59,309.0503,995.90326,1.8991327,14.433946,0.0,0.0
2019-09-25 07:00:00,16.45,308.91058,995.5302,1.7672495,13.994676,0.0,0.0
2019-09-25 08:00:00,16.6,308.74005,995.29736,1.9042457,13.8376,0.0,0.0
2019-09-25 09:00:00,16.41,308.30017,995.78235,2.3263824,14.013377,0.0,0.0
2019-09-25 10:00:00,16.47,307.0978,996.35077,2.8473713,15.1048765,0.0,0.0
2019-09-25 11:00:00,16.26,305.76202,997.07135,3.4577684,16.393114,0.0,0.0
2019-09-25 12:00:00,16.41,304.49915,997.4609,3.929821,17.584337,0.0,0.0
2019-09-25 13:00:00,16.13,303.3402,997.9367,4.228867,18.64138,0.0,0.0
2019-09-25 14:00:00,16.04,302.34503,997.8233,4.293744,19.588896,0.0,0.0
2019-09-25 15:00:00,16.07,301.3755,997.6733,4.250207,20.699722,0.0,0.0
2019-09-25 16:00:00,15.57,300.3653,997.2876,4.4766665,22.002033,0.0,0.0
2019-09-25 17:00:00,15.15,299.5598,997.01404,4.6750083,22.944374,0.0,0.0
2019-09-25 18:00:00,14.91,298.80823,996.99445,4.641901,23.556965,0.0,0.0
2019-09-25 19:00:00,14.74,297.48877,996.9886,3.5134616,24.662277,0.0,0.0
2019-09-25 20:00:00,14.87,296.57986,997.6067,3.3807838,25.833916,0.0,0.0
2019-09-25 21:00:00,14.77,295.77817,998.38416,3.3093567,26.957754,0.0,0.0
2019-09-25 22:00:00,14.54,295.46674,999.4325,3.3247342,27.418015,0.0,0.0
2019-09-25 23:00:00,14.43,298.14587,1000.3677,3.80262,23.226704,0.0,0.0
2019-09-26 00:00:00,14.17,301.37012,1000.52435,4.528792,19.686226,0.0,0.0
2019-09-26 01:00:00,14.44,304.1538,1000.2642,4.7838736,17.530846,0.0,0.0
2019-09-26 02:00:00,14.65,306.5321,999.3345,5.0061307,15.448157,0.0,0.0
2019-09-26 03:00:00,14.76,308.41852,998.3605,5.021612,13.7607975,0.0,0.0
2019-09-26 04:00:00,14.9,309.51285,997.18756,4.3283234,12.307479,0.0,0.0
2019-09-26 05:00:00,15.04,310.14484,996.10693,3.45439,11.569953,0.0,0.0
2019-09-26 06:00:00,15.21,310.50772,995.2151,2.767352,11.082083,0.0,0.0
2019-09-26 07:00:00,15.17,310.77582,994.5304,2.4664881,10.497332,0.0,0.0
2019-09-26 08:00:00,15.09,310.54303,994.41565,2.1057358,10.525585,0.0,0.0
2019-09-26 09:00:00,15.08,310.06393,994.86505,1.8490345,10.749956,0.0,0.0
2019-09-26 10:00:00,15.02,308.98755,995.58765,1.5076627,11.587576,0.0,0.0
2019-09-26 11:00:00,15.15,307.64816,996.2989,1.9699926,12.714728,0.0,0.0
2019-09-26 12:00:00,15.08,305.89496,996.6242,2.6974735,14.200028,0.0,0.0
2019-09-26 13:00:00,14.96,304.12854,996.98236,3.1767063,15.792179,0.0,0.0
2019-09-26 14:00:00,15.05,302.8045,996.9274,3.256541,17.155195,0.0,0.0
2019-09-26 15:00:00,15.47,301.7115,996.9943,3.1886125,18.51399,0.0,0.0
2019-09-26 16:00:00,15.54,300.90027,996.5533,3.561274,19.772299,0.0,0.0
2019-09-26 17:00:00,15.65,300.38342,996.32623,3.8919363,21.045404,0.0,0.0
2019-09-26 18:00:00,16.09,299.52603,996.3791,4.047529,22.938766,0.0,0.0
2019-09-26 19:00:00,16.01,297.22867,996.70905,3.5464792,26.36773,0.0,0.0
2019-09-26 20:00:00,15.92,296.34784,997.0224,3.1144946,31.55558,0.0,0.0
2019-09-26 21:00:00,15.88,295.65863,997.8873,2.7613628,36.917595,0.0,0.0
2019-09-26 22:00:00,16.11,295.3625,998.56976,2.6954007,42.042904,0.0,0.0
2019-09-26 23:00:00,16.1,298.12122,999.42993,2.6299431,39.788513,0.0,0.0
2019-09-27 00:00:00,17.06,301.11603,999.7689,2.5062234,33.614777,0.0,0.0
2019-09-27 01:00:00,17.42,303.61273,999.74945,1.3718191,26.736181,0.0,0.0
2019-09-27 02:00:00,17.6,305.68756,999.20013,0.7551971,22.684305,0.0,0.0
2019-09-27 03:00:00,17.64,307.80804,998.4375,2.1993976,19.301115,0.0,0.0
2019-09-27 04:00:00,17.85,309.44058,997.2534,3.3503287,16.155472,0.0,0.0
2019-09-27 05:00:00,18.11,310.2104,996.1717,3.1498134,14.351639,0.0,0.0
2019-09-27 06:00:00,17.99,310.53662,995.54205,2.4851546,13.465926,0.0,0.0
2019-09-27 07:00:00,18.24,310.59595,995.09955,1.850676,13.739413,0.0,0.0
2019-09-27 08:00:00,18.65,310.40234,995.0921,1.6691165,13.713819,0.0,0.0
2019-09-27 09:00:00,19.03,309.87567,995.19763,1.4436648,14.008504,0.0,0.0
2019-09-27 10:00:00,19.42,308.9928,995.85516,0.89501315,14.795939,0.0,0.0
2019-09-27 11:00:00,19.71,308.05585,996.31036,1.6238167,15.732834,0.0,0.0
2019-09-27 12:00:00,19.74,306.65234,996.80237,2.3949656,17.109509,0.0,0.0
2019-09-27 13:00:00,19.43,305.28766,996.90656,3.018883,18.428062,0.0,0.0
2019-09-27 14:00:00,19.13,304.07184,996.807,3.2288103,19.685751,0.0,0.0
2019-09-27 15:00:00,18.9,302.9876,996.47015,3.2477376,20.877493,0.0,0.0
2019-09-27 16:00:00,18.65,301.98843,996.0506,3.0964227,22.034708,0.0,0.0
2019-09-27 17:00:00,17.88,300.91644,995.6124,2.8569322,23.394657,0.0,0.0
2019-09-27 18:00:00,17.5,300.03467,995.47235,3.053362,24.575405,0.0,0.0
2019-09-27 19:00:00,17.49,299.0575,996.0089,0.50174403,27.243176,0.0,0.0
2019-09-27 20:00:00,16.94,297.46967,996.38196,2.7326074,30.249628,0.0,0.0
2019-09-27 21:00:00,17.42,296.6855,997.35315,3.407451,32.36456,0.0,0.0
2019-09-27 22:00:00,17.83,296.346,998.02985,2.7127125,34.1021,0.0,0.0
2019-09-27 23:00:00,17.83,299.1914,998.85443,2.7846708,28.710117,0.0,0.0
2019-09-28 00:00:00,17.34,302.0302,999.25037,2.3408995,23.370842,0.0012870446,0.0
2019-09-28 01:00:00,17.51,304.55658,999.02985,1.0564355,19.85435,0.0,0.0
2019-09-28 02:00:00,17.95,306.93646,998.1984,0.9738037,17.10666,0.0,0.0
2019-09-28 03:00:00,17.83,309.08173,997.3628,1.9970454,15.732245,0.0,0.0
2019-09-28 04:00:00,18.26,310.64795,996.1392,3.4269729,15.100084,0.0,0.0
2019-09-28 05:00:00,18.55,311.43292,995.0574,3.6397338,13.5623455,0.0,0.0
2019-09-28 06:00:00,19.22,311.69174,994.21,3.1087747,12.892753,0.0,0.0
2019-09-28 07:00:00,20.24,312.0712,993.5616,2.6188064,13.033165,0.0,0.0
2019-09-28 08:00:00,21.03,311.81622,993.3828,1.9081404,13.154835,0.0,0.0
2019-09-28 09:00:00,21.42,311.32614,993.4709,0.97527295,13.453889,0.0,0.0
2019-09-28 10:00:00,22.26,310.41064,994.0436,1.9134938,14.320538,0.0,0.0
2019-09-28 11:00:00,23.3,308.75262,994.72577,2.8854551,15.877347,0.0,0.0
2019-09-28 12:00:00,24.35,307.7077,995.3161,3.267077,16.82539,0.0,0.0
2019-09-28 13:00:00,24.77,306.61914,995.46783,3.3759675,17.853601,0.0,0.0
2019-09-28 14:00:00,24.81,305.70258,995.41,3.40083,18.810955,0.0,0.0
2019-09-28 15:00:00,24.32,304.82562,995.21967,3.0571024,19.783735,0.0,0.0
2019-09-28 16:00:00,23.52,304.0443,994.9961,3.013692,20.556604,0.0,0.0
2019-09-28 17:00:00,21.81,303.35413,994.84875,3.317819,21.214453,0.0,0.0
2019-09-28 18:00:00,20.13,302.7646,994.7336,2.9552574,22.958277,0.0,0.0
2019-09-28 19:00:00,18.98,300.90228,994.5676,3.8464262,27.393385,0.0,0.0
2019-09-28 20:00:00,18.8,299.914,995.1069,4.0865326,33.684208,0.0,0.0
2019-09-28 21:00:00,19.03,298.94034,995.92914,3.9199622,38.29231,0.0,0.0
2019-09-28 22:00:00,19.18,298.5984,996.8569,3.3617249,39.01207,0.0,0.0
2019-09-28 23:00:00,18.99,300.69843,997.72656,3.378651,30.914629,0.0,0.0
2019-09-29 00:00:00,18.97,303.04477,998.15344,2.387666,23.196884,0.0,0.0
2019-09-29 01:00:00,19.24,305.44797,997.95404,1.563795,19.078472,0.0,0.0
2019-09-29 02:00:00,19.67,307.81287,997.09296,1.2245206,16.640976,0.0,0.0
2019-09-29 03:00:00,19.69,309.89026,996.215,1.6862437,15.740301,0.0,0.0
2019-09-29 04:00:00,20.01,311.4634,995.1225,2.8744938,15.527853,0.0,0.0
2019-09-29 05:00:00,20.49,312.347,994.0371,3.5052214,14.488324,0.0,0.0
2019-09-29 06:00:00,21.45,312.62366,993.34674,3.1429517,14.182849,0.0,0.0
2019-09-29 07:00:00,22.91,312.87195,992.9269,2.4654372,13.290373,0.0,0.0
2019-09-29 08:00:00,24.13,312.49387,992.7551,1.5523331,13.5428,0.0,0.0
2019-09-29 09:00:00,24.98,312.0871,993.0181,1.1433766,13.795808,0.0,0.0
2019-09-29 10:00:00,25.77,311.4162,993.3691,2.0144622,14.392243,0.0,0.0
2019-09-29 11:00:00,26.44,310.7267,994.11487,2.7152188,15.031394,0.0,0.0
2019-09-29 12:00:00,26.53,309.4828,994.4459,2.8934393,16.086105,0.0,0.0
2019-09-29 13:00:00,25.24,308.09485,994.9261,3.2299366,17.100767,0.0,0.0
2019-09-29 14:00:00,23.39,307.0876,994.9945,3.1641893,17.494469,0.0,0.0
2019-09-29 15:00:00,21.58,305.67462,995.1397,3.6328022,17.974499,0.0,0.0
2019-09-29 16:00:00,20.4,304.9403,994.7517,3.7532601,17.62979,0.0,0.0
2019-09-29 17:00:00,20.94,304.31094,994.77124,4.172626,20.054596,0.0,0.0
2019-09-29 18:00:00,21.89,303.05438,994.6283,4.277139,28.290344,0.0,0.0
2019-09-29 19:00:00,22.3,301.2796,995.1961,4.5198927,37.88498,0.0,0.0
2019-09-29 20:00:00,21.97,300.02853,995.6209,4.687544,46.649155,0.0,0.0
2019-09-29 21:00:00,21.44,299.10248,996.115,4.2605343,50.87304,0.0,0.0
2019-09-29 22:00:00,21.32,298.8344,996.59814,3.4159887,51.52466,0.0,0.0
2019-09-29 23:00:00,21.49,300.8151,997.3855,3.9211323,43.92171,0.0,0.0
2019-09-30 00:00:00,22.88,303.46338,997.9014,3.740667,33.449078,0.0,0.0
2019-09-30 01:00:00,22.85,305.96136,997.9003,2.99103,26.591316,0.0,0.0
2019-09-30 02:00:00,22.47,308.18802,997.358,2.5374618,22.660872,0.0,0.0
2019-09-30 03:00:00,21.94,310.19855,996.48486,3.0389357,19.75796,0.0,0.0
2019-09-30 04:00:00,21.65,311.72675,995.2035,3.9723532,16.925278,0.0,0.0
2019-09-30 05:00:00,22.12,312.51245,994.0068,3.5833266,14.597843,0.0,0.0
2019-09-30 06:00:00,22.89,312.93924,993.5181,3.1514754,13.369414,0.0,0.0
2019-09-30 07:00:00,22.95,313.39554,992.75037,3.1043043,11.847169,0.0,0.0
2019-09-30 08:00:00,23.07,313.2799,992.91565,2.843048,10.957431,0.0,0.0
2019-09-30 09:00:00,22.97,312.8238,993.16315,2.5764985,10.111564,0.0,0.0
2019-09-30 10:00:00,21.64,311.62585,993.9213,1.8487301,10.396143,0.0,0.0
2019-09-30 11:00:00,19.15,310.24622,994.6381,1.8895313,10.945772,0.0,0.0
2019-09-30 12:00:00,17.1,308.37073,995.0589,2.3843985,11.763458,0.0,0.0
2019-09-30 13:00:00,15.25,306.85175,995.637,3.3690228,11.824155,0.0,0.0
2019-09-30 14:00:00,14.22,305.49377,995.5941,3.8202698,11.605046,0.0,0.0
2019-09-30 15:00:00,13.7,304.4682,995.5475,4.2686133,11.47676,0.0,0.0
2019-09-30 16:00:00,13.1,303.53998,995.0778,4.505061,12.027996,0.0,0.0
2019-09-30 17:00:00,13.74,302.21417,995.3114,4.2200274,15.15038,0.0,0.0
2019-09-30 18:00:00,14.78,300.66486,995.704,3.742344,26.394573,0.0,0.0
2019-09-30 19:00:00,15.32,299.0098,996.08344,3.1683607,49.091766,0.0,0.0
2019-09-30 20:00:00,16.03,298.03912,996.4542,2.915234,54.696762,0.0,0.0
2019-09-30 21:00:00,16.19,297.23276,997.0673,2.7739253,58.616943,0.0,0.0
2019-09-30 22:00:00,15.95,296.99988,997.6926,2.400309,59.738846,0.0,0.0
2019-09-30 23:00:00,16.03,299.84192,998.3552,2.4111142,49.887005,0.0,0.0
2019-10-01 00:00:00,14.81,302.795,998.646,2.2454185,39.7836,0.0,0.0
2019-10-01 01:00:00,14.97,305.4967,998.58575,1.5170777,30.588093,0.0,0.0
2019-10-01 02:00:00,14.93,307.8934,997.91736,1.0352776,24.550747,0.0,0.0
2019-10-01 03:00:00,14.46,310.2647,997.0678,1.8335733,18.373592,0.0,0.0
2019-10-01 04:00:00,13.74,312.09442,995.8539,3.3719501,12.762575,0.0,0.0
2019-10-01 05:00:00,12.27,312.9524,994.9578,3.5457714,10.717535,0.0,0.0
2019-10-01 06:00:00,11.35,313.3438,994.01,3.427323,9.730999,0.0,0.0
2019-10-01 07:00:00,10.71,314.03943,993.47845,3.9937792,7.206897,0.0,0.0
2019-10-01 08:00:00,10.11,313.8266,993.4894,3.85963,6.724278,0.0,0.0
2019-10-01 09:00:00,9.18,313.1834,993.65295,3.4985802,6.625615,0.0,0.0
2019-10-01 10:00:00,8.98,311.55756,994.5372,2.7168372,7.2624407,0.0,0.0
2019-10-01 11:00:00,9.35,309.9883,995.01807,3.1645272,7.9139256,0.0,0.0
2019-10-01 12:00:00,10.73,308.292,995.87476,4.012727,9.034001,0.0,0.0
2019-10-01 13:00:00,12.95,307.09192,996.5555,4.861825,10.882806,0.0,0.0
2019-10-01 14:00:00,15.18,306.25662,996.52484,5.1152654,13.542172,0.0,0.0
2019-10-01 15:00:00,16.88,305.35577,996.76196,4.595132,16.05178,0.0,0.0
2019-10-01 16:00:00,18.41,304.16574,996.3056,3.8860757,18.370693,0.0,0.0
2019-10-01 17:00:00,21.2,302.7807,996.47534,4.038411,22.39483,0.0,0.0
2019-10-01 18:00:00,23.33,301.39465,996.5497,3.922561,32.618683,0.0,0.0
2019-10-01 19:00:00,22.87,299.80225,997.10736,2.8511646,48.1344,0.0,0.0
2019-10-01 20:00:00,22.15,299.03146,997.3379,2.2229848,51.7482,0.0,0.0
2019-10-01 21:00:00,21.31,298.17535,997.97485,1.829219,54.490654,0.0,0.0
2019-10-01 22:00:00,21.04,297.755,998.40265,1.448716,55.518635,0.0,0.0
2019-10-01 23:00:00,20.77,300.9676,999.16986,1.6649418,43.901115,0.0,0.0
2019-10-02 00:00:00,22.15,303.742,999.3929,1.5068228,34.60211,0.0012837602,0.0
2019-10-02 01:00:00,22.53,306.52216,999.4783,0.9152485,26.619196,0.0,0.0
2019-10-02 02:00:00,23.35,308.93085,998.8214,0.62249476,20.676786,0.0,0.0
2019-10-02 03:00:00,23.9,310.93597,997.9313,2.2281978,16.401636,0.0,0.0
2019-10-02 04:00:00,23.45,312.6136,996.8182,3.72491,13.769537,0.0,0.0
2019-10-02 05:00:00,22.31,313.68622,995.6272,4.3787885,11.585983,0.0,0.0
2019-10-02 06:00:00,21.06,313.8779,994.7834,4.0109973,10.6505575,0.0,0.0
2019-10-02 07:00:00,19.51,314.25388,994.142,5.03898,9.698533,0.0,0.0
2019-10-02 08:00:00,18.54,313.9505,994.02844,5.311596,9.001772,0.0,0.0
2019-10-02 09:00:00,17.22,313.22345,994.3957,5.374612,8.51885,0.0,0.0
2019-10-02 10:00:00,15.67,312.0177,995.1295,4.539545,8.724533,0.0,0.0
2019-10-02 11:00:00,14.37,310.52292,995.71515,4.1916614,9.311069,0.0,0.0
2019-10-02 12:00:00,15.03,309.1339,996.3972,4.1312747,10.101098,0.0,0.0
2019-10-02 13:00:00,16.24,307.73956,996.8025,4.051507,11.113815,0.0,0.0
2019-10-02 14:00:00,16.97,306.30267,996.9508,3.7889028,12.301631,0.0,0.0
2019-10-02 15:00:00,17.34,304.97955,996.8031,3.414566,13.531544,0.0,0.0
2019-10-02 16:00:00,17.66,303.57416,996.3155,3.3002934,14.937348,0.0,0.0
2019-10-02 17:00:00,17.97,302.10825,996.1322,2.690178,16.680176,0.0,0.0
2019-10-02 18:00:00,19.21,300.76843,996.2463,2.6732423,20.306618,0.0,0.0
2019-10-02 19:00:00,19.52,299.6095,996.89545,2.7789242,38.02492,0.0,0.0
2019-10-02 20:00:00,18.89,298.39532,996.8786,2.7020094,49.347164,0.0,0.0
2019-10-02 21:00:00,18.84,297.48804,997.48236,2.2596025,56.808872,0.0,0.0
2019-10-02 22:00:00,18.41,297.0942,998.1866,1.6746836,59.12602,0.0,0.0
2019-10-02 23:00:00,17.92,300.08395,998.8939,1.4008983,49.237915,0.0,0.0
2019-10-03 00:00:00,16.61,303.2969,999.09534,1.649055,39.139645,0.001714295,0.0
2019-10-03 01:00:00,16.1,307.04803,998.817,3.0862286,20.255636,0.0,0.0
2019-10-03 02:00:00,15.62,309.9543,998.0034,4.692385,10.576249,0.0,0.0
2019-10-03 03:00:00,13.68,312.3042,996.8644,6.0400343,6.760547,0.0,0.0
2019-10-03 04:00:00,11.8,313.78253,995.5675,6.110894,5.611902,0.0,0.0
2019-10-03 05:00:00,11.32,314.62213,994.1114,6.7286053,5.321156,0.0,0.0
2019-10-03 06:00:00,11.01,314.92114,993.41626,7.7740026,5.2360387,0.0,0.0
2019-10-03 07:00:00,10.41,314.64545,992.7322,8.439106,5.461391,0.0,0.0
2019-10-03 08:00:00,10.13,313.98346,992.94904,8.186888,5.521093,0.0,0.0
2019-10-03 09:00:00,10.16,312.94656,993.10486,7.1849594,5.7815785,0.0,0.0
2019-10-03 10:00:00,9.42,310.9734,994.22064,5.5654397,6.442715,0.0,0.0
2019-10-03 11:00:00,9.17,309.25378,994.64703,5.1280518,7.0391455,0.0,0.0
2019-10-03 12:00:00,9.06,307.72272,995.3597,4.85963,7.600653,0.0,0.0
2019-10-03 13:00:00,9.03,306.2975,995.7946,4.491284,8.179577,0.0,0.0
2019-10-03 14:00:00,9.26,304.9745,996.03265,4.258968,8.778855,0.0,0.0
2019-10-03 15:00:00,9.34,303.70764,996.1378,4.293285,9.396212,0.0,0.0
2019-10-03 16:00:00,9.07,302.57288,995.9588,4.450154,9.919481,0.0,0.0
2019-10-03 17:00:00,8.4,301.55426,995.78217,4.342492,10.325494,0.0,0.0
2019-10-03 18:00:00,8.0,300.56525,995.6575,4.206316,10.652838,0.0,0.0
2019-10-03 19:00:00,7.88,299.01065,995.50446,4.1037126,11.294852,0.0,0.0
2019-10-03 20:00:00,7.35,297.80716,995.9924,3.612207,11.950911,0.0,0.0
2019-10-03 21:00:00,6.84,296.57758,996.4256,3.1192825,12.91859,0.0,0.0
2019-10-03 22:00:00,7.12,295.85385,997.1316,2.403667,13.880652,0.0,0.0
2019-10-03 23:00:00,7.89,299.51874,997.865,1.807332,10.909875,0.0,0.0
2019-10-04 00:00:00,8.95,303.54007,998.22955,1.8747548,8.864419,0.0017166138,0.0
2019-10-04 01:00:00,8.98,306.82898,998.28345,2.9513724,7.440953,0.0,0.0
2019-10-04 02:00:00,8.25,309.39178,997.7818,4.1100054,6.435562,0.0,0.0
2019-10-04 03:00:00,7.77,311.15857,996.589,4.5735645,5.7832904,0.0,0.0
2019-10-04 04:00:00,7.67,312.17612,995.27344,4.466742,5.449,0.0,0.0
2019-10-04 05:00:00,7.8,312.90002,994.01935,4.5616875,5.486875,0.0,0.0
2019-10-04 06:00:00,7.97,313.32544,993.2706,4.5129232,5.586314,0.0,0.0
2019-10-04 07:00:00,8.29,313.72998,992.2358,5.15687,5.8395805,0.0,0.0
2019-10-04 08:00:00,9.12,313.27737,991.9423,5.092071,6.3685207,0.0,0.0
2019-10-04 09:00:00,9.96,312.4836,992.3705,4.7512016,7.1079016,0.0,0.0
2019-10-04 10:00:00,10.56,310.5376,993.15936,3.4938233,8.407927,0.0,0.0
2019-10-04 11:00:00,10.9,308.82748,993.6948,3.4903133,9.762347,0.0,0.0
2019-10-04 12:00:00,11.32,307.4052,994.0929,3.9604743,11.22522,0.0,0.0
2019-10-04 13:00:00,12.42,306.25665,994.7104,4.1422477,12.829436,0.0,0.0
2019-10-04 14:00:00,13.16,305.20074,994.8731,4.233277,14.669928,0.0,0.0
2019-10-04 15:00:00,14.51,304.29974,994.8195,4.4102793,16.663193,0.0,0.0
2019-10-04 16:00:00,16.94,302.8969,994.9578,4.3704996,19.65607,0.0,0.0
2019-10-04 17:00:00,19.1,300.77173,995.08734,5.193629,33.8101,0.0,0.0
2019-10-04 18:00:00,21.18,299.22476,995.1842,4.359894,49.036564,0.0,0.0
2019-10-04 19:00:00,21.14,298.32275,995.45984,3.3835108,53.023857,0.0,0.0
2019-10-04 20:00:00,21.04,297.68494,995.68744,3.1178021,56.62955,0.0,0.0
2019-10-04 21:00:00,20.57,297.05225,996.21985,2.6131816,61.03966,0.0,0.0
2019-10-04 22:00:00,20.31,296.92422,996.6131,2.0612824,63.511436,0.0,0.0
2019-10-04 23:00:00,20.42,299.12344,997.37897,2.5804684,56.051285,0.0,0.0
2019-10-05 00:00:00,21.18,301.72742,997.5364,2.3643844,43.967834,0.0,0.0
2019-10-05 01:00:00,21.87,304.2948,997.3212,1.4276832,33.48106,0.0,0.0
2019-10-05 02:00:00,22.67,306.54193,996.8708,0.8502278,26.002172,0.0,0.0
2019-10-05 03:00:00,23.23,308.40558,995.9755,1.1386216,21.474834,0.0,0.0
2019-10-05 04:00:00,23.22,309.82422,994.9433,1.3214694,18.527212,0.0,0.0
2019-10-05 05:00:00,22.72,310.7313,993.83234,1.4634122,16.074022,0.0,0.0
2019-10-05 06:00:00,22.3,311.25623,993.045,1.5808518,14.175693,0.0,0.0
2019-10-05 07:00:00,21.61,311.3461,992.19836,1.542572,14.62425,0.0,0.0
2019-10-05 08:00:00,21.11,311.18655,992.40955,1.4686108,14.280136,0.0,0.0
2019-10-05 09:00:00,21.1,310.76086,992.6262,1.0792611,14.4063425,0.0,0.0
2019-10-05 10:00:00,21.55,310.1863,993.3619,1.1019061,14.920505,0.0,0.0
2019-10-05 11:00:00,22.31,309.1071,993.67993,2.3320677,16.129234,0.0,0.0
2019-10-05 12:00:00,22.62,307.8385,994.1311,2.9190683,17.619041,0.0,0.0
2019-10-05 13:00:00,22.28,306.93323,994.2319,3.1502757,18.802208,0.0,0.0
2019-10-05 14:00:00,22.19,305.88068,994.11597,2.9851007,20.281435,0.0,0.0
2019-10-05 15:00:00,22.1,304.99506,993.86945,3.0562105,21.573109,0.0,0.0
2019-10-05 16:00:00,23.25,303.8031,993.70514,2.2230275,23.412355,0.0,0.0
2019-10-05 17:00:00,25.45,302.76126,993.85406,2.3653107,25.42845,0.0,0.0
2019-10-05 18:00:00,26.0,301.28894,994.2955,5.503555,36.47908,0.0,0.0
2019-10-05 19:00:00,25.13,299.3972,995.0441,5.0433717,60.79129,0.0,0.0
2019-10-05 20:00:00,25.01,299.04663,995.6326,4.5093694,62.827778,0.0,0.0
2019-10-05 21:00:00,25.53,298.75714,996.2631,4.377208,64.36372,0.0,0.0
2019-10-05 22:00:00,26.23,298.80676,997.0467,4.432931,65.202515,0.0,0.0
2019-10-05 23:00:00,26.0,299.83643,997.79346,4.5485744,61.16247,0.0,0.0
2019-10-06 00:00:00,27.38,301.63123,998.2124,4.240792,52.53765,0.0,0.0
2019-10-06 01:00:00,27.11,303.83264,997.95483,3.8868399,42.562637,0.0,0.0
2019-10-06 02:00:00,26.53,306.00665,997.2498,3.4694893,35.06034,0.0,0.0
2019-10-06 03:00:00,25.49,308.11255,996.2866,2.9936874,28.623352,0.0,0.0
2019-10-06 04:00:00,24.66,309.41528,995.11584,1.8858967,23.252007,0.0,0.0
2019-10-06 05:00:00,24.35,309.54633,994.09143,1.5130883,21.082378,0.0,0.0
2019-10-06 06:00:00,24.05,309.9328,993.5006,0.6452282,19.485006,0.0,0.0
2019-10-06 07:00:00,23.92,310.89362,992.4515,1.3048398,16.206524,0.0,0.0
2019-10-06 08:00:00,23.95,310.85956,992.59143,1.7274913,16.005417,0.0,0.0
2019-10-06 09:00:00,23.7,310.5219,992.7383,1.9011989,16.093626,0.0,0.0
2019-10-06 10:00:00,23.91,309.9299,993.426,1.9428678,16.74188,0.0,0.0
2019-10-06 11:00:00,24.25,308.97528,993.88403,2.669176,17.893549,0.0,0.0
2019-10-06 12:00:00,23.74,307.8143,994.03516,3.3038201,19.246828,0.0,0.0
2019-10-06 13:00:00,22.65,306.63275,993.9411,3.7899525,20.574917,0.0,0.0
2019-10-06 14:00:00,21.71,305.68384,993.8013,3.9245996,21.660957,0.0,0.0
2019-10-06 15:00:00,20.69,304.72397,993.33014,3.70158,22.83636,0.0,0.0
2019-10-06 16:00:00,19.82,303.68933,993.1234,2.9873722,24.254211,0.0,0.0
2019-10-06 17:00:00,19.79,302.28867,992.94495,2.5697472,26.236969,0.0,0.0
2019-10-06 18:00:00,21.7,301.01947,992.8641,2.7450247,27.892107,0.0,0.0
2019-10-06 19:00:00,23.23,299.9706,993.8078,3.764916,39.601944,0.0,0.0
2019-10-06 20:00:00,23.56,298.99118,994.363,5.2954903,57.119328,0.0,0.0
2019-10-06 21:00:00,22.46,298.17358,995.0592,5.076975,68.60009,0.0,0.0
2019-10-06 22:00:00,22.17,298.16306,995.7675,4.7869186,70.44029,0.0,0.0
2019-10-06 23:00:00,22.77,300.1552,996.4938,4.9441156,61.745155,0.0,0.0
2019-10-07 00:00:00,23.54,302.8181,997.02655,4.2207427,49.154724,0.0,0.0
2019-10-07 01:00:00,22.87,304.99332,996.60864,2.8347178,40.515205,0.0,0.0
2019-10-07 02:00:00,21.48,306.9352,996.22314,1.5865562,33.89622,0.0,0.0
2019-10-07 03:00:00,20.32,308.76617,995.1194,0.4651997,27.284082,0.0,0.0
2019-10-07 04:00:00,21.07,310.48584,993.8172,1.3091693,19.721123,0.0,0.0
2019-10-07 05:00:00,21.72,311.57684,992.5878,2.2435186,15.166105,0.0,0.0
2019-10-07 06:00:00,20.89,312.28406,992.0228,2.867403,13.368238,0.0,0.0
2019-10-07 07:00:00,19.1,312.87976,990.85,2.8845692,12.185623,0.0,0.0
2019-10-07 08:00:00,18.2,312.9726,990.8964,2.8431618,10.946999,0.0,0.0
2019-10-07 09:00:00,17.66,312.63434,990.998,3.058458,9.850047,0.0,0.0
2019-10-07 10:00:00,16.29,311.4403,992.027,2.4507077,10.126847,0.0,0.0
2019-10-07 11:00:00,15.04,310.10852,992.59454,2.4877942,10.787218,0.0,0.0
2019-10-07 12:00:00,14.56,308.59113,993.34515,3.1272745,11.554747,0.0,0.0
2019-10-07 13:00:00,15.66,307.14926,993.4877,4.106301,12.24082,0.0,0.0
2019-10-07 14:00:00,16.15,306.0904,993.71686,4.164406,13.134157,0.0,0.0
2019-10-07 15:00:00,15.77,305.1568,993.4331,4.1184287,13.983769,0.0,0.0
2019-10-07 16:00:00,15.57,304.17932,992.99475,4.03506,14.889841,0.0,0.0
2019-10-07 17:00:00,16.27,303.10126,992.5092,4.049877,15.922202,0.0,0.0
2019-10-07 18:00:00,17.4,301.85944,992.60046,3.4377236,17.211672,0.0,0.0
2019-10-07 19:00:00,18.76,299.47644,993.32904,2.5819664,21.642155,0.0,0.0
2019-10-07 20:00:00,18.85,298.26303,993.5616,2.9523928,31.91747,0.0,0.0
2019-10-07 21:00:00,18.97,297.36816,994.557,2.898989,49.488674,0.0,0.0
2019-10-07 22:00:00,19.38,297.31354,995.2581,2.245916,62.282246,0.0,0.0
2019-10-07 23:00:00,19.57,299.75507,996.23206,2.533925,60.60421,0.0,0.0
2019-10-08 00:00:00,19.46,302.68335,996.78766,2.5176353,51.916862,0.0,0.0
2019-10-08 01:00:00,20.32,305.53748,996.498,1.9130645,40.64609,0.0,0.0
2019-10-08 02:00:00,21.66,307.8562,996.15607,2.0131583,32.00411,0.0,0.0
2019-10-08 03:00:00,21.87,309.79486,995.1408,2.718832,23.540653,0.0,0.0
2019-10-08 04:00:00,19.67,311.3039,994.11554,3.364054,16.799355,0.0,0.0
2019-10-08 05:00:00,15.52,312.597,992.83124,4.1502004,11.423547,0.0,0.0
2019-10-08 06:00:00,12.52,313.86462,991.84204,4.8474975,7.706447,0.0,0.0
2019-10-08 07:00:00,10.91,314.93768,990.6775,7.9442863,5.152523,0.0,0.0
2019-10-08 08:00:00,10.09,314.2508,990.6217,8.255587,5.5160418,0.0,0.0
2019-10-08 09:00:00,10.11,313.02393,991.20844,7.697949,6.674306,0.0,0.0
2019-10-08 10:00:00,10.67,311.16418,992.28766,6.137087,8.179693,0.0,0.0
2019-10-08 11:00:00,12.17,309.76215,993.15485,5.763722,9.239253,0.0,0.0
2019-10-08 12:00:00,12.71,308.58676,993.845,5.6492734,9.8753395,0.0,0.0
2019-10-08 13:00:00,13.79,307.45895,994.4628,5.7668767,10.481374,0.0,0.0
2019-10-08 14:00:00,14.34,306.49835,994.552,5.7541394,11.336697,0.0,0.0
2019-10-08 15:00:00,14.83,305.49298,994.3975,5.1786385,12.498189,0.0,0.0
2019-10-08 16:00:00,15.82,304.5725,994.01483,4.679975,13.65505,0.0,0.0
2019-10-08 17:00:00,16.64,303.65372,993.942,3.9461985,14.943844,0.0,0.0
2019-10-08 18:00:00,17.61,302.03238,994.0853,2.4199178,17.621239,0.0,0.0
2019-10-08 19:00:00,19.23,299.9818,994.6409,1.6114734,23.88953,0.0,0.0
2019-10-08 20:00:00,20.81,298.71185,995.6203,1.5251272,32.422325,0.0,0.0
2019-10-08 21:00:00,21.59,297.56836,996.4854,1.8990512,43.51369,0.0,0.0
2019-10-08 22:00:00,21.48,297.28302,997.4808,1.4429487,54.395805,0.0,0.0
2019-10-08 23:00:00,21.36,300.40594,998.20764,0.92522174,52.42213,0.0,0.0
2019-10-09 00:00:00,19.54,303.70868,998.6043,1.7463565,33.601665,0.0,0.0
2019-10-09 01:00:00,18.13,306.95288,998.3805,4.939028,19.80098,0.0,0.0
2019-10-09 02:00:00,17.67,309.62115,997.68756,7.4150286,15.075691,0.0,0.0
2019-10-09 03:00:00,17.83,311.81604,996.615,8.743003,13.134437,0.0,0.0
2019-10-09 04:00:00,18.2,312.87262,995.3692,8.683462,11.905105,0.0,0.0
2019-10-09 05:00:00,17.89,312.90405,994.3347,7.9677224,11.611058,0.0,0.0
2019-10-09 06:00:00,17.4,313.49353,993.4933,7.3009553,10.866943,0.0,0.0
2019-10-09 07:00:00,16.84,313.68256,992.90234,7.5473275,9.735406,0.0,0.0
2019-10-09 08:00:00,16.28,313.26788,992.834,7.3699794,9.688086,0.0,0.0
2019-10-09 09:00:00,15.76,312.35513,993.3192,6.8338904,9.907391,0.0,0.0
2019-10-09 10:00:00,14.96,310.60016,994.3817,5.3734727,10.764502,0.0,0.0
2019-10-09 11:00:00,14.2,309.17902,995.1108,4.9534464,11.459894,0.0,0.0
2019-10-09 12:00:00,12.71,307.8078,995.71545,4.624362,12.206925,0.0,0.0
2019-10-09 13:00:00,11.46,306.38318,996.0106,4.4274735,13.069752,0.0,0.0
2019-10-09 14:00:00,10.85,305.13382,996.1464,4.093371,13.725415,0.0,0.0
2019-10-09 15:00:00,10.75,303.9109,995.6755,3.7465281,14.317089,0.0,0.0
2019-10-09 16:00:00,10.8,302.67963,995.5598,3.528672,15.019624,0.0,0.0
2019-10-09 17:00:00,10.54,301.33878,995.61115,4.042595,15.620783,0.0,0.0
2019-10-09 18:00:00,10.58,300.42023,995.7035,4.911224,14.706093,0.0,0.0
2019-10-09 19:00:00,10.11,299.8261,995.775,3.707989,11.845611,0.0,0.0
2019-10-09 20:00:00,9.83,298.70425,996.15314,3.0683136,12.909794,0.0,0.0
2019-10-09 21:00:00,9.35,297.38788,996.6356,2.434722,14.96693,0.0,0.0
2019-10-09 22:00:00,8.3,296.91315,997.47235,1.7972078,17.678019,0.0,0.0
2019-10-09 23:00:00,7.38,301.0157,998.28485,1.3244457,13.889614,0.0,0.0
2019-10-10 00:00:00,7.54,304.69376,998.65216,2.2078302,9.460337,0.0025840218,0.0
2019-10-10 01:00:00,7.38,307.61444,998.47375,3.2769437,7.9903936,0.0,0.0
2019-10-10 02:00:00,6.97,310.2957,997.5709,4.8445683,7.0397177,0.0,0.0
2019-10-10 03:00:00,6.89,311.96323,996.4272,6.4130545,5.9881783,0.0,0.0
2019-10-10 04:00:00,6.63,312.90765,995.2555,6.9467387,5.273057,0.0,0.0
2019-10-10 05:00:00,6.41,313.4701,994.0134,7.064825,4.7827373,0.0,0.0
2019-10-10 06:00:00,6.34,313.72894,993.1743,6.89953,4.4749694,0.0,0.0
2019-10-10 07:00:00,6.21,313.63083,992.9003,6.81268,4.0790234,0.0,0.0
2019-10-10 08:00:00,6.2,313.2342,993.0275,6.551145,4.0219164,0.0,0.0
2019-10-10 09:00:00,6.11,312.3236,993.2377,5.6386905,4.118535,0.0,0.0
2019-10-10 10:00:00,5.9,310.08337,994.1167,3.8928897,4.7033796,0.0,0.0
2019-10-10 11:00:00,6.08,308.1469,994.5268,3.5227811,5.287803,0.0,0.0
2019-10-10 12:00:00,6.72,306.3697,995.21405,3.6207323,5.8954864,0.0,0.0
2019-10-10 13:00:00,7.25,304.739,995.4228,3.7469625,6.5221376,0.0,0.0
2019-10-10 14:00:00,7.65,303.29474,995.4797,3.6798623,7.1555724,0.0,0.0
2019-10-10 15:00:00,7.84,302.00256,995.31055,3.7169344,7.7649517,0.0,0.0
2019-10-10 16:00:00,7.79,300.89658,994.92096,3.783414,8.297915,0.0,0.0
2019-10-10 17:00:00,7.74,299.86578,994.5386,3.6901712,8.826162,0.0,0.0
2019-10-10 18:00:00,7.93,298.89172,994.3906,3.6457613,9.376582,0.0,0.0
2019-10-10 19:00:00,7.49,297.39496,994.7145,2.9897482,10.688601,0.0,0.0
2019-10-10 20:00:00,7.58,295.93665,995.1998,2.2921324,12.470578,0.0,0.0
2019-10-10 21:00:00,7.84,294.7038,995.7824,2.2180011,15.244854,0.0,0.0
2019-10-10 22:00:00,8.11,294.5069,996.61804,1.757757,17.820301,0.0,0.0
2019-10-10 23:00:00,8.85,299.04865,997.5089,1.8501548,13.689325,0.0,0.0
2019-10-11 00:00:00,9.31,303.19366,997.9319,2.6461647,12.593837,0.0012904404,0.0
2019-10-11 01:00:00,8.88,306.64496,997.6675,3.7136426,8.069674,0.0,0.0
2019-10-11 02:00:00,7.94,309.2554,996.7609,4.2459383,5.3113594,0.0,0.0
2019-10-11 03:00:00,7.7,311.2188,995.47046,4.427012,3.9135284,0.0,0.0
2019-10-11 04:00:00,7.5,312.74396,994.0048,5.010986,3.4071314,0.0,0.0
2019-10-11 05:00:00,7.23,313.78278,992.6027,5.5633063,3.286147,0.0,0.0
2019-10-11 06:00:00,7.1,314.34198,991.45825,6.0751653,3.4260995,0.0,0.0
2019-10-11 07:00:00,6.87,314.50446,990.9096,5.8491354,3.5620599,0.0,0.0
2019-10-11 08:00:00,6.84,314.10168,990.5187,6.0198216,3.7804642,0.0,0.0
2019-10-11 09:00:00,7.11,313.15265,990.9811,5.3113637,4.0773845,0.0,0.0
2019-10-11 10:00:00,7.45,310.78687,991.7072,3.8863044,4.7701845,0.0,0.0
2019-10-11 11:00:00,7.89,308.98065,992.4637,3.5684717,5.3853827,0.0,0.0
2019-10-11 12:00:00,7.77,307.2669,992.7714,3.3723297,6.038829,0.0,0.0
2019-10-11 13:00:00,8.09,305.5514,993.0497,3.1656964,6.788355,0.0,0.0
2019-10-11 14:00:00,8.39,303.95297,993.1696,3.3156674,7.565733,0.0,0.0
2019-10-11 15:00:00,8.78,302.5593,992.6961,3.433833,8.345114,0.0,0.0
2019-10-11 16:00:00,9.18,301.43616,992.5729,3.6413465,8.999937,0.0,0.0
2019-10-11 17:00:00,10.33,300.51398,992.1711,3.802498,9.4429865,0.0,0.0
2019-10-11 18:00:00,11.63,299.38235,991.95917,3.2936149,9.943445,0.0,0.0
2019-10-11 19:00:00,12.15,297.48798,992.78046,3.5002997,14.564647,0.0,0.0
2019-10-11 20:00:00,12.59,296.41278,992.9469,3.194491,25.48596,0.0,0.0
2019-10-11 21:00:00,12.99,295.5881,993.8136,2.8670607,37.23411,0.0,0.0
2019-10-11 22:00:00,13.4,295.64853,994.1875,2.434309,45.24919,0.0,0.0
2019-10-11 23:00:00,13.56,299.32178,995.28815,2.6003036,43.105484,0.0,0.0
2019-10-12 00:00:00,13.51,302.71344,995.27344,2.6075156,38.07521,0.0021398067,0.0
2019-10-12 01:00:00,14.04,306.06696,994.99976,2.2661166,28.045835,0.0,0.0
2019-10-12 02:00:00,14.34,309.28986,994.03687,3.0129118,15.558405,0.0,0.0
2019-10-12 03:00:00,13.76,311.62286,992.90765,4.630105,9.294059,0.0,0.0
2019-10-12 04:00:00,12.24,312.98447,991.65356,5.229445,6.719429,0.0,0.0
2019-10-12 05:00:00,11.72,313.77826,990.3844,5.425559,5.625691,0.0,0.0
2019-10-12 06:00:00,11.57,314.21103,989.47144,5.303422,5.021196,0.0,0.0
2019-10-12 07:00:00,10.79,314.59344,988.7492,5.478962,4.975686,0.0,0.0
2019-10-12 08:00:00,10.45,314.28903,988.6323,5.0124154,4.8305535,0.0,0.0
2019-10-12 09:00:00,10.56,313.5453,989.3479,4.170895,4.902766,0.0,0.0
2019-10-12 10:00:00,10.68,311.49213,989.9451,3.0069196,5.57443,0.0,0.0
2019-10-12 11:00:00,11.11,309.76465,990.7132,3.0836382,6.228214,0.0,0.0
2019-10-12 12:00:00,10.78,307.98602,991.428,3.34661,6.911637,0.0,0.0
2019-10-12 13:00:00,11.9,305.88495,992.09235,3.306886,8.12889,0.0,0.0
2019-10-12 14:00:00,13.67,304.21832,992.66187,4.6317854,12.8321705,0.0,0.0
2019-10-12 15:00:00,14.94,302.84412,992.88617,5.2993555,25.935179,0.0,0.0
2019-10-12 16:00:00,16.09,301.85403,992.3597,4.746302,36.7317,0.0,0.0
2019-10-12 17:00:00,17.39,300.93555,992.48553,4.071973,41.55671,0.0,0.0
2019-10-12 18:00:00,18.29,299.98346,992.5519,3.915023,44.526653,0.0,0.0
2019-10-12 19:00:00,18.29,298.70477,993.0175,4.1008043,51.13312,0.0,0.0
2019-10-12 20:00:00,18.7,297.93036,993.3834,3.8144732,54.118317,0.0,0.0
2019-10-12 21:00:00,18.59,297.22864,994.0683,3.520786,57.212215,0.0,0.0
2019-10-12 22:00:00,17.91,297.442,994.79266,3.0586264,57.325554,0.0,0.0
2019-10-12 23:00:00,17.41,300.28644,995.7246,3.3414056,47.072647,0.0,0.0
2019-10-13 00:00:00,16.75,303.4052,995.92725,3.121241,33.57616,0.0017091408,0.0
2019-10-13 01:00:00,17.13,306.22513,995.8488,2.6633732,23.878012,0.0,0.0
2019-10-13 02:00:00,17.38,308.81134,995.002,2.635526,17.062584,0.0,0.0
2019-10-13 03:00:00,17.62,310.88318,994.1728,3.0088365,11.839919,0.0,0.0
2019-10-13 04:00:00,17.51,311.96088,992.9844,2.730921,10.558269,0.0,0.0
2019-10-13 05:00:00,17.78,312.5503,992.0313,2.3290415,10.049328,0.0,0.0
2019-10-13 06:00:00,17.87,312.9392,991.2622,2.4673028,9.644351,0.0,0.0
2019-10-13 07:00:00,17.58,313.2693,990.96295,2.7751684,9.452058,0.0,0.0
2019-10-13 08:00:00,17.47,312.9192,990.47437,2.4177618,9.532547,0.0,0.0
2019-10-13 09:00:00,17.35,312.30408,990.86084,1.6713293,9.818321,0.0,0.0
2019-10-13 10:00:00,17.27,311.35223,991.40564,1.0761231,10.547832,0.0,0.0
2019-10-13 11:00:00,17.45,310.02744,991.8627,2.4761236,11.679482,0.0,0.0
2019-10-13 12:00:00,17.35,308.11395,992.0846,3.2086353,13.3304205,0.0,0.0
2019-10-13 13:00:00,17.76,306.69122,992.3817,3.5492024,14.715515,0.0,0.0
2019-10-13 14:00:00,18.23,305.38263,992.5094,3.7416825,16.38609,0.0,0.0
2019-10-13 15:00:00,19.26,304.1636,992.50903,4.5068846,20.550173,0.0,0.0
2019-10-13 16:00:00,19.51,303.11572,992.5856,5.103015,28.03267,0.0,0.0
2019-10-13 17:00:00,19.52,302.29105,992.59607,4.741171,32.679188,0.0,0.0
2019-10-13 18:00:00,19.49,301.3956,992.7533,3.8748486,34.60018,0.0,0.0
2019-10-13 19:00:00,19.87,300.01184,993.2961,3.3997676,42.02872,0.0,0.0
2019-10-13 20:00:00,19.83,299.02866,993.926,3.1409822,44.741997,0.0,0.0
2019-10-13 21:00:00,19.66,298.2237,994.49536,3.0381212,47.541077,0.0,0.0
2019-10-13 22:00:00,19.43,298.41248,995.1791,2.627533,47.362526,0.0,0.0
2019-10-13 23:00:00,19.55,301.74115,995.925,2.7254443,36.283222,0.0,0.0
2019-10-14 00:00:00,19.22,304.893,996.47284,2.6649663,23.304314,0.0,0.0
2019-10-14 01:00:00,19.23,307.47797,996.4953,2.5880325,16.432709,0.0,0.0
2019-10-14 02:00:00,18.94,309.83295,995.761,3.141793,12.365237,0.0,0.0
2019-10-14 03:00:00,18.36,311.33023,995.09924,3.2648237,11.378845,0.0,0.0
2019-10-14 04:00:00,17.62,312.23932,993.84314,2.8755996,10.9018955,0.0,0.0
2019-10-14 05:00:00,17.4,312.77344,992.89307,2.220479,10.52718,0.0,0.0
2019-10-14 06:00:00,17.43,312.95892,992.135,1.4307922,10.328494,0.0,0.0
2019-10-14 07:00:00,17.47,313.01514,991.878,0.775983,10.200212,0.0,0.0
2019-10-14 08:00:00,17.59,312.79388,991.6552,0.9033132,10.317739,0.0,0.0
2019-10-14 09:00:00,17.68,312.33093,991.9969,0.916113,10.600685,0.0,0.0
2019-10-14 10:00:00,17.86,311.52515,992.3689,1.9414271,11.178209,0.0,0.0
2019-10-14 11:00:00,18.38,310.1254,992.9861,3.0409367,12.312876,0.0,0.0
2019-10-14 12:00:00,18.49,308.80255,993.0711,3.833627,13.14808,0.0,0.0
2019-10-14 13:00:00,18.61,307.6367,993.1981,4.2725687,13.905631,0.0,0.0
2019-10-14 14:00:00,18.5,306.62762,992.9344,4.255862,14.73234,0.0,0.0
2019-10-14 15:00:00,18.47,305.64392,992.54126,3.9812648,15.716449,0.0,0.0
2019-10-14 16:00:00,18.55,304.38837,992.2302,2.9339254,17.24333,0.0,0.0
2019-10-14 17:00:00,19.04,303.17175,992.3362,3.9936147,19.603628,0.0,0.0
2019-10-14 18:00:00,19.17,301.9286,992.65356,4.4643707,23.988106,0.0,0.0
2019-10-14 19:00:00,19.18,300.66296,993.41376,4.2566295,36.554016,0.0,0.0
2019-10-14 20:00:00,18.88,299.9221,993.84406,3.6443732,39.075016,0.0,0.0
2019-10-14 21:00:00,18.62,299.15884,994.0856,3.3927243,40.81975,0.0,0.0
2019-10-14 22:00:00,18.56,299.542,994.945,3.1606307,39.19185,0.0,0.0
2019-10-14 23:00:00,18.2,302.95587,995.60986,3.623168,28.405842,0.0,0.0
2019-10-15 00:00:00,19.07,306.086,996.1281,3.9751031,18.111395,0.0,0.0
2019-10-15 01:00:00,19.58,308.28842,995.85156,3.8885362,14.292892,0.0,0.0
2019-10-15 02:00:00,19.71,310.339,995.08044,4.138571,11.770012,0.0,0.0
2019-10-15 03:00:00,19.35,311.97855,994.02185,4.281667,10.151166,0.0,0.0
2019-10-15 04:00:00,18.89,312.96494,992.995,3.6377962,9.52033,0.0,0.0
2019-10-15 05:00:00,18.45,313.49164,991.93713,2.7342753,9.285115,0.0,0.0
2019-10-15 06:00:00,18.51,313.61023,990.9295,1.5382698,9.267057,0.0,0.0
2019-10-15 07:00:00,18.24,313.81555,990.27484,0.7652888,9.361248,0.0,0.0
2019-10-15 08:00:00,18.18,313.5275,990.2993,0.27210915,9.530206,0.0,0.0
2019-10-15 09:00:00,18.36,313.13593,990.3833,1.2322689,9.740793,0.0,0.0
2019-10-15 10:00:00,18.7,312.18198,990.9535,2.8333495,10.325512,0.0,0.0
2019-10-15 11:00:00,19.22,310.64587,991.34534,3.6587334,11.299029,0.0,0.0
2019-10-15 12:00:00,19.35,309.28497,991.48065,4.005228,12.141125,0.0,0.0
2019-10-15 13:00:00,19.63,308.0792,991.6409,4.207141,12.991874,0.0,0.0
2019-10-15 14:00:00,20.17,306.98602,991.6852,3.9399269,13.886876,0.0,0.0
2019-10-15 15:00:00,22.69,305.6133,991.66876,2.688651,15.350252,0.0,0.0
2019-10-15 16:00:00,23.67,303.68094,992.4231,6.3427224,22.512514,0.0,0.0
2019-10-15 17:00:00,23.73,301.85748,992.4122,7.4826145,41.755074,0.0,0.0
2019-10-15 18:00:00,23.52,301.17194,992.33514,5.914337,46.176334,0.0,0.0
2019-10-15 19:00:00,23.19,299.73907,992.95874,4.8395696,52.335655,0.0,0.0
2019-10-15 20:00:00,22.84,299.0924,993.59924,4.1309156,53.652306,0.0,0.0
2019-10-15 21:00:00,22.57,298.48608,994.0003,3.6920595,54.578686,0.0,0.0
2019-10-15 22:00:00,22.33,298.9007,994.8181,3.1518474,51.826622,0.0,0.0
2019-10-15 23:00:00,21.93,302.13144,995.46857,3.5685005,37.04554,0.0,0.0
2019-10-16 00:00:00,22.58,305.48953,995.76794,3.464001,22.63132,0.0,0.0
2019-10-16 01:00:00,22.44,307.96268,995.5701,2.8167863,16.873714,0.0,0.0
2019-10-16 02:00:00,22.22,310.0473,994.7947,2.8564248,13.591032,0.0,0.0
2019-10-16 03:00:00,21.95,311.94647,993.79333,3.4734805,11.483487,0.0,0.0
2019-10-16 04:00:00,21.72,313.24365,992.84814,3.6539576,10.24297,0.0,0.0
2019-10-16 05:00:00,21.9,313.89536,991.7495,3.1112304,9.656488,0.0,0.0
2019-10-16 06:00:00,21.71,314.15057,990.97577,2.3143022,9.358115,0.0,0.0
2019-10-16 07:00:00,21.66,314.4192,990.3773,2.3880708,9.319225,0.0,0.0
2019-10-16 08:00:00,21.41,314.1309,990.382,1.88206,9.370373,0.0,0.0
2019-10-16 09:00:00,21.8,313.60016,990.46405,1.9421214,9.551353,0.0,0.0
2019-10-16 10:00:00,22.27,312.38843,991.125,3.053268,10.304533,0.0,0.0
2019-10-16 11:00:00,22.71,310.8972,991.47296,3.8919535,11.2710905,0.0,0.0
2019-10-16 12:00:00,22.62,309.6983,991.8399,4.3011894,12.059616,0.0,0.0
2019-10-16 13:00:00,22.45,308.74323,991.975,4.431486,12.68073,0.0,0.0
2019-10-16 14:00:00,22.51,307.66565,991.9459,4.1341305,13.456387,0.0,0.0
2019-10-16 15:00:00,22.86,306.63837,991.61914,3.8014631,14.273794,0.0,0.0
2019-10-16 16:00:00,23.4,305.8048,990.9186,3.6029332,14.950345,0.0,0.0
2019-10-16 17:00:00,24.5,304.0699,990.86865,1.4234544,18.294895,0.0,0.0
2019-10-16 18:00:00,24.98,302.86383,991.5514,4.4986153,24.005178,0.0,0.0
2019-10-16 19:00:00,24.34,300.67825,992.1297,4.098406,50.813805,0.0,0.0
2019-10-16 20:00:00,23.34,299.98987,992.60913,4.247622,53.93345,0.0,0.0
2019-10-16 21:00:00,22.65,299.44687,992.75464,4.4518247,55.21155,0.0,0.0
2019-10-16 22:00:00,22.53,299.95557,993.4628,4.072833,52.559258,0.0,0.0
2019-10-16 23:00:00,22.67,302.6928,994.47,4.149751,41.778942,0.0,0.0
2019-10-17 00:00:00,22.84,305.64197,994.7932,3.9681525,29.50669,0.0,0.0
2019-10-17 01:00:00,23.22,307.9822,994.58435,3.0234234,22.263159,0.0,0.0
2019-10-17 02:00:00,23.23,310.02734,993.97296,2.3755412,18.581118,0.0,0.0
2019-10-17 03:00:00,22.55,311.93604,993.02893,1.97442,15.679426,0.0,0.0
2019-10-17 04:00:00,22.07,313.6233,992.1894,2.1178062,13.042629,0.0,0.0
2019-10-17 05:00:00,22.25,314.58267,991.1014,2.681369,11.218566,0.0,0.0
2019-10-17 06:00:00,21.89,314.864,990.538,2.7791004,10.488079,0.0,0.0
2019-10-17 07:00:00,21.24,315.16852,989.58435,2.5347748,9.377706,0.0,0.0
2019-10-17 08:00:00,20.98,314.98193,989.7111,2.4130037,9.420206,0.0,0.0
2019-10-17 09:00:00,20.88,314.40677,989.7645,1.7219871,9.676806,0.0,0.0
2019-10-17 10:00:00,21.21,313.39697,990.69244,0.50636786,10.368556,0.0,0.0
2019-10-17 11:00:00,21.55,312.07635,990.8784,2.3858497,11.340215,0.0,0.0
2019-10-17 12:00:00,21.61,310.4406,991.248,2.6076589,12.533158,0.0,0.0
2019-10-17 13:00:00,22.36,308.9448,991.5149,1.8338329,14.118285,0.0,0.0
2019-10-17 14:00:00,23.16,307.99103,991.7498,1.5647581,15.5097275,0.0,0.0
2019-10-17 15:00:00,23.82,306.7705,992.04065,4.0161076,15.555699,0.0,0.0
2019-10-17 16:00:00,25.2,305.33746,992.21924,5.7017336,21.777893,0.0,0.0
2019-10-17 17:00:00,26.35,303.93167,992.33093,5.639487,35.09571,0.0,0.0
2019-10-17 18:00:00,27.8,303.05014,992.42065,5.118131,41.202633,0.0,0.0
2019-10-17 19:00:00,29.44,301.94183,992.6156,5.4162707,50.37475,0.0,0.0
2019-10-17 20:00:00,29.42,301.44128,993.0474,5.374053,52.001858,0.0,0.0
2019-10-17 21:00:00,27.97,300.93472,993.63,5.375404,53.323776,0.0,0.0
2019-10-17 22:00:00,26.89,301.4886,994.45233,5.3183894,51.00369,0.0,0.0
2019-10-17 23:00:00,26.57,304.1048,995.34,6.077439,40.757088,0.0,0.0
2019-10-18 00:00:00,25.02,307.7061,995.51117,6.3004713,28.534428,0.001707637,0.0
2019-10-18 01:00:00,24.76,310.8827,995.4331,6.9470057,18.168592,0.0,0.0
2019-10-18 02:00:00,24.4,312.65942,994.8893,6.767364,15.073265,0.0,0.0
2019-10-18 03:00:00,24.17,313.76837,993.9345,5.780837,13.552816,0.0,0.0
2019-10-18 04:00:00,23.6,314.2476,993.2086,4.769324,12.52447,0.0,0.0
2019-10-18 05:00:00,23.37,314.84418,992.19836,4.02857,11.603332,0.0,0.0
2019-10-18 06:00:00,24.36,315.076,991.59033,3.5421007,11.200384,0.0,0.0
2019-10-18 07:00:00,24.81,315.4482,990.39935,3.4922004,9.425945,0.0,0.0
2019-10-18 08:00:00,24.91,315.26852,990.6389,3.2880187,9.239927,0.0,0.0
2019-10-18 09:00:00,25.14,314.8078,990.6443,2.880287,9.372458,0.0,0.0
2019-10-18 10:00:00,25.05,313.85504,991.8719,2.0809062,10.026416,0.0,0.0
2019-10-18 11:00:00,24.41,312.87817,992.3042,2.3025784,10.798079,0.0,0.0
2019-10-18 12:00:00,23.66,311.79364,993.0932,2.8930779,11.59944,0.0,0.0
2019-10-18 13:00:00,24.33,310.15686,994.03406,3.9558232,13.015691,0.0,0.0
2019-10-18 14:00:00,25.87,306.90204,995.2103,8.201902,20.77606,0.0,0.0
2019-10-18 15:00:00,26.11,304.74344,995.67,6.393399,26.029991,0.0,0.0
2019-10-18 16:00:00,26.39,304.10657,995.52075,5.3264294,26.412865,0.0,0.0
2019-10-18 17:00:00,26.38,303.4192,995.58167,4.939382,26.603788,0.0,0.0
2019-10-18 18:00:00,26.42,302.67902,995.42633,4.454116,27.66346,0.0,0.0
2019-10-18 19:00:00,26.61,301.64764,995.3851,3.300943,30.463167,0.0,0.0
2019-10-18 20:00:00,26.88,300.88992,996.14575,2.5397515,32.89406,0.0,0.0
2019-10-18 21:00:00,26.83,300.10034,996.5672,1.8902624,35.879692,0.0,0.0
2019-10-18 22:00:00,27.28,300.2326,997.6648,1.5121092,36.582115,0.0021755695,0.0
2019-10-18 23:00:00,27.44,302.84174,998.3898,1.6533298,30.53688,0.0,0.0
2019-10-19 00:00:00,26.18,305.54303,998.85406,2.4610262,23.529095,0.0026106834,0.0
2019-10-19 01:00:00,26.17,307.7558,998.84314,3.0508776,18.681774,0.0,0.0
2019-10-19 02:00:00,25.89,309.6117,998.0237,3.0359719,16.582693,0.0,0.0
2019-10-19 03:00:00,25.25,311.4566,997.2336,2.8403997,15.016714,0.0,0.0
2019-10-19 04:00:00,24.68,312.79004,996.04016,2.6766906,13.972381,0.0,0.0
2019-10-19 05:00:00,24.26,313.63113,995.0901,2.637664,13.417156,0.0,0.0
2019-10-19 06:00:00,23.84,313.6974,994.2989,2.4528005,13.221576,0.0,0.0
2019-10-19 07:00:00,23.13,313.22748,993.83563,1.287224,12.908239,0.0,0.0
2019-10-19 08:00:00,22.12,313.13736,993.86615,1.280487,12.962217,0.0,0.0
2019-10-19 09:00:00,21.07,312.7047,994.0993,1.1716433,13.27508,0.0,0.0
2019-10-19 10:00:00,20.35,311.99036,994.85236,1.3656907,13.959919,0.0,0.0
2019-10-19 11:00:00,20.39,311.0061,995.25397,2.5118628,15.069312,0.0,0.0
2019-10-19 12:00:00,20.57,309.69116,995.5213,3.2659793,16.556349,0.0,0.0
2019-10-19 13:00:00,21.56,308.6773,995.6942,3.5805104,17.605995,0.0,0.0
2019-10-19 14:00:00,22.16,307.9018,995.80096,3.5578668,18.369358,0.0,0.0
2019-10-19 15:00:00,23.87,306.9157,995.52545,3.4173648,19.367935,0.0,0.0
2019-10-19 16:00:00,25.64,305.8903,994.9322,3.0479836,20.470993,0.0,0.0
2019-10-19 17:00:00,26.45,304.58215,994.6272,2.4466977,22.101576,0.0,0.0
2019-10-19 18:00:00,26.37,303.284,994.5575,2.2036872,23.937017,0.0,0.0
2019-10-19 19:00:00,26.78,303.11707,994.60266,1.0312098,24.188585,0.0,0.0
2019-10-19 20:00:00,26.7,301.2918,995.6025,2.0158763,27.42355,0.0,0.0
2019-10-19 21:00:00,26.05,300.79694,996.7234,2.9203322,27.521416,0.0,0.0
2019-10-19 22:00:00,25.48,301.8687,997.718,3.4422684,24.593815,0.0,0.07
2019-10-19 23:00:00,23.68,305.44565,998.10815,3.7733874,18.510822,0.0,0.0
2019-10-20 00:00:00,23.03,308.1871,998.19104,3.5800216,14.466493,0.0,0.0
2019-10-20 01:00:00,22.2,310.2249,997.7196,4.454335,11.769801,0.0,0.0
2019-10-20 02:00:00,21.31,312.17908,996.84326,6.2325034,9.926409,0.0,0.0
2019-10-20 03:00:00,20.5,314.07037,995.545,6.9355564,8.548295,0.0,0.0
2019-10-20 04:00:00,19.81,315.18127,994.0524,6.356993,8.199442,0.0,0.0
2019-10-20 05:00:00,19.13,315.8302,993.09296,5.44586,8.168583,0.0,0.0
2019-10-20 06:00:00,18.78,316.33008,991.7562,5.1382213,7.704156,0.0,0.0
2019-10-20 07:00:00,18.8,316.2202,991.22235,4.3602505,7.602587,0.0,0.0
2019-10-20 08:00:00,18.81,315.91452,990.762,4.1121135,7.7719927,0.0,0.0
2019-10-20 09:00:00,18.99,315.26956,991.3014,3.8474727,8.28739,0.0,0.0
2019-10-20 10:00:00,19.2,313.70752,991.99915,2.8399127,9.329431,0.0,0.0
2019-10-20 11:00:00,19.7,312.39514,992.7484,2.806069,10.423999,0.0,0.0
2019-10-20 12:00:00,20.94,311.29565,993.5611,3.6998646,12.219597,0.0,0.0
2019-10-20 13:00:00,25.02,310.02545,994.2605,4.893716,15.862579,0.0,0.0
2019-10-20 14:00:00,28.25,308.8058,994.4636,3.7813196,18.63358,0.0,0.0
2019-10-20 15:00:00,28.29,307.63315,994.1997,2.7128975,20.106504,0.0,0.0
2019-10-20 16:00:00,28.33,306.51495,993.7191,2.6239972,21.578812,0.0,0.0
2019-10-20 17:00:00,28.64,305.5401,993.52905,3.685626,23.053953,0.0,0.0
2019-10-20 18:00:00,29.09,304.94495,993.505,3.9071193,26.754719,0.0,0.0
2019-10-20 19:00:00,27.43,303.4281,994.12836,0.8992011,23.273254,0.0,0.0
2019-10-20 20:00:00,26.24,302.44058,994.46564,2.0977736,25.303864,0.0,0.0
2019-10-20 21:00:00,26.2,301.58597,995.38,2.201848,29.927412,0.0,0.0
2019-10-20 22:00:00,26.32,301.8212,996.02686,1.6855322,31.93289,0.0,0.0
2019-10-20 23:00:00,25.62,304.9701,996.6546,2.0839388,27.389494,0.0,0.0
2019-10-21 00:00:00,23.08,307.64233,996.9451,2.9691138,23.055872,0.0,0.0
2019-10-21 01:00:00,22.11,310.2115,996.6103,3.9720225,15.817717,0.0,0.0
2019-10-21 02:00:00,21.15,312.08997,995.84625,4.6171722,11.130898,0.0,0.0
2019-10-21 03:00:00,21.59,313.31952,994.81335,4.76569,9.459952,0.0,0.0
2019-10-21 04:00:00,21.88,314.1974,993.9419,4.412706,8.550777,0.0,0.0
2019-10-21 05:00:00,22.32,314.73843,993.0733,3.5146723,8.003473,0.0,0.0
2019-10-21 06:00:00,22.3,314.9192,992.03076,2.5709484,7.7700562,0.0,0.0
2019-10-21 07:00:00,22.29,314.83813,991.0139,1.6916293,8.500076,0.0,0.0
2019-10-21 08:00:00,22.57,314.56757,990.8611,1.5953995,8.626194,0.0,0.0
2019-10-21 09:00:00,22.06,314.2801,990.97314,2.1177845,8.680231,0.0,0.0
2019-10-21 10:00:00,21.49,313.30627,991.77905,1.5983131,9.140286,0.0,0.0
2019-10-21 11:00:00,20.9,312.36975,992.2662,1.1354777,9.506846,0.0,0.0
2019-10-21 12:00:00,20.39,310.94055,992.7665,0.5127728,12.772557,0.012546778,0.0
2019-10-21 13:00:00,20.26,309.61096,993.35297,1.1814419,12.011993,0.0037699938,0.0
2019-10-21 14:00:00,19.96,308.2744,993.48065,1.9262341,13.014728,0.019520521,0.0
2019-10-21 15:00:00,20.19,307.38608,993.07983,3.0894444,14.063719,0.0037252903,0.16
2019-10-21 16:00:00,21.69,306.4109,992.5692,4.4355187,15.931667,0.0,0.0
2019-10-21 17:00:00,23.01,304.93738,992.52966,7.1803727,24.192072,0.0,0.0
2019-10-21 18:00:00,23.72,303.3331,992.3292,6.232168,34.331562,0.0,0.0
2019-10-21 19:00:00,24.31,301.94458,992.9126,3.4805949,41.507275,0.0,0.0
2019-10-21 20:00:00,24.16,301.088,993.47266,1.8383038,43.06219,0.0,0.0
2019-10-21 21:00:00,23.72,300.30762,994.64185,2.5070345,43.75841,0.0,0.0
2019-10-21 22:00:00,23.66,301.0128,995.1605,2.357767,40.209343,0.0,0.0
2019-10-21 23:00:00,22.93,303.7878,995.9442,3.4562325,31.778284,0.0,0.0
2019-10-22 00:00:00,21.09,305.9541,995.9897,3.5085335,26.265617,0.04005432,0.0
2019-10-22 01:00:00,20.67,308.22363,995.64417,3.6337476,21.12893,0.0,0.0
2019-10-22 02:00:00,20.5,310.52423,994.9482,4.7879367,15.587646,0.0,0.0
2019-10-22 03:00:00,19.78,312.2757,993.73456,5.68183,11.639977,0.0,0.0
2019-10-22 04:00:00,18.97,313.255,992.812,5.4065714,9.772667,0.0,0.0
2019-10-22 05:00:00,18.52,313.8341,991.71783,4.826827,8.605452,0.0,0.0
2019-10-22 06:00:00,17.05,314.0561,990.9244,4.2636275,7.7875466,0.0,0.0
2019-10-22 07:00:00,15.44,313.92743,990.22375,3.8041618,7.2614098,0.0,0.0
2019-10-22 08:00:00,14.32,313.59473,990.1305,3.6244674,6.911569,0.0,0.0
2019-10-22 09:00:00,13.98,312.99225,990.42084,3.5433888,6.788841,0.0,0.0
2019-10-22 10:00:00,13.95,311.52283,991.215,2.8477695,7.319539,0.0,0.0
2019-10-22 11:00:00,13.6,310.08243,991.86487,2.7486043,7.986191,0.0,0.0
2019-10-22 12:00:00,13.1,308.63388,992.163,2.565004,8.795665,0.0,0.0
2019-10-22 13:00:00,13.3,307.06232,992.53265,2.5717387,9.840716,0.0,0.0
2019-10-22 14:00:00,13.55,305.44073,992.6179,2.5821264,11.066119,0.0,0.0
2019-10-22 15:00:00,13.79,303.93573,992.4071,2.5228314,12.358034,0.0,0.0
2019-10-22 16:00:00,14.02,302.63403,991.9246,2.688351,13.389026,0.0,0.0
2019-10-22 17:00:00,14.82,301.35107,991.60815,2.729845,14.402925,0.0,0.0
2019-10-22 18:00:00,15.64,300.43652,991.63086,1.5395792,15.913189,0.0,0.0
2019-10-22 19:00:00,16.18,298.53613,992.3718,1.9938322,18.708065,0.0,0.0
2019-10-22 20:00:00,16.63,297.5625,993.04205,2.1688275,24.446001,0.0,0.0
2019-10-22 21:00:00,16.78,296.7555,994.02716,1.9320095,30.836716,0.0,0.0
2019-10-22 22:00:00,16.63,297.2699,994.59625,1.8569559,33.459602,0.0,0.0
2019-10-22 23:00:00,16.44,301.5716,995.2559,2.252947,31.37421,0.0,0.0
2019-10-23 00:00:00,16.21,304.77698,995.22705,2.0941575,28.792147,0.0,0.0
2019-10-23 01:00:00,16.27,308.06573,994.84546,2.1711428,18.631067,0.0,0.0
2019-10-23 02:00:00,16.57,310.97446,994.1676,3.8761358,11.292181,0.0,0.0
2019-10-23 03:00:00,16.37,312.75867,992.9589,4.5300493,8.067967,0.0,0.0
2019-10-23 04:00:00,15.58,313.48846,991.9434,3.4926481,7.03936,0.0,0.0
2019-10-23 05:00:00,15.18,313.73383,990.8922,2.2938075,6.7106605,0.0,0.0
2019-10-23 06:00:00,14.65,313.8078,990.1308,1.4571055,6.596058,0.0,0.0
2019-10-23 07:00:00,14.48,313.92206,989.1348,1.3344017,6.303426,0.0,0.0
2019-10-23 08:00:00,14.32,313.70312,988.9359,0.9887778,6.318376,0.0,0.0
2019-10-23 09:00:00,14.31,313.2503,989.2472,1.2698765,6.4225273,0.0,0.0
2019-10-23 10:00:00,14.59,312.03857,989.78265,2.1916735,7.0504403,0.0,0.0
2019-10-23 11:00:00,14.45,310.50342,990.41284,3.141908,8.03896,0.0,0.0
2019-10-23 12:00:00,15.0,309.03748,990.95593,3.2508423,8.792191,0.0,0.0
2019-10-23 13:00:00,17.0,307.66367,991.0633,3.1463137,9.867972,0.0,0.0
2019-10-23 14:00:00,20.24,305.07812,991.9833,8.079909,26.273474,0.0,0.0
2019-10-23 15:00:00,22.06,302.1327,992.07983,7.4546533,50.32038,0.0,0.0
2019-10-23 16:00:00,23.21,301.29303,991.8903,6.642358,54.421955,0.0,0.0
2019-10-23 17:00:00,24.83,300.40356,992.15814,6.4412036,58.353573,0.0,0.0
2019-10-23 18:00:00,27.38,299.75336,992.4136,5.887806,61.01994,0.0,0.0
2019-10-23 19:00:00,26.95,299.17776,992.6535,4.9607935,63.615948,0.0,0.0
2019-10-23 20:00:00,26.84,298.80112,993.2427,4.9174833,65.48692,0.0,0.0
2019-10-23 21:00:00,26.73,298.40128,993.8727,4.545659,67.68019,0.0,0.0
2019-10-23 22:00:00,26.34,298.80975,994.65936,4.6749716,67.11596,0.0,0.0
2019-10-23 23:00:00,26.93,300.63385,995.323,5.6103344,58.361786,0.0,0.0
2019-10-24 00:00:00,26.95,303.3183,995.3376,5.891721,44.837917,0.0,0.0
2019-10-24 01:00:00,26.93,306.28723,994.9414,6.0560837,32.622692,0.0,0.0
2019-10-24 02:00:00,26.66,308.76355,993.8817,5.9364095,25.09986,0.0,0.0
2019-10-24 03:00:00,26.2,310.63397,993.1403,5.4135685,20.911997,0.0,0.0
2019-10-24 04:00:00,25.94,312.0313,992.04626,4.869758,18.09165,0.0,0.0
2019-10-24 05:00:00,25.34,312.74463,990.9817,4.176313,15.459843,0.0,0.0
2019-10-24 06:00:00,24.52,313.1595,990.238,3.8383474,13.632562,0.0,0.0
2019-10-24 07:00:00,24.45,313.0711,989.4136,3.8122811,12.561297,0.0,0.0
2019-10-24 08:00:00,24.78,312.60193,989.2863,3.3164027,12.839706,0.0,0.0
2019-10-24 09:00:00,25.37,312.05115,989.94,3.1179721,13.363019,0.0,0.0
2019-10-24 10:00:00,26.49,310.75427,991.41705,4.9985647,14.838541,0.0,0.0
2019-10-24 11:00:00,28.11,308.64606,992.49506,7.434908,18.82058,0.0,0.0
2019-10-24 12:00:00,30.49,307.20276,992.9558,8.493526,22.015945,0.0,0.0
2019-10-24 13:00:00,33.04,305.82184,993.146,8.506677,29.88481,0.0,0.0
2019-10-24 14:00:00,33.8,304.8133,993.29956,6.8327208,35.221596,0.0,0.0
2019-10-24 15:00:00,31.96,304.10568,992.7457,5.760628,37.033607,0.0,0.0
2019-10-24 16:00:00,29.65,303.27206,992.0879,5.284829,39.84316,0.0,0.0
2019-10-24 17:00:00,28.25,302.17484,991.96515,5.211554,46.206535,0.0,0.0
2019-10-24 18:00:00,28.34,300.9505,992.2707,5.341097,54.687153,0.0,0.0
2019-10-24 19:00:00,29.5,299.4547,993.1217,5.0636597,66.46719,0.0,0.0
2019-10-24 20:00:00,30.74,298.9057,994.0486,3.8918126,70.275246,0.0,0.0
2019-10-24 21:00:00,32.65,298.48767,994.96954,3.4280162,73.59724,0.0,0.0
2019-10-24 22:00:00,34.47,298.70834,995.59576,4.4091616,74.57498,0.0,0.0
2019-10-24 23:00:00,35.4,300.185,996.51874,5.6311827,66.93469,0.0,0.0
2019-10-25 00:00:00,31.97,302.1789,996.5103,5.8608847,56.187344,0.0,0.0
2019-10-25 01:00:00,31.86,304.6131,995.9693,5.6496015,45.166557,0.0,0.0
2019-10-25 02:00:00,31.97,307.04376,995.3652,5.25858,36.05642,0.0,0.0
2019-10-25 03:00:00,33.13,309.00586,994.1464,5.011596,29.60382,0.010348856,0.0
2019-10-25 04:00:00,34.68,310.37357,993.1247,4.696722,25.475496,0.031404197,0.0
2019-10-25 05:00:00,35.69,311.12448,992.0054,4.254088,22.580235,0.0224635,0.0
2019-10-25 06:00:00,35.68,311.63055,990.95483,4.1384177,21.035233,0.03220141,0.0
2019-10-25 07:00:00,35.86,311.4159,990.0544,4.2780027,20.438774,0.02272427,0.0
2019-10-25 08:00:00,36.39,310.8549,990.3932,4.5758276,19.65993,0.016063452,1.25
2019-10-25 09:00:00,37.17,309.16287,990.9333,4.8687043,22.2939,0.2002418,2.4399998
2019-10-25 10:00:00,37.35,308.1693,991.95294,5.592477,25.124212,0.0,2.1499999
2019-10-25 11:00:00,37.15,306.5637,992.614,6.8672247,30.751291,0.0,1.18
2019-10-25 12:00:00,38.11,304.78485,993.4969,6.5493174,37.34461,0.0,1.9100001
2019-10-25 13:00:00,39.17,303.93018,993.9964,5.455005,40.60421,0.0,1.5899999
2019-10-25 14:00:00,39.44,303.50427,993.98553,4.419821,41.36234,0.0,3.34
2019-10-25 15:00:00,37.16,303.03833,993.59686,3.7246437,41.982594,0.0,4.61
2019-10-25 16:00:00,34.14,302.57434,992.7034,3.4712353,42.705498,0.0,1.39
2019-10-25 17:00:00,31.91,301.9909,992.1802,3.6795583,43.7486,0.0022947788,0.68
2019-10-25 18:00:00,32.15,301.5065,991.58984,4.0666585,44.5003,0.0,1.26
2019-10-25 19:00:00,32.07,301.14783,992.2558,3.877764,51.409966,0.0,1.26
2019-10-25 20:00:00,31.18,300.98743,992.7126,4.0512757,51.59363,0.0,0.89
2019-10-25 21:00:00,30.32,300.53345,993.3846,4.273051,53.87359,0.0,0.42
2019-10-25 22:00:00,29.6,300.701,994.5695,4.3547425,55.762653,0.0,0.04
2019-10-25 23:00:00,29.21,301.91528,995.8015,4.5012784,53.421516,0.0,0.0
2019-10-26 00:00:00,29.6,304.12787,995.9359,4.3279266,44.46859,0.34032464,0.0
2019-10-26 01:00:00,29.14,306.28693,995.3297,3.667236,35.85774,0.0,0.0
2019-10-26 02:00:00,29.47,308.33286,994.58405,3.1308398,28.640865,0.0077243894,0.0
2019-10-26 03:00:00,29.15,309.4375,993.3734,2.694214,24.386284,0.014543533,0.01
2019-10-26 04:00:00,29.01,309.9063,992.45795,2.267268,21.808054,0.010274351,0.0
2019-10-26 05:00:00,29.1,310.3263,991.4217,1.914538,20.252516,0.0030994415,0.0
2019-10-26 06:00:00,27.81,310.77533,990.5507,1.5178769,18.855165,0.0,0.0
2019-10-26 07:00:00,26.82,311.48895,989.19006,2.5390122,17.601753,0.013113022,0.0
2019-10-26 08:00:00,26.33,310.4776,989.2514,2.6469471,18.131329,0.13992935,0.0
2019-10-26 09:00:00,26.32,309.67474,989.7268,1.5919461,18.474987,0.4432425,0.0
2019-10-26 10:00:00,26.44,308.9753,990.74524,1.3331314,19.341503,0.0,0.0
2019-10-26 11:00:00,26.78,308.0163,991.4267,2.201961,21.26414,0.0,0.0
2019-10-26 12:00:00,27.75,307.14807,991.6738,2.5937982,22.90639,0.0,0.0
2019-10-26 13:00:00,28.21,306.17108,991.7367,3.0593212,24.507942,0.0,0.0
2019-10-26 14:00:00,29.64,305.3969,991.8904,3.0530524,25.69001,0.0,0.0
2019-10-26 15:00:00,30.89,304.72803,991.5123,2.9981606,26.76006,0.0,0.0
2019-10-26 16:00:00,31.32,304.0966,990.96045,3.146805,27.573322,0.0,0.0
2019-10-26 17:00:00,30.93,303.33456,990.6744,3.8254833,28.401493,0.0,0.0
2019-10-26 18:00:00,30.66,303.00195,990.58844,5.0987372,28.423986,0.0,0.0
2019-10-26 19:00:00,29.77,300.77277,991.57904,5.0569654,37.80735,0.0,0.0
2019-10-26 20:00:00,28.29,300.12463,991.9699,4.1377645,40.587788,0.0,0.0
2019-10-26 21:00:00,27.14,299.60095,992.8242,3.5105643,42.825924,0.0,0.0
2019-10-26 22:00:00,26.21,300.2245,993.71045,2.9093251,42.0497,0.0,0.0
2019-10-26 23:00:00,26.79,302.13446,994.7761,4.3980107,38.139023,0.0,0.0
2019-10-27 00:00:00,28.95,304.15796,995.17596,5.1463904,34.143757,0.6328523,0.0
2019-10-27 01:00:00,28.58,306.438,994.91345,5.171355,29.35665,0.0,0.0
2019-10-27 02:00:00,28.12,308.39862,994.1277,4.4049835,24.366432,0.0,0.0
2019-10-27 03:00:00,27.3,309.79727,993.067,4.0220075,19.859364,0.0,0.0
2019-10-27 04:00:00,26.4,310.97656,991.8111,4.894639,16.517315,0.0,0.0
2019-10-27 05:00:00,24.84,311.58655,990.6674,5.574602,15.099157,0.0,0.0
2019-10-27 06:00:00,23.47,311.97385,989.8672,5.898436,14.056197,0.0,0.0
2019-10-27 07:00:00,23.2,312.48004,989.10077,5.203572,12.608363,0.0,0.0
2019-10-27 08:00:00,23.08,312.28677,988.9179,5.3241887,12.719943,0.0,0.0
2019-10-27 09:00:00,23.07,311.46136,989.2597,6.0444884,13.279072,0.0,0.0
2019-10-27 10:00:00,23.3,309.93567,990.3137,5.4003243,14.818139,0.0,0.0
2019-10-27 11:00:00,24.18,309.13104,991.068,4.7880077,15.61123,0.0,0.0
2019-10-27 12:00:00,25.68,307.27805,991.95874,8.08151,21.166853,0.0,0.0
2019-10-27 13:00:00,27.28,304.59723,993.3669,8.676297,33.765114,0.0,0.0
2019-10-27 14:00:00,27.23,303.18115,993.90234,8.281183,38.822556,0.0,0.0
2019-10-27 15:00:00,27.26,301.81232,994.0533,8.304852,42.88807,0.0,0.0
2019-10-27 16:00:00,26.57,300.78796,993.84,7.937968,45.65143,0.0,0.0
2019-10-27 17:00:00,26.26,300.12424,993.6782,6.932426,47.584118,0.0,0.0
2019-10-27 18:00:00,27.22,299.62848,993.6025,6.0199027,49.29343,0.0,0.0
2019-10-27 19:00:00,27.93,298.83813,994.3011,6.05203,54.190773,0.0,0.0
2019-10-27 20:00:00,27.99,298.35516,994.79584,5.984038,53.943806,0.0,0.0
2019-10-27 21:00:00,26.96,297.95874,995.4597,5.483119,51.991333,0.0,0.0
2019-10-27 22:00:00,24.93,298.41086,996.16907,5.385914,46.956425,0.0,0.0
2019-10-27 23:00:00,23.54,300.11487,996.6814,5.961343,39.62536,0.0,0.0
2019-10-28 00:00:00,22.53,302.47186,996.6477,5.5873947,32.823933,0.0,0.0
2019-10-28 01:00:00,21.57,304.97324,996.368,5.288528,26.58723,0.0,0.0
2019-10-28 02:00:00,20.58,307.1731,995.58154,5.434065,21.95947,0.0,0.0
2019-10-28 03:00:00,19.7,308.8696,994.4575,5.781756,19.010384,0.0,0.0
2019-10-28 04:00:00,19.28,310.10632,993.30096,5.736454,16.85464,0.0,0.0
2019-10-28 05:00:00,19.67,310.8547,991.96375,5.5953503,15.035969,0.0,0.0
2019-10-28 06:00:00,20.05,311.37524,990.9861,5.5156436,13.614895,0.0,0.0
2019-10-28 07:00:00,21.29,311.31335,990.4426,4.845769,12.897229,0.0,0.0
2019-10-28 08:00:00,22.11,311.04672,990.25903,4.990861,12.844987,0.0,0.0
2019-10-28 09:00:00,22.74,309.63586,990.86505,6.452322,14.306595,0.0,0.0
2019-10-28 10:00:00,22.85,307.9593,992.2943,6.518183,17.229193,0.0,0.0
2019-10-28 11:00:00,22.65,306.8001,993.0989,5.1097603,19.574352,0.0,0.0
2019-10-28 12:00:00,23.17,305.97528,993.43286,3.8161142,20.989464,0.0,0.0
2019-10-28 13:00:00,23.83,305.1159,993.93805,3.591914,22.28805,0.0,0.0
2019-10-28 14:00:00,24.47,304.23972,994.2672,4.5501695,24.412384,0.0,0.0
2019-10-28 15:00:00,24.46,303.25397,994.3364,4.975817,28.88203,0.0,0.0
2019-10-28 16:00:00,23.55,302.27432,993.9581,4.429786,33.659306,0.0,0.0
2019-10-28 17:00:00,22.54,301.47552,993.6577,3.978211,36.946445,0.0,0.0
2019-10-28 18:00:00,21.55,300.76178,993.4558,3.7042844,39.30838,0.0,0.0
2019-10-28 19:00:00,21.32,300.1098,993.44977,3.0144784,41.232414,0.0,0.0
2019-10-28 20:00:00,22.66,299.2371,994.0081,2.4699702,43.4241,0.0,0.0
2019-10-28 21:00:00,23.34,298.287,994.66815,2.0183628,46.026745,0.0,0.0
2019-10-28 22:00:00,24.05,298.89474,995.52234,1.5833697,45.188377,0.0,0.0
2019-10-28 23:00:00,24.07,302.15228,996.111,2.339069,37.229496,0.0,0.0
2019-10-29 00:00:00,23.03,304.7152,996.34076,3.734691,31.280005,0.0019431113,0.0
2019-10-29 01:00:00,22.72,306.8586,996.07477,3.9393973,26.354218,0.0,0.0
2019-10-29 02:00:00,22.06,308.61917,995.3655,3.3172293,19.851034,0.0,0.0
2019-10-29 03:00:00,19.5,310.25232,994.47064,4.167755,14.055898,0.0,0.0
2019-10-29 04:00:00,17.34,311.1505,993.10034,4.362174,11.765881,0.0,0.0
2019-10-29 05:00:00,16.02,311.9416,992.0865,4.2983007,10.16238,0.0,0.0
2019-10-29 06:00:00,15.54,312.36353,991.0709,4.2063146,9.14691,0.0,0.0
2019-10-29 07:00:00,15.31,312.51416,990.3281,4.0286694,8.927443,0.0,0.0
2019-10-29 08:00:00,15.07,312.31854,990.39954,4.186012,8.541794,0.0,0.0
2019-10-29 09:00:00,15.15,311.6497,990.5708,4.294149,8.51285,0.0,0.0
2019-10-29 10:00:00,15.32,310.24973,991.71826,3.62639,9.065253,0.0,0.0
2019-10-29 11:00:00,15.08,308.8089,992.1964,3.665154,9.7177305,0.0,0.0
2019-10-29 12:00:00,14.9,307.45697,993.19037,3.9585671,10.342202,0.0,0.0
2019-10-29 13:00:00,15.24,306.15167,993.7595,4.2050147,11.007209,0.0,0.0
2019-10-29 14:00:00,14.81,304.97223,994.02826,4.3400393,11.692795,0.0,0.0
2019-10-29 15:00:00,14.61,303.94617,993.6692,4.406863,12.371749,0.0,0.0
2019-10-29 16:00:00,14.48,302.96466,993.40704,4.161318,13.20679,0.0,0.0
2019-10-29 17:00:00,14.99,302.00546,992.947,4.1085525,14.141893,0.0,0.0
2019-10-29 18:00:00,17.26,301.06323,992.80634,3.4312966,15.23184,0.0,0.0
2019-10-29 19:00:00,19.12,299.1638,994.16205,3.6308706,30.76547,0.0,0.0
2019-10-29 20:00:00,19.55,298.00195,994.55835,3.426487,55.66327,0.0,0.0
2019-10-29 21:00:00,20.53,297.36206,995.14343,2.976952,71.08044,0.0,0.0
2019-10-29 22:00:00,21.29,298.14084,995.72815,2.8719099,72.061905,0.0,0.0
2019-10-29 23:00:00,20.73,300.62323,996.39404,3.4241672,61.581837,0.0,0.0
2019-10-30 00:00:00,19.27,303.50842,996.7523,3.1189265,46.93423,0.0,0.0
2019-10-30 01:00:00,19.27,306.1926,996.3075,2.558931,31.874651,0.0,0.0
2019-10-30 02:00:00,18.99,308.41077,995.42224,2.6042001,22.174665,0.0,0.0
2019-10-30 03:00:00,18.36,310.10815,994.3818,2.6363146,15.779745,0.0,0.0
2019-10-30 04:00:00,17.66,311.1247,993.0664,2.4190328,12.157413,0.0,0.0
2019-10-30 05:00:00,16.0,311.83508,992.0145,2.4561944,10.497127,0.0,0.0
2019-10-30 06:00:00,13.59,312.2082,991.05383,2.2147663,9.501704,0.0,0.0
2019-10-30 07:00:00,11.22,312.65204,990.02844,2.4722252,7.885896,0.0,0.0
2019-10-30 08:00:00,10.23,312.48065,989.66205,2.1348112,7.1478157,0.0,0.0
2019-10-30 09:00:00,9.44,311.98785,989.5073,1.7051915,6.645595,0.0,0.0
2019-10-30 10:00:00,8.93,311.1538,990.16205,0.43922055,6.796634,0.0,0.0
2019-10-30 11:00:00,8.3,310.0063,990.5747,0.7703734,7.535797,0.0,0.0
2019-10-30 12:00:00,8.05,307.7423,990.9944,1.4783432,10.31402,0.0,0.0
2019-10-30 13:00:00,8.14,305.64386,991.45624,1.941325,11.270289,0.0,0.0
2019-10-30 14:00:00,8.03,304.01117,991.59796,2.5624108,11.849645,0.0,0.0
2019-10-30 15:00:00,8.03,302.4558,991.30304,2.7012267,12.338851,0.0,0.0
2019-10-30 16:00:00,8.41,301.0639,990.70734,2.5320532,12.854547,0.0,0.0
2019-10-30 17:00:00,9.35,299.86206,990.1788,2.4363306,13.430604,0.0,0.0
2019-10-30 18:00:00,11.08,299.02203,989.8053,2.6353784,13.574815,0.0,0.0
2019-10-30 19:00:00,12.12,297.9416,990.71484,3.3996696,16.824728,0.0,0.0
2019-10-30 20:00:00,13.52,297.08478,991.3084,4.1818213,32.889977,0.0,0.0
2019-10-30 21:00:00,14.23,296.53558,991.8628,3.8723078,54.265793,0.0,0.0
2019-10-30 22:00:00,14.78,297.60474,992.65326,4.0148306,64.30793,0.0,0.0
2019-10-30 23:00:00,15.41,300.69336,993.4231,5.106027,58.031017,0.0,0.0
2019-10-31 00:00:00,15.23,303.73682,993.72424,4.8906827,44.63567,0.0017167147,0.0
2019-10-31 01:00:00,15.31,306.46146,993.4522,4.001292,33.570606,0.0,0.0
2019-10-31 02:00:00,15.31,308.73022,992.6866,2.934558,24.722,0.0,0.0
2019-10-31 03:00:00,15.63,310.44287,991.6498,2.1355138,18.47314,0.0,0.0
2019-10-31 04:00:00,16.32,311.74042,990.37885,2.1235187,13.433951,0.0,0.0
2019-10-31 05:00:00,17.05,312.3458,989.21533,1.7174854,11.30952,0.0,0.0
2019-10-31 06:00:00,17.8,312.6179,988.2662,1.3636452,10.7204485,0.0,0.0
2019-10-31 07:00:00,17.71,312.59558,987.26373,0.9163326,10.403512,0.0,0.0
2019-10-31 08:00:00,17.69,312.36078,986.90796,1.0112493,10.484528,0.0,0.0
2019-10-31 09:00:00,18.14,311.8941,987.23694,1.0367091,10.797636,0.0,0.0
2019-10-31 10:00:00,18.44,311.14038,987.8179,1.23318,11.457442,0.0,0.0
2019-10-31 11:00:00,18.4,310.12595,988.2957,1.8432761,12.5429125,0.0,0.0
2019-10-31 12:00:00,18.97,308.88187,988.85425,2.5266707,13.785526,0.0,0.0
2019-10-31 13:00:00,19.54,307.50146,989.0578,3.0434897,14.966252,0.0,0.0
2019-10-31 14:00:00,21.27,306.17664,988.96515,3.1334724,15.979026,0.0,0.0
2019-10-31 15:00:00,22.96,304.90332,988.7136,3.754927,17.657349,0.0,0.0
2019-10-31 16:00:00,23.1,303.66635,988.4601,5.856486,26.13989,0.0,0.0
2019-10-31 17:00:00,22.48,302.89166,988.40985,6.138074,35.561745,0.0,0.0
2019-10-31 18:00:00,22.86,302.2116,988.683,5.619165,38.338627,0.0,0.0
2019-10-31 19:00:00,23.67,301.1803,989.3716,4.874873,42.9652,0.0,0.0
2019-10-31 20:00:00,24.59,300.41583,990.0895,4.5361924,45.927517,0.0,0.0
2019-10-31 21:00:00,25.48,299.73126,990.9679,4.388418,49.66961,0.0,0.0
2019-10-31 22:00:00,25.57,300.23892,991.74097,4.607037,50.030643,0.0,0.0
2019-10-31 23:00:00,25.86,302.0083,992.72766,5.883798,45.947945,0.0,0.0
2019-11-01 00:00:00,24.8,304.18427,992.6067,6.2378273,39.456158,0.0,0.0
2019-11-01 01:00:00,24.57,306.64337,992.1094,6.407689,31.405874,0.0,0.0
2019-11-01 02:00:00,23.85,309.08722,991.21204,6.8830657,23.743782,0.0,0.0
2019-11-01 03:00:00,23.61,310.98364,990.2857,7.344427,17.743734,0.0,0.0
2019-11-01 04:00:00,23.93,311.8585,989.27014,7.698093,15.134203,0.0,0.0
2019-11-01 05:00:00,24.06,312.15448,988.3,7.686529,14.543276,0.0,0.0
2019-11-01 06:00:00,23.48,312.35974,987.58923,7.2721786,14.143864,0.0,0.0
2019-11-01 07:00:00,23.67,312.2556,986.75085,6.1565537,13.575389,0.0,0.0
2019-11-01 08:00:00,23.81,311.65668,986.66187,6.495265,14.222181,0.0,0.0
2019-11-01 09:00:00,24.14,310.95834,987.3197,6.3199267,15.040202,0.0,0.0
2019-11-01 10:00:00,25.29,310.11642,988.00397,5.503335,16.070724,0.0,0.0
2019-11-01 11:00:00,26.75,308.97107,988.6328,5.0565104,17.580986,0.0,0.0
2019-11-01 12:00:00,28.45,307.91644,989.14404,5.8375015,19.756783,0.0,0.0
2019-11-01 13:00:00,30.88,306.7132,989.6166,6.865987,24.496283,0.0,0.0
2019-11-01 14:00:00,33.39,305.36374,989.8028,7.4297237,31.660524,0.0,0.0
2019-11-01 15:00:00,31.91,304.4933,989.46185,7.5070796,38.426483,0.0,0.0
2019-11-01 16:00:00,29.37,303.85223,988.78577,6.7617135,41.06243,0.0,0.0
2019-11-01 17:00:00,27.55,303.23697,988.8778,5.9614134,40.917282,0.0,0.0
2019-11-01 18:00:00,26.64,302.513,988.8909,5.3352146,40.529434,0.0,0.0
2019-11-01 19:00:00,26.26,302.03503,989.7021,4.471345,36.092873,0.0,0.0
2019-11-01 20:00:00,25.87,301.40332,990.3499,4.0644274,37.37307,0.0,0.0
2019-11-01 21:00:00,25.51,300.80823,991.02905,3.7660272,38.56782,0.0,0.0
2019-11-01 22:00:00,25.12,301.22034,991.8219,3.7412229,37.142597,0.0,0.0
2019-11-01 23:00:00,25.04,302.71616,992.4812,4.374188,31.183186,0.0,0.0
2019-11-02 00:00:00,22.48,304.43143,992.892,4.63197,25.708168,0.0,0.0
2019-11-02 01:00:00,22.4,306.48828,992.8903,5.005581,20.878956,0.0,0.0
2019-11-02 02:00:00,22.49,308.45172,991.9804,5.2959867,17.230944,0.0,0.0
2019-11-02 03:00:00,22.1,309.94495,991.2322,5.3911886,15.152709,0.0,0.0
2019-11-02 04:00:00,22.02,311.04926,990.1609,5.5688114,13.942792,0.0,0.0
2019-11-02 05:00:00,21.85,311.8003,989.4744,5.7544293,13.406721,0.0,0.0
2019-11-02 06:00:00,22.09,312.16107,988.6147,5.784694,13.265231,0.0,0.0
2019-11-02 07:00:00,22.21,312.1481,988.65924,4.841055,13.296517,0.0,0.0
2019-11-02 08:00:00,21.87,311.82364,988.59875,4.6621976,13.334715,0.0,0.0
2019-11-02 09:00:00,21.8,311.17746,989.15344,4.468113,13.699508,0.0,0.0
2019-11-02 10:00:00,22.3,310.22437,989.868,3.5610502,14.461976,0.0,0.0
2019-11-02 11:00:00,22.24,309.3499,990.66,3.1585643,15.258188,0.0,0.0
2019-11-02 12:00:00,22.16,308.24814,991.11865,3.1565561,16.168,0.0,0.0
2019-11-02 13:00:00,22.15,307.10168,991.6356,3.4118965,16.910051,0.0,0.0
2019-11-02 14:00:00,21.34,306.06995,991.6197,3.8443494,17.315779,0.0,0.0
2019-11-02 15:00:00,20.71,304.9776,991.5613,4.6901793,18.183577,0.0,0.0
2019-11-02 16:00:00,19.69,303.94452,991.0394,5.6472197,20.007225,0.0,0.0
2019-11-02 17:00:00,18.55,302.97314,990.97296,5.5312405,20.356564,0.0,0.0
2019-11-02 18:00:00,17.89,301.93164,990.88446,4.6556325,19.871273,0.0,0.0
2019-11-02 19:00:00,17.41,300.76672,991.45264,4.314241,21.98552,0.0,0.0
2019-11-02 20:00:00,16.89,299.59497,992.1869,3.858919,21.078339,0.0,0.0
2019-11-02 21:00:00,16.21,298.73462,993.1234,3.6184416,19.644615,0.0,0.0
2019-11-02 22:00:00,15.94,299.66217,994.1348,3.4823463,16.757063,0.0,0.0
2019-11-02 23:00:00,16.01,302.5595,994.9893,5.411487,12.851533,0.0,0.0
2019-11-03 00:00:00,16.07,304.96667,995.0581,7.0152645,11.0091305,0.0,0.0
2019-11-03 01:00:00,16.15,307.39624,995.0084,7.1638865,9.571924,0.0,0.0
2019-11-03 02:00:00,16.63,309.5716,994.1872,6.6261816,8.498076,0.0,0.0
2019-11-03 03:00:00,16.6,311.07574,993.47064,5.6021237,7.960394,0.0,0.0
2019-11-03 04:00:00,16.81,312.0927,992.65015,4.6121984,7.8661127,0.0,0.0
2019-11-03 05:00:00,16.8,312.7202,991.8964,4.007002,7.9840636,0.0,0.0
2019-11-03 06:00:00,16.33,313.04016,991.0117,3.5893598,8.163527,0.0,0.0
2019-11-03 07:00:00,15.83,313.01544,990.4433,3.0387385,8.707379,0.0,0.0
2019-11-03 08:00:00,15.71,312.84283,990.7389,3.3460968,8.754784,0.0,0.0
2019-11-03 09:00:00,15.69,312.27606,990.8936,3.9396923,8.883053,0.0,0.0
2019-11-03 10:00:00,15.6,310.87048,991.8685,4.067427,9.485496,0.0,0.0
2019-11-03 11:00:00,15.37,309.364,992.2293,4.8456306,10.183575,0.0,0.0
2019-11-03 12:00:00,15.41,308.1457,992.83014,5.4276953,10.737995,0.0,0.0
2019-11-03 13:00:00,15.34,307.14233,992.9839,5.714375,11.200574,0.0,0.0
2019-11-03 14:00:00,15.41,306.4966,992.95764,5.8970027,11.424031,0.0,0.0
2019-11-03 15:00:00,15.21,305.65454,992.7569,6.131894,11.665643,0.0,0.0
2019-11-03 16:00:00,15.18,304.82324,992.50903,6.405517,11.697468,0.0,0.0
2019-11-03 17:00:00,15.31,304.0994,992.7229,6.4745173,11.555843,0.0,0.0
2019-11-03 18:00:00,15.2,303.60645,993.0031,6.1378336,11.307764,0.0,0.0
2019-11-03 19:00:00,15.47,302.6068,993.0786,5.2069554,12.370858,0.0,0.0
2019-11-03 20:00:00,15.51,301.93646,993.6566,4.5890574,12.385079,0.0,0.0
2019-11-03 21:00:00,15.43,301.33478,994.5239,3.9843855,12.567484,0.0,0.0
2019-11-03 22:00:00,15.83,302.0089,995.4459,3.5736482,11.969023,0.0,0.0
2019-11-03 23:00:00,16.29,304.39368,996.202,5.285111,10.25926,0.0,0.0
2019-11-04 00:00:00,16.46,306.94937,996.4687,7.1928897,8.872356,0.0,0.0
2019-11-04 01:00:00,16.77,309.30692,996.3329,7.490735,8.563102,0.0,0.0
2019-11-04 02:00:00,17.27,311.26855,995.5557,7.4192004,8.869733,0.0,0.0
2019-11-04 03:00:00,17.96,312.68884,994.69763,6.6375546,8.894564,0.0,0.0
2019-11-04 04:00:00,18.72,313.59155,993.5557,5.915676,8.738165,0.0,0.0
2019-11-04 05:00:00,19.25,314.08936,992.6138,5.526648,8.792011,0.0,0.0
2019-11-04 06:00:00,19.44,314.4138,991.5853,5.336015,8.9910555,0.0,0.0
2019-11-04 07:00:00,19.79,314.9367,990.48267,4.703027,8.943992,0.0,0.0
2019-11-04 08:00:00,19.97,314.68466,990.3527,4.524972,9.267135,0.0,0.0
2019-11-04 09:00:00,20.71,314.086,990.78143,4.626034,9.6083355,0.0,0.0
2019-11-04 10:00:00,21.39,312.97534,991.3961,4.441908,10.323809,0.0,0.0
2019-11-04 11:00:00,21.42,311.7801,991.9149,5.221893,11.376469,0.0,0.0
2019-11-04 12:00:00,21.17,310.5528,992.4741,5.9722004,12.777366,0.0,0.0
2019-11-04 13:00:00,21.8,309.5803,993.03064,6.574022,14.180825,0.0,0.0
2019-11-04 14:00:00,22.71,308.71997,993.52734,6.5070457,15.701596,0.0,0.0
2019-11-04 15:00:00,24.47,308.09277,993.4359,6.0975327,16.816292,0.0,0.0
2019-11-04 16:00:00,26.16,307.25995,993.28296,5.568818,17.771187,0.0,0.0
2019-11-04 17:00:00,28.54,306.37003,993.4331,5.22081,18.935503,0.0,0.0
2019-11-04 18:00:00,31.65,305.8442,993.8055,5.3468246,21.383526,0.0,0.0
2019-11-04 19:00:00,31.67,304.5005,994.07733,5.126474,31.319174,0.0,0.0
2019-11-04 20:00:00,31.68,303.87317,994.5,4.6998744,37.676315,0.0,0.0
2019-11-04 21:00:00,31.97,303.2102,994.9903,4.1511884,42.150036,0.0,0.0
2019-11-04 22:00:00,32.72,303.84576,995.95764,4.247476,41.594776,0.0,0.0
2019-11-04 23:00:00,33.11,305.50983,996.6191,6.4250054,37.45943,0.0,0.0
2019-11-05 00:00:00,30.91,307.08948,996.77295,9.110001,32.550602,0.0,0.0
2019-11-05 01:00:00,30.4,308.59064,996.60596,9.56673,28.750292,0.0,0.0
2019-11-05 02:00:00,29.57,310.0639,995.84326,8.950179,25.390276,0.0,0.0
2019-11-05 03:00:00,28.62,311.41757,994.7282,7.741827,21.583212,0.0,0.0
2019-11-05 04:00:00,27.8,312.35944,993.5717,6.7149496,17.915668,0.0,0.0
2019-11-05 05:00:00,26.88,312.71024,992.6945,6.2834997,15.337268,0.0,0.0
2019-11-05 06:00:00,25.65,312.97168,991.71533,6.0522676,13.490284,0.0,0.0
2019-11-05 07:00:00,23.85,313.01913,990.8653,5.634051,12.427638,0.0,0.0
2019-11-05 08:00:00,22.72,312.85022,991.03174,5.509113,11.645205,0.0,0.0
2019-11-05 09:00:00,22.99,312.17535,991.1802,5.428541,11.51004,0.0,0.0
2019-11-05 10:00:00,22.16,310.92133,992.0059,4.31042,12.17104,0.0,0.0
2019-11-05 11:00:00,21.69,309.59174,992.72833,3.970647,13.085929,0.0,0.0
2019-11-05 12:00:00,21.37,308.24908,993.22217,4.1201396,14.071009,0.0,0.0
2019-11-05 13:00:00,20.93,307.07037,993.6625,4.3901134,14.842932,0.0,0.0
2019-11-05 14:00:00,19.95,306.1023,994.09143,4.698036,15.126583,0.0,0.0
2019-11-05 15:00:00,19.11,305.2506,993.6287,5.2115297,14.826751,0.0,0.0
2019-11-05 16:00:00,18.6,304.5108,993.40204,5.467579,14.2081,0.0,0.0
2019-11-05 17:00:00,17.62,303.6847,993.3019,5.322508,13.885241,0.0,0.0
2019-11-05 18:00:00,16.61,302.63177,993.1463,4.714798,13.977936,0.0,0.0
2019-11-05 19:00:00,15.11,302.00916,993.85516,2.2405481,22.02744,0.0,0.0
2019-11-05 20:00:00,13.78,301.5432,994.03656,3.0664654,20.24557,0.0,0.0
2019-11-05 21:00:00,13.36,301.41174,994.5087,3.9856002,18.33061,0.0,0.0
2019-11-05 22:00:00,13.0,302.0494,995.3474,4.1485033,16.33962,0.0,0.0
2019-11-05 23:00:00,12.92,303.61105,996.2004,4.654097,13.226091,0.0,0.0
2019-11-06 00:00:00,14.59,305.65277,996.2278,5.1099424,9.032343,0.0012934208,0.0
2019-11-06 01:00:00,12.9,308.0498,996.0058,5.289592,6.126527,0.0,0.0
2019-11-06 02:00:00,10.92,310.33368,995.243,5.5946317,4.5899405,0.0,0.0
2019-11-06 03:00:00,9.97,311.41473,994.048,5.022769,4.8507547,0.0,0.0
2019-11-06 04:00:00,9.46,312.6819,992.7478,4.3467674,5.0009584,0.0,0.0
2019-11-06 05:00:00,9.2,313.39417,991.4793,4.1211853,4.844695,0.0,0.0
2019-11-06 06:00:00,8.61,313.81155,990.5305,4.041396,4.6142945,0.0,0.0
2019-11-06 07:00:00,8.43,313.82422,989.8872,4.3669453,4.178043,0.0,0.0
2019-11-06 08:00:00,7.79,313.5289,989.66205,4.376471,4.0740275,0.0,0.0
2019-11-06 09:00:00,7.05,312.8551,990.0464,4.2879667,4.052691,0.0,0.0
2019-11-06 10:00:00,6.67,311.0675,990.7536,3.3935776,4.4265466,0.0,0.0
2019-11-06 11:00:00,6.45,309.25012,991.3798,3.5529883,4.828844,0.0,0.0
2019-11-06 12:00:00,6.4,307.5872,992.0486,3.813667,5.098469,0.0,0.0
2019-11-06 13:00:00,6.45,306.07196,992.4958,4.077424,5.2016783,0.0,0.0
2019-11-06 14:00:00,6.61,304.85193,992.7417,4.441021,5.163839,0.0,0.0
2019-11-06 15:00:00,6.44,303.8155,992.32874,4.6476865,5.2243266,0.0,0.0
2019-11-06 16:00:00,6.2,302.7948,992.13104,4.525071,5.541293,0.0,0.0
2019-11-06 17:00:00,5.6,301.81705,991.9441,4.5226912,5.989492,0.0,0.0
2019-11-06 18:00:00,5.63,300.9604,991.8995,4.653693,6.438466,0.0,0.0
2019-11-06 19:00:00,5.47,298.21613,992.1233,3.385469,8.69058,0.0,0.0
2019-11-06 20:00:00,5.19,297.26196,992.7813,3.4127264,9.29415,0.0,0.0
2019-11-06 21:00:00,5.09,296.50723,993.36414,3.3658164,9.961087,0.0,0.0
2019-11-06 22:00:00,4.79,297.71045,994.2533,2.9045985,9.451573,0.0,0.0
2019-11-06 23:00:00,4.66,302.43762,995.0103,3.2609155,6.657448,0.0,0.0
2019-11-07 00:00:00,4.37,306.45178,995.1332,3.8786247,4.8453135,0.0,0.0
2019-11-07 01:00:00,4.47,309.658,995.17914,4.1711683,3.8991702,0.0,0.0
2019-11-07 02:00:00,4.46,311.94495,994.27966,5.1911125,3.2626045,0.0,0.0
2019-11-07 03:00:00,4.41,313.17975,993.1937,5.043527,2.7811956,0.0,0.0
2019-11-07 04:00:00,4.2,313.9389,992.04736,4.374375,2.4952867,0.0,0.0
2019-11-07 05:00:00,3.67,314.4832,991.0572,3.9594717,2.3063915,0.0,0.0
2019-11-07 06:00:00,3.3,314.75616,990.2278,3.6460187,2.1844628,0.0,0.0
2019-11-07 07:00:00,2.91,314.518,989.76544,3.3988905,2.2064078,0.0,0.0
2019-11-07 08:00:00,2.83,314.2522,989.8019,3.3327088,2.1940172,0.0,0.0
2019-11-07 09:00:00,3.02,313.57275,990.0444,3.1765003,2.2736094,0.0,0.0
2019-11-07 10:00:00,3.15,311.89246,991.03076,2.5882332,2.6882875,0.0,0.0
2019-11-07 11:00:00,3.05,309.94,991.46857,2.9418755,3.22291,0.0,0.0
2019-11-07 12:00:00,3.45,307.78735,991.9762,3.4032006,3.8415675,0.0,0.0
2019-11-07 13:00:00,4.22,306.08032,992.45044,3.7865384,4.4489202,0.0,0.0
2019-11-07 14:00:00,4.26,304.69797,992.35846,4.053197,5.051032,0.0,0.0
2019-11-07 15:00:00,4.4,303.62518,992.0011,4.1724973,5.59886,0.0,0.0
2019-11-07 16:00:00,4.49,302.72186,991.7617,4.2688246,6.0888658,0.0,0.0
2019-11-07 17:00:00,4.41,301.72504,991.52875,3.92903,6.6510534,0.0,0.0
2019-11-07 18:00:00,4.61,300.5193,991.46216,3.5914311,7.3974175,0.0,0.0
2019-11-07 19:00:00,4.39,298.0913,992.1476,3.563553,10.236513,0.0,0.0
2019-11-07 20:00:00,4.18,296.9997,992.9486,3.1690564,11.946557,0.0,0.0
2019-11-07 21:00:00,4.31,296.12137,993.60236,2.7529132,13.90765,0.0,0.0
2019-11-07 22:00:00,4.49,297.04794,994.59717,2.1077912,15.041947,0.0,0.0
2019-11-07 23:00:00,4.67,301.82642,995.47675,2.1402276,12.645097,0.0,0.0
2019-11-08 00:00:00,5.25,305.83813,995.79333,2.524352,13.548207,0.0,0.0
2019-11-08 01:00:00,5.37,309.0487,995.575,2.4097235,13.543023,0.0,0.0
2019-11-08 02:00:00,5.26,311.90393,994.9464,3.4146597,8.888267,0.0,0.0
2019-11-08 03:00:00,5.1,313.73596,993.90314,4.396511,5.4519415,0.0,0.0
2019-11-08 04:00:00,4.71,314.55078,992.67847,3.934695,4.2205667,0.0,0.0
2019-11-08 05:00:00,4.29,315.12604,991.6806,3.5375001,3.4967928,0.0,0.0
2019-11-08 06:00:00,4.33,315.4241,990.7047,3.1976612,3.0034597,0.0,0.0
2019-11-08 07:00:00,4.53,315.74237,990.0564,3.2541463,2.6553032,0.0,0.0
2019-11-08 08:00:00,4.71,315.47495,989.8795,3.074933,2.67478,0.0,0.0
2019-11-08 09:00:00,5.36,314.85962,990.1524,3.0313168,2.7943804,0.0,0.0
2019-11-08 10:00:00,5.45,313.31143,990.90814,2.518408,3.2344193,0.0,0.0
2019-11-08 11:00:00,5.38,311.38217,991.66565,2.6825776,3.797506,0.0,0.0
2019-11-08 12:00:00,5.7,309.1474,992.4032,3.0759568,4.3993526,0.0,0.0
2019-11-08 13:00:00,6.1,307.00632,992.7246,3.8204677,4.87396,0.0,0.0
2019-11-08 14:00:00,6.24,305.48547,992.84735,4.0994644,5.0549226,0.0,0.0
2019-11-08 15:00:00,6.2,304.1174,992.6379,3.796026,5.29115,0.0,0.0
2019-11-08 16:00:00,6.28,302.72577,992.26404,3.7282255,5.6889734,0.0,0.0
2019-11-08 17:00:00,6.1,301.15057,992.3057,2.8149855,6.5848746,0.0,0.0
2019-11-08 18:00:00,5.98,301.14697,992.8181,0.5948955,8.255742,0.0,0.0
2019-11-08 19:00:00,6.27,298.07245,994.3245,2.6815853,25.534668,0.0,0.0
2019-11-08 20:00:00,6.67,297.07153,994.7386,1.698242,32.658733,0.0,0.0
2019-11-08 21:00:00,6.98,296.21423,995.0153,2.558885,44.5044,0.0,0.0
2019-11-08 22:00:00,7.4,297.24695,995.6369,2.0020947,54.69125,0.0,0.0
2019-11-08 23:00:00,7.77,301.49872,996.05023,1.4254321,44.84146,0.0,0.0
2019-11-09 00:00:00,7.35,305.08813,996.35956,2.2286034,22.010101,0.0,0.0
2019-11-09 01:00:00,6.93,308.1612,996.0056,4.0108194,12.114076,0.0,0.0
2019-11-09 02:00:00,6.97,310.7478,995.32477,4.4494014,7.9617987,0.0,0.0
2019-11-09 03:00:00,6.85,312.878,993.94,4.27608,5.5298924,0.0,0.0
2019-11-09 04:00:00,6.79,314.24377,992.6828,3.4018433,4.1719546,0.0,0.0
2019-11-09 05:00:00,6.88,314.85437,991.4964,2.6848187,3.6771827,0.0,0.0
2019-11-09 06:00:00,6.96,315.22205,990.65436,2.5159423,3.59652,0.0,0.0
2019-11-09 07:00:00,7.04,315.52097,989.6756,2.804996,3.7294712,0.0,0.0
2019-11-09 08:00:00,7.05,315.22552,989.6175,2.511518,3.8234367,0.0,0.0
2019-11-09 09:00:00,7.16,314.59882,989.72375,2.1540153,3.996931,0.0,0.0
2019-11-09 10:00:00,6.95,313.42566,990.54126,1.8867843,4.4671183,0.0,0.0
2019-11-09 11:00:00,7.11,311.66345,991.0094,2.665183,5.1974406,0.0,0.0
2019-11-09 12:00:00,7.33,309.4718,991.66,3.0503654,6.081611,0.0,0.0
2019-11-09 13:00:00,7.8,307.50085,991.9152,3.3967252,6.7736,0.0,0.0
2019-11-09 14:00:00,7.93,306.0484,991.78827,3.8537552,7.05055,0.0,0.0
2019-11-09 15:00:00,7.93,304.9264,991.6663,4.064556,7.2075925,0.0,0.0
2019-11-09 16:00:00,7.76,303.72568,991.27673,4.1961064,7.5194926,0.0,0.0
2019-11-09 17:00:00,7.98,302.53442,991.4122,4.7437477,7.9107337,0.0,0.0
2019-11-09 18:00:00,8.31,301.45175,991.2473,3.91897,8.544188,0.0,0.0
2019-11-09 19:00:00,8.41,300.0954,992.0003,2.4576087,11.10851,0.0,0.0
2019-11-09 20:00:00,8.6,298.1358,992.91345,3.131847,18.979303,0.0,0.0
2019-11-09 21:00:00,9.65,296.4319,993.65485,1.9731616,34.473434,0.0,0.0
2019-11-09 22:00:00,11.28,297.29523,994.28186,1.045503,39.330906,0.0,0.0
2019-11-09 23:00:00,12.88,300.7506,994.8045,1.8954383,35.733406,0.0,0.0
2019-11-10 00:00:00,15.17,304.14276,994.90814,2.278025,28.502247,0.0,0.0
2019-11-10 01:00:00,15.1,307.42468,994.65204,2.6206548,20.090944,0.0,0.0
2019-11-10 02:00:00,14.49,310.4914,993.91345,3.1365786,14.316948,0.0,0.0
2019-11-10 03:00:00,14.06,312.8223,992.66986,3.2195277,10.812165,0.0,0.0
2019-11-10 04:00:00,14.49,314.2546,991.3819,2.6757693,7.8300724,0.0,0.0
2019-11-10 05:00:00,15.46,314.72165,990.3725,1.5081044,6.26911,0.0,0.0
2019-11-10 06:00:00,15.68,314.8995,989.53143,0.4812415,5.709071,0.0,0.0
2019-11-10 07:00:00,13.74,315.10883,988.5602,0.8792464,6.0785904,0.0,0.0
2019-11-10 08:00:00,11.74,314.90912,988.26013,1.4060404,6.0732813,0.0,0.0
2019-11-10 09:00:00,10.73,314.45258,988.4675,1.7952905,6.2369275,0.0,0.0
2019-11-10 10:00:00,10.1,313.4095,989.1954,1.9348868,6.8542557,0.0,0.0
2019-11-10 11:00:00,9.87,311.91864,989.83234,2.4094539,7.8197384,0.0,0.0
2019-11-10 12:00:00,9.63,310.4411,990.39453,2.711976,8.739572,0.0,0.0
2019-11-10 13:00:00,10.24,308.89618,990.8352,2.811271,9.774406,0.0,0.0
2019-11-10 14:00:00,10.04,307.4555,990.83966,3.0705085,10.652265,0.0,0.0
2019-11-10 15:00:00,10.14,306.02728,990.5559,3.248799,11.387736,0.0,0.0
2019-11-10 16:00:00,10.51,303.87665,990.6719,1.9059839,15.041224,0.0,0.0
2019-11-10 17:00:00,12.12,302.07672,991.39966,5.9924517,34.811165,0.0,0.0
2019-11-10 18:00:00,14.58,300.4937,991.48,5.8742113,60.557503,0.0,0.0
2019-11-10 19:00:00,15.03,299.96295,992.01794,3.8221183,56.844902,0.0,0.0
2019-11-10 20:00:00,14.46,299.29654,992.4536,3.629931,59.91717,0.0,0.0
2019-11-10 21:00:00,14.17,298.65067,992.9358,3.5633883,62.83902,0.0,0.0
2019-11-10 22:00:00,15.18,299.55954,993.3396,4.0805445,59.144585,0.0,0.0
2019-11-10 23:00:00,15.76,302.30664,994.0273,4.999153,46.03573,0.0,0.0
2019-11-11 00:00:00,15.74,305.67456,994.1838,5.2226686,32.472332,0.0,0.0
2019-11-11 01:00:00,16.96,308.8382,994.0656,5.510021,22.689602,0.0,0.0
2019-11-11 02:00:00,16.7,311.20645,993.27924,5.5546575,17.381824,0.0,0.0
2019-11-11 03:00:00,16.82,312.90955,992.1765,5.1070824,13.714452,0.0,0.0
2019-11-11 04:00:00,17.04,313.88898,991.29083,3.9635394,10.809362,0.0,0.0
2019-11-11 05:00:00,17.45,314.27283,990.48096,3.0148518,9.188699,0.0,0.0
2019-11-11 06:00:00,17.39,314.69897,989.7503,2.8250532,8.40425,0.0,0.0
2019-11-11 07:00:00,17.39,315.2307,988.6964,3.137818,8.164866,0.0,0.0
2019-11-11 08:00:00,17.53,314.8824,988.44604,2.8669055,8.0759325,0.0,0.0
2019-11-11 09:00:00,18.29,314.35162,988.7198,3.1471171,8.298611,0.0,0.0
2019-11-11 10:00:00,18.48,313.14008,989.1877,3.0508397,9.094507,0.0,0.0
2019-11-11 11:00:00,17.67,311.50272,989.73737,3.7129507,10.252736,0.0,0.0
2019-11-11 12:00:00,17.01,310.18542,990.266,4.1052704,11.286228,0.0,0.0
2019-11-11 13:00:00,19.46,308.7458,990.6172,4.4076247,12.5104475,0.0,0.0
2019-11-11 14:00:00,22.51,306.7207,991.0786,6.4990525,18.637142,0.0,0.0
2019-11-11 15:00:00,23.15,304.4682,991.33203,6.9617505,32.592766,0.0,0.0
2019-11-11 16:00:00,23.17,303.29626,991.22845,5.7768307,39.673866,0.0,0.0
2019-11-11 17:00:00,22.76,302.3473,991.2724,4.7557344,43.718803,0.0,0.0
2019-11-11 18:00:00,23.24,301.4186,991.6827,4.345111,47.700497,0.0,0.0
2019-11-11 19:00:00,23.01,300.19504,992.33966,4.3418837,50.635345,0.0,0.0
2019-11-11 20:00:00,21.83,299.57837,993.0547,3.59568,55.23471,0.0,0.0
2019-11-11 21:00:00,20.81,299.00018,994.062,2.9220116,60.062687,0.0,0.0
2019-11-11 22:00:00,19.89,299.5722,994.8287,3.2861943,61.181767,0.0,0.0
2019-11-11 23:00:00,19.25,301.44702,995.40656,4.200751,54.91923,0.0,0.0
2019-11-12 00:00:00,18.18,304.0094,995.3137,4.5050054,43.538113,0.0,0.0
2019-11-12 01:00:00,18.27,306.74188,995.12506,4.2953167,32.93414,0.0,0.0
2019-11-12 02:00:00,18.27,309.29593,994.416,4.099455,24.8836,0.0,0.0
2019-11-12 03:00:00,18.41,311.49283,993.36206,4.168877,19.43342,0.0,0.0
2019-11-12 04:00:00,18.95,313.1644,992.37476,4.0224032,16.007051,0.0,0.0
2019-11-12 05:00:00,18.91,313.50232,991.88135,2.1226866,13.428182,0.0,0.0
2019-11-12 06:00:00,18.71,313.58633,991.33,1.3874661,12.580355,0.0,0.0
2019-11-12 07:00:00,19.14,313.93564,990.7989,2.2183366,11.1666565,0.0,0.0
2019-11-12 08:00:00,20.13,313.883,990.8516,2.45251,10.942655,0.0,0.0
2019-11-12 09:00:00,21.31,313.41223,990.9811,2.3059292,11.081011,0.0,0.0
2019-11-12 10:00:00,21.27,312.59613,991.6588,1.7716591,11.673353,0.0,0.0
2019-11-12 11:00:00,21.05,311.51907,992.16174,2.227408,12.658622,0.0,0.0
2019-11-12 12:00:00,20.45,310.0982,992.345,2.539611,13.983065,0.0,0.0
2019-11-12 13:00:00,20.23,308.7687,992.6424,2.7159483,15.286158,0.0,0.0
2019-11-12 14:00:00,21.16,307.8025,992.65063,2.9219286,16.303919,0.0,0.0
2019-11-12 15:00:00,23.0,306.80136,992.2021,3.8402348,17.355202,0.0,0.0
2019-11-12 16:00:00,23.73,305.24854,991.7728,6.235153,25.499163,0.0,0.0
2019-11-12 17:00:00,24.07,303.35406,991.6142,6.423646,41.063473,0.0,0.0
2019-11-12 18:00:00,24.05,302.5805,991.4827,5.1581445,46.41227,0.0,0.0
2019-11-12 19:00:00,24.84,301.5401,993.0759,3.1134658,47.390312,0.0,0.0
2019-11-12 20:00:00,25.39,300.7435,993.63007,3.5109727,49.80115,0.0,0.0
2019-11-12 21:00:00,25.98,300.10117,994.1511,3.7877333,52.236694,0.0,0.0
2019-11-12 22:00:00,25.32,300.7898,994.5658,3.9215846,51.248432,0.0,0.0
2019-11-12 23:00:00,24.52,302.95764,994.79,3.894074,45.949123,0.0,0.0
2019-11-13 00:00:00,22.36,305.55,994.91156,3.2595642,37.36616,0.0,0.0
2019-11-13 01:00:00,22.01,308.2339,994.65454,3.2533503,29.113611,0.0,0.0
2019-11-13 02:00:00,20.68,310.72614,993.95337,3.7224507,23.20004,0.0,0.0
2019-11-13 03:00:00,20.05,312.80704,992.863,3.3210535,18.747803,0.0,0.0
2019-11-13 04:00:00,20.14,314.12958,991.96436,1.7506409,14.617165,0.0,0.0
2019-11-13 05:00:00,20.21,314.5488,991.4458,2.4098513,10.837961,0.0,0.0
2019-11-13 06:00:00,20.22,314.72607,990.8289,2.6371357,10.346203,0.0,0.0
2019-11-13 07:00:00,20.11,315.60297,989.6905,1.9798837,8.480684,0.0,0.0
2019-11-13 08:00:00,20.53,315.4231,989.32227,1.79062,8.416249,0.0,0.0
2019-11-13 09:00:00,20.5,314.94244,989.276,1.6119382,8.507376,0.0,0.0
2019-11-13 10:00:00,20.38,313.98706,989.76514,2.4476504,9.069772,0.0,0.0
2019-11-13 11:00:00,20.95,312.50888,990.2908,3.634049,10.079663,0.0,0.0
2019-11-13 12:00:00,21.99,311.16284,990.6136,3.7905786,10.985441,0.0,0.0
2019-11-13 13:00:00,22.48,309.92963,990.97327,3.54968,11.820437,0.0,0.0
2019-11-13 14:00:00,22.03,308.65848,991.108,3.189558,12.789381,0.0,0.0
2019-11-13 15:00:00,21.27,307.28796,990.70953,2.3845587,14.052876,0.0,0.0
2019-11-13 16:00:00,21.2,305.97565,990.3933,2.736942,14.908308,0.0,0.0
2019-11-13 17:00:00,21.9,305.06674,989.9607,3.6377864,15.193918,0.0,0.0
2019-11-13 18:00:00,22.76,304.69244,989.97064,3.8284614,15.276273,0.0,0.0
2019-11-13 19:00:00,22.83,304.2621,990.6386,3.8467655,28.267292,0.0,0.0
2019-11-13 20:00:00,22.96,303.41724,991.2534,3.3125973,37.800037,0.0,0.0
2019-11-13 21:00:00,23.49,302.9438,992.07166,2.7877197,43.43935,0.0,0.0
2019-11-13 22:00:00,24.48,303.5025,992.7411,2.565302,43.90811,0.0,0.0
2019-11-13 23:00:00,25.1,305.446,993.8088,2.7927015,39.66104,0.0,0.0
2019-11-14 00:00:00,25.5,308.10767,994.1535,3.1059365,31.358555,0.0,0.0
2019-11-14 01:00:00,24.49,311.35657,994.08405,4.2034307,21.727892,0.0,0.0
2019-11-14 02:00:00,23.12,313.9292,993.15857,6.401877,13.5246935,0.0,0.0
2019-11-14 03:00:00,22.65,314.5705,992.4175,6.2932644,10.720651,0.0,0.0
2019-11-14 04:00:00,22.25,315.43527,991.46674,5.3450975,9.110668,0.0,0.0
2019-11-14 05:00:00,21.72,315.9179,990.3709,4.4096236,8.303519,0.0,0.0
2019-11-14 06:00:00,21.07,316.07062,989.47516,3.9665875,7.8806744,0.0,0.0
2019-11-14 07:00:00,20.66,316.1272,988.4417,4.1178355,8.353036,0.0,0.0
2019-11-14 08:00:00,20.11,315.82196,988.20404,4.110677,8.224573,0.0,0.0
2019-11-14 09:00:00,20.05,315.22223,988.3564,4.0506687,8.403551,0.0,0.0
2019-11-14 10:00:00,19.91,314.2888,989.20764,3.159944,8.868188,0.0,0.0
2019-11-14 11:00:00,19.97,313.1643,990.0044,2.9307325,9.44146,0.0,0.0
2019-11-14 12:00:00,20.07,311.97833,990.6511,3.2362256,9.938461,0.0,0.0
2019-11-14 13:00:00,19.14,310.7243,991.22595,3.1997225,10.403498,0.0,0.0
2019-11-14 14:00:00,18.97,309.68542,991.6389,2.61576,10.784582,0.0,0.0
2019-11-14 15:00:00,19.03,308.911,991.5648,0.66193676,12.819054,0.0,0.0
2019-11-14 16:00:00,18.94,307.63635,991.65295,2.3848498,15.200053,0.0,0.0
2019-11-14 17:00:00,18.68,306.61517,991.4964,3.548714,20.553694,0.0,0.0
2019-11-14 18:00:00,18.63,305.2484,990.952,4.144222,31.710005,0.0,0.0
2019-11-14 19:00:00,20.04,303.30106,991.4855,2.4581087,48.649544,0.0,0.0
2019-11-14 20:00:00,22.11,302.0312,991.97076,2.555651,56.16886,0.0,0.0
2019-11-14 21:00:00,24.28,301.0938,992.5739,2.286385,62.50568,0.0,0.0
2019-11-14 22:00:00,25.78,301.62476,993.47986,2.1444566,62.518948,0.0,0.0
2019-11-14 23:00:00,25.69,303.67126,994.25073,2.0089917,54.20425,0.0,0.0
2019-11-15 00:00:00,23.0,306.02808,994.51794,1.7233497,43.044537,0.0017106531,0.0
2019-11-15 01:00:00,22.77,308.9983,994.4111,2.8325512,30.879269,0.0,0.0
2019-11-15 02:00:00,22.57,312.08826,993.8438,3.7819715,19.803848,0.0,0.0
2019-11-15 03:00:00,22.29,314.0937,992.9666,4.227584,11.275516,0.0,0.0
2019-11-15 04:00:00,22.03,314.53812,992.1941,3.5390735,8.864548,0.0,0.0
2019-11-15 05:00:00,21.76,315.23657,991.0622,2.644203,7.6681433,0.0,0.0
2019-11-15 06:00:00,21.07,315.57233,990.3223,2.058538,6.9340796,0.0,0.0
2019-11-15 07:00:00,20.79,314.98203,989.93475,0.40613335,8.751,0.0,0.0
2019-11-15 08:00:00,21.11,315.01105,989.4509,0.96647096,8.051608,0.0,0.0
2019-11-15 09:00:00,20.94,314.8629,989.64343,1.6874573,7.564203,0.0,0.0
2019-11-15 10:00:00,20.87,313.9947,990.05,2.6897845,8.162224,0.0,0.0
2019-11-15 11:00:00,21.67,312.3388,990.6934,3.4210727,9.745453,0.0,0.0
2019-11-15 12:00:00,22.51,310.84558,991.51843,3.5731397,11.556633,0.0,0.0
2019-11-15 13:00:00,21.09,309.7495,992.10974,3.2672255,13.013035,0.0,0.0
2019-11-15 14:00:00,19.82,308.7574,992.3908,2.5217984,13.749363,0.0,0.0
2019-11-15 15:00:00,19.78,307.33264,992.0962,1.8401449,15.022196,0.0,0.0
2019-11-15 16:00:00,19.38,306.4771,991.88745,1.5901952,14.909498,0.0,0.0
2019-11-15 17:00:00,19.39,306.5695,991.50616,0.87334555,13.770883,0.0,0.0
2019-11-15 18:00:00,19.57,304.9714,991.5683,2.8952236,18.116764,0.0,0.0
2019-11-15 19:00:00,19.87,302.43365,992.41815,4.0697474,46.094593,0.0,0.0
2019-11-15 20:00:00,20.65,301.72583,992.98236,2.6268485,50.814682,0.0,0.0
2019-11-15 21:00:00,20.75,300.69006,993.85657,1.3596606,55.81047,0.0,0.0
2019-11-15 22:00:00,19.88,301.81757,994.80786,2.22157,52.44918,0.0,0.0
2019-11-15 23:00:00,19.6,304.11743,995.1514,3.0643601,45.340996,0.0,0.0
2019-11-16 00:00:00,19.72,306.43945,995.65155,2.0588617,36.97489,0.0,0.0
2019-11-16 01:00:00,19.24,308.67532,995.47705,1.132426,28.70211,0.0,0.0
2019-11-16 02:00:00,19.12,311.46466,995.03625,2.7729154,19.014345,0.0,0.0
2019-11-16 03:00:00,19.37,313.7135,994.19904,3.8100853,12.096182,0.0,0.0
2019-11-16 04:00:00,18.92,314.99158,993.28186,3.7321446,8.912159,0.0,0.0
2019-11-16 05:00:00,17.2,315.72095,992.2275,3.194751,7.2014017,0.0,0.0
2019-11-16 06:00:00,15.07,316.0904,991.438,2.9972465,6.126449,0.0,0.0
2019-11-16 07:00:00,13.12,316.65247,990.9119,3.8626065,4.878756,0.0,0.0
2019-11-16 08:00:00,12.36,316.54395,990.26624,3.859698,4.561361,0.0,0.0
2019-11-16 09:00:00,12.08,315.945,990.71216,4.1624575,4.6992674,0.0,0.0
2019-11-16 10:00:00,11.87,314.37875,991.32794,3.406749,5.2231746,0.0,0.0
2019-11-16 11:00:00,11.93,312.60077,991.9955,3.6857758,5.9026184,0.0,0.0
2019-11-16 12:00:00,11.75,311.05533,992.8267,4.106653,6.5345855,0.0,0.0
2019-11-16 13:00:00,11.76,309.70056,993.46796,4.563911,7.046269,0.0,0.0
2019-11-16 14:00:00,11.52,308.40472,993.97736,4.8996706,7.3815637,0.0,0.0
2019-11-16 15:00:00,11.08,307.2032,993.7466,4.907309,7.6056995,0.0,0.0
2019-11-16 16:00:00,10.73,305.98898,993.5461,4.3743825,7.947789,0.0,0.0
2019-11-16 17:00:00,10.24,304.77386,993.4973,4.146489,8.39505,0.0,0.0
2019-11-16 18:00:00,10.04,303.6922,993.34955,4.1449227,8.806543,0.0,0.0
2019-11-16 19:00:00,9.64,301.49713,993.9624,3.212612,13.179107,0.0,0.0
2019-11-16 20:00:00,9.78,299.91425,994.3943,3.5324974,27.685598,0.0,0.0
2019-11-16 21:00:00,10.96,298.661,994.9267,2.3677697,48.971767,0.0,0.0
2019-11-16 22:00:00,11.92,299.3285,996.072,1.3390964,55.110634,0.0,0.0
2019-11-16 23:00:00,12.42,301.87408,996.9456,1.474368,48.41656,0.0,0.0
2019-11-17 00:00:00,10.97,304.56433,997.0293,0.27621737,40.24841,0.0,0.0
2019-11-17 01:00:00,9.74,307.737,996.4817,1.0596877,27.456442,0.0,0.0
2019-11-17 02:00:00,8.67,311.06622,995.64813,2.896524,15.399178,0.0,0.0
2019-11-17 03:00:00,7.41,313.588,994.49854,4.038034,8.520836,0.0,0.0
2019-11-17 04:00:00,6.82,315.10437,993.42865,4.564623,4.9102283,0.0,0.0
2019-11-17 05:00:00,6.54,315.8667,992.3259,4.5769196,3.7312891,0.0,0.0
2019-11-17 06:00:00,6.31,316.26535,991.3694,4.5953913,3.2359247,0.0,0.0
2019-11-17 07:00:00,6.08,316.57565,990.27435,6.2194314,2.9707217,0.0,0.0
2019-11-17 08:00:00,5.98,316.0736,990.29,6.360648,2.9542058,0.0,0.0
2019-11-17 09:00:00,6.01,315.17352,990.78156,6.227257,3.075968,0.0,0.0
2019-11-17 10:00:00,5.81,313.22754,991.45026,4.752443,3.5212152,0.0,0.0
2019-11-17 11:00:00,5.78,311.2804,992.16656,4.464111,4.025783,0.0,0.0
2019-11-17 12:00:00,5.49,309.60532,992.65717,4.451402,4.493979,0.0,0.0
2019-11-17 13:00:00,5.55,308.14722,993.1503,4.404353,4.934489,0.0,0.0
2019-11-17 14:00:00,5.74,306.75443,993.36206,4.174168,5.420689,0.0,0.0
2019-11-17 15:00:00,5.97,305.42468,993.08,3.9473782,5.96163,0.0,0.0
2019-11-17 16:00:00,5.97,304.1778,992.7922,3.7488825,6.548773,0.0,0.0
2019-11-17 17:00:00,6.08,302.8804,992.36487,3.3594196,7.2707973,0.0,0.0
2019-11-17 18:00:00,6.64,301.50323,992.04877,3.0608878,8.129422,0.0,0.0
2019-11-17 19:00:00,8.65,299.57404,992.5514,2.341965,9.972928,0.0,0.0
2019-11-17 20:00:00,12.04,298.3446,993.30084,2.61514,12.4634285,0.0,0.0
2019-11-17 21:00:00,13.76,297.4074,994.09436,2.8527613,23.844694,0.0,0.0
2019-11-17 22:00:00,14.55,298.1805,994.84766,1.7998775,37.898872,0.0,0.0
2019-11-17 23:00:00,14.26,301.66406,995.32654,1.9003404,44.473286,0.0,0.0
2019-11-18 00:00:00,13.22,304.97528,995.5839,1.4476284,39.127087,0.0,0.0
2019-11-18 01:00:00,12.69,308.437,995.24835,1.0779196,25.125452,0.0,0.0
2019-11-18 02:00:00,12.18,311.46472,994.4786,2.254661,13.927713,0.0,0.0
2019-11-18 03:00:00,12.07,313.74936,993.53906,3.606229,7.8735075,0.0,0.0
2019-11-18 04:00:00,12.01,314.80325,992.4307,3.517217,4.995186,0.0,0.0
2019-11-18 05:00:00,11.14,315.26007,991.26904,3.033015,4.1965494,0.0,0.0
2019-11-18 06:00:00,9.72,315.51294,990.29614,2.5681925,3.7636254,0.0,0.0
2019-11-18 07:00:00,8.06,315.27808,989.3105,1.5951014,4.3520627,0.0,0.0
2019-11-18 08:00:00,7.32,314.98474,988.935,1.1941082,4.133585,0.0,0.0
2019-11-18 09:00:00,6.79,314.6197,989.2925,0.8799539,3.990033,0.0,0.0
2019-11-18 10:00:00,6.4,313.91577,989.6662,0.5949496,4.2182183,0.0,0.0
2019-11-18 11:00:00,6.22,312.42096,990.23486,1.5309651,4.966584,0.0,0.0
2019-11-18 12:00:00,6.08,310.28677,990.3744,1.1407171,7.11217,0.0,0.0
2019-11-18 13:00:00,6.47,309.55875,990.78296,0.46081188,6.695534,0.0,0.0
2019-11-18 14:00:00,6.91,307.67657,990.90656,1.1644849,7.8960247,0.0,0.0
2019-11-18 15:00:00,8.14,304.20276,990.5769,2.4046824,9.973125,0.0,0.0
2019-11-18 16:00:00,11.22,303.02155,990.6189,3.5858176,12.428109,0.0,0.0
2019-11-18 17:00:00,14.82,301.26288,990.8619,5.9879184,39.13722,0.0,0.0
2019-11-18 18:00:00,17.24,300.07486,991.0837,5.382514,64.39396,0.0,0.0
2019-11-18 19:00:00,18.56,299.08588,991.6664,5.0870795,76.57414,0.0,0.0
2019-11-18 20:00:00,20.06,298.87946,992.307,4.1294136,74.224266,0.0,0.0
2019-11-18 21:00:00,20.09,298.53516,993.04736,3.2810342,74.24113,0.0,0.0
2019-11-18 22:00:00,20.22,299.51965,993.79846,3.3898106,69.10775,0.0,0.0
2019-11-18 23:00:00,18.87,301.7039,994.2584,3.4936445,57.704586,0.0,0.0
2019-11-19 00:00:00,18.21,304.575,994.3574,3.2566795,44.25724,0.0,0.0
2019-11-19 01:00:00,18.21,307.5953,993.91956,3.359408,32.307095,0.0,0.0
2019-11-19 02:00:00,18.62,310.2718,993.1414,3.5672054,23.482504,0.0,0.0
2019-11-19 03:00:00,18.9,312.25726,991.9389,3.3178372,17.61169,0.0,0.0
2019-11-19 04:00:00,18.51,313.28937,990.7365,2.5401523,14.204812,0.0,0.0
2019-11-19 05:00:00,18.0,313.831,989.7342,1.8314317,11.671469,0.0,0.0
2019-11-19 06:00:00,17.99,314.20142,988.9418,1.7643905,10.816889,0.0,0.0
2019-11-19 07:00:00,18.31,314.5346,988.40234,1.1947447,9.7883005,0.0,0.0
2019-11-19 08:00:00,18.31,314.27325,988.22205,1.125203,9.7732525,0.0,0.0
2019-11-19 09:00:00,18.06,313.81848,988.6646,1.1072228,9.948773,0.0,0.0
2019-11-19 10:00:00,17.81,313.34897,989.0206,1.636983,10.183451,0.0,0.0
2019-11-19 11:00:00,17.98,312.38205,989.59717,2.1927085,10.97224,0.0,0.0
2019-11-19 12:00:00,19.75,311.6291,989.72675,2.300236,11.564298,0.0,0.0
2019-11-19 13:00:00,23.7,309.93643,990.194,4.384565,13.918142,0.0,0.0
2019-11-19 14:00:00,25.15,306.80298,990.79474,8.154265,29.54953,0.0,0.0
2019-11-19 15:00:00,25.32,304.5079,990.6203,7.2390594,43.605076,0.0,0.0
2019-11-19 16:00:00,25.27,303.48755,990.2355,6.9579945,50.112522,0.0,0.0
2019-11-19 17:00:00,26.43,302.62842,990.0296,6.5382066,55.70986,0.0,0.0
2019-11-19 18:00:00,26.53,301.91724,989.9872,6.111793,59.541832,0.0,0.0
2019-11-19 19:00:00,26.55,300.7555,990.6241,4.816371,64.58108,0.0,0.0
2019-11-19 20:00:00,26.48,300.2719,991.0072,4.587273,66.84151,0.0,0.0
2019-11-19 21:00:00,25.67,299.8494,991.3645,4.2173777,68.6911,0.0,0.0
2019-11-19 22:00:00,25.4,300.40118,992.1195,4.7612414,65.99106,0.0,0.0
2019-11-19 23:00:00,25.17,302.37085,992.8201,5.3274984,55.12634,0.0,0.0
2019-11-20 00:00:00,25.57,304.68982,993.3295,5.312724,43.879704,0.0,0.0
2019-11-20 01:00:00,26.27,307.11383,993.0874,5.376459,34.391296,0.0,0.0
2019-11-20 02:00:00,26.63,309.25418,992.59235,5.3327837,27.62528,0.0,0.0
2019-11-20 03:00:00,26.89,311.22263,991.4947,5.274525,22.70354,0.0,0.0
2019-11-20 04:00:00,27.21,312.79584,990.37665,4.9457636,19.077677,0.0,0.0
2019-11-20 05:00:00,27.18,313.01352,989.5069,3.9639368,17.165869,0.0,0.0
2019-11-20 06:00:00,27.55,313.37677,988.88477,3.3970897,15.394124,0.0,0.0
2019-11-20 07:00:00,27.92,313.72653,988.3155,2.86968,12.217707,0.0,0.0
2019-11-20 08:00:00,27.91,313.6647,988.3814,2.6635904,12.129632,0.0,0.0
2019-11-20 09:00:00,27.58,313.2298,988.6025,2.7411816,12.322101,0.0,0.0
2019-11-20 10:00:00,28.96,312.3654,989.38806,2.8489006,13.072899,0.0,0.0
2019-11-20 11:00:00,30.28,311.1364,989.7286,3.299433,14.332443,0.0,0.0
2019-11-20 12:00:00,32.12,310.06445,990.32935,3.7954698,15.546396,0.0,0.0
2019-11-20 13:00:00,31.93,308.95392,990.50494,4.368958,16.971779,0.0,0.0
2019-11-20 14:00:00,30.96,307.91803,990.3586,5.389181,19.278322,0.0,0.0
2019-11-20 15:00:00,30.53,306.96506,989.868,6.546049,23.146355,0.0,0.0
2019-11-20 16:00:00,29.9,306.3753,989.26306,6.475956,25.635838,0.0,0.0
2019-11-20 17:00:00,28.96,305.87988,988.8672,5.7430468,27.37267,0.0,0.0
2019-11-20 18:00:00,28.54,305.19107,988.9723,4.8550806,30.07063,0.0,0.0
2019-11-20 19:00:00,28.91,304.3885,990.0101,4.418054,34.592674,0.0,0.0
2019-11-20 20:00:00,29.27,303.9777,990.6344,4.3443437,35.978615,0.0,0.0
2019-11-20 21:00:00,28.74,303.40173,991.3301,4.504288,36.878777,0.009775162,0.0
2019-11-20 22:00:00,28.09,303.78632,992.1769,4.6572127,36.13024,0.010609627,0.0
2019-11-20 23:00:00,27.27,305.19366,992.78424,4.9212823,32.930576,0.0,0.0
2019-11-21 00:00:00,27.26,306.8861,993.1482,4.418655,28.892418,0.020384789,0.0
2019-11-21 01:00:00,27.11,308.9845,992.9763,3.877783,24.393856,0.0,0.0
2019-11-21 02:00:00,26.77,311.05194,992.178,3.1946366,19.652494,0.0,0.0
2019-11-21 03:00:00,26.64,313.24023,991.193,3.082605,14.473093,0.0,0.0
2019-11-21 04:00:00,26.62,314.75543,990.0754,2.8219736,10.720563,0.0,0.0
2019-11-21 05:00:00,26.43,315.27533,988.9114,1.6411879,9.500042,0.0,0.0
2019-11-21 06:00:00,26.38,315.7424,988.13367,0.9630605,8.920808,0.0,0.0
2019-11-21 07:00:00,26.02,315.34412,987.6978,2.316894,9.713598,0.0,0.0
2019-11-21 08:00:00,25.31,315.2785,987.42346,2.9694405,9.73838,0.0,0.0
2019-11-21 09:00:00,24.59,314.76187,987.5438,3.68297,10.111346,0.0,0.0
2019-11-21 10:00:00,23.88,313.67242,988.4908,4.120656,11.047978,0.0,0.0
2019-11-21 11:00:00,23.48,312.2956,988.86096,4.1523185,12.188978,0.0,0.0
2019-11-21 12:00:00,23.41,311.00323,989.46466,4.002029,13.262852,0.0,0.0
2019-11-21 13:00:00,23.64,309.90588,989.83276,3.9986916,14.241332,0.0,0.0
2019-11-21 14:00:00,23.77,309.0033,989.6789,5.1232805,15.423947,0.0,0.0
2019-11-21 15:00:00,24.75,307.59183,989.6481,6.896242,25.207052,0.0,0.0
2019-11-21 16:00:00,26.67,306.2563,989.3141,6.7471876,36.969086,0.0,0.0
2019-11-21 17:00:00,28.44,305.48386,989.31635,5.9037275,41.015297,0.0,0.0
2019-11-21 18:00:00,29.08,305.08,989.4381,5.014253,40.77529,0.0,0.0
2019-11-21 19:00:00,28.44,304.25284,990.16174,3.74672,44.152508,0.0,0.0
2019-11-21 20:00:00,28.22,303.41504,990.5098,2.6703722,45.239338,0.0,0.0
2019-11-21 21:00:00,28.02,302.71317,991.28485,2.4918706,47.501446,0.0,0.0
2019-11-21 22:00:00,27.79,303.50702,992.16437,2.6751442,45.57218,0.0,0.0
2019-11-21 23:00:00,27.79,306.13,992.65674,2.284664,34.257023,0.0,0.0
2019-11-22 00:00:00,28.06,308.6012,992.85297,0.8503493,23.983107,0.0012814999,0.0
2019-11-22 01:00:00,28.0,311.26398,992.7054,2.667028,17.44445,0.0,0.0
2019-11-22 02:00:00,27.66,314.05008,991.8,4.3727775,12.592499,0.0,0.0
2019-11-22 03:00:00,27.04,316.38358,990.5418,5.559539,9.085368,0.0,0.0
2019-11-22 04:00:00,25.46,316.93747,989.5867,5.513109,8.160303,0.0,0.0
2019-11-22 05:00:00,23.93,317.39944,988.885,5.139434,7.846479,0.0,0.0
2019-11-22 06:00:00,22.85,317.1714,988.2667,4.736019,7.9909353,0.0,0.0
2019-11-22 07:00:00,22.7,317.1101,987.5147,4.038291,8.096476,0.0,0.0
2019-11-22 08:00:00,22.73,316.4428,987.42346,3.9273825,8.49797,0.0,0.0
2019-11-22 09:00:00,22.26,315.82178,987.5508,3.648158,8.880106,0.0,0.0
2019-11-22 10:00:00,22.03,314.80957,988.0864,2.5546317,9.466923,0.0,0.0
2019-11-22 11:00:00,22.33,313.3881,988.6909,2.9757073,10.386993,0.0,0.0
2019-11-22 12:00:00,23.09,311.95154,989.0739,3.2725413,11.370199,0.0,0.0
2019-11-22 13:00:00,25.05,310.57086,989.6316,3.4546304,12.303489,0.0,0.0
2019-11-22 14:00:00,28.06,309.5575,989.53174,3.9167895,12.857948,0.0,0.0
2019-11-22 15:00:00,30.2,308.7463,989.52454,3.1630127,13.498295,0.0,0.0
2019-11-22 16:00:00,31.48,307.4206,989.67065,1.16871,18.580898,0.020503998,0.0
2019-11-22 17:00:00,31.52,305.581,989.4687,3.2673957,30.096838,0.0,0.0
2019-11-22 18:00:00,32.35,303.83115,989.4561,3.7788572,51.14507,0.0,0.0
2019-11-22 19:00:00,31.66,304.8824,990.69666,5.8749533,31.873604,0.0,0.0
2019-11-22 20:00:00,31.15,304.03772,990.8109,5.183117,41.41118,0.0,0.0
2019-11-22 21:00:00,31.19,303.26645,991.5193,4.308674,47.60578,0.0,0.0
2019-11-22 22:00:00,31.12,303.8396,992.2664,4.048364,47.91013,0.0,0.0
2019-11-22 23:00:00,30.81,305.17822,992.8038,4.8321,47.974663,0.0,0.0
2019-11-23 00:00:00,33.25,306.9402,992.8328,4.6405306,43.984573,0.021799846,0.0
2019-11-23 01:00:00,33.59,309.08487,992.7942,3.8879697,37.968338,0.0,0.0
2019-11-23 02:00:00,34.78,311.1257,992.26404,2.7427337,30.833614,0.01759082,0.0
2019-11-23 03:00:00,35.07,312.98566,991.6169,2.6334703,23.919224,0.04082918,0.0
2019-11-23 04:00:00,35.04,314.67175,990.6979,4.0095315,19.48041,0.015757978,0.0
2019-11-23 05:00:00,34.44,315.44937,989.3276,4.018561,16.908432,0.022828579,0.0
2019-11-23 06:00:00,33.69,314.93707,988.6705,5.007926,16.661856,0.67990273,0.0
2019-11-23 07:00:00,34.7,311.73172,989.3615,4.0399017,25.69721,0.8030012,0.60999995
2019-11-23 08:00:00,35.14,312.14142,988.91956,2.0166802,22.810013,0.007897615,0.0
2019-11-23 09:00:00,35.74,311.5348,989.4327,3.9852152,24.079466,0.0048428774,0.59999996
2019-11-23 10:00:00,37.9,309.4039,991.1044,1.073018,28.037708,0.30082464,2.8799999
2019-11-23 11:00:00,40.56,304.32355,993.3786,6.4998546,48.587776,1.006782,1.55
2019-11-23 12:00:00,41.96,303.4787,993.0653,4.905306,54.043507,0.0,2.4599998
2019-11-23 13:00:00,40.99,303.24933,993.5813,4.801009,56.441814,0.0,1.4699999
2019-11-23 14:00:00,38.36,303.06284,993.51794,3.276976,57.098137,0.0,1.1999999
2019-11-23 15:00:00,36.9,302.90918,993.17267,2.0537388,57.62218,0.0,0.0
2019-11-23 16:00:00,36.8,302.51477,992.90216,0.84228843,60.204792,0.11880696,0.0
2019-11-23 17:00:00,37.57,302.46573,992.0031,0.5468129,58.64595,0.0,0.0
2019-11-23 18:00:00,37.15,301.9986,991.3669,1.0333709,64.32715,0.0,0.0
2019-11-23 19:00:00,36.22,301.6081,991.7603,1.7338816,64.8526,0.0,0.0
2019-11-23 20:00:00,35.63,300.9179,992.2422,1.31477,71.111046,0.0,0.0
2019-11-23 21:00:00,34.57,300.6353,992.6867,0.9636982,72.783195,0.0,0.0
2019-11-23 22:00:00,33.58,301.92218,993.34564,0.7457504,65.10003,0.0,0.0
2019-11-23 23:00:00,33.02,304.58728,993.58594,1.6089848,45.476334,0.0,0.0
2019-11-24 00:00:00,34.85,307.28793,993.5611,3.60397,34.71998,3.020361,0.0
2019-11-24 01:00:00,35.46,309.472,993.6079,6.0478306,28.50896,0.0,0.0
2019-11-24 02:00:00,36.18,310.70782,992.8828,6.087278,26.441563,0.040408224,0.0
2019-11-24 03:00:00,36.42,311.82587,991.8847,5.2633038,24.019243,0.029500574,0.0
2019-11-24 04:00:00,36.99,312.93744,991.03674,4.9570246,21.317738,0.005207956,0.0
2019-11-24 05:00:00,36.88,313.23386,989.96857,4.819334,19.919409,0.058621168,0.0
2019-11-24 06:00:00,36.63,313.3817,988.8342,3.9779146,19.008343,0.07130206,0.18
2019-11-24 07:00:00,36.69,312.01846,989.57495,2.3135877,17.4386,0.0,0.0
2019-11-24 08:00:00,37.0,311.96735,989.7003,2.3157356,17.40882,0.0019073486,0.0
2019-11-24 09:00:00,36.43,310.44235,990.1598,5.736477,21.75051,0.0042170286,0.0
2019-11-24 10:00:00,36.26,307.71912,991.08295,7.934303,31.79309,0.0,0.0
2019-11-24 11:00:00,35.64,306.82272,991.46674,5.822912,32.931614,0.0,0.35999998
2019-11-24 12:00:00,35.54,306.44617,992.2255,4.078206,33.68346,0.0,0.0
2019-11-24 13:00:00,37.14,305.9781,992.90826,2.9838948,35.043507,0.0,0.0
2019-11-24 14:00:00,39.09,305.40338,993.2764,2.2640395,36.69562,0.001296401,0.0
2019-11-24 15:00:00,39.79,304.84412,992.85565,2.348095,38.28937,0.0039190054,0.0
2019-11-24 16:00:00,40.66,304.1997,992.1843,3.5639362,42.558758,0.0,0.0
2019-11-24 17:00:00,41.78,303.1081,991.80194,4.9290166,54.638298,0.0,0.0
2019-11-24 18:00:00,43.49,302.10913,991.7762,5.0252867,66.16435,0.0,0.79999995
2019-11-24 19:00:00,45.42,302.08344,992.2976,2.0207613,47.046043,0.0,1.41
2019-11-24 20:00:00,47.02,301.41492,992.577,2.8353865,51.177944,0.0,3.8200002
2019-11-24 21:00:00,47.2,300.87964,993.2739,3.166953,57.97202,0.0,6.1099997
2019-11-24 22:00:00,45.41,301.4784,994.10425,3.4755337,61.28717,0.0,4.5499997
2019-11-24 23:00:00,43.1,303.1073,994.5048,3.0890193,56.620186,0.0,2.4499998
2019-11-25 00:00:00,33.68,305.0662,994.7087,2.707326,46.861355,0.21722786,0.48
2019-11-25 01:00:00,33.58,307.08972,994.16876,2.734475,38.335392,0.0,0.0
2019-11-25 02:00:00,34.56,308.75867,993.29767,2.6511295,32.332825,0.07352978,0.0
2019-11-25 03:00:00,35.77,310.07092,992.1119,2.27227,28.170479,0.13374537,0.0
2019-11-25 04:00:00,35.6,310.86847,991.29913,1.6754754,25.59744,0.113882124,0.0
2019-11-25 05:00:00,34.94,311.56174,990.15125,0.9680254,24.101046,0.08401275,0.0
2019-11-25 06:00:00,34.4,311.9041,989.1355,0.31556332,23.379707,0.06432831,0.0
2019-11-25 07:00:00,33.5,310.44937,989.52484,2.6945233,26.911427,0.0,0.0
2019-11-25 08:00:00,33.51,310.2016,988.90607,2.6872573,26.671589,0.0,0.0
2019-11-25 09:00:00,33.64,309.78842,989.16376,2.280488,24.418518,0.013895333,0.0
2019-11-25 10:00:00,33.41,309.0555,990.4288,2.2582471,24.403728,0.20483881,0.0
2019-11-25 11:00:00,32.57,308.00668,991.02045,1.4595761,27.0751,0.0,0.0
2019-11-25 12:00:00,32.19,307.3492,992.0373,0.62248975,29.290993,0.0,0.0
2019-11-25 13:00:00,32.64,306.80273,992.4489,1.2306654,31.940231,0.0036805868,0.0
2019-11-25 14:00:00,33.55,305.89722,992.76904,1.3134739,37.180634,0.004597008,0.0
2019-11-25 15:00:00,34.63,305.22156,992.2825,2.0546842,37.814915,0.0,0.0
2019-11-25 16:00:00,35.77,304.53564,991.7212,1.8605089,40.506012,0.0,0.0
2019-11-25 17:00:00,37.31,303.85052,991.1105,2.226608,42.575813,0.0,0.0
2019-11-25 18:00:00,37.86,303.31226,990.83453,2.3971589,44.614937,0.0,0.0
2019-11-25 19:00:00,38.67,302.05756,990.82733,2.7505412,48.16304,0.0,0.0
2019-11-25 20:00:00,39.23,301.58392,990.8125,2.5874655,49.36102,0.0,0.0
2019-11-25 21:00:00,39.32,301.0833,991.457,2.1238027,51.281155,0.0,0.0
2019-11-25 22:00:00,38.99,301.99133,992.31555,1.8546257,48.06245,0.0,0.0
2019-11-25 23:00:00,38.96,304.37103,993.1891,1.9924583,39.723827,0.0,0.0
2019-11-26 00:00:00,38.74,306.57074,993.34174,2.1374676,33.43714,0.6973624,0.0
2019-11-26 01:00:00,38.66,308.36105,992.97845,1.8964645,28.708351,0.0,0.0
2019-11-26 02:00:00,39.29,309.79575,992.4341,1.3911898,25.335815,0.0025499612,0.0
2019-11-26 03:00:00,38.89,310.80945,991.52185,0.642324,23.449429,0.002099201,0.0
2019-11-26 04:00:00,37.78,311.717,990.49896,0.55267316,21.519375,0.0,0.0
2019-11-26 05:00:00,36.37,312.3224,989.5217,1.0020118,20.141731,0.0,0.0
2019-11-26 06:00:00,35.47,312.1391,988.46686,1.6537906,19.767553,0.13130903,0.0
2019-11-26 07:00:00,36.97,313.0907,987.0636,0.5960831,16.635653,0.0,0.0
2019-11-26 08:00:00,37.63,313.12622,986.7748,1.5100008,16.069208,0.0,0.0
2019-11-26 09:00:00,38.81,311.741,987.8136,1.1886216,17.827003,0.0,0.0
2019-11-26 10:00:00,40.85,309.61237,989.2868,6.1664886,24.737442,0.027954578,0.26999998
2019-11-26 11:00:00,42.95,305.8344,990.59375,8.012025,42.259933,0.07289648,0.049999997
2019-11-26 12:00:00,44.83,304.92273,991.3614,6.489245,45.21995,0.0,0.089999996
2019-11-26 13:00:00,45.08,304.41235,991.969,5.6130624,46.504463,0.0,0.0
2019-11-26 14:00:00,46.61,303.91638,992.09985,4.6814394,48.641792,0.0,0.0
2019-11-26 15:00:00,47.78,303.5224,991.9408,3.8328116,50.296032,0.0,0.03
2019-11-26 16:00:00,46.05,303.18692,991.48315,3.619923,51.56362,0.0,0.0
2019-11-26 17:00:00,44.17,302.71448,991.16766,3.263546,53.72199,0.0,0.0
2019-11-26 18:00:00,41.87,302.34406,990.89014,2.844908,56.581093,0.0,0.58
2019-11-26 19:00:00,38.59,300.46475,992.39984,3.5409424,60.708935,0.0,0.06
2019-11-26 20:00:00,36.67,300.0318,992.47314,3.5257561,63.388348,0.0,0.0
2019-11-26 21:00:00,36.43,299.81256,993.00165,3.5353558,65.82368,0.0,0.0
2019-11-26 22:00:00,36.16,300.22064,993.9242,2.845632,66.01358,0.001937151,0.0
2019-11-26 23:00:00,36.37,301.60938,994.6908,2.4977622,60.29091,0.0028014183,0.0
2019-11-27 00:00:00,37.72,302.59918,994.8463,1.031931,52.88601,0.25926828,0.0
2019-11-27 01:00:00,37.48,303.21448,995.1138,2.001023,48.759285,0.10211097,0.0
2019-11-27 02:00:00,37.75,303.9582,994.8752,2.295488,44.971992,0.0,0.0
2019-11-27 03:00:00,36.4,305.14905,993.8237,1.9812487,40.797142,0.0,0.0
2019-11-27 04:00:00,34.54,306.35245,992.8172,1.5064443,37.06781,0.0074394047,0.0
2019-11-27 05:00:00,32.92,307.65305,991.96967,1.0016156,33.689926,0.017382205,0.0
2019-11-27 06:00:00,31.61,308.42444,990.8375,0.7683844,31.574636,0.011585653,0.0
2019-11-27 07:00:00,31.06,309.71405,990.17444,1.229581,26.042053,0.0,0.0
2019-11-27 08:00:00,29.71,309.6792,989.7294,1.2269261,25.710846,0.0,0.0
2019-11-27 09:00:00,28.27,309.41455,989.77905,1.783994,25.758377,0.0,0.0
2019-11-27 10:00:00,27.8,308.6565,990.27,1.8764505,26.758347,0.0,0.2
2019-11-27 11:00:00,28.07,308.17688,991.0053,1.6712172,27.454508,0.0,0.04
2019-11-27 12:00:00,30.04,307.8311,991.8091,0.89430535,28.267294,0.0030770898,0.0
2019-11-27 13:00:00,31.28,307.24695,992.3077,2.190506,29.767939,0.0,0.0
2019-11-27 14:00:00,31.46,306.18616,992.7689,3.6864898,33.713623,0.0,0.0
2019-11-27 15:00:00,32.22,305.0135,992.08417,4.2661963,39.220135,0.0,0.0
2019-11-27 16:00:00,33.59,304.0997,991.8719,4.492612,43.98145,0.011195225,0.0
2019-11-27 17:00:00,33.65,303.4529,991.4011,4.133992,47.27175,0.0,0.0
2019-11-27 18:00:00,33.32,303.03897,991.315,3.059561,49.205173,0.0,0.0
2019-11-27 19:00:00,32.76,302.43585,991.5485,3.7835822,50.257908,0.0,0.0
2019-11-27 20:00:00,32.1,301.84863,991.70013,4.2887244,55.33923,0.0,0.0
2019-11-27 21:00:00,31.79,301.22668,992.2344,4.0700283,61.072086,0.0,0.0
2019-11-27 22:00:00,32.33,301.8512,993.2567,4.0290737,61.315357,0.0,0.0
2019-11-27 23:00:00,32.8,304.0518,993.65936,3.9219131,51.16754,0.0,0.0
2019-11-28 00:00:00,32.13,306.5064,993.5232,3.1943777,39.41202,0.4163472,0.0
2019-11-28 01:00:00,31.32,308.57745,993.3164,2.4540784,30.331066,0.0,0.0
2019-11-28 02:00:00,30.39,309.98145,992.59393,1.9325045,26.079649,0.0,0.0
2019-11-28 03:00:00,29.06,311.09906,991.5795,1.513688,23.193905,0.0,0.0
2019-11-28 04:00:00,28.07,311.77957,990.7366,1.4337481,21.146198,0.0,0.0
2019-11-28 05:00:00,27.35,312.123,989.8388,1.3468232,19.968237,0.0,0.0
2019-11-28 06:00:00,26.2,312.58316,989.1864,1.3959653,18.870783,0.0,0.0
2019-11-28 07:00:00,25.23,313.16882,988.427,2.148791,13.972516,0.0,0.0
2019-11-28 08:00:00,25.58,313.21814,988.4165,2.5504408,13.642202,0.0,0.0
2019-11-28 09:00:00,26.92,312.8308,988.591,3.083102,13.708965,0.0,0.0
2019-11-28 10:00:00,27.29,312.12534,989.0771,3.230331,14.324755,0.0,0.0
2019-11-28 11:00:00,28.04,311.17554,989.4762,2.7950819,15.465464,0.0,0.0
2019-11-28 12:00:00,29.1,309.792,990.0525,2.5236003,17.094042,0.0,0.0
2019-11-28 13:00:00,31.13,308.6023,990.35834,2.038176,18.669254,0.0,0.0
2019-11-28 14:00:00,33.25,307.12585,990.4772,1.4505706,21.401218,0.0,0.0
2019-11-28 15:00:00,34.75,306.3811,990.3883,2.6241314,21.698788,0.0,0.0
2019-11-28 16:00:00,35.36,305.4798,990.2517,4.6068172,25.450647,0.0,0.0
2019-11-28 17:00:00,34.92,304.48035,989.91376,4.9859657,32.831802,0.0,0.0
2019-11-28 18:00:00,34.63,303.6496,989.8326,4.3603053,38.628666,0.0,0.0
2019-11-28 19:00:00,35.28,302.5798,990.77185,5.045054,44.936348,0.0,0.0
2019-11-28 20:00:00,35.45,302.0714,991.085,4.022576,48.346405,0.0,0.0
2019-11-28 21:00:00,35.5,301.726,991.6273,3.1492097,49.70022,0.0,0.0
2019-11-28 22:00:00,35.39,302.51196,992.5784,3.2625823,46.95332,0.0,0.0
2019-11-28 23:00:00,35.02,304.27377,992.90393,3.4551678,40.60472,0.0,0.0
2019-11-29 00:00:00,34.76,306.6255,992.79346,2.9888163,33.176926,0.0,0.0
2019-11-29 01:00:00,35.09,309.10754,992.5517,2.2228224,26.215506,0.0,0.0
2019-11-29 02:00:00,35.94,310.93134,991.6529,1.0799795,21.885496,0.0,0.0
2019-11-29 03:00:00,36.42,311.93237,991.0156,0.4319,18.901606,0.0,0.0
2019-11-29 04:00:00,36.48,312.44562,990.2864,0.5781887,17.767694,0.0,0.0
2019-11-29 05:00:00,35.52,312.62732,989.58203,0.51267964,17.449652,0.0,0.0
2019-11-29 06:00:00,35.88,313.0357,988.8787,0.6815793,16.980207,0.0,0.0
2019-11-29 07:00:00,35.09,313.47235,988.5225,1.4598947,16.203836,0.0,0.0
2019-11-29 08:00:00,34.55,313.49353,988.16547,1.3582023,16.064518,0.0,0.0
2019-11-29 09:00:00,34.0,313.09543,988.3261,1.2198822,16.321424,0.0,0.0
2019-11-29 10:00:00,33.56,312.58823,988.85315,0.8543463,16.761099,0.0,0.0
2019-11-29 11:00:00,33.81,312.0628,989.4291,0.6429124,17.456825,0.0,0.0
2019-11-29 12:00:00,33.64,311.64868,989.78235,1.0854238,18.14273,0.0,0.0
2019-11-29 13:00:00,34.45,310.56995,990.04126,1.9788879,19.595728,0.0,0.0
2019-11-29 14:00:00,34.64,309.29865,989.9292,2.584282,21.22207,0.0,0.0
2019-11-29 15:00:00,35.02,308.27164,989.8614,3.0036721,22.21054,0.0,0.0
2019-11-29 16:00:00,36.62,307.44122,989.45123,3.963923,23.419865,0.0,0.0
2019-11-29 17:00:00,37.15,306.4598,989.5503,5.126696,29.113504,0.0,0.0
2019-11-29 18:00:00,37.87,305.65515,989.51843,4.846586,34.752136,0.0,0.0
2019-11-29 19:00:00,37.56,305.7107,990.1061,5.4807057,30.692253,0.0,0.0
2019-11-29 20:00:00,35.71,305.63312,990.3334,5.8461823,28.322952,0.0,0.0
2019-11-29 21:00:00,35.03,305.07062,990.9302,5.507951,26.238724,0.0,0.0
2019-11-29 22:00:00,35.37,305.60416,991.7622,5.605333,22.850517,0.0,0.0
2019-11-29 23:00:00,34.98,307.72256,992.04486,6.966977,18.16805,0.0,0.0
2019-11-30 00:00:00,31.54,310.0572,992.0081,7.1561427,16.620327,0.0,0.0
2019-11-30 01:00:00,31.42,312.1714,991.6978,6.299428,15.417424,0.0,0.0
2019-11-30 02:00:00,31.75,313.78955,991.10034,5.5070844,13.707347,0.0,0.0
2019-11-30 03:00:00,31.76,314.50397,990.3098,4.691223,13.207372,0.0,0.0
2019-11-30 04:00:00,31.42,315.16272,989.34674,3.984487,12.788369,0.0,0.0
2019-11-30 05:00:00,31.42,315.29437,988.63007,3.406757,12.741782,0.0,0.0
2019-11-30 06:00:00,31.39,315.95154,987.8219,3.1586742,12.358424,0.0,0.0
2019-11-30 07:00:00,31.34,315.51437,987.81244,4.4203215,12.744729,0.0,0.0
2019-11-30 08:00:00,31.45,315.1535,987.36346,4.189971,13.051947,0.0,0.0
2019-11-30 09:00:00,31.44,314.58423,987.45154,3.8431222,13.520238,0.0,0.0
2019-11-30 10:00:00,31.61,313.8922,988.19446,3.2517326,14.207397,0.0,0.0
2019-11-30 11:00:00,31.89,312.22607,988.7566,3.0086036,16.546453,0.10185689,0.0
2019-11-30 12:00:00,32.13,312.02966,989.5452,3.3496697,16.250309,0.005632639,0.0
2019-11-30 13:00:00,32.05,311.23877,989.8088,3.5294058,16.519548,0.0028386712,0.0
2019-11-30 14:00:00,31.84,310.58527,990.14575,3.6600602,16.756863,0.006392598,0.0
2019-11-30 15:00:00,31.59,310.1277,989.8745,4.0190797,16.762041,0.0,0.0
2019-11-30 16:00:00,32.0,309.66736,989.66,5.522917,16.515772,0.0,0.0
2019-11-30 17:00:00,32.1,308.81482,989.48737,7.355804,17.05982,0.0,0.0
2019-11-30 18:00:00,31.88,307.95227,989.78064,7.3595495,18.203417,0.0,0.0
2019-11-30 19:00:00,31.93,306.31656,989.9957,6.178795,20.233746,0.0,0.0
2019-11-30 20:00:00,32.41,305.72137,990.36584,5.976229,21.36161,0.0,0.0
2019-11-30 21:00:00,32.63,305.25928,991.0044,5.779203,22.251635,0.0,0.0
2019-11-30 22:00:00,32.33,306.10773,991.9324,5.314102,21.431599,0.0,0.0
2019-11-30 23:00:00,31.81,307.90503,992.30365,7.2581425,20.145004,0.0,0.0
2019-12-01 00:00:00,30.54,309.58807,992.2711,7.563901,21.550304,0.1167357,0.0
2019-12-01 01:00:00,31.01,311.26187,992.0616,7.210535,21.557808,0.0,0.0
2019-12-01 02:00:00,32.0,312.75604,991.3083,6.5813646,20.319681,0.0,0.0
2019-12-01 03:00:00,32.24,313.72876,990.3477,5.9956207,18.608028,0.0,0.0
2019-12-01 04:00:00,32.54,314.4984,989.55884,5.7660213,16.83104,0.0,0.0
2019-12-01 05:00:00,32.72,315.20575,988.6064,5.6423354,14.950925,0.0,0.0
2019-12-01 06:00:00,32.37,315.4795,987.8985,5.507393,13.613997,0.0,0.0
2019-12-01 07:00:00,31.0,315.66504,987.6381,5.4849114,12.632296,0.0,0.0
2019-12-01 08:00:00,29.7,315.2489,987.1217,5.3828206,12.771962,0.0,0.0
2019-12-01 09:00:00,28.37,314.74658,987.3892,5.417385,13.016703,0.0,0.0
2019-12-01 10:00:00,27.24,313.63748,988.02936,5.3321204,13.781248,0.0,0.0
2019-12-01 11:00:00,26.64,312.17908,988.6347,5.592018,15.151193,0.0,0.0
2019-12-01 12:00:00,26.82,310.98764,989.3527,5.525865,16.633692,0.0,0.0
2019-12-01 13:00:00,27.03,309.9226,989.93304,4.658864,18.34044,0.0,0.0
2019-12-01 14:00:00,27.45,308.91125,990.42584,3.8531244,20.295517,0.0,0.0
2019-12-01 15:00:00,27.46,307.70068,990.3798,3.7481873,22.04805,0.0,0.0
2019-12-01 16:00:00,26.21,306.79404,990.09576,4.2791023,22.380474,0.0,0.0
2019-12-01 17:00:00,25.45,306.11365,989.6806,5.0129843,21.492678,0.0,0.0
2019-12-01 18:00:00,24.87,305.62216,989.79407,5.7640533,19.718582,0.0,0.0
2019-12-01 19:00:00,24.26,304.6379,990.3667,5.4905562,16.668308,0.0,0.0
2019-12-01 20:00:00,24.97,303.9668,990.5197,5.8333807,15.281278,0.0,0.0
2019-12-01 21:00:00,26.17,303.32483,991.41,6.304036,12.969953,0.0,0.0
2019-12-01 22:00:00,26.43,303.8908,992.1183,6.453048,10.003848,0.0,0.0
2019-12-01 23:00:00,26.24,305.57736,992.66406,8.30114,8.100996,0.0,0.0
2019-12-02 00:00:00,26.6,307.8794,992.5925,8.446069,7.2449393,0.0024259088,0.0
2019-12-02 01:00:00,26.65,310.19586,992.4116,8.39529,8.271543,0.0,0.0
2019-12-02 02:00:00,26.92,311.62317,991.48267,7.4514165,12.520496,0.0,0.0
2019-12-02 03:00:00,26.98,312.78625,990.78406,5.9819145,12.95832,0.0,0.0
2019-12-02 04:00:00,26.33,313.6979,989.70685,4.7563143,12.445901,0.0,0.0
2019-12-02 05:00:00,25.92,314.3584,988.9484,3.8859138,11.629359,0.0,0.0
2019-12-02 06:00:00,25.54,314.7727,987.9408,3.5108843,10.743833,0.0,0.0
2019-12-02 07:00:00,24.38,314.84808,987.09235,3.2274907,12.664247,0.0,0.0
2019-12-02 08:00:00,23.2,314.6438,986.72217,3.146938,12.163645,0.0,0.0
2019-12-02 09:00:00,22.22,314.26843,987.15216,3.391313,11.756261,0.0,0.0
2019-12-02 10:00:00,21.24,313.39062,987.88403,2.6555588,11.668043,0.0,0.0
2019-12-02 11:00:00,20.04,312.22037,988.5111,2.4461877,11.944328,0.0,0.0
2019-12-02 12:00:00,18.59,311.02377,989.1942,2.8539329,12.002766,0.0,0.0
2019-12-02 13:00:00,18.24,309.46924,989.4309,3.5296054,12.066607,0.0,0.0
2019-12-02 14:00:00,18.2,308.4787,989.7686,4.2979364,11.7711,0.0,0.0
2019-12-02 15:00:00,17.34,307.39844,989.5759,3.2903686,12.163837,0.0,0.0
2019-12-02 16:00:00,16.37,306.93445,989.46924,1.0029805,13.907702,0.0,0.0
2019-12-02 17:00:00,16.2,305.5346,989.70264,3.1705124,19.8288,0.0,0.0
2019-12-02 18:00:00,18.04,303.93124,989.9556,4.559748,39.779648,0.0,0.0
2019-12-02 19:00:00,20.89,302.04865,990.90784,3.5646577,57.813953,0.0,0.0
2019-12-02 20:00:00,23.92,301.7014,991.02264,2.8566036,60.257298,0.0,0.0
2019-12-02 21:00:00,26.17,301.45956,991.637,2.45009,61.86797,0.0,0.0
2019-12-02 22:00:00,27.31,302.074,992.5438,2.4462237,60.064274,0.0,0.0
2019-12-02 23:00:00,28.48,303.47845,993.3092,2.2727714,55.12441,0.0,0.0
2019-12-03 00:00:00,29.65,305.31186,993.3603,2.1649978,48.99051,0.0,0.0
2019-12-03 01:00:00,30.39,307.3595,992.99384,2.0428603,41.59484,0.0,0.0
2019-12-03 02:00:00,30.89,309.13763,992.47455,1.1728581,34.9156,0.0,0.0
2019-12-03 03:00:00,30.57,310.65912,991.7131,0.7748922,28.59407,0.0,0.0
2019-12-03 04:00:00,30.24,311.95786,991.0069,1.9404076,23.732359,0.0,0.0
2019-12-03 05:00:00,30.03,312.86157,990.1264,2.1152647,20.847008,0.0,0.0
2019-12-03 06:00:00,30.05,313.485,989.2693,1.933446,18.810345,0.0,0.0
2019-12-03 07:00:00,30.22,313.8144,988.52155,1.9366313,16.024424,0.0,0.0
2019-12-03 08:00:00,29.93,313.70166,988.5542,1.818439,15.8403845,0.0,0.0
2019-12-03 09:00:00,30.04,313.35352,988.7569,1.6421639,15.927323,0.0,0.0
2019-12-03 10:00:00,31.31,312.9716,989.339,1.4891067,16.221048,0.0,0.0
2019-12-03 11:00:00,32.87,312.51102,990.05005,1.9611391,16.589443,0.0,0.0
2019-12-03 12:00:00,33.17,311.40222,990.4289,2.7100554,17.818367,0.0,0.0
2019-12-03 13:00:00,33.45,310.3246,990.4327,2.9894524,19.196314,0.0,0.0
2019-12-03 14:00:00,32.79,309.46606,990.8379,2.9584863,20.312992,0.0,0.11
2019-12-03 15:00:00,31.65,308.44577,990.29706,2.4644692,21.68522,0.0,0.0
2019-12-03 16:00:00,31.68,307.0868,990.0695,1.4165598,24.579712,0.0,0.0
2019-12-03 17:00:00,32.86,306.26215,990.0055,1.137073,25.719536,0.0,0.0
2019-12-03 18:00:00,35.05,305.57678,990.3575,3.5475435,29.259571,0.0,0.0
2019-12-03 19:00:00,37.46,303.77325,991.3231,4.7862396,55.08609,0.0,0.0
2019-12-03 20:00:00,38.9,303.09467,991.84064,4.034111,61.57269,0.0,0.0
2019-12-03 21:00:00,39.58,302.57053,992.8077,3.4240646,66.103836,0.0,0.0
2019-12-03 22:00:00,39.28,303.0824,993.60205,4.082115,65.825554,0.0,0.0
2019-12-03 23:00:00,38.89,304.73328,994.2498,4.1414566,58.197742,0.0,0.0
2019-12-04 00:00:00,37.07,306.84738,994.2544,3.4306848,47.89823,0.003388524,0.0
2019-12-04 01:00:00,37.42,308.89404,994.03284,2.5439398,38.817284,0.0,0.0
2019-12-04 02:00:00,37.32,310.74738,993.6459,1.690616,30.702862,0.0,0.0
2019-12-04 03:00:00,37.02,312.37878,992.70935,1.8570961,24.017883,0.0,0.0
2019-12-04 04:00:00,36.98,313.60858,991.7893,2.3804824,19.712662,0.0,0.0
2019-12-04 05:00:00,36.89,313.89175,991.0413,2.1676474,17.708048,0.0,0.0
2019-12-04 06:00:00,36.21,314.00488,990.4478,1.6525286,16.767662,0.0,0.0
2019-12-04 07:00:00,36.33,314.213,990.16296,0.9891955,15.954566,0.0,0.0
2019-12-04 08:00:00,36.44,313.96155,989.6802,0.3033732,15.77916,0.0,0.0
2019-12-04 09:00:00,36.19,313.6889,990.0185,1.4862555,15.829258,0.0,0.96
2019-12-04 10:00:00,36.06,312.5101,991.10034,3.4060566,17.098284,0.0,0.089999996
2019-12-04 11:00:00,37.31,311.92615,991.6431,4.4625297,18.32946,0.0,0.0
2019-12-04 12:00:00,41.65,311.2273,992.22375,3.5661035,19.638044,0.0,0.0
2019-12-04 13:00:00,45.13,310.13394,992.5439,3.1340904,21.831062,0.0,0.0
2019-12-04 14:00:00,47.11,308.63593,993.0364,4.25748,26.554266,0.0,0.0
2019-12-04 15:00:00,46.27,307.24103,992.7355,5.490924,34.14892,0.0,0.0
2019-12-04 16:00:00,42.4,306.08557,992.4,6.4829783,42.089256,0.0,0.0
2019-12-04 17:00:00,39.13,305.1841,992.0889,6.4505577,48.08823,0.0,0.0
2019-12-04 18:00:00,38.6,304.3706,992.10547,5.5030055,52.79802,0.0,0.0
2019-12-04 19:00:00,38.88,302.81116,992.4743,3.5378895,58.526665,0.0,0.0
2019-12-04 20:00:00,40.06,302.42816,993.36237,2.3341873,61.529125,0.0,0.0
2019-12-04 21:00:00,40.82,302.2146,994.1726,1.8610008,63.49833,0.0,0.0
2019-12-04 22:00:00,40.95,302.62378,995.2265,2.6000824,62.815273,0.0,0.0
2019-12-04 23:00:00,40.37,304.1883,995.61774,3.31871,56.768845,0.0,0.0
2019-12-05 00:00:00,39.26,306.36258,995.7319,4.0410986,48.86767,0.0,0.0
2019-12-05 01:00:00,38.73,308.70084,995.2753,4.3842134,41.226986,0.0,0.0
2019-12-05 02:00:00,38.21,310.85968,994.3864,4.1092596,34.048252,0.0051725656,0.0
2019-12-05 03:00:00,37.44,312.59442,993.4294,3.726723,27.78919,0.024041161,0.0
2019-12-05 04:00:00,36.1,313.78302,992.34216,3.0292041,22.946232,0.009432435,0.0
2019-12-05 05:00:00,35.2,314.62814,991.4941,2.3987892,20.436192,0.0,0.0
2019-12-05 06:00:00,34.01,314.48712,990.6083,2.0640018,19.755116,0.0030472875,0.0
2019-12-05 07:00:00,33.79,314.6363,989.80115,1.8413656,17.046806,0.0,0.0
2019-12-05 08:00:00,33.52,314.60504,989.29626,1.6131577,16.49849,0.0,0.0
2019-12-05 09:00:00,33.8,314.19525,989.5167,2.019169,16.342386,0.0,0.049999997
2019-12-05 10:00:00,34.41,313.23676,990.4592,2.4509711,17.085321,0.0,0.17
2019-12-05 11:00:00,35.92,311.8875,991.37744,4.8664246,19.86043,0.009670854,0.0
2019-12-05 12:00:00,37.82,308.02576,992.4578,8.006662,36.005066,0.011764467,0.0
2019-12-05 13:00:00,38.4,305.88376,992.58966,7.679774,46.86053,0.0,0.0
2019-12-05 14:00:00,38.55,305.32294,992.3078,6.729567,48.87326,0.0,0.0
2019-12-05 15:00:00,39.34,304.91663,991.90265,5.740434,50.955284,0.0,0.0
2019-12-05 16:00:00,37.97,304.5357,991.7325,4.4900327,52.718945,0.0,0.0
2019-12-05 17:00:00,35.13,304.2328,991.577,3.2815285,53.94458,0.0,0.0
2019-12-05 18:00:00,32.66,303.86273,991.3946,3.2448208,55.321236,0.0,0.0
2019-12-05 19:00:00,31.85,302.00598,991.45435,3.3057394,63.597107,0.0,0.0
2019-12-05 20:00:00,32.76,301.7423,992.0464,3.3194275,64.94749,0.0,0.0
2019-12-05 21:00:00,33.53,301.5323,992.77966,2.7583125,66.283806,0.0,0.0
2019-12-05 22:00:00,33.65,302.25464,993.57733,2.923696,64.06148,0.0,0.0
2019-12-05 23:00:00,33.09,304.11414,994.30334,3.5489562,55.778664,0.0,0.0
2019-12-06 00:00:00,31.35,306.49606,993.9277,3.8215222,43.39272,0.063583255,0.0
2019-12-06 01:00:00,30.9,309.15704,993.6987,4.1159983,32.41749,0.0,0.0
2019-12-06 02:00:00,29.64,311.6819,992.6744,4.369174,24.12137,0.0,0.0
2019-12-06 03:00:00,27.97,313.73856,991.54297,3.7074928,17.922775,0.0,0.0
2019-12-06 04:00:00,26.92,314.55322,990.5918,2.3620577,14.493752,0.0,0.0
2019-12-06 05:00:00,26.37,315.2104,989.82874,1.1351721,12.6637,0.0,0.0
2019-12-06 06:00:00,25.88,315.53903,989.2367,0.61513114,11.868803,0.0,0.0
2019-12-06 07:00:00,25.79,315.83685,988.59094,0.25884452,10.456658,0.0,0.0
2019-12-06 08:00:00,25.78,315.7329,988.3583,0.6674652,10.341342,0.0,0.0
2019-12-06 09:00:00,25.94,315.3832,988.35565,1.0179617,10.516434,0.0,0.0
2019-12-06 10:00:00,25.62,314.7788,988.8143,1.086361,10.971932,0.0,0.0
2019-12-06 11:00:00,25.9,313.78204,989.92694,1.3451322,12.074024,0.0,0.0
2019-12-06 12:00:00,26.33,312.6319,990.8016,2.4613826,13.338111,0.0,0.0
2019-12-06 13:00:00,27.14,311.7426,991.53174,4.1505594,14.126425,0.0,0.0
2019-12-06 14:00:00,27.72,311.45605,991.47156,3.6555636,15.140757,0.0,0.0
2019-12-06 15:00:00,29.2,310.3957,990.7619,2.2403898,16.498323,0.0,0.0
2019-12-06 16:00:00,29.45,309.15643,989.8644,3.260542,18.113825,0.0,0.0
2019-12-06 17:00:00,30.65,307.5982,989.2672,5.919956,25.116724,0.0,0.0
2019-12-06 18:00:00,31.58,306.60385,988.9457,6.4375014,29.962158,0.0,0.0
2019-12-06 19:00:00,32.16,305.6893,989.4114,5.7011256,34.428005,0.0,0.0
2019-12-06 20:00:00,32.46,305.09485,990.5662,4.819871,34.05269,0.0,0.0
2019-12-06 21:00:00,31.99,304.35736,991.3812,3.7759814,35.340153,0.0,0.0
2019-12-06 22:00:00,31.45,304.91232,992.4278,4.2357335,35.43526,0.0,0.0
2019-12-06 23:00:00,31.16,306.70093,992.8111,5.0826125,31.686035,0.0,0.0
2019-12-07 00:00:00,30.77,308.97305,992.5803,4.474095,25.757143,0.0,0.0
2019-12-07 01:00:00,30.5,311.2746,992.2569,3.4681063,20.410727,0.0,0.0
2019-12-07 02:00:00,30.09,313.33047,991.4294,2.5669267,16.695791,0.0,0.0
2019-12-07 03:00:00,28.98,315.07126,990.3809,1.4595311,13.466347,0.0,0.0
2019-12-07 04:00:00,28.12,316.16864,989.41437,1.7900387,10.507293,0.0,0.0
2019-12-07 05:00:00,27.64,316.88782,988.6918,2.0819468,9.299855,0.0,0.0
2019-12-07 06:00:00,27.53,317.1097,987.96466,1.5745747,8.856459,0.0,0.0
2019-12-07 07:00:00,27.8,316.81018,987.52716,0.88044363,9.02387,0.0,0.0
2019-12-07 08:00:00,27.6,316.5774,987.3718,0.49731272,9.050303,0.0,0.0
2019-12-07 09:00:00,27.33,316.0841,987.4478,0.2045824,9.248484,0.0,0.0
2019-12-07 10:00:00,27.47,315.56876,988.0222,0.9375023,9.531769,0.0,0.0
2019-12-07 11:00:00,27.34,314.7351,988.59045,2.0269723,10.147301,0.0,0.0
2019-12-07 12:00:00,27.11,313.78098,988.8619,2.662429,10.879067,0.0,0.0
2019-12-07 13:00:00,27.17,312.7226,988.927,2.879785,11.682287,0.0,0.0
2019-12-07 14:00:00,27.77,311.7204,989.0428,3.0175586,12.408551,0.0,0.0
2019-12-07 15:00:00,28.87,310.6684,988.7402,3.5483396,13.186783,0.0,0.0
2019-12-07 16:00:00,30.02,309.75397,988.39307,3.8928924,14.900066,0.0,0.0
2019-12-07 17:00:00,29.52,308.67776,988.0742,2.7389665,17.45926,0.0,0.0
2019-12-07 18:00:00,28.92,308.5359,988.3356,0.54963195,18.006252,0.0,0.0
2019-12-07 19:00:00,29.36,305.47266,988.8899,2.2731745,21.452383,0.0,0.0
2019-12-07 20:00:00,29.68,304.46497,989.40515,2.3553586,23.874735,0.0,0.0
2019-12-07 21:00:00,29.11,303.92267,990.3601,2.8425052,25.725943,0.0,0.0
2019-12-07 22:00:00,28.39,305.23947,990.95154,3.1439507,24.732468,0.0,0.0
2019-12-07 23:00:00,28.16,308.7514,991.5516,4.204546,20.883656,0.0,0.0
2019-12-08 00:00:00,26.44,311.06207,991.40155,4.6466393,18.51472,0.0,0.0
2019-12-08 01:00:00,25.99,313.227,991.2378,4.5284867,16.081848,0.0,0.0
2019-12-08 02:00:00,24.82,315.0405,990.5839,3.9289923,13.77004,0.0,0.0
2019-12-08 03:00:00,23.03,316.23056,989.6672,2.3991299,11.274343,0.0,0.0
2019-12-08 04:00:00,21.61,316.85693,988.72327,0.2971453,8.989254,0.0,0.0
2019-12-08 05:00:00,21.16,317.502,988.03394,0.8533254,8.066996,0.0,0.0
2019-12-08 06:00:00,20.78,317.8097,987.2519,1.1038728,7.7051787,0.0,0.0
2019-12-08 07:00:00,20.81,318.16306,986.1294,1.1502243,7.679644,0.0,0.0
2019-12-08 08:00:00,20.59,317.88577,985.89514,1.1527423,7.686563,0.0,0.0
2019-12-08 09:00:00,20.84,317.53152,986.15717,1.4216274,7.757038,0.0,0.0
2019-12-08 10:00:00,21.15,317.07257,986.6295,2.485993,8.039197,0.0,0.0
2019-12-08 11:00:00,21.68,316.20618,987.4013,2.7907887,8.830696,0.0,0.0
2019-12-08 12:00:00,21.63,314.871,987.78284,2.9652526,9.87439,0.0,0.0
2019-12-08 13:00:00,23.42,313.45673,988.2551,3.024366,10.975209,0.0,0.0
2019-12-08 14:00:00,26.38,312.22137,988.625,4.8141828,13.338633,0.0,0.0
2019-12-08 15:00:00,30.1,309.41132,989.09406,7.7196,29.02745,0.0,0.0
2019-12-08 16:00:00,32.64,307.48193,989.42377,7.161461,40.476223,0.0,0.0
2019-12-08 17:00:00,34.04,306.41602,989.3235,6.9643693,45.520466,0.0,0.0
2019-12-08 18:00:00,34.46,305.65738,989.08325,6.447376,49.699486,0.0,0.0
2019-12-08 19:00:00,33.91,304.07285,989.68524,4.812064,55.65911,0.0,0.0
2019-12-08 20:00:00,32.66,303.58267,990.1067,4.5233994,56.45954,0.0,0.0
2019-12-08 21:00:00,31.4,303.14252,990.8589,3.8742118,57.015717,0.0,0.0
2019-12-08 22:00:00,30.86,303.68237,991.7582,4.4184384,54.48941,0.0,0.0
2019-12-08 23:00:00,30.56,305.49188,992.2342,5.3243284,47.153027,0.0,0.0
2019-12-09 00:00:00,29.89,308.0155,992.4169,5.672975,37.21411,0.0,0.0
2019-12-09 01:00:00,29.71,310.60004,992.2578,5.434395,28.043297,0.0,0.0
2019-12-09 02:00:00,28.14,312.76196,991.46936,4.8480573,21.810177,0.0,0.0
2019-12-09 03:00:00,25.64,314.41977,990.33124,4.328276,18.381207,0.0,0.0
2019-12-09 04:00:00,24.52,315.60947,989.0605,3.804988,16.08916,0.0,0.0
2019-12-09 05:00:00,24.07,316.15063,988.0595,2.964858,13.64278,0.0,0.0
2019-12-09 06:00:00,24.07,316.2458,987.4472,2.001924,12.886533,0.0,0.0
2019-12-09 07:00:00,25.63,316.58594,987.1272,1.024805,9.570229,0.0,0.0
2019-12-09 08:00:00,26.91,316.74188,986.8801,1.3639702,9.114407,0.0,0.0
2019-12-09 09:00:00,28.06,316.28284,987.0773,1.3250259,9.235888,0.0,0.0
2019-12-09 10:00:00,29.39,315.78754,987.6869,0.7818975,9.539105,0.0,0.0
2019-12-09 11:00:00,30.62,315.28418,988.1705,0.4676156,10.071514,0.0,0.0
2019-12-09 12:00:00,32.24,314.38678,988.7482,0.8772212,11.751598,0.0,0.0
2019-12-09 13:00:00,34.86,312.88834,989.45703,3.0966434,12.328586,0.0,1.16
2019-12-09 14:00:00,37.95,310.74707,990.33435,6.4570184,19.204964,0.0,0.91999996
2019-12-09 15:00:00,40.02,307.3084,990.1767,7.9591317,36.00433,0.027358532,0.11
2019-12-09 16:00:00,40.96,306.0661,989.4261,6.007658,41.66081,0.0,0.21
2019-12-09 17:00:00,41.11,305.49374,989.35767,4.9909453,43.03261,0.0,0.0
2019-12-09 18:00:00,39.56,304.66425,989.3791,4.9452853,46.044956,0.0,0.0
2019-12-09 19:00:00,37.23,303.24847,990.86127,4.096631,54.635853,0.0,0.0
2019-12-09 20:00:00,36.32,302.70538,991.2286,3.3717222,57.525627,0.0,0.0
2019-12-09 21:00:00,36.23,302.2348,991.51056,3.0420728,60.063328,0.0,0.0
2019-12-09 22:00:00,35.59,302.64514,992.4638,3.8195484,58.930218,0.0,0.0
2019-12-09 23:00:00,34.71,304.4369,992.7502,4.2059574,50.6786,0.0,0.0
2019-12-10 00:00:00,33.34,307.09833,992.86084,4.421814,38.405876,0.028210878,0.0
2019-12-10 01:00:00,33.33,309.85498,992.4905,4.7342367,28.65214,0.0,0.0
2019-12-10 02:00:00,32.93,312.13687,991.6421,4.693902,23.787956,0.0,0.0
2019-12-10 03:00:00,31.9,313.82074,990.77924,3.715185,20.523941,0.0,0.0
2019-12-10 04:00:00,30.85,314.34314,990.34564,2.0525346,16.879572,0.0,0.0
2019-12-10 05:00:00,30.36,314.08832,989.767,1.0468965,15.9579735,0.066801906,0.0
2019-12-10 06:00:00,30.07,314.5219,988.9872,0.79312795,15.565366,0.0,0.0
2019-12-10 07:00:00,30.62,315.7426,987.9238,2.6416407,12.954816,0.0,0.0
2019-12-10 08:00:00,30.9,315.70108,987.5403,2.44475,12.715167,0.0,0.0
2019-12-10 09:00:00,31.44,315.45764,987.6072,2.3497002,12.184978,0.0,0.0
2019-12-10 10:00:00,33.21,314.79633,988.2112,1.4652195,12.67785,0.0,0.0
2019-12-10 11:00:00,35.76,314.0236,988.7603,0.97589993,13.3881035,0.0,0.32
2019-12-10 12:00:00,37.54,313.2333,989.0664,1.3340175,14.167574,0.0,1.04
2019-12-10 13:00:00,37.84,312.30707,989.59955,1.6970949,15.508294,0.0,0.42999998
2019-12-10 14:00:00,38.78,311.03424,989.7369,1.5917226,17.138485,0.0031888485,0.0
2019-12-10 15:00:00,40.72,309.58984,990.1806,3.2367227,23.959183,0.0,0.0
2019-12-10 16:00:00,42.16,307.73993,990.0835,5.9659443,36.834465,0.001296401,0.0
2019-12-10 17:00:00,41.78,305.9765,989.8336,7.181356,50.59775,0.0,0.0
2019-12-10 18:00:00,41.73,304.8244,989.5633,6.678991,56.394913,0.0,0.0
2019-12-10 19:00:00,41.45,303.07608,990.901,4.079437,59.899963,0.0,0.0
2019-12-10 20:00:00,41.46,302.5742,991.13367,3.7938123,62.354233,0.0,0.0
2019-12-10 21:00:00,41.81,302.22467,991.98944,3.5009022,64.37854,0.0,0.0
2019-12-10 22:00:00,40.55,302.67694,992.8603,4.6203065,64.236145,0.0,0.0
2019-12-10 23:00:00,38.98,304.40753,993.0515,4.492402,55.72457,0.0,0.0
2019-12-11 00:00:00,35.66,307.00043,992.9007,3.7363386,43.518856,0.071287155,0.0
2019-12-11 01:00:00,35.68,309.851,992.52594,3.5383794,32.925243,0.0,0.0
2019-12-11 02:00:00,34.76,312.44397,991.6858,3.5841815,24.42193,0.0,0.0
2019-12-11 03:00:00,34.43,314.1586,990.7315,2.7331288,19.261147,0.01244992,0.0
2019-12-11 04:00:00,34.63,315.06818,989.7481,1.4048698,15.899223,0.0,0.0
2019-12-11 05:00:00,34.66,315.75244,989.25525,2.5707717,14.593348,0.0,0.0
2019-12-11 06:00:00,34.67,316.0816,988.33673,2.4254622,14.20388,0.0,0.0
2019-12-11 07:00:00,35.98,316.0244,987.77924,2.3932576,13.33402,0.0,0.0
2019-12-11 08:00:00,37.55,315.6927,987.5136,2.145382,13.625222,0.0,0.0
2019-12-11 09:00:00,37.91,315.33356,987.34644,1.9366841,13.763073,0.075653195,0.16999999
2019-12-11 10:00:00,37.13,314.81396,987.6234,1.15866,14.094029,0.0,0.0
2019-12-11 11:00:00,35.11,314.57117,988.4428,2.4963658,13.830824,0.0,0.0
2019-12-11 12:00:00,34.94,313.2967,989.03046,3.7122736,15.19541,0.0,0.0
2019-12-11 13:00:00,35.31,312.24826,989.068,3.6261094,16.387453,0.0,0.0
2019-12-11 14:00:00,35.15,311.01807,988.9534,3.64433,17.782743,0.0,0.0
2019-12-11 15:00:00,34.99,309.9316,988.40356,3.7166245,19.038385,0.0,0.0
2019-12-11 16:00:00,36.53,309.00555,987.5637,3.8183439,20.098492,0.0,0.0
2019-12-11 17:00:00,38.3,308.18842,987.2706,3.59665,21.026968,0.0,0.0
2019-12-11 18:00:00,39.15,307.37646,987.02563,2.988556,21.996698,0.0,0.0
2019-12-11 19:00:00,38.57,306.62857,989.29987,2.3427675,26.10702,0.0,0.0
2019-12-11 20:00:00,37.58,305.57782,989.4347,1.63556,28.62674,0.0,0.0
2019-12-11 21:00:00,36.76,305.1683,989.90204,1.4005291,29.546818,0.0,0.0
2019-12-11 22:00:00,36.07,305.61774,990.7411,1.2187659,28.820797,0.0,0.0
2019-12-11 23:00:00,34.84,308.60052,991.10406,1.9280639,21.555037,0.0,0.0
2019-12-12 00:00:00,33.03,310.72958,991.15094,3.4862773,18.512733,0.0911176,0.0
2019-12-12 01:00:00,32.08,313.04742,990.67847,4.5320005,16.233099,0.0,0.0
2019-12-12 02:00:00,31.64,315.2789,989.9153,5.6879773,13.368966,0.0,0.0
2019-12-12 03:00:00,31.63,316.45752,989.0527,5.287194,11.491283,0.004671514,0.0
2019-12-12 04:00:00,31.24,317.18405,988.01794,4.6091566,10.375378,0.0,0.0
2019-12-12 05:00:00,30.69,317.68726,987.04266,4.47083,9.718906,0.0,0.0
2019-12-12 06:00:00,30.34,318.153,986.2918,4.2275324,9.298992,0.0,0.13
2019-12-12 07:00:00,30.07,317.52612,986.08624,3.2148411,9.829951,0.0,0.0
2019-12-12 08:00:00,30.06,317.22137,985.61487,3.1801891,9.745082,0.0,0.0
2019-12-12 09:00:00,30.27,316.85666,985.7227,2.8318818,9.765958,0.0,0.0
2019-12-12 10:00:00,30.71,316.34448,986.41907,1.8208004,9.874187,0.0,0.0
2019-12-12 11:00:00,31.47,315.1897,987.02,1.849567,10.755312,0.0,0.0
2019-12-12 12:00:00,31.17,313.94745,987.69635,2.1761038,11.768578,0.0,0.0
2019-12-12 13:00:00,31.39,312.78107,988.0678,1.4761977,12.932923,0.022828579,0.19
2019-12-12 14:00:00,31.69,311.96063,988.8745,1.8102204,13.905282,0.007331373,0.04
2019-12-12 15:00:00,33.34,311.21564,988.9984,0.7713004,15.0127735,0.0,0.0
2019-12-12 16:00:00,35.46,309.70493,988.76764,1.6278219,18.227968,0.0,0.16
2019-12-12 17:00:00,36.36,308.7849,988.41876,1.5568986,19.908663,0.0,0.0
2019-12-12 18:00:00,37.57,307.78207,987.93604,1.8675352,21.312382,0.0,0.0
2019-12-12 19:00:00,38.31,305.86578,989.34985,3.902292,34.270664,0.0030398369,0.0
2019-12-12 20:00:00,39.59,304.81732,989.6268,4.6440444,44.842995,0.0,0.0
2019-12-12 21:00:00,39.89,304.04678,990.4646,4.1893272,52.573467,0.0,0.0
2019-12-12 22:00:00,40.81,304.2853,991.53766,3.4490006,54.787212,0.0,0.0
2019-12-12 23:00:00,39.62,305.52216,992.45483,2.584714,50.940704,0.0,0.0
2019-12-13 00:00:00,37.84,306.98895,992.75494,1.8609658,44.525314,0.038304925,0.0
2019-12-13 01:00:00,37.77,309.01154,992.5602,1.8855397,36.86669,0.0,0.0
2019-12-13 02:00:00,37.8,311.03378,992.03375,2.0069401,30.695698,0.0113826245,0.0
2019-12-13 03:00:00,36.51,312.5527,991.22186,1.7395164,25.49927,0.030910596,0.0
2019-12-13 04:00:00,35.7,313.3108,990.23517,0.49575633,22.659164,0.018060207,0.0
2019-12-13 05:00:00,35.71,314.09888,989.3398,0.56171346,20.943455,0.014413148,0.0
2019-12-13 06:00:00,36.79,313.91193,988.2861,1.1101819,20.862902,0.24688244,0.0
2019-12-13 07:00:00,40.51,312.30365,989.12555,2.770765,22.921108,0.0031292439,0.0
2019-12-13 08:00:00,43.89,312.4004,988.6337,2.4954865,22.25945,0.0013783574,0.16
2019-12-13 09:00:00,44.91,312.25873,988.6149,3.109682,22.000998,0.0013366225,0.1
2019-12-13 10:00:00,43.67,311.71625,989.2629,3.5178876,22.497389,0.017389655,0.52
2019-12-13 11:00:00,41.5,311.02234,990.03046,4.150581,23.609404,0.0041276217,0.0
2019-12-13 12:00:00,41.14,310.1983,990.72015,4.60237,25.105417,0.0026032503,1.62
2019-12-13 13:00:00,40.66,309.46365,991.30493,4.6660686,26.566135,0.0,1.25
2019-12-13 14:00:00,40.3,309.03323,991.7687,4.9007545,27.175406,0.0,2.07
2019-12-13 15:00:00,41.29,308.75397,991.59015,4.61089,27.059948,0.0,1.04
2019-12-13 16:00:00,41.33,308.3108,991.30115,4.332099,27.195957,0.0,0.75
2019-12-13 17:00:00,42.19,307.99097,991.1369,3.8204994,27.495346,0.0,0.80999994
2019-12-13 18:00:00,42.75,307.82944,991.3081,3.5095313,27.860727,0.0,0.35999998
2019-12-13 19:00:00,41.09,306.3591,991.6917,0.6034526,33.68652,0.0,0.19999999
2019-12-13 20:00:00,39.96,306.00754,992.1929,1.2695919,33.09018,0.0,0.31
2019-12-13 21:00:00,39.73,305.87238,992.79376,2.7735124,32.58079,0.0,0.21000001
2019-12-13 22:00:00,40.0,305.56387,993.6318,5.636301,31.997337,0.0,0.0
2019-12-13 23:00:00,40.44,305.14825,994.28314,6.230025,33.232895,0.0,0.0
2019-12-14 00:00:00,40.33,305.45374,994.78735,5.3745112,34.154423,0.37329793,0.0
2019-12-14 01:00:00,40.69,307.55432,994.59814,4.2349663,31.379574,0.0,0.0
2019-12-14 02:00:00,40.71,308.36163,994.1475,3.4417038,29.780397,0.0,0.0
2019-12-14 03:00:00,40.01,308.81766,993.03485,2.2344472,28.06886,0.0,0.0
2019-12-14 04:00:00,39.6,308.99622,991.9423,1.2522163,27.068142,0.0,0.0
2019-12-14 05:00:00,39.23,309.58853,990.854,0.53467363,25.57095,0.0,0.0
2019-12-14 06:00:00,38.85,310.1493,990.20905,2.0581198,24.493397,0.0,0.0
2019-12-14 07:00:00,38.99,313.67728,987.87946,2.3200264,20.396147,0.0042766333,0.0
2019-12-14 08:00:00,39.45,312.6541,987.9272,2.315347,21.82367,0.06698072,0.0
2019-12-14 09:00:00,39.97,309.9198,989.0162,3.5205958,27.90418,1.1478662,0.0
2019-12-14 10:00:00,40.78,308.9599,990.2078,5.2534785,31.531525,0.008746982,0.07
2019-12-14 11:00:00,42.55,307.44153,990.91986,5.984716,36.16627,0.005373382,0.17
2019-12-14 12:00:00,45.29,306.45,991.84607,5.356626,39.005844,0.025168061,0.22999999
2019-12-14 13:00:00,48.32,306.0351,991.71063,3.6352139,40.059113,0.0,2.05
2019-12-14 14:00:00,51.13,305.6985,991.41943,3.725462,40.85513,0.0,4.5499997
2019-12-14 15:00:00,52.27,305.4338,990.9964,4.8408203,41.180126,0.0,3.96
2019-12-14 16:00:00,52.0,305.07858,990.492,4.4988003,43.342,0.0,4.5
2019-12-14 17:00:00,50.58,304.414,990.47345,4.084933,47.058136,0.0,3.6299999
2019-12-14 18:00:00,49.01,303.94717,990.6139,4.971984,50.916744,0.0,3.29
2019-12-14 19:00:00,46.95,302.7066,991.0598,4.8444085,48.51042,0.0,0.22999999
2019-12-14 20:00:00,45.45,302.00095,991.5592,4.510977,50.696,0.08563697,0.0
2019-12-14 21:00:00,43.54,301.71912,992.0553,4.752719,52.100266,0.09214878,0.0
2019-12-14 22:00:00,42.15,302.33563,992.5561,4.847343,50.79701,0.0,0.0
2019-12-14 23:00:00,41.95,304.02606,992.855,4.6452956,44.280598,0.0,0.0
2019-12-15 00:00:00,41.75,305.83154,992.80054,4.718137,36.603302,1.4385045,0.0
2019-12-15 01:00:00,41.54,307.42703,992.58185,4.755689,31.558434,0.0,0.0
2019-12-15 02:00:00,41.52,308.8335,992.03143,4.3806043,28.040596,0.0,0.0
2019-12-15 03:00:00,41.6,310.46466,991.3036,3.8841636,24.821764,0.0,0.0
2019-12-15 04:00:00,41.95,311.8192,990.5014,3.301496,22.218046,0.0,0.0
2019-12-15 05:00:00,42.26,312.59827,989.57697,2.6075828,20.727833,0.0,0.0
2019-12-15 06:00:00,42.77,313.31754,988.8738,2.0401852,19.639725,0.0,0.0
2019-12-15 07:00:00,42.75,314.30453,987.77515,2.263245,17.995539,0.0,0.0
2019-12-15 08:00:00,41.77,314.17853,987.0662,1.5196725,17.95952,0.0,0.0
2019-12-15 09:00:00,41.01,313.755,986.83435,1.2259095,18.234535,0.0,0.0
2019-12-15 10:00:00,41.53,313.31943,987.65155,0.7436022,18.676216,0.0,0.0
2019-12-15 11:00:00,44.49,312.7658,988.0181,2.0214407,19.332815,0.0,0.099999994
2019-12-15 12:00:00,45.95,312.24786,989.1557,2.8147783,19.665905,0.0,1.4499999
2019-12-15 13:00:00,47.05,311.21515,990.1883,4.5186586,21.178326,0.040359795,0.68
2019-12-15 14:00:00,47.22,310.16974,990.7827,3.997799,23.260256,0.0061765313,0.0
2019-12-15 15:00:00,47.33,309.22925,990.53406,2.966019,24.877867,0.0,0.07
2019-12-15 16:00:00,48.18,308.2201,990.2388,2.6031842,26.819143,0.0,0.76
2019-12-15 17:00:00,49.66,307.4986,989.9483,1.0197312,29.717995,0.0018775463,0.76
2019-12-15 18:00:00,50.71,306.82626,989.74664,1.564529,31.004726,0.0,0.6
2019-12-15 19:00:00,51.27,304.72504,990.90875,2.1597762,43.410767,0.0,1.47
2019-12-15 20:00:00,49.38,304.31778,990.71,2.4033256,45.0567,0.03297925,1.06
2019-12-15 21:00:00,46.99,303.67462,991.3326,2.5849047,47.59605,0.0021985834,1.13
2019-12-15 22:00:00,45.29,304.01846,992.1333,2.178415,47.062485,0.0063424306,0.21
2019-12-15 23:00:00,44.99,305.24902,992.40857,2.4693553,42.597137,0.0,0.22999999
2019-12-16 00:00:00,46.95,307.09476,992.5469,3.222191,35.91973,0.09264946,0.0
2019-12-16 01:00:00,46.74,308.92395,992.66907,3.6500928,30.63033,0.0,0.0
2019-12-16 02:00:00,46.78,310.65747,992.228,3.7661407,26.55923,0.0,0.0
2019-12-16 03:00:00,46.68,312.25055,991.33435,3.554507,23.273533,0.0017173588,0.0
2019-12-16 04:00:00,46.45,313.41705,990.5225,3.0796306,20.82852,0.0,0.0
2019-12-16 05:00:00,45.71,314.6581,989.5435,3.0122092,18.792202,0.0,0.07
2019-12-16 06:00:00,44.82,314.8732,988.8141,3.2092907,18.068209,0.0,0.099999994
2019-12-16 07:00:00,43.81,314.0872,987.9961,2.3902853,18.892075,0.0,0.0
2019-12-16 08:00:00,43.04,314.285,987.66315,2.4361625,18.42525,0.0,0.0
2019-12-16 09:00:00,42.28,313.87933,987.52704,2.262202,18.659006,0.0,0.0
2019-12-16 10:00:00,41.52,313.36002,988.12994,2.696738,19.202393,0.0,0.0
2019-12-16 11:00:00,42.08,312.74054,988.7162,3.4831486,20.246758,0.0,0.0
2019-12-16 12:00:00,42.81,312.021,989.68744,4.070691,21.591482,0.0,0.0
2019-12-16 13:00:00,42.4,310.92465,990.34735,3.7676091,23.85637,0.0,0.0
2019-12-16 14:00:00,42.36,309.83698,990.59076,3.9067752,27.494713,0.0,2.56
2019-12-16 15:00:00,42.46,308.70422,990.47,4.2651324,32.392094,0.0,0.16
2019-12-16 16:00:00,42.39,307.86096,990.21857,4.0189667,35.787758,0.0,1.0799999
2019-12-16 17:00:00,42.49,307.26395,989.9738,3.7673655,37.041817,0.0,0.84999996
2019-12-16 18:00:00,42.5,306.70837,989.8094,3.7311618,37.543495,0.0,0.49
2019-12-16 19:00:00,42.3,305.44904,990.6152,3.428637,37.763916,0.0,0.12
2019-12-16 20:00:00,41.84,305.07352,991.0989,3.149231,39.360058,0.0,0.12
2019-12-16 21:00:00,40.64,304.63483,991.85565,2.52373,40.407875,0.0,0.0
2019-12-16 22:00:00,39.14,305.3371,992.7614,2.3605993,37.959152,0.0,0.0
2019-12-16 23:00:00,38.08,307.2119,992.83124,3.0454829,31.020966,0.0,0.0
2019-12-17 00:00:00,37.41,309.24902,992.55237,3.5138543,25.040054,0.00513196,0.0
2019-12-17 01:00:00,36.2,311.25626,991.8772,4.13035,21.057875,0.0,0.0
2019-12-17 02:00:00,35.14,313.0819,991.29205,4.5068746,18.71818,0.0,0.0
2019-12-17 03:00:00,34.47,314.74,990.3331,4.8245673,16.876116,0.0,0.0
2019-12-17 04:00:00,34.22,316.0393,989.17523,4.932701,15.058859,0.0,0.0
2019-12-17 05:00:00,33.27,316.9086,988.1621,4.4399247,13.67525,0.0,0.0
2019-12-17 06:00:00,31.98,317.22067,987.3125,4.0593185,13.0605755,0.0,0.0
2019-12-17 07:00:00,31.78,317.66522,986.0808,4.255787,12.178776,0.0010594727,0.0
2019-12-17 08:00:00,31.39,317.64832,985.5146,3.5944488,11.3935995,0.0,0.0
2019-12-17 09:00:00,31.63,317.21707,985.552,3.4142551,10.877013,0.0,0.0
2019-12-17 10:00:00,31.96,316.7447,985.96716,3.0436983,10.658455,0.0,0.089999996
2019-12-17 11:00:00,31.39,315.55133,986.46826,3.0278335,11.432159,0.0,0.0
2019-12-17 12:00:00,30.89,314.3601,986.96936,4.837662,12.529415,0.0,0.34
2019-12-17 13:00:00,29.76,312.92694,987.4778,6.0550838,14.390527,0.0,0.75
2019-12-17 14:00:00,28.08,311.82663,987.8119,5.49675,15.676898,0.0,0.01
2019-12-17 15:00:00,26.54,310.8857,987.4506,4.4158626,16.410496,0.0,0.0
2019-12-17 16:00:00,25.13,309.91534,986.9419,3.8497472,17.137814,0.0,0.0
2019-12-17 17:00:00,24.26,308.9926,986.58954,2.8017359,17.908495,0.0,0.0
2019-12-17 18:00:00,24.22,307.87012,986.82117,1.2940174,19.850552,0.0,0.0
2019-12-17 19:00:00,24.92,305.75525,987.71204,3.4353988,25.659096,0.0,0.0
2019-12-17 20:00:00,25.28,304.67548,988.3306,3.2556834,32.925922,0.0,0.0
2019-12-17 21:00:00,24.98,303.76172,989.21,3.5264769,40.80834,0.0,0.0
2019-12-17 22:00:00,23.82,304.43948,989.7458,3.9435182,42.72751,0.0,0.0
2019-12-17 23:00:00,22.17,307.8094,989.8446,4.5931964,30.003002,0.0,0.0
2019-12-18 00:00:00,19.14,310.91455,989.598,3.9761932,17.323694,0.0052972645,0.0
2019-12-18 01:00:00,19.52,313.00983,989.34656,2.9496856,12.84212,0.0,0.0
2019-12-18 02:00:00,19.82,315.0124,988.82056,2.7697825,10.661627,0.0,0.0
2019-12-18 03:00:00,19.72,316.83005,987.96326,2.8738005,9.606447,0.0,0.0
2019-12-18 04:00:00,19.51,318.30707,986.89966,3.5920625,9.084213,0.0,0.0
2019-12-18 05:00:00,19.79,318.7824,986.2365,4.4795303,8.73086,0.0,0.0
2019-12-18 06:00:00,19.98,319.01788,985.4593,4.4280667,8.678404,0.0,0.0
2019-12-18 07:00:00,20.05,319.26532,984.1367,3.63109,7.000786,0.0,0.0
2019-12-18 08:00:00,19.65,319.0421,983.91315,3.3750403,7.2246456,0.0,0.0
2019-12-18 09:00:00,20.04,318.5314,984.0847,3.482091,7.511682,0.0,0.0
2019-12-18 10:00:00,21.57,317.63556,985.05634,3.4448419,8.043403,0.0,0.0
2019-12-18 11:00:00,26.29,316.31335,985.8617,4.3886023,8.999747,0.0013858081,0.0
2019-12-18 12:00:00,30.87,315.34186,987.0779,7.0244727,9.744874,0.0030249357,0.0
2019-12-18 13:00:00,33.34,313.22055,988.387,8.965419,15.76478,0.0,0.0
2019-12-18 14:00:00,35.25,310.6885,989.6894,7.0109906,26.048204,0.0,0.0
2019-12-18 15:00:00,36.3,308.98315,990.2511,5.2498136,35.23608,0.0,0.17
2019-12-18 16:00:00,37.46,307.86108,989.8878,4.6142197,41.041023,0.0,0.0
2019-12-18 17:00:00,38.57,306.61298,989.3235,4.3485584,48.047844,0.0,0.0
2019-12-18 18:00:00,39.34,305.87805,988.9565,3.9464235,52.333694,0.0,0.0
2019-12-18 19:00:00,39.2,305.1496,990.4244,3.183642,43.764843,0.0,0.0
2019-12-18 20:00:00,39.2,304.6245,990.87054,4.021457,42.856834,0.0,0.0
2019-12-18 21:00:00,39.49,304.05997,991.4241,5.4626937,41.351395,0.0,0.0
2019-12-18 22:00:00,38.43,303.90222,992.3829,6.8447495,41.493813,0.0,0.0
2019-12-18 23:00:00,37.36,304.26675,993.09827,6.8728733,42.11007,0.0,0.0
2019-12-19 00:00:00,36.61,305.52542,992.9398,5.8353977,39.835842,0.0052694213,0.0
2019-12-19 01:00:00,36.83,307.21756,992.16187,5.1830754,35.88015,0.0,0.0
2019-12-19 02:00:00,36.79,309.06885,991.7325,5.2606707,31.590384,0.0,0.75999993
2019-12-19 03:00:00,36.18,310.32053,991.1507,5.5331116,27.571371,0.0,0.04
2019-12-19 04:00:00,35.44,310.69846,990.2329,3.5342946,24.113174,0.0,0.36999997
2019-12-19 05:00:00,34.74,311.32104,988.80115,0.6668263,20.232883,0.0,0.52
2019-12-19 06:00:00,35.43,312.40723,988.1864,3.282809,18.590225,0.0,0.35999998
2019-12-19 07:00:00,36.27,311.65308,988.7908,6.8484254,22.113186,1.2895093,0.0
2019-12-19 08:00:00,36.52,310.8763,989.07806,5.514422,24.03403,0.0,0.0
2019-12-19 09:00:00,36.63,310.80695,989.3258,3.0105233,23.744038,0.0,0.0
2019-12-19 10:00:00,36.86,310.18628,990.0737,2.8652031,26.171333,0.0,0.0
2019-12-19 11:00:00,36.97,309.01166,990.6177,2.6210067,30.521908,0.0,0.0
2019-12-19 12:00:00,38.34,307.8694,991.28937,2.3817356,35.128628,0.0,0.0
2019-12-19 13:00:00,38.85,306.94968,991.87305,2.3523352,39.31058,0.0,0.0
2019-12-19 14:00:00,39.89,306.18988,991.89874,2.4578865,42.598404,0.0,0.0
2019-12-19 15:00:00,42.25,305.51782,991.33295,2.2847757,45.604057,0.0,0.0
2019-12-19 16:00:00,43.61,304.85645,990.7139,2.0661836,48.862843,0.0,0.0
2019-12-19 17:00:00,44.26,304.26538,990.4029,1.9690349,51.56083,0.0023692846,0.0
2019-12-19 18:00:00,44.57,303.69934,990.323,1.9477834,53.9773,0.0023841858,0.0
2019-12-19 19:00:00,43.68,303.33386,990.9587,2.7885296,54.532085,0.0,0.0
2019-12-19 20:00:00,42.28,302.95267,990.97516,3.1478126,56.884926,0.002115965,0.0
2019-12-19 21:00:00,41.46,302.44525,991.4776,3.0000584,61.027737,0.0,0.0
2019-12-19 22:00:00,41.71,302.8949,992.27325,2.991741,62.556545,0.0,0.0
2019-12-19 23:00:00,42.27,304.4982,992.93555,3.095021,58.06722,0.0,0.0
2019-12-20 00:00:00,41.09,306.6228,993.0076,2.641404,48.15606,1.2963712,0.0
2019-12-20 01:00:00,40.9,308.7358,992.9439,1.7361652,38.731483,0.0,0.0
2019-12-20 02:00:00,39.92,310.51807,992.2866,1.1379342,32.180347,0.0,0.0
2019-12-20 03:00:00,39.02,312.13483,991.20264,0.9683155,27.281996,0.010248274,0.0
2019-12-20 04:00:00,37.94,313.45667,990.2656,0.7153467,23.625961,0.0,0.0
2019-12-20 05:00:00,36.59,314.45145,989.33435,0.64407724,20.704712,0.0,0.0
2019-12-20 06:00:00,35.39,315.19873,988.8616,1.1602433,18.939934,0.0,0.0
2019-12-20 07:00:00,36.02,316.47443,987.0541,2.9491417,13.549252,0.0,0.0
2019-12-20 08:00:00,35.9,316.39618,986.65015,2.946412,13.511169,0.0,0.0
2019-12-20 09:00:00,36.14,315.5843,986.6436,2.5889964,13.878865,0.0,0.0
2019-12-20 10:00:00,36.76,315.01343,987.4534,1.624808,14.329698,0.0,0.0
2019-12-20 11:00:00,38.26,314.51392,988.19806,1.3639061,14.5777445,0.0,0.0
2019-12-20 12:00:00,41.44,314.01776,989.1722,3.4360693,14.623255,0.0,0.92999995
2019-12-20 13:00:00,42.37,312.63477,990.23804,3.5042057,16.055372,0.0,2.02
2019-12-20 14:00:00,41.65,311.04572,990.80524,3.3322976,19.940107,0.0,3.6399999
2019-12-20 15:00:00,39.99,309.2273,990.4639,5.4622364,27.61773,0.0,0.49999997
2019-12-20 16:00:00,38.7,307.58472,990.3497,5.870924,35.09507,0.0,0.11
2019-12-20 17:00:00,38.41,306.58524,990.1816,5.6270337,40.53388,0.0,0.0
2019-12-20 18:00:00,39.06,305.9693,989.5203,5.800382,44.211266,0.0,0.0
2019-12-20 19:00:00,39.33,304.65503,990.27075,3.6964011,42.727135,0.0,0.0
2019-12-20 20:00:00,40.75,304.2309,991.02,3.1941,44.939598,0.0,0.0
2019-12-20 21:00:00,43.34,303.95468,991.9536,2.6311283,46.20075,0.0,0.0
2019-12-20 22:00:00,44.43,304.61847,993.3264,3.0026336,43.657593,0.0,0.0
2019-12-20 23:00:00,44.28,306.1905,993.4537,3.8229315,37.692036,0.0,0.0
2019-12-21 00:00:00,42.84,307.95624,993.27014,3.3692546,32.544373,0.01116395,0.0
2019-12-21 01:00:00,42.15,309.8346,992.7088,2.7596846,27.909002,0.0,0.0
2019-12-21 02:00:00,40.64,311.89896,992.2658,2.6486912,24.03607,0.0,0.0
2019-12-21 03:00:00,39.08,313.52454,991.17944,2.4946117,21.412012,0.0,0.0
2019-12-21 04:00:00,38.22,314.7282,990.0159,2.146652,19.51941,0.0029578805,0.0
2019-12-21 05:00:00,37.7,315.71332,988.8836,1.4803737,18.059769,0.0,0.0
2019-12-21 06:00:00,37.25,315.97382,987.85065,0.36693892,17.33073,0.011362135,0.0
2019-12-21 07:00:00,36.96,316.30505,987.10455,1.9701649,16.30467,0.0,0.0
2019-12-21 08:00:00,36.62,316.257,986.7678,1.607707,16.190798,0.0,0.0
2019-12-21 09:00:00,36.34,315.8125,986.5645,1.570834,16.447739,0.0,0.0
2019-12-21 10:00:00,36.95,315.378,987.2325,0.62080884,16.70429,0.0,0.0
2019-12-21 11:00:00,38.46,314.76477,987.6906,1.3573108,17.145517,0.0,0.0
2019-12-21 12:00:00,39.81,314.09467,988.5284,1.6725987,17.766397,0.0,0.63
2019-12-21 13:00:00,41.89,312.8623,989.0934,1.4718542,19.798698,0.0018924475,2.65
2019-12-21 14:00:00,43.56,311.47052,989.7341,3.1893926,22.151863,0.45523047,0.29
2019-12-21 15:00:00,45.46,309.71863,989.7981,6.3413763,26.478455,0.35849214,0.54999995
2019-12-21 16:00:00,47.71,308.0074,989.09344,8.1565,35.6174,0.0,0.81999993
2019-12-21 17:00:00,51.04,306.94934,988.7145,6.635616,44.13806,0.0,0.67999995
2019-12-21 18:00:00,52.94,306.89825,988.6447,5.0877504,42.941864,0.0,0.41
2019-12-21 19:00:00,52.1,304.34723,991.2048,3.3561833,57.445354,0.0,0.32999998
2019-12-21 20:00:00,49.66,303.52808,990.5591,4.9923263,64.160484,0.0,0.13
2019-12-21 21:00:00,48.03,303.06107,990.4278,4.1761713,68.48556,0.0,0.0
2019-12-21 22:00:00,47.63,303.27826,991.4281,4.206821,68.0607,0.0,0.0
2019-12-21 23:00:00,46.83,304.95746,991.7088,4.4537196,59.746098,0.0,0.0
2019-12-22 00:00:00,44.7,307.132,991.7103,4.046794,49.48556,0.8299351,0.0
2019-12-22 01:00:00,43.67,309.28064,991.4579,3.0046282,40.21287,0.0,0.0
2019-12-22 02:00:00,43.05,311.17792,991.09937,1.9691641,32.92792,0.008225441,0.0
2019-12-22 03:00:00,42.57,312.63342,990.2473,0.29147166,27.535072,0.003837049,0.0
2019-12-22 04:00:00,41.84,313.64566,989.6983,2.5061307,23.789845,0.0,0.0
2019-12-22 05:00:00,41.58,314.32556,989.01306,3.3501441,22.022951,0.0,0.0
2019-12-22 06:00:00,41.05,314.0324,988.15564,3.264805,21.029165,0.0,0.0
2019-12-22 07:00:00,40.2,314.35663,986.8528,4.118596,20.499113,0.0,0.0
2019-12-22 08:00:00,39.44,313.90714,986.6866,3.9910257,20.406311,0.29718876,0.0
2019-12-22 09:00:00,40.13,313.30374,987.1192,4.376733,23.804525,0.0,0.0
2019-12-22 10:00:00,42.0,311.90018,988.1205,5.1665225,28.521904,0.03183633,1.34
2019-12-22 11:00:00,43.7,310.39087,988.9171,4.6272836,33.09228,0.0,0.65999997
2019-12-22 12:00:00,44.21,309.48492,989.73126,4.062818,35.74684,0.0,0.0
2019-12-22 13:00:00,44.24,308.5669,990.3045,4.2611537,37.7951,0.0,0.0
2019-12-22 14:00:00,44.15,307.48956,990.6278,5.0716786,40.871075,0.0,0.0
2019-12-22 15:00:00,44.39,306.25256,990.54626,5.550532,46.289066,0.0,0.0
2019-12-22 16:00:00,44.81,305.15872,990.14435,5.7301717,52.93685,0.0,0.0
2019-12-22 17:00:00,45.48,304.4674,989.6789,5.2430615,57.64703,0.0,0.53
2019-12-22 18:00:00,45.97,304.03638,989.94653,4.4151716,60.514706,0.0,0.08
2019-12-22 19:00:00,44.88,303.3297,990.7443,3.7733955,65.464516,0.0,0.0
2019-12-22 20:00:00,44.87,303.06155,991.4498,3.0147223,66.718956,0.0,0.0
2019-12-22 21:00:00,43.52,302.83527,992.10516,3.273033,67.937225,0.0,0.0
2019-12-22 22:00:00,41.62,303.16348,992.9021,4.5157003,66.157814,0.0,0.0
2019-12-22 23:00:00,41.49,305.09918,993.1721,5.2041197,55.330246,0.0,0.0
2019-12-23 00:00:00,42.23,307.64865,993.1824,5.0282383,42.15074,0.34246147,0.0
2019-12-23 01:00:00,41.98,310.1028,992.8685,4.5758133,32.986897,0.0,0.0
2019-12-23 02:00:00,41.44,312.24585,992.4995,3.8854456,27.15233,0.0,0.0
2019-12-23 03:00:00,40.37,313.5314,991.41345,2.0748808,22.814886,0.0,0.0
2019-12-23 04:00:00,39.25,313.86993,990.72107,0.40046045,20.352413,0.0,0.0
2019-12-23 05:00:00,38.84,315.01462,990.1414,1.9397599,17.91863,0.0,0.0
2019-12-23 06:00:00,39.18,315.40823,989.35187,2.5648172,17.120668,0.0,0.0
2019-12-23 07:00:00,40.37,315.74,988.35016,2.7073152,17.153404,0.0,0.0
2019-12-23 08:00:00,40.25,315.7602,988.18964,3.0576377,16.895678,0.0,0.0
2019-12-23 09:00:00,38.89,315.47668,988.85065,5.4067197,17.22937,0.0,0.0
2019-12-23 10:00:00,38.48,312.4124,989.4994,8.040966,23.610859,0.0,0.0
2019-12-23 11:00:00,39.81,310.49213,990.4186,6.451973,28.296848,0.0,0.0
2019-12-23 12:00:00,41.68,309.88193,990.90826,4.780612,29.398273,0.0,0.0
2019-12-23 13:00:00,42.8,309.29315,991.64514,4.641265,30.484077,0.0,0.0
2019-12-23 14:00:00,43.46,308.5486,991.64575,4.480311,31.662336,0.0,0.32
2019-12-23 15:00:00,43.21,308.14328,991.4928,4.772623,31.964128,0.0,0.0
2019-12-23 16:00:00,42.57,307.3597,990.9764,5.549314,34.698532,0.0,0.0
2019-12-23 17:00:00,42.38,306.40918,990.73157,5.632229,41.842285,0.0,0.0
2019-12-23 18:00:00,41.75,305.65338,990.63513,5.0815387,48.419804,0.0,0.0
2019-12-23 19:00:00,40.4,304.23505,991.7594,4.3576765,48.948864,0.0,0.0
2019-12-23 20:00:00,39.55,303.6153,992.3286,3.7580602,53.947014,0.0,0.0
2019-12-23 21:00:00,38.38,303.13538,992.6912,3.152738,57.140858,0.0,0.0
2019-12-23 22:00:00,36.02,303.58896,993.5986,2.9926088,56.59774,0.0,0.0
2019-12-23 23:00:00,34.94,305.299,994.2163,3.0916872,51.60838,0.0,0.0
2019-12-24 00:00:00,31.89,307.45996,994.12225,2.7468004,43.978508,0.0,0.0
2019-12-24 01:00:00,31.76,309.90033,993.61334,2.8857138,35.320698,0.0,0.0
2019-12-24 02:00:00,31.13,312.04462,992.47565,3.0108376,29.024155,0.0,0.0
2019-12-24 03:00:00,30.23,313.75226,991.1422,1.9071791,23.615997,0.0,0.0
2019-12-24 04:00:00,30.23,315.1234,990.4003,2.022381,18.0627,0.0,0.0
2019-12-24 05:00:00,29.8,315.74445,989.74,4.4051085,15.754199,0.0,0.0
2019-12-24 06:00:00,28.84,316.4039,988.91034,4.356276,14.89212,0.0,0.0
2019-12-24 07:00:00,28.53,317.06342,987.71265,3.0997677,12.38602,0.0,0.0
2019-12-24 08:00:00,29.21,317.33377,987.2961,2.960863,11.3845825,0.0,0.0
2019-12-24 09:00:00,30.14,317.2142,987.4933,3.2019353,10.791701,0.0,0.0
2019-12-24 10:00:00,30.88,316.60782,988.09467,2.834115,10.817294,0.0,0.0
2019-12-24 11:00:00,31.63,315.24036,988.78436,1.8393817,11.81149,0.0,0.0
2019-12-24 12:00:00,32.62,313.78046,989.3594,1.7745503,13.157966,0.0,0.06
2019-12-24 13:00:00,33.85,312.25787,989.8127,3.3923714,15.169041,0.0,0.0
2019-12-24 14:00:00,33.96,310.53586,990.10175,4.7449746,18.43304,0.0,0.0
2019-12-24 15:00:00,34.36,309.33466,989.9062,4.526196,20.809904,0.0,0.0
2019-12-24 16:00:00,34.35,308.47952,989.4135,4.309469,21.924124,0.0,0.0
2019-12-24 17:00:00,34.64,307.40686,989.5414,5.115207,27.798084,0.0,0.0
2019-12-24 18:00:00,34.47,305.87445,989.91095,5.3123107,44.07216,0.0,0.0
2019-12-24 19:00:00,34.04,304.65277,990.39307,5.7873154,57.20838,0.0,0.0
2019-12-24 20:00:00,32.93,303.98367,990.585,5.592453,62.696003,0.0,0.0
2019-12-24 21:00:00,32.15,303.5786,991.34625,4.7648683,64.39421,0.0,0.0
2019-12-24 22:00:00,32.85,304.01904,992.5842,4.4515715,62.716824,0.0,0.0
2019-12-24 23:00:00,34.76,305.84296,993.0935,5.2255692,54.81394,0.0,0.0
2019-12-25 00:00:00,36.69,308.3563,993.08923,5.872807,44.288624,0.0,0.0
2019-12-25 01:00:00,36.88,310.96667,992.5614,6.207364,34.840492,0.0,0.0
2019-12-25 02:00:00,36.63,313.43378,991.70905,6.164745,26.849907,0.0,0.0
2019-12-25 03:00:00,36.28,315.2067,990.6228,5.3605375,21.397184,0.035516918,0.0
2019-12-25 04:00:00,36.36,316.38196,989.4397,4.208344,17.754677,0.0,0.0
2019-12-25 05:00:00,36.25,317.06433,988.44025,2.983329,15.827629,0.0,0.0
2019-12-25 06:00:00,36.0,317.2625,987.628,1.5566796,15.079483,0.0,0.0
2019-12-25 07:00:00,35.75,317.55414,987.2433,3.0386257,13.543677,0.0,0.0
2019-12-25 08:00:00,35.99,315.84534,987.41235,1.4860544,14.281618,0.18348545,0.0
2019-12-25 09:00:00,36.0,315.74445,987.22815,2.128847,14.335012,0.0,0.0
2019-12-25 10:00:00,36.53,315.39935,988.3416,1.7684405,14.69206,0.0,0.0
2019-12-25 11:00:00,39.06,314.52997,988.76056,2.6385717,15.975971,0.0,0.0
2019-12-25 12:00:00,41.32,313.53128,989.05896,1.7603314,17.710287,0.0,0.0
2019-12-25 13:00:00,41.2,312.2033,989.5055,2.3492708,20.057005,0.0,1.02
2019-12-25 14:00:00,41.82,310.6557,989.665,3.1472034,23.028143,0.0,1.03
2019-12-25 15:00:00,41.71,308.8858,989.96606,5.046852,30.685625,0.0,0.58
2019-12-25 16:00:00,40.35,307.05936,989.7696,5.62395,42.817913,0.0,0.0
2019-12-25 17:00:00,39.91,305.92645,989.7011,4.945196,51.056087,0.0,0.0
2019-12-25 18:00:00,39.85,305.2461,989.866,4.375715,55.793137,0.0,0.0
2019-12-25 19:00:00,40.48,303.45184,990.4846,4.4229383,57.223255,0.0,0.0
2019-12-25 20:00:00,41.11,302.89032,991.0089,3.9124987,61.682518,0.0,0.0
2019-12-25 21:00:00,42.2,302.44894,991.57306,3.385976,65.23124,0.0,0.0
2019-12-25 22:00:00,42.97,302.8736,992.68585,3.4893339,65.21408,0.0,0.0
2019-12-25 23:00:00,43.93,304.6625,993.52954,3.9381967,59.050484,0.0,0.0
2019-12-26 00:00:00,44.86,307.00528,993.6764,3.890636,50.268333,0.22119184,0.0
2019-12-26 01:00:00,45.32,309.5472,993.3894,3.992572,41.10687,0.0,0.0
2019-12-26 02:00:00,45.43,311.98947,992.6836,4.140372,32.713528,0.0,0.0
2019-12-26 03:00:00,45.58,314.0522,991.4949,4.221415,26.258165,0.0,0.0
2019-12-26 04:00:00,45.21,315.5065,990.3618,3.721542,21.976051,0.064752996,0.0
2019-12-26 05:00:00,44.58,316.17227,989.2358,2.9477983,19.660002,0.068068504,0.0
2019-12-26 06:00:00,43.86,316.60202,988.428,2.195853,17.990808,0.062152743,0.0
2019-12-26 07:00:00,41.93,316.19196,988.6639,2.4148347,18.571852,0.016540289,0.0
2019-12-26 08:00:00,41.51,315.82245,988.20044,1.6251605,18.585546,0.003516674,0.0
2019-12-26 09:00:00,41.06,315.16626,988.3311,1.4519147,18.937305,0.0,0.0
2019-12-26 10:00:00,40.22,314.74255,988.5332,3.6685605,19.126545,0.0016912818,0.0
2019-12-26 11:00:00,38.42,313.63678,989.0081,4.315529,20.285088,0.0,0.0
2019-12-26 12:00:00,38.14,312.9637,989.7366,3.5662143,21.724915,0.0,0.0
2019-12-26 13:00:00,38.12,311.7963,990.64154,3.5706909,24.308628,0.0,0.0
2019-12-26 14:00:00,39.05,310.25693,991.0757,4.682154,29.262756,0.0,0.0
2019-12-26 15:00:00,39.89,308.74603,990.5128,4.4395375,35.08092,0.0,0.0
2019-12-26 16:00:00,40.81,307.70044,990.08563,3.9826345,39.36115,0.0,0.0
2019-12-26 17:00:00,42.11,306.87177,989.42737,4.5683556,43.108093,0.0,0.0
2019-12-26 18:00:00,42.08,306.13367,989.0097,4.625959,46.879993,0.0,0.0
2019-12-26 19:00:00,42.06,305.1286,989.41174,4.426474,48.381462,0.0,0.0
2019-12-26 20:00:00,42.7,304.4489,989.77344,4.6279,53.87921,0.0,0.0
2019-12-26 21:00:00,44.05,303.98413,990.735,3.9523754,58.976627,0.0,0.0
2019-12-26 22:00:00,46.07,304.25903,992.0775,2.4604273,61.111134,0.0,0.0
2019-12-26 23:00:00,46.44,305.6494,992.52203,2.622966,57.1877,0.0,0.0
2019-12-27 00:00:00,46.03,307.92755,992.2459,4.1470823,48.99572,0.21672249,0.0
2019-12-27 01:00:00,44.95,310.73535,991.7544,4.943319,38.18306,0.0,0.0
2019-12-27 02:00:00,44.35,312.99323,990.95056,4.9192224,30.133945,0.0,0.0
2019-12-27 03:00:00,44.2,314.023,990.1233,5.9367023,25.331423,1.3835654,0.0
2019-12-27 04:00:00,44.19,314.18143,989.7631,7.2755423,23.13645,0.6729439,0.0
2019-12-27 05:00:00,44.09,314.12683,988.51416,4.1301546,22.486122,0.078342855,0.0
2019-12-27 06:00:00,43.73,314.11066,987.3343,2.7910204,22.009909,0.0,0.0
2019-12-27 07:00:00,42.84,315.23114,986.2354,1.9452194,22.706356,0.00325148,0.0
2019-12-27 08:00:00,40.73,315.57574,985.6972,2.2106779,21.892693,0.0,0.0
2019-12-27 09:00:00,38.81,315.37082,985.85693,2.3239076,21.768076,0.0,0.0
2019-12-27 10:00:00,40.19,315.06696,986.52124,2.127508,21.912754,0.003784895,0.0
2019-12-27 11:00:00,42.64,313.8938,987.4091,2.81599,23.54059,0.0026524067,0.0
2019-12-27 12:00:00,44.07,311.67737,989.3808,1.8679631,25.686806,0.79737604,1.0799999
2019-12-27 13:00:00,45.96,310.2427,989.5161,5.295002,29.051691,0.018149614,8.79
2019-12-27 14:00:00,47.2,309.2289,989.38495,5.631814,33.53152,0.0,8.42
2019-12-27 15:00:00,47.25,307.73706,988.69763,6.889761,39.955173,0.0,10.08
2019-12-27 16:00:00,44.91,306.30115,987.4307,8.4286995,49.478474,0.0,3.7399998
2019-12-27 17:00:00,42.52,305.51575,986.2355,7.7363396,55.77257,0.0,1.5
2019-12-27 18:00:00,40.31,305.13834,986.0105,6.468671,57.932674,0.0,1.8899999
2019-12-27 19:00:00,37.3,303.2649,987.65704,6.1644373,66.154945,0.0,0.45999998
2019-12-27 20:00:00,36.38,302.28748,988.2459,6.740724,76.34279,0.0,0.099999994
2019-12-27 21:00:00,37.17,301.873,989.2115,6.7892494,79.994354,0.0,0.22
2019-12-27 22:00:00,39.06,302.4201,989.9528,6.592235,76.23484,0.0,0.0
2019-12-27 23:00:00,39.15,304.16162,990.60736,6.8339577,64.60757,0.0,0.0
2019-12-28 00:00:00,38.33,306.5327,990.6618,6.366557,51.569122,2.9600592,0.0
2019-12-28 01:00:00,37.78,309.0226,990.20044,5.9750657,40.888916,0.0,0.0
2019-12-28 02:00:00,36.89,311.36548,989.6018,5.6793804,33.79069,0.0,0.0
2019-12-28 03:00:00,35.55,313.3989,988.49097,5.221281,28.97022,0.0,0.0
2019-12-28 04:00:00,33.94,315.13107,987.49695,4.6703076,24.82468,0.01809746,0.0
2019-12-28 05:00:00,33.24,316.52927,986.45154,3.9362574,20.983332,0.01206249,0.0
2019-12-28 06:00:00,33.1,317.0924,985.7912,2.6869957,17.24488,0.0,0.0
2019-12-28 07:00:00,33.1,316.54712,985.6185,2.619578,18.815062,0.0,0.0
2019-12-28 08:00:00,32.78,316.5266,984.98724,1.9073364,17.88136,0.0,0.0
2019-12-28 09:00:00,32.44,316.14594,985.0131,0.9199164,17.576035,0.0,0.0
2019-12-28 10:00:00,33.06,315.83105,985.8869,0.77110714,17.72612,0.0,0.0
2019-12-28 11:00:00,33.49,314.91306,986.2648,2.9144418,19.470245,0.0,0.0
2019-12-28 12:00:00,33.04,313.24802,987.20795,3.6854396,22.421228,0.34974515,0.0
2019-12-28 13:00:00,35.13,312.29236,987.4088,5.266098,23.991283,0.005096197,0.0
2019-12-28 14:00:00,37.08,310.74792,988.15326,5.9268703,27.801165,0.010579824,0.0
2019-12-28 15:00:00,39.42,308.86673,988.1119,7.581558,36.53577,0.0,0.29999998
2019-12-28 16:00:00,42.5,307.6086,987.20795,8.019036,45.39959,0.0,0.8
2019-12-28 17:00:00,46.21,306.81143,986.97577,7.109925,50.19942,0.0,0.32
2019-12-28 18:00:00,49.05,306.1765,987.25354,6.3849816,53.625996,0.0,0.0
2019-12-28 19:00:00,49.88,304.9522,988.6897,3.4537811,57.27684,0.0,1.14
2019-12-28 20:00:00,49.88,304.32147,989.71674,3.309552,60.69163,0.0,0.57
2019-12-28 21:00:00,49.71,303.8914,990.45905,3.4154325,63.46904,0.0,0.71
2019-12-28 22:00:00,49.13,304.22778,991.1408,3.8666782,63.471024,0.0,0.28
2019-12-28 23:00:00,48.92,305.5417,991.4082,4.3638883,58.235806,0.0,0.0
2019-12-29 00:00:00,52.01,307.52835,991.17377,4.606208,49.777203,0.3968954,0.0
2019-12-29 01:00:00,50.85,309.84027,990.99005,4.631831,41.446888,0.0,0.0
2019-12-29 02:00:00,48.52,311.9934,990.4847,4.31595,34.65435,0.0,0.0
2019-12-29 03:00:00,46.26,313.63257,989.9352,3.616683,29.764154,0.04360825,0.0
2019-12-29 04:00:00,45.01,314.74603,989.0578,2.5774949,25.666683,0.08711219,0.0
2019-12-29 05:00:00,44.42,315.35657,988.41766,1.9016459,24.033157,0.007674098,0.0
2019-12-29 06:00:00,44.53,315.80136,987.5145,1.4642532,22.970148,0.0042393804,0.0
2019-12-29 07:00:00,44.55,315.1875,987.02344,1.4102031,24.136047,0.023320317,0.0
2019-12-29 08:00:00,44.41,314.6039,986.5661,1.0916677,24.518303,0.10553002,0.0
2019-12-29 09:00:00,45.21,313.5259,986.99915,0.5228649,26.732073,0.17815828,0.0
2019-12-29 10:00:00,47.48,307.00226,990.14154,7.211579,48.647846,1.126185,0.0
2019-12-29 11:00:00,48.88,305.0462,991.47565,4.7249093,55.424267,0.55957144,0.0
2019-12-29 12:00:00,49.3,305.4436,991.73413,2.2262456,53.678555,0.032112002,0.0
2019-12-29 13:00:00,51.31,305.5579,991.9004,2.3453858,54.643482,0.0,0.0
2019-12-29 14:00:00,53.73,305.4917,992.2933,2.1411638,56.062454,0.0,0.0
2019-12-29 15:00:00,54.54,305.22162,991.9654,1.2826207,58.189983,0.0,0.0
2019-12-29 16:00:00,54.93,304.8325,991.95483,2.1119466,61.21897,0.0,0.0
2019-12-29 17:00:00,55.16,304.38782,991.71423,2.573804,63.986324,0.0,0.0
2019-12-29 18:00:00,55.68,304.0313,991.8218,3.3202937,65.1094,0.0,0.0
2019-12-29 19:00:00,56.27,302.9303,992.08936,5.6508403,67.9837,0.0,0.099999994
2019-12-29 20:00:00,58.35,302.17804,992.2427,6.165684,74.35229,0.0,1.65
2019-12-29 21:00:00,59.45,301.74387,992.3925,4.7878036,76.13824,0.0,4.42
2019-12-29 22:00:00,58.53,302.02524,993.2681,4.964316,73.87392,0.0,3.4699998
2019-12-29 23:00:00,56.95,303.48334,993.93506,5.3417754,67.40972,0.0,2.8799999
2019-12-30 00:00:00,52.37,305.40994,993.595,5.436421,60.541035,2.1687846,1.2099999
2019-12-30 01:00:00,50.73,307.42242,993.1117,5.0187182,53.294533,0.0,1.5999999
2019-12-30 02:00:00,47.87,309.4026,992.6301,4.2757297,45.73036,0.0,1.38
2019-12-30 03:00:00,44.76,311.05188,991.50507,3.4736469,39.644768,0.0,1.16
2019-12-30 04:00:00,42.34,312.52686,990.47797,2.7638204,34.359898,0.0,0.9499999
2019-12-30 05:00:00,41.62,313.5478,989.4867,1.9220518,29.85484,0.0,0.47999996
2019-12-30 06:00:00,41.88,314.18573,988.7053,1.4272988,27.223278,0.0,0.099999994
2019-12-30 07:00:00,42.54,310.59012,988.95526,0.998569,38.946877,0.0,0.04
2019-12-30 08:00:00,42.44,311.17825,988.46045,1.0825073,35.90839,0.0,0.0
2019-12-30 09:00:00,42.35,311.29602,988.7452,1.2906306,34.197407,0.018186867,0.06
2019-12-30 10:00:00,42.83,310.74176,989.33325,1.4051571,31.237278,0.3407225,0.0
2019-12-30 11:00:00,42.75,310.44427,989.97424,2.002691,32.663143,0.0,0.0
2019-12-30 12:00:00,43.62,308.6161,990.97125,5.5221314,38.469116,0.4004985,0.0
2019-12-30 13:00:00,45.49,305.05914,992.57874,6.9800644,55.28428,0.088110566,0.0
2019-12-30 14:00:00,45.85,304.11386,991.983,3.0954218,60.25133,0.0018626451,0.0
2019-12-30 15:00:00,45.72,304.03656,991.774,1.0531088,61.14045,0.0,0.0
2019-12-30 16:00:00,46.52,304.0921,991.5669,1.9275852,61.419147,0.0,0.0
2019-12-30 17:00:00,47.47,303.5926,991.64154,3.3066525,63.398403,0.007838011,0.0
2019-12-30 18:00:00,47.91,303.18048,991.6742,2.7533574,64.79845,0.022813678,0.0
2019-12-30 19:00:00,48.57,304.6695,990.9989,4.372005,56.481213,0.0,0.0
2019-12-30 20:00:00,50.25,303.54254,991.351,5.003538,62.916695,0.0,0.0
2019-12-30 21:00:00,51.84,302.70013,992.0687,4.4952855,69.93554,0.0,0.0
2019-12-30 22:00:00,52.11,302.6208,993.0669,5.4350543,73.07501,0.0,0.0
2019-12-30 23:00:00,51.76,303.57043,993.33563,5.2313247,69.683304,0.0,0.0
2019-12-31 00:00:00,51.7,305.45654,993.08435,4.338983,60.33673,0.8815706,0.0
2019-12-31 01:00:00,51.15,307.5303,992.8317,3.7140193,50.35943,0.0,0.0
2019-12-31 02:00:00,50.37,309.3264,992.2517,3.4224083,42.992847,0.0,0.0
2019-12-31 03:00:00,49.59,310.74832,991.40515,3.4159148,38.346207,0.015381724,0.0
2019-12-31 04:00:00,49.0,311.8824,990.7289,3.1419258,35.080833,0.021073967,0.0
2019-12-31 05:00:00,48.55,312.2384,990.0552,2.894159,34.088707,0.017672777,0.0
2019-12-31 06:00:00,47.67,312.57336,989.3102,3.639238,33.363003,0.0054240227,0.0
2019-12-31 07:00:00,48.09,313.73993,987.8488,4.0069823,28.35234,0.042118132,0.0
2019-12-31 08:00:00,48.43,313.25256,987.8783,2.56367,29.616457,0.12046099,0.0
2019-12-31 09:00:00,49.01,308.1164,990.0009,4.841704,44.072765,1.4746189,0.0
2019-12-31 10:00:00,49.94,306.44586,990.65125,4.5935597,49.819275,0.40075183,0.0
2019-12-31 11:00:00,51.24,305.87933,991.20844,5.272211,52.2034,0.0,1.47
2019-12-31 12:00:00,51.86,305.1314,991.4207,5.6384406,55.88756,0.0,2.96
2019-12-31 13:00:00,50.73,304.50763,991.9075,4.3917665,58.53722,0.0,4.14
2019-12-31 14:00:00,48.82,304.28064,992.17236,3.2260032,59.588165,0.0,1.52
2019-12-31 15:00:00,47.42,304.09576,991.90765,2.9452915,60.890926,0.0,0.55999994
2019-12-31 16:00:00,47.49,303.83356,991.64124,3.133239,62.38949,0.0,0.0
2019-12-31 17:00:00,48.57,303.5301,991.21344,3.248954,63.850315,0.0,0.0
2019-12-31 18:00:00,48.22,303.17053,991.0561,3.3913596,65.70352,0.0,0.0
2019-12-31 19:00:00,48.56,301.21033,991.52484,2.546465,73.55541,0.0,0.0
2019-12-31 20:00:00,50.82,301.06567,992.14166,2.1490633,74.253105,0.0,0.26
2019-12-31 21:00:00,53.27,300.97824,993.3261,2.1689644,75.28931,0.0,0.96
2019-12-31 22:00:00,55.16,301.25366,994.1334,2.7663453,74.59066,0.0,0.88
2019-12-31 23:00:00,55.1,302.31635,994.6267,3.1839638,71.266014,0.0,1.16
2020-01-01 00:00:00,51.03,303.86642,994.6511,2.930547,66.457214,2.0983846,0.59999996
2020-01-01 01:00:00,49.15,305.68674,994.1119,2.6669354,60.161095,0.0,0.0
2020-01-01 02:00:00,47.55,307.71945,993.4628,2.8657777,53.22873,0.0,0.0
2020-01-01 03:00:00,46.63,309.54263,992.20435,2.9715195,46.657623,0.0,0.0
2020-01-01 04:00:00,46.41,311.0077,991.3577,2.2091956,40.42533,0.0,0.0
2020-01-01 05:00:00,46.4,311.95953,990.4363,1.637605,36.926033,0.0,0.22999999
2020-01-01 06:00:00,46.1,312.3824,989.5578,1.2723563,35.07795,0.0013932586,0.0
2020-01-01 07:00:00,45.13,311.58398,989.03143,3.237474,34.320755,0.0073611736,0.0
2020-01-01 08:00:00,44.38,311.83432,988.6078,3.6832197,33.106884,0.0018402934,0.0
2020-01-01 09:00:00,44.52,311.6313,989.10297,3.5858676,33.0008,0.0,0.0
2020-01-01 10:00:00,44.97,311.12897,989.72186,3.1552827,33.596268,0.0,0.0
2020-01-01 11:00:00,46.3,310.59592,990.4975,3.640256,34.61355,0.0027120113,0.0
2020-01-01 12:00:00,47.24,309.57446,991.67346,3.6901982,37.128315,0.0,0.0
2020-01-01 13:00:00,47.78,308.732,992.3671,3.9040895,39.909477,0.020608306,0.0
2020-01-01 14:00:00,48.08,307.71765,992.7399,4.388676,43.357883,0.0123381615,0.0
2020-01-01 15:00:00,48.45,306.98993,992.4874,3.4029045,46.54396,0.0,0.0
2020-01-01 16:00:00,48.49,305.6696,992.3903,4.2957025,53.117603,0.03361702,0.0
2020-01-01 17:00:00,49.22,303.73584,992.2751,5.5100026,62.333973,0.0,0.0
2020-01-01 18:00:00,49.32,301.77667,992.3583,6.2200117,71.03476,0.0,0.0
2020-01-01 19:00:00,49.7,304.96356,991.8667,2.344386,54.989105,0.0,0.0
2020-01-01 20:00:00,50.81,304.536,992.39825,2.0375202,57.11211,0.0,0.0
2020-01-01 21:00:00,52.05,304.21576,993.4319,2.3698452,58.51854,0.0,0.0
2020-01-01 22:00:00,52.87,304.27814,994.15656,3.421168,58.418095,0.0,0.0
2020-01-01 23:00:00,52.99,305.13586,994.5118,4.5716586,56.566845,0.0,0.0
2020-01-02 00:00:00,51.08,306.33835,994.6216,4.255357,53.265667,0.08201003,0.0
2020-01-02 01:00:00,51.18,307.39838,994.34406,2.7706482,49.58872,0.0,0.0
2020-01-02 02:00:00,50.93,308.74603,994.03735,1.5635738,44.740925,0.020261854,0.0
2020-01-02 03:00:00,49.94,310.11612,992.9439,0.9222461,40.007175,0.018429011,0.0
2020-01-02 04:00:00,48.44,311.43167,991.7136,1.069255,36.40338,0.013716519,0.0
2020-01-02 05:00:00,48.42,312.2391,990.6411,2.0998867,34.187103,0.18578023,0.0
2020-01-02 06:00:00,49.72,312.41565,989.8546,2.8163414,32.902782,0.056400895,0.0
2020-01-02 07:00:00,51.96,309.5058,989.0979,1.9054646,38.81815,1.1415511,0.0
2020-01-02 08:00:00,52.98,308.31903,989.04565,5.721211,45.937614,0.6096214,0.0
2020-01-02 09:00:00,53.68,306.6679,989.6936,5.6532483,53.888012,0.0,0.16
2020-01-02 10:00:00,53.37,306.40204,990.4839,4.7269235,55.442345,0.0,0.0
2020-01-02 11:00:00,53.47,305.90048,991.41187,4.785894,58.249355,0.0,0.0
2020-01-02 12:00:00,55.4,304.8971,992.0879,5.637815,62.36232,0.0,0.43
2020-01-02 13:00:00,56.93,303.91895,992.2976,4.6083636,65.982056,0.0,1.0799999
2020-01-02 14:00:00,57.04,303.55103,992.7481,3.8904612,67.60654,0.0,2.52
2020-01-02 15:00:00,55.65,303.26642,992.7584,3.0266085,69.20484,0.0,1.2
2020-01-02 16:00:00,52.86,302.9273,992.3289,2.5814466,71.16528,0.0,0.0
2020-01-02 17:00:00,50.98,302.5129,991.87555,2.33611,73.23694,0.33439696,0.0
2020-01-02 18:00:00,50.14,300.7994,991.5771,1.6219172,81.659004,7.3925257,0.0
2020-01-02 19:00:00,50.24,301.29745,990.73846,1.8401396,80.39125,0.0,0.0
2020-01-02 20:00:00,50.66,301.04755,991.2179,2.2335672,82.51749,0.0,0.12
2020-01-02 21:00:00,50.41,300.79807,991.5645,2.7944663,84.03248,0.0,0.0
2020-01-02 22:00:00,49.56,300.9273,992.1277,2.7651968,82.50964,0.0,0.0
2020-01-02 23:00:00,49.72,301.9804,992.4819,2.5048826,75.82832,0.0,0.0
2020-01-03 00:00:00,50.89,303.26874,992.04834,1.6630287,68.457436,9.782272,0.0
2020-01-03 01:00:00,50.61,304.65607,991.71344,0.7427758,61.953842,0.0,0.0
2020-01-03 02:00:00,49.77,306.0133,991.27716,0.9062975,56.64315,0.0021345913,0.0
2020-01-03 03:00:00,49.18,307.19208,990.35046,1.1603779,53.39166,0.025115907,0.0
2020-01-03 04:00:00,49.83,308.17023,989.3286,1.0875672,50.674152,0.016558915,0.0
2020-01-03 05:00:00,50.53,308.65582,988.54065,1.3877403,47.711815,0.056289136,0.089999996
2020-01-03 06:00:00,51.23,309.02472,987.2099,2.042295,45.342564,0.0052452087,0.0
2020-01-03 07:00:00,52.42,309.86017,986.1942,1.7441121,39.77365,0.0017613202,1.56
2020-01-03 08:00:00,52.68,309.7224,986.0181,1.312711,39.96352,0.27864724,1.23
2020-01-03 09:00:00,52.3,308.7884,986.38275,3.6302226,42.506184,0.3970414,2.21
2020-01-03 10:00:00,52.68,304.63562,988.40607,7.0410233,59.80608,1.5847237,2.57
2020-01-03 11:00:00,53.86,303.65668,988.7784,3.8076546,64.93728,0.0,0.81999993
2020-01-03 12:00:00,54.29,303.63855,988.82697,3.0035357,65.78905,0.0,0.0
2020-01-03 13:00:00,55.4,303.39716,989.3795,3.0736203,68.19058,0.0,0.93999994
2020-01-03 14:00:00,55.83,303.15985,989.72424,3.6591613,70.52222,0.0,0.17
2020-01-03 15:00:00,55.76,302.8819,989.4303,3.5882585,73.500916,0.0,0.0
2020-01-03 16:00:00,55.79,302.52203,988.8055,3.9513566,76.50655,0.0,0.0
2020-01-03 17:00:00,55.68,301.9976,988.36383,4.1240253,80.07721,0.0,0.0
2020-01-03 18:00:00,54.99,301.59637,988.41486,4.052631,82.79421,0.0,0.0
2020-01-03 19:00:00,54.77,301.87872,988.10657,3.3427749,81.83358,0.0,0.0
2020-01-03 20:00:00,55.59,301.3769,988.38837,3.464356,84.76603,0.0017881393,0.0
2020-01-03 21:00:00,56.51,300.93555,989.3092,3.2598329,85.303406,0.382483,0.0
2020-01-03 22:00:00,56.36,300.12674,990.15814,2.9685106,84.55734,3.123641,0.0
2020-01-03 23:00:00,55.54,299.59802,991.0143,2.6104774,86.06833,2.6270444,0.0
2020-01-04 00:00:00,56.05,300.65356,990.73486,1.7981471,80.68141,8.742278,0.0
2020-01-04 01:00:00,56.19,302.28607,990.4907,0.9590988,75.4855,0.0,0.0
2020-01-04 02:00:00,56.49,303.73517,990.03955,0.31384447,71.09668,0.029960647,0.0
2020-01-04 03:00:00,56.23,305.15778,989.22174,1.2686784,66.86807,0.017978251,0.14
2020-01-04 04:00:00,56.38,306.3568,988.413,1.8429499,59.48432,0.0034309924,6.5099998
2020-01-04 05:00:00,56.67,307.23297,987.32153,1.9389938,52.827637,0.0051259995,4.38
2020-01-04 06:00:00,57.18,307.92285,986.47,2.2358708,49.06064,0.02386421,1.69
2020-01-04 07:00:00,56.33,303.6913,987.23016,6.955872,66.31717,2.8475075,0.41
2020-01-04 08:00:00,56.29,303.10162,986.5602,5.3954377,68.010864,0.18558651,0.29
2020-01-04 09:00:00,56.52,303.08545,986.9378,3.4351041,67.623375,0.033654273,0.22999999
2020-01-04 10:00:00,56.06,302.8564,987.60986,1.7095611,68.23004,0.0029951334,0.099999994
2020-01-04 11:00:00,56.69,302.7541,988.3658,0.84565645,69.62882,0.0,0.11
2020-01-04 12:00:00,57.28,302.48938,989.0447,0.77757806,74.58225,0.0,0.11
2020-01-04 13:00:00,56.87,302.5172,989.48,1.2871914,71.84288,0.0,0.24
2020-01-04 14:00:00,56.18,302.18604,989.6345,2.0196733,74.46225,0.0,0.22
2020-01-04 15:00:00,55.83,301.89047,989.2441,2.4573665,74.93434,0.0,0.0
2020-01-04 16:00:00,55.05,301.372,988.5466,2.9323316,75.70035,0.007674098,0.0
2020-01-04 17:00:00,55.13,300.82086,988.4936,2.9226475,76.99186,0.083900526,0.0
2020-01-04 18:00:00,55.72,300.25912,988.74744,1.4364964,80.93198,0.11766073,0.089999996
2020-01-04 19:00:00,55.88,300.60327,988.64087,4.104837,75.2938,0.033931807,0.0
2020-01-04 20:00:00,55.58,300.53992,988.9341,4.709321,73.963684,0.0105041545,0.0
2020-01-04 21:00:00,54.83,300.2803,989.3734,5.157478,73.18325,0.017808052,0.0
2020-01-04 22:00:00,54.5,300.28552,990.28424,5.3610067,72.14847,0.6603324,0.0
2020-01-04 23:00:00,53.95,300.8457,990.4842,5.533454,69.54873,0.018537045,0.11
2020-01-05 00:00:00,50.97,300.8355,991.0577,5.2822328,70.16653,4.76544,0.0
2020-01-05 01:00:00,50.9,301.8226,990.3583,5.8358445,66.08791,0.0,0.0
2020-01-05 02:00:00,50.98,303.4103,989.39795,6.19922,59.41233,0.0021196902,1.3399999
2020-01-05 03:00:00,51.13,305.8337,988.628,6.6658206,51.220108,0.0,0.0
2020-01-05 04:00:00,51.68,307.23376,988.18,6.3503466,47.63223,0.007674098,0.03
2020-01-05 05:00:00,53.51,306.88538,987.59064,5.657654,46.850853,0.03167987,0.04
2020-01-05 06:00:00,55.65,306.84354,986.97546,4.6603456,47.072685,0.014960766,0.049999997
2020-01-05 07:00:00,57.01,306.84906,985.7049,4.680834,48.317207,0.017508864,0.06
2020-01-05 08:00:00,58.05,302.09723,987.1637,6.267059,69.719864,2.0378754,0.22
2020-01-05 09:00:00,59.49,301.05774,987.2647,1.7048974,74.87578,1.5494823,4.5699997
2020-01-05 10:00:00,62.02,300.86993,988.09686,1.3729953,77.31554,0.25206804,5.98
2020-01-05 11:00:00,63.63,300.64404,988.8711,1.9129132,78.94235,0.6200522,3.94
2020-01-05 12:00:00,64.25,300.4743,989.8159,1.5966501,79.61957,0.92333835,2.8600001
2020-01-05 13:00:00,62.9,300.25708,989.6125,3.2510629,81.814575,0.553444,1.9300001
2020-01-05 14:00:00,61.82,300.1301,989.2329,4.664998,82.38617,0.14944375,1.18
2020-01-05 15:00:00,61.22,299.88583,988.28687,4.4825425,84.004555,0.0021457672,1.69
2020-01-05 16:00:00,61.36,299.7786,987.73517,3.7376568,84.302414,0.0,1.83
2020-01-05 17:00:00,60.75,299.858,987.3116,3.797918,83.620155,0.026017427,0.0
2020-01-05 18:00:00,60.52,300.06604,987.2623,4.1508904,82.353745,0.06714463,3.6799998
2020-01-05 19:00:00,60.46,299.42004,987.40466,2.262611,83.06011,0.8921921,3.08
2020-01-05 20:00:00,60.76,299.25302,987.86597,3.0319283,81.76172,1.5014112,2.36
2020-01-05 21:00:00,61.97,298.99677,988.0073,4.1097746,82.1233,1.6772207,3.7399998
2020-01-05 22:00:00,61.39,298.8172,988.60846,5.0803533,82.6026,1.1488963,0.87
2020-01-05 23:00:00,60.93,299.09378,988.95526,5.51267,81.6293,0.9671701,1.5
2020-01-06 00:00:00,61.72,299.3104,989.0411,5.761675,82.983315,13.611889,3.57
2020-01-06 01:00:00,61.51,300.00876,988.9856,5.9671636,81.690735,0.0,4.87
2020-01-06 02:00:00,61.01,300.58542,988.6675,6.9521008,79.82808,0.62428975,2.6499999
2020-01-06 03:00:00,59.27,300.75,987.87115,7.9632616,77.66777,0.85201675,3.6
2020-01-06 04:00:00,58.42,301.465,986.90936,8.441709,75.929276,0.9907968,2.55
2020-01-06 05:00:00,59.91,301.21558,986.4797,8.127872,78.1978,0.8255616,2.6299999
2020-01-06 06:00:00,61.5,301.27838,985.6864,7.370076,77.928024,0.8059144,1.66
2020-01-06 07:00:00,61.48,300.88452,985.0712,6.038892,81.11516,0.83494186,2.76
2020-01-06 08:00:00,61.07,301.06445,985.0089,6.066427,80.96454,0.91481954,3.07
2020-01-06 09:00:00,60.91,300.7386,985.4897,6.730174,79.38629,2.9260144,0.42
2020-01-06 10:00:00,60.88,300.0936,986.55273,7.022274,81.00781,1.9521518,0.12
2020-01-06 11:00:00,61.3,299.68484,987.07135,6.911729,81.56548,0.9374693,0.53
2020-01-06 12:00:00,61.71,299.57068,987.43304,7.284519,82.45847,0.5748719,0.98
2020-01-06 13:00:00,62.11,299.63788,987.6061,7.5608664,81.77222,0.36783516,1.28
2020-01-06 14:00:00,62.55,299.61432,987.5087,7.7395363,81.51682,0.060595572,1.42
2020-01-06 15:00:00,63.43,299.55176,986.8809,7.8913527,81.3489,0.048696995,3.4499998
2020-01-06 16:00:00,62.76,299.49097,986.2864,7.9748416,81.21497,0.05635619,5.6899996
2020-01-06 17:00:00,61.37,299.40912,985.69196,7.7623878,81.39648,0.02810359,7.41
2020-01-06 18:00:00,59.87,299.4127,985.3242,7.4254336,81.73998,0.014513731,8.96
2020-01-06 19:00:00,60.43,298.9428,984.7037,8.658811,81.649216,3.5940418,8.75
2020-01-06 20:00:00,60.07,298.50012,985.03485,8.562402,84.799866,3.841132,8.8
2020-01-06 21:00:00,58.92,298.4909,985.71436,8.387401,85.1509,3.2714605,8.38
2020-01-06 22:00:00,59.33,298.5231,986.3153,8.750346,85.557594,2.7115047,9.82
2020-01-06 23:00:00,59.97,298.61575,986.8139,8.861127,85.78103,4.1812954,7.55
2020-01-07 00:00:00,61.38,299.35168,986.9283,8.292998,83.86494,33.791084,9.969999
2020-01-07 01:00:00,61.96,300.1702,986.786,7.28929,83.215576,0.0,4.8
2020-01-07 02:00:00,62.69,301.13196,986.46674,8.753549,77.97977,0.15676208,3.83
2020-01-07 03:00:00,63.51,302.11746,985.6323,9.370384,72.65294,0.01748465,5.6499996
2020-01-07 04:00:00,63.9,303.99823,984.93896,11.182767,64.23905,0.040065497,5.24
2020-01-07 05:00:00,63.61,304.0675,984.15546,9.657551,64.89984,0.033486634,4.52
2020-01-07 06:00:00,62.91,304.1809,983.98914,8.760508,65.509125,0.101700425,3.3
2020-01-07 07:00:00,63.34,301.69263,984.55896,7.2739367,76.36364,0.61801076,0.11
2020-01-07 08:00:00,63.11,301.86807,984.4161,6.190438,77.52916,0.44608116,1.22
2020-01-07 09:00:00,63.27,301.29218,985.7553,7.0916433,79.223465,1.5001967,0.55
2020-01-07 10:00:00,63.92,300.47174,985.9861,6.395468,80.96103,0.5314797,0.59000003
2020-01-07 11:00:00,64.12,300.05505,986.90814,5.8457375,82.1098,0.15268475,0.74
2020-01-07 12:00:00,63.97,299.9348,987.52905,5.501301,81.68416,0.017017126,0.57
2020-01-07 13:00:00,65.15,299.79913,988.0438,5.5991282,81.52347,0.0029802322,2.02
2020-01-07 14:00:00,65.44,299.57544,988.55365,5.566374,81.8199,0.0,2.4299998
2020-01-07 15:00:00,65.3,299.35742,988.28656,5.4182725,82.45418,0.0,0.6
2020-01-07 16:00:00,65.54,299.2047,987.8501,5.0984955,83.24273,0.0,0.65999997
2020-01-07 17:00:00,65.56,299.133,987.54156,4.8154163,83.874626,0.0,0.0
2020-01-07 18:00:00,64.41,299.0961,987.41724,4.7425814,84.4189,0.0,0.0
2020-01-07 19:00:00,64.08,299.02222,986.52515,5.6106195,85.882416,0.038444996,0.0
2020-01-07 20:00:00,63.8,299.05518,987.1161,5.3598747,86.04296,0.017911196,0.0
2020-01-07 21:00:00,63.18,299.0819,987.8895,4.860131,86.03611,0.024795532,0.0
2020-01-07 22:00:00,62.43,299.35867,988.5084,4.7017007,85.51363,0.031977892,0.0
2020-01-07 23:00:00,62.04,300.41046,989.0549,5.160862,81.556305,0.035330653,0.0
2020-01-08 00:00:00,64.11,301.53488,988.976,6.655096,75.84441,4.3769927,0.0
2020-01-08 01:00:00,64.32,302.50302,989.11865,5.970694,73.94753,0.0,0.0
2020-01-08 02:00:00,63.99,303.5308,989.2062,5.5805874,71.44808,0.07552095,0.0
2020-01-08 03:00:00,63.23,303.95807,988.2672,5.4358387,69.67674,0.06587058,0.0
2020-01-08 04:00:00,62.9,304.58472,987.59106,5.211508,68.11689,0.055268407,0.0
2020-01-08 05:00:00,63.05,305.84848,986.3172,5.4598,61.67182,0.04106015,0.0
2020-01-08 06:00:00,63.12,302.71857,986.5891,6.993506,73.305016,1.1165068,0.0
2020-01-08 07:00:00,62.19,302.7298,986.48773,4.1477914,73.889336,0.22800267,0.02
2020-01-08 08:00:00,61.46,301.82077,986.8692,4.1236763,75.68729,1.5385375,0.0
2020-01-08 09:00:00,59.6,301.4085,986.9561,3.0871797,77.66195,0.8605346,0.0
2020-01-08 10:00:00,59.07,300.8275,987.4614,2.435716,82.44072,0.5907044,0.0
2020-01-08 11:00:00,60.23,300.52466,988.38,2.4462116,84.44016,0.50765276,0.42
2020-01-08 12:00:00,61.63,300.38345,989.45056,2.6454456,84.67848,1.2736768,0.25
2020-01-08 13:00:00,61.66,300.2256,989.9231,2.915909,85.39401,0.7130876,1.04
2020-01-08 14:00:00,61.13,300.01624,990.3677,2.8980923,85.99936,0.83197653,1.11
2020-01-08 15:00:00,60.4,299.77014,990.0428,3.186956,86.744484,0.5072728,0.17999999
2020-01-08 16:00:00,60.41,299.44684,989.5578,3.3871634,87.54645,0.36552548,0.0
2020-01-08 17:00:00,59.93,299.12946,988.77893,3.2113063,88.46274,0.5763173,0.0
2020-01-08 18:00:00,59.33,298.90567,988.7622,2.9998612,89.15705,0.0029802322,0.0
2020-01-08 19:00:00,58.62,298.89224,988.1842,2.9997625,88.528534,0.0,0.0
2020-01-08 20:00:00,57.61,298.68805,988.7815,2.8515136,89.37924,0.0,0.0
2020-01-08 21:00:00,56.6,298.43954,989.0656,2.693179,90.45723,0.0,0.0
2020-01-08 22:00:00,56.03,298.8316,989.6926,2.709383,90.00371,0.0,0.0
2020-01-08 23:00:00,55.63,300.0181,990.2232,3.7710338,84.28355,0.0,0.0
2020-01-09 00:00:00,55.35,301.4141,989.96014,5.4002533,77.29065,9.365067,0.0
2020-01-09 01:00:00,55.08,302.74335,990.0641,5.3946576,70.91691,0.0,0.0
2020-01-09 02:00:00,54.72,303.91003,989.65454,5.2335744,65.42382,0.0,0.0
2020-01-09 03:00:00,53.96,304.55237,989.1511,4.6835904,62.640835,0.039938837,0.0
2020-01-09 04:00:00,53.17,304.89154,988.48236,4.107887,61.426746,0.08229166,0.0
2020-01-09 05:00:00,52.82,305.62738,987.84625,3.420279,59.75341,0.027045608,0.0
2020-01-09 06:00:00,52.83,305.8307,987.2054,2.933613,59.160305,0.036910176,0.0
2020-01-09 07:00:00,53.8,306.99402,985.6686,3.5116587,56.434395,0.003412366,0.0
2020-01-09 08:00:00,54.42,306.95352,985.76404,3.7609353,56.432503,0.007249415,0.0
2020-01-09 09:00:00,54.19,306.09467,986.0203,3.7504394,60.049755,0.1109764,0.0
2020-01-09 10:00:00,54.63,304.63712,986.9431,4.0706663,68.77161,0.0,0.0
2020-01-09 11:00:00,55.45,302.88333,987.56244,4.263607,76.32509,0.013560057,0.0
2020-01-09 12:00:00,57.06,302.1076,988.39526,3.7453122,79.71378,0.02382099,0.0
2020-01-09 13:00:00,57.67,301.60193,989.24,3.308544,81.72922,0.0,0.0
2020-01-09 14:00:00,59.64,301.10046,989.39435,3.1098719,83.59195,0.0,11.17
2020-01-09 15:00:00,61.23,300.6568,989.1284,3.3773715,85.115234,0.0,5.3
2020-01-09 16:00:00,61.98,300.18594,988.4397,3.4579291,87.02778,0.0,1.5999999
2020-01-09 17:00:00,62.22,299.76,987.7377,3.1989596,89.0875,0.0,2.56
2020-01-09 18:00:00,60.99,299.41003,987.43195,2.6344106,90.92243,0.0,0.39999998
2020-01-09 19:00:00,59.63,299.7488,987.5076,2.9915326,90.34977,0.0,0.0
2020-01-09 20:00:00,58.34,299.57285,987.79443,2.58546,91.450325,0.0,0.0
2020-01-09 21:00:00,57.24,299.34198,987.8699,2.1946726,92.67002,0.0,0.0
2020-01-09 22:00:00,56.96,299.67444,988.97217,2.0870907,91.63996,0.0,0.0
2020-01-09 23:00:00,56.78,300.79257,989.3497,3.4590032,85.43904,0.0,0.0
2020-01-10 00:00:00,56.34,301.87366,989.52704,3.151119,78.27468,0.3510058,0.0
2020-01-10 01:00:00,55.85,303.11978,989.7352,2.5141575,70.90385,0.0,0.0
2020-01-10 02:00:00,55.4,304.08447,989.19366,1.8614947,66.99165,0.009864569,0.0
2020-01-10 03:00:00,55.25,304.78934,988.598,1.5094347,64.32336,0.005610287,0.0
2020-01-10 04:00:00,54.98,305.32114,987.99524,1.520311,63.619186,0.0038594007,0.0
2020-01-10 05:00:00,54.42,306.21185,987.2528,1.6135181,61.90862,0.0,0.0
2020-01-10 06:00:00,52.65,306.81036,986.34485,1.8877479,58.07808,0.0,0.0
2020-01-10 07:00:00,51.76,307.37524,986.15424,2.7761946,54.57287,0.0,0.0
2020-01-10 08:00:00,52.16,306.9674,985.99915,2.2467947,55.365234,0.0,0.12
2020-01-10 09:00:00,54.71,306.64807,986.1682,1.3665437,56.179756,0.0,1.05
2020-01-10 10:00:00,57.73,305.74188,987.0698,0.6124011,63.212437,0.03118813,0.35
2020-01-10 11:00:00,59.06,304.6185,987.9428,1.236046,72.43878,0.0085532665,0.0
2020-01-10 12:00:00,59.85,303.82983,987.9853,2.0315435,77.00773,0.0,0.0
2020-01-10 13:00:00,61.14,303.1947,988.3536,2.161845,80.26552,0.0,0.0
2020-01-10 14:00:00,61.67,302.54102,988.71893,2.9093294,82.28831,0.0,0.0
2020-01-10 15:00:00,61.23,301.58942,988.5326,3.3749914,85.83098,0.0,0.0
2020-01-10 16:00:00,60.15,300.79895,988.04266,3.7064583,88.5094,0.0,0.0
2020-01-10 17:00:00,58.5,300.18106,987.46484,3.5241203,90.072014,0.0,0.0
2020-01-10 18:00:00,56.23,299.90033,987.59033,2.624385,90.66091,0.0,0.0
2020-01-10 19:00:00,52.92,300.48163,987.9778,2.204911,91.62131,0.1642257,0.0
2020-01-10 20:00:00,51.17,300.0971,988.11615,1.1427996,92.77882,0.2580583,0.0
2020-01-10 21:00:00,50.55,299.89032,988.585,0.47433332,94.338585,0.1643002,0.0
2020-01-10 22:00:00,49.93,300.37134,989.27014,1.8592085,90.43461,0.0,0.0
2020-01-10 23:00:00,48.93,301.4579,989.1822,2.628153,84.18218,0.0,0.19999999
2020-01-11 00:00:00,50.76,302.85938,989.1157,2.2022967,78.23812,0.6556064,0.0
2020-01-11 01:00:00,51.34,304.16675,989.1705,2.034887,73.67351,0.0,0.0
2020-01-11 02:00:00,51.89,305.77985,988.40466,3.28404,67.56908,0.0015608966,0.0
2020-01-11 03:00:00,51.67,307.0016,987.8606,3.3681283,61.33178,0.0,0.13
2020-01-11 04:00:00,51.3,307.8722,986.7375,3.4766839,57.735687,0.0,0.0
2020-01-11 05:00:00,50.34,308.4107,985.8931,3.495861,54.880558,0.0,0.0
2020-01-11 06:00:00,49.38,308.86047,985.5312,3.4767625,52.35408,0.0,0.0
2020-01-11 07:00:00,46.14,309.72446,984.6169,5.1332545,46.90009,0.0,0.0
2020-01-11 08:00:00,43.75,309.7064,984.5758,4.7806883,43.401424,0.10641664,0.0
2020-01-11 09:00:00,43.33,309.54462,984.5318,3.3534944,44.483433,0.010699034,0.0
2020-01-11 10:00:00,44.18,308.12622,985.3176,2.484975,52.83258,0.0,0.0
2020-01-11 11:00:00,44.35,305.83145,985.9172,2.100903,64.5559,0.0,0.0
2020-01-11 12:00:00,43.39,305.71118,986.5648,0.87638474,59.684544,0.0,0.0
2020-01-11 13:00:00,42.81,304.62692,986.8722,3.4867618,62.92179,0.0,0.0
2020-01-11 14:00:00,42.39,303.23828,987.4779,4.454231,67.79738,0.0,0.0
2020-01-11 15:00:00,41.83,302.06036,987.391,2.8939292,74.15755,0.0,0.0
2020-01-11 16:00:00,41.04,301.213,987.08844,1.1209521,81.35012,0.0,0.0
2020-01-11 17:00:00,40.47,301.08374,986.7661,1.0590374,82.095764,0.0,0.0
2020-01-11 18:00:00,40.26,301.7842,986.5609,0.4225094,74.59577,0.0,0.0
2020-01-11 19:00:00,40.18,300.24313,986.6012,2.326905,81.56131,0.0,0.0
2020-01-11 20:00:00,39.96,299.91986,987.15607,2.3670871,83.97985,0.0,0.0
2020-01-11 21:00:00,39.75,299.6448,987.6555,2.4798768,85.09683,0.0,0.0
2020-01-11 22:00:00,39.73,299.96545,988.11163,2.605477,84.05689,0.0,0.0
2020-01-11 23:00:00,39.58,301.66995,988.6507,4.090035,73.84231,0.0,0.0
2020-01-12 00:00:00,44.79,303.01968,988.618,5.3258486,67.66288,0.12001395,0.0
2020-01-12 01:00:00,46.35,304.3731,988.52924,5.8577876,63.29758,0.0,0.0
2020-01-12 02:00:00,48.11,305.85443,988.0886,6.015381,58.43041,0.0,0.0
2020-01-12 03:00:00,49.15,307.43542,987.11084,6.3036385,53.01292,0.0,0.0
2020-01-12 04:00:00,49.43,308.75708,986.16956,7.110634,47.112698,0.00873208,0.0
2020-01-12 05:00:00,48.35,309.64392,985.2646,7.5394077,41.313866,0.0,0.0
2020-01-12 06:00:00,46.68,310.14792,984.4794,7.5230713,38.199272,0.0,0.0
2020-01-12 07:00:00,43.22,311.57495,983.59174,8.511425,30.698978,0.0,0.0
2020-01-12 08:00:00,40.5,311.222,983.18884,7.6398907,32.71744,0.0,0.0
2020-01-12 09:00:00,39.58,310.29892,983.9462,6.5416346,36.22484,0.0,0.0
2020-01-12 10:00:00,39.96,308.02985,984.6268,5.9652357,41.9988,0.0,0.0
2020-01-12 11:00:00,41.75,306.03247,986.02344,5.853174,48.492077,0.0,0.0
2020-01-12 12:00:00,43.36,304.836,986.945,6.2126017,54.21183,0.0,0.0
2020-01-12 13:00:00,44.24,304.09155,987.78186,6.295192,58.83801,0.0,0.0
2020-01-12 14:00:00,43.87,303.2149,988.16876,6.2875624,63.172626,0.0,0.0
2020-01-12 15:00:00,43.09,302.52612,988.34717,6.218903,66.809395,0.0,0.0
2020-01-12 16:00:00,42.3,301.922,987.9556,5.8163824,70.32131,0.0,0.0
2020-01-12 17:00:00,41.93,301.41125,988.0147,4.9251904,73.8063,0.0,0.0
2020-01-12 18:00:00,41.59,300.81647,987.86224,3.896661,77.68141,0.0,0.0
2020-01-12 19:00:00,41.65,300.75903,987.41376,5.0556483,76.708725,0.0,0.0
2020-01-12 20:00:00,41.41,300.39157,987.66077,4.565731,78.97156,0.0,0.0
2020-01-12 21:00:00,41.23,300.03943,988.11743,4.0174108,80.74988,0.0,0.0
2020-01-12 22:00:00,42.31,300.2318,989.35205,3.5168688,80.63892,0.0,0.0
2020-01-12 23:00:00,43.76,301.55444,989.83484,4.6396794,73.77359,0.0,0.0
2020-01-13 00:00:00,45.05,303.19214,990.4231,4.7532015,67.18729,0.00873208,0.0
2020-01-13 01:00:00,45.32,304.89282,989.9395,4.4968243,60.708828,0.0,0.0
2020-01-13 02:00:00,45.65,306.69147,989.35175,4.36458,53.68544,0.0,0.0
2020-01-13 03:00:00,45.71,308.33405,988.4875,4.2161064,47.057198,0.0,0.0
2020-01-13 04:00:00,44.94,309.74976,987.7537,3.891483,41.535538,0.0,0.0
2020-01-13 05:00:00,44.63,310.83603,987.2617,3.6518402,37.48008,0.0,0.0
2020-01-13 06:00:00,44.76,311.41406,986.8091,3.155317,34.17159,0.006392598,0.0
2020-01-13 07:00:00,44.51,311.55722,986.44604,3.0774639,29.983442,0.0,0.0
2020-01-13 08:00:00,44.64,311.71375,986.2265,3.2208607,28.887442,0.0,0.0
2020-01-13 09:00:00,46.74,308.36884,986.9942,7.4915333,43.14669,0.0,0.0
2020-01-13 10:00:00,48.37,304.78522,988.4986,8.298524,61.423176,0.0,0.0
2020-01-13 11:00:00,49.38,304.02942,989.4715,5.909544,65.01199,0.0,0.0
2020-01-13 12:00:00,50.76,303.3816,990.6548,4.9579372,68.213425,0.0,0.0
2020-01-13 13:00:00,51.1,302.7975,991.6848,4.101681,71.64957,0.0,0.0
2020-01-13 14:00:00,53.01,302.21332,992.4235,4.0584664,74.61157,0.0,0.64
2020-01-13 15:00:00,54.04,301.61627,992.21545,4.1079707,77.29914,0.0,1.3199999
2020-01-13 16:00:00,54.18,301.06152,992.1689,4.1892934,79.87162,0.0,0.0
2020-01-13 17:00:00,53.0,300.52234,991.9952,4.03593,82.55379,0.0,0.0
2020-01-13 18:00:00,52.8,300.13214,991.8449,3.527585,84.54356,0.0,0.0
2020-01-13 19:00:00,52.46,300.1582,991.46954,3.6619291,84.37499,0.0,0.0
2020-01-13 20:00:00,52.49,299.83783,991.71954,2.8817508,86.23044,0.0,0.0
2020-01-13 21:00:00,53.01,299.6477,992.84045,2.159812,87.71656,0.0,0.0
2020-01-13 22:00:00,52.33,299.94235,993.6428,2.6092026,86.045654,0.0,0.0
2020-01-13 23:00:00,52.67,300.98358,993.7581,2.7361102,80.4577,0.0,0.0
2020-01-14 00:00:00,54.52,302.4674,994.2623,1.6207267,73.33443,0.019451976,0.0
2020-01-14 01:00:00,54.7,303.6619,994.18634,1.3375183,67.36065,0.061988458,0.0
2020-01-14 02:00:00,55.3,305.36896,993.4442,2.5043154,60.502426,0.0,0.03
2020-01-14 03:00:00,54.96,306.77594,992.41284,2.9453652,55.130653,0.005526468,5.1899996
2020-01-14 04:00:00,53.64,308.20074,991.4659,2.8787026,49.40867,0.009421259,0.53
2020-01-14 05:00:00,51.99,309.15796,990.6622,2.6405487,45.472084,0.0130832195,0.0
2020-01-14 06:00:00,49.53,309.74713,989.51294,2.5497308,42.955555,0.009573996,0.0
2020-01-14 07:00:00,47.44,309.52164,989.34174,2.3464384,42.420567,0.040225685,0.0
2020-01-14 08:00:00,45.79,309.80353,988.7653,3.1773684,41.222076,0.015474856,0.0
2020-01-14 09:00:00,45.61,309.38037,988.7975,3.1787293,41.958767,0.033281744,0.0
2020-01-14 10:00:00,45.63,308.66016,989.3196,3.1416748,42.785244,0.0,0.0
2020-01-14 11:00:00,45.82,307.5094,989.8385,3.2597053,48.391636,0.0,0.0
2020-01-14 12:00:00,46.09,306.68555,990.6983,3.1825814,52.209454,0.00513345,0.0
2020-01-14 13:00:00,47.22,305.04074,991.9882,2.0233905,59.643192,0.3130585,0.0
2020-01-14 14:00:00,48.6,302.82562,992.8231,3.0574214,68.98474,1.7874092,0.0
2020-01-14 15:00:00,48.87,302.00555,992.3206,1.0084431,73.03153,0.5463958,0.08
2020-01-14 16:00:00,50.45,301.95557,991.3066,1.1410362,72.99986,0.0,0.0
2020-01-14 17:00:00,52.1,301.9855,990.79846,2.4194453,73.68214,0.0,0.0
2020-01-14 18:00:00,53.0,301.95953,990.79407,3.6127357,75.32495,0.0016987324,0.0
2020-01-14 19:00:00,52.59,302.23926,990.83325,3.7063155,73.15511,0.0,0.0
2020-01-14 20:00:00,51.82,301.7586,991.2903,3.665307,76.01639,0.0,0.0
2020-01-14 21:00:00,51.0,301.31418,991.9118,3.3769207,78.724915,0.0,0.0
2020-01-14 22:00:00,50.61,301.47638,992.6052,2.9391167,79.09422,0.0,0.0
2020-01-14 23:00:00,50.54,303.1322,992.8002,3.1568925,70.71756,0.0,0.0
2020-01-15 00:00:00,52.34,305.01324,992.79126,2.669317,61.890667,2.8617382,0.0
2020-01-15 01:00:00,53.76,306.72345,992.4509,2.2746313,55.45982,0.0,0.0
2020-01-15 02:00:00,54.73,308.4237,991.8764,2.9714596,49.103916,0.0056922436,0.0
2020-01-15 03:00:00,54.45,309.68384,990.96375,3.768045,44.451664,0.028539449,0.0
2020-01-15 04:00:00,53.24,310.43738,990.1878,3.5539603,41.86747,0.05432591,0.0
2020-01-15 05:00:00,51.05,311.1451,989.41846,3.2970963,39.338924,0.04717335,0.0
2020-01-15 06:00:00,50.49,311.72873,988.5673,3.2751424,36.72324,0.05640462,0.0
2020-01-15 07:00:00,48.52,312.71906,987.32947,3.6269102,34.497402,0.0,0.0
2020-01-15 08:00:00,47.23,312.60284,987.00696,3.7517502,34.143787,0.002722445,0.0
2020-01-15 09:00:00,47.09,310.5648,987.5472,3.797283,34.108128,0.8756668,0.0
2020-01-15 10:00:00,47.36,308.74588,988.73846,0.974528,37.92257,0.09851158,0.0
2020-01-15 11:00:00,47.86,308.22076,988.97485,2.3746586,43.808792,0.0,0.0
2020-01-15 12:00:00,49.14,305.961,990.4826,5.569122,51.989628,0.013254583,0.0
2020-01-15 13:00:00,51.66,303.90994,991.49164,3.1110675,61.598694,0.11137128,0.0
2020-01-15 14:00:00,53.77,303.10364,992.28314,3.1745524,66.6652,0.31800568,0.0
2020-01-15 15:00:00,54.66,302.075,991.8198,4.2869167,71.648994,0.073224306,0.0
2020-01-15 16:00:00,55.48,301.3902,991.4764,4.2335014,74.880066,0.6608814,0.13
2020-01-15 17:00:00,54.53,300.98022,990.7729,3.8256981,77.3581,0.55511296,0.0
2020-01-15 18:00:00,53.4,300.942,990.4524,3.4916267,78.13839,0.0,0.0
2020-01-15 19:00:00,52.29,299.72345,991.30664,4.6381326,89.777985,0.0051409006,0.0
2020-01-15 20:00:00,50.73,299.67615,991.33014,4.3414617,89.75402,0.001296401,0.0
2020-01-15 21:00:00,50.18,299.71432,991.85736,3.8814156,89.12435,0.0,0.0
2020-01-15 22:00:00,49.45,299.85077,992.5044,3.9416585,88.025955,0.0,0.0
2020-01-15 23:00:00,48.97,301.1195,992.78766,4.206386,81.07671,0.0,0.0
2020-01-16 00:00:00,50.9,302.84525,992.43414,3.490652,72.39811,2.9073238,0.0
2020-01-16 01:00:00,50.49,304.67834,991.9411,3.0685613,64.35616,0.0,0.0
2020-01-16 02:00:00,50.46,306.85727,991.526,3.1039975,55.843216,0.0,0.0
2020-01-16 03:00:00,50.05,308.6079,990.36523,3.3404865,48.735462,0.0,0.0
2020-01-16 04:00:00,49.82,310.36154,989.5705,3.5704618,42.19595,0.007688999,0.0
2020-01-16 05:00:00,50.22,311.44537,988.7388,3.6723406,37.708923,0.027447939,0.0
2020-01-16 06:00:00,50.07,312.21716,988.08875,3.604382,34.51273,0.011533499,0.0
2020-01-16 07:00:00,49.49,311.80884,987.711,3.8395746,34.747334,0.016480684,0.0
2020-01-16 08:00:00,48.73,311.74994,987.08734,3.8549979,34.59632,0.0028491048,0.0
2020-01-16 09:00:00,48.17,311.2649,987.2034,3.9147956,35.158318,0.021129847,0.0
2020-01-16 10:00:00,47.37,307.78687,988.299,5.6605277,47.43871,0.13363361,0.0
2020-01-16 11:00:00,46.88,306.10577,989.0214,4.6929708,56.87154,0.0,0.0
2020-01-16 12:00:00,46.43,305.6668,989.96655,4.447411,59.66921,0.0,0.0
2020-01-16 13:00:00,48.03,305.44745,990.2498,4.0483904,60.07239,0.0,0.0
2020-01-16 14:00:00,49.17,305.18323,990.5256,3.385339,60.07488,0.0,0.0
2020-01-16 15:00:00,48.77,304.72433,990.01984,3.0411687,61.59631,0.0,0.0
2020-01-16 16:00:00,48.43,304.2356,989.72955,3.2105412,63.657387,0.0,0.0
2020-01-16 17:00:00,48.47,303.70312,989.22046,3.562075,66.82409,0.0,0.0
2020-01-16 18:00:00,49.13,303.1098,988.9869,3.9381194,71.86486,0.0,0.0
2020-01-16 19:00:00,49.02,302.07346,988.8885,3.567249,73.46026,0.0,0.0
2020-01-16 20:00:00,48.96,301.78998,989.3092,3.4274697,75.919464,0.0,0.0
2020-01-16 21:00:00,48.8,301.63162,989.98126,3.4067812,78.26604,0.0,0.0
2020-01-16 22:00:00,49.21,301.93683,990.8133,3.7502177,79.367905,0.0,0.0
2020-01-16 23:00:00,49.59,303.18307,991.5823,5.068894,77.206245,0.0,0.0
2020-01-17 00:00:00,48.6,304.51013,991.762,5.1271706,71.596146,0.22420076,0.0
2020-01-17 01:00:00,50.21,306.00696,991.6217,4.4610953,63.57526,0.0,0.0
2020-01-17 02:00:00,51.04,307.72787,991.03705,3.999803,56.133526,0.012846664,0.0
2020-01-17 03:00:00,51.75,309.02402,990.0042,3.6447282,48.645695,0.12264028,0.0
2020-01-17 04:00:00,53.86,309.43475,988.90576,4.5365314,46.274593,0.112086535,0.0
2020-01-17 05:00:00,56.03,305.72638,988.8377,5.039037,64.02025,3.0959322,0.0
2020-01-17 06:00:00,59.03,306.16415,988.40045,3.9597666,64.06731,2.318181,4.58
2020-01-17 07:00:00,60.26,304.65872,987.8286,1.5550379,69.68703,4.530929,8.54
2020-01-17 08:00:00,60.38,303.68262,988.55975,1.5827373,75.6832,8.289941,5.38
2020-01-17 09:00:00,57.93,303.37,987.7587,2.4288116,78.17504,2.405338,0.96999997
2020-01-17 10:00:00,55.41,303.06293,987.66815,2.7451577,80.24423,0.10136515,1.24
2020-01-17 11:00:00,54.76,302.39566,989.5803,5.1412854,86.98909,0.32687187,3.84
2020-01-17 12:00:00,54.46,301.3642,990.9829,5.8580384,88.83053,2.1371694,2.51
2020-01-17 13:00:00,52.62,300.39972,990.8164,5.8765597,88.860085,0.2592802,1.5999999
2020-01-17 14:00:00,51.51,300.02774,990.675,5.339016,89.43873,0.28070807,0.51
2020-01-17 15:00:00,50.91,300.17145,991.1987,6.4780354,86.93405,0.30702353,0.04
2020-01-17 16:00:00,50.82,300.27356,990.0557,5.197889,84.37463,0.11345744,0.0
2020-01-17 17:00:00,50.75,300.16156,989.50806,5.4449115,83.60691,0.0025331974,0.0
2020-01-17 18:00:00,50.17,299.6807,990.0499,6.7772365,81.53879,0.02387166,0.13
2020-01-17 19:00:00,49.97,299.05707,989.3014,2.0457954,94.55436,0.24470687,0.0
2020-01-17 20:00:00,48.6,299.0952,989.6902,1.2948198,93.022285,1.4949627,0.0
2020-01-17 21:00:00,48.14,298.85278,989.84033,2.2019746,93.24586,1.5366971,0.0
2020-01-17 22:00:00,48.37,298.9206,990.7322,2.4209788,92.95074,0.4215408,0.0
2020-01-17 23:00:00,48.47,299.4173,991.2212,2.1062741,90.70028,1.565028,0.0
2020-01-18 00:00:00,49.83,299.97583,991.5389,2.121537,90.20471,30.765133,0.0
2020-01-18 01:00:00,50.02,301.06436,991.69635,2.4552162,86.46698,0.0,0.07
2020-01-18 02:00:00,50.87,302.36957,991.1975,3.12693,77.8156,0.06470829,0.0
2020-01-18 03:00:00,52.42,303.6573,990.1308,3.3015695,71.26333,0.05879253,0.0
2020-01-18 04:00:00,53.12,304.10843,989.27185,3.502933,71.28389,0.30200928,0.0
2020-01-18 05:00:00,52.78,303.3706,988.78375,4.6874537,74.12526,1.3702661,0.0
2020-01-18 06:00:00,52.31,302.46738,988.71796,5.7718263,74.49101,2.2063255,0.0
2020-01-18 07:00:00,52.47,304.3341,987.8056,4.284705,70.45458,0.03412366,0.0
2020-01-18 08:00:00,52.4,304.3078,987.277,4.1229935,71.42766,0.0,0.0
2020-01-18 09:00:00,52.94,303.5271,987.53033,4.6979074,75.06113,0.20126253,0.0
2020-01-18 10:00:00,55.06,302.31027,989.0633,4.8058047,81.1433,0.06598979,0.0
2020-01-18 11:00:00,56.62,300.79602,989.9849,5.5808983,85.54027,0.082644634,0.0
2020-01-18 12:00:00,57.31,300.0124,990.28357,5.0115156,87.664986,0.027440488,0.0
2020-01-18 13:00:00,56.96,299.63208,990.65735,4.458075,89.00698,0.0,0.0
2020-01-18 14:00:00,57.34,299.29108,991.10706,3.9797401,90.505936,0.0,0.0
2020-01-18 15:00:00,57.06,299.15457,990.8091,3.163314,91.41607,0.0,0.0
2020-01-18 16:00:00,56.52,299.03625,989.8978,3.7466688,91.96945,0.0,0.0
2020-01-18 17:00:00,55.22,299.0545,989.5188,3.8245077,91.99351,0.0,0.0
2020-01-18 18:00:00,53.74,299.1875,989.6069,3.6987174,91.949486,0.0,0.0
2020-01-18 19:00:00,54.85,299.36975,989.5131,2.8989239,91.31215,0.0,0.0
2020-01-18 20:00:00,56.03,299.3329,990.02893,3.1107156,91.78218,0.0,0.0
2020-01-18 21:00:00,56.06,299.3059,990.78534,3.0332024,92.03601,0.056013465,0.0
2020-01-18 22:00:00,56.0,299.4407,991.0806,3.00136,91.6866,0.18128753,0.0
2020-01-18 23:00:00,56.45,300.11523,992.1072,2.8592048,88.51355,0.6735474,0.0
2020-01-19 00:00:00,54.75,300.98083,991.7696,3.2448952,85.32229,5.875543,0.0
2020-01-19 01:00:00,54.74,302.14667,991.4994,3.3745444,80.10803,0.0,0.0
2020-01-19 02:00:00,55.18,303.37866,990.47955,3.4570491,73.37919,0.083947554,0.0
2020-01-19 03:00:00,55.5,304.22528,989.7753,3.157808,69.70082,0.060085207,0.0
2020-01-19 04:00:00,55.12,304.92422,988.90875,3.3654647,69.15132,0.032875687,0.0
2020-01-19 05:00:00,54.74,305.0702,988.1026,3.5258892,70.23013,0.7511899,0.0
2020-01-19 06:00:00,54.27,305.64508,987.6534,4.092965,63.91545,0.18550456,0.0
2020-01-19 07:00:00,52.72,303.35126,987.7635,4.203108,66.73802,6.11008,0.0
2020-01-19 08:00:00,52.92,302.24112,987.3815,3.9870577,72.85464,2.278462,0.0
2020-01-19 09:00:00,54.6,301.7141,988.20685,3.3385692,75.491684,1.3270452,0.0
2020-01-19 10:00:00,55.44,300.80984,989.3237,3.0449119,81.7078,1.6696975,0.0
2020-01-19 11:00:00,56.7,300.36176,990.0597,2.3479567,84.34755,0.11724513,0.0
2020-01-19 12:00:00,57.08,300.16174,990.4291,2.1435764,87.073814,0.11924654,0.0
2020-01-19 13:00:00,56.28,300.02774,990.27765,2.6971993,87.3903,0.08393824,0.0
2020-01-19 14:00:00,55.99,299.76517,990.21313,2.9917305,88.128876,0.0059604645,0.0
2020-01-19 15:00:00,56.01,299.44034,990.2525,2.737054,89.717094,0.0,0.0
2020-01-19 16:00:00,54.9,299.1687,989.8689,2.4102573,91.20952,0.0,0.0
2020-01-19 17:00:00,54.47,299.02112,989.2317,2.5056553,91.87678,0.0017285347,0.0
2020-01-19 18:00:00,54.4,298.85248,988.886,2.5618637,92.5419,0.003874302,0.0
2020-01-19 19:00:00,54.57,298.247,988.4283,1.9640107,92.413345,0.029593706,0.0
2020-01-19 20:00:00,55.22,298.20728,988.5416,1.9397147,92.87515,0.010758638,0.0
2020-01-19 21:00:00,55.66,298.2588,989.27734,2.099837,93.17218,0.26398897,0.0
2020-01-19 22:00:00,55.98,298.34305,989.4927,1.4913666,93.00126,0.5016625,0.0
2020-01-19 23:00:00,56.35,299.12665,990.53546,2.1072774,87.938545,1.3658404,0.0
2020-01-20 00:00:00,56.24,300.14465,990.59595,2.5861735,83.56992,15.456992,0.0
2020-01-20 01:00:00,56.3,301.04837,990.65845,2.2346332,81.20253,0.0,0.0
2020-01-20 02:00:00,56.36,301.81567,990.365,1.3025062,79.82536,0.19024499,0.0
2020-01-20 03:00:00,55.77,302.68774,989.73755,0.8610515,78.83304,0.23947284,0.0
2020-01-20 04:00:00,55.61,303.44202,989.0756,0.41470292,77.63065,0.28648227,0.0
2020-01-20 05:00:00,55.09,303.9192,988.2706,0.38377622,70.757065,0.29505044,1.67
2020-01-20 06:00:00,54.42,304.47784,987.4144,0.20973714,66.23201,0.16715378,0.0
2020-01-20 07:00:00,53.82,304.84976,986.6438,1.7109678,63.752357,0.026740134,0.0
2020-01-20 08:00:00,53.04,304.9004,986.1147,2.5316901,63.875164,0.015467405,0.0
2020-01-20 09:00:00,53.96,304.70892,986.6588,2.0612154,63.89724,0.29204938,0.0
2020-01-20 10:00:00,54.39,303.29724,987.8375,1.0549186,71.23569,1.1028646,0.0
2020-01-20 11:00:00,55.5,301.50464,989.17236,2.9816792,80.927345,2.3943484,0.0
2020-01-20 12:00:00,55.98,299.9533,990.3591,3.1122057,87.62514,2.4409742,0.0
2020-01-20 13:00:00,54.85,299.42657,990.26733,3.0846226,89.90378,0.2697264,0.0
2020-01-20 14:00:00,52.82,299.20764,990.59576,2.670145,90.14693,0.06097555,0.0
2020-01-20 15:00:00,50.86,299.00592,990.0433,1.9677808,91.255775,0.029191375,0.0
2020-01-20 16:00:00,49.58,298.88892,989.4364,1.3204873,91.490906,0.0032186508,0.0
2020-01-20 17:00:00,49.99,298.73526,988.877,1.7405767,92.3047,0.0,0.0
2020-01-20 18:00:00,51.7,298.59436,988.6297,2.2806935,92.823944,0.0,0.0
2020-01-20 19:00:00,52.88,298.81186,988.9878,2.0794811,91.91591,0.0,0.84999996
2020-01-20 20:00:00,53.03,298.78452,989.175,2.3905053,91.93951,0.0,3.2399998
2020-01-20 21:00:00,52.66,298.61234,989.93256,2.642571,92.03529,0.0047385693,1.03
2020-01-20 22:00:00,52.47,298.68646,990.7285,2.7733083,90.14291,0.1847744,0.14
2020-01-20 23:00:00,52.41,299.4478,991.70624,3.0249097,85.29845,0.26625395,0.19999999
2020-01-21 00:00:00,53.28,300.6722,991.95935,3.5989244,80.32884,8.42532,0.0
2020-01-21 01:00:00,51.99,302.33026,991.7573,4.7445135,76.47191,0.0,0.0
2020-01-21 02:00:00,49.67,303.18213,991.3767,4.903432,76.93703,0.061124563,0.0
2020-01-21 03:00:00,47.53,304.44888,990.4844,4.752531,70.73953,0.116910785,0.0
2020-01-21 04:00:00,46.64,305.0129,989.5022,4.718679,67.774704,0.45211986,0.0
2020-01-21 05:00:00,45.45,305.0892,989.0821,5.394015,69.07301,0.44050068,0.0
2020-01-21 06:00:00,43.51,305.14655,988.36993,5.5814238,69.31208,0.26927143,0.0
2020-01-21 07:00:00,42.87,306.52856,987.39795,3.7853925,60.662376,0.073604286,0.0
2020-01-21 08:00:00,41.67,306.7868,987.15717,4.161006,58.355732,0.023402274,0.0
2020-01-21 09:00:00,40.24,305.9419,987.5693,3.6767092,62.765705,0.05220622,0.0
2020-01-21 10:00:00,40.5,303.96466,988.65485,4.638424,72.88938,0.11668354,0.0
2020-01-21 11:00:00,42.78,301.55316,989.6889,5.5639143,82.868004,0.06811321,0.0
2020-01-21 12:00:00,46.65,300.35223,990.83234,5.4107447,87.12816,0.027373433,0.0
2020-01-21 13:00:00,47.42,300.02982,991.22815,4.864148,88.83976,0.060215592,0.0
2020-01-21 14:00:00,48.53,299.99625,991.3521,4.5830154,89.83421,0.18577278,0.0
2020-01-21 15:00:00,50.17,300.1283,990.84674,4.9933534,89.88257,0.038594007,0.0
2020-01-21 16:00:00,49.85,300.14587,990.43005,4.9985147,90.02752,0.0,0.0
2020-01-21 17:00:00,47.71,300.05814,990.3158,5.09862,90.848206,0.0,0.0
2020-01-21 18:00:00,46.58,299.94623,989.83575,5.4492393,91.48211,0.009685755,0.0
2020-01-21 19:00:00,45.95,299.8028,990.17365,5.342037,90.17852,0.0017613638,0.0
2020-01-21 20:00:00,46.82,299.47845,990.22675,4.869832,91.26816,0.0,0.0
2020-01-21 21:00:00,47.6,299.1542,990.65924,4.4764013,92.53928,0.0,0.0
2020-01-21 22:00:00,47.48,299.26263,991.3189,4.7915554,92.45329,0.0042766333,0.0
2020-01-21 23:00:00,46.87,300.22913,991.7942,7.1950965,86.44553,0.026017427,0.0
2020-01-22 00:00:00,43.3,301.31024,992.10455,7.1306725,80.33621,2.0608783,0.0
2020-01-22 01:00:00,43.6,302.40436,992.327,6.9302926,74.06179,0.0,0.0
2020-01-22 02:00:00,43.63,303.73264,992.15936,6.7178965,67.57135,0.005155802,0.0
2020-01-22 03:00:00,43.8,304.92816,991.4775,6.57791,62.756393,0.0034086406,0.0
2020-01-22 04:00:00,44.45,305.8651,990.8347,6.3204746,59.548325,0.0021494925,0.0
2020-01-22 05:00:00,44.59,306.27988,990.022,5.9588594,59.325474,0.0059604645,0.0
2020-01-22 06:00:00,43.77,306.88687,989.3027,6.0923214,57.425327,0.0038594007,0.0
2020-01-22 07:00:00,42.43,307.4685,988.5122,6.265953,54.028915,0.0,0.0
2020-01-22 08:00:00,41.57,307.26056,987.57117,6.4913054,55.416924,0.0,0.0
2020-01-22 09:00:00,41.52,306.7226,987.4441,5.82253,59.53337,0.0,0.0
2020-01-22 10:00:00,40.97,305.16486,988.1406,5.0318494,67.1058,0.0,0.0
2020-01-22 11:00:00,41.82,303.60736,988.8264,4.781654,73.824814,0.0,0.0
2020-01-22 12:00:00,44.14,302.71265,989.8197,5.1543636,77.6188,0.0,0.0
2020-01-22 13:00:00,46.72,302.06897,990.3809,5.51298,80.26675,0.0,0.0
2020-01-22 14:00:00,49.21,301.51398,990.675,5.8350277,82.730194,0.0,0.0
2020-01-22 15:00:00,49.95,301.06073,990.7289,5.87374,84.7971,0.0,0.0
2020-01-22 16:00:00,50.12,300.5716,990.3387,5.7993016,87.01132,0.0,0.0
2020-01-22 17:00:00,49.42,300.12802,989.77686,5.7505083,89.095024,0.0,0.0
2020-01-22 18:00:00,48.03,299.7743,989.3301,5.4850154,90.86457,0.0,0.0
2020-01-22 19:00:00,48.76,299.48965,989.4339,5.129319,91.54253,0.0,0.0
2020-01-22 20:00:00,48.93,299.23465,989.70447,4.893565,92.16087,0.0,0.0
2020-01-22 21:00:00,47.46,299.03168,990.21783,4.5441895,91.97892,0.0,0.0
2020-01-22 22:00:00,45.53,298.9799,990.62335,4.1469593,91.51994,0.0,0.0
2020-01-22 23:00:00,44.24,299.8062,991.34326,5.7945714,86.33012,0.0017158454,0.0
2020-01-23 00:00:00,43.04,300.7697,991.5631,6.2798934,79.800735,0.034690127,0.0
2020-01-23 01:00:00,43.39,301.9594,991.5864,6.973562,72.61306,0.0,0.0
2020-01-23 02:00:00,43.98,303.43283,990.9761,7.189139,66.80434,0.0,0.0
2020-01-23 03:00:00,45.48,304.59616,990.2651,6.9142537,63.547195,0.0,0.0
2020-01-23 04:00:00,46.54,305.73248,989.423,6.5046096,60.61454,0.0,0.0
2020-01-23 05:00:00,46.33,306.59662,988.6057,6.192932,58.3915,0.0,0.0
2020-01-23 06:00:00,46.2,307.2515,987.8022,6.036133,56.607334,0.0,0.0
2020-01-23 07:00:00,45.46,307.8872,987.29877,5.6145616,53.850002,0.0,0.0
2020-01-23 08:00:00,45.56,307.82373,986.6094,5.599278,53.964485,0.0,0.0
2020-01-23 09:00:00,45.95,307.40784,986.9625,5.404296,55.761684,0.0,0.0
2020-01-23 10:00:00,46.83,305.87158,987.53564,4.8056183,63.864334,0.0,0.0
2020-01-23 11:00:00,47.86,304.41156,988.335,4.7898564,69.690025,0.0,0.0
2020-01-23 12:00:00,48.17,303.40527,989.3943,3.8169253,74.53344,0.0,0.0
2020-01-23 13:00:00,47.68,302.6803,989.9279,3.4891202,78.24775,0.0,0.0
2020-01-23 14:00:00,47.17,302.03064,990.2475,3.9468422,80.33237,0.0,0.0
2020-01-23 15:00:00,47.64,301.47595,990.15845,4.4841266,81.22479,0.0,0.0
2020-01-23 16:00:00,47.66,300.93622,989.4935,4.976188,81.65831,0.0,0.0
2020-01-23 17:00:00,46.9,300.46878,989.0768,5.091791,82.830025,0.0,0.0
2020-01-23 18:00:00,46.94,299.98648,988.65186,4.9807124,85.58409,0.0,0.0
2020-01-23 19:00:00,47.41,299.8124,989.04486,3.6991544,89.76585,0.0,0.0
2020-01-23 20:00:00,47.3,299.4839,989.34357,3.845465,91.721756,0.0,0.0
2020-01-23 21:00:00,46.25,299.3128,989.9225,4.2255282,92.9311,0.0,0.0
2020-01-23 22:00:00,45.15,299.46826,990.5837,4.4982,92.79307,0.0,0.0
2020-01-23 23:00:00,43.77,300.71204,991.08844,6.2739253,85.96833,0.0,0.0
2020-01-24 00:00:00,39.64,302.22705,991.1319,6.0321417,79.20565,0.001734495,0.0
2020-01-24 01:00:00,39.83,303.6971,991.435,5.8152432,73.25843,0.0,0.0
2020-01-24 02:00:00,40.17,305.23505,991.0703,5.64414,66.510376,0.0,0.0
2020-01-24 03:00:00,40.78,306.86462,990.4632,5.2896094,58.849483,0.0,0.0
2020-01-24 04:00:00,41.15,308.1951,989.47577,5.0243363,52.507145,0.0,0.0
2020-01-24 05:00:00,41.49,309.32797,988.78046,5.0761156,46.737053,0.0,0.0
2020-01-24 06:00:00,42.72,310.19037,987.9397,5.153276,41.8362,0.0,0.0
2020-01-24 07:00:00,42.79,308.97827,988.3475,4.3975635,43.140514,0.0,0.0
2020-01-24 08:00:00,42.75,308.9372,987.7361,4.997545,43.434155,0.0,0.0
2020-01-24 09:00:00,42.77,308.12402,987.6036,5.349265,49.691433,0.0,0.0
2020-01-24 10:00:00,41.01,306.05066,988.1315,5.975479,61.47421,0.0,0.0
2020-01-24 11:00:00,39.71,304.11047,988.7589,6.3903923,69.70659,0.0,0.0
2020-01-24 12:00:00,38.77,303.1303,989.7034,5.7261343,74.37072,0.0,0.0
2020-01-24 13:00:00,39.5,302.48926,989.96985,5.28947,77.525505,0.0,0.0
2020-01-24 14:00:00,39.85,302.0058,990.4331,5.5180135,79.6816,0.0,0.0
2020-01-24 15:00:00,40.93,301.43658,990.21783,4.8377805,81.932434,0.0,0.0
2020-01-24 16:00:00,41.14,300.8261,989.9881,4.5030293,83.99489,0.0,0.0
2020-01-24 17:00:00,41.31,300.31876,989.59656,4.751289,85.61475,0.0,0.0
2020-01-24 18:00:00,42.29,299.90454,989.28815,4.752419,88.0734,0.0,0.0
2020-01-24 19:00:00,42.4,300.36334,989.22406,5.307168,86.485,0.0,0.0
2020-01-24 20:00:00,42.25,299.97662,989.373,4.995054,89.75497,0.0,0.0
2020-01-24 21:00:00,42.18,299.7323,989.6758,4.660817,91.728745,0.0,0.0
2020-01-24 22:00:00,41.16,299.89185,990.279,4.760386,91.53038,0.0,0.0
2020-01-24 23:00:00,40.05,300.9828,990.8289,6.00973,85.89927,0.0,0.0
2020-01-25 00:00:00,37.37,302.58356,991.1655,6.662961,76.93461,0.0,0.0
2020-01-25 01:00:00,38.14,304.46442,991.2344,6.751874,67.26135,0.0,0.0
2020-01-25 02:00:00,38.7,306.12573,990.84106,6.766084,59.18262,0.0,0.0
2020-01-25 03:00:00,38.99,307.56512,990.1878,6.802128,52.631496,0.0,0.0
2020-01-25 04:00:00,38.39,308.7249,989.34625,6.620831,47.861607,0.0,0.0
2020-01-25 05:00:00,38.12,309.57132,988.49274,6.2724714,44.759106,0.0,0.0
2020-01-25 06:00:00,37.86,310.0965,987.6266,5.768007,42.74091,0.0,0.0
2020-01-25 07:00:00,37.06,310.5283,987.0249,4.365982,41.12802,0.0021457672,0.0
2020-01-25 08:00:00,36.35,310.46487,986.34344,4.573867,41.00324,0.0012814999,0.0
2020-01-25 09:00:00,34.74,309.6658,986.60706,5.195465,44.08555,0.032246113,0.0
2020-01-25 10:00:00,33.5,307.41315,987.4268,5.635327,54.627956,0.0,0.0
2020-01-25 11:00:00,32.75,305.64703,988.35065,5.444779,61.670788,0.0,0.0
2020-01-25 12:00:00,31.73,304.75537,988.9928,5.0224533,65.64519,0.0,0.0
2020-01-25 13:00:00,34.61,303.91315,989.5458,4.3592176,69.19472,0.0,0.0
2020-01-25 14:00:00,40.63,303.30276,990.3982,3.767998,72.36026,0.0,0.16
2020-01-25 15:00:00,46.31,302.63562,990.6833,3.443527,75.80172,0.0,2.37
2020-01-25 16:00:00,50.41,302.06332,990.6328,3.1775968,79.26863,0.0,32.64
2020-01-25 17:00:00,53.57,301.45593,990.43964,2.6096413,82.96632,0.3581494,33.57
2020-01-25 18:00:00,56.89,300.8921,990.40344,1.9219611,86.30343,0.43727458,28.879997
2020-01-25 19:00:00,57.19,297.93744,991.9947,1.5162741,94.324394,5.2123814,9.190001
2020-01-25 20:00:00,55.5,297.85727,991.6339,1.4240246,93.030396,0.927642,9.04
2020-01-25 21:00:00,51.61,297.95233,991.61304,1.8300719,91.01245,0.031992793,5.41
2020-01-25 22:00:00,47.8,298.46747,992.1326,2.5085828,89.07375,0.0,6.7699995
2020-01-25 23:00:00,45.29,299.7071,992.5811,3.0413568,87.10848,0.0,1.3199999
2020-01-26 00:00:00,44.04,301.64606,992.65936,4.2073064,79.31676,7.0048423,1.0699999
2020-01-26 01:00:00,44.56,303.3459,992.60297,3.8578062,70.99545,0.0,1.14
2020-01-26 02:00:00,45.49,304.88953,992.4743,3.604001,65.66795,0.0,0.4
2020-01-26 03:00:00,47.48,306.149,991.8653,3.3086019,61.30051,0.0035762787,0.02
2020-01-26 04:00:00,49.99,306.95917,991.10187,2.5391793,57.60323,0.0047534704,0.07
2020-01-26 05:00:00,51.69,305.6129,990.7026,1.7166936,63.46255,0.54771453,0.0
2020-01-26 06:00:00,52.6,305.3869,989.90393,1.3878258,65.13856,0.48993528,0.0
2020-01-26 07:00:00,51.96,305.97607,990.15765,1.9379003,57.358814,0.0042691827,0.0
2020-01-26 08:00:00,51.36,306.09213,989.6361,1.8120162,55.739838,0.0,0.0
2020-01-26 09:00:00,51.05,305.82162,989.84436,1.6905435,55.788715,0.0,0.0
2020-01-26 10:00:00,50.28,305.36505,990.06036,1.7328522,60.203598,0.0,0.0
2020-01-26 11:00:00,50.96,304.20468,990.4281,1.8664813,69.2816,0.0,0.0
2020-01-26 12:00:00,51.84,303.15308,991.03076,1.8316493,76.013756,0.0,0.0
2020-01-26 13:00:00,52.47,302.43903,991.64264,1.7468103,80.02981,0.0,0.0
2020-01-26 14:00:00,52.79,302.14923,991.96,1.9616115,80.28037,0.0,0.0
2020-01-26 15:00:00,51.79,301.90735,991.52094,2.565429,79.08214,0.0,0.0
2020-01-26 16:00:00,49.88,301.65753,990.85767,3.0967672,77.94941,0.0,0.0
2020-01-26 17:00:00,48.26,301.44855,990.06244,3.3963227,77.955696,0.0,0.0
2020-01-26 18:00:00,47.3,301.01465,989.8829,3.306249,80.0599,0.0,0.0
2020-01-26 19:00:00,47.88,300.2516,989.78937,1.9311804,85.044365,0.0,0.0
2020-01-26 20:00:00,48.15,300.01096,990.2097,2.2066777,85.09084,0.0,0.0
2020-01-26 21:00:00,47.87,299.75928,990.6401,2.5857587,85.85271,0.0,0.0
2020-01-26 22:00:00,47.29,299.84106,991.66095,2.6400216,86.98317,0.0,0.0
2020-01-26 23:00:00,46.19,301.4619,992.4074,3.453589,81.676636,0.0,0.0
2020-01-27 00:00:00,42.81,303.23215,992.62994,3.8135347,74.932976,1.0536835,0.0
2020-01-27 01:00:00,42.06,305.04306,992.7699,3.5715978,65.5879,0.0,0.0
2020-01-27 02:00:00,41.93,306.5705,992.4158,2.9443796,57.651146,0.0,0.0
2020-01-27 03:00:00,42.54,307.91516,991.8738,2.4873898,51.463676,0.0,0.0
2020-01-27 04:00:00,41.81,309.12656,990.8339,1.8214443,44.717575,0.0,0.0
2020-01-27 05:00:00,40.06,310.0334,990.02075,1.1432853,39.118694,0.0,0.0
2020-01-27 06:00:00,37.73,310.7721,989.3008,0.7449376,34.25888,0.0,0.0
2020-01-27 07:00:00,35.02,310.97772,988.7938,1.1169684,32.60364,0.0,0.0
2020-01-27 08:00:00,34.38,310.90308,988.3723,1.6905909,32.19429,0.0,0.0
2020-01-27 09:00:00,35.42,310.64053,988.4944,2.190507,33.34124,0.0,0.0
2020-01-27 10:00:00,36.04,308.93436,988.8042,3.2466817,43.000355,0.0,0.0
2020-01-27 11:00:00,36.57,306.65677,989.3731,4.1505666,50.293446,0.0,0.0
2020-01-27 12:00:00,36.21,305.7373,989.6174,4.623166,52.583725,0.0,0.0
2020-01-27 13:00:00,36.99,305.00684,990.05347,5.5494275,58.043068,0.0,0.0
2020-01-27 14:00:00,37.98,304.36206,990.4473,6.221248,65.83526,0.0,0.0
2020-01-27 15:00:00,37.51,303.5076,990.1422,6.1252313,71.16223,0.0,0.0
2020-01-27 16:00:00,37.32,302.73328,989.86664,5.729722,74.5553,0.0,0.0
2020-01-27 17:00:00,36.79,302.13867,989.5472,4.9601135,77.23028,0.0,0.0
2020-01-27 18:00:00,36.34,301.67853,989.4243,4.4408803,79.52602,0.0,0.0
2020-01-27 19:00:00,35.86,300.8164,989.40564,3.9282832,83.97301,0.0,0.0
2020-01-27 20:00:00,34.42,300.45178,989.50354,3.7722428,85.74905,0.0,0.0
2020-01-27 21:00:00,33.51,300.12494,990.03107,3.4398522,87.39742,0.0,0.0
2020-01-27 22:00:00,32.97,300.13702,990.83264,2.9547157,87.907845,0.0,0.0
2020-01-27 23:00:00,32.57,301.95834,991.59033,3.6063964,79.5021,0.0,0.0
2020-01-28 00:00:00,30.86,303.9546,991.5848,4.2043605,69.23298,0.0025689602,0.0
2020-01-28 01:00:00,30.55,306.15717,991.46814,4.3828664,58.827038,0.0,0.0
2020-01-28 02:00:00,29.51,308.33417,990.84094,4.313453,48.484863,0.0,0.0
2020-01-28 03:00:00,28.82,310.21695,989.7762,3.75508,37.25869,0.0,0.0
2020-01-28 04:00:00,27.7,311.84784,988.4858,2.6554806,28.542141,0.0,0.0
2020-01-28 05:00:00,28.22,312.5924,987.47565,1.7542262,23.66911,0.0,0.0
2020-01-28 06:00:00,29.71,313.5524,986.52423,1.3442693,19.789284,0.0,0.0
2020-01-28 07:00:00,31.76,313.84906,986.3692,1.5007215,20.513123,0.0,0.0
2020-01-28 08:00:00,32.29,314.11523,985.7991,1.7849065,18.5324,0.0,0.0
2020-01-28 09:00:00,30.35,313.9572,985.8475,2.2483742,17.977839,0.0,0.0
2020-01-28 10:00:00,26.92,311.54706,986.1761,3.4848464,26.966944,0.0,0.0
2020-01-28 11:00:00,23.98,308.54242,986.47205,4.595709,34.595955,0.0,0.0
2020-01-28 12:00:00,22.07,306.7649,986.9378,5.3673882,39.10556,0.0,0.0
2020-01-28 13:00:00,22.13,305.32657,987.6219,6.7416983,51.497047,0.0,0.0
2020-01-28 14:00:00,22.47,304.0938,987.8592,6.2592564,63.766617,0.0,0.0
2020-01-28 15:00:00,23.74,303.22968,988.21655,5.2507277,70.915184,0.0,0.0
2020-01-28 16:00:00,25.48,302.5461,987.9216,5.9592047,75.24942,0.0,0.0
2020-01-28 17:00:00,27.29,302.03574,987.4984,5.8651586,78.5972,0.0,0.0
2020-01-28 18:00:00,28.02,301.64893,987.15393,5.463033,81.26448,0.0,0.0
2020-01-28 19:00:00,29.8,301.48584,987.10175,5.4910502,82.804405,0.0,0.0
2020-01-28 20:00:00,30.65,301.1324,987.35205,5.3638477,83.068306,0.0,0.0
2020-01-28 21:00:00,30.0,300.74023,987.78436,5.1295013,83.06288,0.0,0.0
2020-01-28 22:00:00,28.72,300.7232,988.5189,5.047012,82.19928,0.0,0.0
2020-01-28 23:00:00,28.07,302.40622,988.8814,6.093752,74.282555,0.0,0.0
2020-01-29 00:00:00,28.66,304.64783,989.0941,6.87574,63.466476,0.0,0.0
2020-01-29 01:00:00,29.38,306.92484,988.9342,6.711079,53.596867,0.0,0.0
2020-01-29 02:00:00,29.44,309.32016,988.50305,6.3351445,43.990665,0.0,0.0
2020-01-29 03:00:00,29.38,311.6057,987.5527,5.9166307,34.240173,0.0,0.0
2020-01-29 04:00:00,29.44,313.5821,986.28455,5.3614593,25.844225,0.0,0.0
2020-01-29 05:00:00,30.42,315.06793,985.0949,4.502679,19.066284,0.0,0.0
2020-01-29 06:00:00,30.95,315.7986,984.0536,3.905237,14.735055,0.0,0.0
2020-01-29 07:00:00,33.15,315.29816,983.6543,4.1678987,15.896977,0.0,0.0
2020-01-29 08:00:00,33.59,315.4969,982.895,4.230696,15.172553,0.0,0.0
2020-01-29 09:00:00,33.17,315.01105,982.8781,4.5865436,15.285452,0.0,0.0
2020-01-29 10:00:00,32.75,312.9714,983.5536,5.4811444,20.910204,0.0,0.0
2020-01-29 11:00:00,33.67,309.91034,984.14935,7.3136816,33.453278,0.0,0.0
2020-01-29 12:00:00,37.25,307.84457,984.8264,9.5314045,50.88157,0.0,0.0
2020-01-29 13:00:00,39.2,305.96625,985.3027,9.248238,63.261772,0.0,0.0
2020-01-29 14:00:00,40.99,305.2032,985.76984,8.350113,64.279945,0.0,0.0
2020-01-29 15:00:00,42.25,304.32492,985.50195,7.641451,68.088196,0.0,0.0
2020-01-29 16:00:00,43.24,303.4497,985.23267,6.6741614,72.07471,0.0,0.0
2020-01-29 17:00:00,42.72,302.65314,984.9132,5.62475,75.59799,0.0,0.0
2020-01-29 18:00:00,42.27,301.98248,984.8494,4.5060987,77.90651,0.0,0.0
2020-01-29 19:00:00,44.72,301.576,986.585,3.6058204,82.946815,0.010120869,0.0
2020-01-29 20:00:00,46.2,301.22162,986.84454,4.1708164,84.20131,0.0013142827,0.0
2020-01-29 21:00:00,45.59,300.91315,987.27313,4.472371,84.79918,0.0,0.0
2020-01-29 22:00:00,43.76,300.72937,987.5058,5.086057,84.15913,0.0,0.0
2020-01-29 23:00:00,42.61,301.69995,988.0799,5.9297867,77.943405,0.0,0.0
2020-01-30 00:00:00,42.88,303.3203,988.21906,6.216108,68.55469,0.013583032,0.0
2020-01-30 01:00:00,43.26,305.26477,988.0847,6.71664,57.99839,0.0,0.0
2020-01-30 02:00:00,43.87,307.08163,987.6227,7.543504,50.617535,0.0,0.0
2020-01-30 03:00:00,44.41,308.88843,986.6878,8.044044,44.221806,0.0,0.0
2020-01-30 04:00:00,43.06,310.3888,985.7136,8.084869,39.324368,0.0,0.0
2020-01-30 05:00:00,41.95,311.56985,984.785,8.082557,35.78683,0.009804964,0.0
2020-01-30 06:00:00,42.09,312.28006,984.22955,8.19148,33.42046,0.030085444,0.0
2020-01-30 07:00:00,42.55,312.2705,983.66675,8.752073,32.49851,0.024497509,0.0
2020-01-30 08:00:00,43.43,311.78763,983.68134,9.106948,33.143898,0.08323789,0.0
2020-01-30 09:00:00,44.99,309.9381,984.1401,9.103441,37.53062,0.0,0.0
2020-01-30 10:00:00,45.71,308.43646,984.9507,8.554816,43.67517,0.0,0.0
2020-01-30 11:00:00,45.94,306.88394,986.1094,8.123558,49.640884,0.0,0.0
2020-01-30 12:00:00,45.85,305.38367,987.1418,8.206897,55.079407,0.0,0.0
2020-01-30 13:00:00,45.42,304.31097,988.02924,7.5194397,59.08359,0.0,0.0
2020-01-30 14:00:00,43.54,303.53278,988.2067,7.4129033,62.094044,0.0,0.0
2020-01-30 15:00:00,41.69,302.649,987.9454,7.346544,66.09346,0.0,0.0
2020-01-30 16:00:00,40.33,301.74915,987.1406,7.5904655,70.60743,0.0,0.0
2020-01-30 17:00:00,39.91,300.9715,986.7432,7.8053584,75.1565,0.0,0.0
2020-01-30 18:00:00,40.43,300.357,986.5072,7.0152116,79.43648,0.0,0.0
2020-01-30 19:00:00,42.29,300.32428,986.968,6.2474985,82.15547,0.002577901,0.0
2020-01-30 20:00:00,43.68,300.28345,987.955,5.5896373,82.497475,0.039100647,0.0
2020-01-30 21:00:00,45.06,300.3684,988.4698,5.3830695,81.691734,0.03093481,0.0
2020-01-30 22:00:00,45.17,300.46475,989.1969,5.7057877,80.60661,0.0021904707,0.0
2020-01-30 23:00:00,43.83,301.17554,989.82404,6.5864925,75.743835,0.0021904707,0.0
2020-01-31 00:00:00,41.95,302.3612,989.8784,6.497561,69.125046,0.22590458,0.0
2020-01-31 01:00:00,41.05,303.94806,989.8131,6.135344,60.89774,0.0,0.0
2020-01-31 02:00:00,39.23,306.06604,989.24884,5.9957247,51.19063,0.0,0.0
2020-01-31 03:00:00,38.8,307.6048,988.56354,6.0883923,44.69474,0.0,0.0
2020-01-31 04:00:00,38.72,309.34195,987.93396,6.161726,38.26322,0.0,0.0
2020-01-31 05:00:00,38.02,310.94952,987.1552,6.429873,33.056614,0.0,0.0
2020-01-31 06:00:00,37.41,311.5951,986.52783,6.8940015,30.84044,0.0,0.0
2020-01-31 07:00:00,37.54,312.4163,986.0839,6.879012,28.782394,0.0,0.0
2020-01-31 08:00:00,38.44,312.08044,985.8895,7.649612,28.49295,0.0,0.0
2020-01-31 09:00:00,39.55,310.5608,986.18634,8.924354,33.031643,0.0,0.0
2020-01-31 10:00:00,40.1,308.53946,987.1461,8.388509,41.372414,0.0,0.0
2020-01-31 11:00:00,41.77,306.96997,988.012,7.1984606,47.58291,0.0,0.0
2020-01-31 12:00:00,42.01,305.734,988.7707,7.0999346,52.019566,0.0,0.0
2020-01-31 13:00:00,41.0,304.50897,989.6424,6.84549,56.405743,0.0,0.0
2020-01-31 14:00:00,41.4,303.44482,990.35205,6.47339,60.828484,0.0,0.0
2020-01-31 15:00:00,41.98,302.42035,989.927,6.4051366,65.74465,0.0,0.0
2020-01-31 16:00:00,42.98,301.53818,989.3717,6.7464933,70.46538,0.0,0.0
2020-01-31 17:00:00,43.14,300.84436,988.8223,6.864998,74.134705,0.0,0.0
2020-01-31 18:00:00,43.72,300.34015,988.40564,6.381935,76.64174,0.0,0.0
2020-01-31 19:00:00,44.5,300.15002,989.29016,4.8846426,79.03503,0.0,0.0
2020-01-31 20:00:00,43.58,300.00882,990.38916,4.6719985,80.17218,0.0,0.0
2020-01-31 21:00:00,43.2,299.73175,990.89154,4.4108205,82.004585,0.0,0.0
2020-01-31 22:00:00,43.16,299.8474,991.59686,4.979304,81.52,0.0,0.0
2020-01-31 23:00:00,42.63,301.01544,992.35455,6.6809645,75.03314,0.0,0.0
2020-02-01 00:00:00,43.61,302.61105,992.53143,6.195839,66.65986,0.0,0.0
2020-02-01 01:00:00,44.18,304.36734,992.3427,5.688517,57.10001,0.0,0.0
2020-02-01 02:00:00,46.2,306.22406,991.8758,5.3364887,48.178326,0.0,0.0
2020-02-01 03:00:00,47.29,308.12653,991.01013,5.407988,40.430843,0.0,0.0
2020-02-01 04:00:00,47.87,309.56128,990.05237,5.635399,35.225655,0.0,0.0
2020-02-01 05:00:00,49.02,310.70273,989.12103,5.8254733,31.731691,0.0,0.0
2020-02-01 06:00:00,49.8,311.21338,988.23126,6.054551,30.226454,0.0,0.0
2020-02-01 07:00:00,,311.1105,987.82336,5.1274524,29.929533,0.0,0.0
2020-02-01 08:00:00,,311.31396,987.26874,5.081167,29.198917,0.0,0.0
2020-02-01 09:00:00,,310.9713,987.6155,4.6943235,29.795113,0.0,0.0
2020-02-01 10:00:00,,310.3156,988.324,4.2063494,31.480965,0.0,0.0
2020-02-01 11:00:00,,309.40552,988.8033,3.796937,35.038685,0.0,0.0
2020-02-01 12:00:00,,308.37964,989.2939,4.8648667,39.33053,0.0,0.0
2020-02-01 13:00:00,,307.3753,989.66034,5.0403857,43.578003,0.0,0.0
2020-02-01 14:00:00,,306.49725,989.97076,5.574334,47.08244,0.0,0.0
2020-02-01 15:00:00,,305.17017,990.19415,6.976586,53.34073,0.0,0.0
2020-02-01 16:00:00,,303.6178,989.89655,7.4420996,62.2381,0.0,0.0
2020-02-01 17:00:00,,302.63242,990.27734,5.9191694,67.982956,0.0,0.0
2020-02-01 18:00:00,,302.00894,990.37366,4.569439,70.77521,0.0,2.01
2020-02-01 19:00:00,,301.41724,991.1895,4.8768578,74.5201,0.0029057264,34.97
2020-02-01 20:00:00,,301.06366,991.9803,4.766078,75.99815,0.0046193604,10.43
2020-02-01 21:00:00,,300.9118,992.4183,4.9254465,76.0085,0.0,13.75
2020-02-01 22:00:00,,300.84656,993.3261,4.411943,75.121346,0.0,9.799999
2020-02-01 23:00:00,,301.0241,993.0692,5.678188,72.41753,0.0,4.42
2020-02-02 00:00:00,,301.85718,992.35596,7.7249994,66.15033,0.010123004,3.25
2020-02-02 01:00:00,,302.66916,991.9503,6.723081,60.621746,0.0,0.22
2020-02-02 02:00:00,,303.72906,991.9175,4.819951,55.23584,0.0,0.0
2020-02-02 03:00:00,,304.99677,991.26904,4.23058,50.256138,0.0,0.0
2020-02-02 04:00:00,,305.58478,990.7407,4.118277,47.992573,0.032909214,0.0
2020-02-02 05:00:00,,306.2528,990.37354,3.6030536,45.67429,0.02901256,0.0
2020-02-02 06:00:00,,306.4846,989.55383,3.7994747,44.73542,0.012516975,0.0
2020-02-02 07:00:00,,306.5461,989.5172,2.9986565,47.529785,0.0,0.0
2020-02-02 08:00:00,,306.70215,989.15204,3.1126332,46.69092,0.0,0.0
2020-02-02 09:00:00,,306.81097,988.9014,3.6287746,45.955116,0.0,0.0
2020-02-02 10:00:00,,306.38342,989.18726,3.531422,47.740932,0.0,0.0
2020-02-02 11:00:00,,305.5373,989.25195,3.7311447,50.956787,0.0,0.01
2020-02-02 12:00:00,,304.85962,989.34595,4.416058,52.831257,0.0,3.54
2020-02-02 13:00:00,,304.2699,989.36475,4.956001,54.711998,0.0,0.02
2020-02-02 14:00:00,,303.64737,989.7364,5.0847235,57.759266,0.0,11.15
2020-02-02 15:00:00,,302.88074,989.5496,4.873505,61.621082,0.0,4.27
2020-02-02 16:00:00,,302.27814,989.6297,4.3398557,64.79459,0.0,0.0
2020-02-02 17:00:00,,301.86874,989.39905,3.8981366,67.70939,0.0,0.0
2020-02-02 18:00:00,,301.5689,989.24,3.351454,70.65114,0.0,1.13
2020-02-02 19:00:00,,300.93024,988.9765,5.3487587,74.33784,0.0,0.0
2020-02-02 20:00:00,,300.83185,989.1442,4.9084325,76.40419,0.0,0.24
2020-02-02 21:00:00,,300.75848,989.7502,3.9045475,77.624725,0.0023573665,0.13
2020-02-02 22:00:00,,300.61682,990.5365,2.9232466,78.96708,0.02899766,0.0
2020-02-02 23:00:00,,301.5199,991.18915,2.048978,74.72874,0.035509467,0.0
2020-02-03 00:00:00,,302.68097,991.42487,1.2534134,67.97882,0.21016896,0.0
2020-02-03 01:00:00,,303.7577,991.49097,2.046041,61.6575,0.0,0.0
2020-02-03 02:00:00,,304.77496,991.3248,4.1660137,52.8832,0.010823831,0.0
2020-02-03 03:00:00,,305.63385,990.53406,4.7900724,44.54976,0.0,0.0
2020-02-03 04:00:00,,306.06848,990.09546,5.3821163,40.10788,0.0,0.0
2020-02-03 05:00:00,,306.25375,989.4409,5.58432,36.089207,0.0,0.0
2020-02-03 06:00:00,,305.84314,988.8792,5.524678,32.444695,0.0041276217,0.0
2020-02-03 07:00:00,,306.46674,987.38586,6.8770223,43.828156,0.0,0.0
2020-02-03 08:00:00,,305.33453,987.5059,6.702035,50.373215,0.013220309,0.0
2020-02-03 09:00:00,,305.0719,987.8646,6.5004735,51.110767,0.10550022,0.0
2020-02-03 10:00:00,,304.7903,988.6325,5.4153633,51.468967,0.03951788,0.0
2020-02-03 11:00:00,,304.1462,989.07526,3.5016367,54.137505,0.06626545,1.01
2020-02-03 12:00:00,,303.00418,989.5413,2.602254,59.674377,0.21630526,1.9
2020-02-03 13:00:00,,302.42136,989.84625,1.739431,62.692856,0.0500381,7.97
2020-02-03 14:00:00,,302.06744,989.91907,1.8005946,65.14746,0.05109608,3.0
2020-02-03 15:00:00,,301.615,989.58014,1.6309991,67.99547,0.04799664,0.97
2020-02-03 16:00:00,,301.31708,989.03625,1.5456029,70.04449,0.024080276,1.3799999
2020-02-03 17:00:00,,301.17023,988.1653,2.1372855,71.25902,0.009849668,0.28
2020-02-03 18:00:00,,301.07318,987.74524,3.117189,71.61103,0.007107854,0.04
2020-02-03 19:00:00,,300.66193,987.4614,3.8651845,74.84047,0.05079806,0.13
2020-02-03 20:00:00,,299.9898,987.1472,4.1942253,76.96582,0.9091675,0.0
2020-02-03 21:00:00,,299.67667,987.57306,4.395952,78.706505,0.7940262,0.12
2020-02-03 22:00:00,,299.3886,987.6252,4.670655,80.383415,0.99409235,0.29
2020-02-03 23:00:00,,299.39337,987.83044,5.388032,81.07212,1.5082089,0.0
2020-02-04 00:00:00,,299.6146,988.0664,6.533444,79.894485,6.19424,0.0
2020-02-04 01:00:00,,300.31268,988.15283,7.122653,76.753105,0.0,0.0
2020-02-04 02:00:00,,301.69272,987.8883,7.1101866,69.52436,0.42443162,0.0
2020-02-04 03:00:00,,303.57822,987.13983,6.9007945,61.4506,0.4831925,0.39
2020-02-04 04:00:00,,304.76923,986.4253,6.428347,58.20676,0.21966547,2.6799998
2020-02-04 05:00:00,,305.34924,985.7363,5.964736,56.34379,0.010713935,2.8600001
2020-02-04 06:00:00,,305.69507,984.8228,5.591083,54.766335,0.008113682,0.78999996
2020-02-04 07:00:00,,305.05774,984.48486,5.088228,59.610302,0.018164515,0.80999994
2020-02-04 08:00:00,,302.74634,984.72186,5.675591,70.112144,3.2435656,0.0
2020-02-04 09:00:00,,302.24768,985.72345,5.061374,74.337524,1.0333285,0.0
2020-02-04 10:00:00,,301.69858,986.1208,4.8846383,78.7246,0.29871613,2.07
2020-02-04 11:00:00,,301.31662,986.99646,5.4070425,79.55239,0.08672476,18.39
2020-02-04 12:00:00,,300.97943,987.5631,5.643632,80.19359,0.04336238,2.61
2020-02-04 13:00:00,,300.69724,987.5814,5.8931174,80.45511,0.032126904,0.28
2020-02-04 14:00:00,,300.41504,987.84595,6.249448,80.613655,0.053957105,0.0
2020-02-04 15:00:00,,299.96814,987.6103,6.4180045,81.836494,0.25215745,0.12
2020-02-04 16:00:00,,299.58987,987.16455,6.299343,83.4075,0.22299588,0.26999998
2020-02-04 17:00:00,,299.53687,986.72034,6.408042,83.51029,0.025987625,0.16999999
2020-02-04 18:00:00,,299.56628,986.4,6.7146935,82.394135,0.0,0.04
2020-02-04 19:00:00,,299.22726,986.03406,7.084734,84.95946,0.0,0.0
2020-02-04 20:00:00,,299.33582,986.1833,7.324212,83.69826,0.0021457672,0.0
2020-02-04 21:00:00,,299.4687,986.6897,7.443388,82.34866,0.0012814999,0.0
2020-02-04 22:00:00,,299.53845,987.08044,7.528133,81.27031,0.0,0.0
2020-02-04 23:00:00,,300.3841,988.0712,7.9355755,77.392075,0.0,0.0
2020-02-05 00:00:00,,301.64462,988.3102,10.198374,70.58759,7.488668,0.0
2020-02-05 01:00:00,,302.79456,988.40765,10.258215,64.42505,0.0,0.0
2020-02-05 02:00:00,,303.90857,988.09186,10.63942,59.3951,0.0,0.0
2020-02-05 03:00:00,,304.6055,987.5235,10.774536,57.11481,0.0,0.0
2020-02-05 04:00:00,,304.61414,987.23444,10.36254,56.841892,0.0,0.0
2020-02-05 05:00:00,,304.56506,986.67,9.673783,56.440723,0.0,0.0
2020-02-05 06:00:00,,305.14917,986.3157,9.210415,54.85692,0.0023320317,0.0
2020-02-05 07:00:00,,304.58997,986.28455,8.024332,58.255844,0.0042721624,0.0
2020-02-05 08:00:00,,304.50665,986.32404,7.807026,58.158134,0.0,0.0
2020-02-05 09:00:00,,303.55692,986.8139,6.766066,62.35696,0.009439886,0.0
2020-02-05 10:00:00,,302.05945,987.9356,5.8520265,69.8381,0.03207475,0.0
2020-02-05 11:00:00,,300.61005,989.29,4.846106,77.69151,0.31984597,0.0
2020-02-05 12:00:00,,300.1004,990.3312,3.921367,80.617386,0.38082898,0.0
2020-02-05 13:00:00,,299.83368,990.7403,3.6456366,81.98162,1.0418445,0.0
2020-02-05 14:00:00,,299.7141,991.33624,3.6339848,82.79605,0.5415976,0.0
2020-02-05 15:00:00,,299.64026,991.25854,3.447734,83.31562,0.082820654,0.0
2020-02-05 16:00:00,,299.5716,990.7622,3.5165431,83.510765,0.0,0.0
2020-02-05 17:00:00,,299.46838,990.4938,3.5272784,83.692696,0.0,0.0
2020-02-05 18:00:00,,299.26978,990.1418,3.3003747,84.28033,0.0,0.0
2020-02-05 19:00:00,,299.30823,990.052,3.1044583,83.37589,0.0,0.0
2020-02-05 20:00:00,,299.1181,990.23224,3.4410946,83.838585,0.0,0.0
2020-02-05 21:00:00,,298.97797,990.68787,3.8038363,83.82989,0.0,0.0
2020-02-05 22:00:00,,298.90887,990.9747,4.020177,83.68537,0.0,0.0
2020-02-05 23:00:00,,300.07678,991.6141,4.869235,78.087685,0.0,0.0
2020-02-06 00:00:00,,301.54053,992.2341,5.595141,71.315285,2.4167519,0.0
2020-02-06 01:00:00,,303.13885,992.4306,5.519275,65.07853,0.0,0.0
2020-02-06 02:00:00,,304.58362,992.2321,5.3773727,59.740005,0.0036731362,0.0
2020-02-06 03:00:00,,305.47565,991.4439,5.455052,54.51566,0.078722835,0.0
2020-02-06 04:00:00,,305.98926,990.9929,5.1531234,51.322556,0.016920269,0.0
2020-02-06 05:00:00,,306.52536,990.49884,4.7477374,49.17083,0.007711351,0.0
2020-02-06 06:00:00,,306.47513,990.0215,4.0849757,48.533096,0.0055357814,0.0
2020-02-06 07:00:00,,307.78003,989.2103,3.846821,42.763386,0.0,0.0
2020-02-06 08:00:00,,307.7108,988.45825,3.7914257,42.79677,0.0,0.0
2020-02-06 09:00:00,,307.1944,988.6384,3.3723466,44.29739,0.0,0.0
2020-02-06 10:00:00,,306.07022,989.52203,2.1468906,51.85914,0.0,0.0
2020-02-06 11:00:00,,304.47543,990.56525,2.4986572,60.825096,0.0,0.0
2020-02-06 12:00:00,,303.09027,991.8267,3.7948744,66.93081,0.0,0.0
2020-02-06 13:00:00,,302.03958,992.2452,4.907238,72.530945,0.0,0.0
2020-02-06 14:00:00,,301.33145,992.8608,4.8169627,76.22415,0.0,0.0
2020-02-06 15:00:00,,300.78595,992.3272,4.097783,78.739,0.0,0.0
2020-02-06 16:00:00,,300.23468,991.82983,3.298079,81.74211,0.0,0.0
2020-02-06 17:00:00,,299.7231,991.2395,2.4901435,84.8843,0.0,0.0
2020-02-06 18:00:00,,299.19135,990.90576,1.6259856,88.64677,0.0,0.0
2020-02-06 19:00:00,,299.03568,991.4539,2.232033,86.53141,0.0,0.0
2020-02-06 20:00:00,,298.56668,991.6174,1.306837,90.779625,0.0,0.0
2020-02-06 21:00:00,,299.0103,992.1685,0.2902218,85.93392,0.0,0.0
2020-02-06 22:00:00,,298.4067,992.52985,0.91979945,92.79665,0.0,0.0
2020-02-06 23:00:00,,299.9941,992.85547,0.9272972,81.2307,0.0,0.0
2020-02-07 00:00:00,,301.47217,993.1189,1.6245723,73.86593,0.112998486,0.0
2020-02-07 01:00:00,,303.2012,992.9244,1.881241,65.920876,0.0,0.0
2020-02-07 02:00:00,,304.99664,993.1347,2.1787307,58.17104,0.0,0.0
2020-02-07 03:00:00,,306.3874,992.3004,2.356771,52.62934,0.0018551946,0.0
2020-02-07 04:00:00,,307.32755,991.8253,2.4442441,48.80352,0.0018551946,0.0
2020-02-07 05:00:00,,307.87613,991.0988,2.4920447,46.22125,0.0,0.0
2020-02-07 06:00:00,,308.27356,990.3855,2.4730709,44.82315,0.003412366,0.0
2020-02-07 07:00:00,,308.73785,989.8364,2.003692,39.46647,0.0,0.0
2020-02-07 08:00:00,,308.76093,989.4482,2.1032486,38.597908,0.0,0.0
2020-02-07 09:00:00,,308.5027,989.798,2.698054,39.18429,0.0,0.0
2020-02-07 10:00:00,,307.5217,990.4367,3.1988528,43.869125,0.0,0.0
2020-02-07 11:00:00,,305.77728,991.2377,4.4168177,52.13494,0.0,0.0
2020-02-07 12:00:00,,304.29175,992.42487,5.364869,60.30196,0.0,0.0
2020-02-07 13:00:00,,303.24078,992.59235,5.07812,65.91368,0.0,0.0
2020-02-07 14:00:00,,302.62598,993.3567,3.9174144,68.88357,0.0,0.0
2020-02-07 15:00:00,,302.16763,993.455,2.547406,71.58654,0.0025629997,0.0
2020-02-07 16:00:00,,301.71094,993.2333,1.9665372,74.00744,0.20103157,0.0
2020-02-07 17:00:00,,301.3382,992.6948,1.8237358,76.08554,0.043541193,0.0
2020-02-07 18:00:00,,300.91937,992.3103,2.1392012,78.42654,0.0,0.0
2020-02-07 19:00:00,,300.68292,991.8578,2.7602365,78.69529,0.0017136335,0.0
2020-02-07 20:00:00,,300.23352,991.6186,3.0541427,80.8662,0.0,0.0
2020-02-07 21:00:00,,299.78912,992.1163,2.971965,83.30686,0.0,0.0
2020-02-07 22:00:00,,299.60934,992.6621,2.567399,84.64348,0.0,0.0
2020-02-07 23:00:00,,300.67215,993.33545,3.3358626,78.88613,0.0,0.0
2020-02-08 00:00:00,,302.5263,993.7611,3.9331763,68.305084,0.25686622,0.0
2020-02-08 01:00:00,,304.50085,993.5772,4.3106976,57.83399,0.0,0.0
2020-02-08 02:00:00,,306.37085,993.10693,4.257698,50.41182,0.0,0.0
2020-02-08 03:00:00,,307.89655,992.21124,3.924699,45.85346,0.0,0.0
2020-02-08 04:00:00,,309.36475,991.4992,3.7029898,42.12413,0.0,0.0
2020-02-08 05:00:00,,310.18115,990.6511,3.560326,39.769382,0.006146729,0.0
2020-02-08 06:00:00,,310.44843,989.695,3.4269426,38.57147,0.02503395,0.0
2020-02-08 07:00:00,,309.95892,988.9913,3.007893,39.507374,0.45172125,0.0
2020-02-08 08:00:00,,309.16354,988.76404,3.5526764,40.68231,0.0063553452,0.0
2020-02-08 09:00:00,,305.15472,990.1789,6.8083644,58.887024,1.7715544,0.0
2020-02-08 10:00:00,,304.3705,990.9459,4.338679,62.432663,0.6138459,0.21
2020-02-08 11:00:00,,304.40625,991.7731,4.175321,62.661194,0.029067742,3.56
2020-02-08 12:00:00,,303.13464,992.4553,2.4772565,69.649666,1.4443693,7.83
2020-02-08 13:00:00,,302.80432,993.0661,1.4876544,71.076355,1.0483563,6.9700003
2020-02-08 14:00:00,,302.76923,993.77185,2.520966,71.685684,0.0,5.37
2020-02-08 15:00:00,,302.34552,993.3303,3.4927247,73.657,0.0,3.7399998
2020-02-08 16:00:00,,301.83917,992.61383,3.9849558,76.545746,0.0,4.42
2020-02-08 17:00:00,,301.22455,991.6806,4.185007,79.65378,0.0,1.16
2020-02-08 18:00:00,,300.75806,991.1884,3.8979397,82.22021,0.0,0.63
2020-02-08 19:00:00,,300.50775,990.8336,3.3096368,84.38934,0.0,0.06
2020-02-08 20:00:00,,300.16574,991.00635,3.194981,86.497505,0.0,0.0
2020-02-08 21:00:00,,299.91425,991.5575,3.1355503,88.08611,0.0,0.0
2020-02-08 22:00:00,,299.86694,991.85706,2.7866306,88.825935,0.0,0.0
2020-02-08 23:00:00,,300.84348,992.12885,3.7437806,83.34897,0.0,0.0
2020-02-09 00:00:00,,302.35535,992.52686,4.6296196,75.154655,5.3964734,0.0
2020-02-09 01:00:00,,303.92065,992.23987,4.7734013,66.713104,0.0,0.0
2020-02-09 02:00:00,,305.4099,991.6456,4.570552,58.952957,0.0,0.0
2020-02-09 03:00:00,,306.69714,990.82526,4.3178673,53.08941,0.0,0.0
2020-02-09 04:00:00,,307.79724,989.8546,3.8460667,49.245163,0.0,0.0
2020-02-09 05:00:00,,308.70425,988.5838,3.424164,45.910698,0.0,0.0
2020-02-09 06:00:00,,309.36884,987.52515,3.1492438,42.451775,0.0,0.0
2020-02-09 07:00:00,,309.53336,987.18896,2.485102,39.667133,0.0,0.0
2020-02-09 08:00:00,,309.64963,986.39624,2.6373863,38.561466,0.0,0.0
2020-02-09 09:00:00,,309.413,986.9299,3.1031299,38.740425,0.0,0.0
2020-02-09 10:00:00,,308.22736,987.6404,3.8482025,44.158737,0.0,0.0
2020-02-09 11:00:00,,306.44513,988.2947,5.3246846,51.35693,0.0,0.0
2020-02-09 12:00:00,,304.986,989.2634,6.1059527,58.08701,0.0,0.0
2020-02-09 13:00:00,,304.0075,989.9723,6.166708,63.141216,0.0,0.0
2020-02-09 14:00:00,,303.22934,990.74615,6.2019258,67.66054,0.0,0.0
2020-02-09 15:00:00,,302.40564,990.98065,5.918784,72.185555,0.0,0.0
2020-02-09 16:00:00,,301.7211,990.71124,5.7563877,75.84913,0.0,0.0
2020-02-09 17:00:00,,301.16284,990.359,5.317249,78.98202,0.0,0.0
2020-02-09 18:00:00,,300.70673,990.1702,4.5354614,81.65617,0.0,0.0
2020-02-09 19:00:00,,300.43304,989.985,4.541361,83.42431,0.0,0.0
2020-02-09 20:00:00,,300.1147,990.1877,4.4396334,85.279076,0.0,0.0
2020-02-09 21:00:00,,299.8238,990.7258,4.091765,86.96206,0.0,0.0
2020-02-09 22:00:00,,299.73102,991.3594,3.5363512,87.68477,0.0,0.0
2020-02-09 23:00:00,,300.844,992.0089,4.5501485,80.35034,0.0,0.0
2020-02-10 00:00:00,,302.49432,992.3253,4.4703035,69.37678,0.0,0.0
2020-02-10 01:00:00,,304.2229,992.2896,4.3726153,60.341938,0.0,0.0
2020-02-10 02:00:00,,305.94458,991.6387,4.1247864,52.687706,0.0,0.0
2020-02-10 03:00:00,,307.49042,990.83203,3.94772,46.780407,0.0,0.0
2020-02-10 04:00:00,,308.85175,989.89294,3.9605222,42.297913,0.0,0.0
2020-02-10 05:00:00,,309.8826,989.14,3.8866549,38.73948,0.0,0.0
2020-02-10 06:00:00,,310.56442,988.2875,3.6341743,36.005943,0.0,0.0
2020-02-10 07:00:00,,310.41022,988.2897,3.0198884,37.106243,0.0,0.0
2020-02-10 08:00:00,,310.45154,987.74713,3.2068186,35.96563,0.0,0.0
2020-02-10 09:00:00,,310.15723,988.1164,3.0207152,36.0045,0.0,0.0
2020-02-10 10:00:00,,309.36258,988.57654,2.7346191,37.518234,0.0,0.0
2020-02-10 11:00:00,,308.3407,989.3176,2.862949,41.779724,0.0,0.0
2020-02-10 12:00:00,,307.3946,990.3264,3.3321054,45.24368,0.0,0.0
2020-02-10 13:00:00,,306.6411,991.2014,4.010749,48.15778,0.0,0.0
2020-02-10 14:00:00,,305.7746,992.1445,4.6764827,52.41415,0.0,0.0
2020-02-10 15:00:00,,304.7419,992.0178,5.212359,58.479637,0.0,0.0
2020-02-10 16:00:00,,303.66162,991.7603,5.2664933,64.75802,0.0,0.0
2020-02-10 17:00:00,,302.85568,991.3697,4.98591,69.31445,0.0,0.0
2020-02-10 18:00:00,,302.1747,991.1136,4.583535,73.0052,0.0,0.0
2020-02-10 19:00:00,,301.56528,990.9986,4.4670053,75.75003,0.0,0.0
2020-02-10 20:00:00,,301.14154,991.20233,4.2807927,78.45668,0.0,0.0
2020-02-10 21:00:00,,300.81604,991.97235,3.8950675,80.85791,0.0,0.0
2020-02-10 22:00:00,,300.6689,992.8869,3.721789,82.475624,0.0,0.0
2020-02-10 23:00:00,,301.80164,993.6824,4.369182,77.16854,0.0,0.0
2020-02-11 00:00:00,,303.6364,993.8897,4.3375177,67.7177,0.0,0.0
2020-02-11 01:00:00,,305.80145,993.4982,4.398822,57.557827,0.0,0.0
2020-02-11 02:00:00,,307.6656,993.03265,4.300359,49.839035,0.0,0.0
2020-02-11 03:00:00,,309.33893,992.1463,4.056946,43.850864,0.0,0.0
2020-02-11 04:00:00,,310.6353,991.4045,3.8514795,39.732964,0.0,0.0
2020-02-11 05:00:00,,311.32104,990.5762,3.210835,36.738518,0.0,0.0
2020-02-11 06:00:00,,311.81052,989.8173,3.0783904,34.73594,0.0,0.0
2020-02-11 07:00:00,,311.36395,989.6741,3.6702714,36.732845,0.039100647,0.0
2020-02-11 08:00:00,,311.414,989.4986,3.964846,36.50551,0.017940998,0.0
2020-02-11 09:00:00,,309.4416,990.2428,4.808602,41.39734,0.2582699,0.0
2020-02-11 10:00:00,,308.4983,991.14764,4.9599447,44.507614,0.0,0.0
2020-02-11 11:00:00,,307.6628,992.0211,4.1241894,47.380154,0.0,0.0
2020-02-11 12:00:00,,306.9873,992.8127,4.185576,50.42717,0.0,0.58
2020-02-11 13:00:00,,306.40326,993.27435,4.8228993,52.640522,0.0,0.0
2020-02-11 14:00:00,,305.78424,994.08984,5.5249333,55.515152,0.0,0.0
2020-02-11 15:00:00,,304.8078,993.9313,5.968464,59.6225,0.0,0.0
2020-02-11 16:00:00,,303.90408,993.4639,5.6791887,63.448162,0.0,0.0
2020-02-11 17:00:00,,303.143,993.0636,5.1340923,66.65975,0.0,0.29
2020-02-11 18:00:00,,302.58984,992.7964,4.7760663,69.31313,0.0,1.7299999
2020-02-11 19:00:00,,301.55966,993.10846,3.7409666,74.55216,0.0,1.6
2020-02-11 20:00:00,,301.2494,993.0842,3.5070624,76.726685,0.0,2.94
2020-02-11 21:00:00,,301.03235,993.7639,3.2385514,78.52496,0.0,2.1399999
2020-02-11 22:00:00,,300.94525,994.04834,2.8671112,79.38393,0.0,0.44
2020-02-11 23:00:00,,301.87888,994.62775,3.499995,74.49683,0.0,0.44
2020-02-12 00:00:00,,303.49005,994.74493,3.7646332,66.19213,0.31626523,1.1
2020-02-12 01:00:00,,305.4477,994.48444,4.0538692,57.53865,0.0,1.33
2020-02-12 02:00:00,,307.53302,993.6808,4.2985024,49.266243,0.0,0.42999998
2020-02-12 03:00:00,,309.08728,992.59705,3.943068,43.60684,0.008285046,3.69
2020-02-12 04:00:00,,310.01062,991.5522,3.4380715,40.50108,0.020578504,4.85
2020-02-12 05:00:00,,311.37103,990.5175,3.1557148,37.013557,0.037752092,5.19
2020-02-12 06:00:00,,312.16522,989.59106,2.8113086,35.003365,0.024922192,3.0099998
2020-02-12 07:00:00,,308.48505,991.04156,2.6480193,45.59223,0.0011473894,0.51
2020-02-12 08:00:00,,308.45007,990.3533,2.5838983,45.17879,0.0,0.0
2020-02-12 09:00:00,,307.88168,991.04596,2.1284873,46.50386,0.0032067327,0.0
2020-02-12 10:00:00,,307.4666,991.1328,2.2024448,47.767212,0.0,0.0
2020-02-12 11:00:00,,307.14978,991.4456,2.0545554,48.855762,0.0,0.0
2020-02-12 12:00:00,,306.48633,991.767,2.8278222,51.311024,0.0,0.0
2020-02-12 13:00:00,,305.85052,992.295,3.4690294,53.856705,0.0,0.0
2020-02-12 14:00:00,,305.14,992.6264,3.8378072,56.45484,0.0,0.0
2020-02-12 15:00:00,,304.34146,992.5554,4.28795,59.026836,0.0,0.0
2020-02-12 16:00:00,,303.5716,992.2989,4.846062,61.387028,0.0,0.0
2020-02-12 17:00:00,,302.79898,992.2375,4.8140235,63.69878,0.0,0.0
2020-02-12 18:00:00,,302.34964,992.14294,4.3054404,64.71306,0.0,0.0
2020-02-12 19:00:00,,302.1223,990.6872,5.034131,66.23308,0.0,0.0
2020-02-12 20:00:00,,301.47205,990.5475,5.21572,70.48693,0.0,0.0
2020-02-12 21:00:00,,301.04498,991.3739,4.971229,75.40564,0.0,0.0
2020-02-12 22:00:00,,300.96786,991.66956,4.584704,78.65829,0.0,0.0
2020-02-12 23:00:00,,302.28766,992.5121,5.7502146,73.535446,0.0,0.0
2020-02-13 00:00:00,,304.35098,992.41956,6.096196,63.603657,0.09672622,0.0
2020-02-13 01:00:00,,306.58865,992.33734,6.3059025,53.96405,0.0,0.0
2020-02-13 02:00:00,,308.5735,991.65845,6.311078,46.48146,0.0,0.0
2020-02-13 03:00:00,,310.2755,990.9014,5.912483,40.965958,0.0012889504,0.0
2020-02-13 04:00:00,,311.64044,989.96765,5.2264514,36.684193,0.0,0.0
2020-02-13 05:00:00,,312.7054,989.1722,4.623776,33.100838,0.0,0.0
2020-02-13 06:00:00,,313.42383,988.4963,4.041568,30.607292,0.0,0.0
2020-02-13 07:00:00,,312.15958,988.20953,4.4671407,35.142673,0.0017136335,0.0
2020-02-13 08:00:00,,311.70337,988.3655,4.5959134,35.875187,0.1591891,0.0
2020-02-13 09:00:00,,309.6955,988.1163,4.305906,40.65425,0.62683225,0.0
2020-02-13 10:00:00,,309.1388,989.1639,3.6754897,41.639,0.0,0.0
2020-02-13 11:00:00,,308.5506,989.5889,3.095638,43.863716,0.0,0.0
2020-02-13 12:00:00,,307.60767,990.7234,3.7215812,47.66011,0.0,0.0
2020-02-13 13:00:00,,306.59045,991.3797,4.8419476,51.468307,0.0,0.0
2020-02-13 14:00:00,,305.813,991.72235,4.8033423,56.166763,0.0,0.0
2020-02-13 15:00:00,,304.91846,992.01514,5.3454127,62.625877,0.0,0.0
2020-02-13 16:00:00,,304.10004,991.7887,6.321492,67.9788,0.0,0.0
2020-02-13 17:00:00,,303.33917,991.65344,5.2742496,71.97161,0.010356307,0.0
2020-02-13 18:00:00,,302.70258,991.23883,4.6301355,75.38015,0.026211143,0.0
2020-02-13 19:00:00,,302.1139,991.1261,4.0939317,79.2604,0.0,0.0
2020-02-13 20:00:00,,301.79,991.71735,3.7857122,81.37007,0.0,0.0
2020-02-13 21:00:00,,301.45923,991.9228,3.7917624,83.14585,0.0,0.0
2020-02-13 22:00:00,,301.30975,992.0408,4.296192,83.59171,0.0,0.0
2020-02-13 23:00:00,,302.24628,992.45044,5.3790073,77.1464,0.0,0.0
2020-02-14 00:00:00,,303.86902,992.91565,4.46199,68.45516,0.82558393,0.0
2020-02-14 01:00:00,,305.76837,992.8005,3.628309,60.0372,0.0,0.0
2020-02-14 02:00:00,,307.72784,992.1795,3.700339,52.237076,0.0,0.01
2020-02-14 03:00:00,,309.54416,991.1312,3.9314442,45.31343,0.0,0.0
2020-02-14 04:00:00,,311.14355,989.9507,4.126901,39.576492,0.010624528,0.0
2020-02-14 05:00:00,,312.12674,989.06195,4.386707,36.08894,0.015340745,0.0
2020-02-14 06:00:00,,311.50153,988.7518,3.5656343,37.195545,0.15830994,0.0
2020-02-14 07:00:00,,310.17438,988.8772,2.2682245,40.55416,0.09585917,0.0
2020-02-14 08:00:00,,310.81342,988.14703,3.0818791,38.29854,0.016227365,0.0
2020-02-14 09:00:00,,307.30084,989.4895,3.3177435,48.498924,1.4732629,0.0
2020-02-14 10:00:00,,303.2388,990.91266,2.0710306,68.591705,2.230078,0.0
2020-02-14 11:00:00,,302.9616,990.7289,4.4616876,69.40289,0.02321601,0.0
2020-02-14 12:00:00,,302.95352,991.38635,2.8253746,69.96269,0.0,0.0
2020-02-14 13:00:00,,302.8485,992.23315,3.626123,71.19206,0.0,0.0
2020-02-14 14:00:00,,302.586,992.22675,2.5937908,72.515015,0.0,0.0
2020-02-14 15:00:00,,302.33124,992.1244,2.1429193,74.357994,0.0,0.0
2020-02-14 16:00:00,,302.08777,992.0037,2.5613008,76.41048,0.0,0.0
2020-02-14 17:00:00,,301.9168,991.48016,2.4981892,77.832344,0.0,0.0
2020-02-14 18:00:00,,301.794,991.1397,2.2626407,79.11175,0.0,0.0
2020-02-14 19:00:00,,301.6084,991.051,4.214224,77.40143,0.0,0.0
2020-02-14 20:00:00,,301.28748,991.46265,4.2783995,81.53149,0.0,0.0
2020-02-14 21:00:00,,301.01233,992.3211,4.23856,84.73622,0.0,0.0
2020-02-14 22:00:00,,300.93875,993.0975,3.923169,86.0445,0.0,0.0
2020-02-14 23:00:00,,301.75098,993.95734,4.613134,81.623535,0.0,0.0
2020-02-15 00:00:00,,303.2651,994.3691,4.8760242,73.63308,4.0257993,0.0
2020-02-15 01:00:00,,305.0924,994.3257,5.0816793,65.36011,0.0,0.0
2020-02-15 02:00:00,,306.89035,993.8209,5.158334,58.159138,0.0,0.0
2020-02-15 03:00:00,,308.23062,993.0059,4.7098007,52.809895,0.0,0.0
2020-02-15 04:00:00,,309.16977,991.83545,4.1403103,48.958847,0.0,0.0
2020-02-15 05:00:00,,309.81595,990.8003,3.6784027,45.751377,0.0,0.0
2020-02-15 06:00:00,,310.3816,989.97125,3.5745983,43.55806,0.0,0.0
2020-02-15 07:00:00,,311.846,989.2445,4.262927,35.819084,0.0,0.0
2020-02-15 08:00:00,,311.9062,988.65485,4.182362,34.39673,0.0,0.0
2020-02-15 09:00:00,,311.4498,988.485,4.0994024,34.13268,0.0,0.0
2020-02-15 10:00:00,,309.143,989.26953,3.9166455,41.07113,0.0756681,0.0
2020-02-15 11:00:00,,307.70953,989.83484,3.6511784,47.51751,0.0,0.0
2020-02-15 12:00:00,,306.9377,990.3869,3.8049068,51.2237,0.0,0.0
2020-02-15 13:00:00,,306.04132,990.6027,4.318722,55.08959,0.0,0.0
2020-02-15 14:00:00,,305.30655,991.0502,4.7800226,58.56618,0.0,0.0
2020-02-15 15:00:00,,304.71048,991.0109,5.1434383,61.05727,0.0,0.0
2020-02-15 16:00:00,,304.0829,990.4292,5.117865,63.90006,0.0,0.0
2020-02-15 17:00:00,,303.49567,989.96295,5.017258,66.93299,0.0,0.0
2020-02-15 18:00:00,,302.8629,989.938,5.0126815,70.20086,0.0,0.0
2020-02-15 19:00:00,,302.0807,990.4316,5.278924,74.94784,0.0,0.0
2020-02-15 20:00:00,,301.6437,990.7043,4.957955,77.172935,0.0,0.0
2020-02-15 21:00:00,,301.29236,991.3908,4.6506157,78.77845,0.0,0.0
2020-02-15 22:00:00,,301.1269,991.9737,4.141333,79.29518,0.0,0.0
2020-02-15 23:00:00,,302.22125,992.6116,4.815362,72.46063,0.0,0.0
2020-02-16 00:00:00,,304.02435,992.72284,4.9557314,63.68955,0.07816553,0.0
2020-02-16 01:00:00,,306.01245,992.66425,5.0159817,55.817753,0.0,0.0
2020-02-16 02:00:00,,307.68848,992.2566,5.3305726,49.978123,0.0,0.0
2020-02-16 03:00:00,,309.73047,991.2686,5.7746363,43.46035,0.0,0.0
2020-02-16 04:00:00,,311.51474,990.0186,5.986028,37.544624,0.028379261,0.0
2020-02-16 05:00:00,,312.68958,988.96643,5.7485414,32.52082,0.066928566,0.0
2020-02-16 06:00:00,,313.59534,988.0765,5.308878,28.805933,0.04467368,0.0
2020-02-16 07:00:00,,313.97876,987.8421,4.6892333,26.37462,0.010803342,0.0
2020-02-16 08:00:00,,313.89655,987.09906,4.519973,25.800503,0.009045005,0.0
2020-02-16 09:00:00,,313.65778,987.4585,4.2453656,25.762432,0.0,0.0
2020-02-16 10:00:00,,311.26862,988.65094,4.3823605,30.624952,0.04902482,0.0
2020-02-16 11:00:00,,309.34738,989.65515,5.573358,37.876507,0.085532665,0.0
2020-02-16 12:00:00,,307.36182,990.1937,6.6644773,48.174835,0.0,0.0
2020-02-16 13:00:00,,306.42163,990.1994,7.0321956,52.00028,0.0,0.0
2020-02-16 14:00:00,,305.81378,990.2864,6.6943226,54.329346,0.0,0.0
2020-02-16 15:00:00,,305.02155,990.21716,6.470157,58.457672,0.0,0.0
2020-02-16 16:00:00,,304.09277,989.9778,6.2794895,63.473255,0.0,0.0
2020-02-16 17:00:00,,303.26245,990.0689,5.73052,68.10859,0.0,0.0
2020-02-16 18:00:00,,302.62567,990.22437,5.426611,71.65789,0.0,0.0
2020-02-16 19:00:00,,301.71,990.29083,5.444248,78.44998,0.0,0.0
2020-02-16 20:00:00,,301.34332,990.8312,4.9927607,79.74495,0.0,0.0
2020-02-16 21:00:00,,301.03055,991.44006,4.466951,79.95868,0.0,0.0
2020-02-16 22:00:00,,300.91644,992.22314,3.941766,79.08466,0.0,0.0
2020-02-16 23:00:00,,302.05676,992.7356,5.1342883,70.57479,0.0,0.0
2020-02-17 00:00:00,,303.8633,993.0467,5.667874,60.02437,0.29659805,0.0
2020-02-17 01:00:00,,305.93652,993.04736,5.9434648,51.14067,0.0,0.0
2020-02-17 02:00:00,,307.80548,992.4494,5.910402,44.666916,0.0,0.0
2020-02-17 03:00:00,,309.79034,991.5784,5.8579373,39.26981,0.0,0.0
2020-02-17 04:00:00,,311.48874,990.377,5.904683,35.167763,0.0,0.0
2020-02-17 05:00:00,,312.77087,989.5695,5.823277,31.952217,0.00847131,0.0
2020-02-17 06:00:00,,313.5222,988.71423,5.401872,29.508898,0.05542487,0.0
2020-02-17 07:00:00,,314.51605,987.565,5.74052,25.813406,0.01463294,0.0
2020-02-17 08:00:00,,314.5159,987.01953,5.2411447,24.749771,0.0,0.0
2020-02-17 09:00:00,,314.16705,987.0522,5.2372,24.515268,0.0,0.0
2020-02-17 10:00:00,,312.50592,987.71094,6.0531707,28.849169,0.0063851476,0.0
2020-02-17 11:00:00,,310.55408,987.90686,7.4302115,36.03737,0.0,0.0
2020-02-17 12:00:00,,309.46558,988.0761,7.9799337,40.48283,0.0,0.0
2020-02-17 13:00:00,,308.42996,988.28516,8.022188,44.418655,0.0,0.0
2020-02-17 14:00:00,,307.30017,988.94147,7.5534425,49.48564,0.0,0.0
2020-02-17 15:00:00,,305.97296,989.3108,6.9667273,55.702938,0.0,0.88
2020-02-17 16:00:00,,304.86768,989.6678,6.1580253,60.85527,0.0,1.54
2020-02-17 17:00:00,,304.0907,989.9153,5.369717,64.39527,0.0,0.93999994
2020-02-17 18:00:00,,303.41156,989.40875,5.590215,67.21314,0.0,0.089999996
2020-02-17 19:00:00,,302.4526,989.43195,6.186378,73.605576,0.0,1.3
2020-02-17 20:00:00,,301.8573,989.7125,5.3698916,74.7835,0.0,0.24
2020-02-17 21:00:00,,301.4559,990.7606,4.4008727,75.38071,0.0,5.8999996
2020-02-17 22:00:00,,301.24597,991.53485,3.7866,75.94475,0.0,11.549999
2020-02-17 23:00:00,,302.02594,991.89343,5.1080976,71.403786,0.0,6.54
2020-02-18 00:00:00,,303.2542,991.80096,5.7782655,64.20133,0.0862658,3.37
2020-02-18 01:00:00,,305.4929,991.5235,5.868892,54.4773,0.0,2.1599998
2020-02-18 02:00:00,,307.53152,990.9242,4.9683304,47.796238,0.0,0.11
2020-02-18 03:00:00,,309.2754,990.1666,4.3146605,42.630093,0.0,0.0
2020-02-18 04:00:00,,310.83484,988.91943,4.097392,38.202225,0.007905066,0.0
2020-02-18 05:00:00,,311.88593,988.0066,3.6162927,34.898563,0.041738153,0.0
2020-02-18 06:00:00,,312.36984,987.08936,3.2123387,33.056366,0.03338605,0.0
2020-02-18 07:00:00,,309.40106,988.173,2.4123807,40.512978,0.001296401,0.0
2020-02-18 08:00:00,,309.39276,987.885,2.6179137,39.97306,0.023528934,0.0
2020-02-18 09:00:00,,309.38275,987.7961,3.1731966,39.84918,0.0030100346,0.0
2020-02-18 10:00:00,,308.43335,989.0006,1.0651754,41.864334,0.0,0.0
2020-02-18 11:00:00,,306.30933,990.33704,1.4474885,48.806416,1.5121698,0.0
2020-02-18 12:00:00,,306.16428,990.85626,3.1635354,49.760586,0.0,0.0
2020-02-18 13:00:00,,305.65536,990.705,2.3091826,52.38924,0.0,0.0
2020-02-18 14:00:00,,305.06616,990.8508,2.3180075,56.03061,0.0,0.0
2020-02-18 15:00:00,,304.56293,990.51117,2.6146493,58.793194,0.0,0.0
2020-02-18 16:00:00,,304.10486,990.192,2.5701163,61.348198,0.0,0.0
2020-02-18 17:00:00,,303.64093,990.0239,2.580422,64.08852,0.0,0.0
2020-02-18 18:00:00,,303.19745,989.4519,3.0695581,66.34272,0.0,0.0
2020-02-18 19:00:00,,302.50708,989.56866,3.251124,64.29701,0.0,0.0
2020-02-18 20:00:00,,301.96774,990.0371,2.7513373,68.16087,0.0,0.0
2020-02-18 21:00:00,,301.67224,990.5437,2.2878284,71.33021,0.0,0.0
2020-02-18 22:00:00,,301.39368,991.22,1.9817607,74.34067,0.0,0.0
2020-02-18 23:00:00,,302.42596,991.9045,3.163899,71.06808,0.0,0.0
2020-02-19 00:00:00,,303.9621,992.40375,3.5316613,65.27919,1.6230345,0.0
2020-02-19 01:00:00,,305.55783,992.27124,3.077078,58.581768,0.0,0.0
2020-02-19 02:00:00,,306.81342,991.95233,2.244763,53.71086,0.044599175,0.0
2020-02-19 03:00:00,,307.9052,991.05896,2.0012605,50.29456,0.021863729,0.0
2020-02-19 04:00:00,,308.79892,989.91907,1.8055093,46.96227,0.022739172,0.0
2020-02-19 05:00:00,,309.37766,988.7996,1.4156948,43.800945,0.068638474,0.0
2020-02-19 06:00:00,,310.06952,987.96985,1.6390798,41.299072,0.014938414,0.0
2020-02-19 07:00:00,,310.3735,987.0676,3.3870246,35.24067,0.016778708,0.0
2020-02-19 08:00:00,,309.21747,987.2424,6.5923653,41.81259,0.16076118,0.0
2020-02-19 09:00:00,,307.88406,987.4869,5.016653,48.157795,0.0064000487,0.0
2020-02-19 10:00:00,,307.3006,988.15265,2.808073,50.047215,0.027440488,0.0
2020-02-19 11:00:00,,306.8343,988.7936,2.3146544,51.131035,0.0,0.0
2020-02-19 12:00:00,,306.6236,989.5161,1.0516554,52.22413,0.0,0.0
2020-02-19 13:00:00,,306.12714,990.00116,0.6635582,55.59864,0.0,0.0
2020-02-19 14:00:00,,305.71884,990.27094,0.6969297,61.842583,0.0,0.0
2020-02-19 15:00:00,,305.35657,989.97076,1.555878,59.457653,0.0,0.0
2020-02-19 16:00:00,,304.77893,989.3003,2.2045512,61.861313,0.0,0.0
2020-02-19 17:00:00,,304.06305,989.00916,3.7535489,66.24283,0.0,0.0
2020-02-19 18:00:00,,303.13373,988.8711,5.1336246,72.08857,0.0,0.0
2020-02-19 19:00:00,,301.22437,989.3264,3.864735,77.99712,0.0,0.0
2020-02-19 20:00:00,,300.8075,989.694,3.889324,80.23175,0.0,0.0
2020-02-19 21:00:00,,300.48712,990.1386,3.5008671,81.769554,0.0,0.0
2020-02-19 22:00:00,,300.3189,990.92346,3.284627,82.507805,0.0,0.0
2020-02-19 23:00:00,,300.718,991.71576,3.6162748,80.26825,0.0,0.0
2020-02-20 00:00:00,,301.95038,992.3102,3.864455,73.65977,0.38587153,0.0
2020-02-20 01:00:00,,303.7179,992.42975,3.9543047,64.71178,0.0,0.0
2020-02-20 02:00:00,,305.8388,991.9291,3.7559423,55.17436,0.0,0.0
2020-02-20 03:00:00,,307.75146,991.2861,3.5315058,47.394108,0.0,0.0
2020-02-20 04:00:00,,309.07355,990.4891,3.2128606,41.828278,0.02476573,0.0
2020-02-20 05:00:00,,310.11993,989.5586,2.8091772,37.63125,0.022567809,0.0
2020-02-20 06:00:00,,310.95276,988.66516,2.7916481,35.08745,0.0,0.0
2020-02-20 07:00:00,,311.2472,987.69696,2.6804,32.63518,0.0064373016,0.0
2020-02-20 08:00:00,,311.41614,987.06805,1.8260376,32.095604,0.0346452,0.0
2020-02-20 09:00:00,,308.55423,988.71814,1.4678235,38.36488,0.40670484,0.0
2020-02-20 10:00:00,,305.20813,990.3443,3.2172208,52.162952,0.19149482,0.0
2020-02-20 11:00:00,,304.33588,991.5389,3.4136994,57.937653,0.24090707,0.0
2020-02-20 12:00:00,,303.11316,992.6136,4.570426,65.91434,0.85267425,0.0
2020-02-20 13:00:00,,302.40314,993.4794,4.6802692,70.23399,0.8110255,0.0
2020-02-20 14:00:00,,302.21942,993.0729,5.5971556,70.849045,0.056684017,0.0
2020-02-20 15:00:00,,301.98138,992.48627,6.0620136,72.06526,0.0,0.0
2020-02-20 16:00:00,,301.9546,991.4883,5.58448,72.20299,0.0,0.0
2020-02-20 17:00:00,,301.91348,990.8212,4.538194,73.83446,0.0,0.0
2020-02-20 18:00:00,,301.68146,991.1768,2.9408965,76.35042,0.0,0.0
2020-02-20 19:00:00,,300.67035,991.86255,3.7685995,77.93712,0.0016987324,0.01
2020-02-20 20:00:00,,300.239,992.2674,3.589762,80.73691,0.0,0.0
2020-02-20 21:00:00,,299.92126,992.54865,3.2518337,82.58834,0.0,0.0
2020-02-20 22:00:00,,299.83987,993.5261,3.3092737,83.207634,0.0,0.0
2020-02-20 23:00:00,,300.2628,994.20953,3.9268932,81.024,0.0,0.0
2020-02-21 00:00:00,,301.34717,994.5808,4.2152987,75.50771,2.6496053,0.0
2020-02-21 01:00:00,,302.9644,994.54596,4.4484444,67.546394,0.0,0.0
2020-02-21 02:00:00,,304.51877,994.1782,4.46736,60.45743,0.0,0.0
2020-02-21 03:00:00,,306.24695,993.02844,4.3249393,53.66048,0.0,0.0
2020-02-21 04:00:00,,307.73325,992.03876,4.018573,47.926975,0.0,0.0
2020-02-21 05:00:00,,308.846,991.08453,3.3741577,43.614086,0.0,0.0
2020-02-21 06:00:00,,309.6599,990.3336,2.5674593,40.04937,0.0,0.0
2020-02-21 07:00:00,,310.19482,989.89124,1.946575,36.48155,0.0,0.0
2020-02-21 08:00:00,,309.9769,989.2825,1.3818593,35.85247,0.0,0.0
2020-02-21 09:00:00,,309.07025,989.8707,1.9949743,36.51525,0.16523898,0.0
2020-02-21 10:00:00,,308.15857,990.8022,3.3104048,40.6239,0.0,0.0
2020-02-21 11:00:00,,307.0065,991.72565,3.4171321,46.576122,0.0,0.0
2020-02-21 12:00:00,,306.09857,992.9011,4.407463,50.358017,0.0,0.0
2020-02-21 13:00:00,,304.5993,993.46594,5.8536654,57.203953,0.0,0.0
2020-02-21 14:00:00,,303.3899,993.7356,5.6789875,65.52334,0.0,0.0
2020-02-21 15:00:00,,302.8139,993.41,5.519223,69.84547,0.0,0.0
2020-02-21 16:00:00,,302.3197,992.9844,5.58902,72.765945,0.0,0.0
2020-02-21 17:00:00,,301.951,992.34467,5.9663687,74.31049,0.0,0.0
2020-02-21 18:00:00,,301.6003,992.0027,5.58035,76.33772,0.0,0.0
2020-02-21 19:00:00,,301.20245,992.29565,4.2919827,78.5121,0.0,0.0
2020-02-21 20:00:00,,300.78592,992.337,3.8096843,81.20801,0.0,0.0
2020-02-21 21:00:00,,300.46057,992.52765,3.6437006,83.37684,0.0,0.0
2020-02-21 22:00:00,,300.32822,993.14087,3.2508776,84.57859,0.0,0.0
2020-02-21 23:00:00,,301.71988,993.6284,3.6809855,77.641556,0.0,0.0
2020-02-22 00:00:00,,303.70483,994.242,3.9589007,67.689156,0.16610622,0.0
2020-02-22 01:00:00,,305.68823,994.09515,3.7960787,58.71189,0.0,0.0
2020-02-22 02:00:00,,307.6176,993.673,3.2266188,50.2577,0.0,0.0
2020-02-22 03:00:00,,309.3193,992.7472,2.2806513,42.53214,0.0,0.0
2020-02-22 04:00:00,,310.7317,991.7272,1.265643,36.035107,0.0,0.0
2020-02-22 05:00:00,,311.7168,990.5859,0.4155473,30.543438,0.0,0.0
2020-02-22 06:00:00,,312.45486,989.60406,0.5997563,27.055582,0.0,0.0
2020-02-22 07:00:00,,313.37555,988.71375,2.413698,21.129572,0.0,0.0
2020-02-22 08:00:00,,313.1043,988.2419,2.5503736,20.630655,0.0,0.0
2020-02-22 09:00:00,,312.77127,988.4778,2.7564898,20.611528,0.0,0.0
2020-02-22 10:00:00,,311.7433,988.51013,3.7980204,23.596113,0.0,0.0
2020-02-22 11:00:00,,309.7971,989.4761,4.406631,29.983753,0.0,0.0
2020-02-22 12:00:00,,308.25192,990.1809,4.630424,34.622623,0.0,0.0
2020-02-22 13:00:00,,307.0937,990.4211,4.397847,37.526276,0.0,0.0
2020-02-22 14:00:00,,306.3426,991.1529,5.0211167,39.973217,0.0,0.0
2020-02-22 15:00:00,,305.2868,990.71735,6.1025825,47.716736,0.0,0.0
2020-02-22 16:00:00,,304.2339,990.66815,6.4885545,58.405937,0.0,0.0
2020-02-22 17:00:00,,303.45435,990.21,5.9562907,65.35291,0.0,0.0
2020-02-22 18:00:00,,302.86072,990.04694,5.010901,69.096985,0.0,0.0
2020-02-22 19:00:00,,302.00827,990.7019,3.87348,72.5046,0.0,0.0
2020-02-22 20:00:00,,301.4762,990.51,3.270295,76.000824,0.0,0.0
2020-02-22 21:00:00,,301.07443,990.9381,2.9738324,78.926346,0.0,0.0
2020-02-22 22:00:00,,300.8507,991.2804,2.78864,80.966675,0.0,0.0
2020-02-22 23:00:00,,302.31293,991.83716,3.5316553,74.80896,0.0,0.0
2020-02-23 00:00:00,,304.51263,992.1033,3.7640378,63.96088,0.0,0.0
2020-02-23 01:00:00,,306.893,991.813,3.8325355,52.9228,0.0,0.0
2020-02-23 02:00:00,,309.28564,991.2243,3.9858694,43.09234,0.0,0.0
2020-02-23 03:00:00,,311.31473,990.08,3.7784283,34.944378,0.0,0.0
2020-02-23 04:00:00,,312.65695,989.2302,3.1373525,28.745756,0.0,0.0
2020-02-23 05:00:00,,313.323,988.12836,2.2310798,24.560146,0.0,0.0
2020-02-23 06:00:00,,313.9144,987.2872,2.1173465,22.733927,0.0,0.0
2020-02-23 07:00:00,,313.88388,987.3107,2.0171266,20.34541,0.0,0.0
2020-02-23 08:00:00,,313.54803,987.00336,2.433041,20.576326,0.0,0.0
2020-02-23 09:00:00,,312.98706,987.5643,3.1206431,21.553097,0.0,0.0
2020-02-23 10:00:00,,312.09717,988.0519,4.6363616,24.198107,0.0,0.0
2020-02-23 11:00:00,,310.48602,988.5066,6.2851233,30.371714,0.0,0.0
2020-02-23 12:00:00,,308.57953,989.28687,7.117878,39.64262,0.0,0.0
2020-02-23 13:00:00,,307.52863,989.41315,6.286239,44.412468,0.0,0.0
2020-02-23 14:00:00,,306.487,989.9829,7.236789,49.375202,0.0,0.0
2020-02-23 15:00:00,,305.22714,990.1942,7.3895216,57.267944,0.0,0.0
2020-02-23 16:00:00,,304.18408,990.0798,6.4344473,63.825924,0.0,0.0
2020-02-23 17:00:00,,303.48688,990.03094,5.6186004,67.94674,0.0,0.0
2020-02-23 18:00:00,,302.83966,989.875,4.9538383,71.16864,0.0,0.0
2020-02-23 19:00:00,,301.92584,989.9511,5.0758495,73.04207,0.0,0.0
2020-02-23 20:00:00,,301.3844,990.34436,4.42928,75.83965,0.0,0.0
2020-02-23 21:00:00,,300.9376,990.9345,3.8993127,78.433205,0.0,0.0
2020-02-23 22:00:00,,300.6614,991.77167,3.822258,80.36672,0.0,0.0
2020-02-23 23:00:00,,301.60596,992.30615,5.1396484,76.33525,0.0,0.0
2020-02-24 00:00:00,,303.50323,992.5232,5.448431,67.06779,0.0,0.0
2020-02-24 01:00:00,,305.8611,992.5581,5.442062,56.216866,0.0,0.0
2020-02-24 02:00:00,,308.23706,992.0073,5.5143094,46.341553,0.0,0.0
2020-02-24 03:00:00,,310.30127,991.1342,5.471129,38.594055,0.0,0.0
2020-02-24 04:00:00,,311.9438,989.92737,4.8139453,31.51342,0.0,0.0
2020-02-24 05:00:00,,312.80112,989.01685,3.8199449,26.89014,0.0,0.0
2020-02-24 06:00:00,,312.76984,987.8374,3.6617236,26.392174,0.0,0.0
2020-02-24 07:00:00,,313.26978,987.62756,3.7351887,24.1148,0.0,0.0
2020-02-24 08:00:00,,313.2718,987.082,3.3864336,23.69193,0.0,0.0
2020-02-24 09:00:00,,313.0636,987.2963,3.5184598,23.747583,0.0,0.0
2020-02-24 10:00:00,,312.07477,988.1847,4.7068543,25.733133,0.0,0.0
2020-02-24 11:00:00,,309.51,988.7903,7.959503,37.21601,0.0,0.0
2020-02-24 12:00:00,,306.91025,989.4183,9.208123,51.437275,0.0,0.0
2020-02-24 13:00:00,,306.2568,989.63654,8.633963,52.817024,0.0,0.0
2020-02-24 14:00:00,,305.48035,989.89575,7.9258437,54.184586,0.0,0.0
2020-02-24 15:00:00,,304.82074,990.0489,6.8225436,56.09851,0.0,0.0
2020-02-24 16:00:00,,304.0995,990.1262,5.2788258,59.385014,0.0,0.0
2020-02-24 17:00:00,,303.3401,989.8546,4.6595955,63.754917,0.0,0.0
2020-02-24 18:00:00,,302.66327,989.8173,4.837385,68.38068,0.0,0.0
2020-02-24 19:00:00,,301.7077,989.8295,5.164876,74.37683,0.0,0.0
2020-02-24 20:00:00,,301.09732,989.6238,4.993667,79.01845,0.0,0.0
2020-02-24 21:00:00,,300.70404,990.447,4.9935465,82.3937,0.0,0.0
2020-02-24 22:00:00,,300.4697,990.98517,5.0469756,84.32406,0.0,0.01
2020-02-24 23:00:00,,301.45966,991.7879,6.416746,78.74731,0.0,0.0
2020-02-25 00:00:00,,303.02954,992.3404,6.421653,68.50647,0.003435998,0.0
2020-02-25 01:00:00,,305.2188,992.32544,6.384427,56.376934,0.0,0.0
2020-02-25 02:00:00,,307.37405,991.618,6.168359,47.497063,0.0,0.0
2020-02-25 03:00:00,,309.42017,990.70764,5.9033966,39.78515,0.0,0.0
2020-02-25 04:00:00,,311.1836,989.3286,5.3630147,32.1479,0.0,0.0
2020-02-25 05:00:00,,312.44122,988.1936,4.583083,26.31891,0.0,0.0
2020-02-25 06:00:00,,313.2229,986.97986,4.037866,22.80284,0.0,0.0
2020-02-25 07:00:00,,313.47565,986.7131,3.4749985,21.565353,0.0,0.0
2020-02-25 08:00:00,,313.55966,986.3081,3.4884534,20.749893,0.0,0.0
2020-02-25 09:00:00,,313.22552,986.4949,3.4183993,20.508327,0.0,0.0
2020-02-25 10:00:00,,312.63525,987.16156,3.0703487,20.664879,0.0,0.0
2020-02-25 11:00:00,,311.64944,987.58295,2.6050363,22.299726,0.0,0.0
2020-02-25 12:00:00,,310.34732,988.21515,4.7184906,25.986422,0.0,0.0
2020-02-25 13:00:00,,307.16608,988.9666,8.297452,46.3466,0.0,0.0
2020-02-25 14:00:00,,305.12952,989.0683,8.436844,60.202675,0.0,0.0
2020-02-25 15:00:00,,304.74362,988.9136,7.366005,61.673183,0.0,0.0
2020-02-25 16:00:00,,304.08295,988.3113,6.343804,64.4563,0.0,0.0
2020-02-25 17:00:00,,303.43115,987.925,5.4266877,67.31305,0.0,0.0
2020-02-25 18:00:00,,302.849,987.87604,5.550289,69.68088,0.0,0.0
2020-02-25 19:00:00,,302.17426,987.8173,6.2212853,72.28602,0.0,0.0
2020-02-25 20:00:00,,301.66907,987.9986,6.0480304,73.629234,0.0,0.0
2020-02-25 21:00:00,,301.2021,988.56616,5.7929916,74.840775,0.0,0.0
2020-02-25 22:00:00,,300.85284,989.2405,5.251447,76.283485,0.0,0.0
2020-02-25 23:00:00,,301.75577,989.8647,6.1327577,72.02766,0.0,0.0
2020-02-26 00:00:00,,303.61044,990.3236,5.630127,62.68266,0.0,0.0
2020-02-26 01:00:00,,305.87875,990.3857,4.6379676,52.724964,0.0,0.0
2020-02-26 02:00:00,,308.07928,989.9205,4.47642,44.66377,0.0,0.0
2020-02-26 03:00:00,,310.2669,988.97144,3.7918737,35.56543,0.0,0.0
2020-02-26 04:00:00,,311.4292,987.90216,2.8404808,30.607323,0.0,0.0
2020-02-26 05:00:00,,312.39166,986.73376,2.0540671,28.150908,0.0,0.0
2020-02-26 06:00:00,,313.1153,985.65094,1.7947781,26.336687,0.0,0.0
2020-02-26 07:00:00,,312.92606,985.47174,1.1428344,29.741531,0.0,0.0
2020-02-26 08:00:00,,312.86755,984.75055,2.0999532,29.48038,0.0021457672,1.12
2020-02-26 09:00:00,,312.95132,984.77466,2.8470142,28.994545,0.002577901,0.65999997
2020-02-26 10:00:00,,311.00854,985.9707,1.5547143,33.57433,0.37807822,1.28
2020-02-26 11:00:00,,306.36044,987.96954,5.827758,52.746574,2.0602794,1.3299999
2020-02-26 12:00:00,,304.42838,988.84296,4.682692,59.712894,0.3541559,0.0
2020-02-26 13:00:00,,304.35028,989.09924,5.5296135,60.727,0.0024735928,0.0
2020-02-26 14:00:00,,303.76874,989.0756,5.6635804,63.23112,0.0,0.12
2020-02-26 15:00:00,,303.2014,989.3016,5.053358,64.79246,0.0,0.0
2020-02-26 16:00:00,,303.06982,988.65155,4.682731,66.62777,0.0,0.0
2020-02-26 17:00:00,,303.02396,988.1367,4.421848,69.61754,0.0,0.0
2020-02-26 18:00:00,,302.95868,987.9942,3.7844393,72.19101,0.0,0.35
2020-02-26 19:00:00,,302.51465,988.2992,3.54839,73.845856,0.0,0.08
2020-02-26 20:00:00,,302.37338,988.74866,2.9754205,75.88476,0.0,0.0
2020-02-26 21:00:00,,302.19977,989.25256,2.647632,77.56132,0.0,0.0
2020-02-26 22:00:00,,302.1015,989.7008,2.4582644,78.31016,0.0,0.0
2020-02-26 23:00:00,,302.95428,990.1945,3.4906197,72.51765,0.0,0.0
2020-02-27 00:00:00,,304.40894,990.5803,3.450879,65.83368,2.8001428,0.0
2020-02-27 01:00:00,,306.127,990.65125,2.9104092,58.070118,0.0,0.0
2020-02-27 02:00:00,,307.5563,990.27155,2.4015477,49.062775,0.0084117055,0.0
2020-02-27 03:00:00,,308.48428,989.53424,2.5844624,42.387848,0.0,0.0
2020-02-27 04:00:00,,310.13315,988.28986,2.5301394,34.83862,0.0,0.0
2020-02-27 05:00:00,,311.78766,987.01624,2.5388184,29.060564,0.0,0.0
2020-02-27 06:00:00,,312.6366,985.9422,2.4176056,25.384087,0.0,0.0
2020-02-27 07:00:00,,313.64465,985.48474,4.6383777,22.81623,0.0,0.0
2020-02-27 08:00:00,,313.57913,985.0119,5.510303,23.03572,0.0,0.0
2020-02-27 09:00:00,,312.17728,985.59106,7.277895,25.410955,0.001296401,0.0
2020-02-27 10:00:00,,310.3127,986.55756,7.103493,29.370338,0.0,0.0
2020-02-27 11:00:00,,308.8335,987.605,6.376012,32.10139,0.0,0.0
2020-02-27 12:00:00,,307.6247,988.444,5.298767,34.262268,0.0,0.0
2020-02-27 13:00:00,,306.55823,988.8663,4.737673,36.45944,0.0,0.0
2020-02-27 14:00:00,,305.64163,989.38165,4.720577,38.603085,0.0,0.0
2020-02-27 15:00:00,,304.90494,989.41547,4.541499,39.92976,0.0,0.0
2020-02-27 16:00:00,,304.31104,988.9487,4.003957,40.24102,0.0,0.0
2020-02-27 17:00:00,,303.7066,988.59644,3.5032353,40.587006,0.0,0.0
2020-02-27 18:00:00,,303.10052,988.2477,2.8585536,42.009727,0.0,0.0
2020-02-27 19:00:00,,302.66608,987.71375,2.456629,44.093204,0.0,0.0
2020-02-27 20:00:00,,302.23456,987.8661,2.4158463,46.477356,0.0,0.0
2020-02-27 21:00:00,,302.02905,988.2545,2.521707,48.86831,0.0,0.0
2020-02-27 22:00:00,,301.98767,988.9429,2.7798455,51.36032,0.0,0.0
2020-02-27 23:00:00,,302.9668,989.10876,3.8821375,51.633705,0.0,0.0
2020-02-28 00:00:00,,303.97333,989.1361,5.548708,50.829323,0.011444092,0.049999997
2020-02-28 01:00:00,,306.00037,988.5759,7.847971,46.010445,0.0,0.0
2020-02-28 02:00:00,,308.08075,987.96967,10.3958,41.766594,0.0,0.0
2020-02-28 03:00:00,,309.16177,987.0033,10.619179,39.47075,0.0,0.0
2020-02-28 04:00:00,,309.41263,986.0168,10.57303,39.481316,0.0,0.0
2020-02-28 05:00:00,,309.86102,985.04376,10.573938,39.22226,0.00731647,0.0
2020-02-28 06:00:00,,310.65607,983.7911,10.272391,37.59821,0.0037141144,0.0
2020-02-28 07:00:00,,309.20035,983.83325,11.742842,37.057533,0.87451565,0.089999996
2020-02-28 08:00:00,,306.5778,984.2661,9.279638,47.05298,0.08426607,0.17999999
2020-02-28 09:00:00,,306.49963,984.4487,9.017779,48.76814,0.0,0.17999999
2020-02-28 10:00:00,,305.23602,985.20654,8.534529,55.333286,0.005558133,0.24999999
2020-02-28 11:00:00,,303.78503,986.1778,8.037658,60.83439,0.03710389,0.32
2020-02-28 12:00:00,,303.23538,986.6202,8.027556,63.974785,0.06699562,0.12
2020-02-28 13:00:00,,302.8199,986.9861,8.078291,66.82748,0.07674098,2.24
2020-02-28 14:00:00,,302.3272,987.2065,8.088379,69.37338,0.10205805,2.58
2020-02-28 15:00:00,,301.80988,987.16876,7.464356,71.73668,0.29675663,2.78
2020-02-28 16:00:00,,301.40247,986.59375,7.3039217,73.6888,0.46251714,2.1399999
2020-02-28 17:00:00,,301.25333,986.25885,7.2112155,74.55222,0.046536326,1.8199999
2020-02-28 18:00:00,,301.1375,985.6127,7.203541,74.97295,0.001847744,1.8599999
2020-02-28 19:00:00,,300.81763,985.00854,7.8807144,73.92586,0.03629923,1.8699999
2020-02-28 20:00:00,,300.77182,984.81775,7.643614,74.01448,0.052753136,2.4
2020-02-28 21:00:00,,300.56964,985.21375,10.240845,74.47431,0.29864907,2.8899999
2020-02-28 22:00:00,,300.27893,985.63763,9.426298,77.49807,0.68196654,3.2199998
2020-02-28 23:00:00,,300.31128,986.08795,9.252157,78.8742,0.79667544,1.3299999
2020-02-29 00:00:00,,,,,,,1.52
2020-02-29 01:00:00,,,,,,,3.23
2020-02-29 02:00:00,,,,,,,1.2399999
2020-02-29 03:00:00,,,,,,,0.0
2020-02-29 04:00:00,,,,,,,0.16
2020-02-29 05:00:00,,,,,,,0.86
2020-02-29 06:00:00,,,,,,,3.86
2020-02-29 07:00:00,,,,,,,2.28
2020-02-29 08:00:00,,,,,,,2.29
2020-02-29 09:00:00,,,,,,,1.8
2020-02-29 10:00:00,,,,,,,1.8399999
2020-02-29 11:00:00,,,,,,,4.24
2020-02-29 12:00:00,,,,,,,2.28
2020-02-29 13:00:00,,,,,,,3.36
2020-02-29 14:00:00,,,,,,,2.78
2020-02-29 15:00:00,,,,,,,4.0
2020-02-29 16:00:00,,,,,,,7.6
2020-02-29 17:00:00,,,,,,,8.309999
2020-02-29 18:00:00,,,,,,,7.51
2020-02-29 19:00:00,,,,,,,7.5299997
2020-02-29 20:00:00,,,,,,,8.52
2020-02-29 21:00:00,,,,,,,6.3199997
2020-02-29 22:00:00,,,,,,,10.639999
2020-02-29 23:00:00,,,,,,,13.98
2020-03-01 00:00:00,299.03113,984.8847,12.388724,84.919014,41.533733,11.4,
2020-03-01 01:00:00,299.63596,984.85455,12.738819,82.836105,0.0,12.53,
2020-03-01 02:00:00,299.838,984.7756,12.630297,81.90177,3.023535,5.7299995,
2020-03-01 03:00:00,299.70065,984.2238,12.660016,82.53968,3.4230015,21.49,
2020-03-01 04:00:00,299.80737,983.3789,12.683489,82.15057,3.6650188,20.64,
2020-03-01 05:00:00,299.44617,982.6244,12.5989,85.59863,5.154714,18.349998,
2020-03-01 06:00:00,299.24683,982.33875,12.705639,85.953445,4.3657794,11.65,
2020-03-01 07:00:00,299.70828,980.06287,12.424467,85.46073,4.1152463,10.16,
2020-03-01 08:00:00,299.5683,979.34576,12.488245,84.868675,5.5694804,12.83,
2020-03-01 09:00:00,299.2201,978.7092,12.963726,86.75286,5.97886,18.18,
2020-03-01 10:00:00,299.00647,978.4919,13.988519,87.28328,10.211386,12.93,
2020-03-01 11:00:00,298.82098,978.4409,14.366681,88.71017,8.76166,6.8599997,
2020-03-01 12:00:00,298.8812,978.3672,15.308419,88.6478,4.174292,9.29,
2020-03-01 13:00:00,299.0416,978.31866,15.2830925,88.19088,6.4604135,6.87,
2020-03-01 14:00:00,298.69748,978.47186,14.6329,89.93835,7.743001,2.41,
2020-03-01 15:00:00,298.6363,977.84705,15.06931,90.01005,5.8860483,6.3599997,
2020-03-01 16:00:00,298.61316,977.2793,15.730649,89.40405,3.9490163,2.97,
2020-03-01 17:00:00,298.30475,976.5359,14.619725,90.83299,5.948171,2.34,
2020-03-01 18:00:00,298.21695,976.73706,15.346387,91.28552,4.1588993,1.5999999,
2020-03-01 19:00:00,298.02005,977.15894,13.017237,90.1877,1.5509725,0.12,
2020-03-01 20:00:00,298.26794,977.7297,13.326828,88.34321,1.8456876,0.099999994,
2020-03-01 21:00:00,298.33112,979.15424,13.568629,87.32276,1.6503781,0.0,
2020-03-01 22:00:00,298.29724,980.53064,13.246069,86.63009,1.3188273,0.37,
2020-03-01 23:00:00,298.33926,981.9842,12.714029,85.77462,0.7659942,0.02,
2020-03-02 00:00:00,298.52216,983.4902,12.005396,84.11853,102.70089,0.0,
2020-03-02 01:00:00,298.83868,984.17847,11.4134445,82.17074,0.0,0.0,
2020-03-02 02:00:00,299.40784,984.8189,11.627735,79.3272,0.722833,2.68,
2020-03-02 03:00:00,300.1357,984.67737,10.37513,76.20157,0.48126653,7.1299996,
2020-03-02 04:00:00,300.88263,984.697,11.459808,72.32208,0.5732887,4.63,
2020-03-02 05:00:00,301.45782,984.7009,10.74702,71.13845,0.25485456,0.0,
2020-03-02 06:00:00,301.99963,984.67236,9.813115,69.09934,0.06019324,0.0,
2020-03-02 07:00:00,301.14383,984.6813,11.025843,71.16136,0.06222725,0.0,
2020-03-02 08:00:00,300.68512,984.85846,8.479437,73.68551,0.060379505,0.0,
2020-03-02 09:00:00,300.35983,985.83795,7.598649,75.16515,0.018790364,0.0,
2020-03-02 10:00:00,299.74136,986.8773,6.571033,77.771095,0.008568168,0.0,
2020-03-02 11:00:00,299.32828,987.5533,6.0086923,79.490425,0.04477799,0.0,
2020-03-02 12:00:00,299.15778,988.2103,5.6208444,79.59454,0.004741596,0.0,
2020-03-02 13:00:00,298.9957,988.43225,5.2529974,79.73591,0.0,0.84999996,
2020-03-02 14:00:00,298.62726,988.72095,5.422024,80.21035,0.0,0.0,
2020-03-02 15:00:00,298.21298,988.628,5.3663187,80.68386,0.0,0.0,
2020-03-02 16:00:00,297.77545,988.2419,5.0775237,81.55875,0.0,0.0,
2020-03-02 17:00:00,297.38434,988.0797,4.681086,82.64082,0.0,0.0,
2020-03-02 18:00:00,297.0262,987.95233,4.30412,83.73213,0.0,0.0,
2020-03-02 19:00:00,296.8047,988.0411,4.7206917,82.162025,0.0,0.0,
2020-03-02 20:00:00,296.44354,988.1819,4.332377,82.39615,0.0,0.0,
2020-03-02 21:00:00,296.0885,988.4114,3.7288833,82.90958,0.0,0.0,
2020-03-02 22:00:00,295.8225,988.8489,3.049995,84.11338,0.0,0.0,
2020-03-02 23:00:00,297.04224,989.44946,3.2549393,80.036934,0.0,0.0,
2020-03-03 00:00:00,298.32977,990.0045,4.1787148,74.560005,2.7886808,0.0,
2020-03-03 01:00:00,299.68976,990.1962,5.2504663,69.22729,0.0,0.0,
2020-03-03 02:00:00,300.78485,989.7388,5.4523125,66.313705,0.008728355,0.0,
2020-03-03 03:00:00,301.24475,989.27405,5.502646,64.93415,0.018555671,0.0,
2020-03-03 04:00:00,301.78958,988.4849,5.632851,63.4332,0.01123175,0.0,
2020-03-03 05:00:00,302.20062,988.1129,5.5754313,62.76953,0.014215708,0.0,
2020-03-03 06:00:00,302.49146,987.6107,5.83283,61.536263,0.0061020255,0.0,
2020-03-03 07:00:00,301.3092,988.065,6.160237,65.28904,0.030349199,0.0,
2020-03-03 08:00:00,301.06604,988.10815,5.8146963,66.543274,0.0027418137,0.0,
2020-03-03 09:00:00,300.43347,988.8122,4.6011868,71.33919,0.0028863505,0.0,
2020-03-03 10:00:00,299.7541,989.67065,4.4527054,74.070015,0.0,0.0,
2020-03-03 11:00:00,299.06458,990.2738,4.016944,76.54478,0.0013113022,0.0,
2020-03-03 12:00:00,298.4453,990.35376,3.0891933,79.06866,0.0,0.0,
2020-03-03 13:00:00,297.65936,990.9299,2.6109612,82.28366,0.0,0.0,
2020-03-03 14:00:00,296.96555,991.07874,2.4301124,84.87705,0.0,0.0,
2020-03-03 15:00:00,296.44366,991.08124,2.209361,86.7207,0.0,0.0,
2020-03-03 16:00:00,295.98102,990.4536,1.9731034,88.323586,0.0,0.42,
2020-03-03 17:00:00,295.5797,990.12836,1.840162,89.592445,0.0,0.17999999,
2020-03-03 18:00:00,295.2365,989.8903,1.8976781,90.391014,0.0,0.0,
2020-03-03 19:00:00,295.19202,989.7647,1.9317281,91.84043,0.0,0.0,
2020-03-03 20:00:00,294.95752,990.08826,2.341079,91.86256,0.0,0.0,
2020-03-03 21:00:00,294.7397,990.77075,2.7682707,91.57313,0.0,0.0,
2020-03-03 22:00:00,294.56934,991.2994,3.0834932,91.21813,0.0,0.0,
2020-03-03 23:00:00,295.89337,991.9357,3.6500604,85.600365,0.0,0.0,
2020-03-04 00:00:00,297.52744,992.28326,4.313905,77.446075,0.09969889,0.0,
2020-03-04 01:00:00,298.86725,992.20294,4.5467277,72.41989,0.0,0.0,
2020-03-04 02:00:00,300.25793,991.6306,4.9496303,67.96598,0.0,0.0,
2020-03-04 03:00:00,301.2934,990.813,5.1937246,64.09633,0.0,0.0,
2020-03-04 04:00:00,302.4457,989.6223,5.3943624,59.227364,0.0,0.0,
2020-03-04 05:00:00,303.26062,988.66345,5.4488864,54.714863,0.0,0.0,
2020-03-04 06:00:00,303.9917,988.23016,5.4391017,49.77708,0.0,0.0,
2020-03-04 07:00:00,304.28394,988.1076,4.833258,46.513317,0.0,0.0,
2020-03-04 08:00:00,304.08917,988.113,4.791975,45.42677,0.0,0.0,
2020-03-04 09:00:00,303.2536,988.45624,3.6380908,51.70043,0.0,0.0,
2020-03-04 10:00:00,301.36334,989.1605,3.1556046,61.239124,0.0,0.0,
2020-03-04 11:00:00,299.68192,989.9615,3.1419923,68.23519,0.0,0.0,
2020-03-04 12:00:00,298.56604,990.68756,3.0883918,72.43777,0.0,0.0,
2020-03-04 13:00:00,297.83978,991.2659,2.9429486,75.16524,0.0,0.0,
2020-03-04 14:00:00,297.24036,991.8047,2.7277849,77.539314,0.0,0.0,
2020-03-04 15:00:00,296.60883,991.47675,2.5546398,80.04312,0.0,0.0,
2020-03-04 16:00:00,296.0714,991.1252,2.3000991,82.70593,0.0,0.0,
2020-03-04 17:00:00,295.58197,990.9894,1.9463415,85.53867,0.0,0.0,
2020-03-04 18:00:00,295.28198,990.4227,1.8994147,86.78979,0.0,0.0,
2020-03-04 19:00:00,294.93256,989.9014,2.51998,87.15432,0.0,0.0,
2020-03-04 20:00:00,294.5432,990.21967,2.3945746,88.23209,0.0,0.0,
2020-03-04 21:00:00,294.12537,990.4604,2.125702,89.52786,0.0,0.0,
2020-03-04 22:00:00,293.71405,991.4395,1.6308986,91.31101,0.0,0.0,
2020-03-04 23:00:00,296.38135,992.03406,0.9065672,84.27776,0.0,0.0,
2020-03-05 00:00:00,299.32324,992.77405,0.98027897,71.60003,0.0,0.0,
2020-03-05 01:00:00,301.71375,992.97656,1.4424767,56.64621,0.0,0.0,
2020-03-05 02:00:00,303.0052,992.5744,2.1355608,46.72783,0.0,0.0,
2020-03-05 03:00:00,303.75198,991.92096,2.665748,44.638885,0.0,0.0,
2020-03-05 04:00:00,304.38745,991.058,3.049659,43.06695,0.0,0.0,
2020-03-05 05:00:00,304.90604,990.38806,3.2939985,41.44513,0.0,0.0,
2020-03-05 06:00:00,305.2349,989.91315,3.2836752,40.14264,0.0,0.0,
2020-03-05 07:00:00,305.69205,989.28955,3.097933,39.02339,0.0,0.0,
2020-03-05 08:00:00,305.6076,989.323,2.8895435,38.69131,0.0,0.0,
2020-03-05 09:00:00,304.9792,989.62524,2.0300698,43.234,0.0,0.0,
2020-03-05 10:00:00,303.2373,990.6383,1.4589128,59.57815,0.0,0.0,
2020-03-05 11:00:00,301.11475,990.99146,1.3996371,70.96719,0.0,0.0,
2020-03-05 12:00:00,299.97296,992.0017,1.5232841,73.69947,0.0,0.0,
2020-03-05 13:00:00,298.96988,992.65173,1.7290045,76.70688,0.0,0.0,
2020-03-05 14:00:00,298.34128,993.0161,2.3117988,76.313484,0.0,0.0,
2020-03-05 15:00:00,297.9829,993.2656,2.6401238,77.09081,0.0,0.0,
2020-03-05 16:00:00,297.51398,993.12787,2.7191625,78.199104,0.0,0.0,
2020-03-05 17:00:00,297.1541,992.74945,2.6522706,78.94815,0.0,0.0,
2020-03-05 18:00:00,297.01135,992.4191,2.4032469,79.701225,0.0,0.0,
2020-03-05 19:00:00,296.9061,992.2494,1.9910485,84.84872,0.0,0.0,
2020-03-05 20:00:00,296.61963,992.4508,2.1428018,84.85364,0.0,0.0,
2020-03-05 21:00:00,296.43103,992.8972,2.2533357,85.12798,0.0,0.0,
2020-03-05 22:00:00,296.4252,993.58264,2.32622,84.708984,0.0,0.0,
2020-03-05 23:00:00,297.72534,994.0806,2.478245,78.91616,0.0,0.0,
2020-03-06 00:00:00,300.30063,994.45514,3.0723972,66.959114,0.0,0.0,
2020-03-06 01:00:00,302.88763,994.62897,3.4528549,55.715977,0.0,0.0,
2020-03-06 02:00:00,304.54993,994.27094,3.712756,40.834877,0.0,0.0,
2020-03-06 03:00:00,305.23712,993.7749,3.2483506,37.354477,0.0,0.0,
2020-03-06 04:00:00,305.74432,993.0693,3.1784647,35.81505,0.0,0.0,
2020-03-06 05:00:00,306.0987,992.3923,3.172096,34.873867,0.0,0.0,
2020-03-06 06:00:00,306.3163,991.89655,2.9556713,34.04306,0.0,0.0,
2020-03-06 07:00:00,306.85913,991.0148,2.5008967,32.31951,0.0,0.0,
2020-03-06 08:00:00,306.74872,991.0973,2.275352,31.95901,0.0,0.0,
2020-03-06 09:00:00,306.07886,991.1203,1.4835384,36.52346,0.0,0.0,
2020-03-06 10:00:00,303.75134,991.8647,1.0286127,62.37567,0.0,0.0,
2020-03-06 11:00:00,302.3261,992.5533,1.1660444,61.57485,0.0,0.0,
2020-03-06 12:00:00,300.56943,993.6061,1.6286649,68.69587,0.0,0.0,
2020-03-06 13:00:00,299.44922,994.373,2.3039398,70.059875,0.0,0.0,
2020-03-06 14:00:00,298.6336,994.79,3.0516822,70.408134,0.0,0.0,
2020-03-06 15:00:00,297.85773,995.08795,3.5842507,71.79552,0.0,0.0,
2020-03-06 16:00:00,297.33817,994.6873,3.7278242,71.945244,0.0,0.0,
2020-03-06 17:00:00,296.93088,994.12756,3.4889848,72.772865,0.0,0.0,
2020-03-06 18:00:00,296.42432,993.87036,3.248489,74.821,0.0,0.0,
2020-03-06 19:00:00,296.42267,993.5814,3.0707028,79.10716,0.0,0.0,
2020-03-06 20:00:00,296.34283,993.80774,2.962711,79.76817,0.0,0.0,
2020-03-06 21:00:00,296.07608,994.08325,3.0827558,80.2454,0.0,0.0,
2020-03-06 22:00:00,295.95822,994.6385,3.3360417,79.636246,0.0,0.0,
2020-03-06 23:00:00,297.80316,995.2449,3.598671,73.18552,0.0,0.0,
2020-03-07 00:00:00,300.43066,995.5361,4.583785,62.09793,0.0,0.0,
2020-03-07 01:00:00,302.5362,995.4457,5.011612,55.062546,0.0,0.0,
2020-03-07 02:00:00,304.19803,995.1886,4.9581256,50.035583,0.0,0.0,
2020-03-07 03:00:00,305.33728,994.4313,4.297853,45.467728,0.0,0.0,
2020-03-07 04:00:00,305.98438,993.56757,3.1610582,41.870995,0.0,0.0,
2020-03-07 05:00:00,306.38498,992.8236,2.64763,39.792583,0.0,0.0,
2020-03-07 06:00:00,306.70367,992.15924,2.656782,38.91912,0.0,0.0,
2020-03-07 07:00:00,307.2681,991.4038,2.9834123,35.48625,0.0,0.0,
2020-03-07 08:00:00,307.08694,991.3055,2.8103745,35.159668,0.0,0.0,
2020-03-07 09:00:00,306.32422,991.4815,2.0030105,40.509666,0.0,0.0,
2020-03-07 10:00:00,304.665,992.03577,1.9140576,52.298546,0.0,0.0,
2020-03-07 11:00:00,302.54974,992.60333,2.5497835,60.758377,0.0,0.0,
2020-03-07 12:00:00,300.87744,993.3917,2.8689368,65.583755,0.0,0.0,
2020-03-07 13:00:00,299.6563,993.8688,3.2361732,67.35015,0.0,0.0,
2020-03-07 14:00:00,298.71875,994.29065,3.4139998,67.49868,0.0,0.0,
2020-03-07 15:00:00,297.96008,994.3942,3.3726275,67.758766,0.0,0.0,
2020-03-07 16:00:00,297.2398,994.15643,3.2259734,69.17415,0.0,0.0,
2020-03-07 17:00:00,296.59924,993.59357,3.145481,71.047295,0.0,0.0,
2020-03-07 18:00:00,296.12726,993.1866,3.2166526,72.15572,0.0,0.0,
2020-03-07 19:00:00,295.71307,992.1789,2.779924,77.60921,0.0,0.0,
2020-03-07 20:00:00,295.4058,992.09576,2.943105,78.09524,0.0,0.0,
2020-03-07 21:00:00,295.16083,992.5109,3.0986488,78.55362,0.0,0.0,
2020-03-07 22:00:00,295.036,992.6887,3.1410704,79.188934,0.0,0.0,
2020-03-07 23:00:00,297.1444,993.4891,3.0045469,73.83709,0.0,0.0,
2020-03-08 00:00:00,300.3121,993.96606,3.6646237,61.432022,0.002587923,0.0,
2020-03-08 01:00:00,302.7907,993.8622,4.306857,52.17619,0.0,0.0,
2020-03-08 02:00:00,304.77863,993.3072,4.873931,43.588013,0.0,0.0,
2020-03-08 03:00:00,305.969,992.5444,4.570466,38.126507,0.0,0.0,
2020-03-08 04:00:00,306.7373,991.6803,3.9525485,34.609962,0.0,0.0,
2020-03-08 05:00:00,307.32977,990.5709,3.5220125,32.24717,0.0,0.0,
2020-03-08 06:00:00,307.7284,989.8173,2.8730478,30.535389,0.0,0.0,
2020-03-08 07:00:00,308.5678,989.7135,3.1185095,24.338116,0.0,0.0,
2020-03-08 08:00:00,308.4533,989.53735,2.4915593,24.19275,0.0,0.0,
2020-03-08 09:00:00,307.5964,989.97534,1.3236241,30.35104,0.0,0.0,
2020-03-08 10:00:00,305.018,990.48596,0.9923413,56.730473,0.0,0.0,
2020-03-08 11:00:00,302.73535,991.41284,1.609556,61.591858,0.0,0.0,
2020-03-08 12:00:00,301.27112,991.6253,2.2618206,60.762318,0.0,0.0,
2020-03-08 13:00:00,300.03348,992.25336,2.7362177,62.40882,0.0,0.0,
2020-03-08 14:00:00,299.05014,992.4614,2.9736385,64.47621,0.0,0.0,
2020-03-08 15:00:00,298.47745,992.46606,3.273192,64.01613,0.0,0.0,
2020-03-08 16:00:00,298.00717,992.26117,3.5799837,63.747,0.0,0.0,
2020-03-08 17:00:00,297.49277,991.69116,3.6570926,65.11946,0.0,0.0,
2020-03-08 18:00:00,296.97607,991.3247,3.41076,67.945564,0.0,0.0,
2020-03-08 19:00:00,296.0153,990.98236,2.2365813,76.84444,0.0,0.0,
2020-03-08 20:00:00,295.28442,991.4604,1.7686232,81.313835,0.0,0.0,
2020-03-08 21:00:00,294.87457,991.8093,1.7980014,83.35915,0.0,0.0,
2020-03-08 22:00:00,294.728,992.3871,2.0215511,84.5091,0.0,0.0,
2020-03-08 23:00:00,297.19336,992.75146,1.9056011,77.948326,0.0,0.0,
2020-03-09 00:00:00,300.1399,993.3017,2.1656759,68.92366,0.0,0.0,
2020-03-09 01:00:00,302.47485,993.65204,2.4695559,62.97243,0.0,0.0,
2020-03-09 02:00:00,304.60373,993.42456,2.8173285,54.674244,0.0,0.0,
2020-03-09 03:00:00,306.32025,992.60126,3.2146983,45.233788,0.0,0.0,
2020-03-09 04:00:00,307.61212,991.8058,3.7795122,37.270363,0.0,0.0,
2020-03-09 05:00:00,308.5058,990.66376,3.8823314,32.581745,0.0,0.0,
2020-03-09 06:00:00,309.21564,989.75366,3.839789,28.434181,0.0,0.0,
2020-03-09 07:00:00,310.0503,989.16626,3.805484,23.594288,0.0,0.0,
2020-03-09 08:00:00,310.08987,988.97534,3.6325476,21.488598,0.0,0.0,
2020-03-09 09:00:00,308.8694,988.7375,2.6029494,27.501816,0.0,0.0,
2020-03-09 10:00:00,306.5384,989.91266,2.979157,35.66208,0.0,0.0,
2020-03-09 11:00:00,303.85297,990.73376,3.623371,41.622787,0.0,0.0,
2020-03-09 12:00:00,302.09747,991.4372,4.3624096,42.604454,0.0,0.0,
2020-03-09 13:00:00,300.8619,992.20544,4.6672173,42.294315,0.0,0.0,
2020-03-09 14:00:00,299.86267,992.65186,4.6688805,43.27419,0.0,0.0,
2020-03-09 15:00:00,299.0197,992.72174,4.377642,45.680763,0.0,0.0,
2020-03-09 16:00:00,297.8347,992.2936,3.5289366,51.62816,0.0,0.0,
2020-03-09 17:00:00,296.8667,992.1902,3.228562,58.810986,0.0,0.0,
2020-03-09 18:00:00,296.3164,991.817,2.7602963,70.44006,0.0,0.0,
2020-03-09 19:00:00,295.63068,991.5803,2.5416975,71.29139,0.0,0.0,
2020-03-09 20:00:00,295.22302,991.59607,2.2342086,79.52168,0.0,0.0,
2020-03-09 21:00:00,294.94434,991.7075,2.0124643,85.36247,0.0,0.0,
2020-03-09 22:00:00,294.79913,992.35565,1.7091136,89.20772,0.0,0.0,
2020-03-09 23:00:00,297.63452,992.91956,1.2137423,84.44731,0.0,0.0,
2020-03-10 00:00:00,300.5738,993.48,1.4163077,74.43444,0.0,0.0,
2020-03-10 01:00:00,302.82114,993.5666,1.3390151,66.11073,0.0,0.0,
2020-03-10 02:00:00,304.79755,993.1373,0.9884423,55.576473,0.0,0.0,
2020-03-10 03:00:00,306.40552,992.6426,0.6175297,45.39024,0.0,0.0,
2020-03-10 04:00:00,307.6516,991.9333,0.69377404,37.652973,0.0,0.0,
2020-03-10 05:00:00,308.51974,991.04987,1.097953,33.83969,0.0,0.0,
2020-03-10 06:00:00,309.13535,990.40955,1.0091828,31.277126,0.0,0.0,
2020-03-10 07:00:00,309.62903,990.0183,0.5226808,27.54761,0.0,0.0,
2020-03-10 08:00:00,309.61932,989.6747,0.95363164,26.952393,0.0,0.0,
2020-03-10 09:00:00,309.22906,989.61237,2.179134,28.584415,0.0,0.0,
2020-03-10 10:00:00,306.935,990.39294,3.270686,38.711704,0.0,0.0,
2020-03-10 11:00:00,305.01358,990.66034,3.8333225,44.505985,0.0,0.0,
2020-03-10 12:00:00,303.8031,991.33203,3.7709434,47.691906,0.0,0.0,
2020-03-10 13:00:00,302.49115,991.65155,3.0488784,53.03651,0.0,0.0,
2020-03-10 14:00:00,301.12903,992.00415,2.3377116,61.087696,0.0,0.0,
2020-03-10 15:00:00,299.874,991.7367,1.7346265,70.003105,0.0,0.0,
2020-03-10 16:00:00,299.1162,991.60126,2.049147,70.25112,0.0,0.0,
2020-03-10 17:00:00,298.73727,991.4241,3.0225081,68.92403,0.0,0.0,
2020-03-10 18:00:00,298.3039,991.128,3.1382072,74.584755,0.0,0.0,
2020-03-10 19:00:00,297.60413,991.0103,2.4162395,80.253334,0.0,0.0,
2020-03-10 20:00:00,296.97302,991.3836,1.9766163,86.20948,0.0,0.0,
2020-03-10 21:00:00,296.64084,991.78986,2.1106963,88.84233,0.0,0.0,
2020-03-10 22:00:00,296.55853,992.5686,2.5052655,90.69978,0.0,0.0,
2020-03-10 23:00:00,298.69855,993.0929,2.8214808,83.864685,0.0,0.0,
2020-03-11 00:00:00,301.5152,993.86237,3.4002364,71.65856,0.0,0.0,
2020-03-11 01:00:00,303.8662,993.9994,3.4299042,61.15135,0.0,0.0,
2020-03-11 02:00:00,305.80902,993.4648,3.3617706,52.220917,0.0,0.0,
2020-03-11 03:00:00,307.3485,992.7342,2.8683128,44.68815,0.0,0.0,
2020-03-11 04:00:00,308.55618,992.10486,2.4384987,38.582344,0.0,0.0,
2020-03-11 05:00:00,309.25153,991.54456,1.5752449,33.908592,0.0,0.0,
2020-03-11 06:00:00,309.39822,990.723,1.08785,31.13231,0.0,0.0,
2020-03-11 07:00:00,309.6801,990.60736,0.73110956,29.295519,0.0,0.0,
2020-03-11 08:00:00,309.7744,990.40796,1.061064,28.595924,0.0,0.0,
2020-03-11 09:00:00,309.47736,990.2075,1.7850647,29.21319,0.0,0.0,
2020-03-11 10:00:00,307.8927,991.01135,2.876202,36.181362,0.0,0.0,
2020-03-11 11:00:00,306.31506,991.8208,3.4671588,41.236572,0.0,0.0,
2020-03-11 12:00:00,305.24078,992.29016,3.453472,44.09379,0.0,0.0,
2020-03-11 13:00:00,304.13745,993.0282,3.19733,47.83099,0.0,0.0,
2020-03-11 14:00:00,303.08072,993.2458,2.929479,52.683144,0.0,0.0,
2020-03-11 15:00:00,301.92703,993.11096,2.7009199,59.50021,0.0,0.0,
2020-03-11 16:00:00,300.9607,993.1858,2.9913332,65.10953,0.0,0.0,
2020-03-11 17:00:00,300.11893,993.127,3.2308137,71.11213,0.0,0.0,
2020-03-11 18:00:00,299.5807,993.1725,3.4863145,75.05939,0.0,0.0,
2020-03-11 19:00:00,298.9768,993.0061,3.4525282,78.44029,0.0,0.0,
2020-03-11 20:00:00,298.53662,993.305,3.1422744,81.26408,0.0,0.0,
2020-03-11 21:00:00,298.1286,993.5781,2.9419758,83.960915,0.0,0.0,
2020-03-11 22:00:00,297.85504,994.2406,2.5567396,86.19667,0.0,0.0,
2020-03-11 23:00:00,299.51868,994.53906,2.533248,79.564705,0.0,0.0,
2020-03-12 00:00:00,301.83835,994.8046,3.0907154,69.264885,0.0017106533,0.0,
2020-03-12 01:00:00,304.10468,994.91296,3.1345804,59.7288,0.0,0.0,
2020-03-12 02:00:00,306.16537,994.6033,2.9674768,51.345127,0.0,0.0,
2020-03-12 03:00:00,307.9051,994.01764,2.6915264,43.71538,0.0,0.0,
2020-03-12 04:00:00,309.36426,993.27,2.2667837,36.19135,0.0,0.0,
2020-03-12 05:00:00,310.2995,992.7555,1.5206367,31.1699,0.0,0.0,
2020-03-12 06:00:00,310.78018,991.9539,0.45748267,27.643147,0.0,0.0,
2020-03-12 07:00:00,310.71484,991.79443,0.35961658,27.266926,0.0,0.0,
2020-03-12 08:00:00,310.6946,991.71454,0.48460972,26.739403,0.0,0.0,
2020-03-12 09:00:00,310.43802,991.6789,0.374721,26.876375,0.0,0.0,
2020-03-12 10:00:00,309.28564,992.2482,2.290204,31.880775,0.0,0.0,
2020-03-12 11:00:00,307.5802,992.5689,3.3642967,37.405403,0.0,0.0,
2020-03-12 12:00:00,306.38678,992.7378,3.8672547,40.10975,0.0,0.0,
2020-03-12 13:00:00,305.45847,993.0536,4.2005086,42.17324,0.0,0.0,
2020-03-12 14:00:00,304.31235,993.5661,4.431512,47.012184,0.0,0.0,
2020-03-12 15:00:00,303.12323,993.8011,4.4528995,55.045647,0.0,0.0,
2020-03-12 16:00:00,302.237,993.9003,4.50033,62.3712,0.0,0.0,
2020-03-12 17:00:00,301.50635,993.6766,4.5721893,67.7955,0.0,0.0,
2020-03-12 18:00:00,300.9472,993.5577,4.2686152,71.98738,0.0,0.0,
2020-03-12 19:00:00,300.13287,993.29846,4.0073385,76.5031,0.0,0.0,
2020-03-12 20:00:00,299.8479,993.5153,3.7070856,78.31093,0.0,0.0,
2020-03-12 21:00:00,299.5336,994.39484,3.429758,79.67589,0.0,0.0,
2020-03-12 22:00:00,299.30713,994.863,3.0956633,80.617615,0.0,0.0,
2020-03-12 23:00:00,301.00128,995.34216,3.4233217,72.66702,0.0,0.0,
2020-03-13 00:00:00,303.1768,995.6789,4.179691,60.584442,0.0,0.0,
2020-03-13 01:00:00,305.2182,995.83984,3.9956727,51.968582,0.0,0.0,
2020-03-13 02:00:00,307.22784,995.07544,3.5697708,44.63788,0.0,0.0,
2020-03-13 03:00:00,309.1667,994.2639,3.3288465,37.489105,0.0,0.0,
2020-03-13 04:00:00,310.73813,993.0425,3.0639431,31.164429,0.0,0.0,
2020-03-13 05:00:00,311.80603,992.23206,2.6962628,26.666218,0.0,0.0,
2020-03-13 06:00:00,312.3996,991.18286,2.3781664,23.363098,0.0,0.0,
2020-03-13 07:00:00,312.3164,991.1486,2.1004415,21.885738,0.0,0.0,
2020-03-13 08:00:00,312.30115,990.45905,1.8027077,20.950668,0.0,0.0,
2020-03-13 09:00:00,312.11304,990.4525,1.5788559,20.521229,0.0,0.0,
2020-03-13 10:00:00,310.9522,990.7317,1.9371868,24.520128,0.0,0.0,
2020-03-13 11:00:00,308.81897,991.1185,3.0947113,30.985514,0.0,0.0,
2020-03-13 12:00:00,307.24976,991.33484,3.4955213,34.605713,0.0,0.0,
2020-03-13 13:00:00,306.03607,991.4372,3.7371602,37.29021,0.0,0.0,
2020-03-13 14:00:00,305.08936,991.61664,4.079096,39.456627,0.0,0.0,
2020-03-13 15:00:00,304.10648,991.7466,5.38764,44.99898,0.0,0.0,
2020-03-13 16:00:00,302.8329,991.71576,6.161544,59.71104,0.0,0.0,
2020-03-13 17:00:00,302.36432,991.4757,5.6015773,65.6543,0.0,0.0,
2020-03-13 18:00:00,301.8603,991.36383,5.1149855,67.38885,0.0,0.0,
2020-03-13 19:00:00,301.91837,990.89124,5.7544312,67.55277,0.0,0.0,
2020-03-13 20:00:00,301.72354,991.1799,5.5193763,65.33938,0.0,0.0,
2020-03-13 21:00:00,301.37366,991.3826,4.932972,62.557095,0.0,0.0,
2020-03-13 22:00:00,300.90668,991.69385,4.201801,61.181396,0.0,0.0,
2020-03-13 23:00:00,302.37268,992.0875,4.0160847,54.430653,0.0,0.0,
2020-03-14 00:00:00,304.65118,992.0583,4.9536405,45.82325,0.0,0.0,
2020-03-14 01:00:00,306.79688,991.65924,4.8632503,39.60852,0.0,0.0,
2020-03-14 02:00:00,308.68066,990.9581,3.4012394,34.61029,0.0,0.0,
2020-03-14 03:00:00,310.15997,990.4363,2.1155527,30.911482,0.0,0.0,
2020-03-14 04:00:00,311.49628,989.3198,1.5789479,26.742796,0.0,0.0,
2020-03-14 05:00:00,312.8335,988.34265,1.4895067,21.762306,0.0,0.0,
2020-03-14 06:00:00,313.7013,987.4534,1.7368329,17.50616,0.0,0.0,
2020-03-14 07:00:00,313.97223,987.78595,2.0748973,15.695474,0.0,0.0,
2020-03-14 08:00:00,314.32016,987.29236,2.6287005,14.012082,0.0,0.0,
2020-03-14 09:00:00,314.11584,987.483,3.230399,13.202877,0.0,0.0,
2020-03-14 10:00:00,312.6564,988.20953,2.941932,15.203868,0.0,0.0,
2020-03-14 11:00:00,310.9447,988.8883,3.427715,17.871513,0.0,0.0,
2020-03-14 12:00:00,309.65735,989.51953,4.7252665,19.895163,0.0,0.0,
2020-03-14 13:00:00,308.66577,990.0657,5.716019,21.618954,0.0,0.0,
2020-03-14 14:00:00,307.7812,990.3092,5.5741706,23.188782,0.0,0.0,
2020-03-14 15:00:00,306.73138,990.52893,4.945401,25.1689,0.0,0.0,
2020-03-14 16:00:00,305.41516,990.565,3.984763,28.002066,0.0,0.0,
2020-03-14 17:00:00,303.87607,990.7388,4.291894,31.187063,0.0,0.0,
2020-03-14 18:00:00,303.11017,990.5806,5.582091,31.195599,0.0,0.0,
2020-03-14 19:00:00,301.6609,990.8641,4.550513,34.33413,0.0,0.0,
2020-03-14 20:00:00,301.36755,991.3925,4.6250234,33.28547,0.0,0.0,
2020-03-14 21:00:00,300.9353,991.8374,4.509401,33.730347,0.0,0.0,
2020-03-14 22:00:00,300.4953,992.6686,4.260528,35.086754,0.0,0.0,
2020-03-14 23:00:00,302.40314,993.22797,3.905944,32.04317,0.0,0.0,
2020-03-15 00:00:00,305.71875,993.8946,4.9661603,24.936693,0.0017046927,0.0,
2020-03-15 01:00:00,308.37354,993.96515,5.8767753,19.95713,0.0,0.0,
2020-03-15 02:00:00,310.4945,993.35815,6.5506263,16.235113,0.0,0.0,
2020-03-15 03:00:00,311.88766,992.50757,6.6861525,14.138916,0.0,0.0,
2020-03-15 04:00:00,312.8205,991.26483,6.7105002,13.101374,0.0,0.0,
2020-03-15 05:00:00,313.54834,990.39014,6.664669,11.976594,0.0,0.0,
2020-03-15 06:00:00,313.95972,989.57764,6.610248,11.09998,0.0,0.0,
2020-03-15 07:00:00,314.0365,989.557,6.337403,11.3953705,0.0,0.0,
2020-03-15 08:00:00,313.6922,989.40234,6.2048163,11.642711,0.0,0.0,
2020-03-15 09:00:00,312.88666,989.9524,5.9349127,12.527365,0.0,0.0,
2020-03-15 10:00:00,311.04364,990.89813,4.611732,14.841895,0.0,0.0,
2020-03-15 11:00:00,309.3327,991.5514,4.3955355,17.292137,0.0,0.0,
2020-03-15 12:00:00,307.98938,992.1969,4.3302894,19.436773,0.0,0.0,
2020-03-15 13:00:00,306.8446,992.99084,4.1038923,21.444935,0.0,0.0,
2020-03-15 14:00:00,305.64468,992.8875,3.7151923,23.694336,0.0,0.0,
2020-03-15 15:00:00,304.5639,993.03674,3.425205,26.023663,0.0,0.0,
2020-03-15 16:00:00,303.6372,992.5813,3.3366985,28.287792,0.0,0.0,
2020-03-15 17:00:00,302.52118,992.67206,2.9257977,31.523285,0.0,0.0,
2020-03-15 18:00:00,300.92465,992.86884,1.8975908,40.405205,0.0,0.0,
2020-03-15 19:00:00,299.8916,993.3914,2.342526,39.18681,0.0,0.0,
2020-03-15 20:00:00,298.65506,993.6355,1.7524222,47.274082,0.0,0.0,
2020-03-15 21:00:00,297.8166,994.48663,1.5641816,52.238186,0.0,0.0,
2020-03-15 22:00:00,297.26678,994.8033,1.6018413,54.718376,0.0,0.0,
2020-03-15 23:00:00,299.50616,995.60077,1.2763768,45.79677,0.0,0.0,
2020-03-16 00:00:00,302.75366,996.04626,1.3652253,37.270576,0.0,0.0,
2020-03-16 01:00:00,305.9481,996.15955,1.6442481,28.938812,0.0,0.0,
2020-03-16 02:00:00,308.52313,995.5625,2.2208688,22.651466,0.0,0.0,
2020-03-16 03:00:00,310.49847,994.6733,3.3060126,18.858225,0.0,0.0,
2020-03-16 04:00:00,312.0699,993.7336,4.538836,16.630201,0.0,0.0,
2020-03-16 05:00:00,313.2543,992.69147,5.334199,15.291004,0.0,0.0,
2020-03-16 06:00:00,313.9901,991.63654,5.7240305,14.473631,0.0,0.0,
2020-03-16 07:00:00,314.30927,991.27405,6.332466,14.379459,0.0,0.0,
2020-03-16 08:00:00,314.03314,991.1319,6.6692533,14.447524,0.0,0.0,
2020-03-16 09:00:00,313.2483,991.6743,6.5968046,15.019965,0.0,0.0,
2020-03-16 10:00:00,311.6034,992.4208,5.241254,16.784662,0.0,0.0,
2020-03-16 11:00:00,310.09198,993.2953,4.8371687,18.636503,0.0,0.0,
2020-03-16 12:00:00,308.84827,993.9434,4.5907607,20.237017,0.0,0.0,
2020-03-16 13:00:00,307.59787,994.3331,4.265127,21.907368,0.0,0.0,
2020-03-16 14:00:00,306.51978,994.42487,4.027749,23.406157,0.0,0.0,
2020-03-16 15:00:00,305.47528,994.4154,3.7730315,25.067768,0.0,0.0,
2020-03-16 16:00:00,304.45453,994.3198,3.5638468,27.065125,0.0,0.0,
2020-03-16 17:00:00,303.24786,994.07513,3.247094,30.028606,0.0,0.0,
2020-03-16 18:00:00,302.0567,994.2072,3.1426542,34.17498,0.0,0.0,
2020-03-16 19:00:00,300.91656,994.361,2.8395677,36.23589,0.0,0.0,
2020-03-16 20:00:00,299.96927,994.8772,2.748421,41.874836,0.0,0.0,
2020-03-16 21:00:00,299.2188,995.5706,2.48497,53.158413,0.0,0.0,
2020-03-16 22:00:00,298.4743,996.1094,1.7934809,67.78258,0.0,0.0,
2020-03-16 23:00:00,300.4582,996.6471,1.4430058,66.862305,0.0,0.0,
2020-03-17 00:00:00,302.7854,997.3778,2.074493,63.62323,0.0,0.0,
2020-03-17 01:00:00,305.4678,997.14484,2.2380593,53.101738,0.0,0.0,
2020-03-17 02:00:00,307.86145,996.53955,1.6275381,39.465607,0.0,0.0,
2020-03-17 03:00:00,309.5531,995.65173,1.0738918,30.372133,0.0,0.0,
2020-03-17 04:00:00,310.81818,994.6813,1.1382601,24.47792,0.0,0.0,
2020-03-17 05:00:00,311.6727,993.64044,1.7690179,21.062931,0.0,0.0,
2020-03-17 06:00:00,312.70673,992.8159,2.5899599,18.184813,0.0,0.0,
2020-03-17 07:00:00,313.3302,992.21844,3.4369516,15.36704,0.0,0.0,
2020-03-17 08:00:00,313.53204,992.0549,3.959974,13.278325,0.0,0.0,
2020-03-17 09:00:00,313.16864,992.0422,4.246172,12.24034,0.0,0.0,
2020-03-17 10:00:00,311.8246,992.58673,3.569784,13.150479,0.0,0.0,
2020-03-17 11:00:00,310.26605,993.1188,3.454263,14.717993,0.0,0.0,
2020-03-17 12:00:00,308.7287,993.4296,3.6894023,16.219564,0.0,0.0,
2020-03-17 13:00:00,307.36835,993.89453,3.8332303,17.494682,0.0,0.0,
2020-03-17 14:00:00,306.0783,993.84015,3.985203,18.832205,0.0,0.0,
2020-03-17 15:00:00,304.91144,993.8972,4.034003,20.28253,0.0,0.0,
2020-03-17 16:00:00,303.9783,993.6446,4.0119734,21.873152,0.0,0.0,
2020-03-17 17:00:00,302.46405,993.8791,2.4823596,27.294895,0.0,0.0,
2020-03-17 18:00:00,300.71198,994.2681,1.5451052,36.1442,0.0,0.0,
2020-03-17 19:00:00,299.3577,994.7447,2.3331075,36.733334,0.0,0.0,
2020-03-17 20:00:00,298.32346,995.0439,2.5933683,49.545444,0.0,0.0,
2020-03-17 21:00:00,297.7126,995.66,2.6558566,65.8742,0.0,0.0,
2020-03-17 22:00:00,297.44757,996.1853,2.8338413,80.12988,0.0,0.0,
2020-03-17 23:00:00,299.3199,996.98346,3.2570775,79.74326,0.0,0.0,
2020-03-18 00:00:00,301.9665,997.5275,3.3302963,69.37693,0.0,0.0,
2020-03-18 01:00:00,304.41663,997.3375,2.5983028,56.392914,0.0,0.0,
2020-03-18 02:00:00,306.67444,996.4766,2.2318742,43.619225,0.0,0.0,
2020-03-18 03:00:00,308.7654,995.58295,2.8331296,32.297363,0.0,0.0,
2020-03-18 04:00:00,310.24518,994.36444,3.4219556,26.084366,0.0,0.0,
2020-03-18 05:00:00,311.21725,993.34125,3.477734,22.7609,0.0,0.0,
2020-03-18 06:00:00,311.9285,992.5259,3.2595747,20.641575,0.0,0.0,
2020-03-18 07:00:00,312.31702,991.86615,3.4419146,20.390036,0.0,0.0,
2020-03-18 08:00:00,312.2052,991.8041,3.1265705,19.63604,0.0,0.0,
2020-03-18 09:00:00,311.94415,992.2893,3.0767548,19.205677,0.0,0.0,
2020-03-18 10:00:00,311.5182,992.8713,2.991793,19.13781,0.0,0.0,
2020-03-18 11:00:00,310.94882,993.62085,3.4553552,19.706463,0.0,0.0,
2020-03-18 12:00:00,310.01926,994.1981,4.786106,20.449816,0.0,0.0,
2020-03-18 13:00:00,309.29156,994.7494,5.942385,21.302958,0.0,0.0,
2020-03-18 14:00:00,308.5466,995.09924,5.697484,22.770359,0.0,0.0,
2020-03-18 15:00:00,307.3485,995.137,4.290196,25.347116,0.0,0.0,
2020-03-18 16:00:00,305.78308,995.0875,4.049783,30.373781,0.0,0.0,
2020-03-18 17:00:00,303.98605,994.9567,4.481828,42.07628,0.0,0.0,
2020-03-18 18:00:00,302.8028,995.0744,4.0876837,52.986042,0.0,0.0,
2020-03-18 19:00:00,302.40045,994.8425,2.7763002,44.853947,0.0,0.0,
2020-03-18 20:00:00,301.30518,994.91595,2.9163241,55.349316,0.0,0.0,
2020-03-18 21:00:00,300.73572,995.90173,2.8792746,63.49212,0.0,0.0,
2020-03-18 22:00:00,300.49088,996.6898,2.5840888,68.47671,0.0,0.0,
2020-03-18 23:00:00,301.34344,997.5186,2.650723,68.63601,0.0,0.0,
2020-03-19 00:00:00,302.90228,998.1375,2.13684,63.8141,0.0,0.0,
2020-03-19 01:00:00,304.88397,998.21814,1.2622586,54.54874,0.0,0.0,
2020-03-19 02:00:00,307.21533,997.5351,0.5134599,41.587273,0.0,0.0,
2020-03-19 03:00:00,309.0743,996.8192,1.7328295,31.965456,0.0,0.0,
2020-03-19 04:00:00,310.24744,995.6511,2.6365147,27.837917,0.0,0.0,
2020-03-19 05:00:00,311.20087,994.5403,3.211773,24.603739,0.0,0.0,
2020-03-19 06:00:00,312.18185,993.69025,2.882998,22.269735,0.0,0.0,
2020-03-19 07:00:00,312.7619,993.08026,3.272002,20.374054,0.0,0.0,
2020-03-19 08:00:00,312.8423,992.7787,3.7215445,19.498886,0.0,0.0,
2020-03-19 09:00:00,312.5597,992.9183,4.692699,19.245218,0.0,0.0,
2020-03-19 10:00:00,311.6788,993.8459,5.122374,20.299799,0.0,0.0,
2020-03-19 11:00:00,310.7257,994.5183,5.749713,21.805916,0.0,0.0,
2020-03-19 12:00:00,309.6833,994.9247,5.633008,23.39345,0.0,0.0,
2020-03-19 13:00:00,308.6106,995.35425,4.7895474,24.99313,0.0,0.0,
2020-03-19 14:00:00,307.53552,995.1361,3.980201,26.795261,0.0,0.0,
2020-03-19 15:00:00,306.4928,994.89703,2.9975576,29.051403,0.0,0.0,
2020-03-19 16:00:00,305.46307,994.2358,2.2023628,32.793186,0.0,0.0,
2020-03-19 17:00:00,305.04108,993.89874,1.81475,36.75699,0.0,0.0,
2020-03-19 18:00:00,304.5689,993.8486,2.2371807,36.110096,0.0,0.0,
2020-03-19 19:00:00,302.5191,994.3928,3.3670592,39.089542,0.0,0.0,
2020-03-19 20:00:00,301.85147,994.72925,3.3730078,45.562824,0.0,0.0,
2020-03-19 21:00:00,301.0573,994.9824,3.1717966,57.35642,0.0,0.0,
2020-03-19 22:00:00,300.3571,995.83264,2.7110846,68.36596,0.0,0.0,
2020-03-19 23:00:00,301.49597,996.706,2.6664531,69.877625,0.0,0.0,
2020-03-20 00:00:00,303.5327,997.30304,2.2028527,63.396084,0.0017166885,0.0,
2020-03-20 01:00:00,305.75824,997.5925,1.2921132,52.801304,0.0,0.0,
2020-03-20 02:00:00,307.82513,996.80554,1.3169688,40.656883,0.0,0.0,
2020-03-20 03:00:00,309.52945,995.7355,2.6335254,32.1853,0.0,0.0,
2020-03-20 04:00:00,310.99506,994.5468,3.538363,26.81829,0.0,0.0,
2020-03-20 05:00:00,312.3098,993.1926,4.323691,22.881742,0.0,0.0,
2020-03-20 06:00:00,312.94778,992.3486,4.7107577,19.514585,0.0,0.0,
2020-03-20 07:00:00,313.1087,992.1588,5.0898523,16.207726,0.0,0.0,
2020-03-20 08:00:00,313.00467,992.1869,5.555865,14.015393,0.0,0.0,
2020-03-20 09:00:00,312.36,992.66284,5.8776755,12.772285,0.0,0.0,
2020-03-20 10:00:00,310.85843,993.66425,5.166895,12.952945,0.0,0.0,
2020-03-20 11:00:00,309.3557,994.22906,5.2268486,13.463944,0.0,0.0,
2020-03-20 12:00:00,308.00964,995.27435,5.11615,14.130461,0.0,0.0,
2020-03-20 13:00:00,306.7461,995.5214,4.724365,15.197701,0.0,0.0,
2020-03-20 14:00:00,305.59213,995.7846,4.4702044,16.529816,0.0,0.0,
2020-03-20 15:00:00,304.57016,995.7102,4.3950047,18.055584,0.0,0.0,
2020-03-20 16:00:00,303.7151,995.30743,4.4164524,19.76712,0.0,0.0,
2020-03-20 17:00:00,302.94983,994.7986,4.2816105,21.531353,0.0,0.0,
2020-03-20 18:00:00,302.17395,994.4136,4.112502,23.278444,0.0,0.0,
2020-03-20 19:00:00,300.21246,994.6933,3.2105875,26.794115,0.0,0.0,
2020-03-20 20:00:00,299.135,994.70593,2.6080697,30.041063,0.0,0.0,
2020-03-20 21:00:00,298.05823,995.3709,2.0511038,35.046947,0.0,0.0,
2020-03-20 22:00:00,297.14532,995.885,1.7485427,40.517498,0.0,0.0,
2020-03-20 23:00:00,299.33618,996.71875,1.2874051,33.94471,0.0,0.0,
2020-03-21 00:00:00,302.68713,997.5034,1.2552024,27.020031,0.0,0.0,
2020-03-21 01:00:00,305.01367,997.7788,1.3288742,30.363256,0.0,0.0,
2020-03-21 02:00:00,307.2476,997.2543,1.667462,26.949078,0.0,0.0,
2020-03-21 03:00:00,309.18076,996.4623,2.3640876,22.9432,0.0,0.0,
2020-03-21 04:00:00,310.65216,994.93835,3.120925,19.070154,0.0,0.0,
2020-03-21 05:00:00,311.48364,993.6714,2.8098009,17.446932,0.0,0.0,
2020-03-21 06:00:00,311.99622,992.7714,2.2970266,16.474638,0.0,0.0,
2020-03-21 07:00:00,312.26117,992.53577,1.7374661,15.300338,0.0,0.0,
2020-03-21 08:00:00,312.23798,992.60455,1.5532849,15.092701,0.0,0.0,
2020-03-21 09:00:00,311.91794,992.6116,1.64107,15.120981,0.0,0.0,
2020-03-21 10:00:00,311.18506,992.9018,1.6276653,15.82603,0.0,0.0,
2020-03-21 11:00:00,310.1905,993.53033,2.181639,17.335215,0.0,0.0,
2020-03-21 12:00:00,308.77063,994.2131,2.86137,19.135311,0.0,0.0,
2020-03-21 13:00:00,307.32812,994.58844,3.3375063,20.408539,0.0,0.0,
2020-03-21 14:00:00,306.1927,994.71014,3.6035442,20.855692,0.0,0.0,
2020-03-21 15:00:00,305.01727,994.50244,3.0063603,22.003256,0.0,0.0,
2020-03-21 16:00:00,303.15594,994.6361,1.866376,27.79369,0.0,0.0,
2020-03-21 17:00:00,301.84454,994.58264,3.2105699,34.794407,0.0,0.0,
2020-03-21 18:00:00,300.63208,994.4478,3.475559,52.45467,0.0,0.0,
2020-03-21 19:00:00,299.1961,994.5764,2.3709145,39.99793,0.0,0.0,
2020-03-21 20:00:00,298.23526,994.6359,1.9952228,50.406902,0.0,0.0,
2020-03-21 21:00:00,297.45126,995.0449,1.6722963,60.945152,0.0,0.0,
2020-03-21 22:00:00,296.88113,995.7533,1.6240568,68.97657,0.0,0.0,
2020-03-21 23:00:00,299.07227,996.17413,1.5616289,64.433685,0.0,0.0,
2020-03-22 00:00:00,301.84055,996.663,1.5441839,56.039585,0.0017155226,0.0,
2020-03-22 01:00:00,304.7934,996.72156,1.3199261,43.231277,0.0,0.0,
2020-03-22 02:00:00,307.55292,996.09265,1.5913686,32.388775,0.0,0.0,
2020-03-22 03:00:00,309.76523,995.14185,2.4175963,23.661411,0.0,0.0,
2020-03-22 04:00:00,311.28223,993.9406,3.4548156,18.79095,0.0,0.0,
2020-03-22 05:00:00,312.21216,992.71423,3.7987447,16.276787,0.0,0.0,
2020-03-22 06:00:00,312.75125,991.97107,3.4926748,14.789961,0.0,0.0,
2020-03-22 07:00:00,312.9207,991.6315,2.999887,14.954409,0.0,0.0,
2020-03-22 08:00:00,312.84604,991.34985,2.7353084,14.349143,0.0,0.0,
2020-03-22 09:00:00,312.51385,991.6969,2.6811697,14.162119,0.0,0.0,
2020-03-22 10:00:00,311.55777,992.15686,2.0661252,15.071091,0.0,0.0,
2020-03-22 11:00:00,310.3734,992.4856,2.2883153,16.757519,0.0,0.0,
2020-03-22 12:00:00,308.94034,993.1817,2.9790769,18.861507,0.0,0.0,
2020-03-22 13:00:00,307.53723,993.4242,3.5823205,20.75618,0.0,0.0,
2020-03-22 14:00:00,306.633,993.4211,3.9646914,22.378706,0.0,0.0,
2020-03-22 15:00:00,305.74136,993.3571,4.1057863,24.217987,0.0,0.0,
2020-03-22 16:00:00,305.1052,993.39935,3.7665424,25.634283,0.0,0.0,
2020-03-22 17:00:00,303.8857,992.9311,3.2497342,28.067482,0.0,0.0,
2020-03-22 18:00:00,302.51703,993.0,3.4746459,32.57519,0.0,0.0,
2020-03-22 19:00:00,301.31427,993.072,2.83755,33.246944,0.0,0.0,
2020-03-22 20:00:00,300.04092,993.3318,2.8285887,38.91159,0.0,0.0,
2020-03-22 21:00:00,299.0326,993.9609,3.1000547,47.89025,0.0,0.0,
2020-03-22 22:00:00,298.39685,994.4648,3.1351662,60.308056,0.0,0.0,
2020-03-22 23:00:00,299.818,994.952,3.2267044,66.79688,0.0,0.0,
2020-03-23 00:00:00,302.53323,995.3014,2.7732954,59.553116,0.0,0.0,
2020-03-23 01:00:00,305.29575,995.40875,1.5945102,46.946564,0.0,0.0,
2020-03-23 02:00:00,307.5996,994.7785,0.29425424,37.044643,0.0,0.0,
2020-03-23 03:00:00,309.71954,993.66956,1.260142,28.116676,0.0,0.0,
2020-03-23 04:00:00,311.26245,992.4115,2.2389216,22.07941,0.0,0.0,
2020-03-23 05:00:00,312.25958,991.3139,2.8927958,18.357975,0.0,0.0,
2020-03-23 06:00:00,312.8031,990.46265,2.7004242,16.829857,0.0,0.0,
2020-03-23 07:00:00,313.28186,989.8717,2.660124,16.166979,0.0,0.0,
2020-03-23 08:00:00,313.28912,989.892,2.4391034,15.662615,0.0,0.0,
2020-03-23 09:00:00,312.9726,990.0634,2.3470397,15.570561,0.0,0.0,
2020-03-23 10:00:00,312.13046,990.60815,1.9067651,16.37777,0.0,0.0,
2020-03-23 11:00:00,311.0216,991.0489,2.2260368,17.872885,0.0,0.0,
2020-03-23 12:00:00,309.80945,991.5861,2.9961002,19.408558,0.0,0.0,
2020-03-23 13:00:00,308.55518,991.9808,3.9160807,20.784824,0.0,0.0,
2020-03-23 14:00:00,307.709,992.1611,4.6455107,21.824955,0.0,0.0,
2020-03-23 15:00:00,306.9463,992.0694,4.614997,22.99184,0.0,0.0,
2020-03-23 16:00:00,306.49426,991.94904,4.528383,23.637587,0.0,0.0,
2020-03-23 17:00:00,306.05695,991.2486,3.7889252,24.407574,0.0,0.0,
2020-03-23 18:00:00,304.7387,991.1317,2.652894,27.627214,0.0,0.0,
2020-03-23 19:00:00,302.33347,991.8084,3.2049706,29.180649,0.0,0.0,
2020-03-23 20:00:00,301.37845,992.15674,2.4925044,31.44563,0.0,0.0,
2020-03-23 21:00:00,300.3748,992.7053,1.458167,38.889893,0.0,0.0,
2020-03-23 22:00:00,299.32507,992.96643,1.2591714,43.442436,0.0,0.0,
2020-03-23 23:00:00,301.19568,993.77924,1.2277901,35.06417,0.0,0.0,
2020-03-24 00:00:00,304.2847,993.9178,1.9126635,29.069801,0.0,0.0,
2020-03-24 01:00:00,307.06018,993.9027,2.3216548,26.237043,0.0,0.0,
2020-03-24 02:00:00,309.4425,993.1658,2.620954,22.699333,0.0,0.0,
2020-03-24 03:00:00,311.2199,992.1164,2.6646476,19.3674,0.0,0.0,
2020-03-24 04:00:00,312.59442,991.0307,3.2576501,16.446674,0.0,0.0,
2020-03-24 05:00:00,313.37384,989.85046,3.9635584,15.30375,0.0,0.0,
2020-03-24 06:00:00,313.80396,989.2424,4.261331,14.211917,0.0,0.0,
2020-03-24 07:00:00,314.3143,988.57733,4.823493,13.50593,0.0,0.0,
2020-03-24 08:00:00,314.1674,988.488,5.239773,13.273665,0.0,0.0,
2020-03-24 09:00:00,313.59637,989.0186,5.5217094,13.625619,0.0,0.0,
2020-03-24 10:00:00,312.55048,989.6775,4.961756,14.979668,0.0,0.0,
2020-03-24 11:00:00,311.43207,990.2706,4.9021163,16.616108,0.0,0.0,
2020-03-24 12:00:00,310.2926,990.8415,4.866249,18.38622,0.0,0.0,
2020-03-24 13:00:00,309.09595,991.24164,4.328005,20.18764,0.0,0.0,
2020-03-24 14:00:00,308.16742,990.9998,3.6309636,21.694624,0.0,0.0,
2020-03-24 15:00:00,307.15625,991.0011,3.1133294,23.45506,0.0,0.0,
2020-03-24 16:00:00,305.8706,990.8145,2.9296234,25.802633,0.0,0.0,
2020-03-24 17:00:00,304.8907,990.83923,3.075929,27.692581,0.0,0.0,
2020-03-24 18:00:00,303.92236,991.04156,2.889422,29.884117,0.0,0.0,
2020-03-24 19:00:00,302.41656,991.2405,3.3619802,32.712826,0.0,0.0,
2020-03-24 20:00:00,301.49768,991.17596,2.9500825,36.039223,0.0,0.0,
2020-03-24 21:00:00,300.71436,991.6582,2.5534046,41.95406,0.0,0.0,
2020-03-24 22:00:00,300.00732,992.0117,2.1342072,50.772636,0.0,0.0,
2020-03-24 23:00:00,301.69196,992.96716,1.5967642,52.427704,0.0,0.0,
2020-03-25 00:00:00,304.38043,993.4256,1.442325,48.995907,0.0,0.0,
2020-03-25 01:00:00,307.08868,993.7473,1.3079239,40.413086,0.0,0.0,
2020-03-25 02:00:00,309.3838,993.2771,1.6335375,30.404892,0.0,0.0,
2020-03-25 03:00:00,310.9439,992.50195,1.9247015,25.348701,0.0,0.0,
2020-03-25 04:00:00,312.1246,991.4275,3.3262954,21.37585,0.0,0.0,
2020-03-25 05:00:00,312.89233,990.5669,4.6271725,18.914158,0.0,0.0,
2020-03-25 06:00:00,313.5888,989.84186,5.270926,17.442188,0.0,0.0,
2020-03-25 07:00:00,313.65698,989.3451,5.933909,17.580286,0.0,0.0,
2020-03-25 08:00:00,313.36075,989.5012,6.047157,17.534899,0.0,0.0,
2020-03-25 09:00:00,312.7409,989.6127,6.357931,18.058062,0.0,0.0,
2020-03-25 10:00:00,311.58978,990.6244,5.980541,19.934889,0.0,0.0,
2020-03-25 11:00:00,310.40833,991.3348,6.017671,22.354012,0.0,0.0,
2020-03-25 12:00:00,309.49115,992.2754,5.4488416,24.544575,0.0,0.0,
2020-03-25 13:00:00,308.49188,992.6994,4.101378,26.601526,0.0,0.0,
2020-03-25 14:00:00,307.53534,992.94196,3.061286,28.665424,0.0,0.0,
2020-03-25 15:00:00,306.60864,992.8059,2.5912821,30.849224,0.0,0.0,
2020-03-25 16:00:00,305.60962,992.91345,2.9027264,32.836716,0.0,0.0,
2020-03-25 17:00:00,305.029,992.65063,3.424081,33.500202,0.0,0.0,
2020-03-25 18:00:00,304.46255,992.53467,3.6543853,34.198765,0.0,0.0,
2020-03-25 19:00:00,303.31818,992.6231,3.7125187,35.996452,0.0,0.0,
2020-03-25 20:00:00,302.66196,992.585,3.4518037,38.030743,0.0,0.0,
2020-03-25 21:00:00,302.07916,993.2863,3.3141017,40.60192,0.0,0.0,
2020-03-25 22:00:00,301.7533,994.3005,3.151585,43.031353,0.0,0.0,
2020-03-25 23:00:00,303.55493,995.4247,3.0075212,41.056026,0.0,0.0,
2020-03-26 00:00:00,305.904,995.8379,3.739463,39.548218,0.0,0.0,
2020-03-26 01:00:00,307.77484,996.06647,3.969286,36.975132,0.0,0.0,
2020-03-26 02:00:00,309.64392,995.4393,4.477544,31.163284,0.0,0.0,
2020-03-26 03:00:00,311.23993,994.33936,5.9968452,24.983927,0.0,0.0,
2020-03-26 04:00:00,311.93533,993.3679,6.3202734,22.433798,0.0,0.0,
2020-03-26 05:00:00,312.79126,992.12555,6.0891023,20.399313,0.0,0.0,
2020-03-26 06:00:00,313.09924,991.5217,5.876532,19.251303,0.0,0.0,
2020-03-26 07:00:00,313.56747,991.0557,5.974189,18.380299,0.0,0.0,
2020-03-26 08:00:00,313.23907,990.78033,6.2936864,18.291153,0.0,0.0,
2020-03-26 09:00:00,312.3277,991.0122,6.336592,19.170015,0.0,0.0,
2020-03-26 10:00:00,311.21906,991.85626,5.749132,20.573,0.0,0.0,
2020-03-26 11:00:00,310.24295,992.4674,5.6069827,21.999908,0.0,0.0,
2020-03-26 12:00:00,309.1653,993.2073,5.18086,23.64971,0.0,0.0,
2020-03-26 13:00:00,308.45758,993.86414,4.519005,24.924505,0.0,0.0,
2020-03-26 14:00:00,307.47852,993.94,3.639581,26.687263,0.0,0.0,
2020-03-26 15:00:00,306.82092,994.02466,2.7741854,28.208294,0.0,0.0,
2020-03-26 16:00:00,305.85675,993.71625,2.2848504,30.533049,0.0,0.0,
2020-03-26 17:00:00,304.7135,993.6884,2.1403244,33.256226,0.0,0.0,
2020-03-26 18:00:00,303.7438,993.7883,1.9459922,36.807262,0.0,0.0,
2020-03-26 19:00:00,302.60675,993.7436,2.0101254,42.116096,0.0,0.0,
2020-03-26 20:00:00,301.78973,993.9194,2.2258024,49.92215,0.0,0.0,
2020-03-26 21:00:00,301.18182,994.3819,2.2380395,59.094406,0.0,0.0,
2020-03-26 22:00:00,300.6155,994.7531,1.9338628,67.98204,0.0,0.0,
2020-03-26 23:00:00,301.83655,995.5877,1.674802,69.042816,0.0,0.0,
2020-03-27 00:00:00,304.2038,996.0372,1.3609036,59.471848,0.0,0.0,
2020-03-27 01:00:00,306.57904,996.0485,0.44677383,43.821377,0.0,0.0,
2020-03-27 02:00:00,308.4536,995.5265,1.2586414,35.221115,0.0,0.0,
2020-03-27 03:00:00,310.30075,994.82263,2.4102607,28.564484,0.0,0.0,
2020-03-27 04:00:00,311.5464,993.7718,3.0903368,23.74323,0.0,0.0,
2020-03-27 05:00:00,312.18396,992.5574,3.0335665,21.493502,0.0,0.0,
2020-03-27 06:00:00,313.0114,991.79333,3.1648068,19.795877,0.0,0.0,
2020-03-27 07:00:00,313.06073,991.1225,3.7233174,19.324593,0.0,0.0,
2020-03-27 08:00:00,313.10474,990.8722,4.075992,18.662106,0.0,0.0,
2020-03-27 09:00:00,312.5908,991.1361,4.179521,18.864492,0.0,0.0,
2020-03-27 10:00:00,311.586,991.8498,4.3123775,19.797302,0.0,0.0,
2020-03-27 11:00:00,310.56464,992.2983,4.250709,21.064054,0.0,0.0,
2020-03-27 12:00:00,309.74817,993.1108,4.007192,22.21796,0.0,0.0,
2020-03-27 13:00:00,308.76834,993.43787,3.6326356,23.668238,0.0,0.0,
2020-03-27 14:00:00,307.95105,993.53235,3.353344,24.96001,0.0,0.0,
2020-03-27 15:00:00,307.1323,993.6256,3.28354,26.255842,0.0,0.0,
2020-03-27 16:00:00,306.25287,993.34546,3.3943334,27.495113,0.0,0.0,
2020-03-27 17:00:00,305.6283,992.96265,3.5074856,28.265387,0.0,0.0,
2020-03-27 18:00:00,304.94055,992.73047,3.4493403,29.334587,0.0,0.0,
2020-03-27 19:00:00,303.174,992.59143,3.254599,31.8957,0.0,0.0,
2020-03-27 20:00:00,302.51196,992.73126,4.0158362,33.944874,0.0,0.0,
2020-03-27 21:00:00,301.4571,993.3656,4.4206676,45.261066,0.0,0.0,
2020-03-27 22:00:00,300.3778,993.891,4.135634,67.32918,0.0,0.0,
2020-03-27 23:00:00,301.2381,994.54,4.7946205,78.43759,0.0,0.0,
2020-03-28 00:00:00,303.66498,995.1394,4.6753826,69.03923,0.0,0.0,
2020-03-28 01:00:00,306.56134,995.3753,4.12762,53.0528,0.0,0.0,
2020-03-28 02:00:00,308.86664,994.5879,3.0329404,40.049267,0.0,0.0,
2020-03-28 03:00:00,310.36017,993.8894,1.5814241,30.424282,0.0,0.0,
2020-03-28 04:00:00,310.7632,992.9302,0.90504956,25.880814,0.0,0.0,
2020-03-28 05:00:00,311.30664,992.0469,1.2915692,23.0289,0.0,0.0,
2020-03-28 06:00:00,311.8979,991.08905,2.0113761,21.054224,0.0,0.08,
2020-03-28 07:00:00,310.92572,990.8535,1.9081056,26.618391,0.0,0.29999998,
2020-03-28 08:00:00,310.93903,990.51025,2.388396,25.00388,0.0,0.12,
2020-03-28 09:00:00,310.64575,990.6582,2.4773796,24.111326,0.0,0.0,
2020-03-28 10:00:00,310.0949,991.0837,2.6879454,24.765585,0.0,0.0,
2020-03-28 11:00:00,309.41794,991.4497,3.1383524,26.333105,0.0,0.0,
2020-03-28 12:00:00,308.39258,991.7944,3.3159113,28.562672,0.0,0.0,
2020-03-28 13:00:00,307.40912,991.8756,3.248975,30.672165,0.0,0.0,
2020-03-28 14:00:00,306.46265,991.9168,3.0313768,32.53427,0.0,0.0,
2020-03-28 15:00:00,305.63354,991.7528,2.6208904,34.05017,0.0,0.0,
2020-03-28 16:00:00,304.7252,991.58795,2.3588226,36.057106,0.0,0.0,
2020-03-28 17:00:00,303.8202,991.00006,1.9318571,39.87305,0.0,0.0,
2020-03-28 18:00:00,304.16772,990.95526,0.9114535,38.224884,0.0,0.0,
2020-03-28 19:00:00,302.68823,991.40656,2.687775,48.544724,0.0,0.0,
2020-03-28 20:00:00,301.7251,991.89813,2.9087863,59.153183,0.0,0.0,
2020-03-28 21:00:00,300.91467,992.3123,2.920713,69.450066,0.0,0.0,
2020-03-28 22:00:00,300.5915,992.78656,2.8886824,76.52066,0.0,0.0,
2020-03-28 23:00:00,301.70178,993.40094,3.0388415,75.42214,0.0,0.0,
2020-03-29 00:00:00,303.94205,993.6741,2.956366,66.20922,0.0,0.0,
2020-03-29 01:00:00,306.37347,993.8084,2.4063354,52.378696,0.0,0.0,
2020-03-29 02:00:00,308.80988,993.0775,2.489872,38.009636,0.0,0.0,
2020-03-29 03:00:00,310.80597,992.36,3.206588,26.850096,0.0,0.0,
2020-03-29 04:00:00,311.49277,991.2953,2.9179945,22.785564,0.0,0.0,
2020-03-29 05:00:00,312.08264,990.57874,1.8958393,20.673208,0.0,0.0,
2020-03-29 06:00:00,312.54846,990.09106,0.80774325,18.981249,0.0,0.0,
2020-03-29 07:00:00,312.5785,990.06213,0.3768971,18.92027,0.0,0.0,
2020-03-29 08:00:00,312.5943,989.7128,1.4181731,18.571667,0.0,0.0,
2020-03-29 09:00:00,312.43085,990.0829,2.5932326,18.534447,0.0,0.0,
2020-03-29 10:00:00,311.63602,990.2425,2.98217,19.639046,0.0,0.0,
2020-03-29 11:00:00,310.93567,990.712,3.0891905,20.893482,0.0,0.0,
2020-03-29 12:00:00,309.99432,991.26135,3.2738836,22.463455,0.0,0.0,
2020-03-29 13:00:00,309.02545,991.5767,3.2210941,24.192247,0.0,0.0,
2020-03-29 14:00:00,308.0134,991.8064,2.6939583,26.197075,0.0,0.0,
2020-03-29 15:00:00,306.75635,991.5723,1.7484791,29.625383,0.0,0.0,
2020-03-29 16:00:00,305.78156,991.5513,1.1142315,34.924522,0.0,0.0,
2020-03-29 17:00:00,304.94873,991.23047,2.1177964,35.38994,0.0,0.0,
2020-03-29 18:00:00,303.8481,991.04913,3.0826037,41.178062,0.0,0.0,
2020-03-29 19:00:00,302.46942,991.0419,3.3424172,51.678837,0.0,0.0,
2020-03-29 20:00:00,301.46826,991.2715,3.5810835,58.60794,0.0,0.0,
2020-03-29 21:00:00,300.8814,991.80444,3.1077561,63.969505,0.0,0.0,
2020-03-29 22:00:00,300.5063,992.90576,2.6065812,67.94369,0.0,0.0,
2020-03-29 23:00:00,301.95667,993.68756,2.960362,64.90357,0.0,0.0,
2020-03-30 00:00:00,304.3236,994.1475,3.3908868,57.27396,0.0,0.0,
2020-03-30 01:00:00,306.7303,994.1973,2.9407244,47.520645,0.0,0.0,
2020-03-30 02:00:00,309.03192,993.5374,2.687091,37.536503,0.0,0.0,
2020-03-30 03:00:00,310.89136,992.64703,2.202198,28.326849,0.0,0.0,
2020-03-30 04:00:00,311.80258,991.43365,1.3499324,22.963032,0.0,0.0,
2020-03-30 05:00:00,312.15622,990.4319,1.2422054,20.857607,0.0,0.0,
2020-03-30 06:00:00,312.74255,989.81287,0.3409798,19.258802,0.0,0.0,
2020-03-30 07:00:00,312.83005,989.402,0.48332638,18.770597,0.0,0.0,
2020-03-30 08:00:00,312.96225,989.0745,0.94662553,18.175625,0.0,0.0,
2020-03-30 09:00:00,312.8491,989.29486,1.2426597,17.780375,0.0,0.0,
2020-03-30 10:00:00,312.24084,989.59393,1.5655215,18.334862,0.0,0.0,
2020-03-30 11:00:00,311.30005,990.09924,2.3618858,20.091522,0.0,0.0,
2020-03-30 12:00:00,309.88507,990.63904,2.980738,22.355589,0.0,0.0,
2020-03-30 13:00:00,308.55585,990.76013,3.2450001,24.757572,0.0,0.0,
2020-03-30 14:00:00,307.37488,990.8148,2.7848265,27.215662,0.0,0.0,
2020-03-30 15:00:00,305.9201,990.7184,1.6933247,32.310986,0.0,0.0,
2020-03-30 16:00:00,306.20587,990.6266,0.67093426,29.645676,0.0,0.0,
2020-03-30 17:00:00,303.76733,990.3702,1.4755123,39.434322,0.0,0.0,
2020-03-30 18:00:00,303.05603,990.3127,2.9316382,38.99929,0.0,0.0,
2020-03-30 19:00:00,301.49707,990.33,2.9041653,46.920807,0.0,0.0,
2020-03-30 20:00:00,300.67627,991.1424,2.9960818,52.61328,0.0,0.0,
2020-03-30 21:00:00,300.19766,991.69617,3.3263288,57.742435,0.0,0.0,
2020-03-30 22:00:00,299.87653,992.6893,3.807722,63.208748,0.0,0.0,
2020-03-30 23:00:00,301.31934,993.40295,4.616766,64.140526,0.0,0.0,
2020-03-31 00:00:00,303.77472,993.74414,5.5477386,60.441673,0.0,0.0,
2020-03-31 01:00:00,306.4596,993.97034,5.7602797,49.538166,0.0,0.0,
2020-03-31 02:00:00,308.7468,993.2519,5.3290024,39.488213,0.0,0.0,
2020-03-31 03:00:00,310.4997,992.1822,4.287466,31.737747,0.0,0.0,
2020-03-31 04:00:00,311.3783,991.2522,2.88349,25.82345,0.0,0.0,
2020-03-31 05:00:00,311.91687,990.43396,2.4323897,23.194923,0.0,0.0,
2020-03-31 06:00:00,311.90936,989.85236,2.2586315,22.481411,0.0,0.0,
2020-03-31 07:00:00,311.54535,989.6618,2.173041,23.246948,0.0,0.0,
2020-03-31 08:00:00,311.45673,989.6797,1.9539806,23.273922,0.0,0.0,
2020-03-31 09:00:00,311.0111,990.1395,2.2686975,24.010826,0.0,0.0,
2020-03-31 10:00:00,310.0724,990.59186,3.298872,26.559221,0.0,0.0,
2020-03-31 11:00:00,308.94882,990.89954,3.8551872,30.224737,0.0,0.0,
2020-03-31 12:00:00,307.792,991.11334,4.144703,33.368225,0.0,0.0,
2020-03-31 13:00:00,307.1593,991.3019,4.4598074,34.885822,0.0,0.0,
2020-03-31 14:00:00,306.2461,991.3457,5.081852,38.637306,0.0,0.0,
2020-03-31 15:00:00,305.18176,991.1769,5.667192,46.9066,0.0,0.0,
2020-03-31 16:00:00,304.168,991.20795,5.248021,55.415665,0.0,0.0,
2020-03-31 17:00:00,303.25766,990.8511,4.5793242,61.75279,0.0,0.0,
2020-03-31 18:00:00,302.66992,990.89014,4.0530043,65.90263,0.0,0.0,
2020-03-31 19:00:00,301.91553,990.96466,3.7302814,70.1421,0.0,0.0,
2020-03-31 20:00:00,301.52643,991.34875,3.40999,73.393326,0.0,0.0,
2020-03-31 21:00:00,301.14307,991.8074,3.2624311,76.31459,0.0,0.0,
2020-03-31 22:00:00,300.94244,992.34674,3.1867316,78.19117,0.0,0.0,
2020-03-31 23:00:00,301.8853,993.161,4.1662784,74.70776,0.0,0.0,
2020-04-01 00:00:00,303.79382,993.673,4.579471,66.14422,0.0013004655,0.0,
2020-04-01 01:00:00,306.07523,993.9093,4.5532107,55.92538,0.0,0.0,
2020-04-01 02:00:00,308.19135,993.12195,4.576001,47.005974,0.014942139,0.0,
2020-04-01 03:00:00,309.93845,992.0387,4.5484753,39.423157,0.0042691827,0.0,
2020-04-01 04:00:00,311.08688,990.7837,4.401413,33.98524,0.0,0.0,
2020-04-01 05:00:00,311.29156,990.2508,4.122796,32.52789,0.0,0.0,
2020-04-01 06:00:00,311.01547,989.6462,3.6387315,32.27092,0.0,0.0,
2020-04-01 07:00:00,310.9229,989.4818,3.2224765,31.674135,0.0,0.0,
2020-04-01 08:00:00,310.71307,989.47186,2.8373404,31.676281,0.0,0.0,
2020-04-01 09:00:00,310.1874,989.6705,2.8506792,32.21739,0.0,0.0,
2020-04-01 10:00:00,309.51047,990.33093,3.1647441,33.840622,0.0,0.0,
2020-04-01 11:00:00,308.23972,991.2622,3.872041,36.26569,0.048920512,0.0,
2020-04-01 12:00:00,307.12488,992.10065,3.3610358,40.932705,0.022694468,0.0,
2020-04-01 13:00:00,306.55164,992.2911,3.3822222,43.682163,0.0,0.0,
2020-04-01 14:00:00,305.80103,992.2592,3.5963774,46.733604,0.0,0.0,
2020-04-01 15:00:00,305.06152,992.0951,3.84325,49.74604,0.0,0.0,
2020-04-01 16:00:00,304.3968,991.8553,4.1741858,52.63728,0.0,0.0,
2020-04-01 17:00:00,303.86078,991.52734,4.4882445,55.85735,0.0,0.0,
2020-04-01 18:00:00,303.1909,991.27844,4.7574177,60.504997,0.0,0.0,
2020-04-01 19:00:00,302.46005,991.3639,4.6172433,66.635994,0.0,0.0,
2020-04-01 20:00:00,301.9135,991.61383,4.441942,71.93513,0.0,0.0,
2020-04-01 21:00:00,301.5066,992.2506,4.3525877,76.482834,0.0,0.0,
2020-04-01 22:00:00,301.1301,992.9984,4.0328684,80.133934,0.0,0.0,
2020-04-01 23:00:00,301.60983,993.67017,5.0150886,78.65703,0.0,0.0,
2020-04-02 00:00:00,302.98163,994.0999,5.285663,70.27253,0.09086728,0.0,
2020-04-02 01:00:00,304.59106,994.3206,5.297487,59.8647,0.0,0.0,
2020-04-02 02:00:00,306.94586,993.5642,5.3527,47.17129,0.0,0.0,
2020-04-02 03:00:00,308.77472,992.59216,5.423492,38.558285,0.0017881393,0.0,
2020-04-02 04:00:00,310.3545,991.16766,5.2220225,32.286583,0.0017657876,0.0,
2020-04-02 05:00:00,311.01422,989.9263,4.6540456,29.010572,0.0,0.0,
2020-04-02 06:00:00,311.2713,989.2686,4.3272524,27.324804,0.0,0.0,
2020-04-02 07:00:00,311.50644,988.9727,3.8375742,25.701788,0.0,0.0,
2020-04-02 08:00:00,311.5089,988.795,3.693674,24.871971,0.0,0.0,
2020-04-02 09:00:00,311.27228,989.2361,3.633295,24.702534,0.0,0.0,
2020-04-02 10:00:00,310.35522,989.7328,3.2319345,26.22475,0.0,0.0,
2020-04-02 11:00:00,309.13333,990.4344,4.249814,29.39899,0.0,0.0,
2020-04-02 12:00:00,307.82452,990.85876,5.5596747,33.853992,0.0,0.0,
2020-04-02 13:00:00,306.55353,991.3984,6.1166224,39.027065,0.0,0.0,
2020-04-02 14:00:00,305.42572,991.2453,5.7881813,44.1716,0.0,0.0,
2020-04-02 15:00:00,304.50873,991.0605,4.9930096,48.844795,0.0,0.0,
2020-04-02 16:00:00,303.73694,991.0062,4.599048,53.192635,0.0,0.0,
2020-04-02 17:00:00,303.04614,990.6908,4.9636445,58.009167,0.0,0.0,
2020-04-02 18:00:00,302.4918,990.6111,5.03854,63.059086,0.0,0.0,
2020-04-02 19:00:00,301.61462,990.7461,4.887249,69.48834,0.0,0.0,
2020-04-02 20:00:00,301.05518,991.0274,5.0031543,74.471214,0.0,0.0,
2020-04-02 21:00:00,300.64642,991.4835,4.841666,78.23848,0.0,0.0,
2020-04-02 22:00:00,300.38983,992.39935,4.5780296,80.917076,0.0,0.0,
2020-04-02 23:00:00,301.33667,993.3261,5.258449,77.82247,0.0,0.0,
2020-04-03 00:00:00,303.27982,993.8031,6.012196,67.1406,0.0057250257,0.0,
2020-04-03 01:00:00,305.42722,993.95044,6.3901005,53.250618,0.0,0.0,
2020-04-03 02:00:00,307.62256,993.3193,6.620881,40.27106,0.0,0.0,
2020-04-03 03:00:00,309.52005,992.4402,6.6898985,31.222673,0.0,0.0,
2020-04-03 04:00:00,310.7622,991.1334,6.5718756,26.58773,0.0,0.0,
2020-04-03 05:00:00,311.69394,990.0371,6.2278934,24.366676,0.0,0.0,
2020-04-03 06:00:00,312.08423,989.12427,5.8833914,23.568651,0.0,0.0,
2020-04-03 07:00:00,312.1832,988.96985,5.2020917,23.227802,0.0,0.0,
2020-04-03 08:00:00,312.06964,988.985,5.1260767,23.29984,0.0,0.0,
2020-04-03 09:00:00,311.50122,989.63947,4.8264103,23.982897,0.0,0.0,
2020-04-03 10:00:00,310.44446,990.0736,3.8462427,25.669008,0.0,0.0,
2020-04-03 11:00:00,309.17456,990.7446,3.7457917,28.63227,0.0,0.0,
2020-04-03 12:00:00,307.88538,991.17194,4.363273,32.8229,0.0,0.0,
2020-04-03 13:00:00,306.58527,991.46765,4.434844,37.56147,0.0,0.0,
2020-04-03 14:00:00,305.46225,991.33826,4.4694085,41.376553,0.0,0.0,
2020-04-03 15:00:00,304.40176,991.66876,5.5421367,47.38001,0.0,0.0,
2020-04-03 16:00:00,303.25693,991.3798,5.999317,56.847614,0.0,0.0,
2020-04-03 17:00:00,302.38794,990.9778,5.7827263,65.08152,0.0,0.0,
2020-04-03 18:00:00,301.6916,990.95404,5.529311,71.362236,0.0,0.0,
2020-04-03 19:00:00,300.77917,991.10065,5.272571,77.37871,0.0,0.0,
2020-04-03 20:00:00,300.30078,991.4813,4.9698877,80.69756,0.0,0.0,
2020-04-03 21:00:00,299.9077,992.0161,4.6406717,82.69745,0.0,0.0,
2020-04-03 22:00:00,299.6115,992.887,4.4019628,83.41799,0.0,0.0,
2020-04-03 23:00:00,300.7365,993.57837,5.026351,74.73048,0.0,0.0,
2020-04-04 00:00:00,303.07672,994.2378,5.6068287,57.87134,0.0,0.0,
2020-04-04 01:00:00,305.48248,994.2006,5.4927287,43.86431,0.0,0.0,
2020-04-04 02:00:00,307.65363,993.53296,4.759815,33.510952,0.0,0.0,
2020-04-04 03:00:00,309.60742,992.46326,3.943237,25.839848,0.0,0.0,
2020-04-04 04:00:00,311.2495,991.2734,3.5373776,20.202929,0.0,0.0,
2020-04-04 05:00:00,312.38885,990.41376,3.4802322,16.958965,0.0,0.0,
2020-04-04 06:00:00,312.98907,989.6717,3.42857,15.379548,0.0,0.0,
2020-04-04 07:00:00,313.10544,989.56165,3.252722,15.186403,0.0,0.0,
2020-04-04 08:00:00,313.00842,989.75287,3.5182707,14.490466,0.0,0.0,
2020-04-04 09:00:00,312.46036,990.08923,3.6288862,14.305502,0.0,0.0,
2020-04-04 10:00:00,311.09552,990.9651,2.9409273,15.463471,0.0,0.0,
2020-04-04 11:00:00,309.75482,991.5753,2.8542101,16.901596,0.0,0.0,
2020-04-04 12:00:00,308.35547,992.073,2.8518856,18.656046,0.0,0.0,
2020-04-04 13:00:00,306.92194,992.395,2.7835453,20.788773,0.0,0.0,
2020-04-04 14:00:00,305.6453,992.3175,2.8987813,22.899534,0.0,0.0,
2020-04-04 15:00:00,304.50177,992.39453,2.9945197,25.153294,0.0,0.0,
2020-04-04 16:00:00,303.37665,992.1245,3.2833006,28.900156,0.0,0.0,
2020-04-04 17:00:00,302.48315,992.0147,3.8792686,35.493862,0.0,0.0,
2020-04-04 18:00:00,301.61523,991.6305,4.132314,48.24948,0.0,0.0,
2020-04-04 19:00:00,300.40613,991.6887,3.4370654,50.67991,0.0,0.0,
2020-04-04 20:00:00,299.60938,991.71454,3.3230457,63.92609,0.0,0.0,
2020-04-04 21:00:00,298.99194,992.335,2.8965485,74.03027,0.0,0.0,
2020-04-04 22:00:00,298.47763,992.9561,2.5309472,78.8904,0.0,0.0,
2020-04-04 23:00:00,300.0777,993.464,2.0767314,70.09566,0.0,0.0,
2020-04-05 00:00:00,303.02118,993.8928,1.5786409,49.16223,0.0017074406,0.0,
2020-04-05 01:00:00,305.94775,994.10266,2.105692,31.94091,0.0,0.0,
2020-04-05 02:00:00,308.42184,993.517,2.9295647,25.033115,0.0,0.0,
2020-04-05 03:00:00,310.35645,992.3529,2.8305526,22.12074,0.0,0.0,
2020-04-05 04:00:00,311.7941,991.13257,2.0141315,18.732998,0.0,0.0,
2020-04-05 05:00:00,312.601,990.1018,1.0522927,16.302448,0.0,0.0,
2020-04-05 06:00:00,313.03998,989.2553,0.50211,15.011038,0.0,0.0,
2020-04-05 07:00:00,313.1491,989.2502,0.32963544,15.045447,0.0,0.0,
2020-04-05 08:00:00,313.01547,989.2589,0.52740246,15.010529,0.0,0.0,
2020-04-05 09:00:00,312.66376,989.72034,1.1998363,15.344,0.0,0.0,
2020-04-05 10:00:00,311.85974,990.3211,2.5161338,16.464523,0.0,0.0,
2020-04-05 11:00:00,310.58832,990.9476,3.212377,18.313723,0.0,0.0,
2020-04-05 12:00:00,309.46558,991.4992,3.2394094,20.129095,0.0,0.0,
2020-04-05 13:00:00,308.46545,991.9164,2.7577171,21.899738,0.0,0.0,
2020-04-05 14:00:00,307.51837,991.9364,1.653348,24.646627,0.0,0.0,
2020-04-05 15:00:00,306.5183,992.04584,1.3412396,28.631618,0.0,0.0,
2020-04-05 16:00:00,306.3365,991.98065,2.589699,27.26523,0.0,0.0,
2020-04-05 17:00:00,305.78992,991.53876,3.112734,29.124685,0.0,0.0,
2020-04-05 18:00:00,305.26752,991.52576,3.725561,31.92493,0.0,0.0,
2020-04-05 19:00:00,303.34198,992.0443,5.6504364,45.27285,0.0,0.0,
2020-04-05 20:00:00,302.79156,992.6422,6.0191483,51.66749,0.0,0.0,
2020-04-05 21:00:00,302.24835,993.00885,5.625522,58.318085,0.0,0.0,
2020-04-05 22:00:00,301.714,993.6038,5.2043333,64.168365,0.0,0.0,
2020-04-05 23:00:00,302.51538,994.1069,5.745737,62.18037,0.0,0.0,
2020-04-06 00:00:00,304.3888,994.2617,6.34525,55.440216,0.0,0.0,
2020-04-06 01:00:00,306.50858,994.40173,6.667028,48.11985,0.0,0.0,
2020-04-06 02:00:00,308.5772,993.7061,6.5647655,40.959454,0.0,0.0,
2020-04-06 03:00:00,310.01392,992.908,5.983836,35.887764,0.0,0.0,
2020-04-06 04:00:00,311.0072,991.5508,4.9711385,32.147484,0.0,0.0,
2020-04-06 05:00:00,311.49237,990.4906,4.074787,29.962418,0.0,0.0,
2020-04-06 06:00:00,311.8656,989.75446,3.282989,28.472683,0.0,0.0,
2020-04-06 07:00:00,312.0208,988.91547,2.6610093,25.675941,0.0,0.0,
2020-04-06 08:00:00,311.61932,988.92773,2.817281,26.042637,0.0,0.0,
2020-04-06 09:00:00,309.11337,989.68866,4.282289,30.015337,0.635162,0.0,
2020-04-06 10:00:00,307.53235,991.09644,5.155691,35.308655,0.061556697,0.0,
2020-04-06 11:00:00,304.57196,992.9548,5.666076,47.9725,0.16449392,0.0,
2020-04-06 12:00:00,302.04034,994.4879,5.466466,62.058617,0.7791221,0.0,
2020-04-06 13:00:00,300.7986,995.14825,5.0056596,68.86009,0.6825626,0.47999996,
2020-04-06 14:00:00,300.3677,994.7386,3.315386,70.679054,0.102967024,1.12,
2020-04-06 15:00:00,300.39987,994.40326,2.6798835,70.26973,0.0,0.16,
2020-04-06 16:00:00,300.3719,994.51544,3.1802022,70.07915,0.21128356,0.56,
2020-04-06 17:00:00,299.96985,994.3528,1.3588599,71.55314,0.50354004,0.01,
2020-04-06 18:00:00,299.57275,993.96375,1.191926,73.00591,0.91022253,0.0,
2020-04-06 19:00:00,299.5114,994.3233,1.9123265,76.7414,1.0820031,0.0,
2020-04-06 20:00:00,298.9737,994.5502,2.3041987,80.96246,2.913818,0.0,
2020-04-06 21:00:00,298.4657,994.704,2.5006056,85.75119,2.1343083,0.0,
2020-04-06 22:00:00,298.19446,995.7004,1.8795187,86.93209,0.5581081,0.0,
2020-04-06 23:00:00,298.73737,996.0783,2.947073,82.57716,0.10472536,0.0,
2020-04-07 00:00:00,300.0192,996.3764,4.687954,75.95738,10.849417,0.0,
2020-04-07 01:00:00,301.5398,996.2914,5.0290604,68.669044,0.0,0.0,
2020-04-07 02:00:00,303.07422,995.8342,5.316403,59.995834,0.0,0.0,
2020-04-07 03:00:00,304.06903,994.7678,5.1406775,54.719658,0.008530915,0.0,
2020-04-07 04:00:00,304.84528,993.6858,4.639809,52.274914,0.002346933,0.0,
2020-04-07 05:00:00,305.41815,992.5508,4.2659106,51.059258,0.008523464,0.0,
2020-04-07 06:00:00,305.4149,991.9592,3.9438481,51.134132,0.025749207,0.0,
2020-04-07 07:00:00,306.57587,991.1847,4.7178125,42.52159,0.0,0.0,
2020-04-07 08:00:00,306.41904,990.38,4.4727597,42.86445,0.0,0.0,
2020-04-07 09:00:00,305.55615,990.57904,3.269073,47.391224,0.0,0.0,
2020-04-07 10:00:00,304.20132,991.7919,1.9063601,56.646694,0.0,0.02,
2020-04-07 11:00:00,303.01447,993.005,1.8367076,66.381874,0.038295984,1.68,
2020-04-07 12:00:00,300.1899,994.2367,6.3064976,72.50423,2.8945355,3.82,
2020-04-07 13:00:00,297.45035,995.846,7.2116976,85.65315,5.0042124,1.4499999,
2020-04-07 14:00:00,297.21912,994.94586,2.620523,86.96281,0.27661026,1.26,
2020-04-07 15:00:00,297.46475,994.4698,1.6071379,85.97007,0.007852912,2.21,
2020-04-07 16:00:00,297.5107,994.8278,2.59272,86.64528,0.0018775463,2.36,
2020-04-07 17:00:00,297.4879,994.6653,2.5031052,87.413574,0.0,0.44,
2020-04-07 18:00:00,297.40796,994.0051,1.9325688,87.48178,0.0,0.0,
2020-04-07 19:00:00,295.66156,994.71594,2.682042,89.41822,5.171418,0.0,
2020-04-07 20:00:00,295.48767,995.28076,1.3749653,90.38357,4.417361,0.0,
2020-04-07 21:00:00,295.72055,994.9842,1.8568187,88.74564,0.25558472,0.0,
2020-04-07 22:00:00,295.64673,996.0758,2.8005087,90.423164,3.8136096,0.0,
2020-04-07 23:00:00,295.9046,996.88025,3.1643224,88.252754,3.8119853,0.0,
2020-04-08 00:00:00,296.7096,997.35834,1.122373,83.813416,25.943491,0.0,
2020-04-08 01:00:00,297.4082,997.43164,2.0917268,79.610756,0.0,0.0,
2020-04-08 02:00:00,298.54706,996.96545,1.8190317,69.58644,0.34073925,0.0,
2020-04-08 03:00:00,299.97272,995.98157,2.490262,63.01844,0.0013336539,0.0,
2020-04-08 04:00:00,300.81903,995.0064,2.5830789,59.730698,0.041943043,0.0,
2020-04-08 05:00:00,301.53717,993.89966,2.6582384,56.32057,0.0,0.0,
2020-04-08 06:00:00,302.28394,993.2434,2.827553,53.265945,0.0,0.0,
2020-04-08 07:00:00,305.43045,992.5553,1.3086295,39.407696,0.014461577,0.0,
2020-04-08 08:00:00,304.66357,992.47217,1.4508431,38.909164,1.452081,0.0,
2020-04-08 09:00:00,302.1454,993.8183,2.3154922,53.87725,0.08470565,0.0,
2020-04-08 10:00:00,300.53644,994.72656,2.8706653,63.97042,0.0,0.0,
2020-04-08 11:00:00,299.49628,995.2303,2.9154632,70.57604,0.0,0.0,
2020-04-08 12:00:00,298.71402,996.0842,3.2443454,74.25348,0.0,0.0,
2020-04-08 13:00:00,298.00043,996.5421,2.6061647,78.41422,0.0,0.0,
2020-04-08 14:00:00,297.35223,996.61255,1.6849102,83.83037,0.0,0.0,
2020-04-08 15:00:00,297.95294,996.87585,0.37254822,76.66699,0.0,0.0,
2020-04-08 16:00:00,297.1695,996.72833,1.8075298,84.74076,0.0,0.0,
2020-04-08 17:00:00,296.6242,996.2347,1.3224345,89.21167,0.0,0.0,
2020-04-08 18:00:00,296.5094,995.4311,1.3561882,89.71589,0.0,0.0,
2020-04-08 19:00:00,296.154,995.5703,0.7776109,90.45989,0.0,0.0,
2020-04-08 20:00:00,295.5652,995.6076,1.6294281,92.03904,0.0,0.0,
2020-04-08 21:00:00,295.25488,996.08545,1.853792,92.59764,0.0,0.0,
2020-04-08 22:00:00,294.8376,996.44806,1.951322,92.48993,0.0,0.0,
2020-04-08 23:00:00,296.19702,997.5686,1.8000307,85.10945,0.0,0.0,
2020-04-09 00:00:00,298.3933,998.1428,2.442198,68.62233,2.0804584,0.0,
2020-04-09 01:00:00,300.034,998.4194,3.223872,53.003777,0.0,0.0,
2020-04-09 02:00:00,301.75885,997.8106,3.5420518,43.716915,0.0,0.0,
2020-04-09 03:00:00,303.16876,996.9243,3.3977814,38.748493,0.0,0.0,
2020-04-09 04:00:00,304.20984,995.8772,2.8197894,36.099792,0.0,0.0,
2020-04-09 05:00:00,304.8661,995.0236,2.069792,34.63052,0.0,0.0,
2020-04-09 06:00:00,305.19302,994.46985,1.4632394,33.456657,0.0,0.0,
2020-04-09 07:00:00,306.2738,993.7642,1.6029011,26.068073,0.0,0.0,
2020-04-09 08:00:00,306.085,993.6262,1.5434421,26.428535,0.0,0.0,
2020-04-09 09:00:00,304.4212,993.8806,2.416346,39.355858,0.0,0.0,
2020-04-09 10:00:00,301.50946,994.82544,3.605392,51.19251,0.0,0.0,
2020-04-09 11:00:00,299.60788,995.21094,3.745834,56.760155,0.0,0.0,
2020-04-09 12:00:00,298.50812,995.9075,3.7211318,59.164352,0.0,0.0,
2020-04-09 13:00:00,297.64706,996.3777,3.6429284,60.75266,0.0,0.0,
2020-04-09 14:00:00,296.97528,996.66565,3.612757,61.46205,0.0,0.0,
2020-04-09 15:00:00,296.47052,996.7592,3.7382007,60.75607,0.0,0.0,
2020-04-09 16:00:00,296.45557,996.7544,4.1580095,57.277767,0.0,0.0,
2020-04-09 17:00:00,296.1682,996.42596,4.4924965,54.015495,0.0,0.0,
2020-04-09 18:00:00,295.78284,996.1219,4.323923,53.700096,0.0,0.0,
2020-04-09 19:00:00,295.8192,996.47375,5.557973,48.926136,0.0,0.0,
2020-04-09 20:00:00,295.52905,996.5543,5.3140807,50.558197,0.0,0.0,
2020-04-09 21:00:00,295.1916,997.03955,5.339212,52.099346,0.0,0.0,
2020-04-09 22:00:00,294.9101,997.8,5.4473047,53.30797,0.0,0.0,
2020-04-09 23:00:00,295.8343,998.7461,5.3628764,53.002846,0.0,0.0,
2020-04-10 00:00:00,298.15417,999.19086,5.4421015,47.304382,0.0,0.0,
2020-04-10 01:00:00,300.56824,999.17053,6.237987,39.678043,0.0,0.0,
2020-04-10 02:00:00,302.4884,998.7111,5.8991237,36.177483,0.0,0.0,
2020-04-10 03:00:00,303.9198,997.54987,5.1010265,34.433174,0.0021979213,0.0,
2020-04-10 04:00:00,304.87225,996.3694,4.6176414,32.520252,0.01424551,0.0,
2020-04-10 05:00:00,305.33694,995.27045,4.3738046,31.053755,0.024922192,0.0,
2020-04-10 06:00:00,305.54675,994.33826,3.9648235,30.155245,0.011973083,0.0,
2020-04-10 07:00:00,305.11163,994.15674,3.9187934,29.732477,0.0,0.0,
2020-04-10 08:00:00,303.46173,994.8871,6.776299,38.27811,0.0,0.0,
2020-04-10 09:00:00,300.92545,995.14185,5.76541,49.269386,0.0,0.0,
2020-04-10 10:00:00,299.33542,995.95685,3.862336,56.731,0.0,0.0,
2020-04-10 11:00:00,298.1737,996.4299,3.0645711,63.20878,0.0,0.0,
2020-04-10 12:00:00,297.36346,997.0723,2.8240206,67.39743,0.0,0.0,
2020-04-10 13:00:00,296.8681,997.2525,3.0943997,68.748116,0.0,0.0,
2020-04-10 14:00:00,296.4713,997.83624,3.4642093,70.055084,0.0,0.0,
2020-04-10 15:00:00,295.95087,997.83154,3.2197127,73.01561,0.0,0.0,
2020-04-10 16:00:00,295.4962,997.8303,2.8360498,76.42252,0.0,0.0,
2020-04-10 17:00:00,295.09235,997.4409,2.7435155,78.8399,0.0,0.0,
2020-04-10 18:00:00,294.72345,997.27783,2.794342,80.33037,0.0,0.0,
2020-04-10 19:00:00,293.9956,996.41187,2.3408072,82.59874,0.0,0.0,
2020-04-10 20:00:00,293.74973,996.615,2.849576,82.492775,0.0,0.0,
2020-04-10 21:00:00,293.56305,997.00287,3.2547424,81.60289,0.0,0.0,
2020-04-10 22:00:00,293.5426,997.84924,3.144799,80.06649,0.0,0.0,
2020-04-10 23:00:00,294.84872,998.4559,2.8624604,73.95236,0.0,0.0,
2020-04-11 00:00:00,296.85406,999.1867,3.6704957,60.10095,0.054617,0.0,
2020-04-11 01:00:00,298.28937,999.1291,4.230802,53.856976,0.0,0.0,
2020-04-11 02:00:00,299.64276,998.5172,4.5355215,50.47638,0.0,0.0,
2020-04-11 03:00:00,301.07306,997.53564,4.9485126,47.705597,0.0,0.0,
2020-04-11 04:00:00,302.4615,996.3846,5.165481,44.910534,0.0,0.42999998,
2020-04-11 05:00:00,303.33118,995.39545,5.220602,43.311005,0.003170222,0.0,
2020-04-11 06:00:00,303.57513,994.6143,4.9213305,42.420567,0.0,0.0,
2020-04-11 07:00:00,302.8238,994.187,5.9194994,42.14382,0.026982278,0.0,
2020-04-11 08:00:00,302.30475,994.3639,6.007986,45.58343,0.0049620867,0.0,
2020-04-11 09:00:00,300.5916,995.1061,5.474133,54.35029,0.02630055,0.03,
2020-04-11 10:00:00,299.2387,995.84625,6.2124033,62.190674,0.0,0.0,
2020-04-11 11:00:00,298.56534,996.4138,6.1349454,67.455605,0.0,0.0,
2020-04-11 12:00:00,298.32507,996.938,5.024726,69.93203,0.0,0.0,
2020-04-11 13:00:00,298.119,997.3036,4.3172274,71.18126,0.0,0.0,
2020-04-11 14:00:00,298.01678,997.3409,3.7150102,71.68036,0.0,0.0,
2020-04-11 15:00:00,297.74414,997.34033,3.0905,73.46193,0.0,2.08,
2020-04-11 16:00:00,297.32166,996.9685,2.2847888,77.340096,0.0,0.0,
2020-04-11 17:00:00,296.69678,996.43835,1.4142663,83.75796,0.0,0.0,
2020-04-11 18:00:00,296.67194,995.77026,1.6537688,82.3074,0.0,0.0,
2020-04-11 19:00:00,297.24585,995.79877,2.1320014,80.75542,0.0,0.0,
2020-04-11 20:00:00,297.2861,995.3843,2.2290032,80.12151,0.0,0.0,
2020-04-11 21:00:00,297.2771,995.34735,2.1493773,79.682106,0.0,0.0,
2020-04-11 22:00:00,296.9502,995.6203,1.7932403,81.51778,0.0,0.0,
2020-04-11 23:00:00,297.90155,996.42236,1.2812699,77.21079,0.0,0.0,
2020-04-12 00:00:00,299.59113,996.7339,2.0267289,65.55044,0.06374717,0.0,
2020-04-12 01:00:00,301.20996,997.02875,2.8983996,59.3584,0.0,0.0,
2020-04-12 02:00:00,302.66882,996.3895,3.034469,54.75575,0.0,0.0,
2020-04-12 03:00:00,304.10025,995.7075,2.634209,50.444992,0.0,0.0,
2020-04-12 04:00:00,305.36752,994.9236,2.5189204,46.08374,0.0,0.0,
2020-04-12 05:00:00,306.05933,993.8425,1.7614777,43.492153,0.0,0.0,
2020-04-12 06:00:00,306.2825,993.35455,0.7853981,41.820827,0.0,0.0,
2020-04-12 07:00:00,307.0824,992.89594,2.0581465,38.157047,0.0,0.0,
2020-04-12 08:00:00,306.6525,992.9836,2.1176589,41.39405,0.0,0.0,
2020-04-12 09:00:00,305.38556,993.33435,2.8965385,49.78179,0.0,0.02,
2020-04-12 10:00:00,303.39478,994.03577,3.7716415,57.29189,0.0,0.0,
2020-04-12 11:00:00,302.13757,994.52826,3.646988,63.392593,0.0,0.03,
2020-04-12 12:00:00,301.5011,995.15967,2.8828664,67.83284,0.0,0.0,
2020-04-12 13:00:00,300.7849,995.6233,2.3339527,72.53953,0.0,0.0,
2020-04-12 14:00:00,300.11884,995.6873,1.9926986,77.17458,0.0,0.0,
2020-04-12 15:00:00,299.61127,995.8497,1.878472,80.15972,0.0,0.0,
2020-04-12 16:00:00,299.02505,995.3826,1.5419309,84.19799,0.0,0.0,
2020-04-12 17:00:00,299.5353,995.21155,0.7099965,77.82321,0.0,0.0,
2020-04-12 18:00:00,299.61298,994.9204,0.29993275,76.61885,0.0,0.0,
2020-04-12 19:00:00,299.1386,994.945,0.53985107,76.46382,0.0,0.0,
2020-04-12 20:00:00,298.9898,994.91315,0.39140725,76.72431,0.0,0.0,
2020-04-12 21:00:00,298.72693,995.22565,0.29672074,77.94572,0.0,0.0,
2020-04-12 22:00:00,298.1668,995.5516,0.60175407,81.89236,0.0,0.0,
2020-04-12 23:00:00,298.76642,995.9927,0.5376476,84.421555,0.0,0.0,
2020-04-13 00:00:00,300.99493,996.32794,0.5016748,68.06278,0.0021264646,0.0,
2020-04-13 01:00:00,302.67004,996.6362,0.43343616,59.40292,0.0,0.0,
2020-04-13 02:00:00,304.33322,996.3236,0.8893986,51.463528,0.0,0.0,
2020-04-13 03:00:00,305.73453,995.41077,1.2666591,42.628777,0.0,0.01,
2020-04-13 04:00:00,306.59756,994.46173,1.3973525,37.542976,0.0,0.0,
2020-04-13 05:00:00,307.38892,993.402,1.4373323,33.719616,0.0,0.0,
2020-04-13 06:00:00,308.01047,992.9546,1.4042616,30.58258,0.0,0.0,
2020-04-13 07:00:00,309.45697,992.2289,1.2815567,24.764814,0.0,0.0,
2020-04-13 08:00:00,309.57416,992.1262,0.75420004,23.539963,0.0,0.0,
2020-04-13 09:00:00,308.64288,992.7168,1.3656993,29.037275,0.0,0.0,
2020-04-13 10:00:00,305.68182,993.3576,3.1190088,40.61066,0.0,0.0,
2020-04-13 11:00:00,303.79865,993.96796,3.809584,45.48624,0.0,0.0,
2020-04-13 12:00:00,302.45657,994.6752,3.84123,49.812923,0.0,0.0,
2020-04-13 13:00:00,301.30725,994.84674,3.3264003,55.014175,0.0,0.0,
2020-04-13 14:00:00,300.14392,995.0857,2.6183276,62.232925,0.0,0.0,
2020-04-13 15:00:00,299.05157,994.9161,2.0839124,69.82821,0.0,0.0,
2020-04-13 16:00:00,298.80844,994.6889,1.4720285,70.18242,0.0,0.0,
2020-04-13 17:00:00,297.7666,994.59686,1.7702922,76.16276,0.0,0.0,
2020-04-13 18:00:00,297.7611,994.89954,3.5547562,72.99523,0.0,0.07,
2020-04-13 19:00:00,297.72958,995.65686,3.8881807,81.25317,0.0,0.0,
2020-04-13 20:00:00,297.59763,996.145,3.4389417,83.1805,0.0,0.0,
2020-04-13 21:00:00,297.44916,996.5661,2.6594322,85.09752,0.0,0.0,
2020-04-13 22:00:00,297.25793,997.03687,2.203159,87.06109,0.0,0.0,
2020-04-13 23:00:00,298.48993,997.6297,2.0229197,82.38905,0.0,0.02,
2020-04-14 00:00:00,300.5154,998.05493,2.4646401,72.586174,0.0012814999,0.0,
2020-04-14 01:00:00,302.65997,998.0542,2.6957724,61.953175,0.0,0.0,
2020-04-14 02:00:00,304.48798,997.5217,2.7117543,53.016098,0.0,0.0,
2020-04-14 03:00:00,305.90964,996.8894,2.53089,46.841038,0.0,0.0,
2020-04-14 04:00:00,306.93744,995.64685,2.2240348,41.505817,0.0,0.0,
2020-04-14 05:00:00,307.7234,994.7397,1.6931552,37.010963,0.0,0.0,
2020-04-14 06:00:00,308.1455,993.90765,1.2700753,34.699986,0.0,0.0,
2020-04-14 07:00:00,308.54086,993.5695,1.7332238,32.91358,0.0,0.0,
2020-04-14 08:00:00,308.4873,993.5669,2.6765616,32.642998,0.0,0.0,
2020-04-14 09:00:00,307.50662,993.8914,3.6961143,36.90623,0.0,0.0,
2020-04-14 10:00:00,305.711,994.45294,4.2777867,43.04711,0.0,0.0,
2020-04-14 11:00:00,304.43683,994.7981,4.055383,45.957962,0.0,0.0,
2020-04-14 12:00:00,303.4585,995.2681,3.6617951,48.032707,0.0,0.0,
2020-04-14 13:00:00,302.39948,995.2711,3.077403,51.094334,0.0,0.0,
2020-04-14 14:00:00,301.10583,995.51764,2.321563,58.457672,0.0,0.0,
2020-04-14 15:00:00,300.23083,995.6845,1.3184938,65.406265,0.0,0.0,
2020-04-14 16:00:00,300.27313,995.64545,0.8306277,60.53471,0.0,0.0,
2020-04-14 17:00:00,299.8863,995.5692,0.69451815,60.61852,0.0,0.0,
2020-04-14 18:00:00,299.4449,995.34045,0.62742555,63.010098,0.0,0.0,
2020-04-14 19:00:00,297.24033,995.45294,1.3035266,75.22456,0.0,0.0,
2020-04-14 20:00:00,296.0478,995.5606,1.900618,81.62384,0.0,0.0,
2020-04-14 21:00:00,295.78723,996.0042,2.493043,80.93806,0.0,0.0,
2020-04-14 22:00:00,295.52347,996.78326,2.8546739,81.643364,0.0,0.0,
2020-04-14 23:00:00,297.5959,997.4217,2.8242164,73.0551,0.0,0.0,
2020-04-15 00:00:00,301.08173,997.82166,3.09674,59.76431,0.0,0.0,
2020-04-15 01:00:00,303.71658,997.9815,2.9471,50.19666,0.0,0.0,
2020-04-15 02:00:00,305.7409,997.53766,2.3140051,42.395584,0.0,0.0,
2020-04-15 03:00:00,307.36536,996.6847,1.7791351,36.105553,0.0,0.0,
2020-04-15 04:00:00,308.62842,995.47266,1.1930363,29.80071,0.0,0.0,
2020-04-15 05:00:00,309.52875,994.6962,1.0341909,25.55269,0.0,0.0,
2020-04-15 06:00:00,310.1219,994.0789,1.153721,23.303644,0.0,0.0,
2020-04-15 07:00:00,310.81366,993.26447,1.4811714,19.895605,0.0,0.0,
2020-04-15 08:00:00,310.771,993.22156,0.88875747,19.175209,0.0,0.0,
2020-04-15 09:00:00,310.22064,993.5517,1.0822663,20.252907,0.0,0.0,
2020-04-15 10:00:00,308.13885,994.20166,2.6193192,26.887747,0.0,0.0,
2020-04-15 11:00:00,306.36813,994.25916,3.2903357,31.81477,0.0,0.0,
2020-04-15 12:00:00,305.0031,994.96954,3.2386136,35.8076,0.0,0.0,
2020-04-15 13:00:00,303.69098,995.1461,2.633051,40.47856,0.0,0.0,
2020-04-15 14:00:00,302.19052,995.5106,1.7077167,51.629128,0.0,0.0,
2020-04-15 15:00:00,301.7758,995.1459,0.8985783,51.452446,0.0,0.0,
2020-04-15 16:00:00,300.2318,995.048,1.341336,60.973774,0.0,0.0,
2020-04-15 17:00:00,299.1635,994.57263,1.7686867,63.56142,0.0,0.0,
2020-04-15 18:00:00,298.40363,994.48315,2.0456483,66.22396,0.0,0.0,
2020-04-15 19:00:00,297.35153,994.83405,2.229328,67.59769,0.0,0.0,
2020-04-15 20:00:00,296.8388,995.1714,2.4905987,68.90623,0.0,0.0,
2020-04-15 21:00:00,296.54715,995.7032,2.656051,69.29565,0.0,0.0,
2020-04-15 22:00:00,296.28162,996.4464,2.8468816,71.22333,0.0,0.0,
2020-04-15 23:00:00,297.9626,996.90344,2.815832,65.91534,0.0,0.0,
2020-04-16 00:00:00,301.27167,997.22107,3.176848,56.396656,0.0,0.0,
2020-04-16 01:00:00,304.11816,997.14795,3.200982,48.84983,0.0,0.0,
2020-04-16 02:00:00,306.4329,996.86096,2.757591,38.844017,0.0,0.0,
2020-04-16 03:00:00,308.09656,995.9289,2.708231,31.883272,0.0,0.0,
2020-04-16 04:00:00,309.24615,994.8116,2.5783439,27.455564,0.0,0.0,
2020-04-16 05:00:00,309.9091,993.8986,2.2218423,24.74042,0.0,0.0,
2020-04-16 06:00:00,310.2813,993.5014,1.8668269,23.282675,0.0,0.0,
2020-04-16 07:00:00,310.45438,992.90857,1.0889579,22.44528,0.0,0.0,
2020-04-16 08:00:00,310.32547,993.52924,0.96371204,22.086092,0.0,0.0,
2020-04-16 09:00:00,309.91364,993.77966,1.4453263,22.508175,0.0,0.0,
2020-04-16 10:00:00,308.8484,994.4936,2.3157794,25.612698,0.0,0.0,
2020-04-16 11:00:00,307.4909,995.0135,2.8273492,29.32122,0.0,0.0,
2020-04-16 12:00:00,306.30682,995.34125,3.1324089,31.935322,0.0,0.0,
2020-04-16 13:00:00,305.30035,995.677,3.1983817,33.770035,0.0,0.0,
2020-04-16 14:00:00,304.33542,995.5683,3.0401816,35.43357,0.0,0.0,
2020-04-16 15:00:00,303.31287,995.7053,2.6240814,37.88096,0.0,0.0,
2020-04-16 16:00:00,302.51172,995.2421,1.3301374,43.522556,0.0,0.0,
2020-04-16 17:00:00,302.33337,995.0488,0.74716383,40.62577,0.0,0.0,
2020-04-16 18:00:00,300.1828,994.79834,2.5625818,46.545204,0.0,0.0,
2020-04-16 19:00:00,298.3708,994.4646,1.3767316,64.7788,0.0,0.0,
2020-04-16 20:00:00,297.40283,994.54626,1.7789198,68.76001,0.0,0.0,
2020-04-16 21:00:00,296.77356,994.9797,2.080642,72.54451,0.0,0.0,
2020-04-16 22:00:00,296.1364,995.2903,2.3043108,76.32348,0.0,0.0,
2020-04-16 23:00:00,298.04803,996.1893,2.1517453,69.51772,0.0,0.0,
2020-04-17 00:00:00,301.997,996.5104,2.3306713,55.229233,0.0,0.0,
2020-04-17 01:00:00,305.0644,997.0,2.3053246,42.50955,0.0,0.0,
2020-04-17 02:00:00,307.34473,996.5729,2.113354,34.03862,0.0,0.0,
2020-04-17 03:00:00,309.22864,995.66547,2.3542776,27.670229,0.0,0.0,
2020-04-17 04:00:00,310.5487,994.3497,2.5131454,22.95409,0.0,0.0,
2020-04-17 05:00:00,311.27652,993.4239,2.1530058,20.04507,0.0,0.0,
2020-04-17 06:00:00,311.52505,993.02075,1.7160256,18.945183,0.0,0.0,
2020-04-17 07:00:00,311.1225,993.0839,1.0971575,20.769669,0.0,0.0,
2020-04-17 08:00:00,310.97736,993.45435,1.27727,20.717106,0.0,0.0,
2020-04-17 09:00:00,310.53983,993.97797,1.9824678,21.266811,0.0,0.0,
2020-04-17 10:00:00,309.27762,994.72595,2.8272808,24.174019,0.0,0.0,
2020-04-17 11:00:00,308.00302,994.8878,3.3899968,27.021727,0.0,0.0,
2020-04-17 12:00:00,306.89447,995.3031,3.6664767,29.106781,0.0,0.0,
2020-04-17 13:00:00,305.8448,995.02325,3.5759134,30.909058,0.0,0.0,
2020-04-17 14:00:00,304.74646,994.9906,3.4857757,33.528515,0.0,0.0,
2020-04-17 15:00:00,303.38336,994.8097,3.897517,40.03316,0.0,0.0,
2020-04-17 16:00:00,301.92725,994.5989,3.943898,51.79474,0.0,0.0,
2020-04-17 17:00:00,300.82654,994.4635,3.114054,61.79691,0.0,0.0,
2020-04-17 18:00:00,300.044,994.4783,2.803728,68.19921,0.0,0.0,
2020-04-17 19:00:00,299.20834,994.37286,3.8031611,74.770096,0.0,0.0,
2020-04-17 20:00:00,298.74936,994.64484,3.3205767,78.131065,0.0,0.0,
2020-04-17 21:00:00,298.31378,995.01556,3.0900295,81.00989,0.0,0.0,
2020-04-17 22:00:00,297.97693,995.7226,3.0405192,83.20321,0.0,0.0,
2020-04-17 23:00:00,299.29886,996.1471,3.3476734,77.05844,0.0,0.0,
2020-04-18 00:00:00,301.86487,996.8591,3.8945835,64.34151,0.0012896234,0.0,
2020-04-18 01:00:00,304.55545,996.9116,4.185787,51.06185,0.0,0.0,
2020-04-18 02:00:00,306.92102,996.41077,4.434736,41.110123,0.0,0.0,
2020-04-18 03:00:00,308.81433,995.1308,4.4612145,33.765354,0.0,0.0,
2020-04-18 04:00:00,310.1756,993.66016,4.154565,28.754007,0.0,0.0,
2020-04-18 05:00:00,311.08084,992.53925,3.6869395,25.402376,0.0,0.0,
2020-04-18 06:00:00,311.60718,991.70483,3.0853276,22.785877,0.0,0.0,
2020-04-18 07:00:00,311.52722,991.8052,0.9887105,21.53185,0.0,0.0,
2020-04-18 08:00:00,311.2921,991.94904,0.82016283,21.274385,0.0,0.0,
2020-04-18 09:00:00,310.9564,992.13116,1.4299216,21.609823,0.0,0.0,
2020-04-18 10:00:00,309.98016,992.6549,2.2827988,23.46348,0.0,0.0,
2020-04-18 11:00:00,308.56442,992.8797,2.887885,26.118135,0.0,0.0,
2020-04-18 12:00:00,307.3632,993.38763,3.2641819,28.300318,0.0,0.0,
2020-04-18 13:00:00,306.35168,993.4305,3.5033052,29.92265,0.0,0.0,
2020-04-18 14:00:00,305.3938,993.4387,3.8407679,31.89571,0.0,0.0,
2020-04-18 15:00:00,304.32397,993.33344,4.388681,36.85266,0.0,0.0,
2020-04-18 16:00:00,303.06232,993.03986,4.7803545,45.380756,0.0,0.0,
2020-04-18 17:00:00,301.95676,993.0959,4.4704776,53.149914,0.0,0.0,
2020-04-18 18:00:00,301.1561,992.8803,3.4553583,59.043587,0.0,0.0,
2020-04-18 19:00:00,300.17932,993.06226,2.7277281,64.84789,0.0,0.0,
2020-04-18 20:00:00,299.5859,993.37494,2.4956644,67.83089,0.0,0.0,
2020-04-18 21:00:00,299.05188,993.58575,2.6202283,70.2536,0.0,0.0,
2020-04-18 22:00:00,298.6179,994.11975,2.8341978,71.923805,0.0,0.0,
2020-04-18 23:00:00,300.14355,994.8855,3.1535528,64.47956,0.0,0.0,
2020-04-19 00:00:00,302.7616,995.3544,3.87904,50.18739,0.001695018,0.0,
2020-04-19 01:00:00,305.12372,995.7684,3.8045516,39.35657,0.0,0.0,
2020-04-19 02:00:00,307.34894,995.4222,3.6436365,31.757046,0.0,0.0,
2020-04-19 03:00:00,309.31592,994.34955,3.6686594,26.03381,0.0,0.0,
2020-04-19 04:00:00,310.78152,993.13635,3.5349658,21.918865,0.0,0.0,
2020-04-19 05:00:00,311.6462,992.0109,3.0192637,19.39759,0.0,0.0,
2020-04-19 06:00:00,312.0642,991.1694,2.413638,17.965355,0.0,0.0,
2020-04-19 07:00:00,311.93835,991.28595,1.2827659,18.02259,0.0,0.0,
2020-04-19 08:00:00,311.63123,991.36487,0.8978572,17.949053,0.0,0.0,
2020-04-19 09:00:00,311.2212,991.6853,0.86700034,18.24992,0.0,0.0,
2020-04-19 10:00:00,310.53348,992.36237,1.6975915,19.405283,0.0,0.0,
2020-04-19 11:00:00,309.1202,992.99,2.5408742,22.069492,0.0,0.0,
2020-04-19 12:00:00,307.74622,993.45905,2.8361924,24.702621,0.0,0.0,
2020-04-19 13:00:00,306.56958,993.51245,3.1606002,26.484188,0.0,0.0,
2020-04-19 14:00:00,305.75073,993.4324,3.2483904,27.590168,0.0,0.0,
2020-04-19 15:00:00,304.76285,993.2578,3.1314828,29.591444,0.0,0.0,
2020-04-19 16:00:00,303.75586,993.2433,3.9199343,34.923954,0.0,0.0,
2020-04-19 17:00:00,302.75055,993.1277,4.112747,46.74765,0.0,0.0,
2020-04-19 18:00:00,301.9093,992.89844,2.7293081,55.048855,0.0,0.0,
2020-04-19 19:00:00,300.76245,992.9333,3.052111,61.87296,0.0,0.0,
2020-04-19 20:00:00,300.13623,993.07935,2.3693876,65.59872,0.0,0.0,
2020-04-19 21:00:00,299.58044,993.7311,2.433468,68.22043,0.0,0.0,
2020-04-19 22:00:00,299.07843,994.687,2.733327,70.98912,0.0,0.0,
2020-04-19 23:00:00,300.6131,995.5753,2.741334,63.875027,0.0,0.0,
2020-04-20 00:00:00,303.35086,996.10425,2.9499283,47.504883,0.0,0.0,
2020-04-20 01:00:00,305.63977,995.9561,2.3752358,38.27803,0.0,0.0,
2020-04-20 02:00:00,307.7646,995.71655,1.8335754,32.041313,0.0,0.0,
2020-04-20 03:00:00,309.4721,994.40283,1.4136099,27.250877,0.0,0.0,
2020-04-20 04:00:00,310.71844,993.4171,0.9429894,23.667046,0.0,0.0,
2020-04-20 05:00:00,311.49768,992.17377,0.97143036,21.712284,0.0,0.0,
2020-04-20 06:00:00,312.03427,991.7053,1.1320117,20.511705,0.0,0.0,
2020-04-20 07:00:00,311.87097,991.8873,1.3029497,20.711977,0.0,0.0,
2020-04-20 08:00:00,311.50977,991.9494,1.1333127,21.093075,0.0,0.0,
2020-04-20 09:00:00,311.12158,992.3533,1.6724176,21.619446,0.0,0.0,
2020-04-20 10:00:00,310.44904,992.83295,2.506936,22.759623,0.0,0.0,
2020-04-20 11:00:00,309.4651,993.4495,2.9952621,24.595974,0.0,0.0,
2020-04-20 12:00:00,308.46848,993.82153,3.2754898,26.215792,0.0,0.0,
2020-04-20 13:00:00,307.53503,994.2329,3.2605515,27.52463,0.0,0.0,
2020-04-20 14:00:00,306.73572,994.3378,2.9772701,28.675922,0.0,0.0,
2020-04-20 15:00:00,305.78333,994.2455,2.4331663,30.596382,0.0,0.0,
2020-04-20 16:00:00,304.88272,994.1353,1.3855948,37.34508,0.0,0.0,
2020-04-20 17:00:00,304.1034,993.7732,1.3522118,40.769157,0.0,0.0,
2020-04-20 18:00:00,303.66354,993.78625,2.7409728,37.976017,0.0,0.0,
2020-04-20 19:00:00,302.14758,993.71625,3.455223,43.166096,0.0,0.0,
2020-04-20 20:00:00,301.4759,993.6625,4.2695312,47.88671,0.0,0.0,
2020-04-20 21:00:00,300.8648,994.0708,4.1716313,56.311386,0.0,0.0,
2020-04-20 22:00:00,300.1986,994.7872,3.4950678,64.97085,0.0,0.0,
2020-04-20 23:00:00,301.1375,995.524,3.3650894,65.82976,0.0,0.0,
2020-04-21 00:00:00,303.3283,996.28204,3.3214796,59.568996,0.0,0.0,
2020-04-21 01:00:00,305.90845,996.4486,2.9633286,49.073166,0.0,0.0,
2020-04-21 02:00:00,308.11755,995.91516,2.6502144,39.381603,0.0,0.0,
2020-04-21 03:00:00,309.87488,994.9075,2.3971753,32.12178,0.0,0.0,
2020-04-21 04:00:00,311.02115,993.5733,1.7885436,27.016527,0.0,0.0,
2020-04-21 05:00:00,311.61688,992.3709,1.2946059,23.86155,0.0,0.0,
2020-04-21 06:00:00,312.03522,991.8014,1.0329763,22.072414,0.0,0.0,
2020-04-21 07:00:00,312.28162,991.8571,0.434362,21.345942,0.0,0.0,
2020-04-21 08:00:00,312.34088,991.8271,0.7890462,20.698639,0.0,0.0,
2020-04-21 09:00:00,312.10284,992.20734,1.349155,20.580063,0.0,0.0,
2020-04-21 10:00:00,311.02377,992.49774,2.70713,22.58951,0.0,0.0,
2020-04-21 11:00:00,309.92218,993.13556,3.5126662,24.936617,0.0,0.0,
2020-04-21 12:00:00,308.93726,993.6273,3.4257445,26.917612,0.0,0.0,
2020-04-21 13:00:00,308.06824,994.22766,2.4194162,28.767876,0.0,0.0,
2020-04-21 14:00:00,306.68286,994.3947,1.1304431,37.90022,0.0,0.0,
2020-04-21 15:00:00,305.9414,994.4961,1.2145826,39.134846,0.0,0.0,
2020-04-21 16:00:00,305.14706,994.29877,3.0592177,36.70333,0.0,0.0,
2020-04-21 17:00:00,304.0422,993.9983,4.398106,45.722187,0.0,0.0,
2020-04-21 18:00:00,302.86896,993.858,4.33962,56.889343,0.0,0.0,
2020-04-21 19:00:00,301.38983,994.51483,4.2898355,66.92273,0.0,0.0,
2020-04-21 20:00:00,300.9003,994.9905,4.1824164,71.59304,0.0,0.0,
2020-04-21 21:00:00,300.49896,995.7972,3.4442663,74.336655,0.0,0.0,
2020-04-21 22:00:00,300.10385,996.48303,2.9826844,76.774445,0.0,0.0,
2020-04-21 23:00:00,301.0318,997.32117,3.2719464,72.75188,0.0,0.0,
2020-04-22 00:00:00,303.15332,997.7943,3.1404567,62.611366,0.0,0.0,
2020-04-22 01:00:00,305.55048,997.8767,2.5710688,51.221104,0.0,0.0,
2020-04-22 02:00:00,307.55,997.267,1.8073357,42.442425,0.0,0.0,
2020-04-22 03:00:00,309.2072,996.1858,0.94873655,34.95706,0.0,0.0,
2020-04-22 04:00:00,310.63245,995.0325,1.3992352,27.64526,0.0,0.0,
2020-04-22 05:00:00,311.03195,993.8684,2.6859891,24.0855,0.0,0.0,
2020-04-22 06:00:00,311.8405,993.2838,3.1638293,21.739428,0.0,0.0,
2020-04-22 07:00:00,312.39682,992.28217,3.3982687,20.071207,0.0,0.0,
2020-04-22 08:00:00,312.72516,992.3111,3.2582772,18.478634,0.0,0.0,
2020-04-22 09:00:00,312.4321,992.48346,3.0664058,17.748121,0.0,0.0,
2020-04-22 10:00:00,311.38513,993.198,2.2935872,18.638546,0.0,0.0,
2020-04-22 11:00:00,310.2079,993.85516,2.5045154,19.757196,0.0,0.0,
2020-04-22 12:00:00,308.94153,994.687,3.1382363,20.288998,0.0,0.0,
2020-04-22 13:00:00,307.52014,995.0092,3.7754827,20.190453,0.0,0.0,
2020-04-22 14:00:00,306.42627,995.3022,4.339493,19.236658,0.0,0.0,
2020-04-22 15:00:00,305.48096,995.25507,4.4866443,18.920229,0.0,0.0,
2020-04-22 16:00:00,304.57996,995.31104,4.365514,19.582855,0.0,0.0,
2020-04-22 17:00:00,303.68665,995.0149,4.1555185,20.482777,0.0,0.0,
2020-04-22 18:00:00,302.82498,994.96,3.8858082,21.629906,0.0,0.0,
2020-04-22 19:00:00,300.99326,995.21515,3.6759222,25.293108,0.0,0.0,
2020-04-22 20:00:00,300.1351,995.67865,3.7817035,26.417637,0.0,0.0,
2020-04-22 21:00:00,299.49188,996.2225,3.759242,27.176153,0.0,0.0,
2020-04-22 22:00:00,299.0017,996.72516,3.7314594,27.803135,0.0,0.0,
2020-04-22 23:00:00,300.61615,997.42773,3.4174364,25.569176,0.0,0.0,
2020-04-23 00:00:00,304.46716,998.09,3.9571073,20.91265,0.0,0.0,
2020-04-23 01:00:00,307.55194,998.16327,4.664171,19.088701,0.0,0.0,
2020-04-23 02:00:00,309.75616,997.6305,5.400781,17.693573,0.0,0.0,
2020-04-23 03:00:00,311.32465,996.3655,5.6252985,15.517177,0.0,0.0,
2020-04-23 04:00:00,312.52875,995.1181,5.786255,13.927081,0.0,0.0,
2020-04-23 05:00:00,313.31555,993.88354,6.165673,13.224907,0.0,0.0,
2020-04-23 06:00:00,313.6904,992.9609,6.3640776,12.798895,0.0,0.0,
2020-04-23 07:00:00,313.7967,992.5569,5.974238,12.528658,0.0,0.0,
2020-04-23 08:00:00,313.45593,992.73663,6.0630846,12.609813,0.0,0.0,
2020-04-23 09:00:00,312.4186,992.8331,5.150781,13.4925785,0.0,0.0,
2020-04-23 10:00:00,310.57166,993.6217,4.209349,15.347695,0.0,0.0,
2020-04-23 11:00:00,309.16937,994.23846,3.946979,17.085678,0.0,0.0,
2020-04-23 12:00:00,307.89908,994.73663,3.7067838,18.78494,0.0,0.0,
2020-04-23 13:00:00,306.6996,995.3497,3.492777,20.44302,0.0,0.0,
2020-04-23 14:00:00,305.47565,995.30237,3.3514502,22.132568,0.0,0.0,
2020-04-23 15:00:00,304.38052,995.4582,3.3399644,23.583328,0.0,0.0,
2020-04-23 16:00:00,303.4574,995.33954,3.484482,24.570353,0.0,0.0,
2020-04-23 17:00:00,302.62335,994.78107,3.4455993,25.382296,0.0,0.0,
2020-04-23 18:00:00,301.79584,994.47296,3.2298255,26.395077,0.0,0.0,
2020-04-23 19:00:00,300.4148,994.6259,3.239559,28.38646,0.0,0.0,
2020-04-23 20:00:00,299.58362,995.2519,3.0502834,29.523924,0.0,0.0,
2020-04-23 21:00:00,298.66632,995.42487,2.413663,32.12842,0.0,0.0,
2020-04-23 22:00:00,297.688,996.1312,1.5751777,37.529663,0.0,0.0,
2020-04-23 23:00:00,298.97864,996.882,1.3701586,34.7098,0.0,0.0,
2020-04-24 00:00:00,302.45758,997.46875,1.5160048,27.216673,0.0,0.0,
2020-04-24 01:00:00,305.51974,997.54407,1.6822001,22.95312,0.0,0.0,
2020-04-24 02:00:00,308.13718,997.10016,2.120384,20.100075,0.0,0.0,
2020-04-24 03:00:00,310.1142,995.8325,2.8150218,19.200182,0.0,0.0,
2020-04-24 04:00:00,311.6604,994.71344,3.5529947,17.064491,0.0,0.0,
2020-04-24 05:00:00,312.82263,993.5161,4.530415,15.353298,0.0,0.0,
2020-04-24 06:00:00,313.5242,992.71124,5.327592,13.957058,0.0,0.0,
2020-04-24 07:00:00,313.81564,992.17993,6.2416286,13.05231,0.0,0.0,
2020-04-24 08:00:00,313.34534,992.2188,6.139272,13.061896,0.0,0.0,
2020-04-24 09:00:00,312.36014,992.6186,4.983674,13.672588,0.0,0.0,
2020-04-24 10:00:00,310.55496,993.262,3.4537616,15.178156,0.0,0.0,
2020-04-24 11:00:00,309.16824,993.79517,3.0625017,16.51507,0.0,0.0,
2020-04-24 12:00:00,307.7721,994.41455,3.0132298,18.00166,0.0,0.0,
2020-04-24 13:00:00,306.3911,994.6053,3.1868374,19.45826,0.0,0.0,
2020-04-24 14:00:00,305.19223,994.7609,3.4104972,20.611277,0.0,0.0,
2020-04-24 15:00:00,304.27625,994.89874,3.53924,21.428568,0.0,0.0,
2020-04-24 16:00:00,303.42267,994.89655,3.5238626,22.352364,0.0,0.0,
2020-04-24 17:00:00,302.65012,994.8817,3.5083823,23.389647,0.0,0.0,
2020-04-24 18:00:00,301.91278,994.6797,3.4818265,24.491545,0.0,0.0,
2020-04-24 19:00:00,300.19794,994.97815,2.8717837,28.859308,0.0,0.0,
2020-04-24 20:00:00,299.06076,995.1838,3.4149628,33.231796,0.0,0.0,
2020-04-24 21:00:00,298.24182,995.4551,3.5065804,46.94408,0.0,0.0,
2020-04-24 22:00:00,297.61404,995.9547,2.7806368,63.52659,0.0,0.0,
2020-04-24 23:00:00,298.82855,996.48206,2.0065084,68.62682,0.0,0.0,
2020-04-25 00:00:00,301.38846,997.0516,1.6329212,63.159817,0.0,0.0,
2020-04-25 01:00:00,304.33533,997.1278,1.1624343,50.975616,0.0,0.0,
2020-04-25 02:00:00,307.2505,996.60706,1.1810443,33.21057,0.0,0.0,
2020-04-25 03:00:00,309.17194,995.70404,1.6254098,24.86119,0.0,0.0,
2020-04-25 04:00:00,310.511,994.8059,1.8777928,20.430424,0.0,0.0,
2020-04-25 05:00:00,311.4156,993.7089,2.009536,17.858183,0.0,0.0,
2020-04-25 06:00:00,312.07922,993.0079,2.203118,16.111567,0.0,0.0,
2020-04-25 07:00:00,313.01205,992.36597,3.321286,13.730879,0.0,0.0,
2020-04-25 08:00:00,313.0265,992.2399,3.8390112,13.222766,0.0,0.0,
2020-04-25 09:00:00,312.3935,992.4908,3.6798596,13.471007,0.0,0.0,
2020-04-25 10:00:00,310.81256,992.8859,2.6962514,14.983256,0.0,0.0,
2020-04-25 11:00:00,309.4095,993.88806,2.5203009,16.61711,0.0,0.0,
2020-04-25 12:00:00,307.8403,994.33685,2.581241,18.610544,0.0,0.0,
2020-04-25 13:00:00,306.36493,994.7033,2.7067878,20.520855,0.0,0.0,
2020-04-25 14:00:00,305.07703,994.78674,2.781658,22.22665,0.0,0.0,
2020-04-25 15:00:00,303.97852,994.7135,2.72355,23.854881,0.0,0.0,
2020-04-25 16:00:00,302.97394,994.4294,2.74303,25.360743,0.0,0.0,
2020-04-25 17:00:00,302.17517,994.1496,2.9756029,26.28991,0.0,0.0,
2020-04-25 18:00:00,301.67316,994.29486,3.3115597,26.708996,0.0,0.0,
2020-04-25 19:00:00,300.57465,994.40125,3.6368585,28.113031,0.0,0.0,
2020-04-25 20:00:00,299.88666,994.3821,3.667211,29.134937,0.0,0.0,
2020-04-25 21:00:00,299.3069,994.3909,3.5314736,30.092943,0.0,0.0,
2020-04-25 22:00:00,298.89355,994.8006,3.5655842,30.867573,0.0,0.0,
2020-04-25 23:00:00,300.68237,995.4748,3.4758162,27.928513,0.0,0.0,
2020-04-26 00:00:00,304.8442,995.81366,4.183487,21.689554,0.0,0.0,
2020-04-26 01:00:00,307.83688,996.02484,5.0966854,17.861757,0.0,0.0,
2020-04-26 02:00:00,309.82404,995.795,5.031916,15.637287,0.0,0.0,
2020-04-26 03:00:00,311.24884,994.8056,4.269392,14.608927,0.0,0.0,
2020-04-26 04:00:00,312.29956,993.60175,4.0742903,13.83127,0.0,0.0,
2020-04-26 05:00:00,313.15298,992.6099,4.773297,13.08038,0.0,0.0,
2020-04-26 06:00:00,313.61255,991.7555,5.6306796,12.642607,0.0,0.0,
2020-04-26 07:00:00,313.42603,991.65356,5.8736367,12.765821,0.0,0.0,
2020-04-26 08:00:00,312.9803,991.6717,6.015312,12.862245,0.0,0.0,
2020-04-26 09:00:00,311.99176,991.9383,5.278929,13.414113,0.0,0.0,
2020-04-26 10:00:00,310.18604,992.63904,4.1799073,14.845207,0.0,0.0,
2020-04-26 11:00:00,308.8016,993.15674,4.0526056,15.975655,0.0,0.0,
2020-04-26 12:00:00,307.54602,993.8661,4.148639,16.965864,0.0,0.0,
2020-04-26 13:00:00,306.40607,994.4476,4.0690775,17.866701,0.0,0.0,
2020-04-26 14:00:00,305.2112,994.55475,3.7411335,18.981829,0.0,0.0,
2020-04-26 15:00:00,303.94446,994.5645,3.5052936,20.399857,0.0,0.0,
2020-04-26 16:00:00,302.7246,994.3638,3.5258834,21.841763,0.0,0.0,
2020-04-26 17:00:00,301.73926,994.0056,3.799089,22.87859,0.0,0.0,
2020-04-26 18:00:00,300.97794,993.8041,3.9307265,23.504534,0.0,0.0,
2020-04-26 19:00:00,299.49796,993.79877,3.4159603,25.072485,0.0,0.0,
2020-04-26 20:00:00,298.6789,994.1206,3.2209888,26.510912,0.0,0.0,
2020-04-26 21:00:00,297.8728,994.2672,2.8539689,28.357553,0.0,0.0,
2020-04-26 22:00:00,296.90088,994.8706,2.373323,31.338736,0.0,0.0,
2020-04-26 23:00:00,298.15515,995.7725,1.8598095,30.50075,0.0,0.0,
2020-04-27 00:00:00,302.13214,996.36896,2.038075,23.036116,0.0,0.0,
2020-04-27 01:00:00,305.5022,996.4503,2.5341253,19.105415,0.0,0.0,
2020-04-27 02:00:00,307.9923,995.70874,2.961961,17.150486,0.0,0.0,
2020-04-27 03:00:00,309.7345,994.855,3.233899,16.302681,0.0,0.0,
2020-04-27 04:00:00,310.85123,993.6847,3.5414746,15.142811,0.0,0.0,
2020-04-27 05:00:00,311.55402,992.6486,3.4305346,14.405555,0.0,0.0,
2020-04-27 06:00:00,311.9735,991.8013,3.3515224,14.126299,0.0,0.0,
2020-04-27 07:00:00,312.69672,991.0619,4.1106634,13.278575,0.0,0.0,
2020-04-27 08:00:00,312.48584,991.2417,4.284161,13.418221,0.0,0.0,
2020-04-27 09:00:00,311.62256,991.7383,3.7481966,14.296113,0.0,0.0,
2020-04-27 10:00:00,309.97595,992.5589,3.1316044,16.150778,0.0,0.0,
2020-04-27 11:00:00,308.5816,993.0834,3.3314688,17.963985,0.0,0.0,
2020-04-27 12:00:00,307.26837,993.7539,3.486804,19.819937,0.0,0.0,
2020-04-27 13:00:00,306.1192,994.09845,3.5297592,21.526178,0.0,0.0,
2020-04-27 14:00:00,305.04797,994.19617,3.4402196,23.0509,0.0,0.0,
2020-04-27 15:00:00,303.98773,993.9797,3.3227751,24.356844,0.0,0.0,
2020-04-27 16:00:00,303.00217,993.8237,3.2477374,25.257578,0.0,0.0,
2020-04-27 17:00:00,302.0999,993.42993,3.128547,26.026964,0.0,0.0,
2020-04-27 18:00:00,301.19946,993.29333,2.9422226,27.153837,0.0,0.0,
2020-04-27 19:00:00,299.91168,993.09375,3.2694852,29.815212,0.0,0.0,
2020-04-27 20:00:00,298.88895,993.7903,2.9782302,32.20899,0.0,0.0,
2020-04-27 21:00:00,298.0398,994.2072,2.848261,35.080822,0.0,0.0,
2020-04-27 22:00:00,297.341,994.78516,2.618478,39.100773,0.0,0.0,
2020-04-27 23:00:00,298.75177,995.55664,2.2740364,39.41207,0.0,0.0,
2020-04-28 00:00:00,301.80475,996.017,2.4750376,39.534737,0.0,0.0,
2020-04-28 01:00:00,304.31726,996.16046,2.3581874,40.246853,0.0,0.0,
2020-04-28 02:00:00,306.69714,995.6053,2.0982995,34.079727,0.0,0.0,
2020-04-28 03:00:00,308.54013,994.6937,2.2284005,26.97135,0.0,0.0,
2020-04-28 04:00:00,309.6751,993.41296,2.475185,22.672997,0.0,0.0,
2020-04-28 05:00:00,310.38797,992.4311,2.2600772,19.864285,0.0,0.0,
2020-04-28 06:00:00,310.7824,991.7225,2.1222537,18.11277,0.0,0.0,
2020-04-28 07:00:00,311.34845,991.3583,2.1345632,16.146914,0.0,0.0,
2020-04-28 08:00:00,311.2141,991.34174,2.1862612,15.649409,0.0,0.0,
2020-04-28 09:00:00,310.7511,991.44495,1.9778935,15.666572,0.0,0.0,
2020-04-28 10:00:00,309.745,991.9303,1.4089395,16.849262,0.0,0.0,
2020-04-28 11:00:00,308.5142,992.3209,1.7608933,18.750988,0.0,0.0,
2020-04-28 12:00:00,306.7647,992.9508,1.8979068,21.809172,0.0,0.0,
2020-04-28 13:00:00,305.10602,993.4294,1.9845984,25.093102,0.0,0.0,
2020-04-28 14:00:00,303.76352,993.5,2.05532,27.973503,0.0,0.0,
2020-04-28 15:00:00,302.60513,993.7006,1.8618149,31.767464,0.0,0.0,
2020-04-28 16:00:00,302.35114,993.3027,1.3619746,32.976433,0.0,0.0,
2020-04-28 17:00:00,303.21008,993.27185,0.55214816,27.85798,0.0,0.0,
2020-04-28 18:00:00,301.8874,992.9956,0.7973912,31.504879,0.0,0.0,
2020-04-28 19:00:00,299.4319,993.4523,2.6685796,31.614172,0.0,0.0,
2020-04-28 20:00:00,298.3664,993.6804,2.599391,33.196815,0.0,0.0,
2020-04-28 21:00:00,297.44543,993.795,2.3371935,34.906708,0.0,0.0,
2020-04-28 22:00:00,296.64392,994.39484,2.3020751,36.206825,0.0,0.0,
2020-04-28 23:00:00,297.9569,994.9361,1.9569327,32.967663,0.0,0.0,
2020-04-29 00:00:00,302.06525,995.4141,1.8415471,22.723358,0.0,0.0,
2020-04-29 01:00:00,304.85938,995.60706,1.2643981,18.829824,0.0,0.0,
2020-04-29 02:00:00,306.9226,995.3675,0.9927394,17.122355,0.0,0.0,
2020-04-29 03:00:00,308.5337,994.6317,1.1986929,15.221095,0.0,0.0,
2020-04-29 04:00:00,309.7466,993.80237,1.7291516,13.8188095,0.0,0.0,
2020-04-29 05:00:00,310.62384,992.90845,2.464844,13.08438,0.0,0.0,
2020-04-29 06:00:00,311.1875,992.26666,3.1384666,12.619238,0.0,0.0,
2020-04-29 07:00:00,311.74286,991.8211,4.47367,12.923519,0.0,0.0,
2020-04-29 08:00:00,311.48517,992.1239,4.732319,13.037743,0.0,0.0,
2020-04-29 09:00:00,310.6203,992.40186,4.3628106,13.710552,0.0,0.0,
2020-04-29 10:00:00,308.9856,993.2159,3.6017885,15.326794,0.0,0.0,
2020-04-29 11:00:00,307.69077,993.7759,3.4815748,16.812744,0.0,0.0,
2020-04-29 12:00:00,306.51428,994.4341,3.3438578,18.306143,0.0,0.0,
2020-04-29 13:00:00,305.36957,994.62646,3.074003,19.930807,0.0,0.0,
2020-04-29 14:00:00,304.29266,994.8607,2.840216,21.738098,0.0,0.0,
2020-04-29 15:00:00,303.29034,994.9585,2.9602377,23.519861,0.0,0.0,
2020-04-29 16:00:00,302.58624,995.09393,3.7577019,25.005606,0.0,0.0,
2020-04-29 17:00:00,302.3365,995.0006,5.7330937,26.01527,0.0,0.0,
2020-04-29 18:00:00,302.02728,995.25214,7.4131556,26.350084,0.0,0.0,
2020-04-29 19:00:00,301.40955,995.3404,7.8268766,25.985897,0.0,0.0,
2020-04-29 20:00:00,300.62616,995.5653,7.329454,25.838057,0.0,0.0,
2020-04-29 21:00:00,299.9131,996.3789,6.8900948,25.560984,0.0,0.0,
2020-04-29 22:00:00,299.12616,996.992,6.5076137,25.366745,0.0,0.0,
2020-04-29 23:00:00,299.6073,997.74854,6.4020796,23.18596,0.0,0.0,
2020-04-30 00:00:00,300.7787,998.3655,8.279748,20.201677,0.0017225741,0.0,
2020-04-30 01:00:00,302.41235,998.47705,8.045075,18.001587,0.0,0.0,
2020-04-30 02:00:00,304.29498,998.2461,7.6465297,16.251812,0.0,0.0,
2020-04-30 03:00:00,306.14514,997.0598,7.2098174,15.047614,0.0,0.0,
2020-04-30 04:00:00,307.74048,995.8745,6.8747325,14.316352,0.0,0.0,
2020-04-30 05:00:00,308.83102,994.7618,6.657764,14.04899,0.0,0.0,
2020-04-30 06:00:00,309.39514,994.14935,6.4564447,14.081375,0.0,0.0,
2020-04-30 07:00:00,309.24628,993.7903,6.429167,14.366301,0.0,0.0,
2020-04-30 08:00:00,308.9003,993.8653,6.3615384,14.661607,0.0,0.0,
2020-04-30 09:00:00,307.97137,994.3214,5.7582664,15.203543,0.0,0.0,
2020-04-30 10:00:00,306.39307,994.72046,5.369356,16.20148,0.0,0.0,
2020-04-30 11:00:00,305.1172,995.7341,6.0752306,16.657711,0.0,0.0,
2020-04-30 12:00:00,303.86407,996.298,6.7415776,16.830671,0.0,0.0,
2020-04-30 13:00:00,302.69492,996.70276,6.9990387,16.850176,0.0,0.0,
2020-04-30 14:00:00,301.69977,996.7491,6.975788,16.830353,0.0,0.0,
2020-04-30 15:00:00,300.84576,996.41327,6.8108187,16.884907,0.0,0.0,
2020-04-30 16:00:00,300.14307,996.14923,6.5798426,16.969593,0.0,0.0,
2020-04-30 17:00:00,299.58136,995.8661,6.2442656,17.041208,0.0,0.0,
2020-04-30 18:00:00,299.0448,995.85974,5.850633,17.195847,0.0,0.0,
2020-04-30 19:00:00,297.50775,996.1506,5.456877,17.665165,0.0,0.0,
2020-04-30 20:00:00,297.07825,996.4241,5.197633,17.876896,0.0,0.0,
2020-04-30 21:00:00,296.86035,996.64056,5.0393615,18.283112,0.0,0.0,
2020-04-30 22:00:00,296.67816,997.3113,4.844245,19.344748,0.0,0.0,
2020-04-30 23:00:00,297.5625,998.1256,4.584401,20.032587,0.0,0.0,
2020-05-01 00:00:00,299.47662,998.16376,6.2997813,21.039347,0.0,0.0,
2020-05-01 01:00:00,301.503,998.2125,6.950669,20.915464,0.0,0.0,
2020-05-01 02:00:00,303.52655,997.55615,6.6553664,19.548903,0.0,0.0,
2020-05-01 03:00:00,305.37738,996.72406,6.305146,18.147747,0.0,0.0,
2020-05-01 04:00:00,306.6479,995.45984,5.8842993,17.29383,0.0,0.0,
2020-05-01 05:00:00,307.41986,994.51764,5.3870406,16.857115,0.0,0.0,
2020-05-01 06:00:00,307.98807,993.8374,4.894991,16.487234,0.0,0.0,
2020-05-01 07:00:00,308.1859,993.0653,5.020398,16.514883,0.0,0.0,
2020-05-01 08:00:00,307.8598,993.4945,5.232973,16.36032,0.0,0.0,
2020-05-01 09:00:00,306.92984,994.00085,5.23103,16.310205,0.0,0.0,
2020-05-01 10:00:00,305.26935,994.9524,5.6520386,16.623405,0.0,0.0,
2020-05-01 11:00:00,303.90054,995.72424,6.5549417,16.553297,0.0,0.0,
2020-05-01 12:00:00,302.61075,996.34015,6.669726,17.229767,0.0,0.0,
2020-05-01 13:00:00,301.47836,996.36523,6.494952,18.146975,0.0,0.0,
2020-05-01 14:00:00,300.50513,996.5133,6.3586655,18.957766,0.0,0.0,
2020-05-01 15:00:00,299.62408,996.4127,6.1564627,19.702759,0.0,0.0,
2020-05-01 16:00:00,298.79938,996.2391,5.874517,20.392204,0.0,0.0,
2020-05-01 17:00:00,297.9983,996.05023,5.5711355,21.01814,0.0,0.0,
2020-05-01 18:00:00,297.24683,996.0156,5.2991357,21.522678,0.0,0.0,
2020-05-01 19:00:00,295.95807,995.8488,5.372382,22.316797,0.0,0.0,
2020-05-01 20:00:00,295.27002,996.3578,5.301671,22.567932,0.0,0.0,
2020-05-01 21:00:00,294.7003,996.8136,5.2117724,22.538488,0.0,0.0,
2020-05-01 22:00:00,294.1706,997.59064,4.9112267,22.366209,0.0,0.0,
2020-05-01 23:00:00,295.08075,998.6142,4.9597034,20.054628,0.0,0.0,
2020-05-02 00:00:00,296.83084,998.8134,6.583792,16.491879,0.0,0.0,
2020-05-02 01:00:00,298.8908,998.97406,6.864284,13.935288,0.0,0.0,
2020-05-02 02:00:00,300.96893,998.555,6.768912,12.300336,0.0,0.0,
2020-05-02 03:00:00,302.65472,997.3209,6.3038106,11.49364,0.0,0.0,
2020-05-02 04:00:00,303.91833,996.0756,5.6790075,11.089774,0.0,0.0,
2020-05-02 05:00:00,304.78903,995.0428,5.124762,10.833606,0.0,0.0,
2020-05-02 06:00:00,305.38745,994.45624,4.705239,10.688355,0.0,0.0,
2020-05-02 07:00:00,305.42484,994.0475,4.520026,11.88368,0.0,0.0,
2020-05-02 08:00:00,305.2281,994.4952,4.4115357,12.025716,0.0,0.0,
2020-05-02 09:00:00,304.44568,995.0767,4.0506744,12.485387,0.0,0.0,
2020-05-02 10:00:00,302.98297,995.7389,3.6799295,13.675224,0.0,0.0,
2020-05-02 11:00:00,301.73975,996.6158,4.258063,14.64372,0.0,0.0,
2020-05-02 12:00:00,300.6214,997.3561,4.892354,15.446012,0.0,0.0,
2020-05-02 13:00:00,299.64282,997.7675,5.3630023,16.102097,0.0,0.0,
2020-05-02 14:00:00,298.65155,997.91547,5.594952,16.601604,0.0,0.0,
2020-05-02 15:00:00,297.7157,997.8191,5.715201,16.819902,0.0,0.0,
2020-05-02 16:00:00,296.82642,997.5882,5.770209,17.037773,0.0,0.0,
2020-05-02 17:00:00,295.9883,997.4506,5.8443694,17.584589,0.0,0.0,
2020-05-02 18:00:00,295.2044,997.4934,5.774978,18.52699,0.0,0.0,
2020-05-02 19:00:00,293.9278,997.9422,5.2385416,19.921738,0.0,0.0,
2020-05-02 20:00:00,293.16064,997.9458,5.0786324,21.1144,0.0,0.0,
2020-05-02 21:00:00,292.51343,998.46765,4.8842893,22.134052,0.0,0.0,
2020-05-02 22:00:00,291.93042,998.959,4.6463017,22.98925,0.0,0.0,
2020-05-02 23:00:00,292.93713,999.7961,4.5935845,21.53031,0.0,0.0,
2020-05-03 00:00:00,295.1728,1000.1973,6.0685644,18.334984,0.0,0.0,
2020-05-03 01:00:00,297.52457,1000.1236,6.6568656,15.645417,0.0,0.0,
2020-05-03 02:00:00,299.6535,999.77374,6.8552694,13.004509,0.0,0.0,
2020-05-03 03:00:00,301.2639,998.64923,6.4401283,11.144058,0.0,0.0,
2020-05-03 04:00:00,302.53882,997.4091,6.0317373,9.83922,0.0,0.0,
2020-05-03 05:00:00,303.52707,996.2434,5.7173696,8.884379,0.0,0.0,
2020-05-03 06:00:00,304.15067,995.368,5.326201,8.368089,0.0,0.0,
2020-05-03 07:00:00,304.57724,994.95953,5.222352,8.064063,0.0,0.0,
2020-05-03 08:00:00,304.3334,994.99774,5.2450876,8.2334795,0.0,0.0,
2020-05-03 09:00:00,303.3977,995.84576,4.576392,9.029986,0.0,0.0,
2020-05-03 10:00:00,301.58142,996.432,4.1528077,10.581382,0.0,0.0,
2020-05-03 11:00:00,300.17938,997.35016,4.510112,11.952818,0.0,0.0,
2020-05-03 12:00:00,298.97922,997.9868,4.886899,13.098201,0.0,0.0,
2020-05-03 13:00:00,297.91003,998.43964,4.9950495,14.102294,0.0,0.0,
2020-05-03 14:00:00,296.871,998.4888,4.9554877,15.138491,0.0,0.0,
2020-05-03 15:00:00,295.90875,998.71216,4.8707314,16.208035,0.0,0.0,
2020-05-03 16:00:00,295.0194,998.83966,4.8155694,17.29142,0.0,0.0,
2020-05-03 17:00:00,294.24023,998.8055,4.8906674,18.333984,0.0,0.0,
2020-05-03 18:00:00,293.60147,998.8295,4.9386725,19.36283,0.0,0.0,
2020-05-03 19:00:00,292.3628,998.71094,4.7563357,21.52587,0.0,0.0,
2020-05-03 20:00:00,291.66968,998.6836,4.59639,23.120768,0.0,0.0,
2020-05-03 21:00:00,291.10138,998.9959,4.5448337,24.803202,0.0,0.0,
2020-05-03 22:00:00,290.65613,999.65894,4.5201716,26.438995,0.0,0.0,
2020-05-03 23:00:00,292.044,1000.53625,4.4447765,25.19777,0.0,0.0,
2020-05-04 00:00:00,294.97488,1001.03406,5.8502316,21.740963,0.0,0.0,
2020-05-04 01:00:00,297.74298,1001.03186,7.00335,18.905218,0.0,0.0,
2020-05-04 02:00:00,300.19626,1000.21466,7.296,15.789602,0.0,0.0,
2020-05-04 03:00:00,302.1238,998.975,6.7388215,13.041115,0.0,0.0,
2020-05-04 04:00:00,303.57697,997.69214,5.9051805,11.194214,0.0,0.0,
2020-05-04 05:00:00,304.6312,996.72235,5.139127,9.99943,0.0,0.0,
2020-05-04 06:00:00,305.27383,995.92554,4.5769014,9.279413,0.0,0.0,
2020-05-04 07:00:00,305.85626,995.3819,4.599131,9.527286,0.0,0.0,
2020-05-04 08:00:00,305.7049,995.6931,4.297206,9.543138,0.0,0.0,
2020-05-04 09:00:00,304.7437,996.1367,3.3267674,10.325904,0.0,0.0,
2020-05-04 10:00:00,302.8562,996.7392,3.2417996,12.010631,0.0,0.0,
2020-05-04 11:00:00,301.29926,997.43,3.6737695,13.5626955,0.0,0.0,
2020-05-04 12:00:00,300.01392,997.98694,4.0521946,14.942879,0.0,0.0,
2020-05-04 13:00:00,298.9582,998.52075,4.2944245,16.164017,0.0,0.0,
2020-05-04 14:00:00,298.0183,998.51953,4.4167557,17.20499,0.0,0.0,
2020-05-04 15:00:00,297.1751,998.59406,4.43916,18.03386,0.0017280767,0.0,
2020-05-04 16:00:00,296.3711,998.4303,4.415885,18.692183,0.0,0.0,
2020-05-04 17:00:00,295.64722,998.21344,4.55344,19.105398,0.0,0.0,
2020-05-04 18:00:00,295.02267,997.98694,4.8054686,19.256168,0.0,0.0,
2020-05-04 19:00:00,293.7635,997.7431,4.8424563,20.713873,0.0,0.0,
2020-05-04 20:00:00,293.21576,997.89575,4.829963,21.138483,0.0,0.0,
2020-05-04 21:00:00,292.76382,998.17017,4.7314954,21.730223,0.0,0.0,
2020-05-04 22:00:00,292.3691,999.0287,4.661569,22.412506,0.0,0.0,
2020-05-04 23:00:00,293.6991,999.66766,4.430835,21.00048,0.0,0.0,
2020-05-05 00:00:00,296.83734,1000.2249,5.66548,17.480352,0.003844324,0.0,
2020-05-05 01:00:00,299.903,1000.185,6.289662,14.964303,0.0,0.0,
2020-05-05 02:00:00,302.60822,999.32874,6.218772,12.958783,0.0,0.0,
2020-05-05 03:00:00,304.5766,998.08185,5.4129486,11.715046,0.0,0.0,
2020-05-05 04:00:00,305.84644,996.78906,4.3575177,11.660383,0.0,0.0,
2020-05-05 05:00:00,306.71576,995.72345,3.7854135,11.61227,0.0,0.0,
2020-05-05 06:00:00,307.3036,995.0659,3.4286184,11.383399,0.0,0.0,
2020-05-05 07:00:00,307.76196,994.52045,3.2623446,11.114923,0.0,0.0,
2020-05-05 08:00:00,307.56122,994.7782,2.9055707,11.330897,0.0,0.0,
2020-05-05 09:00:00,306.7119,995.17456,2.3712454,12.183051,0.0,0.0,
2020-05-05 10:00:00,304.8804,995.91235,3.0552695,14.0531645,0.0,0.0,
2020-05-05 11:00:00,303.1308,996.57635,3.6286058,15.858841,0.0,0.0,
2020-05-05 12:00:00,301.77826,997.1316,4.042164,17.26876,0.0,0.0,
2020-05-05 13:00:00,300.65338,997.3113,4.262815,18.309788,0.0,0.0,
2020-05-05 14:00:00,299.6494,997.18256,4.353364,18.9066,0.0,0.0,
2020-05-05 15:00:00,298.7465,997.2104,4.3895493,19.176949,0.0,0.0,
2020-05-05 16:00:00,297.8883,996.7775,4.1870637,19.544178,0.0,0.0,
2020-05-05 17:00:00,297.0719,996.5971,3.9431524,20.234732,0.0,0.0,
2020-05-05 18:00:00,296.29352,996.28564,3.82808,21.097939,0.0,0.0,
2020-05-05 19:00:00,294.85413,996.8655,3.4818265,25.067577,0.0,0.0,
2020-05-05 20:00:00,293.95496,996.9839,3.350563,26.484798,0.0,0.0,
2020-05-05 21:00:00,293.32214,997.74915,3.3787634,27.426254,0.0,0.0,
2020-05-05 22:00:00,292.82886,998.3162,3.3537383,28.27636,0.0,0.0,
2020-05-05 23:00:00,294.2063,999.1741,2.9338408,26.332685,0.0,0.0,
2020-05-06 00:00:00,297.97827,999.6513,3.402672,20.451073,0.0,0.0,
2020-05-06 01:00:00,301.05142,999.5731,4.16545,16.475334,0.0,0.0,
2020-05-06 02:00:00,303.6507,999.0478,4.4378667,13.680172,0.0,0.0,
2020-05-06 03:00:00,305.48468,997.65405,3.8246171,12.278209,0.0,0.0,
2020-05-06 04:00:00,306.591,996.3837,2.788132,11.76196,0.0,0.0,
2020-05-06 05:00:00,307.273,995.38104,2.1211379,11.34718,0.0,0.0,
2020-05-06 06:00:00,307.70416,994.7244,1.8752742,10.924511,0.0,0.0,
2020-05-06 07:00:00,308.02005,994.2264,2.1711392,11.226165,0.0,0.0,
2020-05-06 08:00:00,307.855,994.3867,2.3299756,11.140959,0.0,0.0,
2020-05-06 09:00:00,307.1519,994.579,2.1352954,11.541126,0.0,0.0,
2020-05-06 10:00:00,305.70865,995.28357,2.356942,12.84155,0.0,0.0,
2020-05-06 11:00:00,304.0915,995.87573,2.6872396,14.338578,0.0,0.0,
2020-05-06 12:00:00,302.39075,996.4357,2.8944998,15.816745,0.0,0.0,
2020-05-06 13:00:00,300.8172,996.94476,2.8697996,17.203611,0.0,0.0,
2020-05-06 14:00:00,299.41907,997.1805,2.8211806,18.518686,0.0,0.0,
2020-05-06 15:00:00,298.21603,996.9925,2.951832,19.403116,0.0,0.0,
2020-05-06 16:00:00,297.182,996.43414,3.0768497,19.915236,0.0,0.0,
2020-05-06 17:00:00,296.2566,996.1489,3.093155,20.176376,0.0,0.0,
2020-05-06 18:00:00,295.3646,995.90985,2.897755,20.581337,0.0,0.0,
2020-05-06 19:00:00,294.11462,996.48627,2.9019427,21.732538,0.0,0.0,
2020-05-06 20:00:00,293.13354,996.43396,2.9782023,22.3178,0.0,0.0,
2020-05-06 21:00:00,292.39514,996.62085,3.158334,22.485083,0.0,0.0,
2020-05-06 22:00:00,291.93506,997.0977,3.1998813,22.483637,0.0,0.0,
2020-05-06 23:00:00,293.4431,997.81274,2.7993612,20.487082,0.0,0.0,
2020-05-07 00:00:00,297.86975,998.2204,2.9477632,15.284887,0.0,0.0,
2020-05-07 01:00:00,301.87558,998.5586,3.325828,12.23414,0.0,0.0,
2020-05-07 02:00:00,304.63397,998.076,3.598364,10.98023,0.0,0.0,
2020-05-07 03:00:00,306.32452,997.16156,2.9546356,9.833916,0.0,0.0,
2020-05-07 04:00:00,307.21967,995.8131,1.9782622,9.409995,0.0,0.0,
2020-05-07 05:00:00,307.88623,994.89844,1.8145359,9.309065,0.0,0.0,
2020-05-07 06:00:00,308.2673,994.1395,1.8399471,9.315867,0.0,0.0,
2020-05-07 07:00:00,308.74506,993.65533,2.3332322,11.19431,0.0,0.0,
2020-05-07 08:00:00,308.50354,993.4378,2.614964,11.393147,0.0,0.0,
2020-05-07 09:00:00,307.71237,993.937,2.4174693,11.956756,0.0,0.0,
2020-05-07 10:00:00,306.0899,994.2475,2.743607,13.307747,0.0,0.0,
2020-05-07 11:00:00,304.46982,994.9088,2.950253,14.583373,0.0,0.0,
2020-05-07 12:00:00,302.96155,995.6383,3.053917,15.67838,0.0,0.0,
2020-05-07 13:00:00,301.4981,995.8817,3.0352325,16.74865,0.0,0.0,
2020-05-07 14:00:00,300.11658,996.1339,3.0030892,17.89169,0.0,0.0,
2020-05-07 15:00:00,298.89102,996.21326,3.2240436,18.863575,0.0,0.0,
2020-05-07 16:00:00,297.89856,996.0578,3.3775735,19.69011,0.0,0.0,
2020-05-07 17:00:00,297.01917,995.7875,3.3159945,20.616358,0.0,0.0,
2020-05-07 18:00:00,296.15118,995.77924,3.1450524,21.884073,0.0,0.0,
2020-05-07 19:00:00,294.73987,995.6323,3.2360187,24.421015,0.0,0.0,
2020-05-07 20:00:00,293.73682,995.57025,3.173978,26.385445,0.0,0.0,
2020-05-07 21:00:00,293.0422,995.84216,3.089169,28.032185,0.0,0.0,
2020-05-07 22:00:00,292.4839,996.39026,3.0131755,29.5205,0.0,0.0,
2020-05-07 23:00:00,293.74457,997.1894,2.6386826,27.925991,0.0,0.0,
2020-05-08 00:00:00,298.0168,997.8156,3.0026908,21.665684,0.0,0.0,
2020-05-08 01:00:00,302.04718,997.81836,3.5949776,18.01903,0.0,0.0,
2020-05-08 02:00:00,304.83755,997.33264,4.268196,16.708147,0.0,0.0,
2020-05-08 03:00:00,306.46478,996.46045,4.1537066,15.0682535,0.0,0.0,
2020-05-08 04:00:00,307.294,995.1819,2.9408998,13.268864,0.0,0.0,
2020-05-08 05:00:00,307.69366,994.3353,1.6936225,12.225398,0.0,0.0,
2020-05-08 06:00:00,307.92935,993.78564,1.1185508,11.663404,0.0,0.0,
2020-05-08 07:00:00,308.03763,993.15216,1.4007514,11.7919235,0.0,0.0,
2020-05-08 08:00:00,307.8355,993.31976,1.5092072,11.770472,0.0,0.0,
2020-05-08 09:00:00,307.26245,993.7477,1.4100952,12.20679,0.0,0.0,
2020-05-08 10:00:00,306.0537,994.4416,2.029519,13.494998,0.0,0.0,
2020-05-08 11:00:00,304.48083,994.8666,2.4909902,15.160913,0.0,0.0,
2020-05-08 12:00:00,302.81665,995.46014,2.7290232,16.88981,0.0,0.0,
2020-05-08 13:00:00,301.2295,995.7597,2.7885616,18.505432,0.0,0.0,
2020-05-08 14:00:00,299.75085,995.96515,2.6853497,20.199093,0.0,0.0,
2020-05-08 15:00:00,298.3869,996.0549,2.6375582,21.930157,0.0,0.0,
2020-05-08 16:00:00,297.21072,995.8806,2.7630281,23.285618,0.0,0.0,
2020-05-08 17:00:00,296.28748,995.7859,2.976284,24.32783,0.0,0.0,
2020-05-08 18:00:00,295.55417,995.6002,3.1080747,25.341585,0.0,0.0,
2020-05-08 19:00:00,294.39172,995.55743,3.3347652,27.080526,0.0,0.0,
2020-05-08 20:00:00,293.50317,995.6502,3.2410524,29.06865,0.0,0.0,
2020-05-08 21:00:00,292.86682,995.905,3.0947666,30.860065,0.0,0.0,
2020-05-08 22:00:00,292.38013,996.77545,2.939245,32.60365,0.0,0.0,
2020-05-08 23:00:00,293.48947,997.6295,2.0414777,32.202793,0.0,0.0,
2020-05-09 00:00:00,297.22766,998.53326,1.9474133,24.630812,0.0,0.0,
2020-05-09 01:00:00,300.42215,998.9739,2.5455155,19.690504,0.0,0.0,
2020-05-09 02:00:00,303.03998,998.7545,2.2128425,16.87251,0.0,0.0,
2020-05-09 03:00:00,304.9143,997.77844,1.6752833,15.456721,0.0,0.0,
2020-05-09 04:00:00,306.34967,996.6359,1.8010583,14.347389,0.0,0.0,
2020-05-09 05:00:00,307.47336,995.5555,2.507386,13.472393,0.0,0.0,
2020-05-09 06:00:00,308.15558,994.90216,2.928197,12.859386,0.0,0.0,
2020-05-09 07:00:00,308.7117,994.0628,3.3160129,14.663148,0.0,0.0,
2020-05-09 08:00:00,308.55875,994.4381,3.7046187,15.009674,0.0,0.0,
2020-05-09 09:00:00,307.68607,994.72577,3.442845,16.014074,0.0,0.0,
2020-05-09 10:00:00,305.99207,995.4952,3.6129332,17.767889,0.0,0.0,
2020-05-09 11:00:00,304.6527,996.1256,4.3838553,18.868078,0.0,0.0,
2020-05-09 12:00:00,303.5666,996.9494,5.1196895,19.205534,0.0,0.0,
2020-05-09 13:00:00,302.62073,997.63513,5.6138015,19.040625,0.0,0.0,
2020-05-09 14:00:00,301.73422,998.0645,5.9266853,18.923826,0.0,0.0,
2020-05-09 15:00:00,300.901,998.1157,6.0680375,19.17109,0.0,0.0,
2020-05-09 16:00:00,300.15555,997.9639,6.00496,19.693665,0.0,0.0,
2020-05-09 17:00:00,299.4229,997.61304,5.8422523,20.379263,0.0,0.0,
2020-05-09 18:00:00,298.75595,997.6682,5.843486,21.031261,0.0,0.0,
2020-05-09 19:00:00,297.59454,997.7609,5.7742715,22.012705,0.0,0.0,
2020-05-09 20:00:00,296.97897,998.0878,5.6389036,22.468727,0.0,0.0,
2020-05-09 21:00:00,296.3885,998.03326,5.3786364,22.885416,0.0,0.0,
2020-05-09 22:00:00,295.87,998.5458,5.0628166,23.247786,0.0,0.0,
2020-05-09 23:00:00,296.84473,999.09344,4.7000427,21.696686,0.0,0.0,
2020-05-10 00:00:00,299.36792,999.65076,5.823821,18.359406,0.0,0.0,
2020-05-10 01:00:00,302.18457,999.9437,5.9895024,16.230207,0.0,0.0,
2020-05-10 02:00:00,304.78677,999.45435,5.9860787,15.725658,0.0,0.0,
2020-05-10 03:00:00,306.77985,998.2352,5.9613605,16.30372,0.0,0.0,
2020-05-10 04:00:00,307.87506,996.74115,5.614592,16.332844,0.0,0.0,
2020-05-10 05:00:00,308.46564,995.77594,5.113473,15.676904,0.0,0.0,
2020-05-10 06:00:00,308.74057,994.88385,4.8516164,15.363513,0.0,0.0,
2020-05-10 07:00:00,308.67078,994.887,5.080016,15.917167,0.0,0.0,
2020-05-10 08:00:00,308.2929,994.71906,5.121262,16.168032,0.0,0.0,
2020-05-10 09:00:00,307.3601,995.27704,4.2914143,17.025787,0.0,0.0,
2020-05-10 10:00:00,305.68994,995.8136,3.6324122,18.818079,0.0,0.0,
2020-05-10 11:00:00,304.4324,996.60406,3.7992177,20.161634,0.0,0.0,
2020-05-10 12:00:00,303.2365,997.192,4.0437236,21.317913,0.0,0.0,
2020-05-10 13:00:00,302.21436,997.5611,4.4056196,22.094307,0.0,0.0,
2020-05-10 14:00:00,301.4127,997.91516,4.9493246,22.320822,0.0,0.0,
2020-05-10 15:00:00,300.77936,998.05945,5.638302,22.234213,0.0,0.0,
2020-05-10 16:00:00,300.20398,997.91626,5.9939117,22.496643,0.0,0.0,
2020-05-10 17:00:00,299.57977,997.6742,5.9501753,23.37374,0.0,0.0,
2020-05-10 18:00:00,298.88934,997.7025,5.7713895,24.60752,0.0,0.0,
2020-05-10 19:00:00,297.76038,998.19745,5.663075,26.034746,0.0,0.0,
2020-05-10 20:00:00,297.25323,998.2463,5.9483724,27.192825,0.0,0.0,
2020-05-10 21:00:00,296.8467,998.59174,6.084649,27.964205,0.0,0.0,
2020-05-10 22:00:00,296.42468,998.80054,5.9298067,28.49369,0.0,0.0,
2020-05-10 23:00:00,297.33234,999.7596,5.541083,26.781878,0.0,0.0,
2020-05-11 00:00:00,299.6129,1000.24915,6.8189807,22.990444,0.0,0.0,
2020-05-11 01:00:00,302.1354,1000.29736,7.02151,19.951403,0.0,0.0,
2020-05-11 02:00:00,304.49927,1000.0835,6.9411116,18.192383,0.0,0.0,
2020-05-11 03:00:00,306.04736,998.95526,6.6208434,17.081135,0.0,0.0,
2020-05-11 04:00:00,306.96368,997.7342,5.851579,15.367171,0.0,0.0,
2020-05-11 05:00:00,307.4795,996.5725,5.208672,14.565632,0.0,0.0,
2020-05-11 06:00:00,307.67328,995.7873,4.7969713,14.308685,0.0,0.0,
2020-05-11 07:00:00,307.39868,995.73315,4.9354825,14.555216,0.0,0.0,
2020-05-11 08:00:00,306.99628,996.22815,4.9179807,14.797009,0.0,0.0,
2020-05-11 09:00:00,306.0252,996.90076,4.218735,15.728818,0.0,0.0,
2020-05-11 10:00:00,304.54575,997.4553,3.791119,17.376612,0.0,0.0,
2020-05-11 11:00:00,303.4272,998.1062,3.9581637,18.630976,0.0,0.0,
2020-05-11 12:00:00,302.38354,998.5555,4.1074715,19.757015,0.0,0.0,
2020-05-11 13:00:00,301.4048,998.8546,4.245518,20.819315,0.0,0.0,
2020-05-11 14:00:00,300.52686,998.84875,4.2846847,21.79866,0.0,0.22999999,
2020-05-11 15:00:00,299.7638,998.8844,4.4762664,22.664637,0.0,0.0,
2020-05-11 16:00:00,299.18298,998.7498,4.7088475,23.257832,0.0,0.0,
2020-05-11 17:00:00,298.49982,998.4447,4.93619,23.88067,0.0,0.0,
2020-05-11 18:00:00,297.8514,998.42053,4.841891,24.28438,0.0,0.0,
2020-05-11 19:00:00,296.4848,998.0633,4.251549,27.04506,0.0,0.0,
2020-05-11 20:00:00,295.69104,998.3105,4.1237397,27.94255,0.0,0.0,
2020-05-11 21:00:00,295.1856,998.5627,3.874807,28.367239,0.0,0.0,
2020-05-11 22:00:00,294.50476,999.1741,3.625308,29.244446,0.0,0.0,
2020-05-11 23:00:00,295.45752,1000.12805,3.3491263,27.40967,0.0,0.0,
2020-05-12 00:00:00,298.09537,1000.6311,4.356799,22.73231,0.0,0.0,
2020-05-12 01:00:00,300.6888,1000.704,4.8247366,19.429182,0.0,0.0,
2020-05-12 02:00:00,303.1955,1000.0764,5.2436466,16.776619,0.0,0.0,
2020-05-12 03:00:00,304.84033,998.87744,5.2747426,14.878037,0.0,0.0,
2020-05-12 04:00:00,305.80008,997.60583,4.9735355,13.7869625,0.0,0.0,
2020-05-12 05:00:00,306.28308,996.6223,4.908126,13.131827,0.0,0.0,
2020-05-12 06:00:00,306.61417,995.89966,5.0325985,12.912668,0.0,0.0,
2020-05-12 07:00:00,306.4271,995.6,5.5273323,13.266556,0.0,0.0,
2020-05-12 08:00:00,306.04086,996.0214,5.697455,13.5630045,0.0,0.0,
2020-05-12 09:00:00,305.057,996.55396,4.980813,14.549158,0.0,0.0,
2020-05-12 10:00:00,303.48267,997.14575,4.325528,16.268883,0.0,0.0,
2020-05-12 11:00:00,302.28076,997.95276,4.349465,17.735048,0.0,0.0,
2020-05-12 12:00:00,301.09998,998.4868,4.322196,19.114227,0.0,0.0,
2020-05-12 13:00:00,300.02545,998.95544,4.277574,20.260437,0.0,0.0,
2020-05-12 14:00:00,298.99725,999.02014,4.214206,21.225681,0.0,0.0,
2020-05-12 15:00:00,298.04416,998.9854,4.1671176,22.023006,0.0,0.0,
2020-05-12 16:00:00,297.1463,998.78656,4.115645,22.725958,0.0,0.0,
2020-05-12 17:00:00,296.33868,998.6177,4.1144576,23.18158,0.0,0.0,
2020-05-12 18:00:00,295.61386,998.5131,4.087357,23.240051,0.0,0.0,
2020-05-12 19:00:00,294.43808,998.7743,4.1444006,23.282911,0.0,0.0,
2020-05-12 20:00:00,293.67902,998.9327,3.9738896,23.0463,0.0,0.0,
2020-05-12 21:00:00,293.05072,999.4889,3.742277,22.5858,0.0,0.0,
2020-05-12 22:00:00,292.4637,1000.21014,3.529417,22.326618,0.0,0.0,
2020-05-12 23:00:00,293.4394,1000.8995,3.0478907,20.447424,0.0,0.0,
2020-05-13 00:00:00,296.53436,1001.5627,3.7379642,15.939474,0.0,0.0,
2020-05-13 01:00:00,299.393,1001.4803,4.3404803,13.225421,0.0,0.0,
2020-05-13 02:00:00,301.94785,1000.8284,5.170829,11.082096,0.0,0.0,
2020-05-13 03:00:00,303.67432,999.7761,6.3116417,9.763146,0.0,0.0,
2020-05-13 04:00:00,304.66696,998.62897,6.3185916,9.637745,0.0,0.0,
2020-05-13 05:00:00,305.31964,997.5723,6.166612,9.503399,0.0,0.0,
2020-05-13 06:00:00,305.65936,996.8627,5.985271,9.352342,0.0,0.0,
2020-05-13 07:00:00,305.82166,996.4953,5.661078,10.377322,0.0,0.0,
2020-05-13 08:00:00,305.39337,996.4833,5.562694,10.418801,0.0,0.0,
2020-05-13 09:00:00,304.277,997.1091,4.57634,10.871582,0.0,0.0,
2020-05-13 10:00:00,302.41364,997.5689,4.202427,11.908264,0.0,0.0,
2020-05-13 11:00:00,301.0072,998.1945,4.514399,12.625371,0.0,0.0,
2020-05-13 12:00:00,299.80173,998.8211,4.821333,13.192856,0.0,0.0,
2020-05-13 13:00:00,298.74518,999.2229,5.0994105,13.6184435,0.0,0.0,
2020-05-13 14:00:00,297.78375,999.005,5.2985954,13.773492,0.0,0.0,
2020-05-13 15:00:00,296.93005,999.2463,5.4291215,13.650272,0.0,0.0,
2020-05-13 16:00:00,296.12646,999.0144,5.4834213,13.517746,0.0,0.0,
2020-05-13 17:00:00,295.39212,998.95764,5.3720927,13.649574,0.0,0.0,
2020-05-13 18:00:00,294.64764,998.72314,5.118283,14.171505,0.0,0.0,
2020-05-13 19:00:00,293.04913,998.8258,4.7282605,15.926189,0.0,0.0,
2020-05-13 20:00:00,292.30078,999.00354,4.4245877,16.828453,0.0,0.0,
2020-05-13 21:00:00,291.65564,999.46606,4.1739078,17.67993,0.0,0.0,
2020-05-13 22:00:00,291.0504,1000.05963,3.9511516,18.489916,0.0,0.0,
2020-05-13 23:00:00,292.07812,1000.72455,3.6208298,17.474087,0.0,0.0,
2020-05-14 00:00:00,295.18616,1001.3008,4.704839,13.988696,0.0,0.0,
2020-05-14 01:00:00,298.1611,1001.47064,5.6989994,11.49831,0.0,0.0,
2020-05-14 02:00:00,300.6312,1000.96716,6.5985246,9.851356,0.0,0.0,
2020-05-14 03:00:00,302.4643,999.955,6.765215,8.718697,0.0,0.0,
2020-05-14 04:00:00,303.69647,998.72906,5.9221168,7.9550066,0.0,0.0,
2020-05-14 05:00:00,304.55322,997.7861,5.2506523,7.533563,0.0,0.0,
2020-05-14 06:00:00,305.06952,997.1278,5.003922,7.4437575,0.0,0.0,
2020-05-14 07:00:00,305.30984,996.65436,4.921262,8.551497,0.0,0.0,
2020-05-14 08:00:00,304.98438,997.0467,4.7149153,8.950667,0.0,0.0,
2020-05-14 09:00:00,303.68503,997.1395,3.7349315,10.228201,0.0,0.0,
2020-05-14 10:00:00,301.60208,997.7028,3.908963,12.20354,0.0,0.0,
2020-05-14 11:00:00,300.12372,998.2067,4.4900208,13.453576,0.0,0.0,
2020-05-14 12:00:00,298.92267,998.59344,5.017061,14.296098,0.0,0.0,
2020-05-14 13:00:00,297.92715,998.89154,5.3805027,14.867706,0.0,0.0,
2020-05-14 14:00:00,297.03976,998.8766,5.6103907,15.354683,0.0,0.0,
2020-05-14 15:00:00,296.23853,998.8833,5.688397,15.903327,0.0,0.0,
2020-05-14 16:00:00,295.54462,998.6742,5.7661886,16.45656,0.0,0.0,
2020-05-14 17:00:00,294.95624,998.5192,5.829084,17.021702,0.0,0.0,
2020-05-14 18:00:00,294.39468,998.3854,5.7639527,17.674763,0.0,0.0,
2020-05-14 19:00:00,293.0113,998.4324,5.263816,19.3434,0.0,0.0,
2020-05-14 20:00:00,292.32684,998.59485,5.0173993,20.460627,0.0,0.0,
2020-05-14 21:00:00,291.76355,998.90656,4.757227,21.518507,0.0,0.0,
2020-05-14 22:00:00,291.31393,999.3539,4.608309,22.473503,0.0,0.0,
2020-05-14 23:00:00,292.41318,999.83,4.382069,21.425383,0.0,0.0,
2020-05-15 00:00:00,295.4323,1000.4785,5.5474334,17.949917,0.0,0.0,
2020-05-15 01:00:00,298.56158,1000.2336,6.275803,15.573864,0.0,0.0,
2020-05-15 02:00:00,301.4167,999.53143,6.7427526,14.771099,0.0,0.0,
2020-05-15 03:00:00,303.35645,998.27716,6.7525573,15.913635,0.0,0.0,
2020-05-15 04:00:00,304.41718,997.14484,5.506942,15.097677,0.0,0.0,
2020-05-15 05:00:00,304.99237,996.13806,4.3077483,14.156201,0.0,0.0,
2020-05-15 06:00:00,305.30383,995.4905,3.6778195,13.773216,0.0,0.0,
2020-05-15 07:00:00,305.27924,995.0889,3.0991585,13.049881,0.0,0.0,
2020-05-15 08:00:00,305.01215,995.2925,3.0998225,13.27991,0.0,0.0,
2020-05-15 09:00:00,304.0946,995.7606,2.7602572,14.2633915,0.0,0.0,
2020-05-15 10:00:00,302.36746,996.4975,3.1766102,16.064835,0.0,0.0,
2020-05-15 11:00:00,300.90628,997.2042,3.630498,17.674162,0.0,0.0,
2020-05-15 12:00:00,299.7077,997.68396,4.062959,19.072754,0.0,0.0,
2020-05-15 13:00:00,298.69745,997.61127,4.2972355,20.347347,0.0,0.0,
2020-05-15 14:00:00,297.8266,997.6831,4.4564085,21.538744,0.0,0.0,
2020-05-15 15:00:00,297.0204,997.72906,4.638017,22.711315,0.0,0.0,
2020-05-15 16:00:00,296.30505,997.48596,4.9976144,23.70768,0.0,0.0,
2020-05-15 17:00:00,295.7713,997.45654,5.429228,24.09859,0.0,0.0,
2020-05-15 18:00:00,295.31924,997.27094,5.664927,23.898129,0.0,0.0,
2020-05-15 19:00:00,294.11655,997.59845,5.1637645,24.952637,0.0,0.0,
2020-05-15 20:00:00,293.4887,997.6869,4.8615828,25.517044,0.0,0.0,
2020-05-15 21:00:00,292.97308,998.0667,4.688224,26.026356,0.0,0.0,
2020-05-15 22:00:00,292.52335,998.3039,4.622978,26.393913,0.0,0.0,
2020-05-15 23:00:00,293.5682,999.04297,4.5508857,24.413836,0.0,0.0,
2020-05-16 00:00:00,296.29498,999.52484,5.945663,20.452904,0.0,0.0,
2020-05-16 01:00:00,299.273,999.2861,6.821001,18.122156,0.0,0.0,
2020-05-16 02:00:00,302.08777,998.78436,7.4050794,17.054728,0.0,0.0,
2020-05-16 03:00:00,303.9383,997.89655,7.502446,16.206278,0.0,0.0,
2020-05-16 04:00:00,304.7768,996.9561,6.112433,14.642605,0.0,0.0,
2020-05-16 05:00:00,305.31842,995.9882,5.080094,13.638802,0.0,0.0,
2020-05-16 06:00:00,305.5984,995.40533,4.559121,13.105888,0.0,0.0,
2020-05-16 07:00:00,305.5041,994.9455,4.518087,13.655953,0.0,0.0,
2020-05-16 08:00:00,305.13312,995.0583,4.384514,14.088575,0.0,0.0,
2020-05-16 09:00:00,304.0454,995.6763,3.6487758,15.505284,0.0,0.0,
2020-05-16 10:00:00,302.198,996.21625,3.8025107,17.91578,0.0,0.0,
2020-05-16 11:00:00,300.88263,996.705,4.2678823,19.606388,0.0,0.0,
2020-05-16 12:00:00,299.7705,997.13794,4.575221,21.049875,0.0,0.0,
2020-05-16 13:00:00,298.8211,997.2636,4.7989144,22.415617,0.0,0.0,
2020-05-16 14:00:00,298.05475,997.3996,4.987663,23.8836,0.0,0.0,
2020-05-16 15:00:00,297.4345,997.1738,5.21973,25.596384,0.0,0.0,
2020-05-16 16:00:00,296.94217,997.09186,5.3104033,27.477789,0.0,0.0,
2020-05-16 17:00:00,296.5096,996.9919,5.4404535,29.313215,0.0,0.0,
2020-05-16 18:00:00,296.09238,996.8212,5.506554,30.98034,0.0,0.0,
2020-05-16 19:00:00,294.8651,996.52795,4.9262295,33.60316,0.0,0.0,
2020-05-16 20:00:00,294.46283,996.49744,4.881131,35.284622,0.0,0.0,
2020-05-16 21:00:00,294.127,996.99414,4.874311,36.400944,0.0,0.0,
2020-05-16 22:00:00,293.83582,997.628,4.7935467,37.05951,0.0,0.0,
2020-05-16 23:00:00,294.9228,998.09155,4.817996,34.51986,0.0,0.0,
2020-05-17 00:00:00,297.625,998.6233,6.303105,28.804144,0.0,0.0,
2020-05-17 01:00:00,300.25366,998.3967,7.6090612,24.447388,0.0,0.0,
2020-05-17 02:00:00,302.535,997.7548,8.235519,21.467104,0.0,0.0,
2020-05-17 03:00:00,304.2929,996.7404,8.567153,19.676033,0.0,0.0,
2020-05-17 04:00:00,305.38364,995.5094,7.991054,18.99704,0.0,0.0,
2020-05-17 05:00:00,306.00784,994.681,6.852521,18.782383,0.0,0.0,
2020-05-17 06:00:00,306.3255,993.9983,5.684556,18.467398,0.0,0.0,
2020-05-17 07:00:00,306.43893,993.73627,4.66231,17.301048,0.0,0.0,
2020-05-17 08:00:00,306.12988,994.0645,4.349823,17.318184,0.0,0.0,
2020-05-17 09:00:00,305.15045,994.66675,3.521692,18.203804,0.0,0.0,
2020-05-17 10:00:00,303.45947,995.45624,3.4628835,20.076742,0.0,0.0,
2020-05-17 11:00:00,302.14777,995.9316,3.8497174,21.613697,0.0,0.0,
2020-05-17 12:00:00,301.06708,996.4319,4.3988633,22.894331,0.0,0.0,
2020-05-17 13:00:00,300.17297,996.46796,4.8451695,23.99618,0.0,0.0,
2020-05-17 14:00:00,299.44604,996.34064,5.3705387,24.9716,0.0,0.0,
2020-05-17 15:00:00,298.83908,996.16547,5.6294827,25.831375,0.0,0.0,
2020-05-17 16:00:00,298.27438,995.9231,5.8166265,26.515024,0.0,0.0,
2020-05-17 17:00:00,297.79218,995.8223,6.089575,26.887243,0.0,0.0,
2020-05-17 18:00:00,297.34735,995.52203,6.2743087,27.165947,0.0,0.0,
2020-05-17 19:00:00,296.0968,995.84784,5.797577,29.03094,0.0,0.0,
2020-05-17 20:00:00,295.6453,995.92126,6.010738,29.526598,0.0,0.0,
2020-05-17 21:00:00,295.3404,996.29,6.1405354,29.643822,0.0,0.0,
2020-05-17 22:00:00,295.06912,996.6972,6.241332,29.48978,0.0,0.0,
2020-05-17 23:00:00,295.9626,997.4113,6.0062013,27.25045,0.0,0.0,
2020-05-18 00:00:00,298.11237,997.7628,7.2819233,22.98818,0.0,0.0,
2020-05-18 01:00:00,300.56628,997.9476,7.8857064,19.27821,0.0,0.0,
2020-05-18 02:00:00,302.83026,997.22675,7.8420973,16.94856,0.0,0.0,
2020-05-18 03:00:00,304.61432,996.2583,7.306717,16.36123,0.0,0.0,
2020-05-18 04:00:00,305.6754,995.2411,5.936102,16.815466,0.0,0.0,
2020-05-18 05:00:00,306.1853,994.4241,4.3766766,17.08377,0.0,0.0,
2020-05-18 06:00:00,306.39075,993.9743,3.3886158,16.911386,0.0,0.0,
2020-05-18 07:00:00,306.4483,993.40784,3.3778505,15.301257,0.0,0.0,
2020-05-18 08:00:00,306.13306,993.78375,3.2450588,15.295971,0.0,0.0,
2020-05-18 09:00:00,305.2044,994.27673,2.9251988,16.041548,0.0,0.0,
2020-05-18 10:00:00,303.5235,994.9433,3.1399019,17.70525,0.0,0.0,
2020-05-18 11:00:00,302.13022,995.5684,3.6152272,19.158411,0.0,0.0,
2020-05-18 12:00:00,300.92847,995.8794,4.021034,20.373713,0.0,0.0,
2020-05-18 13:00:00,299.8849,996.2056,4.2789526,21.387518,0.0,0.0,
2020-05-18 14:00:00,298.92007,996.3401,4.4368653,22.316263,0.0,0.0,
2020-05-18 15:00:00,298.05804,996.5285,4.6633067,23.153826,0.0,0.0,
2020-05-18 16:00:00,297.32977,996.6181,4.623971,23.821968,0.0,0.0,
2020-05-18 17:00:00,296.55496,996.5034,4.2713223,24.592363,0.0,0.0,
2020-05-18 18:00:00,295.99377,996.4787,3.998474,25.112772,0.0,0.0,
2020-05-18 19:00:00,295.49902,996.3239,4.1288157,24.453888,0.0,0.0,
2020-05-18 20:00:00,295.20923,996.5008,3.9964528,24.96953,0.0,0.059999995,
2020-05-18 21:00:00,295.12238,996.8616,4.0658975,25.520155,0.0,0.0,
2020-05-18 22:00:00,295.17316,997.29517,4.2248864,26.157267,0.0,0.0,
2020-05-18 23:00:00,295.60596,998.34143,4.162637,26.331142,0.0,0.049999997,
2020-05-19 00:00:00,296.45282,998.815,4.126311,25.669146,0.0,0.21,
2020-05-19 01:00:00,297.64365,998.8978,4.774826,24.213623,0.0,2.05,
2020-05-19 02:00:00,299.23535,998.65326,4.953736,22.108019,0.0,1.12,
2020-05-19 03:00:00,300.32208,997.6661,4.6549935,20.780008,0.0,0.43,
2020-05-19 04:00:00,301.51132,996.2347,4.7245045,19.484638,0.0,0.90999997,
2020-05-19 05:00:00,302.01978,995.6214,4.143924,18.65866,0.0,2.3899999,
2020-05-19 06:00:00,302.4984,995.1989,4.2451897,17.584402,0.0,4.06,
2020-05-19 07:00:00,300.93292,995.6704,5.291657,24.534359,0.078849494,1.45,
2020-05-19 08:00:00,300.24194,996.6781,5.689695,25.878355,0.0,1.1099999,
2020-05-19 09:00:00,299.15594,997.8027,5.121761,28.863653,0.0,1.9599999,
2020-05-19 10:00:00,298.21594,999.1336,4.3281345,32.181927,0.0018626451,2.46,
2020-05-19 11:00:00,297.29553,999.65894,3.9267893,35.737797,0.005558133,2.15,
2020-05-19 12:00:00,296.54346,1000.40656,3.3872292,38.699276,0.0027567148,2.1,
2020-05-19 13:00:00,295.73438,1001.07135,2.858107,42.21177,0.048533082,1.6999999,
2020-05-19 14:00:00,294.81012,1001.5249,2.8870287,46.460896,0.10086596,1.11,
2020-05-19 15:00:00,293.72287,1001.4191,3.4013748,51.82011,0.2155006,1.52,
2020-05-19 16:00:00,292.69223,1000.9453,3.4256165,57.73446,0.26878715,1.94,
2020-05-19 17:00:00,291.8708,1000.68774,3.148855,63.153164,0.34421682,2.54,
2020-05-19 18:00:00,291.33606,1000.341,2.8414986,66.88896,0.39964914,2.26,
2020-05-19 19:00:00,293.00757,1000.3031,1.7378125,54.75433,0.1090765,2.52,
2020-05-19 20:00:00,292.60138,1000.10175,1.7619548,57.942493,0.12779236,1.43,
2020-05-19 21:00:00,292.36447,999.59064,1.5318344,60.406536,0.085651875,0.83,
2020-05-19 22:00:00,292.25385,1000.03265,1.411862,62.244247,0.10201335,0.90999997,
2020-05-19 23:00:00,292.303,1000.91345,2.0099034,62.335716,0.10493398,0.39,
2020-05-20 00:00:00,293.0259,1001.7498,2.9803474,58.4237,2.0695329,1.24,
2020-05-20 01:00:00,293.81396,1001.95953,3.8697748,55.339306,0.0,0.65999997,
2020-05-20 02:00:00,294.04187,1001.5304,4.8734922,54.2732,0.18285215,0.0,
2020-05-20 03:00:00,294.09006,1000.47174,5.5799704,54.972828,0.21839142,0.62,
2020-05-20 04:00:00,294.01443,999.5748,5.753003,56.463356,0.19208342,0.19,
2020-05-20 05:00:00,293.94012,998.8862,5.716712,57.39583,0.11969358,0.78,
2020-05-20 06:00:00,294.0172,998.0853,6.133014,57.639687,0.05799532,0.53999996,
2020-05-20 07:00:00,295.13318,997.719,6.1942577,57.013332,0.003963709,0.19,
2020-05-20 08:00:00,294.94238,998.08264,5.0404105,58.870346,0.0,1.12,
2020-05-20 09:00:00,294.65503,998.8256,4.350441,61.122288,0.0,3.01,
2020-05-20 10:00:00,294.28772,999.2128,4.5619946,62.60131,0.0,1.8699999,
2020-05-20 11:00:00,294.06628,999.82153,4.9970193,62.732323,0.0,0.78,
2020-05-20 12:00:00,293.7828,1000.2086,5.592236,63.04883,0.0,1.16,
2020-05-20 13:00:00,293.5244,1000.2739,5.9704924,63.61984,0.0,0.95,
2020-05-20 14:00:00,293.11053,1000.0547,6.0967684,65.315544,0.0,1.3499999,
2020-05-20 15:00:00,292.85217,999.97437,5.5512466,66.74855,0.005528331,1.17,
2020-05-20 16:00:00,292.54993,999.4712,5.1070013,68.44774,0.06259978,3.44,
2020-05-20 17:00:00,292.25623,999.1657,5.0008726,70.36889,0.19232929,1.56,
2020-05-20 18:00:00,292.01242,998.8434,4.524128,72.15801,0.17344952,1.03,
2020-05-20 19:00:00,291.97632,998.39624,4.59515,73.14894,0.0,0.62,
2020-05-20 20:00:00,291.92523,998.6387,4.5632086,73.84343,0.0,0.26999998,
2020-05-20 21:00:00,291.8302,998.8674,4.5698357,74.75898,0.07416308,0.26999998,
2020-05-20 22:00:00,291.68164,999.40314,4.233344,76.044426,0.0,0.52,
2020-05-20 23:00:00,292.12097,1000.2689,3.7036808,75.201004,0.017032027,0.65,
2020-05-21 00:00:00,293.2643,1000.37714,4.7642736,69.823524,1.4418751,0.46999997,
2020-05-21 01:00:00,294.63153,1000.1174,5.3015575,64.352844,0.0,0.14,
2020-05-21 02:00:00,295.6426,999.855,5.131567,60.90746,0.0,8.9,
2020-05-21 03:00:00,296.40115,999.113,4.69454,58.71914,0.0,1.62,
2020-05-21 04:00:00,296.66986,998.26685,4.4331746,58.195095,0.037901103,0.03,
2020-05-21 05:00:00,296.75888,997.1831,4.83125,58.427864,0.28831512,0.02,
2020-05-21 06:00:00,296.80676,996.6205,4.496946,59.043343,0.10019541,0.0,
2020-05-21 07:00:00,296.06506,998.0888,3.4620934,62.004055,0.05543977,0.0,
2020-05-21 08:00:00,295.8474,997.77295,3.991079,63.733925,0.068321824,0.14,
2020-05-21 09:00:00,295.27008,998.2555,3.506059,68.189964,0.08722395,0.55999994,
2020-05-21 10:00:00,294.47974,998.84174,3.8941379,72.81378,0.44157356,1.16,
2020-05-21 11:00:00,293.9284,998.87854,4.3115187,75.57449,0.59877336,1.0999999,
2020-05-21 12:00:00,293.67484,999.6209,3.9528308,76.40899,0.29409677,1.65,
2020-05-21 13:00:00,293.42923,999.5871,4.1680903,77.02154,0.1501143,1.8499999,
2020-05-21 14:00:00,293.28473,999.46924,4.0531526,77.28567,0.037536025,2.3899999,
2020-05-21 15:00:00,293.10703,999.50745,4.0577264,77.86499,0.009074807,1.39,
2020-05-21 16:00:00,292.983,999.0655,4.218914,78.44351,0.04377961,1.17,
2020-05-21 17:00:00,292.7717,999.01483,4.049493,79.31345,0.09383261,0.65999997,
2020-05-21 18:00:00,292.4663,998.5652,4.303366,80.04872,0.1643449,1.01,
2020-05-21 19:00:00,292.13382,998.29584,4.1332293,77.82481,0.18000603,0.55,
2020-05-21 20:00:00,291.83533,998.08923,4.219132,78.662766,0.37042797,0.82,
2020-05-21 21:00:00,291.57336,998.0825,4.475573,79.28956,0.026106834,0.089999996,
2020-05-21 22:00:00,291.3401,998.4325,4.942259,79.575066,0.011011958,0.0,
2020-05-21 23:00:00,291.38907,998.78735,5.1527615,78.55662,0.0,1.98,
2020-05-22 00:00:00,291.56873,999.4983,5.9503603,75.51688,3.058076,2.9699998,
2020-05-22 01:00:00,291.9151,999.70844,6.55099,71.41695,0.0,1.6299999,
2020-05-22 02:00:00,292.18698,999.6482,6.6256194,68.413605,0.025257468,0.04,
2020-05-22 03:00:00,292.5998,998.9241,6.500556,65.73843,0.0757277,0.22999999,
2020-05-22 04:00:00,292.59662,998.4085,5.972387,64.52409,0.020042062,0.0,
2020-05-22 05:00:00,292.9621,997.9224,6.3660674,61.599876,0.0013932586,0.0,
2020-05-22 06:00:00,293.5351,997.837,6.346044,58.75758,0.0,0.0,
2020-05-22 07:00:00,295.8105,997.4289,5.337421,50.684273,0.0,0.0,
2020-05-22 08:00:00,295.63177,997.7481,5.5160565,51.664333,0.0,0.0,
2020-05-22 09:00:00,294.3476,998.3812,4.841265,57.16719,0.0,0.0,
2020-05-22 10:00:00,292.74365,999.20874,4.6894712,63.260036,0.0,0.0,
2020-05-22 11:00:00,291.7467,999.89343,4.661647,66.08918,0.0,0.0,
2020-05-22 12:00:00,290.92664,1000.71606,4.7366176,67.6551,0.0,0.0,
2020-05-22 13:00:00,290.27655,1001.4426,4.7709594,68.47429,0.0,0.0,
2020-05-22 14:00:00,289.77496,1001.5896,4.7475395,69.19366,0.0,0.0,
2020-05-22 15:00:00,289.27545,1001.5952,4.6082077,70.65888,0.0,0.0,
2020-05-22 16:00:00,288.8417,1001.34827,4.639203,72.12741,0.0,0.0,
2020-05-22 17:00:00,288.42596,1001.1461,4.7089047,73.42225,0.0,0.0,
2020-05-22 18:00:00,288.03015,1000.8767,4.8209367,74.30125,0.0,0.0,
2020-05-22 19:00:00,286.90784,1001.21906,4.958071,77.10263,0.0,0.0,
2020-05-22 20:00:00,286.4944,1001.08234,5.128951,78.01899,0.0,0.0,
2020-05-22 21:00:00,286.17877,1001.27423,5.2902465,78.496376,0.0,0.0,
2020-05-22 22:00:00,285.9287,1001.52423,5.422464,78.465836,0.0,0.0,
2020-05-22 23:00:00,286.74805,1002.3289,5.1346035,74.149414,0.0,0.0,
2020-05-23 00:00:00,288.71948,1002.84937,6.6974435,62.92969,0.12242794,0.0,
2020-05-23 01:00:00,290.9546,1003.205,7.4592323,52.486008,0.0,0.0,
2020-05-23 02:00:00,293.08154,1002.7132,7.7928576,43.620266,0.0,0.0,
2020-05-23 03:00:00,294.83337,1001.64374,7.9291363,36.94593,0.0,0.0,
2020-05-23 04:00:00,296.21417,1000.3775,7.804421,31.83003,0.0,0.0,
2020-05-23 05:00:00,297.22107,999.26843,7.662347,28.249819,0.0,0.0,
2020-05-23 06:00:00,297.778,998.3681,7.553386,26.097557,0.0,0.0,
2020-05-23 07:00:00,297.83456,997.8975,7.6746664,24.453173,0.0,0.0,
2020-05-23 08:00:00,297.31274,998.2531,7.144419,25.550007,0.0,0.0,
2020-05-23 09:00:00,295.5466,998.5122,5.4962707,31.317055,0.0,0.0,
2020-05-23 10:00:00,293.5843,999.3689,4.9787703,37.21798,0.0,0.0,
2020-05-23 11:00:00,292.16956,999.9725,4.932858,41.18661,0.0,0.0,
2020-05-23 12:00:00,291.0388,1001.03625,5.1559668,43.77662,0.0,0.0,
2020-05-23 13:00:00,290.08112,1001.45514,5.3999624,45.40092,0.0,0.0,
2020-05-23 14:00:00,289.2528,1001.78595,5.5490932,46.812862,0.0,0.0,
2020-05-23 15:00:00,288.45728,1001.47736,5.508893,48.53748,0.0,0.0,
2020-05-23 16:00:00,287.68713,1001.53546,5.270993,50.4865,0.0,0.0,
2020-05-23 17:00:00,286.91064,1001.23755,4.991723,52.423626,0.0,0.0,
2020-05-23 18:00:00,286.21994,1001.20044,4.802868,53.923027,0.0,0.0,
2020-05-23 19:00:00,285.88358,1001.21405,4.8866377,55.759983,0.0,0.0,
2020-05-23 20:00:00,285.345,1001.32306,4.891602,56.8492,0.0,0.0,
2020-05-23 21:00:00,284.8817,1001.39026,4.8131113,58.056038,0.0,0.0,
2020-05-23 22:00:00,284.50742,1001.75037,4.755346,59.20704,0.0,0.0,
2020-05-23 23:00:00,285.40338,1002.573,4.411121,56.564873,0.0,0.0,
2020-05-24 00:00:00,287.82486,1003.37305,5.7844076,46.806236,0.0,0.0,
2020-05-24 01:00:00,290.3073,1003.0479,7.052259,38.043583,0.0,0.0,
2020-05-24 02:00:00,292.83032,1002.2202,7.3735647,30.810738,0.0,0.0,
2020-05-24 03:00:00,295.09308,1000.9981,7.2269454,25.587515,0.0,0.0,
2020-05-24 04:00:00,296.89902,999.6827,6.9427195,22.088982,0.0,0.0,
2020-05-24 05:00:00,298.20676,998.5519,6.556359,19.78545,0.0,0.0,
2020-05-24 06:00:00,299.04037,997.74365,6.3597035,18.463675,0.0,0.0,
2020-05-24 07:00:00,299.60614,997.8244,5.8690896,16.774855,0.0,0.0,
2020-05-24 08:00:00,299.3465,997.8592,5.3579397,17.187378,0.0,0.0,
2020-05-24 09:00:00,297.72205,998.4439,3.7371924,21.185019,0.0,0.0,
2020-05-24 10:00:00,295.56635,999.253,3.817815,26.665285,0.0,0.0,
2020-05-24 11:00:00,294.1261,999.48773,4.170104,30.190351,0.0,0.0,
2020-05-24 12:00:00,292.96558,1000.14484,4.597567,32.71902,0.0,0.0,
2020-05-24 13:00:00,291.98975,1000.43256,4.9909043,34.78288,0.0,0.0,
2020-05-24 14:00:00,291.1975,1000.33673,5.0279617,36.347946,0.0,0.0,
2020-05-24 15:00:00,290.4862,1000.20056,4.844778,37.953407,0.0,0.0,
2020-05-24 16:00:00,289.83618,1000.19336,4.7281647,40.028076,0.0,0.0,
2020-05-24 17:00:00,289.17664,1000.1409,4.6520286,42.686237,0.0,0.0,
2020-05-24 18:00:00,288.6238,999.29016,5.190025,45.106388,0.0,0.0,
2020-05-24 19:00:00,288.1045,998.5225,4.9285192,47.914886,0.0,0.0,
2020-05-24 20:00:00,287.71884,998.2347,4.822024,50.28876,0.0,0.0,
2020-05-24 21:00:00,287.43597,998.1941,4.75885,52.188843,0.0,0.0,
2020-05-24 22:00:00,287.28455,998.34,4.6036053,53.431477,0.0,0.0,
2020-05-24 23:00:00,288.12067,998.8656,4.2696,51.427006,0.0,0.0,
2020-05-25 00:00:00,290.77344,999.28296,5.08616,42.74601,0.0,0.0,
2020-05-25 01:00:00,293.63052,999.2459,6.0876155,34.94849,0.0,0.0,
2020-05-25 02:00:00,296.45102,998.7517,6.4367604,28.869556,0.0,0.0,
2020-05-25 03:00:00,298.90076,997.69635,5.9339857,24.36851,0.0,0.0,
2020-05-25 04:00:00,300.93332,996.5683,5.506675,20.9041,0.0,0.0,
2020-05-25 05:00:00,302.36835,995.15967,5.349374,18.563131,0.0,0.0,
2020-05-25 06:00:00,303.1666,994.1708,4.977499,17.61734,0.0,0.0,
2020-05-25 07:00:00,303.5122,994.59985,3.8219025,17.85864,0.0,0.0,
2020-05-25 08:00:00,303.42468,994.7608,3.2488778,18.566216,0.0,0.0,
2020-05-25 09:00:00,302.41205,995.0633,2.2238698,21.577736,0.0,0.0,
2020-05-25 10:00:00,301.05783,995.45435,2.5677779,25.85419,0.0,0.0,
2020-05-25 11:00:00,299.4549,995.9269,2.6807861,30.487284,0.0,0.0,
2020-05-25 12:00:00,298.1578,996.8986,2.4624586,34.744053,0.0,0.0,
2020-05-25 13:00:00,297.35284,997.1808,2.823009,37.040955,0.0,0.0,
2020-05-25 14:00:00,296.3808,997.1923,3.4867342,39.891056,0.0,0.0,
2020-05-25 15:00:00,295.36563,996.9902,3.6159275,42.927826,0.0,0.0,
2020-05-25 16:00:00,294.84857,996.7023,3.7828689,44.353447,0.0,0.0,
2020-05-25 17:00:00,294.5927,996.5518,4.0800247,44.305386,0.0,0.0,
2020-05-25 18:00:00,294.33765,996.1317,4.621376,43.37999,0.0,0.0,
2020-05-25 19:00:00,294.3131,995.1834,5.0677047,40.10828,0.0,0.0,
2020-05-25 20:00:00,294.17514,995.1632,5.028469,39.5885,0.0,0.0,
2020-05-25 21:00:00,294.21768,995.5227,4.749959,39.76279,0.0,0.0,
2020-05-25 22:00:00,294.4011,995.96155,5.2109237,39.763504,0.0,0.65999997,
2020-05-25 23:00:00,294.99106,996.1376,5.677292,38.57853,0.0,1.6099999,
2020-05-26 00:00:00,296.14484,996.3738,6.733336,35.744343,0.0,2.99,
2020-05-26 01:00:00,297.33472,996.193,7.3498797,34.12495,0.0,4.4399996,
2020-05-26 02:00:00,298.4163,996.1028,7.2779303,37.008076,0.09881146,2.85,
2020-05-26 03:00:00,299.69238,995.2498,7.0412593,43.103622,0.08247234,0.79999995,
2020-05-26 04:00:00,299.6599,994.8153,3.8393846,52.603985,0.212349,0.35999998,
2020-05-26 05:00:00,297.46155,994.08704,1.2412004,67.66881,0.75174123,0.0,
2020-05-26 06:00:00,296.1365,993.95056,4.08422,67.19267,0.7931106,0.0,
2020-05-26 07:00:00,294.43747,994.17993,4.538034,76.62789,1.2616291,0.98,
2020-05-26 08:00:00,293.9168,994.6387,5.0792375,77.81712,2.9558392,0.29,
2020-05-26 09:00:00,292.86615,995.09424,4.9142756,83.019485,3.5298197,2.19,
2020-05-26 10:00:00,292.2752,995.8805,4.6431737,85.04002,2.5534182,2.55,
2020-05-26 11:00:00,292.06046,996.604,4.9356833,85.58431,2.063252,0.90999997,
2020-05-26 12:00:00,291.7265,997.0494,5.117984,88.89274,2.9001915,3.51,
2020-05-26 13:00:00,291.74103,997.01953,5.357025,88.55887,2.794385,4.75,
2020-05-26 14:00:00,291.7721,997.1933,5.526889,88.032585,3.0624437,8.0199995,
2020-05-26 15:00:00,291.71823,997.02905,5.687159,87.38481,3.0004904,6.04,
2020-05-26 16:00:00,291.61783,996.6347,5.5886464,86.47106,2.8283894,3.77,
2020-05-26 17:00:00,291.5772,996.46967,4.716646,86.40932,3.9182174,0.84000003,
2020-05-26 18:00:00,291.60394,996.5452,4.555256,86.63127,5.0732193,0.0,
2020-05-26 19:00:00,291.41318,996.65344,4.216034,85.68739,2.036497,2.3999999,
2020-05-26 20:00:00,291.35217,996.87646,4.4970703,84.60447,1.9919723,0.9499999,
2020-05-26 21:00:00,291.12894,996.90515,4.837194,84.45223,1.9271374,0.049999997,
2020-05-26 22:00:00,290.92856,997.455,5.020981,85.87623,2.2733955,0.38,
2020-05-26 23:00:00,290.93518,998.1984,5.0907884,85.17019,1.8085092,0.35999998,
2020-05-27 00:00:00,291.23615,998.67206,4.8155074,84.44197,49.08417,0.0,
2020-05-27 01:00:00,291.67377,999.1002,4.5947638,83.39241,0.0,0.0,
2020-05-27 02:00:00,291.98022,998.90845,4.7667513,82.236595,0.8532219,0.0,
2020-05-27 03:00:00,292.05145,998.1997,5.125772,83.084175,0.8575991,0.0,
2020-05-27 04:00:00,292.1074,997.42487,5.263394,82.074814,0.6166771,0.0,
2020-05-27 05:00:00,292.07565,996.67755,5.178684,81.23306,0.57534873,0.0,
2020-05-27 06:00:00,292.0443,996.5552,5.39391,80.62089,0.37395954,0.0,
2020-05-27 07:00:00,292.93054,995.95825,4.6689878,81.533325,0.33327937,0.0,
2020-05-27 08:00:00,292.58765,996.63837,4.648723,81.921585,0.12820959,0.0,
2020-05-27 09:00:00,292.1657,997.24884,4.7047353,82.231125,0.44617057,0.0,
2020-05-27 10:00:00,291.8282,997.5053,5.002492,82.51737,0.40884316,0.0,
2020-05-27 11:00:00,291.69818,997.9219,5.1852403,81.36116,0.15503168,0.0,
2020-05-27 12:00:00,291.61346,998.10767,4.9983897,80.03037,0.19901991,0.0,
2020-05-27 13:00:00,291.46582,998.54877,4.7836103,79.841484,0.25363547,0.0,
2020-05-27 14:00:00,291.22437,998.71704,4.6223235,81.50566,0.52952766,0.0,
2020-05-27 15:00:00,291.0508,998.5669,4.6394777,82.77934,0.6752312,0.0,
2020-05-27 16:00:00,290.9547,998.6521,4.8118563,83.22203,0.3774166,0.0,
2020-05-27 17:00:00,290.84692,998.6575,5.1384907,83.06016,0.12397766,0.0,
2020-05-27 18:00:00,290.75348,998.46216,5.4928946,82.43061,0.09602308,0.0,
2020-05-27 19:00:00,290.45715,998.83093,4.8202815,84.7257,0.9327829,0.0,
2020-05-27 20:00:00,290.45392,998.6892,4.925596,83.63062,0.09918213,0.0,
2020-05-27 21:00:00,290.53546,998.9928,4.4037495,82.46747,0.41645765,2.01,
2020-05-27 22:00:00,290.7456,999.71704,4.033486,79.618286,1.4739633,3.13,
2020-05-27 23:00:00,290.77255,1000.53143,4.3754764,79.30468,1.1335015,1.9599999,
2020-05-28 00:00:00,290.932,1001.2754,4.916165,78.118935,12.63796,0.54999995,
2020-05-28 01:00:00,291.1469,1001.58575,4.8727736,79.319336,0.0,0.0,
2020-05-28 02:00:00,291.17865,1001.1727,5.701864,76.82505,1.3293494,0.0,
2020-05-28 03:00:00,291.569,1000.067,6.531032,75.02758,0.9714663,0.0,
2020-05-28 04:00:00,291.74512,999.2729,6.4953966,74.57587,0.25543943,0.0,
2020-05-28 05:00:00,292.54803,998.71295,6.968832,72.01845,0.08174777,0.0,
2020-05-28 06:00:00,292.2893,998.44226,5.7374277,76.34186,0.6321892,0.0,
2020-05-28 07:00:00,293.7679,997.4189,4.9508176,73.67068,0.27114153,0.0,
2020-05-28 08:00:00,293.38226,997.6145,5.1094155,75.465164,0.09533763,0.0,
2020-05-28 09:00:00,293.02808,997.89124,5.221616,75.8255,0.0,0.0,
2020-05-28 10:00:00,292.77182,998.4359,4.9201546,75.59814,0.011920929,0.0,
2020-05-28 11:00:00,292.6236,998.92267,4.4638667,75.70676,0.07149577,0.0,
2020-05-28 12:00:00,292.52527,999.4116,4.0439835,76.29913,0.05403161,0.0,
2020-05-28 13:00:00,292.46722,999.7685,3.814918,77.059654,0.0012516975,0.0,
2020-05-28 14:00:00,292.37,999.9508,4.079395,77.38496,0.0017285347,0.0,
2020-05-28 15:00:00,292.30634,999.5811,4.329198,76.865265,0.0,0.0,
2020-05-28 16:00:00,292.32043,999.46075,4.4579024,75.73963,0.0,0.0,
2020-05-28 17:00:00,292.38696,999.1943,4.355117,74.66083,0.0,0.0,
2020-05-28 18:00:00,292.41302,998.91846,4.379515,73.81992,0.0,0.0,
2020-05-28 19:00:00,292.89154,998.26935,3.504824,72.94159,0.0,0.0,
2020-05-28 20:00:00,292.96606,998.5525,3.6234236,72.393486,0.0,0.0,
2020-05-28 21:00:00,292.8637,998.65076,3.624036,72.405205,0.0,0.0,
2020-05-28 22:00:00,292.72852,999.22516,3.5954936,72.1878,0.0,0.0,
2020-05-28 23:00:00,293.04565,1000.06,3.5181768,71.01962,0.0,0.0,
2020-05-29 00:00:00,293.80048,1000.5408,3.1611416,69.119576,4.1513104,0.0,
2020-05-29 01:00:00,295.29892,1000.71796,3.3261487,61.909813,0.0,0.0,
2020-05-29 02:00:00,296.8099,1000.3727,3.235064,55.545013,0.0,0.0,
2020-05-29 03:00:00,297.91055,999.69696,2.6477706,52.197285,0.0,0.0,
2020-05-29 04:00:00,298.82428,998.9651,1.8117521,49.645416,0.0,0.0,
2020-05-29 05:00:00,299.5182,998.33167,1.3260368,48.04751,0.0,0.0,
2020-05-29 06:00:00,299.7657,997.9802,1.2140532,47.84716,0.0,0.0,
2020-05-29 07:00:00,300.60352,997.6036,2.272041,47.3584,0.0,0.0,
2020-05-29 08:00:00,299.516,998.0835,0.9155226,62.88119,0.0,0.0,
2020-05-29 09:00:00,298.86304,998.26514,1.2339634,68.64748,0.0,0.0,
2020-05-29 10:00:00,298.08215,998.8018,2.2069547,66.54275,0.0106319785,0.02,
2020-05-29 11:00:00,296.81818,999.09595,2.5335667,72.95723,0.0,0.0,
2020-05-29 12:00:00,296.0685,999.3931,2.5823007,76.236374,0.0,0.0,
2020-05-29 13:00:00,295.756,999.4545,2.7157528,76.571785,0.0,0.0,
2020-05-29 14:00:00,295.34854,999.3875,2.6765013,77.208694,0.0,0.0,
2020-05-29 15:00:00,295.15125,999.23157,2.47064,77.68355,0.0,0.0,
2020-05-29 16:00:00,294.88123,999.2939,2.3265421,78.05346,0.0,0.0,
2020-05-29 17:00:00,294.5824,999.1022,2.3618298,77.91766,0.0,0.0,
2020-05-29 18:00:00,294.31128,999.1394,2.4825919,77.5948,0.0,0.0,
2020-05-29 19:00:00,294.30383,998.9991,2.4949446,82.52007,0.0,0.0,
2020-05-29 20:00:00,294.12024,999.21716,2.6637003,81.50666,0.0,0.0,
2020-05-29 21:00:00,293.67212,999.6675,2.680607,81.558105,0.0,0.0,
2020-05-29 22:00:00,293.365,1000.03217,2.6840196,81.62455,0.0,0.0,
2020-05-29 23:00:00,293.5315,1000.46796,2.6119316,81.015144,0.0,0.0,
2020-05-30 00:00:00,295.10822,1001.05,3.0090573,72.98828,0.011503696,0.0,
2020-05-30 01:00:00,296.76318,1000.9931,3.037669,66.56106,0.0,0.0,
2020-05-30 02:00:00,298.35605,1000.6094,2.7613316,61.282696,0.0,0.0,
2020-05-30 03:00:00,299.9245,999.36505,2.6440654,55.56561,0.0,0.0,
2020-05-30 04:00:00,301.03802,998.38,2.7704024,50.346024,0.0,0.0,
2020-05-30 05:00:00,301.48706,997.6701,3.0481958,47.773502,0.0,0.0,
2020-05-30 06:00:00,301.76593,997.23517,3.315631,47.055237,0.0,0.0,
2020-05-30 07:00:00,302.6479,997.0274,3.3214161,43.61242,0.0,0.0,
2020-05-30 08:00:00,301.9333,997.53845,2.6050148,51.330936,0.0,0.0,
2020-05-30 09:00:00,300.16315,998.0421,2.7666063,61.050407,0.0,0.0,
2020-05-30 10:00:00,298.2035,998.785,3.166808,68.19699,0.0,0.0,
2020-05-30 11:00:00,296.97302,999.2017,3.601017,72.36765,0.0,0.0,
2020-05-30 12:00:00,296.19235,999.70435,3.9970026,74.71012,0.0,0.0,
2020-05-30 13:00:00,295.6787,999.83203,4.2667465,76.05281,0.0,0.0,
2020-05-30 14:00:00,295.31226,999.9353,4.2518406,76.18859,0.0,0.0,
2020-05-30 15:00:00,295.0303,999.7519,3.9864218,75.90918,0.0,0.0,
2020-05-30 16:00:00,294.80792,999.7064,3.5354254,75.856964,0.0,0.0,
2020-05-30 17:00:00,294.50812,999.63245,3.2082515,76.26361,0.0,0.0,
2020-05-30 18:00:00,294.21912,999.64185,3.106111,76.546555,0.0,0.0,
2020-05-30 19:00:00,293.66556,999.11945,2.8853586,78.547485,0.0,0.0,
2020-05-30 20:00:00,293.3581,999.20123,2.9120803,78.556496,0.0,0.0,
2020-05-30 21:00:00,292.95264,999.4498,2.856348,78.98826,0.0,0.0,
2020-05-30 22:00:00,292.6631,1000.1241,2.6678114,79.78384,0.0,0.0,
2020-05-30 23:00:00,293.03598,1000.6509,2.2852013,80.42575,0.0,0.0,
2020-05-31 00:00:00,295.41776,1001.568,2.4108937,70.301636,0.0,0.0,
2020-05-31 01:00:00,297.25073,1001.61017,2.7164884,63.186584,0.0,0.0,
2020-05-31 02:00:00,298.8973,1001.42084,2.8847795,57.651657,0.0,0.0,
2020-05-31 03:00:00,300.38934,1000.3661,2.9276562,53.19274,0.0,0.0,
2020-05-31 04:00:00,301.53006,999.38776,2.9525652,50.293396,0.0,0.0,
2020-05-31 05:00:00,302.27676,998.75775,3.3705142,48.366882,0.0,0.0,
2020-05-31 06:00:00,302.61658,998.3075,3.936436,47.233356,0.0,0.0,
2020-05-31 07:00:00,303.30582,998.0428,3.5998838,42.79337,0.0,0.0,
2020-05-31 08:00:00,302.222,998.50024,3.4705586,51.99663,0.0,0.0,
2020-05-31 09:00:00,299.98563,998.9997,4.157258,61.095596,0.0,0.0,
2020-05-31 10:00:00,297.95728,999.6244,4.7756047,67.34419,0.0,0.0,
2020-05-31 11:00:00,296.81177,999.9765,5.1567993,70.34066,0.0,0.0,
2020-05-31 12:00:00,296.0583,1000.32794,5.2577415,72.029205,0.0,0.0,
2020-05-31 13:00:00,295.45633,1000.41,5.2375684,73.39836,0.0,0.0,
2020-05-31 14:00:00,294.94754,1000.4963,5.1561823,74.11492,0.0,0.0,
2020-05-31 15:00:00,294.4209,1000.2534,4.942539,74.52335,0.0,0.0,
2020-05-31 16:00:00,293.87042,1000.19275,4.712556,74.96517,0.0,0.0,
2020-05-31 17:00:00,293.3369,1000.2227,4.4761367,75.36407,0.0,0.0,
2020-05-31 18:00:00,292.8262,1000.34015,4.1584244,75.73951,0.0,0.0,
2020-05-31 19:00:00,292.73444,1000.2508,4.1170397,76.10774,0.0,0.0,
2020-05-31 20:00:00,292.2585,1000.65466,3.7972827,76.20977,0.0,0.0,
2020-05-31 21:00:00,291.83008,1001.0153,3.7118948,75.95111,0.0,0.0,
2020-05-31 22:00:00,291.33524,1001.45984,3.7920475,75.41881,0.0,0.0,
2020-05-31 23:00:00,291.6442,1002.1893,3.6456628,73.74339,0.0,0.0,
2020-06-01 00:00:00,293.3385,1002.68304,4.5423603,64.49036,0.0,0.0,
2020-06-01 01:00:00,294.95758,1002.6789,5.442506,56.156033,0.0,0.0,
2020-06-01 02:00:00,296.53943,1002.28467,5.527367,51.341595,0.0,0.0,
2020-06-01 03:00:00,298.0564,1001.3347,5.284642,47.97213,0.0,0.0,
2020-06-01 04:00:00,299.29602,1000.359,5.117631,45.38042,0.0,0.0,
2020-06-01 05:00:00,300.16406,999.3454,5.033069,43.68077,0.0,0.0,
2020-06-01 06:00:00,300.64554,998.80743,4.97403,42.690536,0.0,0.0,
2020-06-01 07:00:00,301.1659,998.64984,4.89916,39.66886,0.0,0.0,
2020-06-01 08:00:00,300.23532,998.5516,3.8243105,47.60864,0.0,0.0,
2020-06-01 09:00:00,298.0736,999.08704,3.7753074,56.39148,0.0,0.0,
2020-06-01 10:00:00,295.99316,999.35767,4.178655,62.706112,0.0,0.0,
2020-06-01 11:00:00,294.7909,999.8889,4.538082,65.33284,0.0,0.0,
2020-06-01 12:00:00,293.93158,1000.295,4.6202626,66.69704,0.0,0.0,
2020-06-01 13:00:00,293.2381,1000.42126,4.5202456,67.74212,0.0,0.0,
2020-06-01 14:00:00,292.60028,1000.2799,4.3892927,68.74562,0.0,0.0,
2020-06-01 15:00:00,291.9795,1000.1941,4.2724886,69.55071,0.0,0.0,
2020-06-01 16:00:00,291.37225,1000.0676,4.0500975,70.11031,0.0,0.0,
2020-06-01 17:00:00,290.84375,999.9409,3.807111,70.49294,0.0,0.0,
2020-06-01 18:00:00,290.40796,999.76874,3.6364057,70.81067,0.0,0.0,
2020-06-01 19:00:00,289.8028,999.3801,3.5129533,69.70008,0.0,0.0,
2020-06-01 20:00:00,289.42438,999.52466,3.3239179,70.47156,0.0,0.0,
2020-06-01 21:00:00,289.09894,999.8993,3.2197146,71.21605,0.0,0.0,
2020-06-01 22:00:00,288.8463,1000.59784,3.2367482,71.7163,0.0,0.0,
2020-06-01 23:00:00,289.57135,1001.38556,3.1825435,70.94595,0.0,0.0,
2020-06-02 00:00:00,292.44562,1002.04877,3.7540262,61.718975,0.0,0.0,
2020-06-02 01:00:00,295.09113,1002.03314,4.8603344,53.11749,0.0,0.0,
2020-06-02 02:00:00,297.4464,1001.5862,5.656085,47.471226,0.0,0.0,
2020-06-02 03:00:00,299.381,1000.5136,5.9156275,43.66287,0.0,0.0,
2020-06-02 04:00:00,300.8601,999.66516,5.82193,40.83317,0.0,0.0,
2020-06-02 05:00:00,301.8283,998.6806,5.5153203,38.577454,0.0,0.0,
2020-06-02 06:00:00,302.40997,998.2813,5.060327,36.40275,0.0,0.0,
2020-06-02 07:00:00,302.7163,997.6591,4.6054907,35.885406,0.0,0.0,
2020-06-02 08:00:00,301.69357,998.2622,3.2333186,43.908344,0.0,0.0,
2020-06-02 09:00:00,299.5556,999.0433,2.9663615,52.759182,0.0,0.0,
2020-06-02 10:00:00,297.03043,999.84033,3.4077873,59.677593,0.0,0.0,
2020-06-02 11:00:00,295.2217,1000.6841,4.0397925,63.80999,0.0,0.0,
2020-06-02 12:00:00,294.1851,1001.4928,4.7845135,63.04492,0.0,0.0,
2020-06-02 13:00:00,293.55405,1001.98047,5.394366,59.24318,0.0,0.0,
2020-06-02 14:00:00,293.00024,1001.9192,5.6312895,56.550186,0.0,0.0,
2020-06-02 15:00:00,292.4593,1002.07245,5.6155615,55.734463,0.0,0.0,
2020-06-02 16:00:00,291.83643,1002.02435,5.4116416,56.122536,0.0,0.0,
2020-06-02 17:00:00,291.38745,1002.03033,5.3112383,56.30345,0.0,0.0,
2020-06-02 18:00:00,290.90195,1001.7928,5.2332535,56.44803,0.0,0.0,
2020-06-02 19:00:00,290.42807,1001.589,4.950001,57.222725,0.0,0.0,
2020-06-02 20:00:00,290.0121,1001.5687,4.6945763,57.688313,0.0,0.0,
2020-06-02 21:00:00,289.58002,1001.8137,4.5006843,58.04745,0.0,0.0,
2020-06-02 22:00:00,289.0738,1002.4675,4.418453,58.114456,0.0,0.0,
2020-06-02 23:00:00,289.50644,1003.4316,4.4869514,56.57058,0.0,0.0,
2020-06-03 00:00:00,291.7118,1003.8214,4.827741,50.25397,0.0,0.0,
2020-06-03 01:00:00,293.84235,1004.0598,5.986951,41.85897,0.0,0.0,
2020-06-03 02:00:00,295.61804,1003.56805,6.4035373,38.133316,0.0,0.0,
2020-06-03 03:00:00,297.0609,1002.66797,6.3722725,35.70407,0.0,0.0,
2020-06-03 04:00:00,298.1561,1001.49243,6.266074,33.11916,0.0,0.0,
2020-06-03 05:00:00,298.69803,1000.81976,5.904328,31.197733,0.0,0.0,
2020-06-03 06:00:00,298.82208,1000.3172,5.640482,30.24975,0.0,0.0,
2020-06-03 07:00:00,299.31537,999.34845,5.0217004,30.235573,0.0,0.0,
2020-06-03 08:00:00,298.1798,999.9748,3.9004333,38.523544,0.0,0.0,
2020-06-03 09:00:00,295.8973,1000.5617,4.008746,46.927147,0.0,0.0,
2020-06-03 10:00:00,293.7556,1001.317,4.7140126,51.763992,0.0,0.0,
2020-06-03 11:00:00,292.51355,1002.1362,5.3077297,53.076344,0.0,0.0,
2020-06-03 12:00:00,291.6176,1002.791,5.5866117,53.50988,0.0,0.0,
2020-06-03 13:00:00,291.05753,1002.9886,5.6287427,53.527348,0.0,0.0,
2020-06-03 14:00:00,290.6405,1003.03375,5.486787,53.276043,0.0,0.0,
2020-06-03 15:00:00,290.22974,1003.03375,5.3569736,53.155285,0.0,0.0,
2020-06-03 16:00:00,289.7312,1002.9494,5.1921477,53.226723,0.0,0.0,
2020-06-03 17:00:00,289.33658,1002.68854,4.9838324,53.23618,0.0,0.0,
2020-06-03 18:00:00,288.9765,1002.3948,4.8287373,53.248234,0.0,0.0,
2020-06-03 19:00:00,288.75372,1001.921,4.60486,53.07168,0.0,0.0,
2020-06-03 20:00:00,288.35068,1001.99554,4.4687724,53.590714,0.0,0.0,
2020-06-03 21:00:00,288.02872,1002.20624,4.4668293,53.672356,0.0,0.0,
2020-06-03 22:00:00,287.76825,1002.7516,4.3757424,53.679913,0.0,0.0,
2020-06-03 23:00:00,288.20898,1003.4336,4.30199,52.865173,0.0,0.0,
2020-06-04 00:00:00,290.23517,1004.0583,4.396917,47.269775,0.0,0.0,
2020-06-04 01:00:00,292.51465,1004.1897,5.450644,37.446693,0.0,0.0,
2020-06-04 02:00:00,294.40408,1003.6636,6.1384325,32.440083,0.0,0.0,
2020-06-04 03:00:00,295.93,1002.4489,6.113524,29.790873,0.0,0.0,
2020-06-04 04:00:00,296.9885,1001.2466,5.585507,27.885372,0.0,0.0,
2020-06-04 05:00:00,297.73923,1000.3898,5.140108,26.32741,0.0,0.0,
2020-06-04 06:00:00,298.18854,999.7986,4.761243,25.153738,0.0,0.0,
2020-06-04 07:00:00,298.63873,999.465,4.389873,24.685522,0.0,0.0,
2020-06-04 08:00:00,297.8737,999.54156,3.4075196,32.334846,0.0,0.0,
2020-06-04 09:00:00,295.62708,999.9377,3.620385,41.948048,0.0,0.0,
2020-06-04 10:00:00,293.2661,1000.4034,4.2632594,48.212162,0.0,0.0,
2020-06-04 11:00:00,292.02917,1001.03906,4.7703986,50.125523,0.0,0.0,
2020-06-04 12:00:00,291.3592,1001.5667,5.1032867,50.058746,0.0,0.0,
2020-06-04 13:00:00,290.8662,1001.47986,5.2957554,49.610756,0.0,0.0,
2020-06-04 14:00:00,290.3928,1001.58704,5.1693244,49.65179,0.0,0.0,
2020-06-04 15:00:00,290.07892,1001.5583,4.9536886,49.9831,0.0,0.0,
2020-06-04 16:00:00,289.56296,1001.3861,4.83474,50.8173,0.0,0.0,
2020-06-04 17:00:00,289.14795,1001.22205,4.6343274,51.70534,0.0,0.0,
2020-06-04 18:00:00,288.82108,1001.1025,4.516566,52.287113,0.0,0.0,
2020-06-04 19:00:00,288.0984,1000.7682,4.3538933,53.45283,0.0,0.0,
2020-06-04 20:00:00,287.75848,1001.1614,4.101616,54.553688,0.0,0.0,
2020-06-04 21:00:00,287.2931,1001.22424,4.0357184,55.67348,0.0,0.0,
2020-06-04 22:00:00,286.99194,1001.8719,4.061188,56.243027,0.0,0.0,
2020-06-04 23:00:00,287.56906,1002.5655,3.9304,55.798702,0.0,0.0,
2020-06-05 00:00:00,290.03024,1003.1925,4.1719933,48.8835,0.0,0.0,
2020-06-05 01:00:00,292.621,1003.2028,5.2873254,39.288982,0.0,0.0,
2020-06-05 02:00:00,294.61755,1002.6807,5.7472324,34.553135,0.0,0.0,
2020-06-05 03:00:00,296.1764,1001.6802,5.552189,31.549532,0.0,0.0,
2020-06-05 04:00:00,297.38055,1000.4293,5.219744,28.993696,0.0,0.0,
2020-06-05 05:00:00,298.1491,999.54,4.799593,27.253386,0.0,0.0,
2020-06-05 06:00:00,298.62085,998.84564,4.4344954,26.05337,0.0,0.0,
2020-06-05 07:00:00,299.03845,998.0839,4.263914,24.68098,0.0,0.0,
2020-06-05 08:00:00,298.38654,998.4872,3.418311,30.595642,0.0,0.0,
2020-06-05 09:00:00,296.1239,998.70087,3.4112384,40.577797,0.0,0.0,
2020-06-05 10:00:00,293.4825,999.1954,4.051413,48.008255,0.0,0.0,
2020-06-05 11:00:00,291.9217,999.7458,4.5670643,50.778854,0.0,0.0,
2020-06-05 12:00:00,290.97955,1000.5153,4.809448,51.338367,0.0,0.0,
2020-06-05 13:00:00,290.2232,1000.58575,4.859167,51.67534,0.0,0.0,
2020-06-05 14:00:00,289.60794,1000.65375,4.8498845,52.157658,0.0,0.0,
2020-06-05 15:00:00,289.1103,1000.2697,4.8310156,52.56444,0.0,0.0,
2020-06-05 16:00:00,288.64612,999.9978,4.641086,53.394325,0.0,0.0,
2020-06-05 17:00:00,288.10214,999.8585,4.3707824,54.809273,0.0,0.0,
2020-06-05 18:00:00,287.60248,999.4517,4.2194986,56.08458,0.0,0.0,
2020-06-05 19:00:00,286.88037,999.54065,3.9658442,58.56268,0.0,0.0,
2020-06-05 20:00:00,286.45792,999.7354,3.7502024,59.612717,0.0,0.0,
2020-06-05 21:00:00,286.05298,999.9003,3.634695,60.58446,0.0,0.0,
2020-06-05 22:00:00,285.73718,1000.09454,3.7175975,60.890556,0.0,0.0,
2020-06-05 23:00:00,286.45102,1000.277,3.6735213,59.645866,0.0,0.0,
2020-06-06 00:00:00,289.63998,1000.61383,3.965928,50.08389,0.0,0.0,
2020-06-06 01:00:00,292.76608,1000.53656,4.5966167,40.47626,0.0,0.0,
2020-06-06 02:00:00,295.25757,1000.1981,4.7482495,35.379658,0.0,0.0,
2020-06-06 03:00:00,297.12665,999.58374,4.5159397,31.605518,0.0,0.0,
2020-06-06 04:00:00,298.4055,998.67206,4.1577134,28.230747,0.0,0.0,
2020-06-06 05:00:00,299.20544,997.79517,3.6667514,26.290253,0.0,0.0,
2020-06-06 06:00:00,299.68445,997.13666,3.3372495,25.07684,0.0,0.0,
2020-06-06 07:00:00,300.1616,996.6869,3.3104904,23.487467,0.0,0.0,
2020-06-06 08:00:00,299.51636,997.09564,2.6805758,29.360788,0.0,0.0,
2020-06-06 09:00:00,297.174,997.45734,3.363323,39.930397,0.0,0.0,
2020-06-06 10:00:00,294.3138,997.9197,3.9604335,48.19067,0.0,0.0,
2020-06-06 11:00:00,292.74524,998.50305,4.31061,51.474167,0.0,0.0,
2020-06-06 12:00:00,291.76794,998.82654,4.5206623,51.947266,0.0,0.0,
2020-06-06 13:00:00,291.04883,998.9814,4.6059217,51.490135,0.0,0.0,
2020-06-06 14:00:00,290.38672,998.6978,4.5457416,51.459946,0.0,0.0,
2020-06-06 15:00:00,289.76178,998.4423,4.4909024,51.797096,0.0,0.0,
2020-06-06 16:00:00,289.1727,998.0815,4.3728213,52.384464,0.0,0.0,
2020-06-06 17:00:00,288.628,997.7994,4.218858,53.137634,0.0,0.0,
2020-06-06 18:00:00,288.14636,997.48517,4.0608025,53.90233,0.0,0.0,
2020-06-06 19:00:00,287.2789,997.4906,3.803678,56.714787,0.0,0.0,
2020-06-06 20:00:00,286.82727,997.15173,3.758084,57.617073,0.0,0.0,
2020-06-06 21:00:00,286.47266,997.15607,3.7133956,58.55025,0.0,0.0,
2020-06-06 22:00:00,286.16107,997.66125,3.6197286,59.839104,0.0,0.0,
2020-06-06 23:00:00,286.79288,998.1753,3.36318,60.331623,0.0,0.0,
2020-06-07 00:00:00,290.22275,998.58844,3.5208337,50.656754,0.0021510415,0.0,
2020-06-07 01:00:00,293.54425,998.7406,4.237645,40.961998,0.0,0.0,
2020-06-07 02:00:00,296.22455,998.1912,4.685401,35.93628,0.0,0.0,
2020-06-07 03:00:00,298.34027,997.2835,4.827094,32.3924,0.0,0.0,
2020-06-07 04:00:00,299.89362,996.0697,4.731369,29.298199,0.0,0.0,
2020-06-07 05:00:00,300.8958,995.07227,4.366258,27.098534,0.0,0.0,
2020-06-07 06:00:00,301.4486,994.5139,3.8164277,25.801035,0.0,0.0,
2020-06-07 07:00:00,301.87534,994.4983,3.009976,24.012028,0.0,0.0,
2020-06-07 08:00:00,301.40973,994.9425,1.7141892,28.741741,0.0,0.0,
2020-06-07 09:00:00,299.56714,995.15375,2.0542793,42.57813,0.0,0.0,
2020-06-07 10:00:00,296.8396,995.7007,3.3683743,45.721,0.0,0.0,
2020-06-07 11:00:00,294.2719,996.11365,3.7126,53.599007,0.0,0.0,
2020-06-07 12:00:00,292.96323,996.5764,3.9758136,55.998875,0.0,0.0,
2020-06-07 13:00:00,292.01248,996.7958,4.05959,57.06697,0.0,0.0,
2020-06-07 14:00:00,291.28796,996.8947,4.049103,57.003254,0.0,0.0,
2020-06-07 15:00:00,290.71194,996.95624,4.0039067,56.57409,0.0,0.0,
2020-06-07 16:00:00,290.21594,996.8487,3.8769658,56.61524,0.0,0.0,
2020-06-07 17:00:00,289.82202,996.7419,3.8175828,56.93853,0.0,0.0,
2020-06-07 18:00:00,289.47906,996.58295,3.7242937,57.757496,0.0,0.0,
2020-06-07 19:00:00,288.67688,996.60455,3.34966,63.571377,0.0,0.0,
2020-06-07 20:00:00,288.34686,996.5925,3.465918,65.50006,0.0,0.0,
2020-06-07 21:00:00,288.13428,996.77075,3.4695895,67.31847,0.0,0.0,
2020-06-07 22:00:00,288.0525,997.40546,3.554035,68.247505,0.0,0.0,
2020-06-07 23:00:00,288.9829,998.205,3.5347528,66.657845,0.0,0.0,
2020-06-08 00:00:00,292.38135,998.7619,3.84167,56.72761,0.0,0.0,
2020-06-08 01:00:00,295.74274,999.0628,4.558353,46.492058,0.0,0.0,
2020-06-08 02:00:00,298.18622,998.8141,4.920203,40.73527,0.0,0.0,
2020-06-08 03:00:00,300.05536,998.0701,4.790286,37.369904,0.0,0.0,
2020-06-08 04:00:00,301.46442,997.1957,4.407764,34.71167,0.0,0.0,
2020-06-08 05:00:00,302.34308,996.5312,3.6787152,33.076805,0.0,0.0,
2020-06-08 06:00:00,302.6978,996.07135,2.754696,32.82561,0.0,0.0,
2020-06-08 07:00:00,302.89685,995.7958,1.6844372,32.113724,0.0,0.0,
2020-06-08 08:00:00,302.63644,995.9219,0.6861922,33.36407,0.0,0.0,
2020-06-08 09:00:00,301.26382,996.4244,1.8593824,41.92814,0.0,0.0,
2020-06-08 10:00:00,298.54205,996.6576,3.1838481,50.750435,0.0,0.0,
2020-06-08 11:00:00,296.71747,997.41095,3.5627584,56.751568,0.0,0.0,
2020-06-08 12:00:00,295.58765,997.757,3.8859882,58.3811,0.0,0.0,
2020-06-08 13:00:00,295.12143,998.16437,3.9557533,58.924442,0.0,0.0,
2020-06-08 14:00:00,294.53088,998.1266,3.906533,59.994156,0.0,0.0,
2020-06-08 15:00:00,294.0037,998.1747,3.8988194,60.665447,0.0,0.0,
2020-06-08 16:00:00,293.6554,998.09357,3.8530083,60.780354,0.0,0.0,
2020-06-08 17:00:00,293.36377,998.04596,3.8621843,60.32877,0.0,0.0,
2020-06-08 18:00:00,293.14786,998.0437,4.0428395,59.22607,0.0,0.0,
2020-06-08 19:00:00,292.22153,998.3691,4.206724,59.79386,0.0,0.0,
2020-06-08 20:00:00,291.89124,998.4879,4.288291,59.024006,0.0,0.0,
2020-06-08 21:00:00,291.5218,998.9514,4.271713,58.68857,0.0,0.0,
2020-06-08 22:00:00,291.1057,999.23157,4.275944,58.644722,0.0,0.0,
2020-06-08 23:00:00,291.62775,1000.27075,4.1703067,56.840073,0.0,0.0,
2020-06-09 00:00:00,294.25452,1000.84674,4.4683685,48.560356,0.0,0.0,
2020-06-09 01:00:00,296.92957,1001.3203,5.5202203,39.833954,0.0,0.0,
2020-06-09 02:00:00,299.245,1000.89185,5.3962116,35.306896,0.0,0.0,
2020-06-09 03:00:00,301.1867,1000.012,5.014275,32.221394,0.0,0.0,
2020-06-09 04:00:00,302.49084,998.94354,4.389777,30.012873,0.0,0.0,
2020-06-09 05:00:00,303.13818,997.95685,3.5890172,28.496487,0.0,0.0,
2020-06-09 06:00:00,303.43347,997.2681,3.2229161,27.25526,0.0,0.0,
2020-06-09 07:00:00,303.5793,997.1827,3.2498565,26.187069,0.0,0.0,
2020-06-09 08:00:00,303.0692,997.6044,2.9836478,28.806675,0.0,0.0,
2020-06-09 09:00:00,300.86926,998.1051,3.3005357,37.150528,0.0,0.0,
2020-06-09 10:00:00,298.26178,998.78424,3.903613,44.64672,0.0,0.0,
2020-06-09 11:00:00,296.76666,999.5082,4.246711,47.57347,0.0,0.0,
2020-06-09 12:00:00,295.80017,1000.10034,4.478526,48.235764,0.0,0.0,
2020-06-09 13:00:00,295.07748,1000.2355,4.79031,47.50198,0.0,0.0,
2020-06-09 14:00:00,294.44415,1000.3167,5.030979,46.206543,0.0,0.0,
2020-06-09 15:00:00,293.82266,1000.5365,5.050885,45.14213,0.0,0.0,
2020-06-09 16:00:00,293.21277,1000.5681,4.9785905,44.60662,0.0,0.0,
2020-06-09 17:00:00,292.62305,1000.5045,4.966626,44.35772,0.0,0.0,
2020-06-09 18:00:00,292.06348,1000.2969,4.9694047,44.168232,0.0,0.0,
2020-06-09 19:00:00,291.2741,999.97766,4.8456297,44.82424,0.0,0.0,
2020-06-09 20:00:00,290.79382,1000.0666,4.7751856,44.706837,0.0,0.0,
2020-06-09 21:00:00,290.33508,1000.30096,4.654304,44.906197,0.0,0.0,
2020-06-09 22:00:00,289.8808,1000.5747,4.485812,45.372887,0.0,0.0,
2020-06-09 23:00:00,290.3105,1001.22345,4.248493,44.600384,0.0,0.0,
2020-06-10 00:00:00,293.0387,1001.6068,4.383495,37.69122,0.0,0.0,
2020-06-10 01:00:00,296.06464,1001.9172,5.2668033,29.796389,0.0,0.0,
2020-06-10 02:00:00,298.51675,1001.14594,5.750988,25.078709,0.0,0.0,
2020-06-10 03:00:00,300.34573,1000.1157,5.9464087,21.058556,0.0,0.0,
2020-06-10 04:00:00,301.49924,998.97815,5.495853,18.772076,0.0,0.0,
2020-06-10 05:00:00,302.1914,998.01685,4.822403,17.440937,0.0,0.0,
2020-06-10 06:00:00,302.498,997.2205,4.222394,16.729078,0.0,0.0,
2020-06-10 07:00:00,302.63663,996.6471,3.8439603,17.090807,0.0,0.0,
2020-06-10 08:00:00,302.1198,996.75903,3.119779,19.327732,0.0,0.0,
2020-06-10 09:00:00,299.96503,996.8691,3.1033297,26.79606,0.0,0.0,
2020-06-10 10:00:00,297.06915,997.41345,3.6803198,34.760067,0.0,0.0,
2020-06-10 11:00:00,295.23062,997.8699,3.942364,38.621197,0.0,0.0,
2020-06-10 12:00:00,294.03644,998.4547,4.03825,40.605694,0.0,0.0,
2020-06-10 13:00:00,293.057,998.60034,4.0440917,42.33718,0.0,0.0,
2020-06-10 14:00:00,292.237,998.6128,4.120748,43.784733,0.0,0.0,
2020-06-10 15:00:00,291.54523,998.4436,4.20914,44.815598,0.0,0.0,
2020-06-10 16:00:00,290.95203,998.355,4.1749167,45.593,0.0,0.0,
2020-06-10 17:00:00,290.45917,998.33984,4.132102,46.02296,0.0,0.0,
2020-06-10 18:00:00,290.0478,997.7653,4.151646,46.04306,0.0,0.0,
2020-06-10 19:00:00,289.176,997.5066,3.8050578,49.996502,0.0,0.0,
2020-06-10 20:00:00,288.6936,997.3375,3.6436079,51.265358,0.0,0.0,
2020-06-10 21:00:00,288.30484,997.4772,3.5877461,52.500004,0.0,0.0,
2020-06-10 22:00:00,287.97504,997.96014,3.5255697,53.93984,0.0,0.0,
2020-06-10 23:00:00,288.50766,998.5282,3.1573744,54.892517,0.0,0.0,
2020-06-11 00:00:00,292.06598,999.14014,3.2353823,45.024147,0.0,0.0,
2020-06-11 01:00:00,295.69965,999.1911,4.068025,36.80028,0.0,0.0,
2020-06-11 02:00:00,298.70966,998.7509,4.1066213,32.706757,0.0,0.0,
2020-06-11 03:00:00,300.94174,997.8114,4.137607,29.811869,0.0,0.0,
2020-06-11 04:00:00,302.2011,996.8086,3.6313853,26.360577,0.0,0.0,
2020-06-11 05:00:00,302.80493,995.89417,2.7145126,24.245646,0.0,0.0,
2020-06-11 06:00:00,303.06024,995.19336,1.769049,23.387981,0.0,0.0,
2020-06-11 07:00:00,303.17847,994.5767,0.9926219,22.984457,0.0,0.0,
2020-06-11 08:00:00,302.94464,994.6133,0.17183237,23.346241,0.0,0.0,
2020-06-11 09:00:00,301.69293,994.9394,2.3671923,29.097103,0.0,0.0,
2020-06-11 10:00:00,298.7508,995.39575,3.3660293,37.59392,0.0,0.0,
2020-06-11 11:00:00,296.94623,995.762,3.688129,41.134594,0.0,0.0,
2020-06-11 12:00:00,295.74832,996.4233,3.8793657,43.239685,0.0,0.0,
2020-06-11 13:00:00,294.73608,996.4921,3.8212638,45.712578,0.0,0.0,
2020-06-11 14:00:00,293.87244,996.5252,3.541228,48.647034,0.0,0.0,
2020-06-11 15:00:00,293.03864,996.48413,3.2146654,52.209454,0.0,0.0,
2020-06-11 16:00:00,292.2589,996.34344,3.0187821,55.742954,0.0,0.0,
2020-06-11 17:00:00,291.53644,996.14764,3.0102968,58.643204,0.0,0.0,
2020-06-11 18:00:00,290.83548,995.8689,2.889939,61.66578,0.0,0.0,
2020-06-11 19:00:00,289.54327,995.60345,2.2535355,69.88291,0.0,0.0,
2020-06-11 20:00:00,288.73767,995.35333,1.9643906,74.21797,0.0,0.0,
2020-06-11 21:00:00,288.2091,995.5574,1.9789281,75.69016,0.0,0.0,
2020-06-11 22:00:00,287.84076,995.7736,2.0862422,75.98672,0.0,0.0,
2020-06-11 23:00:00,288.44806,996.42523,1.9336874,74.73146,0.0,0.0,
2020-06-12 00:00:00,292.45993,997.00244,2.0505197,55.83171,0.0,0.0,
2020-06-12 01:00:00,296.19037,997.3817,2.496564,43.744537,0.0,0.0,
2020-06-12 02:00:00,299.4021,996.8123,2.9244015,36.034874,0.0,0.0,
2020-06-12 03:00:00,301.69745,995.78546,3.1473236,32.626404,0.0,0.0,
2020-06-12 04:00:00,303.1195,994.5804,3.1867714,30.846327,0.0,0.0,
2020-06-12 05:00:00,303.92404,993.78906,3.1338527,28.48036,0.0,0.0,
2020-06-12 06:00:00,304.26108,993.23236,2.8372726,27.330729,0.0,0.0,
2020-06-12 07:00:00,304.58783,992.61597,2.0744424,25.745258,0.0,0.0,
2020-06-12 08:00:00,304.33234,992.8718,1.4335519,26.3614,0.0,0.0,
2020-06-12 09:00:00,303.42746,993.3361,0.23328891,29.961044,0.0,0.0,
2020-06-12 10:00:00,301.48132,993.8951,1.6698934,39.549923,0.0,0.0,
2020-06-12 11:00:00,299.39917,994.4267,2.6961002,43.80067,0.0,0.0,
2020-06-12 12:00:00,297.2982,994.82416,2.9243662,51.259224,0.0,0.0,
2020-06-12 13:00:00,295.90063,995.22986,2.9385724,55.99898,0.0,0.0,
2020-06-12 14:00:00,294.93015,995.2736,2.8785067,59.09652,0.0,0.0,
2020-06-12 15:00:00,294.0118,995.3752,2.5524623,62.7793,0.0,0.0,
2020-06-12 16:00:00,292.9632,995.6287,1.8317127,71.161415,0.0,0.0,
2020-06-12 17:00:00,294.10382,995.687,0.7299506,59.569256,0.0,0.0,
2020-06-12 18:00:00,291.91785,995.6206,1.6646239,73.36215,0.0,0.0,
2020-06-12 19:00:00,291.53253,995.72314,1.908235,76.597145,0.0,0.0,
2020-06-12 20:00:00,291.0114,995.7596,2.3238904,77.018776,0.0,0.0,
2020-06-12 21:00:00,290.39468,996.13385,1.957308,80.65437,0.0,0.0,
2020-06-12 22:00:00,290.18066,996.3159,1.5567647,81.426895,0.0,0.0,
2020-06-12 23:00:00,291.1088,996.77124,1.0410651,77.60967,0.0,0.0,
2020-06-13 00:00:00,294.49228,997.3258,0.56993043,64.146385,0.0,0.0,
2020-06-13 01:00:00,297.50327,997.3809,0.6370364,51.844257,0.0,0.0,
2020-06-13 02:00:00,299.84824,996.9889,1.2288811,42.23401,0.0,0.0,
2020-06-13 03:00:00,301.65826,996.26404,2.1519473,35.59065,0.0,0.0,
2020-06-13 04:00:00,302.89655,995.5228,2.6847014,32.023182,0.0,0.0,
2020-06-13 05:00:00,303.57788,994.8793,2.5374203,30.433554,0.0,0.0,
2020-06-13 06:00:00,303.90973,994.5411,2.293746,29.365517,0.0,0.0,
2020-06-13 07:00:00,304.06784,994.83685,2.0921223,28.782198,0.0,0.0,
2020-06-13 08:00:00,303.8377,995.3236,2.2327468,29.04731,0.0,0.0,
2020-06-13 09:00:00,302.54126,995.53687,2.2308335,34.19394,0.0,0.0,
2020-06-13 10:00:00,300.7917,996.01556,2.61866,39.506893,0.0,0.0,
2020-06-13 11:00:00,299.3688,996.7709,2.7806432,43.66728,0.0,0.0,
2020-06-13 12:00:00,298.17575,997.32153,2.8347473,46.798607,0.0,0.0,
2020-06-13 13:00:00,297.15573,997.5684,2.8613691,49.37419,0.0,0.0,
2020-06-13 14:00:00,296.27332,997.6156,2.9099376,51.54255,0.0,0.0,
2020-06-13 15:00:00,295.45282,997.6504,2.825031,53.84812,0.0,0.0,
2020-06-13 16:00:00,294.5288,997.8611,2.403021,58.318512,0.0,0.0,
2020-06-13 17:00:00,293.74524,997.72736,1.4563487,65.26992,0.0,0.0,
2020-06-13 18:00:00,294.13684,997.53406,0.97198516,58.96246,0.0,0.0,
2020-06-13 19:00:00,291.87048,997.4748,1.7438301,72.15301,0.0,0.0,
2020-06-13 20:00:00,292.3917,997.818,0.9810034,66.8116,0.0,0.0,
2020-06-13 21:00:00,292.48328,997.669,0.3394857,64.47551,0.0,0.0,
2020-06-13 22:00:00,291.49826,998.18134,0.93878907,70.40535,0.0,0.0,
2020-06-13 23:00:00,290.64667,998.9659,1.5077636,79.56908,0.0,0.0,
2020-06-14 00:00:00,294.23813,999.6906,1.8315333,61.02512,0.0,0.0,
2020-06-14 01:00:00,297.3717,999.90015,1.9122436,49.544895,0.0,0.0,
2020-06-14 02:00:00,300.24915,999.4219,1.8795573,40.05624,0.0,0.0,
2020-06-14 03:00:00,302.53943,998.2188,1.8656563,33.107697,0.0,0.0,
2020-06-14 04:00:00,304.23193,997.14185,1.8437757,27.848343,0.0,0.0,
2020-06-14 05:00:00,305.23114,996.3191,1.6421506,24.640453,0.0,0.0,
2020-06-14 06:00:00,305.72153,996.1575,1.1361071,23.304758,0.0,0.0,
2020-06-14 07:00:00,306.05573,995.9916,0.8969228,22.446993,0.0,0.0,
2020-06-14 08:00:00,305.82947,996.3837,0.38914418,22.590345,0.0,0.0,
2020-06-14 09:00:00,304.73672,996.78955,1.9927614,26.95749,0.0,0.0,
2020-06-14 10:00:00,302.0556,997.40845,3.3133318,34.75187,0.0,0.0,
2020-06-14 11:00:00,300.26715,998.0094,3.8062012,38.478516,0.0,0.0,
2020-06-14 12:00:00,299.03302,998.68524,4.0558834,40.908985,0.0,0.0,
2020-06-14 13:00:00,298.02777,998.8198,4.108675,42.990433,0.0,0.0,
2020-06-14 14:00:00,297.2129,998.9533,3.989245,44.653557,0.0,0.0,
2020-06-14 15:00:00,296.42023,998.705,3.8153434,46.24612,0.0,0.0,
2020-06-14 16:00:00,295.59186,998.42206,3.7423568,47.872715,0.0,0.0,
2020-06-14 17:00:00,294.80402,998.2473,3.7024536,49.113773,0.0,0.0,
2020-06-14 18:00:00,294.14407,998.01306,3.6133077,49.792976,0.0,0.0,
2020-06-14 19:00:00,293.33075,998.06445,3.7243717,49.89085,0.0,0.0,
2020-06-14 20:00:00,292.7724,998.09064,3.5351055,50.39626,0.0,0.0,
2020-06-14 21:00:00,292.22748,998.51166,3.4053876,51.396053,0.0,0.0,
2020-06-14 22:00:00,291.69135,999.09344,3.4140024,52.43258,0.0,0.0,
2020-06-14 23:00:00,292.0448,999.83185,3.2581642,51.015045,0.0,0.0,
2020-06-15 00:00:00,295.1104,1000.42834,3.5569205,40.305283,0.0,0.0,
2020-06-15 01:00:00,298.38205,1000.5034,4.166978,29.972898,0.0,0.0,
2020-06-15 02:00:00,301.20578,999.4961,4.487076,23.409754,0.0,0.0,
2020-06-15 03:00:00,303.52704,998.3642,4.6110954,19.450302,0.0,0.0,
2020-06-15 04:00:00,305.3189,997.1356,4.55555,17.043354,0.0,0.0,
2020-06-15 05:00:00,306.36914,996.1163,4.225658,16.023432,0.0,0.0,
2020-06-15 06:00:00,306.7677,995.8122,3.6035926,15.76502,0.0,0.0,
2020-06-15 07:00:00,306.60492,995.51624,2.8962061,16.664753,0.0,0.0,
2020-06-15 08:00:00,306.2422,995.6967,2.4862387,16.985973,0.0,0.0,
2020-06-15 09:00:00,304.91428,996.5224,2.3268385,20.920948,0.0,0.0,
2020-06-15 10:00:00,302.69073,997.16205,2.9708605,26.024672,0.0,0.0,
2020-06-15 11:00:00,300.46866,997.7422,3.3512506,30.47728,0.0,0.0,
2020-06-15 12:00:00,298.96338,998.3836,3.5688179,32.659317,0.0,0.0,
2020-06-15 13:00:00,297.84528,998.3522,3.7040555,33.775093,0.0,0.0,
2020-06-15 14:00:00,296.97665,998.35126,3.7874892,34.471813,0.0,0.0,
2020-06-15 15:00:00,296.27167,998.28375,4.0294967,34.895073,0.0,0.0,
2020-06-15 16:00:00,295.7414,997.81616,4.4704766,35.083515,0.0,0.0,
2020-06-15 17:00:00,295.45755,997.86096,5.011458,35.19477,0.0,0.0,
2020-06-15 18:00:00,295.28955,997.5275,5.4745784,35.35468,0.0,0.0,
2020-06-15 19:00:00,294.336,997.6609,5.048988,37.619846,0.0,0.0,
2020-06-15 20:00:00,293.96747,998.1992,4.918155,38.239025,0.0,0.0,
2020-06-15 21:00:00,293.58432,998.52167,4.886578,38.644505,0.0,0.0,
2020-06-15 22:00:00,293.30212,999.1164,5.0892777,38.4983,0.0,0.0,
2020-06-15 23:00:00,293.93524,999.86694,5.3535304,36.286144,0.0,0.0,
2020-06-16 00:00:00,296.44272,1000.33954,6.0489674,30.337337,0.0017121657,0.0,
2020-06-16 01:00:00,299.07593,1000.3859,7.668151,25.023678,0.0,0.0,
2020-06-16 02:00:00,301.37784,999.97375,7.8017473,21.914001,0.0,0.0,
2020-06-16 03:00:00,303.16107,999.127,7.7748404,20.072756,0.0,0.0,
2020-06-16 04:00:00,304.41003,998.31744,7.490437,18.8003,0.0,0.0,
2020-06-16 05:00:00,305.1772,997.21155,7.2107787,17.795914,0.0,0.0,
2020-06-16 06:00:00,305.50336,996.71075,6.8595486,17.081959,0.0,0.0,
2020-06-16 07:00:00,305.54852,996.90704,5.9834356,17.48726,0.0,0.0,
2020-06-16 08:00:00,305.03955,997.22626,5.616867,17.709368,0.0,0.0,
2020-06-16 09:00:00,303.39786,998.16583,4.5227375,20.04679,0.0,0.0,
2020-06-16 10:00:00,301.30536,998.5598,4.5494184,22.92656,0.0,0.0,
2020-06-16 11:00:00,299.9084,999.447,5.01553,24.545235,0.0,0.0,
2020-06-16 12:00:00,298.81952,999.71985,5.429817,25.516975,0.0,0.0,
2020-06-16 13:00:00,297.99142,999.90546,5.8490567,25.919512,0.0,0.0,
2020-06-16 14:00:00,297.29987,999.9973,6.1615753,25.88787,0.0,0.0,
2020-06-16 15:00:00,296.6151,1000.00287,6.2355213,25.684483,0.0,0.0,
2020-06-16 16:00:00,295.91138,999.82794,6.0730844,25.317883,0.0,0.0,
2020-06-16 17:00:00,295.2006,999.9455,5.7530665,24.851997,0.0,0.0,
2020-06-16 18:00:00,294.4161,999.8837,5.3335185,24.657524,0.0,0.0,
2020-06-16 19:00:00,293.0072,1000.188,4.892337,26.401001,0.0,0.0,
2020-06-16 20:00:00,292.217,1000.5106,4.7249303,26.861603,0.0,0.0,
2020-06-16 21:00:00,291.59058,1000.9175,4.6548285,27.258127,0.0,0.0,
2020-06-16 22:00:00,291.10138,1001.5497,4.728586,27.411211,0.0,0.0,
2020-06-16 23:00:00,291.6172,1002.2213,4.9937696,25.659079,0.0,0.0,
2020-06-17 00:00:00,294.13287,1002.6802,5.780248,20.3723,0.0,0.0,
2020-06-17 01:00:00,296.62045,1002.66376,7.3603387,15.742137,0.0,0.0,
2020-06-17 02:00:00,298.831,1002.0506,7.419972,13.493435,0.0,0.0,
2020-06-17 03:00:00,300.73395,1001.0517,7.0162687,12.833791,0.0,0.0,
2020-06-17 04:00:00,302.202,1000.1058,6.533391,13.195981,0.0,0.0,
2020-06-17 05:00:00,303.1386,998.9764,5.9767766,13.764765,0.0,0.0,
2020-06-17 06:00:00,303.63968,998.70166,5.4465475,13.964491,0.0,0.0,
2020-06-17 07:00:00,303.7091,998.6736,5.010878,13.793341,0.0,0.0,
2020-06-17 08:00:00,303.27454,998.947,4.717387,14.083679,0.0,0.0,
2020-06-17 09:00:00,301.6217,999.396,3.8629906,16.372782,0.0,0.0,
2020-06-17 10:00:00,299.41983,999.7022,4.1863475,19.374897,0.0,0.0,
2020-06-17 11:00:00,297.91565,1000.2844,4.6126466,21.20607,0.0,0.0,
2020-06-17 12:00:00,296.70477,1000.63306,4.739574,22.6441,0.0,0.0,
2020-06-17 13:00:00,295.63092,1000.59186,4.7634864,23.99317,0.0,0.0,
2020-06-17 14:00:00,294.69046,1000.67584,4.7123184,25.193237,0.0,0.0,
2020-06-17 15:00:00,293.82346,1000.4847,4.541567,26.438623,0.0,0.0,
2020-06-17 16:00:00,293.06094,1000.62366,4.3196697,27.92741,0.0,0.0,
2020-06-17 17:00:00,292.34357,1000.4597,4.1560903,29.906261,0.0,0.0,
2020-06-17 18:00:00,291.70587,1000.3815,4.018819,32.35089,0.0,0.0,
2020-06-17 19:00:00,290.77527,1000.4231,3.9913304,36.17668,0.0,0.0,
2020-06-17 20:00:00,290.3022,1000.6976,3.9491506,39.08232,0.0,0.0,
2020-06-17 21:00:00,289.9118,1001.03015,3.8561118,41.76832,0.0,0.0,
2020-06-17 22:00:00,289.5562,1001.5206,3.7854376,44.146297,0.0,0.0,
2020-06-17 23:00:00,290.12112,1002.2427,3.6108959,43.949615,0.0,0.0,
2020-06-18 00:00:00,293.33984,1002.6591,3.9544704,36.435562,0.002580673,0.0,
2020-06-18 01:00:00,296.6454,1002.6786,4.642544,29.929539,0.0,0.0,
2020-06-18 02:00:00,299.34204,1002.08435,4.78946,25.841463,0.0,0.0,
2020-06-18 03:00:00,301.35254,1000.9211,4.6741924,23.026102,0.0,0.0,
2020-06-18 04:00:00,302.67227,999.7328,4.0276637,20.588264,0.0,0.0,
2020-06-18 05:00:00,303.44412,998.6303,3.2266095,19.070091,0.0,0.0,
2020-06-18 06:00:00,303.86017,997.9586,2.5796962,18.294897,0.0,0.0,
2020-06-18 07:00:00,304.04535,997.7391,2.3354893,16.329557,0.0,0.0,
2020-06-18 08:00:00,303.81522,998.1222,2.138555,16.532152,0.0,0.0,
2020-06-18 09:00:00,302.8114,998.47314,2.102503,18.913658,0.0,0.0,
2020-06-18 10:00:00,300.7291,998.86646,2.96038,23.269356,0.0,0.0,
2020-06-18 11:00:00,298.54095,999.3331,3.35744,27.296898,0.0,0.0,
2020-06-18 12:00:00,297.12286,999.60767,3.6205013,29.509369,0.0,0.0,
2020-06-18 13:00:00,295.99493,999.89087,3.6890059,31.459257,0.0,0.0,
2020-06-18 14:00:00,295.02762,1000.20654,3.6854413,33.370586,0.0,0.0,
2020-06-18 15:00:00,294.15088,1000.20374,3.670281,35.26085,0.0,0.0,
2020-06-18 16:00:00,293.40967,1000.40717,3.793258,36.823444,0.0,0.0,
2020-06-18 17:00:00,292.77496,1000.1314,3.9556203,38.116512,0.0,0.0,
2020-06-18 18:00:00,292.24377,1000.11584,3.9868622,39.42053,0.0,0.0,
2020-06-18 19:00:00,291.13577,999.8475,3.9040112,41.263466,0.0,0.0,
2020-06-18 20:00:00,290.61685,1000.2297,3.8042293,42.87077,0.0,0.0,
2020-06-18 21:00:00,290.14447,1000.61237,3.648388,44.618084,0.0,0.0,
2020-06-18 22:00:00,289.71387,1001.4875,3.5360272,46.46351,0.0,0.0,
2020-06-18 23:00:00,290.166,1002.2114,3.3122656,46.073242,0.0,0.0,
2020-06-19 00:00:00,293.4184,1002.7118,3.6060877,37.806656,0.0,0.0,
2020-06-19 01:00:00,296.89255,1003.0064,4.4363627,31.101185,0.0,0.0,
2020-06-19 02:00:00,299.92938,1002.39764,4.8787622,26.834,0.0,0.0,
2020-06-19 03:00:00,302.14526,1001.5094,5.3830504,23.154037,0.0,0.0,
2020-06-19 04:00:00,303.24487,1000.3689,4.7962837,19.622705,0.0,0.0,
2020-06-19 05:00:00,303.93668,999.41064,4.3284955,18.00358,0.0,0.0,
2020-06-19 06:00:00,304.323,998.73627,4.07049,17.143255,0.0,0.0,
2020-06-19 07:00:00,304.40533,998.5206,4.068969,17.117968,0.0,0.0,
2020-06-19 08:00:00,304.04843,998.64795,4.073265,17.52965,0.0,0.0,
2020-06-19 09:00:00,302.49615,998.8706,3.273308,20.357767,0.0,0.0,
2020-06-19 10:00:00,300.3421,999.4506,3.539245,24.157684,0.0,0.0,
2020-06-19 11:00:00,298.73727,999.7273,3.8809352,26.75722,0.0,0.0,
2020-06-19 12:00:00,297.49268,1000.3158,4.1122165,28.448313,0.0,0.0,
2020-06-19 13:00:00,296.41925,1000.30237,4.388531,29.564137,0.0,0.0,
2020-06-19 14:00:00,295.5639,1000.6739,4.6195674,29.945156,0.0,0.0,
2020-06-19 15:00:00,294.80597,1000.50116,4.7051396,30.196932,0.0,0.0,
2020-06-19 16:00:00,294.1261,1000.4378,4.6439714,30.818504,0.0,0.0,
2020-06-19 17:00:00,293.4601,1000.09766,4.509896,31.93638,0.0,0.0,
2020-06-19 18:00:00,292.83618,999.88403,4.423342,33.358486,0.0,0.0,
2020-06-19 19:00:00,291.46313,999.6231,4.183423,37.335125,0.0,0.0,
2020-06-19 20:00:00,290.82462,999.54517,4.0704594,39.38216,0.0,0.0,
2020-06-19 21:00:00,290.346,999.79553,3.9219952,41.288525,0.0,0.0,
2020-06-19 22:00:00,289.93628,1000.28314,3.7475426,43.229992,0.0,0.0,
2020-06-19 23:00:00,290.35223,1000.8078,3.4650269,43.29389,0.0,0.0,
2020-06-20 00:00:00,293.4395,1001.34607,3.777576,36.1462,0.0017119223,0.0,
2020-06-20 01:00:00,296.70734,1001.28265,4.6370797,29.878313,0.0,0.0,
2020-06-20 02:00:00,299.68274,1000.887,4.932879,25.471615,0.0,0.0,
2020-06-20 03:00:00,302.09448,999.87274,5.2534776,22.031752,0.0,0.0,
2020-06-20 04:00:00,303.3767,998.7787,4.8717804,18.735916,0.0,0.0,
2020-06-20 05:00:00,303.99414,997.9497,4.0854454,16.912914,0.0,0.0,
2020-06-20 06:00:00,304.32294,997.2171,3.7791698,15.955204,0.0,0.0,
2020-06-20 07:00:00,304.43152,997.0676,3.6819425,14.802849,0.0,0.0,
2020-06-20 08:00:00,304.0667,997.1969,3.6917994,15.04327,0.0,0.0,
2020-06-20 09:00:00,302.57318,997.2414,3.242184,17.213493,0.0,0.0,
2020-06-20 10:00:00,300.3888,997.7212,3.6648064,20.539997,0.0,0.0,
2020-06-20 11:00:00,298.81604,998.08044,4.0075583,23.211931,0.0,0.0,
2020-06-20 12:00:00,297.6126,998.4975,4.2733846,25.516228,0.0,0.0,
2020-06-20 13:00:00,296.60236,998.61237,4.362847,27.729109,0.0,0.0,
2020-06-20 14:00:00,295.70294,998.53076,4.412437,29.900146,0.0,0.0,
2020-06-20 15:00:00,294.9021,998.6831,4.425735,32.03706,0.0,0.0,
2020-06-20 16:00:00,294.19537,998.5831,4.4473486,34.005726,0.0,0.0,
2020-06-20 17:00:00,293.5542,998.3471,4.3919687,35.69799,0.0,0.0,
2020-06-20 18:00:00,292.9771,997.9255,4.315538,37.29847,0.0,0.0,
2020-06-20 19:00:00,291.92694,997.5636,4.2646255,40.22153,0.0,0.0,
2020-06-20 20:00:00,291.3754,997.69147,4.244255,41.47016,0.0,0.0,
2020-06-20 21:00:00,290.9496,997.8791,4.252733,42.290936,0.0,0.0,
2020-06-20 22:00:00,290.57947,998.2911,4.1926727,43.026985,0.0,0.0,
2020-06-20 23:00:00,291.04935,999.0775,4.028941,41.840088,0.0,0.0,
2020-06-21 00:00:00,293.70303,999.563,4.546914,35.46028,0.0,0.0,
2020-06-21 01:00:00,296.66364,999.68945,5.1313376,30.490711,0.0,0.0,
2020-06-21 02:00:00,299.4896,998.98724,5.1799803,27.197054,0.0,0.0,
2020-06-21 03:00:00,301.8972,998.0717,5.480344,24.643732,0.0,0.0,
2020-06-21 04:00:00,303.4615,996.8745,5.659732,22.491125,0.0,0.0,
2020-06-21 05:00:00,304.1031,995.92114,4.8745747,20.385836,0.0,0.0,
2020-06-21 06:00:00,304.37573,995.3583,4.330043,19.511522,0.0,0.0,
2020-06-21 07:00:00,304.42712,995.16846,4.338857,18.31529,0.0,0.0,
2020-06-21 08:00:00,304.0451,995.34174,4.226157,18.645617,0.0,0.0,
2020-06-21 09:00:00,302.7077,995.49365,3.306752,20.549843,0.0,0.0,
2020-06-21 10:00:00,300.7487,996.03217,3.378639,23.635847,0.0,0.0,
2020-06-21 11:00:00,299.21622,996.32886,3.616873,26.2364,0.0,0.0,
2020-06-21 12:00:00,297.9726,996.70557,3.8586206,28.44746,0.0,0.0,
2020-06-21 13:00:00,296.92932,996.88763,4.1150036,30.527704,0.0,0.0,
2020-06-21 14:00:00,296.09277,997.06055,4.432093,32.377216,0.0,0.0,
2020-06-21 15:00:00,295.4502,997.03174,4.6663227,33.85711,0.0,0.0,
2020-06-21 16:00:00,294.93665,996.98944,4.800649,34.993454,0.0,0.0,
2020-06-21 17:00:00,294.48633,996.938,4.82934,35.85661,0.0,0.0,
2020-06-21 18:00:00,294.01993,996.9202,4.75432,36.699623,0.0,0.0,
2020-06-21 19:00:00,292.82562,996.5825,4.512779,40.464516,0.0,0.0,
2020-06-21 20:00:00,292.29474,996.8599,4.496861,41.669537,0.0,0.0,
2020-06-21 21:00:00,291.8664,997.127,4.4755526,42.74217,0.0,0.0,
2020-06-21 22:00:00,291.5391,997.77515,4.487582,43.598904,0.0,0.0,
2020-06-21 23:00:00,292.11557,998.8212,4.573048,42.14214,0.0,0.0,
2020-06-22 00:00:00,294.73297,999.5991,5.2155766,35.804844,0.0,0.0,
2020-06-22 01:00:00,297.47607,1000.0641,6.594453,30.407736,0.0,0.0,
2020-06-22 02:00:00,299.86792,999.51935,7.060674,26.380678,0.0,0.0,
2020-06-22 03:00:00,301.6282,998.48096,7.0434093,23.283155,0.0,0.0,
2020-06-22 04:00:00,302.5993,997.5528,6.0283546,21.68651,0.0,0.0,
2020-06-22 05:00:00,303.09045,996.71326,4.944674,20.803514,0.0,0.0,
2020-06-22 06:00:00,303.29636,996.2645,4.411626,20.234303,0.0,0.0,
2020-06-22 07:00:00,303.30737,996.0147,4.527875,19.637594,0.0,0.0,
2020-06-22 08:00:00,302.86078,996.55096,4.2324014,19.705046,0.0,0.0,
2020-06-22 09:00:00,301.58008,996.8725,3.4542353,21.304476,0.0,0.0,
2020-06-22 10:00:00,299.68372,997.405,3.602561,24.121521,0.0,0.0,
2020-06-22 11:00:00,298.22818,997.8409,3.9709394,26.25493,0.0,0.0,
2020-06-22 12:00:00,296.9926,998.557,4.1994643,27.941196,0.0,0.0,
2020-06-22 13:00:00,295.88345,998.8426,4.344084,29.053131,0.0,0.0,
2020-06-22 14:00:00,294.90192,999.01984,4.503501,29.216242,0.0,0.0,
2020-06-22 15:00:00,294.01758,999.0762,4.636392,28.571892,0.0,0.0,
2020-06-22 16:00:00,293.20013,999.09094,4.727074,27.844852,0.0,0.0,
2020-06-22 17:00:00,292.474,999.1887,4.875394,27.409863,0.0,0.0,
2020-06-22 18:00:00,291.8228,998.89374,5.088427,27.289318,0.0,0.0,
2020-06-22 19:00:00,290.7937,998.28357,5.148552,29.4752,0.0,0.0,
2020-06-22 20:00:00,290.16898,998.53015,5.1396685,30.302376,0.0,0.0,
2020-06-22 21:00:00,289.61584,998.99835,5.0460687,31.23244,0.0,0.0,
2020-06-22 22:00:00,289.11877,999.5108,4.9488783,31.99661,0.0,0.0,
2020-06-22 23:00:00,289.4593,1000.25586,4.8011837,30.90426,0.0,0.0,
2020-06-23 00:00:00,291.69128,1001.22943,5.503839,25.509384,0.0,0.0,
2020-06-23 01:00:00,294.195,1001.8119,5.922741,20.62752,0.0,0.0,
2020-06-23 02:00:00,296.56824,1001.2656,5.5942125,17.42398,0.0,0.0,
2020-06-23 03:00:00,298.40268,1000.1987,5.01372,15.990882,0.0,0.0,
2020-06-23 04:00:00,299.5827,998.8184,4.237198,15.737027,0.0,0.0,
2020-06-23 05:00:00,300.2591,997.7689,3.865961,16.027317,0.0,0.0,
2020-06-23 06:00:00,300.60587,997.05225,4.07901,15.84467,0.0,0.0,
2020-06-23 07:00:00,300.66022,996.6283,4.1060276,15.880651,0.0,0.0,
2020-06-23 08:00:00,300.2762,997.01373,4.345856,15.7734785,0.0,0.0,
2020-06-23 09:00:00,299.08203,997.53796,3.770134,16.632969,0.0,0.0,
2020-06-23 10:00:00,297.23395,998.2901,3.6384914,18.267315,0.0,0.0,
2020-06-23 11:00:00,295.76703,998.6514,3.8676465,19.06706,0.0,0.0,
2020-06-23 12:00:00,294.49115,999.1931,4.0436044,19.384483,0.0,0.0,
2020-06-23 13:00:00,293.3221,999.46185,4.1496315,19.656185,0.0,0.0,
2020-06-23 14:00:00,292.2952,999.7514,4.23295,19.974066,0.0,0.0,
2020-06-23 15:00:00,291.3485,999.5809,4.2182846,20.559816,0.0,0.0,
2020-06-23 16:00:00,290.55624,999.65436,4.1878843,21.39316,0.0,0.0,
2020-06-23 17:00:00,289.87488,999.4183,4.190783,22.510403,0.0,0.0,
2020-06-23 18:00:00,289.25793,999.28064,4.1462154,24.173914,0.0,0.0,
2020-06-23 19:00:00,288.16437,999.2464,4.001094,28.643682,0.0,0.0,
2020-06-23 20:00:00,287.55725,999.3756,3.9152741,31.676949,0.0,0.0,
2020-06-23 21:00:00,287.06506,999.67847,3.8100877,34.533585,0.0,0.0,
2020-06-23 22:00:00,286.63605,1000.23065,3.6110091,37.03642,0.0,0.0,
2020-06-23 23:00:00,287.01053,1000.9964,3.1712587,37.486546,0.0,0.0,
2020-06-24 00:00:00,289.8243,1001.77014,3.657745,31.141085,0.0,0.0,
2020-06-24 01:00:00,292.56543,1002.01733,4.2800674,26.26785,0.0,0.0,
2020-06-24 02:00:00,295.1688,1001.5464,4.471474,22.834192,0.0,0.0,
2020-06-24 03:00:00,297.45795,1000.344,4.4664826,20.448196,0.0,0.0,
2020-06-24 04:00:00,299.07498,999.0625,3.930428,18.678001,0.0,0.0,
2020-06-24 05:00:00,299.9757,997.7682,3.2880228,17.016005,0.0,0.0,
2020-06-24 06:00:00,300.43817,997.12463,3.1671574,16.170391,0.0,0.0,
2020-06-24 07:00:00,300.7163,996.6315,3.2878406,17.287369,0.0,0.0,
2020-06-24 08:00:00,300.4436,996.9875,3.5841916,17.460474,0.0,0.0,
2020-06-24 09:00:00,299.2766,997.23065,3.4015653,19.138906,0.0,0.0,
2020-06-24 10:00:00,297.40454,997.5712,3.875778,21.933327,0.0,0.0,
2020-06-24 11:00:00,296.0449,997.82947,4.3522887,23.669542,0.0,0.0,
2020-06-24 12:00:00,294.93402,997.9855,4.588214,24.878777,0.0,0.0,
2020-06-24 13:00:00,293.92297,997.9889,4.6380095,25.818634,0.0,0.0,
2020-06-24 14:00:00,293.00827,998.3823,4.670536,26.420301,0.0,0.0,
2020-06-24 15:00:00,292.1424,998.3815,4.6650157,26.736116,0.0,0.0,
2020-06-24 16:00:00,291.38605,998.55054,4.487652,26.962883,0.0,0.0,
2020-06-24 17:00:00,290.69348,998.58936,4.277994,27.394918,0.0,0.0,
2020-06-24 18:00:00,290.0603,998.4969,4.2333894,27.922953,0.0,0.0,
2020-06-24 19:00:00,288.90494,998.44006,4.2789984,29.89746,0.0,0.0,
2020-06-24 20:00:00,288.35568,998.7972,4.347588,30.774658,0.0,0.0,
2020-06-24 21:00:00,287.90964,999.055,4.2924013,31.738535,0.0,0.0,
2020-06-24 22:00:00,287.54282,999.59454,4.1821,32.77641,0.0,0.0,
2020-06-24 23:00:00,288.01288,1000.24274,3.9317672,32.244236,0.0,0.0,
2020-06-25 00:00:00,290.64188,1000.78375,4.471084,27.00422,0.0,0.0,
2020-06-25 01:00:00,293.46332,1001.1039,5.053745,22.574572,0.0,0.0,
2020-06-25 02:00:00,296.10806,1000.74695,5.1415257,19.40314,0.0,0.0,
2020-06-25 03:00:00,298.359,999.9977,5.0324817,17.208488,0.0,0.0,
2020-06-25 04:00:00,299.8718,998.84845,4.5086007,16.18086,0.0,0.0,
2020-06-25 05:00:00,300.75665,997.9882,3.8322778,15.887563,0.0,0.0,
2020-06-25 06:00:00,301.18237,997.2508,3.4811966,15.863989,0.0,0.0,
2020-06-25 07:00:00,301.67712,996.6937,3.49661,15.393424,0.0,0.0,
2020-06-25 08:00:00,301.34296,996.6717,3.4863276,15.747565,0.0,0.0,
2020-06-25 09:00:00,300.07288,996.9307,3.167428,17.607134,0.0,0.0,
2020-06-25 10:00:00,298.0486,997.3845,3.6150055,20.601126,0.0,0.0,
2020-06-25 11:00:00,296.55914,997.68756,3.9833932,22.587185,0.0,0.0,
2020-06-25 12:00:00,295.3674,998.09186,4.178444,23.8676,0.0,0.0,
2020-06-25 13:00:00,294.30695,997.8964,4.2633996,24.711597,0.0,0.0,
2020-06-25 14:00:00,293.40454,998.12354,4.3191204,24.803469,0.0,0.0,
2020-06-25 15:00:00,292.56418,998.03955,4.3513074,24.354168,0.0,0.0,
2020-06-25 16:00:00,291.81842,998.0525,4.350589,23.831732,0.0,0.0,
2020-06-25 17:00:00,291.15802,998.03284,4.327841,23.765335,0.0,0.0,
2020-06-25 18:00:00,290.53998,997.8605,4.3271704,24.171623,0.0,0.0,
2020-06-25 19:00:00,289.35742,997.5142,4.407071,26.201422,0.0,0.0,
2020-06-25 20:00:00,288.83356,997.7367,4.393718,27.13464,0.0,0.0,
2020-06-25 21:00:00,288.40213,997.5712,4.3257527,28.225569,0.0,0.0,
2020-06-25 22:00:00,288.05798,998.1838,4.253789,29.37423,0.0,0.0,
2020-06-25 23:00:00,288.52167,998.8733,4.0237045,29.172531,0.0,0.0,
2020-06-26 00:00:00,291.27023,999.3264,4.40589,24.563507,0.0025743204,0.0,
2020-06-26 01:00:00,294.17783,999.66797,4.810971,20.565853,0.0,0.0,
2020-06-26 02:00:00,296.83862,999.1353,4.5120664,17.736553,0.0,0.0,
2020-06-26 03:00:00,299.14276,998.0733,4.1177373,15.645538,0.0,0.0,
2020-06-26 04:00:00,300.80637,997.0569,3.4439023,14.444773,0.0,0.0,
2020-06-26 05:00:00,301.7533,996.11053,2.5971844,14.083581,0.0,0.0,
2020-06-26 06:00:00,302.23502,995.5173,2.0212014,14.063647,0.0,0.0,
2020-06-26 07:00:00,302.5903,995.4973,1.4077882,14.463234,0.0,0.0,
2020-06-26 08:00:00,302.40317,995.86597,1.6366098,14.635748,0.0,0.0,
2020-06-26 09:00:00,301.53955,996.60065,2.275041,16.195988,0.0,0.0,
2020-06-26 10:00:00,299.48456,996.90375,3.0888014,19.586445,0.0,0.0,
2020-06-26 11:00:00,297.62967,997.4701,3.4080462,22.38315,0.0,0.0,
2020-06-26 12:00:00,296.2126,997.8755,3.6125596,24.364965,0.0,0.0,
2020-06-26 13:00:00,295.0229,998.22375,3.57486,26.197926,0.0,0.0,
2020-06-26 14:00:00,293.92923,998.0698,3.4070308,27.998844,0.0,0.0,
2020-06-26 15:00:00,292.93036,998.34717,3.4121776,29.46822,0.0,0.0,
2020-06-26 16:00:00,292.04187,998.28656,3.5591452,30.393732,0.0,0.0,
2020-06-26 17:00:00,291.31244,998.3343,3.6787853,30.627779,0.0,0.0,
2020-06-26 18:00:00,290.68463,998.29834,3.7225604,30.61905,0.0,0.0,
2020-06-26 19:00:00,289.5493,997.93054,3.8104749,32.297794,0.0,0.0,
2020-06-26 20:00:00,288.9033,997.8103,3.7707288,32.94919,0.0,0.0,
2020-06-26 21:00:00,288.44922,998.27905,3.6824124,33.517937,0.0,0.0,
2020-06-26 22:00:00,288.07645,998.81165,3.576001,34.2586,0.0,0.0,
2020-06-26 23:00:00,288.4892,999.3217,3.2493966,33.773727,0.0,0.0,
2020-06-27 00:00:00,291.67505,1000.069,3.2304156,27.468702,0.0,0.0,
2020-06-27 01:00:00,295.05554,1000.4147,3.4774497,22.172386,0.0,0.0,
2020-06-27 02:00:00,297.92932,1000.02295,3.4131925,18.893871,0.0,0.0,
2020-06-27 03:00:00,300.30945,998.937,3.1102118,16.504496,0.0,0.0,
2020-06-27 04:00:00,301.93176,997.8892,2.543397,14.895143,0.0,0.0,
2020-06-27 05:00:00,302.73413,996.9118,1.8199279,14.343153,0.0,0.0,
2020-06-27 06:00:00,303.18195,996.3675,1.835229,14.063469,0.0,0.0,
2020-06-27 07:00:00,303.54767,996.1808,2.008081,14.4333515,0.0,0.0,
2020-06-27 08:00:00,303.30127,996.20593,2.3864133,14.660533,0.0,0.0,
2020-06-27 09:00:00,302.27478,996.55,2.4137454,16.344257,0.0,0.0,
2020-06-27 10:00:00,300.37158,996.73267,2.9571033,19.511444,0.0,0.0,
2020-06-27 11:00:00,298.5601,997.41284,3.2629735,22.476828,0.0,0.0,
2020-06-27 12:00:00,297.11115,997.90967,3.4135897,24.777191,0.0,0.0,
2020-06-27 13:00:00,295.88715,998.53455,3.3799083,26.873598,0.0,0.0,
2020-06-27 14:00:00,294.755,998.67847,3.2984774,28.77173,0.0,0.0,
2020-06-27 15:00:00,293.75232,998.5669,3.4383268,30.18695,0.0,0.0,
2020-06-27 16:00:00,292.97253,998.5,3.6257882,30.619171,0.0,0.0,
2020-06-27 17:00:00,292.315,998.5962,3.6167002,30.64688,0.0,0.0,
2020-06-27 18:00:00,291.6442,998.5825,3.5460327,30.985785,0.0,0.0,
2020-06-27 19:00:00,290.41293,998.1861,3.6640172,33.54495,0.0,0.0,
2020-06-27 20:00:00,289.74518,998.4204,3.6451266,34.23965,0.0,0.0,
2020-06-27 21:00:00,289.25757,998.81226,3.6833265,34.820957,0.0,0.0,
2020-06-27 22:00:00,288.91626,999.3016,3.7542706,35.3811,0.0,0.0,
2020-06-27 23:00:00,289.49,999.58875,3.6956666,34.398563,0.0,0.0,
2020-06-28 00:00:00,292.68137,999.9472,3.9094968,28.608763,0.0,0.0,
2020-06-28 01:00:00,296.09717,1000.0482,4.378131,23.864168,0.0,0.0,
2020-06-28 02:00:00,298.99976,999.3933,4.332436,20.912933,0.0,0.0,
2020-06-28 03:00:00,301.39035,998.39307,4.174333,18.815731,0.0,0.0,
2020-06-28 04:00:00,302.9201,997.3856,3.3600607,17.228325,0.0,0.0,
2020-06-28 05:00:00,303.64697,996.5389,2.066672,15.871326,0.0,0.0,
2020-06-28 06:00:00,303.9365,995.90015,1.1457206,15.213665,0.0,0.0,
2020-06-28 07:00:00,304.2332,995.6211,1.4931135,15.570024,0.0,0.0,
2020-06-28 08:00:00,304.04263,995.7303,1.7204925,15.697363,0.0,0.0,
2020-06-28 09:00:00,303.2489,996.2053,2.1255093,16.985218,0.0,0.0,
2020-06-28 10:00:00,301.2447,996.8856,3.153977,20.217535,0.0,0.0,
2020-06-28 11:00:00,299.3729,997.7482,3.5810962,23.008474,0.0,0.0,
2020-06-28 12:00:00,297.98447,998.3736,3.67254,25.049809,0.0,0.0,
2020-06-28 13:00:00,296.73206,998.6286,3.4834929,27.002346,0.0,0.0,
2020-06-28 14:00:00,295.5885,998.6192,3.2729967,28.767303,0.0,0.0,
2020-06-28 15:00:00,294.58667,998.5082,3.2555897,30.1889,0.0,0.0,
2020-06-28 16:00:00,293.74548,998.5708,3.318648,31.042704,0.0,0.0,
2020-06-28 17:00:00,292.99347,998.2868,3.38858,31.64889,0.0,0.0,
2020-06-28 18:00:00,292.3003,997.99963,3.4400105,32.114487,0.0,0.0,
2020-06-28 19:00:00,291.04736,997.5376,3.4782314,34.366642,0.0,0.0,
2020-06-28 20:00:00,290.32965,997.63763,3.6623924,34.73525,0.0,0.0,
2020-06-28 21:00:00,289.8592,997.7544,3.822208,34.616043,0.0,0.0,
2020-06-28 22:00:00,289.51083,998.1672,3.8258905,34.704826,0.0,0.0,
2020-06-28 23:00:00,290.0187,998.77313,3.7294502,33.425034,0.0,0.0,
2020-06-29 00:00:00,293.11313,999.27155,3.9332309,27.365446,0.0017225741,0.0,
2020-06-29 01:00:00,296.54205,999.5022,4.2566466,22.199408,0.0,0.0,
2020-06-29 02:00:00,299.38245,999.3525,4.0489144,19.106388,0.0,0.0,
2020-06-29 03:00:00,301.56393,998.41,3.8092334,17.293818,0.0,0.0,
2020-06-29 04:00:00,303.0202,997.3836,3.3934853,16.096188,0.0,0.0,
2020-06-29 05:00:00,303.79346,996.3708,2.5559824,15.279968,0.0,0.0,
2020-06-29 06:00:00,304.06436,995.9494,1.3737864,15.039068,0.0,0.0,
2020-06-29 07:00:00,304.3617,995.4531,0.6898899,15.100798,0.0,0.0,
2020-06-29 08:00:00,304.16083,995.8311,0.6526303,15.256794,0.0,0.0,
2020-06-29 09:00:00,303.59683,996.3714,1.4231179,16.180777,0.0,0.0,
2020-06-29 10:00:00,302.08813,997.08374,2.306251,18.648169,0.0,0.0,
2020-06-29 11:00:00,300.21167,997.5213,2.7867074,21.790356,0.0,0.0,
2020-06-29 12:00:00,298.35355,997.78,3.1484506,24.698574,0.0,0.0,
2020-06-29 13:00:00,296.83923,997.85706,3.3024075,26.827103,0.0,0.0,
2020-06-29 14:00:00,295.662,997.7553,3.3181016,28.645273,0.0,0.0,
2020-06-29 15:00:00,294.59842,997.4963,3.2953768,30.523598,0.0,0.0,
2020-06-29 16:00:00,293.62112,997.52594,3.3157694,32.23493,0.0,0.0,
2020-06-29 17:00:00,292.85486,997.53424,3.5247002,33.110165,0.0,0.0,
2020-06-29 18:00:00,292.30627,997.5175,3.7296383,32.91271,0.0,0.0,
2020-06-29 19:00:00,291.2157,997.4281,3.801491,33.27063,0.0,0.0,
2020-06-29 20:00:00,290.54144,997.30505,3.7592757,33.394157,0.0,0.0,
2020-06-29 21:00:00,290.00812,997.77966,3.7101634,33.472313,0.0,0.0,
2020-06-29 22:00:00,289.59262,998.26874,3.6937084,33.53837,0.0,0.0,
2020-06-29 23:00:00,290.05255,998.8198,3.4831355,32.062496,0.0,0.0,
2020-06-30 00:00:00,293.29773,999.33575,3.6412673,25.298859,0.0012837814,0.0,
2020-06-30 01:00:00,296.82068,999.3775,4.1941257,19.39276,0.0,0.0,
2020-06-30 02:00:00,299.75793,998.75146,4.1693597,15.901945,0.0,0.0,
2020-06-30 03:00:00,302.029,997.6694,4.0903563,13.773213,0.0,0.0,
2020-06-30 04:00:00,303.29694,996.355,3.3652668,13.122704,0.0,0.0,
2020-06-30 05:00:00,303.9452,995.27234,2.6354232,13.009724,0.0,0.0,
2020-06-30 06:00:00,304.2928,994.65784,2.2676487,12.773932,0.0,0.0,
2020-06-30 07:00:00,304.5596,994.5058,2.1538203,14.128992,0.0,0.0,
2020-06-30 08:00:00,304.31506,994.9916,2.2912571,14.226169,0.0,0.0,
2020-06-30 09:00:00,303.22748,995.27203,2.4530096,15.829247,0.0,0.0,
2020-06-30 10:00:00,301.14688,995.71375,3.0876846,18.951115,0.0,0.0,
2020-06-30 11:00:00,299.2874,996.55225,3.4565415,21.52718,0.0,0.0,
2020-06-30 12:00:00,297.85754,996.9592,3.552065,23.096575,0.0,0.0,
2020-06-30 13:00:00,296.54895,997.1467,3.5419652,24.380898,0.0,0.0,
2020-06-30 14:00:00,295.4151,997.27856,3.6128812,24.755466,0.0,0.0,
2020-06-30 15:00:00,294.4892,997.2887,3.6941583,24.064278,0.0,0.0,
2020-06-30 16:00:00,293.67722,997.0505,3.6333225,23.176184,0.0,0.0,
2020-06-30 17:00:00,292.86755,996.95844,3.379698,23.101013,0.0,0.0,
2020-06-30 18:00:00,292.01627,996.7355,3.093459,24.024698,0.0,0.0,
2020-06-30 19:00:00,290.81445,996.7539,2.8878357,26.728329,0.0,0.0,
2020-06-30 20:00:00,290.02368,996.7336,2.846817,28.045586,0.0,0.0,
2020-06-30 21:00:00,289.39026,997.1252,2.862507,29.088026,0.0,0.0,
2020-06-30 22:00:00,288.83795,997.5172,2.9437659,29.861528,0.0,0.0,
2020-06-30 23:00:00,289.09778,998.3028,2.8694596,29.34995,0.0,0.0,
2020-07-01 00:00:00,292.5283,998.8514,3.077271,22.633963,0.0,0.0,
2020-07-01 01:00:00,296.20197,999.1157,3.5679867,17.653591,0.0,0.0,
2020-07-01 02:00:00,299.36752,998.52844,3.8388693,14.8719015,0.0,0.0,
2020-07-01 03:00:00,301.9869,997.5519,4.06444,12.692608,0.0,0.0,
2020-07-01 04:00:00,303.60605,996.2173,4.277082,11.067148,0.0,0.0,
2020-07-01 05:00:00,304.4693,995.1047,4.329703,10.363694,0.0,0.0,
2020-07-01 06:00:00,304.98178,994.45,4.336541,9.868229,0.0,0.0,
2020-07-01 07:00:00,305.14468,994.30414,3.9582043,10.384569,0.0,0.0,
2020-07-01 08:00:00,304.86853,994.6053,3.4719503,10.532036,0.0,0.0,
2020-07-01 09:00:00,303.6332,994.9699,2.5064466,11.980951,0.0,0.0,
2020-07-01 10:00:00,301.772,995.81256,2.9282992,14.375872,0.0,0.0,
2020-07-01 11:00:00,299.69003,996.188,3.3727896,16.869999,0.0,0.0,
2020-07-01 12:00:00,298.18237,996.76807,3.746264,18.353828,0.0,0.0,
2020-07-01 13:00:00,297.01505,996.9663,4.010967,19.31417,0.0,0.0,
2020-07-01 14:00:00,296.07715,997.1797,4.1564746,20.11057,0.0,0.0,
2020-07-01 15:00:00,295.27866,997.07007,4.193095,20.968882,0.0,0.0,
2020-07-01 16:00:00,294.5598,996.9908,4.156332,21.996828,0.0,0.0,
2020-07-01 17:00:00,293.85117,997.0372,4.047307,23.248573,0.0,0.0,
2020-07-01 18:00:00,293.1435,996.6022,3.9053798,24.61875,0.0,0.0,
2020-07-01 19:00:00,291.88306,996.4929,3.9411314,26.76509,0.0,0.0,
2020-07-01 20:00:00,291.19867,996.6154,3.7675703,28.307465,0.0,0.0,
2020-07-01 21:00:00,290.64972,997.0653,3.6127183,29.67676,0.0,0.0,
2020-07-01 22:00:00,290.14038,997.5524,3.4420505,31.036678,0.0,0.0,
2020-07-01 23:00:00,290.3603,998.21576,3.1065316,31.297842,0.0,0.0,
2020-07-02 00:00:00,293.50525,998.93335,3.1113715,25.640886,0.0017101776,0.0,
2020-07-02 01:00:00,296.86627,999.19415,3.7551126,20.912598,0.0,0.0,
2020-07-02 02:00:00,299.93536,998.6552,4.127005,17.758476,0.0,0.0,
2020-07-02 03:00:00,302.57,997.7486,4.509257,15.417811,0.0,0.0,
2020-07-02 04:00:00,304.37476,996.7658,4.598439,13.657385,0.0,0.0,
2020-07-02 05:00:00,305.30554,995.71063,4.1531153,12.462289,0.0,0.0,
2020-07-02 06:00:00,305.7195,995.0389,3.9165845,11.890994,0.0,0.0,
2020-07-02 07:00:00,305.92935,994.6133,4.2767196,12.508472,0.0,0.0,
2020-07-02 08:00:00,305.58655,995.1227,4.39679,12.680774,0.0,0.0,
2020-07-02 09:00:00,303.99207,995.47815,3.6894321,14.542404,0.0,0.0,
2020-07-02 10:00:00,301.73096,996.423,4.046403,17.023869,0.0,0.0,
2020-07-02 11:00:00,300.20337,997.1495,4.4222627,18.416004,0.0,0.0,
2020-07-02 12:00:00,298.98944,997.73975,4.6803355,19.308054,0.0,0.0,
2020-07-02 13:00:00,297.94244,998.0134,4.7832956,20.03756,0.0,0.0,
2020-07-02 14:00:00,297.0061,998.52844,4.805676,20.762686,0.0,0.0,
2020-07-02 15:00:00,296.13867,998.4778,4.81047,21.528269,0.0,0.0,
2020-07-02 16:00:00,295.3661,998.59717,4.7477098,22.322386,0.0,0.0,
2020-07-02 17:00:00,294.65485,998.71545,4.628987,23.176361,0.0,0.0,
2020-07-02 18:00:00,293.99994,998.77344,4.472309,24.10143,0.0,0.0,
2020-07-02 19:00:00,292.55148,998.6163,4.2067714,26.11147,0.0,0.0,
2020-07-02 20:00:00,291.89474,998.9088,4.042461,27.275658,0.0,0.0,
2020-07-02 21:00:00,291.39874,999.4528,3.9068193,28.315943,0.0,0.0,
2020-07-02 22:00:00,291.00922,1000.0533,3.8089592,29.27173,0.0,0.0,
2020-07-02 23:00:00,291.43195,1000.96,3.5223317,29.022785,0.0,0.0,
2020-07-03 00:00:00,294.31277,1001.8042,3.777913,24.597708,0.0,0.0,
2020-07-03 01:00:00,297.55316,1002.0975,4.4856634,21.859955,0.0,0.0,
2020-07-03 02:00:00,300.58563,1001.392,4.8566527,21.732746,0.0,0.0,
2020-07-03 03:00:00,303.13358,1000.4,5.191699,22.545305,0.0,0.0,
2020-07-03 04:00:00,304.94806,999.3451,5.5004144,23.467686,0.0,0.0,
2020-07-03 05:00:00,305.87982,998.3917,5.4073324,22.888344,0.0,0.0,
2020-07-03 06:00:00,306.30322,997.6453,5.15431,21.670834,0.0,0.0,
2020-07-03 07:00:00,306.45276,997.27576,5.11606,21.185045,0.0,0.0,
2020-07-03 08:00:00,306.1004,997.5275,5.078386,21.237495,0.0,0.0,
2020-07-03 09:00:00,304.87115,997.89966,3.9728038,22.872223,0.0,0.0,
2020-07-03 10:00:00,303.0583,998.70984,3.6511555,25.629038,0.0,0.0,
2020-07-03 11:00:00,301.75586,999.4597,3.813819,27.67109,0.0,0.0,
2020-07-03 12:00:00,300.56396,999.9342,4.0728664,29.37783,0.0,0.0,
2020-07-03 13:00:00,299.59525,1000.4397,4.6442757,30.33752,0.0,0.0,
2020-07-03 14:00:00,299.0135,1000.78174,5.433258,30.269041,0.0,0.0,
2020-07-03 15:00:00,298.70972,1001.0542,6.092631,30.324608,0.0,0.0,
2020-07-03 16:00:00,298.41022,1000.82837,6.4800477,31.566832,0.0,0.0,
2020-07-03 17:00:00,298.12384,1000.87994,6.8274617,33.25443,0.0,0.0,
2020-07-03 18:00:00,297.82214,1000.58594,7.094429,33.9373,0.0,0.0,
2020-07-03 19:00:00,297.57285,1000.17,7.1042385,34.542572,0.0,0.0,
2020-07-03 20:00:00,297.3305,1000.33044,7.104543,33.419613,0.0,0.0,
2020-07-03 21:00:00,296.91885,1000.84705,6.9509506,33.118286,0.0,0.0,
2020-07-03 22:00:00,296.48322,1001.4288,6.684757,33.65416,0.0,0.0,
2020-07-03 23:00:00,296.46332,1002.14594,6.5663137,33.7574,0.0,0.0,
2020-07-04 00:00:00,297.14807,1002.9558,6.1627183,32.20833,0.0,0.0,
2020-07-04 01:00:00,298.29892,1003.2009,8.155073,28.76525,0.0,0.0,
2020-07-04 02:00:00,299.49536,1002.77673,8.506383,25.715712,0.0,0.0,
2020-07-04 03:00:00,300.77295,1002.07654,8.565617,23.201029,0.0,0.0,
2020-07-04 04:00:00,301.8059,1000.8708,8.40064,21.581873,0.0,0.0,
2020-07-04 05:00:00,302.61267,999.85547,8.060532,20.590534,0.0,0.0,
2020-07-04 06:00:00,303.08636,999.51654,7.585207,20.106148,0.0,0.0,
2020-07-04 07:00:00,303.11517,999.3092,7.593769,21.184774,0.0,0.0,
2020-07-04 08:00:00,302.6999,999.4341,7.3390145,20.99948,0.0,0.0,
2020-07-04 09:00:00,301.4939,999.8203,5.992114,21.665922,0.0,0.0,
2020-07-04 10:00:00,299.85706,1000.59924,5.6295633,22.947859,0.0,0.0,
2020-07-04 11:00:00,298.60272,1001.2315,5.894239,23.815737,0.0,0.0,
2020-07-04 12:00:00,297.4641,1001.8964,6.226534,24.842161,0.0,0.0,
2020-07-04 13:00:00,296.3983,1002.41266,6.3498807,25.85279,0.0,0.0,
2020-07-04 14:00:00,295.41003,1002.632,6.335596,26.480297,0.0,0.0,
2020-07-04 15:00:00,294.52264,1002.64734,6.3296585,26.639631,0.0,0.0,
2020-07-04 16:00:00,293.69266,1002.658,6.242267,26.354832,0.0,0.0,
2020-07-04 17:00:00,292.87677,1002.40906,6.013056,25.599215,0.0,0.0,
2020-07-04 18:00:00,292.07602,1002.22925,5.713505,24.742014,0.0,0.0,
2020-07-04 19:00:00,290.95142,1001.89825,5.3324,25.138834,0.0,0.0,
2020-07-04 20:00:00,290.16107,1001.77686,5.1739254,25.51767,0.0,0.0,
2020-07-04 21:00:00,289.51077,1002.04346,5.104382,26.262497,0.0,0.0,
2020-07-04 22:00:00,288.97992,1002.50995,5.14342,27.132809,0.0,0.0,
2020-07-04 23:00:00,289.28674,1003.1984,5.157724,26.643822,0.0,0.0,
2020-07-05 00:00:00,291.31476,1003.76404,6.002699,23.12343,0.0,0.0,
2020-07-05 01:00:00,293.50522,1003.9928,7.2778254,19.945839,0.0,0.0,
2020-07-05 02:00:00,295.6374,1003.24744,7.5247,17.455032,0.0,0.0,
2020-07-05 03:00:00,297.54324,1002.0676,7.3269014,15.535955,0.0,0.0,
2020-07-05 04:00:00,299.08917,1000.37427,7.017969,14.143734,0.0,0.0,
2020-07-05 05:00:00,300.2824,999.40607,6.7151594,13.074339,0.0,0.0,
2020-07-05 06:00:00,301.01978,998.5985,6.527367,12.396137,0.0,0.0,
2020-07-05 07:00:00,301.4561,998.02594,6.390413,13.344142,0.0,0.0,
2020-07-05 08:00:00,301.1125,997.86115,6.0829587,13.680837,0.0,0.0,
2020-07-05 09:00:00,299.89526,998.41595,4.7232237,15.16953,0.0,0.0,
2020-07-05 10:00:00,297.9467,998.9446,4.285522,17.554384,0.0,0.0,
2020-07-05 11:00:00,296.51904,999.7036,4.340991,19.410728,0.0,0.0,
2020-07-05 12:00:00,295.2926,1000.1277,4.47208,20.806223,0.0,0.0,
2020-07-05 13:00:00,294.2584,1000.7014,4.7096033,21.593317,0.0,0.0,
2020-07-05 14:00:00,293.3671,1000.82764,4.9101195,21.780165,0.0,0.0,
2020-07-05 15:00:00,292.57843,1001.1055,5.0070477,21.68851,0.0,0.0,
2020-07-05 16:00:00,291.82812,1001.0426,4.9789433,21.745108,0.0,0.0,
2020-07-05 17:00:00,291.1319,1001.0889,4.9210176,22.138319,0.0,0.0,
2020-07-05 18:00:00,290.44467,1000.9214,4.7336736,22.998806,0.0,0.0,
2020-07-05 19:00:00,289.4958,1001.0625,4.672501,24.433062,0.0,0.0,
2020-07-05 20:00:00,288.77118,1000.96643,4.4950852,26.073423,0.0,0.0,
2020-07-05 21:00:00,288.16644,1001.14404,4.3963213,27.668312,0.0,0.0,
2020-07-05 22:00:00,287.71027,1001.8773,4.3985333,28.94575,0.0,0.0,
2020-07-05 23:00:00,288.14627,1002.48846,4.3340626,28.430569,0.0,0.0,
2020-07-06 00:00:00,290.81683,1003.1252,5.0288534,23.658892,0.0016900179,0.0,
2020-07-06 01:00:00,293.5238,1003.30096,6.1984587,19.831657,0.0,0.0,
2020-07-06 02:00:00,296.003,1002.6447,6.544844,17.927374,0.0,0.0,
2020-07-06 03:00:00,298.1117,1001.586,6.4818735,16.960018,0.0,0.0,
2020-07-06 04:00:00,299.68945,1000.2855,6.1611195,16.142738,0.0,0.0,
2020-07-06 05:00:00,300.8178,999.3281,5.7329817,15.2086525,0.0,0.0,
2020-07-06 06:00:00,301.51642,998.7623,5.42687,14.391984,0.0,0.0,
2020-07-06 07:00:00,302.0228,998.3377,5.4396935,14.014046,0.0,0.0,
2020-07-06 08:00:00,301.7218,998.805,5.045627,14.036681,0.0,0.0,
2020-07-06 09:00:00,300.44022,999.30756,3.9746885,15.42854,0.0,0.0,
2020-07-06 10:00:00,298.36426,1000.15216,4.0535216,18.003603,0.0,0.0,
2020-07-06 11:00:00,296.90118,1000.47284,4.4311824,19.912912,0.0,0.0,
2020-07-06 12:00:00,295.7021,1000.8091,4.771717,21.27386,0.0,0.0,
2020-07-06 13:00:00,294.64496,1001.10315,5.0026865,22.041473,0.0,0.0,
2020-07-06 14:00:00,293.682,1001.16266,5.1518545,22.376646,0.0,0.0,
2020-07-06 15:00:00,292.8355,1001.3385,5.2077537,22.512712,0.0,0.0,
2020-07-06 16:00:00,292.08313,1001.4304,5.3039055,22.688337,0.0,0.0,
2020-07-06 17:00:00,291.43445,1001.4252,5.3627024,22.878828,0.0,0.0,
2020-07-06 18:00:00,290.84857,1001.3619,5.322313,23.19475,0.0,0.0,
2020-07-06 19:00:00,289.78287,1001.08594,5.0842385,24.98905,0.0,0.0,
2020-07-06 20:00:00,289.1516,1000.93494,4.982672,25.89702,0.0,0.0,
2020-07-06 21:00:00,288.63678,1001.1241,4.7608247,26.846441,0.0,0.0,
2020-07-06 22:00:00,288.16534,1001.6831,4.543037,27.875122,0.0,0.0,
2020-07-06 23:00:00,288.5095,1002.43353,4.318856,27.572418,0.0,0.0,
2020-07-07 00:00:00,290.95642,1003.15826,4.987401,23.513199,0.0017106533,0.0,
2020-07-07 01:00:00,293.52515,1003.11237,6.120203,19.908354,0.0,0.0,
2020-07-07 02:00:00,295.9693,1002.6939,6.527317,16.857292,0.0,0.0,
2020-07-07 03:00:00,298.0865,1001.21234,6.514418,14.131196,0.0,0.0,
2020-07-07 04:00:00,299.84567,1000.20264,6.3626647,11.988609,0.0,0.0,
2020-07-07 05:00:00,301.09406,999.01337,6.0782385,10.5392475,0.0,0.0,
2020-07-07 06:00:00,301.90106,998.2897,5.863324,9.591591,0.0,0.0,
2020-07-07 07:00:00,302.66196,997.3699,5.468578,9.782506,0.0,0.0,
2020-07-07 08:00:00,302.50934,997.71045,5.2715764,9.615965,0.0,0.0,
2020-07-07 09:00:00,301.08502,997.98486,4.1105986,10.778055,0.0,0.0,
2020-07-07 10:00:00,298.85852,998.4549,4.1108356,12.86114,0.0,0.0,
2020-07-07 11:00:00,297.29114,998.9663,4.4423018,14.597772,0.0,0.0,
2020-07-07 12:00:00,296.03552,999.4197,4.603658,16.125269,0.0,0.0,
2020-07-07 13:00:00,294.9195,999.6647,4.687917,17.402462,0.0,0.0,
2020-07-07 14:00:00,293.91705,999.8381,4.7525253,18.351503,0.0,0.0,
2020-07-07 15:00:00,293.03357,999.895,4.7402906,19.030056,0.0,0.0,
2020-07-07 16:00:00,292.21854,999.9146,4.6632004,19.776642,0.0,0.0,
2020-07-07 17:00:00,291.49878,1000.0175,4.616853,20.710104,0.0,0.0,
2020-07-07 18:00:00,290.8465,999.83344,4.575226,21.821074,0.0,0.0,
2020-07-07 19:00:00,289.7649,999.28143,4.611643,23.739574,0.0,0.0,
2020-07-07 20:00:00,289.16254,999.35236,4.4806337,25.139841,0.0,0.0,
2020-07-07 21:00:00,288.65518,999.35065,4.2627344,26.499983,0.0,0.0,
2020-07-07 22:00:00,288.20947,999.87555,4.004616,27.818817,0.0,0.0,
2020-07-07 23:00:00,288.5702,1000.7289,3.6966867,27.799782,0.0,0.0,
2020-07-08 00:00:00,291.36658,1001.1492,4.107373,23.36541,0.0,0.0,
2020-07-08 01:00:00,294.2901,1001.3964,5.184753,19.702768,0.0,0.0,
2020-07-08 02:00:00,296.94226,1000.6686,5.7351017,17.094137,0.0,0.0,
2020-07-08 03:00:00,299.24557,999.77905,5.765155,14.857364,0.0,0.0,
2020-07-08 04:00:00,301.0423,998.4508,5.381648,12.997021,0.0,0.0,
2020-07-08 05:00:00,302.26404,997.4916,4.687404,11.870569,0.0,0.0,
2020-07-08 06:00:00,302.98322,996.7056,4.3677497,11.233389,0.0,0.0,
2020-07-08 07:00:00,303.7129,995.5112,4.2654395,11.013457,0.0,0.0,
2020-07-08 08:00:00,303.58954,995.7274,4.103517,11.006837,0.0,0.0,
2020-07-08 09:00:00,302.2556,995.61993,3.2474713,12.216594,0.0,0.0,
2020-07-08 10:00:00,300.0999,996.22675,3.5502965,14.344795,0.0,0.0,
2020-07-08 11:00:00,298.41516,996.64294,3.878495,16.05553,0.0,0.0,
2020-07-08 12:00:00,297.1101,997.2605,4.131459,17.376053,0.0,0.0,
2020-07-08 13:00:00,296.16702,997.4473,4.2289767,18.30893,0.0,0.0,
2020-07-08 14:00:00,295.5553,997.54297,4.3250113,18.82877,0.0,0.0,
2020-07-08 15:00:00,294.98196,997.6372,4.5181537,19.283386,0.0,0.0,
2020-07-08 16:00:00,294.08716,997.5442,4.83449,20.17022,0.0,0.0,
2020-07-08 17:00:00,293.2788,997.52924,4.888295,20.984425,0.0,0.0,
2020-07-08 18:00:00,292.63672,997.45435,4.867051,21.60165,0.0,0.0,
2020-07-08 19:00:00,291.3624,997.1781,4.191758,24.18417,0.0,0.0,
2020-07-08 20:00:00,290.6058,997.4737,4.060665,25.252846,0.0,0.0,
2020-07-08 21:00:00,290.08044,997.9239,3.9858606,25.945097,0.0,0.0,
2020-07-08 22:00:00,289.49072,998.6722,3.9243224,26.783016,0.0,0.0,
2020-07-08 23:00:00,289.74905,999.2193,3.8784237,26.306707,0.0,0.0,
2020-07-09 00:00:00,292.57452,999.9084,4.2924314,21.7284,0.0,0.0,
2020-07-09 01:00:00,295.6413,999.9468,5.111294,17.817898,0.0,0.0,
2020-07-09 02:00:00,298.38492,999.1983,5.447016,15.1465435,0.0,0.0,
2020-07-09 03:00:00,300.68112,998.0849,5.4753766,13.084494,0.0,0.0,
2020-07-09 04:00:00,302.339,996.94916,5.0593114,11.594427,0.0,0.0,
2020-07-09 05:00:00,303.39502,995.9451,4.4197583,10.744709,0.0,0.0,
2020-07-09 06:00:00,303.9961,995.2739,3.8171494,10.202567,0.0,0.0,
2020-07-09 07:00:00,304.26413,995.2139,2.8652253,9.5659,0.0,0.0,
2020-07-09 08:00:00,304.03156,995.2894,2.130154,9.598049,0.0,0.0,
2020-07-09 09:00:00,303.25232,995.53094,1.3554065,10.564236,0.0,0.0,
2020-07-09 10:00:00,301.63507,995.8719,2.1389294,12.71183,0.0,0.0,
2020-07-09 11:00:00,299.35278,996.2937,3.191299,15.324625,0.0,0.0,
2020-07-09 12:00:00,297.3377,996.96783,3.6155736,17.183287,0.0,0.0,
2020-07-09 13:00:00,296.06583,997.25287,3.9084709,18.22403,0.0,0.0,
2020-07-09 14:00:00,295.06927,997.40283,3.991426,19.225103,0.0,0.0,
2020-07-09 15:00:00,294.19812,997.3628,3.8862092,20.237518,0.0,0.0,
2020-07-09 16:00:00,293.36786,997.41016,3.7277832,21.335014,0.0,0.0,
2020-07-09 17:00:00,292.5243,997.5011,3.5366871,22.62825,0.0,0.0,
2020-07-09 18:00:00,291.7433,997.4586,3.5525525,23.846428,0.0,0.0,
2020-07-09 19:00:00,290.50195,997.5656,3.4442809,26.558754,0.0,0.0,
2020-07-09 20:00:00,289.7257,997.8666,3.6014078,27.824432,0.0,0.0,
2020-07-09 21:00:00,289.27667,998.0864,3.7954829,28.234465,0.0,0.0,
2020-07-09 22:00:00,289.0724,998.8388,4.0482283,28.04005,0.0,0.0,
2020-07-09 23:00:00,289.75684,999.6266,4.135977,26.64504,0.0,0.0,
2020-07-10 00:00:00,292.90527,1000.3614,4.586157,21.930803,0.002565891,0.0,
2020-07-10 01:00:00,296.40735,1000.56665,5.487081,18.147535,0.0,0.0,
2020-07-10 02:00:00,299.5141,999.9395,5.781279,15.434692,0.0,0.0,
2020-07-10 03:00:00,301.9502,999.31726,6.159231,12.804773,0.0,0.0,
2020-07-10 04:00:00,303.38873,998.13495,6.065387,11.045703,0.0,0.0,
2020-07-10 05:00:00,304.2569,997.5128,5.625766,10.083961,0.0,0.0,
2020-07-10 06:00:00,304.69165,996.927,5.2208056,9.512998,0.0,0.0,
2020-07-10 07:00:00,305.04535,996.6328,4.5410585,9.5647545,0.0,0.0,
2020-07-10 08:00:00,304.7152,996.72205,4.2744746,9.793516,0.0,0.0,
2020-07-10 09:00:00,303.31546,996.98627,3.3000355,11.045781,0.0,0.0,
2020-07-10 10:00:00,301.16443,997.3814,3.5016506,12.964068,0.0,0.0,
2020-07-10 11:00:00,299.46625,997.8583,3.783812,14.612907,0.0,0.0,
2020-07-10 12:00:00,298.1012,998.4266,3.9527764,16.017094,0.0,0.0,
2020-07-10 13:00:00,296.85913,998.7514,4.2154694,17.299778,0.0,0.0,
2020-07-10 14:00:00,295.86884,999.0033,4.4792013,18.19299,0.0,0.0,
2020-07-10 15:00:00,295.07288,998.9171,4.6475577,18.735403,0.0,0.0,
2020-07-10 16:00:00,294.4111,998.91656,4.630136,19.157894,0.0,0.0,
2020-07-10 17:00:00,293.75836,998.80414,4.533354,19.712717,0.0,0.0,
2020-07-10 18:00:00,293.10852,998.59735,4.3870664,20.487968,0.0,0.0,
2020-07-10 19:00:00,291.64758,998.72626,3.8893845,23.280952,0.0,0.0,
2020-07-10 20:00:00,290.86035,998.8061,3.8201022,24.633862,0.0,0.0,
2020-07-10 21:00:00,290.26303,999.1848,3.7388916,25.864416,0.0,0.0,
2020-07-10 22:00:00,289.74673,999.58624,3.768671,27.060608,0.0,0.0,
2020-07-10 23:00:00,290.10147,1000.34076,3.6642096,26.874584,0.0,0.0,
2020-07-11 00:00:00,292.91766,1001.0644,4.2847214,22.581827,0.0,0.0,
2020-07-11 01:00:00,296.0644,1001.4426,5.11069,18.741257,0.0,0.0,
2020-07-11 02:00:00,298.98083,1000.9018,5.516619,16.129927,0.0,0.0,
2020-07-11 03:00:00,301.476,999.8911,5.8721833,14.512016,0.0,0.0,
2020-07-11 04:00:00,303.15265,998.4956,6.077677,13.330086,0.0,0.0,
2020-07-11 05:00:00,304.0927,997.60187,5.6962004,12.283025,0.0,0.0,
2020-07-11 06:00:00,304.5251,996.9739,5.358334,11.592669,0.0,0.0,
2020-07-11 07:00:00,304.713,996.6211,4.30596,12.551975,0.0,0.0,
2020-07-11 08:00:00,304.40268,996.61127,4.5985155,12.444714,0.0,0.0,
2020-07-11 09:00:00,303.05267,996.87146,4.063566,13.479275,0.0,0.0,
2020-07-11 10:00:00,300.84113,997.4375,4.3560257,15.250897,0.0,0.0,
2020-07-11 11:00:00,299.35367,997.9278,4.984686,16.26404,0.0,0.0,
2020-07-11 12:00:00,298.2334,998.5775,5.399418,17.04426,0.0,0.0,
2020-07-11 13:00:00,297.2474,998.71576,5.6588616,17.849806,0.0,0.0,
2020-07-11 14:00:00,296.4233,998.97015,5.769798,18.575493,0.0,0.0,
2020-07-11 15:00:00,295.64133,998.9147,5.730769,19.265474,0.0,0.0,
2020-07-11 16:00:00,294.8794,999.1141,5.6272063,19.935516,0.0,0.0,
2020-07-11 17:00:00,294.1135,999.04626,5.567819,20.679634,0.0,0.0,
2020-07-11 18:00:00,293.39026,999.1372,5.724671,21.643068,0.0,0.0,
2020-07-11 19:00:00,292.2172,999.2258,5.9526234,23.863129,0.0,0.0,
2020-07-11 20:00:00,291.6004,999.3989,5.9373255,25.410202,0.0,0.0,
2020-07-11 21:00:00,291.02466,999.6089,5.752151,26.934439,0.0,0.0,
2020-07-11 22:00:00,290.47552,1000.0757,5.448249,28.362883,0.0,0.0,
2020-07-11 23:00:00,290.68726,1000.895,5.222184,28.320444,0.0,0.0,
2020-07-12 00:00:00,292.66928,1001.52936,5.9633446,24.730268,0.0,0.0,
2020-07-12 01:00:00,295.16156,1001.6208,6.8483706,20.360975,0.0,0.0,
2020-07-12 02:00:00,297.82812,1001.06635,7.0661836,16.387205,0.0,0.0,
2020-07-12 03:00:00,300.21075,999.9836,7.050668,13.521502,0.0,0.0,
2020-07-12 04:00:00,302.09003,998.7403,6.9113793,11.689319,0.0,0.0,
2020-07-12 05:00:00,303.2935,997.77466,6.5733347,11.062727,0.0,0.0,
2020-07-12 06:00:00,303.90472,996.93854,6.129145,11.070642,0.0,0.0,
2020-07-12 07:00:00,304.25763,996.44214,5.2569585,11.264813,0.0,0.0,
2020-07-12 08:00:00,303.8697,996.298,4.833764,11.4813595,0.0,0.0,
2020-07-12 09:00:00,302.49017,996.97595,3.7577868,12.691238,0.0,0.0,
2020-07-12 10:00:00,300.14044,997.2287,3.9552066,14.76239,0.0,0.0,
2020-07-12 11:00:00,298.50317,998.15314,4.417321,16.13466,0.0,0.0,
2020-07-12 12:00:00,297.17554,998.6996,4.8561783,17.174791,0.0,0.0,
2020-07-12 13:00:00,296.0893,999.2458,5.2166467,18.013042,0.0,0.0,
2020-07-12 14:00:00,295.16904,999.3429,5.484223,18.723465,0.0,0.0,
2020-07-12 15:00:00,294.396,999.4688,5.592175,19.391394,0.0,0.0,
2020-07-12 16:00:00,293.6613,999.5694,5.5466776,20.079044,0.0,0.0,
2020-07-12 17:00:00,293.00305,999.6307,5.5856814,20.711847,0.0,0.0,
2020-07-12 18:00:00,292.43088,999.54974,5.644765,21.356174,0.0,0.0,
2020-07-12 19:00:00,291.46283,999.33234,5.395856,23.89037,0.0,0.0,
2020-07-12 20:00:00,290.97968,999.5444,5.4737062,24.70265,0.0,0.0,
2020-07-12 21:00:00,290.55026,1000.0083,5.5016513,25.456211,0.0,0.0,
2020-07-12 22:00:00,290.1305,1000.5519,5.5297275,26.157955,0.0,0.0,
2020-07-12 23:00:00,290.50522,1001.36993,5.7199135,25.523428,0.0,0.0,
2020-07-13 00:00:00,292.75415,1001.8278,6.483374,21.949049,0.0,0.0,
2020-07-13 01:00:00,295.38657,1002.0373,7.709538,18.267782,0.0,0.0,
2020-07-13 02:00:00,297.78802,1001.5119,7.915004,15.178843,0.0,0.0,
2020-07-13 03:00:00,299.69946,1000.3801,7.474372,12.9505,0.0,0.0,
2020-07-13 04:00:00,301.08502,999.1259,6.617741,11.558915,0.0,0.0,
2020-07-13 05:00:00,301.99252,998.1102,5.68398,10.710301,0.0,0.0,
2020-07-13 06:00:00,302.43323,997.41565,4.96117,10.287788,0.0,0.0,
2020-07-13 07:00:00,302.34656,997.28436,4.4114766,10.694358,0.0,0.0,
2020-07-13 08:00:00,301.96094,997.4509,4.3510833,10.564237,0.0,0.0,
2020-07-13 09:00:00,300.7046,997.97046,3.679171,11.368342,0.0,0.0,
2020-07-13 10:00:00,298.50903,998.19495,3.7694113,13.096545,0.0,0.0,
2020-07-13 11:00:00,296.87976,998.923,4.0982976,14.3988695,0.0,0.0,
2020-07-13 12:00:00,295.49826,999.3697,4.3937316,15.540053,0.0,0.0,
2020-07-13 13:00:00,294.31335,999.8653,4.6172013,16.5559,0.0,0.0,
2020-07-13 14:00:00,293.27106,1000.06177,4.8513436,17.31159,0.0,0.0,
2020-07-13 15:00:00,292.362,1000.0439,4.963594,17.81087,0.0,0.0,
2020-07-13 16:00:00,291.55176,1000.034,5.025053,18.463665,0.0,0.0,
2020-07-13 17:00:00,290.76813,1000.09375,4.9158087,19.567135,0.0,0.0,
2020-07-13 18:00:00,290.0011,1000.02185,4.7978034,20.995369,0.0,0.0,
2020-07-13 19:00:00,288.51672,1000.1255,4.5422144,24.532703,0.0,0.0,
2020-07-13 20:00:00,287.8057,1000.0135,4.514391,26.281818,0.0,0.0,
2020-07-13 21:00:00,287.24374,1000.17267,4.418335,27.705305,0.0,0.0,
2020-07-13 22:00:00,286.77188,1000.6395,4.33406,28.761393,0.0,0.0,
2020-07-13 23:00:00,287.1525,1001.3811,4.1381507,28.038109,0.0,0.0,
2020-07-14 00:00:00,289.63712,1002.0625,5.004353,23.161545,0.0017225742,0.0,
2020-07-14 01:00:00,292.19263,1002.34766,5.663272,19.246765,0.0,0.0,
2020-07-14 02:00:00,294.70157,1001.8667,5.2825704,16.263094,0.0,0.0,
2020-07-14 03:00:00,296.95062,1000.897,4.8305635,13.902412,0.0,0.0,
2020-07-14 04:00:00,298.59814,999.4517,4.231896,12.43428,0.0,0.0,
2020-07-14 05:00:00,299.6523,998.28345,3.6122267,11.731372,0.0,0.0,
2020-07-14 06:00:00,300.17075,997.5025,3.1773353,11.328034,0.0,0.0,
2020-07-14 07:00:00,300.68674,997.1422,3.1562355,10.518707,0.0,0.0,
2020-07-14 08:00:00,300.39737,997.3018,3.30949,10.468306,0.0,0.0,
2020-07-14 09:00:00,299.35815,997.9339,3.0515578,11.155951,0.0,0.0,
2020-07-14 10:00:00,297.3266,998.33875,3.4448042,12.740959,0.0,0.0,
2020-07-14 11:00:00,295.6949,998.9693,3.785881,14.03959,0.0,0.0,
2020-07-14 12:00:00,294.29657,999.43134,3.966702,15.067202,0.0,0.0,
2020-07-14 13:00:00,293.0808,999.90063,4.000586,15.808314,0.0,0.0,
2020-07-14 14:00:00,291.94336,999.81866,4.114208,16.325739,0.0,0.0,
2020-07-14 15:00:00,290.96158,999.78357,4.300674,16.667322,0.0,0.0,
2020-07-14 16:00:00,290.13297,999.6378,4.425997,17.102688,0.0,0.0,
2020-07-14 17:00:00,289.39194,999.45795,4.4376664,17.91591,0.0,0.0,
2020-07-14 18:00:00,288.7282,999.2883,4.5369334,19.05972,0.0,0.0,
2020-07-14 19:00:00,287.2683,998.9963,4.519601,22.280512,0.0,0.0,
2020-07-14 20:00:00,286.6424,998.84406,4.4179077,24.108068,0.0,0.0,
2020-07-14 21:00:00,286.13538,999.3499,4.2780237,26.177353,0.0,0.0,
2020-07-14 22:00:00,285.6576,999.9431,4.123901,28.465166,0.0,0.0,
2020-07-14 23:00:00,286.04462,1000.6788,3.8839457,29.26063,0.0,0.0,
2020-07-15 00:00:00,288.80972,1001.4133,4.546055,25.598585,0.0,0.0,
2020-07-15 01:00:00,291.9709,1001.6905,5.181541,21.636074,0.0,0.0,
2020-07-15 02:00:00,294.95114,1001.0692,5.525748,17.826305,0.0,0.0,
2020-07-15 03:00:00,297.07938,999.9171,5.6908674,14.1462965,0.0,0.0,
2020-07-15 04:00:00,298.42303,998.45294,5.2127295,11.740884,0.0,0.0,
2020-07-15 05:00:00,299.40353,997.2978,4.8298206,10.208676,0.0,0.0,
2020-07-15 06:00:00,300.02222,996.4629,4.5672565,9.312937,0.0,0.0,
2020-07-15 07:00:00,300.54614,995.9986,4.4426403,9.119976,0.0,0.0,
2020-07-15 08:00:00,300.34918,996.2081,4.4411097,9.131179,0.0,0.0,
2020-07-15 09:00:00,299.19455,996.58704,3.5240166,10.055952,0.0,0.0,
2020-07-15 10:00:00,297.1425,997.30963,3.5340886,11.790228,0.0,0.0,
2020-07-15 11:00:00,295.54883,998.15533,3.8025649,13.335257,0.0,0.0,
2020-07-15 12:00:00,294.17316,998.692,4.04563,14.749546,0.0,0.0,
2020-07-15 13:00:00,293.00623,999.2873,4.2249203,16.010843,0.0,0.0,
2020-07-15 14:00:00,291.95776,999.3772,4.456743,17.089693,0.0,0.0,
2020-07-15 15:00:00,291.0998,999.4736,4.703577,17.837053,0.0,0.0,
2020-07-15 16:00:00,290.375,999.14233,4.864073,18.37111,0.0,0.0,
2020-07-15 17:00:00,289.74048,999.02435,4.9404125,18.81498,0.0,0.0,
2020-07-15 18:00:00,289.11987,998.7897,4.913738,19.319239,0.0,0.0,
2020-07-15 19:00:00,287.63385,998.77185,4.5622406,22.112482,0.0,0.0,
2020-07-15 20:00:00,286.98572,998.72107,4.4761643,22.865942,0.0,0.0,
2020-07-15 21:00:00,286.498,999.2872,4.4025,23.569265,0.0,0.0,
2020-07-15 22:00:00,286.10553,999.8386,4.3798823,24.267849,0.0,0.0,
2020-07-15 23:00:00,286.61417,1000.42487,4.224937,23.728247,0.0,0.0,
2020-07-16 00:00:00,289.52628,1000.55347,4.778894,19.792404,0.0013027214,0.0,
2020-07-16 01:00:00,292.99298,1000.52094,5.499196,16.290998,0.0,0.0,
2020-07-16 02:00:00,296.215,999.78186,5.798478,13.944809,0.0,0.0,
2020-07-16 03:00:00,298.73157,998.56116,5.893808,12.457393,0.0,0.0,
2020-07-16 04:00:00,300.24213,997.2299,5.087387,11.418931,0.0,0.0,
2020-07-16 05:00:00,301.16028,996.1152,4.2019997,10.561553,0.0,0.0,
2020-07-16 06:00:00,301.7318,995.4359,3.6247952,9.964113,0.0,0.0,
2020-07-16 07:00:00,302.24567,994.6406,3.3039868,10.445528,0.0,0.0,
2020-07-16 08:00:00,302.0829,994.5164,2.870331,10.62654,0.0,0.0,
2020-07-16 09:00:00,301.20618,994.7942,2.1353333,11.519443,0.0,0.0,
2020-07-16 10:00:00,299.53912,995.21436,2.7205927,13.217533,0.0,0.0,
2020-07-16 11:00:00,297.30365,995.5472,3.282919,15.567669,0.0,0.0,
2020-07-16 12:00:00,295.58356,995.83453,3.5823293,17.638327,0.0,0.0,
2020-07-16 13:00:00,294.35333,996.15955,3.7007048,19.487766,0.0017225742,0.0,
2020-07-16 14:00:00,293.3052,996.16724,3.6450844,21.395441,0.0,0.0,
2020-07-16 15:00:00,292.37445,996.35425,3.4479084,23.336105,0.0,0.0,
2020-07-16 16:00:00,291.44815,996.37573,3.2054195,25.430393,0.0,0.0,
2020-07-16 17:00:00,290.50797,996.58295,2.9619272,27.763493,0.0,0.0,
2020-07-16 18:00:00,289.62897,996.4736,2.9420707,29.842934,0.0,0.0,
2020-07-16 19:00:00,288.28546,996.17017,3.102351,33.3154,0.0,0.0,
2020-07-16 20:00:00,287.5374,996.238,3.400381,35.107822,0.0,0.0,
2020-07-16 21:00:00,287.11328,996.45154,3.7219825,36.148445,0.0,0.0,
2020-07-16 22:00:00,286.95758,996.9914,3.8797355,36.82101,0.0,0.0,
2020-07-16 23:00:00,287.75946,997.5133,3.7340364,35.43102,0.0,0.0,
2020-07-17 00:00:00,291.2945,998.24384,3.8673527,28.502365,0.0017225742,0.0,
2020-07-17 01:00:00,295.19608,998.30347,4.387984,22.447071,0.0,0.0,
2020-07-17 02:00:00,298.317,997.96857,4.586707,18.816936,0.0,0.0,
2020-07-17 03:00:00,300.82663,996.82764,4.622813,16.400536,0.0,0.0,
2020-07-17 04:00:00,302.46457,995.92065,4.0862446,15.492916,0.0,0.0,
2020-07-17 05:00:00,303.3911,995.16907,3.1427705,14.784297,0.0,0.0,
2020-07-17 06:00:00,303.89218,994.6116,2.493922,14.474008,0.0,0.0,
2020-07-17 07:00:00,304.35205,994.127,2.5834754,14.436414,0.0,0.0,
2020-07-17 08:00:00,304.18555,994.2159,2.228782,14.589709,0.0,0.0,
2020-07-17 09:00:00,303.44348,994.6108,1.6148918,15.340601,0.0,0.0,
2020-07-17 10:00:00,301.96542,995.3041,1.752338,16.948122,0.0,0.0,
2020-07-17 11:00:00,299.90747,995.65094,2.5002089,19.268045,0.0,0.0,
2020-07-17 12:00:00,297.92563,996.09937,2.919085,21.358229,0.0,0.0,
2020-07-17 13:00:00,296.37625,996.486,3.1217644,23.103294,0.0,0.0,
2020-07-17 14:00:00,295.10214,996.724,3.0840611,24.67658,0.0,0.0,
2020-07-17 15:00:00,293.91684,996.774,2.8539133,26.458914,0.0,0.0,
2020-07-17 16:00:00,292.6675,996.99243,2.4282863,29.341776,0.0,0.0,
2020-07-17 17:00:00,291.60776,996.9165,1.6873025,34.35926,0.0,0.0,
2020-07-17 18:00:00,292.7486,996.7299,0.6021313,28.03367,0.0,0.0,
2020-07-17 19:00:00,291.0012,996.10443,1.0049235,34.569626,0.0,0.0,
2020-07-17 20:00:00,290.27826,996.3956,1.0746257,36.952896,0.0,0.0,
2020-07-17 21:00:00,288.78104,996.4668,1.3956081,43.289852,0.0,0.0,
2020-07-17 22:00:00,287.40872,996.8996,1.9139079,49.207108,0.0,0.0,
2020-07-17 23:00:00,287.5823,997.4166,2.0435147,49.238926,0.0,0.0,
2020-07-18 00:00:00,291.88385,998.2098,1.4904848,37.2528,0.0,0.0,
2020-07-18 01:00:00,295.97156,998.1407,1.474464,27.25536,0.0,0.0,
2020-07-18 02:00:00,298.83075,997.5825,0.9985459,21.154806,0.0,0.0,
2020-07-18 03:00:00,300.85156,996.5815,0.58370036,17.215332,0.0,0.0,
2020-07-18 04:00:00,302.24432,995.4422,0.96870905,15.028061,0.0,0.0,
2020-07-18 05:00:00,303.17508,994.5469,1.2526324,13.575199,0.0,0.0,
2020-07-18 06:00:00,303.72266,993.9143,1.3855127,12.64144,0.0,0.0,
2020-07-18 07:00:00,304.25275,993.4258,1.4630331,12.733553,0.0,0.0,
2020-07-18 08:00:00,304.07227,993.44995,1.5275773,12.721078,0.0,0.0,
2020-07-18 09:00:00,303.54492,994.09106,1.3142333,13.161579,0.0,0.0,
2020-07-18 10:00:00,302.35812,994.1821,1.280491,14.484827,0.0,0.0,
2020-07-18 11:00:00,300.6006,994.45544,1.587486,18.530512,0.0,0.0,
2020-07-18 12:00:00,298.82397,995.01117,2.1938336,19.851202,0.0,0.0,
2020-07-18 13:00:00,297.4781,995.317,2.829905,20.449999,0.0,0.0,
2020-07-18 14:00:00,296.22034,995.4075,3.0069082,21.850573,0.0,0.0,
2020-07-18 15:00:00,295.17908,995.2417,2.900452,23.339466,0.0,0.0,
2020-07-18 16:00:00,294.0785,995.37604,2.6342726,25.560015,0.0,0.0,
2020-07-18 17:00:00,292.95093,995.1486,2.4572153,28.234682,0.0,0.0,
2020-07-18 18:00:00,292.0075,994.9925,2.5113678,30.374172,0.0,0.0,
2020-07-18 19:00:00,291.36926,995.0109,1.3152481,34.198017,0.0,0.0,
2020-07-18 20:00:00,291.11865,995.0792,1.0063775,33.427917,0.0,0.0,
2020-07-18 21:00:00,290.194,995.33765,1.1665969,36.500965,0.0,0.0,
2020-07-18 22:00:00,289.13766,995.8311,1.2661427,39.99941,0.0,0.0,
2020-07-18 23:00:00,289.53583,996.5848,0.7411615,37.90717,0.0,0.0,
2020-07-19 00:00:00,292.3321,997.0803,0.19695249,38.068752,0.0,0.0,
2020-07-19 01:00:00,295.66846,997.4469,0.77852046,24.109644,0.0,0.0,
2020-07-19 02:00:00,298.60388,996.94257,1.2616476,19.85638,0.0,0.0,
2020-07-19 03:00:00,301.09656,995.9828,1.7546974,17.178423,0.0,0.0,
2020-07-19 04:00:00,303.05402,994.8455,2.125055,15.527232,0.0,0.0,
2020-07-19 05:00:00,304.35345,993.8915,2.0846434,14.540583,0.0,0.0,
2020-07-19 06:00:00,304.95276,993.59875,1.7601966,13.994154,0.0,0.0,
2020-07-19 07:00:00,305.0,993.4878,1.5107759,14.449988,0.0,0.0,
2020-07-19 08:00:00,304.83734,993.77374,1.0665159,14.529172,0.0,0.0,
2020-07-19 09:00:00,304.35504,994.25214,0.7634345,15.056406,0.0,0.0,
2020-07-19 10:00:00,303.01334,994.60565,2.3506694,16.573938,0.0,0.0,
2020-07-19 11:00:00,300.97504,995.1248,3.050117,18.891747,0.0,0.0,
2020-07-19 12:00:00,299.35236,995.54456,3.1696415,20.908546,0.0,0.0,
2020-07-19 13:00:00,297.95667,995.81,2.9897394,22.869118,0.0,0.0,
2020-07-19 14:00:00,296.44116,995.87524,2.5500102,25.396538,0.0,0.0,
2020-07-19 15:00:00,294.78217,996.03485,2.0512457,29.198658,0.0,0.0,
2020-07-19 16:00:00,293.64484,995.88666,1.3060781,33.34094,0.0,0.0,
2020-07-19 17:00:00,293.80444,995.5486,0.61240417,29.287588,0.0,0.0,
2020-07-19 18:00:00,292.66965,995.10846,0.68678963,32.08718,0.0,0.0,
2020-07-19 19:00:00,290.05316,995.1164,2.2850685,36.02087,0.0,0.0,
2020-07-19 20:00:00,289.47034,995.356,2.9385564,34.883476,0.0,0.0,
2020-07-19 21:00:00,288.98654,995.42755,3.3827562,35.044502,0.0,0.0,
2020-07-19 22:00:00,288.79633,995.9888,3.59446,35.3842,0.0,0.0,
2020-07-19 23:00:00,289.6162,996.6626,3.5174599,33.6548,0.0,0.0,
2020-07-20 00:00:00,293.4688,997.0613,3.6920497,26.384592,0.0,0.0,
2020-07-20 01:00:00,297.73822,997.47076,4.1245236,21.286383,0.0,0.0,
2020-07-20 02:00:00,301.04755,997.0257,4.4487886,19.512156,0.0,0.0,
2020-07-20 03:00:00,303.32935,996.0628,4.572745,17.378517,0.0,0.0,
2020-07-20 04:00:00,304.701,995.0217,4.9615364,14.955346,0.0,0.0,
2020-07-20 05:00:00,305.4207,994.0589,4.707028,13.927452,0.0,0.0,
2020-07-20 06:00:00,305.7541,993.5133,3.945411,13.626276,0.0,0.0,
2020-07-20 07:00:00,305.4851,993.26447,2.682172,14.399483,0.0,0.0,
2020-07-20 08:00:00,305.18207,993.335,1.9140016,14.714784,0.0,0.0,
2020-07-20 09:00:00,304.58597,993.7353,0.73005426,15.39285,0.0,0.0,
2020-07-20 10:00:00,303.41995,994.3695,0.9421276,17.25193,0.0,0.0,
2020-07-20 11:00:00,301.33643,994.9942,2.3484375,19.808418,0.0,0.0,
2020-07-20 12:00:00,299.26697,995.4698,2.8978903,22.393652,0.0,0.0,
2020-07-20 13:00:00,297.49124,996.15826,2.80408,24.867096,0.0,0.0,
2020-07-20 14:00:00,295.9983,996.23456,2.3959727,27.305943,0.0,0.0,
2020-07-20 15:00:00,294.51434,996.448,1.8269203,31.744251,0.0,0.0,
2020-07-20 16:00:00,293.58453,996.28485,1.6736565,33.191853,0.0,0.0,
2020-07-20 17:00:00,292.91068,996.1344,2.787117,30.980635,0.0,0.0,
2020-07-20 18:00:00,292.81253,995.80164,4.264552,28.793795,0.0,0.0,
2020-07-20 19:00:00,292.83215,996.34485,5.13178,24.13753,0.0,0.0,
2020-07-20 20:00:00,292.8252,996.6493,5.6913366,22.445591,0.0,0.0,
2020-07-20 21:00:00,292.61862,997.345,5.9156265,21.300795,0.0,0.0,
2020-07-20 22:00:00,292.299,998.0447,5.9823446,20.457367,0.0,0.0,
2020-07-20 23:00:00,292.53656,999.08344,5.938902,19.22548,0.0,0.0,
2020-07-21 00:00:00,294.5226,999.67474,6.4468007,16.369884,0.003443712,0.0,
2020-07-21 01:00:00,296.63214,1000.2114,7.5044336,14.358775,0.0,0.0,
2020-07-21 02:00:00,298.88513,1000.0092,7.324885,12.848197,0.0,0.0,
2020-07-21 03:00:00,300.97345,999.19666,6.9012194,11.708394,0.0,0.0,
2020-07-21 04:00:00,302.64642,998.00366,6.387078,11.015085,0.0,0.0,
2020-07-21 05:00:00,303.8131,997.21423,5.720384,10.800541,0.0,0.0,
2020-07-21 06:00:00,304.4024,996.3755,4.966552,10.953573,0.0,0.0,
2020-07-21 07:00:00,304.64655,996.308,4.1197305,12.462334,0.0,0.0,
2020-07-21 08:00:00,304.34354,996.29877,3.8973973,12.927294,0.0,0.0,
2020-07-21 09:00:00,303.27118,996.85736,3.2170272,13.919303,0.0,0.0,
2020-07-21 10:00:00,301.14417,997.3113,3.5373344,15.92516,0.0,0.0,
2020-07-21 11:00:00,299.53784,997.87494,4.154258,17.584345,0.0,0.0,
2020-07-21 12:00:00,298.23526,998.27454,4.824126,19.058264,0.0,0.0,
2020-07-21 13:00:00,297.2051,998.66455,5.529936,20.2976,0.0,0.0,
2020-07-21 14:00:00,296.38058,998.8911,5.932342,21.137281,0.0,0.0,
2020-07-21 15:00:00,295.60944,999.02576,5.957896,21.670078,0.0,0.0,
2020-07-21 16:00:00,294.83246,999.0172,5.8522964,22.078987,0.0,0.0,
2020-07-21 17:00:00,294.08887,999.01227,5.76633,22.39465,0.0,0.0,
2020-07-21 18:00:00,293.40063,998.6591,5.638071,22.652948,0.0,0.0,
2020-07-21 19:00:00,291.9239,998.79315,4.777899,25.457584,0.0,0.0,
2020-07-21 20:00:00,291.23773,998.7278,4.6712627,25.917349,0.0,0.0,
2020-07-21 21:00:00,290.6421,999.1912,4.5941043,26.353825,0.0,0.0,
2020-07-21 22:00:00,290.13776,999.7534,4.5433006,26.784224,0.0,0.0,
2020-07-21 23:00:00,290.5506,1000.33936,4.4582653,25.878122,0.0,0.0,
2020-07-22 00:00:00,293.1212,1000.82153,5.2302065,21.877857,0.0,0.0,
2020-07-22 01:00:00,295.94614,1001.1145,6.183864,18.578222,0.0,0.0,
2020-07-22 02:00:00,298.45853,1000.82794,6.7686825,16.090357,0.0,0.0,
2020-07-22 03:00:00,300.39655,1000.13513,6.609778,14.156255,0.0,0.0,
2020-07-22 04:00:00,301.78558,998.6789,5.9107327,13.12908,0.0,0.0,
2020-07-22 05:00:00,302.70068,997.58685,5.3303156,12.801904,0.0,0.0,
2020-07-22 06:00:00,303.14624,996.8833,4.951651,13.060273,0.0,0.0,
2020-07-22 07:00:00,303.35526,996.68304,4.5957046,13.637705,0.0,0.0,
2020-07-22 08:00:00,302.90607,996.65045,4.7181287,14.105182,0.0,0.0,
2020-07-22 09:00:00,301.80893,996.8992,4.136147,15.099237,0.0,0.0,
2020-07-22 10:00:00,299.79443,997.53,3.9863453,17.086592,0.0,0.0,
2020-07-22 11:00:00,298.30774,998.03564,4.348538,18.653187,0.0,0.0,
2020-07-22 12:00:00,297.06494,998.8894,4.715006,20.074902,0.0,0.0,
2020-07-22 13:00:00,295.93814,999.0581,5.0430775,21.50403,0.0,0.0,
2020-07-22 14:00:00,294.97525,999.6905,5.1829376,22.878794,0.0,0.0,
2020-07-22 15:00:00,294.03806,999.7028,5.098892,24.383278,0.0,0.0,
2020-07-22 16:00:00,293.16626,999.7625,4.9703846,25.988562,0.0,0.0,
2020-07-22 17:00:00,292.36353,999.698,4.7017894,27.655294,0.0,0.0,
2020-07-22 18:00:00,291.57144,999.38904,4.389762,29.43173,0.0,0.0,
2020-07-22 19:00:00,289.82248,999.2872,3.6259604,33.246292,0.0,0.0,
2020-07-22 20:00:00,289.01953,999.5567,3.5073225,35.289265,0.0,0.0,
2020-07-22 21:00:00,288.33472,999.5613,3.388278,37.169476,0.0,0.0,
2020-07-22 22:00:00,287.75488,1000.1636,3.282209,38.952293,0.0,0.0,
2020-07-22 23:00:00,288.10382,1000.7967,3.0158296,38.58679,0.0,0.0,
2020-07-23 00:00:00,291.0783,1001.00903,3.6624458,31.945839,0.0,0.0,
2020-07-23 01:00:00,294.24542,1001.1339,4.429509,26.274263,0.0,0.0,
2020-07-23 02:00:00,297.12573,1000.6267,5.1856275,21.764782,0.0,0.0,
2020-07-23 03:00:00,299.04944,999.64,5.987643,18.604979,0.0,0.0,
2020-07-23 04:00:00,300.02658,998.1969,5.5527534,16.707962,0.0,0.0,
2020-07-23 05:00:00,300.67328,996.9539,5.1328144,15.324714,0.0,0.0,
2020-07-23 06:00:00,301.04434,996.21967,4.8349066,14.5299835,0.0,0.0,
2020-07-23 07:00:00,301.19794,996.21686,4.6373024,13.841539,0.0,0.0,
2020-07-23 08:00:00,300.91165,996.3936,4.4468665,13.843481,0.0,0.0,
2020-07-23 09:00:00,300.02808,996.635,3.5455298,14.608412,0.0,0.0,
2020-07-23 10:00:00,298.24274,997.4367,3.0612383,16.512663,0.0,0.0,
2020-07-23 11:00:00,296.71228,997.80725,3.2352118,18.336359,0.0,0.0,
2020-07-23 12:00:00,295.34705,998.4578,3.400458,20.041725,0.0,0.0,
2020-07-23 13:00:00,294.12805,998.69946,3.5493386,21.66091,0.0,0.0,
2020-07-23 14:00:00,293.08954,999.1872,3.7059748,23.176731,0.0,0.0,
2020-07-23 15:00:00,292.17535,999.014,3.827859,24.634754,0.0,0.0,
2020-07-23 16:00:00,291.37003,998.97534,3.888831,26.041784,0.0,0.0,
2020-07-23 17:00:00,290.66705,998.7128,3.9297307,27.321377,0.0,0.0,
2020-07-23 18:00:00,290.02908,998.5086,3.9129028,28.487011,0.0,0.0,
2020-07-23 19:00:00,288.61377,998.6079,3.5912519,33.003593,0.0,0.0,
2020-07-23 20:00:00,287.9276,998.65326,3.5471637,34.78608,0.0,0.0,
2020-07-23 21:00:00,287.4284,998.98346,3.4993057,36.076576,0.0,0.0,
2020-07-23 22:00:00,287.02588,999.4381,3.4671857,37.096043,0.0,0.0,
2020-07-23 23:00:00,287.5961,999.9891,3.2340515,35.891747,0.0,0.0,
2020-07-24 00:00:00,291.09662,1000.6,3.5955229,28.378674,0.0,0.0,
2020-07-24 01:00:00,294.9254,1000.84,4.4094377,22.258585,0.0,0.0,
2020-07-24 02:00:00,298.28925,1000.5114,5.3113203,18.092602,0.0,0.0,
2020-07-24 03:00:00,299.93115,999.59467,5.6886063,15.137194,0.0,0.0,
2020-07-24 04:00:00,300.6931,998.55096,4.9349427,14.013219,0.0,0.0,
2020-07-24 05:00:00,301.26398,997.6197,4.3984494,13.176781,0.0,0.0,
2020-07-24 06:00:00,301.5829,997.02936,4.0084367,12.715512,0.0,0.0,
2020-07-24 07:00:00,301.4483,996.8996,3.5231123,12.791103,0.0,0.0,
2020-07-24 08:00:00,301.20407,996.897,3.414133,12.855652,0.0,0.0,
2020-07-24 09:00:00,300.39423,997.28156,2.900747,13.5690975,0.0,0.0,
2020-07-24 10:00:00,298.573,997.8269,3.1022978,15.352914,0.0,0.0,
2020-07-24 11:00:00,297.00778,998.2989,3.574726,17.00153,0.0,0.0,
2020-07-24 12:00:00,295.73734,998.7933,4.0621386,18.411499,0.0,0.0,
2020-07-24 13:00:00,294.7212,999.1079,4.5007076,19.729794,0.0,0.0,
2020-07-24 14:00:00,293.9083,999.4289,4.9163837,20.996935,0.0,0.0,
2020-07-24 15:00:00,293.22073,999.5279,5.193483,22.196093,0.0,0.0,
2020-07-24 16:00:00,292.62067,999.557,5.3640537,23.289156,0.0,0.0,
2020-07-24 17:00:00,292.0653,999.315,5.3874006,24.281872,0.0,0.0,
2020-07-24 18:00:00,291.5163,999.1359,5.316786,25.263416,0.0,0.0,
2020-07-24 19:00:00,289.94647,999.3004,4.4318585,28.453886,0.0,0.0,
2020-07-24 20:00:00,289.34564,999.3206,4.23761,29.857836,0.0,0.0,
2020-07-24 21:00:00,288.81927,999.66205,4.124044,31.232761,0.0,0.0,
2020-07-24 22:00:00,288.35315,1000.0563,4.0316896,32.607517,0.0,0.0,
2020-07-24 23:00:00,288.88928,1000.7322,3.8986053,32.08869,0.0,0.0,
2020-07-25 00:00:00,291.8382,1001.185,4.6075983,27.053604,0.0,0.0,
2020-07-25 01:00:00,295.07495,1001.3489,5.3878694,22.513872,0.0,0.0,
2020-07-25 02:00:00,298.11285,1000.94556,5.699061,19.042938,0.0,0.0,
2020-07-25 03:00:00,300.38245,1000.0836,6.2740145,16.712036,0.0,0.0,
2020-07-25 04:00:00,301.3775,999.10126,6.1030273,15.235333,0.0,0.0,
2020-07-25 05:00:00,302.08337,998.4803,5.665104,14.119543,0.0,0.0,
2020-07-25 06:00:00,302.49918,997.89984,5.506059,13.360664,0.0,0.0,
2020-07-25 07:00:00,302.28674,997.8102,5.293515,12.722516,0.0,0.0,
2020-07-25 08:00:00,302.03577,998.29694,5.455683,12.759241,0.0,0.0,
2020-07-25 09:00:00,301.07007,998.7788,4.7269173,13.41452,0.0,0.0,
2020-07-25 10:00:00,299.16852,999.53986,4.223417,14.963414,0.0,0.0,
2020-07-25 11:00:00,297.71945,999.7492,4.2740555,16.224838,0.0,0.0,
2020-07-25 12:00:00,296.48938,1000.2433,4.4066954,17.424055,0.0,0.0,
2020-07-25 13:00:00,295.38794,1000.51166,4.509833,18.67278,0.0,0.0,
2020-07-25 14:00:00,294.4347,1000.6318,4.698221,19.921156,0.0,0.0,
2020-07-25 15:00:00,293.6292,1000.80884,4.804224,21.165194,0.0,0.0,
2020-07-25 16:00:00,292.9063,1000.78107,4.7131047,22.472893,0.0,0.0,
2020-07-25 17:00:00,292.20404,1000.6428,4.532091,23.905058,0.0,0.0,
2020-07-25 18:00:00,291.48102,1000.16547,4.3505564,25.529745,0.0,0.0,
2020-07-25 19:00:00,290.08527,999.8172,4.1008906,28.799074,0.0,0.0,
2020-07-25 20:00:00,289.3157,999.9339,3.9942188,31.084002,0.0,0.0,
2020-07-25 21:00:00,288.69455,1000.4631,3.9096622,33.150536,0.0,0.0,
2020-07-25 22:00:00,288.15582,1000.9564,3.9176388,35.037624,0.0,0.0,
2020-07-25 23:00:00,288.6947,1001.96533,3.9430015,34.40355,0.0,0.0,
2020-07-26 00:00:00,291.625,1002.5427,4.847046,28.460745,0.0,0.0,
2020-07-26 01:00:00,294.74084,1002.82794,5.94868,23.030802,0.0,0.0,
2020-07-26 02:00:00,297.6328,1002.2059,6.470619,18.761475,0.0,0.0,
2020-07-26 03:00:00,299.91284,1001.35175,7.099634,15.627453,0.0,0.0,
2020-07-26 04:00:00,300.96173,1000.1032,6.8415947,13.505006,0.0,0.0,
2020-07-26 05:00:00,301.5913,999.1855,6.549978,11.94462,0.0,0.0,
2020-07-26 06:00:00,301.91666,998.3039,6.345527,10.862879,0.0,0.0,
2020-07-26 07:00:00,302.1035,997.85706,5.622615,11.7936735,0.0,0.0,
2020-07-26 08:00:00,301.78882,997.9114,5.5821915,11.686875,0.0,0.0,
2020-07-26 09:00:00,300.74463,998.4112,4.536189,12.179625,0.0,0.0,
2020-07-26 10:00:00,298.60516,998.7255,3.9155798,13.613823,0.0,0.0,
2020-07-26 11:00:00,297.0166,999.42236,4.1575885,14.657082,0.0,0.0,
2020-07-26 12:00:00,295.70468,1000.21124,4.429262,15.606289,0.0,0.0,
2020-07-26 13:00:00,294.56354,1000.65204,4.636574,16.712084,0.0,0.0,
2020-07-26 14:00:00,293.519,1000.8512,4.6973033,18.048937,0.0,0.0,
2020-07-26 15:00:00,292.5484,1000.7067,4.5945463,19.54769,0.0,0.0,
2020-07-26 16:00:00,291.64966,1000.9226,4.4255676,21.154152,0.0,0.0,
2020-07-26 17:00:00,290.78857,1000.7261,4.3285437,22.799099,0.0,0.0,
2020-07-26 18:00:00,290.0217,1000.4747,4.3093286,24.303093,0.0,0.0,
2020-07-26 19:00:00,288.82977,1000.1739,4.246848,27.024593,0.0,0.0,
2020-07-26 20:00:00,288.1164,1000.31335,4.082391,28.5779,0.0,0.0,
2020-07-26 21:00:00,287.4348,1000.5067,3.8728225,30.080933,0.0,0.0,
2020-07-26 22:00:00,286.78998,1001.1908,3.7019475,31.579006,0.0,0.0,
2020-07-26 23:00:00,287.16293,1001.84436,3.4230883,31.091381,0.0,0.0,
2020-07-27 00:00:00,290.2068,1002.4229,4.025838,25.389967,0.0,0.0,
2020-07-27 01:00:00,293.40564,1002.6409,4.585968,20.630838,0.0,0.0,
2020-07-27 02:00:00,296.29974,1001.8233,5.0452657,16.925205,0.0,0.0,
2020-07-27 03:00:00,298.4409,1000.7467,6.164419,13.559275,0.0,0.0,
2020-07-27 04:00:00,299.9002,999.3931,5.9133697,11.378509,0.0,0.0,
2020-07-27 05:00:00,301.05063,998.2573,5.5851083,9.941302,0.0,0.0,
2020-07-27 06:00:00,301.79108,997.0997,5.3425035,9.073018,0.0,0.0,
2020-07-27 07:00:00,302.60892,996.56696,5.2241516,8.22264,0.0,0.0,
2020-07-27 08:00:00,302.35907,996.33453,5.047556,8.243396,0.0,0.0,
2020-07-27 09:00:00,301.23108,996.84644,4.007208,8.964353,0.0,0.0,
2020-07-27 10:00:00,298.91187,997.4035,3.7852643,10.651865,0.0,0.0,
2020-07-27 11:00:00,297.16937,997.8892,4.106825,12.312378,0.0,0.0,
2020-07-27 12:00:00,295.75482,998.5398,4.364729,14.065339,0.0,0.0,
2020-07-27 13:00:00,294.5641,998.78735,4.554199,15.912126,0.0,0.0,
2020-07-27 14:00:00,293.52972,998.8605,4.680257,17.865751,0.0,0.0,
2020-07-27 15:00:00,292.6209,999.05347,4.7193103,19.921606,0.0,0.0,
2020-07-27 16:00:00,291.81885,998.9932,4.65951,21.998735,0.0,0.0,
2020-07-27 17:00:00,291.09015,998.9947,4.5561295,24.01426,0.0,0.0,
2020-07-27 18:00:00,290.36636,998.80664,4.3833246,25.995922,0.0,0.0,
2020-07-27 19:00:00,289.0661,998.7823,4.0799513,30.11944,0.0,0.0,
2020-07-27 20:00:00,288.3057,999.0361,3.9723556,32.80795,0.0,0.0,
2020-07-27 21:00:00,287.673,999.3947,3.7783296,35.190548,0.0,0.0,
2020-07-27 22:00:00,287.11044,1000.03064,3.62134,37.343307,0.0,0.0,
2020-07-27 23:00:00,287.62186,1000.64935,3.350436,36.780025,0.0,0.0,
2020-07-28 00:00:00,290.9314,1000.89703,3.9243183,29.473629,0.0,0.0,
2020-07-28 01:00:00,294.2439,1001.1356,4.986816,23.303856,0.0,0.0,
2020-07-28 02:00:00,297.03583,1000.3489,6.252306,18.6687,0.0,0.0,
2020-07-28 03:00:00,299.16373,999.24585,7.189658,15.031531,0.0,0.0,
2020-07-28 04:00:00,300.75418,997.89166,6.981977,12.653833,0.0,0.0,
2020-07-28 05:00:00,301.95013,997.02026,6.516001,11.048308,0.0,0.0,
2020-07-28 06:00:00,302.69092,996.3116,6.026957,10.0753145,0.0,0.0,
2020-07-28 07:00:00,303.24683,995.725,5.655671,9.51676,0.0,0.0,
2020-07-28 08:00:00,302.9665,995.683,5.3514442,9.512038,0.0,0.0,
2020-07-28 09:00:00,301.7339,996.2439,4.001993,10.370786,0.0,0.0,
2020-07-28 10:00:00,299.3474,996.6866,3.6878667,12.396191,0.0,0.0,
2020-07-28 11:00:00,297.56775,997.2975,3.9263623,14.133128,0.0,0.0,
2020-07-28 12:00:00,296.07898,997.97174,4.2338276,15.545026,0.0,0.0,
2020-07-28 13:00:00,294.80515,998.5131,4.5368786,16.699959,0.0,0.0,
2020-07-28 14:00:00,293.72516,998.6822,4.7798805,17.674355,0.0,0.0,
2020-07-28 15:00:00,292.78815,998.90594,4.7990704,18.67368,0.0,0.0,
2020-07-28 16:00:00,291.90265,999.0764,4.736741,19.828585,0.0,0.0,
2020-07-28 17:00:00,291.04144,999.1872,4.6675415,21.113525,0.0,0.0,
2020-07-28 18:00:00,290.24646,999.01294,4.718467,22.378168,0.0,0.0,
2020-07-28 19:00:00,289.0622,998.6786,4.4730444,25.974672,0.0,0.0,
2020-07-28 20:00:00,288.35757,998.8228,4.3564205,27.552105,0.0,0.0,
2020-07-28 21:00:00,287.79175,999.2759,4.3660684,28.918728,0.0,0.0,
2020-07-28 22:00:00,287.34235,1000.01514,4.480609,30.129385,0.0,0.0,
2020-07-28 23:00:00,287.98306,1000.61127,4.4569273,29.476557,0.0,0.0,
2020-07-29 00:00:00,290.98773,1001.2662,5.18883,25.14749,0.0012874602,0.0,
2020-07-29 01:00:00,294.1985,1001.4487,6.2130885,21.705452,0.0,0.0,
2020-07-29 02:00:00,296.91656,1000.96155,7.0828032,18.599743,0.0,0.0,
2020-07-29 03:00:00,298.95792,999.647,7.1150002,15.060624,0.0,0.0,
2020-07-29 04:00:00,300.54062,998.3361,6.514984,12.4960785,0.0,0.0,
2020-07-29 05:00:00,301.7724,997.4331,6.00053,10.748144,0.0,0.0,
2020-07-29 06:00:00,302.53082,996.6407,5.6145134,9.683677,0.0,0.0,
2020-07-29 07:00:00,303.3764,996.08185,5.3300037,8.992681,0.0,0.0,
2020-07-29 08:00:00,303.2125,996.1605,5.1154747,8.801102,0.0,0.0,
2020-07-29 09:00:00,302.03467,996.83453,3.8995168,9.516675,0.0,0.0,
2020-07-29 10:00:00,299.66098,997.41986,3.712162,11.243746,0.0,0.0,
2020-07-29 11:00:00,297.9099,998.3275,3.8995497,12.700971,0.0,0.0,
2020-07-29 12:00:00,296.3858,998.89954,4.0578394,14.033916,0.0,0.0,
2020-07-29 13:00:00,295.0637,999.3521,4.1420765,15.310207,0.0,0.0,
2020-07-29 14:00:00,293.88614,999.4886,4.2033997,16.60645,0.0,0.0,
2020-07-29 15:00:00,292.83804,999.5461,4.2312245,17.853031,0.0,0.0,
2020-07-29 16:00:00,291.92908,999.6078,4.3884015,18.942156,0.0,0.0,
2020-07-29 17:00:00,291.1576,999.5488,4.5037403,19.736204,0.0,0.0,
2020-07-29 18:00:00,290.49835,999.5427,4.522402,20.187374,0.0,0.0,
2020-07-29 19:00:00,289.0365,999.35345,4.2263956,22.427984,0.0,0.0,
2020-07-29 20:00:00,288.18423,999.1514,4.049503,23.552544,0.0,0.0,
2020-07-29 21:00:00,287.51862,999.90686,4.0196457,24.542381,0.0,0.0,
2020-07-29 22:00:00,287.00464,1000.5611,4.129915,25.34579,0.0,0.0,
2020-07-29 23:00:00,287.76166,1001.42413,4.1314044,24.266998,0.0,0.0,
2020-07-30 00:00:00,291.1673,1002.1287,4.79663,19.706324,0.0012993813,0.0,
2020-07-30 01:00:00,294.5567,1002.01843,5.9513426,16.681738,0.0,0.0,
2020-07-30 02:00:00,297.48822,1001.5975,6.7553263,14.557322,0.0,0.0,
2020-07-30 03:00:00,299.86414,1000.21954,7.1151714,11.781777,0.0,0.0,
2020-07-30 04:00:00,301.72015,998.8705,6.9880204,9.407773,0.0,0.0,
2020-07-30 05:00:00,303.05713,997.6433,6.6573043,7.7748833,0.0,0.0,
2020-07-30 06:00:00,303.88632,996.6297,6.315637,6.7828813,0.0,0.0,
2020-07-30 07:00:00,304.5163,995.82904,6.2561283,6.4112554,0.0,0.0,
2020-07-30 08:00:00,304.19675,995.88513,5.8171296,6.423527,0.0,0.0,
2020-07-30 09:00:00,302.7854,996.5204,4.24564,7.199139,0.0,0.0,
2020-07-30 10:00:00,300.1915,997.33,3.846919,8.794873,0.0,0.0,
2020-07-30 11:00:00,298.21857,998.1054,4.0186577,10.358135,0.0,0.0,
2020-07-30 12:00:00,296.60376,998.974,4.1644692,11.761349,0.0,0.0,
2020-07-30 13:00:00,295.199,999.20685,4.2948847,13.0071,0.0,0.0,
2020-07-30 14:00:00,294.0069,999.41797,4.374208,14.016104,0.0,0.0,
2020-07-30 15:00:00,292.97726,999.35345,4.4477696,14.913244,0.0,0.0,
2020-07-30 16:00:00,292.12335,999.3145,4.6075244,15.754583,0.0,0.0,
2020-07-30 17:00:00,291.4343,999.0513,4.73219,16.603035,0.0,0.0,
2020-07-30 18:00:00,290.8383,998.8259,4.7671223,17.585278,0.0,0.0,
2020-07-30 19:00:00,289.3465,998.64984,4.4280524,20.656595,0.0,0.0,
2020-07-30 20:00:00,288.5802,998.6898,4.2428565,22.628904,0.0,0.0,
2020-07-30 21:00:00,287.97748,999.15576,4.0202775,24.64214,0.0,0.0,
2020-07-30 22:00:00,287.47552,999.738,3.9203794,26.647848,0.0,0.0,
2020-07-30 23:00:00,288.1651,1000.29456,3.7175646,26.818436,0.0,0.0,
2020-07-31 00:00:00,291.59183,1000.72687,4.2107286,22.774302,0.0012844801,0.0,
2020-07-31 01:00:00,294.9583,1000.8706,4.952986,19.86143,0.0,0.0,
2020-07-31 02:00:00,297.81732,1000.17847,5.279874,17.894798,0.0,0.0,
2020-07-31 03:00:00,300.27118,999.2264,5.3511267,15.977186,0.0,0.0,
2020-07-31 04:00:00,302.24316,997.9525,5.1368275,14.167933,0.0,0.0,
2020-07-31 05:00:00,303.73462,996.89404,4.602556,12.7939005,0.0,0.0,
2020-07-31 06:00:00,304.73315,996.3031,4.104671,11.873751,0.0,0.0,
2020-07-31 07:00:00,305.61932,995.71826,3.7878106,10.600234,0.0,0.0,
2020-07-31 08:00:00,305.5873,995.54376,3.5142155,10.42461,0.0,0.0,
2020-07-31 09:00:00,304.62256,995.99976,2.5225508,11.18733,0.0,0.0,
2020-07-31 10:00:00,302.66882,996.4564,2.9927845,12.9849,0.0,0.0,
2020-07-31 11:00:00,300.1875,997.12787,3.4472806,15.413547,0.0,0.0,
2020-07-31 12:00:00,298.36688,997.6928,3.7615302,17.36648,0.0,0.0,
2020-07-31 13:00:00,296.9948,997.72565,4.1088386,18.803438,0.0,0.0,
2020-07-31 14:00:00,295.98444,997.6928,4.2908173,19.701742,0.0,0.0,
2020-07-31 15:00:00,295.04352,997.63086,4.2466607,20.64402,0.0,0.0,
2020-07-31 16:00:00,294.14258,997.7463,4.2647924,21.840607,0.0,0.0,
2020-07-31 17:00:00,293.37344,997.7391,4.406593,23.018703,0.0,0.0,
2020-07-31 18:00:00,292.7487,997.5455,4.589069,23.979279,0.0,0.0,
2020-07-31 19:00:00,291.1217,997.80273,4.3854427,25.854677,0.0,0.0,
2020-07-31 20:00:00,290.49637,997.8853,4.1833816,27.03123,0.0,0.0,
2020-07-31 21:00:00,289.90833,998.46954,3.8789446,28.247952,0.0,0.0,
2020-07-31 22:00:00,289.3346,999.3898,3.8366497,29.469303,0.0,0.0,
2020-07-31 23:00:00,289.92163,999.9472,3.7781465,28.532734,0.0,0.0,
2020-08-01 00:00:00,293.28265,1000.5829,4.5644627,22.837206,0.0,0.0,
2020-08-01 01:00:00,296.7741,1000.8106,5.614024,17.765942,0.0,0.0,
2020-08-01 02:00:00,299.79523,1000.34045,6.05466,14.182019,0.0,0.0,
2020-08-01 03:00:00,302.16138,999.36755,6.2300124,12.014924,0.0,0.0,
2020-08-01 04:00:00,303.711,997.9077,5.7778516,10.664658,0.0,0.0,
2020-08-01 05:00:00,304.70337,996.63745,5.095027,9.806918,0.0,0.0,
2020-08-01 06:00:00,305.27823,996.0068,4.523078,9.348557,0.0,0.0,
2020-08-01 07:00:00,305.78436,995.3058,4.2427125,9.115748,0.0,0.0,
2020-08-01 08:00:00,305.55304,995.4564,3.9180117,9.136699,0.0,0.0,
2020-08-01 09:00:00,304.44012,995.78546,2.9336426,9.895353,0.0,0.0,
2020-08-01 10:00:00,302.31906,996.5539,3.161262,11.485844,0.0,0.0,
2020-08-01 11:00:00,300.21274,996.95306,3.3798075,13.169729,0.0,0.0,
2020-08-01 12:00:00,298.43005,997.4476,3.641967,14.6415415,0.0,0.0,
2020-08-01 13:00:00,296.9577,997.7175,3.78506,15.914249,0.0,0.0,
2020-08-01 14:00:00,295.69452,997.7438,3.821577,17.054255,0.0,0.0,
2020-08-01 15:00:00,294.5722,997.8091,3.8776684,18.036291,0.0,0.0,
2020-08-01 16:00:00,293.55463,997.65546,3.899901,18.824213,0.0,0.0,
2020-08-01 17:00:00,292.64273,997.46606,3.89014,19.426308,0.0,0.0,
2020-08-01 18:00:00,291.875,997.27686,3.9741542,19.781635,0.0,0.0,
2020-08-01 19:00:00,290.21655,997.3222,3.783459,22.847696,0.0,0.0,
2020-08-01 20:00:00,289.2787,997.2505,3.8448315,23.881023,0.0,0.0,
2020-08-01 21:00:00,288.7125,997.34344,3.8085806,24.340794,0.0,0.0,
2020-08-01 22:00:00,288.27243,998.13983,3.7246773,24.708,0.0,0.0,
2020-08-01 23:00:00,289.04056,999.1044,3.5247846,23.35261,0.0,0.0,
2020-08-02 00:00:00,292.97293,999.55347,3.8037252,17.79139,0.0,0.0,
2020-08-02 01:00:00,297.04117,999.67206,4.6168976,13.471542,0.0,0.0,
2020-08-02 02:00:00,300.25302,999.01953,5.230908,10.7579975,0.0,0.0,
2020-08-02 03:00:00,302.24762,997.8295,5.34527,9.077204,0.0,0.0,
2020-08-02 04:00:00,303.25702,996.1973,4.400417,7.8465304,0.0,0.0,
2020-08-02 05:00:00,303.93,995.1869,3.5556536,6.8697505,0.0,0.0,
2020-08-02 06:00:00,304.2898,994.5072,2.7748272,6.277688,0.0,0.0,
2020-08-02 07:00:00,304.41302,994.2559,1.9033535,6.5352015,0.0,0.0,
2020-08-02 08:00:00,304.15622,994.27545,1.8276116,6.4478307,0.0,0.0,
2020-08-02 09:00:00,303.42603,994.4548,1.7836887,6.8947144,0.0,0.0,
2020-08-02 10:00:00,301.92267,994.65283,2.2012117,8.047663,0.0,0.0,
2020-08-02 11:00:00,299.894,995.27,2.5772622,9.766021,0.0,0.0,
2020-08-02 12:00:00,297.70416,995.6228,2.954656,11.477894,0.0,0.0,
2020-08-02 13:00:00,295.82184,995.99695,3.1013124,13.032985,0.0,0.0,
2020-08-02 14:00:00,294.28064,996.1395,3.106129,14.520725,0.0,0.0,
2020-08-02 15:00:00,292.9112,996.1108,3.0393329,16.037003,0.0,0.0,
2020-08-02 16:00:00,291.71838,995.8462,3.0144086,17.49736,0.0,0.0,
2020-08-02 17:00:00,290.6687,995.7151,3.0641465,18.711752,0.0,0.0,
2020-08-02 18:00:00,289.71744,995.2912,3.0351722,19.787619,0.0,0.0,
2020-08-02 19:00:00,288.5957,995.0839,3.0485399,22.39499,0.0,0.0,
2020-08-02 20:00:00,287.74207,995.08453,3.0510352,23.649948,0.0,0.0,
2020-08-02 21:00:00,287.109,995.5092,2.9413438,24.762003,0.0,0.0,
2020-08-02 22:00:00,286.34702,996.1295,2.5487757,26.913425,0.0,0.0,
2020-08-02 23:00:00,286.6723,996.8611,1.7325077,29.62888,0.0,0.0,
2020-08-03 00:00:00,291.21854,997.5739,1.5279313,20.062313,0.0,0.0,
2020-08-03 01:00:00,295.64044,997.58374,1.8267298,14.663061,0.0,0.0,
2020-08-03 02:00:00,299.44247,997.28595,2.4366376,11.387921,0.0,0.0,
2020-08-03 03:00:00,301.9782,996.0325,3.3463247,10.084716,0.0,0.0,
2020-08-03 04:00:00,303.48486,994.8897,3.4984858,9.33825,0.0,0.0,
2020-08-03 05:00:00,304.2387,993.85065,2.7837718,8.685468,0.0,0.0,
2020-08-03 06:00:00,304.62625,992.9941,2.2270303,8.305211,0.0,0.0,
2020-08-03 07:00:00,305.0085,992.57776,2.0084922,8.915531,0.0,0.0,
2020-08-03 08:00:00,304.78076,992.3191,1.8599722,8.961655,0.0,0.0,
2020-08-03 09:00:00,304.1089,992.4137,1.5924977,9.480687,0.0,0.0,
2020-08-03 10:00:00,302.78064,992.84766,1.3492453,10.673853,0.0,0.0,
2020-08-03 11:00:00,300.70953,993.14734,1.1591502,16.589344,0.0,0.0,
2020-08-03 12:00:00,298.7461,993.78784,1.4748639,17.543007,0.0,0.0,
2020-08-03 13:00:00,296.52753,994.1094,2.1811202,19.661104,0.0,0.0,
2020-08-03 14:00:00,294.98282,994.33563,2.5659037,21.697662,0.0,0.0,
2020-08-03 15:00:00,293.7412,994.3658,2.671843,25.131723,0.0,0.0,
2020-08-03 16:00:00,292.73495,994.3762,2.7307358,28.951723,0.0,0.0,
2020-08-03 17:00:00,291.79926,994.40594,2.8093703,33.290367,0.0,0.0,
2020-08-03 18:00:00,290.85492,994.4268,2.7069325,38.672752,0.0,0.0,
2020-08-03 19:00:00,289.9752,994.28705,3.0176773,47.970695,0.0,0.0,
2020-08-03 20:00:00,289.29877,994.49133,2.9564252,56.201084,0.0,0.0,
2020-08-03 21:00:00,288.726,994.7946,2.9560714,63.508923,0.0,0.0,
2020-08-03 22:00:00,288.2992,995.46545,2.9488583,68.94019,0.0,0.0,
2020-08-03 23:00:00,288.99255,996.2011,2.4690912,68.99115,0.0,0.0,
2020-08-04 00:00:00,292.6572,996.66016,2.469747,59.19305,0.0,0.0,
2020-08-04 01:00:00,295.77448,996.8209,2.817928,52.032173,0.0,0.0,
2020-08-04 02:00:00,298.33856,996.16156,2.9178267,41.105717,0.0,0.0,
2020-08-04 03:00:00,300.513,994.90424,2.9683275,32.629356,0.0,0.0,
2020-08-04 04:00:00,302.09406,993.854,2.8724413,27.90236,0.0,0.0,
2020-08-04 05:00:00,303.13226,992.6167,2.6777673,25.086721,0.0,0.0,
2020-08-04 06:00:00,303.84222,991.9523,2.5783749,23.383757,0.0,0.0,
2020-08-04 07:00:00,304.71124,991.4736,2.6362774,19.463902,0.0,0.0,
2020-08-04 08:00:00,304.67572,991.557,2.6780849,19.199966,0.0,0.0,
2020-08-04 09:00:00,304.03326,991.7017,2.4361064,20.079493,0.0,0.0,
2020-08-04 10:00:00,302.35443,992.1995,2.7054274,23.077911,0.0,0.0,
2020-08-04 11:00:00,300.5605,992.7408,3.210385,27.112705,0.0,0.0,
2020-08-04 12:00:00,299.15784,993.3283,3.4506857,31.060743,0.0,0.0,
2020-08-04 13:00:00,298.0002,993.7527,3.485931,34.345337,0.0,0.0,
2020-08-04 14:00:00,296.95856,993.85236,3.7332425,36.76814,0.0,0.0,
2020-08-04 15:00:00,295.95258,993.7736,4.342805,38.7865,0.0,0.0,
2020-08-04 16:00:00,295.0914,993.7799,4.9081473,42.36731,0.0,0.0,
2020-08-04 17:00:00,294.3282,993.8017,4.898382,49.76318,0.0,0.0,
2020-08-04 18:00:00,293.62146,993.7266,4.2448807,57.650967,0.0,0.0,
2020-08-04 19:00:00,292.59265,994.0468,3.7059512,69.44739,0.0,0.0,
2020-08-04 20:00:00,291.9243,993.9592,3.433916,75.08479,0.0,0.0,
2020-08-04 21:00:00,291.3766,994.3836,3.23896,80.03945,0.0,0.0,
2020-08-04 22:00:00,290.8677,995.14087,3.0499263,84.69678,0.0,0.0,
2020-08-04 23:00:00,291.41302,995.72235,2.704545,83.794624,0.0,0.0,
2020-08-05 00:00:00,293.67236,996.47766,3.6290386,75.73983,0.0,0.0,
2020-08-05 01:00:00,295.9107,996.525,5.0785503,65.38625,0.0,0.0,
2020-08-05 02:00:00,297.5971,996.0505,4.9892282,56.756973,0.0,0.0,
2020-08-05 03:00:00,299.20697,994.8375,5.1125093,48.525257,0.0,0.0,
2020-08-05 04:00:00,300.6153,993.6425,5.551488,42.388897,0.0,0.0,
2020-08-05 05:00:00,301.67767,992.39575,6.055372,38.541145,0.0,0.0,
2020-08-05 06:00:00,302.32144,991.53674,6.336335,36.123505,0.0,0.0,
2020-08-05 07:00:00,303.1242,990.70135,6.4280453,33.14669,0.0,0.0,
2020-08-05 08:00:00,302.8122,990.7505,6.526962,33.423126,0.0,0.0,
2020-08-05 09:00:00,301.9307,990.88513,6.0510607,34.9936,0.0,0.0,
2020-08-05 10:00:00,300.608,991.4489,4.689479,37.62921,0.0,0.0,
2020-08-05 11:00:00,299.4504,991.76624,4.1010914,40.06412,0.0,0.0,
2020-08-05 12:00:00,298.3186,992.5656,3.5758054,42.670498,0.0,0.0,
2020-08-05 13:00:00,297.20053,993.2104,3.2596738,45.16316,0.0,0.0,
2020-08-05 14:00:00,296.13593,993.7078,3.164945,46.80723,0.0,0.0,
2020-08-05 15:00:00,295.10028,994.177,3.1693175,47.82436,0.0,0.0,
2020-08-05 16:00:00,294.12067,994.4075,3.0050492,48.588257,0.0,0.0,
2020-08-05 17:00:00,293.13904,994.23706,2.815336,48.496513,0.0,0.0,
2020-08-05 18:00:00,292.08075,994.2061,2.7039568,46.216183,0.0,0.0,
2020-08-05 19:00:00,291.10144,994.29346,3.033218,34.263695,0.0,0.0,
2020-08-05 20:00:00,290.10217,995.0064,3.1159978,34.11451,0.0,0.0,
2020-08-05 21:00:00,289.2184,995.3895,2.9010584,34.968304,0.0,0.0,
2020-08-05 22:00:00,288.34457,996.5676,2.6745896,36.422985,0.0,0.0,
2020-08-05 23:00:00,288.54956,997.45874,2.1402872,36.524803,0.0,0.0,
2020-08-06 00:00:00,291.5692,998.1203,3.0978398,28.422707,0.0,0.0,
2020-08-06 01:00:00,293.852,998.4911,4.552898,24.566551,0.0,0.0,
2020-08-06 02:00:00,295.80627,998.19336,5.440998,21.524092,0.0,0.0,
2020-08-06 03:00:00,297.30124,997.563,5.1182065,18.83724,0.0,0.0,
2020-08-06 04:00:00,298.47083,996.5092,5.0961084,16.764091,0.0,0.0,
2020-08-06 05:00:00,299.3211,995.52783,5.1285806,14.984605,0.0,0.0,
2020-08-06 06:00:00,299.8482,994.8914,5.1044664,13.733891,0.0,0.0,
2020-08-06 07:00:00,299.40482,994.5904,5.0766144,15.774433,0.0,0.0,
2020-08-06 08:00:00,299.0769,994.6933,5.1262627,15.606497,0.0,0.0,
2020-08-06 09:00:00,298.1119,994.6898,4.8896008,16.304134,0.0,0.0,
2020-08-06 10:00:00,296.4568,995.2385,4.191663,18.015678,0.0,0.0,
2020-08-06 11:00:00,295.14636,995.82587,4.2643957,19.283262,0.0,0.0,
2020-08-06 12:00:00,294.0011,996.6428,4.36604,20.33535,0.0,0.0,
2020-08-06 13:00:00,292.92303,997.0722,4.4599166,21.456982,0.0,0.0,
2020-08-06 14:00:00,291.92682,997.4675,4.5637617,22.730354,0.0,0.0,
2020-08-06 15:00:00,291.01526,997.551,4.700126,24.153128,0.0,0.0,
2020-08-06 16:00:00,290.1934,997.46344,4.6658716,25.740095,0.0,0.0,
2020-08-06 17:00:00,289.41467,997.4127,4.3073435,27.513672,0.0,0.0,
2020-08-06 18:00:00,288.58105,997.46014,3.6832478,29.555777,0.0,0.0,
2020-08-06 19:00:00,287.13464,997.4688,2.8715355,34.266193,0.0,0.0,
2020-08-06 20:00:00,286.26227,997.531,2.7564094,36.929974,0.0,0.0,
2020-08-06 21:00:00,285.6115,997.9246,2.8187459,38.886574,0.0,0.0,
2020-08-06 22:00:00,285.15582,998.4361,2.9666476,40.134823,0.0,0.0,
2020-08-06 23:00:00,286.2259,999.07196,3.1677105,37.442104,0.0,0.0,
2020-08-07 00:00:00,289.91296,999.32733,4.4484496,29.813885,0.0,0.0,
2020-08-07 01:00:00,292.54218,999.84125,6.200839,28.828297,0.0,0.0,
2020-08-07 02:00:00,294.76636,999.62,6.1990275,27.341621,0.0,0.0,
2020-08-07 03:00:00,296.65125,999.0966,5.601934,24.326254,0.0,0.0,
2020-08-07 04:00:00,298.1179,997.93884,5.0086646,21.342182,0.0,0.0,
2020-08-07 05:00:00,299.21558,997.0031,4.482079,19.259014,0.0,0.0,
2020-08-07 06:00:00,299.87677,996.14764,4.1042295,17.82546,0.0,0.0,
2020-08-07 07:00:00,300.3063,996.1294,3.0593853,15.576265,0.0,0.0,
2020-08-07 08:00:00,300.15717,996.0009,3.0774355,15.663752,0.0,0.0,
2020-08-07 09:00:00,299.47937,996.5139,2.9784887,16.783146,0.0,0.0,
2020-08-07 10:00:00,297.67914,997.0835,3.0670674,19.662403,0.0,0.0,
2020-08-07 11:00:00,296.10645,997.57733,3.4314716,22.806805,0.0,0.0,
2020-08-07 12:00:00,294.76837,998.2721,3.802289,25.981144,0.0,0.0,
2020-08-07 13:00:00,293.6651,998.5815,4.2659206,28.904564,0.0,0.0,
2020-08-07 14:00:00,292.7771,998.6295,4.7138686,31.426743,0.0,0.0,
2020-08-07 15:00:00,292.04895,998.5772,4.973084,33.550392,0.0,0.0,
2020-08-07 16:00:00,291.40137,998.52814,4.930807,35.384117,0.0,0.0,
2020-08-07 17:00:00,290.7631,998.40234,4.6864753,37.07074,0.0,0.0,
2020-08-07 18:00:00,290.12833,998.2683,4.5102,38.70502,0.0,0.0,
2020-08-07 19:00:00,288.61603,998.0285,3.7371025,43.11584,0.0,0.0,
2020-08-07 20:00:00,287.8911,998.113,3.6364357,45.520367,0.0,0.0,
2020-08-07 21:00:00,287.2998,998.2441,3.6617837,47.559105,0.0,0.0,
2020-08-07 22:00:00,286.85312,998.8686,3.704638,49.136997,0.0,0.0,
2020-08-07 23:00:00,287.6759,999.75903,3.6299834,46.753937,0.0,0.0,
2020-08-08 00:00:00,290.49176,1000.35205,4.9300423,38.656986,0.0,0.0,
2020-08-08 01:00:00,293.33914,1000.5421,5.724655,31.893305,0.0,0.0,
2020-08-08 02:00:00,296.2755,999.9344,5.850806,25.788847,0.0,0.0,
2020-08-08 03:00:00,298.7935,998.93994,5.491869,20.473824,0.0,0.0,
2020-08-08 04:00:00,300.50287,997.57153,4.551944,17.287287,0.0,0.0,
2020-08-08 05:00:00,301.63287,996.55115,3.5844007,15.680048,0.0,0.0,
2020-08-08 06:00:00,302.21243,995.65216,2.509412,14.802572,0.0,0.0,
2020-08-08 07:00:00,302.11945,995.52856,1.7181907,13.916603,0.0,0.0,
2020-08-08 08:00:00,302.01013,995.90173,1.5535173,13.67206,0.0,0.0,
2020-08-08 09:00:00,301.46368,996.07947,1.9314953,14.05374,0.0,0.0,
2020-08-08 10:00:00,299.69336,996.78015,3.0631378,15.859818,0.0,0.0,
2020-08-08 11:00:00,297.95346,996.89923,3.6641204,17.711048,0.0,0.0,
2020-08-08 12:00:00,296.58615,997.33575,4.1549582,19.250235,0.0,0.0,
2020-08-08 13:00:00,295.40176,997.5122,4.4430237,20.534153,0.0,0.0,
2020-08-08 14:00:00,294.36804,997.68634,4.5100665,21.541643,0.0,0.0,
2020-08-08 15:00:00,293.42484,997.7753,4.3569956,22.374733,0.0,0.0,
2020-08-08 16:00:00,292.56046,998.0209,4.1104674,23.124176,0.0,0.0,
2020-08-08 17:00:00,291.71445,998.1139,3.7641757,23.95968,0.0,0.0,
2020-08-08 18:00:00,290.88403,998.22687,3.5071564,24.970522,0.0,0.0,
2020-08-08 19:00:00,289.4209,997.66705,3.3619964,29.080845,0.0,0.0,
2020-08-08 20:00:00,288.67786,997.5179,3.4771206,30.33611,0.0,0.0,
2020-08-08 21:00:00,288.24316,997.60956,3.4213076,31.08679,0.0,0.0,
2020-08-08 22:00:00,287.84662,998.40155,3.2897458,31.94153,0.0,0.0,
2020-08-08 23:00:00,288.64996,999.32245,3.0736353,30.42627,0.0,0.0,
2020-08-09 00:00:00,292.3704,999.9222,3.5856676,23.848495,0.0,0.0,
2020-08-09 01:00:00,295.97974,1000.0538,4.318847,19.552288,0.0,0.0,
2020-08-09 02:00:00,299.14734,999.4121,4.6205177,16.712908,0.0,0.0,
2020-08-09 03:00:00,301.60446,998.46204,4.7236047,14.57927,0.0,0.0,
2020-08-09 04:00:00,303.21387,997.1067,4.2468886,13.254741,0.0,0.0,
2020-08-09 05:00:00,304.1811,996.0224,3.4423077,12.581312,0.0,0.0,
2020-08-09 06:00:00,304.75195,995.42596,2.7774935,12.056296,0.0,0.0,
2020-08-09 07:00:00,304.95148,994.90576,2.0837219,11.439427,0.0,0.0,
2020-08-09 08:00:00,304.79257,994.9475,1.6468391,11.4133415,0.0,0.0,
2020-08-09 09:00:00,304.2231,995.04767,1.04999,11.819439,0.0,0.0,
2020-08-09 10:00:00,302.93573,995.2057,1.4122665,12.933686,0.0,0.0,
2020-08-09 11:00:00,301.05484,995.3663,2.2100735,14.894058,0.0,0.0,
2020-08-09 12:00:00,299.25507,995.7085,2.8519685,16.37555,0.0,0.0,
2020-08-09 13:00:00,297.36926,995.8709,2.8417888,18.46901,0.0,0.0,
2020-08-09 14:00:00,295.57993,996.09033,2.374677,21.579641,0.0,0.0,
2020-08-09 15:00:00,295.09558,996.4701,1.422281,22.3168,0.0,0.0,
2020-08-09 16:00:00,293.57233,996.6605,1.2222527,25.434185,0.0,0.0,
2020-08-09 17:00:00,291.86285,996.65656,1.5511698,30.041521,0.0,0.0,
2020-08-09 18:00:00,291.12866,996.3903,1.5069854,33.23068,0.0,0.0,
2020-08-09 19:00:00,289.93494,996.22156,1.6053576,39.676685,0.0,0.0,
2020-08-09 20:00:00,289.29807,996.5357,1.5928891,43.3081,0.0,0.0,
2020-08-09 21:00:00,288.32016,996.9762,2.2784781,46.5141,0.0,0.0,
2020-08-09 22:00:00,287.8165,997.6219,2.502983,49.441154,0.0,0.0,
2020-08-09 23:00:00,288.55377,998.4547,1.6517965,52.344738,0.0,0.0,
2020-08-10 00:00:00,293.6062,999.1291,1.5380908,39.789757,0.0017122189,0.0,
2020-08-10 01:00:00,297.38477,999.47675,1.9943513,34.362705,0.0,0.0,
2020-08-10 02:00:00,299.97034,998.90125,2.4553814,29.548498,0.0,0.0,
2020-08-10 03:00:00,301.98822,997.95844,2.5855777,24.940474,0.0,0.0,
2020-08-10 04:00:00,303.44818,996.53345,2.6558628,22.09698,0.0,0.0,
2020-08-10 05:00:00,304.5846,995.38,2.988933,20.292143,0.0,0.0,
2020-08-10 06:00:00,305.40192,994.5744,3.409547,18.97192,0.0,0.0,
2020-08-10 07:00:00,306.21457,993.5555,4.2640624,17.849207,0.0,0.0,
2020-08-10 08:00:00,306.24725,993.7739,4.591363,17.418373,0.0,0.0,
2020-08-10 09:00:00,305.54285,993.886,4.1490736,17.904638,0.0,0.0,
2020-08-10 10:00:00,303.56006,994.57544,3.5339737,20.237259,0.0,0.0,
2020-08-10 11:00:00,302.025,995.3166,3.913667,22.610882,0.0,0.0,
2020-08-10 12:00:00,300.79956,995.90063,4.593519,25.376299,0.0,0.0,
2020-08-10 13:00:00,299.7502,996.2582,5.215977,29.754942,0.0,0.0,
2020-08-10 14:00:00,298.6668,996.5778,5.228669,35.728554,0.0,0.0,
2020-08-10 15:00:00,297.61517,996.5266,5.1971827,41.291306,0.0,0.0,
2020-08-10 16:00:00,296.68393,996.7488,5.1279464,45.91069,0.0,0.0,
2020-08-10 17:00:00,295.8285,996.7481,4.7953963,50.612556,0.0,0.0,
2020-08-10 18:00:00,295.0714,996.6795,4.1375747,55.872803,0.0,0.0,
2020-08-10 19:00:00,293.87888,996.775,3.453652,63.007713,0.0,0.0,
2020-08-10 20:00:00,293.2196,996.8045,2.962098,68.03885,0.0,0.0,
2020-08-10 21:00:00,292.63934,997.0044,2.55186,72.756004,0.0,0.0,
2020-08-10 22:00:00,292.129,997.6912,2.4065673,77.075424,0.0,0.0,
2020-08-10 23:00:00,292.8991,998.22986,2.1295142,75.32652,0.0,0.0,
2020-08-11 00:00:00,295.52335,998.54095,2.5977414,67.76117,0.0,0.0,
2020-08-11 01:00:00,297.51807,998.92346,2.9526217,64.18094,0.0,0.0,
2020-08-11 02:00:00,299.6021,998.53033,3.9569283,55.5332,0.0,0.0,
2020-08-11 03:00:00,301.45905,997.5443,4.9224577,47.668995,0.0,0.0,
2020-08-11 04:00:00,302.62982,996.28516,5.2247944,42.76888,0.0,0.0,
2020-08-11 05:00:00,303.52866,995.2438,5.341372,39.140514,0.0,0.0,
2020-08-11 06:00:00,304.14313,994.5103,5.434626,36.24801,0.0,0.0,
2020-08-11 07:00:00,304.93127,993.8189,4.927218,32.584904,0.0,0.0,
2020-08-11 08:00:00,304.98022,993.87274,5.0061793,31.837946,0.0,0.0,
2020-08-11 09:00:00,304.5028,994.2109,4.7423096,32.75,0.0,0.0,
2020-08-11 10:00:00,303.01178,994.7045,3.4972785,36.72617,0.0,0.0,
2020-08-11 11:00:00,301.77057,995.45807,3.1534557,41.113647,0.0,0.0,
2020-08-11 12:00:00,300.89282,995.8661,2.9356756,45.081566,0.0,0.0,
2020-08-11 13:00:00,300.00076,996.15466,2.8308623,49.13775,0.0,0.0,
2020-08-11 14:00:00,299.36862,996.4101,2.736388,52.18808,0.0,0.0,
2020-08-11 15:00:00,298.57544,996.345,3.2980804,55.412174,0.0,0.0,
2020-08-11 16:00:00,298.30728,996.6242,4.1945844,57.09676,0.0,0.0,
2020-08-11 17:00:00,297.90042,996.65875,4.7334833,61.061947,0.0,0.0,
2020-08-11 18:00:00,297.11713,996.39935,4.427916,66.01659,0.0,0.0,
2020-08-11 19:00:00,295.82285,996.22485,4.11823,74.42707,0.0,0.0,
2020-08-11 20:00:00,295.13904,996.4866,3.657985,75.91154,0.0,0.0,
2020-08-11 21:00:00,294.4709,997.12445,3.1085467,74.68153,0.0,0.0,
2020-08-11 22:00:00,293.9359,997.74,2.4988668,72.310104,0.0,0.0,
2020-08-11 23:00:00,294.5178,998.6248,2.0991786,65.47919,0.0,0.0,
2020-08-12 00:00:00,295.98553,999.0094,2.4726276,54.564804,0.0,0.0,
2020-08-12 01:00:00,297.3647,999.46454,2.549469,49.246376,0.0,0.0,
2020-08-12 02:00:00,298.919,998.8736,2.8900678,46.417828,0.0,0.0,
2020-08-12 03:00:00,300.21793,997.9367,3.2328553,44.922997,0.0,0.0,
2020-08-12 04:00:00,301.59076,996.623,3.9904633,42.378864,0.0,0.0,
2020-08-12 05:00:00,303.17676,995.2528,5.231514,37.02143,0.0,0.0,
2020-08-12 06:00:00,303.8942,994.5312,5.658917,34.665752,0.0,0.0,
2020-08-12 07:00:00,304.0645,993.97125,5.446408,34.418266,0.0,0.0,
2020-08-12 08:00:00,303.82202,993.6453,5.5610423,33.973454,0.0,0.0,
2020-08-12 09:00:00,303.1176,994.12524,5.3014727,34.849445,0.0,0.0,
2020-08-12 10:00:00,301.93195,994.66174,4.0127726,37.291004,0.0,0.0,
2020-08-12 11:00:00,300.87848,995.1948,3.4117548,39.69026,0.0,0.0,
2020-08-12 12:00:00,299.86282,995.945,3.0700903,42.226837,0.0,0.0,
2020-08-12 13:00:00,298.81998,996.10016,3.2136304,44.913105,0.0,0.0,
2020-08-12 14:00:00,297.88177,996.3063,3.677966,47.142735,0.0,0.0,
2020-08-12 15:00:00,296.95917,996.56866,4.0917087,48.89683,0.0,0.0,
2020-08-12 16:00:00,296.05347,996.52716,4.3168664,50.471115,0.0,0.0,
2020-08-12 17:00:00,295.19653,996.46075,4.238477,52.21442,0.0,0.0,
2020-08-12 18:00:00,294.33588,995.8613,3.8924236,54.554832,0.0,0.0,
2020-08-12 19:00:00,293.19284,995.6347,3.8134167,59.45668,0.0,0.0,
2020-08-12 20:00:00,292.41364,995.79083,3.7612727,62.22975,0.0,0.0,
2020-08-12 21:00:00,291.7265,996.2365,3.669732,65.48002,0.0,0.0,
2020-08-12 22:00:00,291.1184,997.1955,3.2206821,69.46221,0.0,0.0,
2020-08-12 23:00:00,291.62775,998.0592,2.72181,69.18579,0.0,0.0,
2020-08-13 00:00:00,293.2945,998.57697,3.5574596,63.874374,0.0,0.0,
2020-08-13 01:00:00,295.37207,998.8311,3.8472366,52.35706,0.0,0.0,
2020-08-13 02:00:00,297.50757,998.1002,4.18835,41.48677,0.0,0.0,
2020-08-13 03:00:00,299.44568,997.035,4.6169376,34.587624,0.0,0.0,
2020-08-13 04:00:00,301.04126,995.4383,4.936372,30.232052,0.0,0.0,
2020-08-13 05:00:00,302.2828,994.34625,5.171152,27.296082,0.0,0.0,
2020-08-13 06:00:00,303.0481,993.7408,5.322327,25.53063,0.0,0.0,
2020-08-13 07:00:00,303.49078,993.444,5.3590894,24.140543,0.0,0.0,
2020-08-13 08:00:00,303.19745,993.4443,5.2428136,24.522356,0.0,0.0,
2020-08-13 09:00:00,302.41547,993.7904,4.7200456,25.669613,0.0,0.0,
2020-08-13 10:00:00,300.94904,994.28705,3.36739,28.088362,0.0,0.0,
2020-08-13 11:00:00,299.7514,994.8169,2.9264915,30.19423,0.0,0.0,
2020-08-13 12:00:00,298.66193,995.40076,2.713955,32.251823,0.0,0.0,
2020-08-13 13:00:00,297.53296,995.5859,2.6292918,34.524387,0.0,0.0,
2020-08-13 14:00:00,296.40784,995.7003,2.6501794,36.872765,0.0,0.0,
2020-08-13 15:00:00,295.34372,995.6106,2.8899603,38.852573,0.0,0.0,
2020-08-13 16:00:00,294.4619,995.29315,3.1251822,39.890675,0.0,0.0,
2020-08-13 17:00:00,293.66763,995.1181,3.2114468,40.154682,0.0,0.0,
2020-08-13 18:00:00,292.88824,994.8619,3.0612614,40.35427,0.0,0.0,
2020-08-13 19:00:00,291.90076,994.6397,2.8717744,42.719814,0.0,0.0,
2020-08-13 20:00:00,291.0671,994.8525,2.6898627,44.129066,0.0,0.0,
2020-08-13 21:00:00,290.35986,995.2551,2.8948157,45.09735,0.0,0.0,
2020-08-13 22:00:00,289.79517,996.1297,3.2985206,45.432377,0.0,0.0,
2020-08-13 23:00:00,290.68933,997.09436,3.289265,41.923313,0.0,0.0,
2020-08-14 00:00:00,293.79956,997.8823,4.3843193,33.48061,0.0017192956,0.0,
2020-08-14 01:00:00,296.94305,998.33813,4.6893687,27.373352,0.0,0.0,
2020-08-14 02:00:00,299.9348,997.7381,4.715999,22.718193,0.0,0.0,
2020-08-14 03:00:00,301.94318,996.78345,4.1617484,19.603842,0.0,0.0,
2020-08-14 04:00:00,303.16333,995.47064,3.2467837,17.953714,0.0,0.0,
2020-08-14 05:00:00,304.09686,994.41156,2.6451366,16.557236,0.0,0.0,
2020-08-14 06:00:00,304.73038,993.89435,2.2478938,15.418549,0.0,0.0,
2020-08-14 07:00:00,304.863,993.5797,1.5345957,14.957666,0.0,0.0,
2020-08-14 08:00:00,304.69788,993.5694,1.4615045,14.650172,0.0,0.0,
2020-08-14 09:00:00,304.1985,993.9139,1.5458227,14.757152,0.0,0.0,
2020-08-14 10:00:00,302.8618,994.65,2.43178,15.756081,0.0,0.0,
2020-08-14 11:00:00,300.92676,994.9764,3.0348754,17.005505,0.0,0.0,
2020-08-14 12:00:00,299.34323,995.7955,3.5139017,17.632944,0.0,0.0,
2020-08-14 13:00:00,298.02936,995.82245,3.815735,18.010078,0.0,0.0,
2020-08-14 14:00:00,296.83713,995.9029,3.9214392,18.752636,0.0,0.0,
2020-08-14 15:00:00,295.74207,995.7342,3.732875,20.02788,0.0,0.0,
2020-08-14 16:00:00,294.758,995.41266,3.408962,21.573309,0.0,0.0,
2020-08-14 17:00:00,293.88843,995.51013,3.1422179,23.113098,0.0,0.0,
2020-08-14 18:00:00,293.08786,995.4249,2.9906614,24.54449,0.0,0.0,
2020-08-14 19:00:00,291.2457,995.25385,2.3477964,29.833656,0.0,0.0,
2020-08-14 20:00:00,290.4475,995.5239,2.286435,32.369205,0.0,0.0,
2020-08-14 21:00:00,289.85242,995.98065,2.3608978,34.431236,0.0,0.0,
2020-08-14 22:00:00,289.4152,996.46985,2.5329459,35.89281,0.0,0.0,
2020-08-14 23:00:00,290.52246,997.1616,2.302793,34.036003,0.0,0.0,
2020-08-15 00:00:00,295.0008,997.73315,2.7674794,25.059908,0.0,0.0,
2020-08-15 01:00:00,299.02933,997.86993,3.580743,19.224504,0.0,0.0,
2020-08-15 02:00:00,302.3673,997.2003,4.2547674,15.81152,0.0,0.0,
2020-08-15 03:00:00,304.8435,996.2042,4.3848476,15.421171,0.0,0.0,
2020-08-15 04:00:00,306.2283,994.8389,3.6111991,17.086748,0.0,0.0,
2020-08-15 05:00:00,307.1667,993.71814,2.7944734,18.112173,0.0,0.0,
2020-08-15 06:00:00,307.75323,992.9836,2.0477436,17.613499,0.0,0.0,
2020-08-15 07:00:00,308.25226,992.46594,1.6370018,16.89857,0.0,0.0,
2020-08-15 08:00:00,308.1679,992.78394,1.7343024,16.699398,0.0,0.0,
2020-08-15 09:00:00,307.56436,993.08044,2.0284212,17.144617,0.0,0.0,
2020-08-15 10:00:00,305.64423,993.6094,2.9569635,19.10289,0.0,0.0,
2020-08-15 11:00:00,303.73114,994.3764,3.3569357,21.006998,0.0,0.0,
2020-08-15 12:00:00,302.17432,995.0609,3.4200745,22.549067,0.0,0.0,
2020-08-15 13:00:00,300.79724,995.39813,3.3302329,24.031084,0.0,0.0,
2020-08-15 14:00:00,299.53436,995.37024,3.0582604,25.61379,0.0,0.0,
2020-08-15 15:00:00,298.18085,995.2925,2.4645815,27.874697,0.0,0.0,
2020-08-15 16:00:00,296.71472,995.32385,1.6381619,32.445553,0.0,0.0,
2020-08-15 17:00:00,296.35974,995.22534,1.2183577,32.498272,0.0,0.0,
2020-08-15 18:00:00,294.4568,995.21967,2.187173,37.132877,0.0,0.0,
2020-08-15 19:00:00,293.90884,995.71045,2.9223068,39.17718,0.0,0.0,
2020-08-15 20:00:00,293.19415,996.1747,3.0804222,41.03009,0.0,0.0,
2020-08-15 21:00:00,292.585,996.66437,3.1450608,42.618874,0.0,0.0,
2020-08-15 22:00:00,292.14423,997.5053,3.1995964,43.849743,0.0,0.0,
2020-08-15 23:00:00,293.3214,998.03625,3.015428,40.98284,0.0,0.0,
2020-08-16 00:00:00,297.1353,998.4868,3.5609503,32.130577,0.0,0.0,
2020-08-16 01:00:00,300.3536,998.56366,4.105941,25.587934,0.0,0.0,
2020-08-16 02:00:00,302.80737,998.2071,4.156133,21.858063,0.0,0.0,
2020-08-16 03:00:00,304.6127,996.9603,3.9515607,19.729073,0.0,0.0,
2020-08-16 04:00:00,305.80164,995.666,3.7866554,19.538708,0.0,0.0,
2020-08-16 05:00:00,306.58923,994.406,3.6256726,19.383694,0.0,0.0,
2020-08-16 06:00:00,307.0435,993.6926,3.5028157,19.125328,0.0,0.0,
2020-08-16 07:00:00,307.20612,993.1614,3.723507,20.75842,0.0,0.0,
2020-08-16 08:00:00,306.90747,993.3923,3.5719202,21.387974,0.0,0.0,
2020-08-16 09:00:00,306.14093,993.38446,3.2324212,22.709652,0.0,0.0,
2020-08-16 10:00:00,304.56775,994.2367,2.700647,25.329458,0.0,0.0,
2020-08-16 11:00:00,303.25827,994.44366,2.7857404,27.80607,0.0,0.0,
2020-08-16 12:00:00,302.0888,995.29614,2.8467324,30.328768,0.0,0.0,
2020-08-16 13:00:00,301.01028,995.4966,2.7831619,32.893288,0.0,0.0,
2020-08-16 14:00:00,300.0105,995.77545,2.5429895,35.60498,0.0,0.0,
2020-08-16 15:00:00,298.8999,995.61017,2.1564784,39.285995,0.0,0.0,
2020-08-16 16:00:00,297.965,995.40216,2.143451,42.112534,0.0,0.0,
2020-08-16 17:00:00,297.34055,994.9084,2.8174047,43.12203,0.0,0.0,
2020-08-16 18:00:00,296.87915,994.84827,3.6002977,45.539215,0.0,0.0,
2020-08-16 19:00:00,295.60825,994.90906,3.6870809,52.829468,0.0,0.0,
2020-08-16 20:00:00,295.062,995.34064,3.6594992,57.470398,0.0,0.0,
2020-08-16 21:00:00,294.49487,995.64526,3.400305,60.791367,0.0,0.0,
2020-08-16 22:00:00,293.8886,996.52295,2.803053,63.30458,0.0,0.0,
2020-08-16 23:00:00,294.50055,997.38135,1.7565094,61.10521,0.0,0.0,
2020-08-17 00:00:00,296.98193,998.11127,1.5935798,50.318546,0.0,0.0,
2020-08-17 01:00:00,299.0936,998.3134,1.4893732,42.249805,0.0,0.0,
2020-08-17 02:00:00,301.3775,997.935,2.0542412,35.407257,0.0,0.0,
2020-08-17 03:00:00,303.57275,996.73016,3.030524,30.1983,0.0,0.0,
2020-08-17 04:00:00,305.21353,995.27203,3.6419656,27.541553,0.0,0.0,
2020-08-17 05:00:00,306.26355,994.0483,3.7095366,25.91477,0.0,0.0,
2020-08-17 06:00:00,306.88004,993.29224,3.7425706,24.447723,0.0,0.0,
2020-08-17 07:00:00,307.47137,992.8398,3.5298421,22.544838,0.0,0.0,
2020-08-17 08:00:00,307.22382,992.77203,3.4464884,22.298204,0.0,0.0,
2020-08-17 09:00:00,306.60168,992.9967,3.2413418,22.707806,0.0,0.0,
2020-08-17 10:00:00,305.19745,993.58405,2.56872,24.47683,0.0,0.0,
2020-08-17 11:00:00,303.95697,993.9958,2.7148302,26.139534,0.0,0.0,
2020-08-17 12:00:00,302.71524,994.4528,2.8768368,27.952883,0.0,0.0,
2020-08-17 13:00:00,301.54047,994.7223,2.8424063,29.869253,0.0,0.0,
2020-08-17 14:00:00,300.3995,994.6431,2.8013816,32.043606,0.0,0.0,
2020-08-17 15:00:00,299.31775,994.78815,2.7304733,34.446316,0.0,0.0,
2020-08-17 16:00:00,298.23413,994.386,2.629683,37.151066,0.0,0.0,
2020-08-17 17:00:00,297.1782,994.0831,2.5978293,40.037495,0.0,0.0,
2020-08-17 18:00:00,296.269,993.66846,2.646309,42.759148,0.0,0.0,
2020-08-17 19:00:00,295.63666,993.4892,3.5239305,45.72677,0.0,0.0,
2020-08-17 20:00:00,294.96863,993.40356,3.275308,48.160477,0.0,0.0,
2020-08-17 21:00:00,294.31573,993.895,3.0729408,50.334583,0.0,0.0,
2020-08-17 22:00:00,293.67426,994.4015,2.98643,52.10742,0.0,0.0,
2020-08-17 23:00:00,294.5589,995.3769,2.6215732,48.59862,0.0,0.0,
2020-08-18 00:00:00,297.26102,996.1308,3.068162,38.979794,0.0,0.0,
2020-08-18 01:00:00,299.69775,996.3572,2.7564316,32.296516,0.0,0.0,
2020-08-18 02:00:00,302.1732,995.95624,2.378267,27.330824,0.0,0.0,
2020-08-18 03:00:00,304.1491,995.05786,2.0879188,24.543377,0.0,0.0,
2020-08-18 04:00:00,305.55573,993.56134,2.0789855,22.365953,0.0,0.0,
2020-08-18 05:00:00,306.68463,992.56165,2.6015751,20.23403,0.0,0.0,
2020-08-18 06:00:00,307.38614,991.8206,3.174248,18.3464,0.0,0.0,
2020-08-18 07:00:00,307.4256,991.07904,3.7090487,19.587831,0.0,0.0,
2020-08-18 08:00:00,307.1892,991.4397,3.8874416,19.290525,0.0,0.0,
2020-08-18 09:00:00,306.43964,991.53485,3.729077,19.737665,0.0,0.0,
2020-08-18 10:00:00,304.8584,992.1345,3.268943,21.442661,0.0,0.0,
2020-08-18 11:00:00,303.4643,992.7011,3.491392,22.91168,0.0,0.0,
2020-08-18 12:00:00,302.15714,993.45526,3.6882758,24.14165,0.0,0.0,
2020-08-18 13:00:00,300.92987,993.897,3.849825,24.989233,0.0,0.0,
2020-08-18 14:00:00,299.76566,993.92474,3.816605,25.489763,0.0,0.0,
2020-08-18 15:00:00,298.64935,993.9721,3.8182862,25.849411,0.0,0.0,
2020-08-18 16:00:00,297.6087,993.5769,4.078973,25.993425,0.0,0.0,
2020-08-18 17:00:00,296.69385,993.1133,4.2826433,25.865532,0.0,0.0,
2020-08-18 18:00:00,295.87146,992.7522,4.3415146,25.678162,0.0,0.0,
2020-08-18 19:00:00,294.81598,992.6478,4.0035577,28.335762,0.0,0.0,
2020-08-18 20:00:00,294.0672,992.84,3.8013852,28.708128,0.0,0.0,
2020-08-18 21:00:00,293.34344,993.52484,3.5838509,29.389254,0.0,0.0,
2020-08-18 22:00:00,292.64536,994.442,3.4565198,30.267853,0.0,0.0,
2020-08-18 23:00:00,293.5063,995.6414,3.2610633,28.384758,0.0,0.0,
2020-08-19 00:00:00,296.03577,996.6297,4.285642,23.606068,0.0,0.0,
2020-08-19 01:00:00,298.59308,997.1163,4.4727917,19.907907,0.0,0.0,
2020-08-19 02:00:00,301.15253,996.6568,4.2871666,17.01375,0.0,0.0,
2020-08-19 03:00:00,303.35077,995.826,3.941114,15.330589,0.0,0.0,
2020-08-19 04:00:00,304.81375,994.5719,3.2535257,15.032308,0.0,0.0,
2020-08-19 05:00:00,305.80093,993.5633,2.9112158,14.741008,0.0,0.0,
2020-08-19 06:00:00,306.43396,992.8558,3.0492306,14.200048,0.0,0.0,
2020-08-19 07:00:00,306.59763,992.1768,2.5903835,15.2206745,0.0,0.0,
2020-08-19 08:00:00,306.45563,992.3705,3.061366,15.163686,0.0,0.0,
2020-08-19 09:00:00,305.8024,992.96216,3.4053485,15.57615,0.0,0.0,
2020-08-19 10:00:00,304.04694,993.54865,3.5015213,17.212765,0.0,0.0,
2020-08-19 11:00:00,302.5998,994.4489,4.160399,18.4871,0.0,0.0,
2020-08-19 12:00:00,301.36465,995.3028,4.6318293,19.45565,0.0,0.0,
2020-08-19 13:00:00,300.22733,995.4219,4.9631057,20.303179,0.0,0.0,
2020-08-19 14:00:00,299.1986,995.7559,5.0381765,21.077991,0.0,0.0,
2020-08-19 15:00:00,298.18738,995.7308,4.987505,21.765175,0.0,0.0,
2020-08-19 16:00:00,297.24094,995.8159,4.919893,22.178469,0.0,0.0,
2020-08-19 17:00:00,296.34485,995.77795,4.658495,22.458466,0.0,0.0,
2020-08-19 18:00:00,295.5074,995.6914,4.2802672,22.854847,0.0,0.0,
2020-08-19 19:00:00,293.98962,995.69366,3.7105927,24.442127,0.0,0.0,
2020-08-19 20:00:00,293.1925,995.9238,3.4939985,25.4202,0.0,0.0,
2020-08-19 21:00:00,292.4997,996.3064,3.280865,26.413649,0.0,0.0,
2020-08-19 22:00:00,291.88293,996.7997,3.138717,27.3265,0.0,0.0,
2020-08-19 23:00:00,292.9451,997.7527,2.7883499,25.421568,0.0,0.0,
2020-08-20 00:00:00,296.15286,998.3066,3.5730627,20.036802,0.0021595855,0.0,
2020-08-20 01:00:00,299.17914,998.567,3.9659965,16.170706,0.0,0.0,
2020-08-20 02:00:00,302.05292,998.03986,3.9185374,13.557914,0.0,0.0,
2020-08-20 03:00:00,304.44003,997.41437,3.5613816,12.212895,0.0,0.0,
2020-08-20 04:00:00,305.9195,996.0389,2.7931607,11.84939,0.0,0.0,
2020-08-20 05:00:00,306.85794,994.91797,2.1163294,11.621169,0.0,0.0,
2020-08-20 06:00:00,307.39996,994.2314,1.7263676,11.608486,0.0,0.0,
2020-08-20 07:00:00,307.8542,993.5955,0.9770012,11.861066,0.0,0.0,
2020-08-20 08:00:00,307.76117,993.9963,1.1650898,11.989163,0.0,0.0,
2020-08-20 09:00:00,307.27887,994.0902,1.657698,12.2751,0.0,0.0,
2020-08-20 10:00:00,305.73322,994.8097,2.76153,13.443425,0.0,0.0,
2020-08-20 11:00:00,303.80933,995.3122,3.4158242,14.674028,0.0,0.0,
2020-08-20 12:00:00,302.401,996.21375,4.003425,15.322956,0.0,0.0,
2020-08-20 13:00:00,301.1997,996.46014,4.3878055,15.690634,0.0,0.0,
2020-08-20 14:00:00,300.10672,996.4445,4.6076574,15.835939,0.0,0.0,
2020-08-20 15:00:00,299.0477,996.4952,4.5912566,15.844504,0.0,0.0,
2020-08-20 16:00:00,298.0171,996.35876,4.343794,15.901148,0.0,0.0,
2020-08-20 17:00:00,297.03424,996.42596,3.9017427,16.158878,0.0,0.0,
2020-08-20 18:00:00,296.09766,996.52826,3.4990861,16.596825,0.0,0.0,
2020-08-20 19:00:00,294.25354,996.58923,3.0964637,19.835094,0.0,0.0,
2020-08-20 20:00:00,293.28522,996.94086,2.7399652,20.91281,0.0,0.0,
2020-08-20 21:00:00,292.4161,997.7497,2.4117281,22.335693,0.0,0.0,
2020-08-20 22:00:00,291.65088,998.16064,2.410717,23.556787,0.0,0.0,
2020-08-20 23:00:00,292.7095,999.2575,2.135656,22.150463,0.0,0.0,
2020-08-21 00:00:00,296.77386,999.7075,2.493237,16.173567,0.0025605278,0.0,
2020-08-21 01:00:00,300.49414,999.8412,2.9008653,12.687208,0.0,0.0,
2020-08-21 02:00:00,303.87823,999.27155,3.1156452,10.478937,0.0,0.0,
2020-08-21 03:00:00,306.5675,998.21436,3.1419418,9.41276,0.0,0.0,
2020-08-21 04:00:00,307.9649,996.8972,2.2915742,9.711248,0.0,0.0,
2020-08-21 05:00:00,308.63303,995.76245,1.2751366,10.035735,0.0,0.0,
2020-08-21 06:00:00,309.0414,995.31384,0.6292652,9.960285,0.0,0.0,
2020-08-21 07:00:00,309.51193,994.6959,1.4690338,9.97941,0.0,0.0,
2020-08-21 08:00:00,309.41656,995.04626,2.0450742,9.943814,0.0,0.0,
2020-08-21 09:00:00,308.75134,995.34576,2.5050957,10.269306,0.0,0.0,
2020-08-21 10:00:00,306.76675,996.0505,3.260239,11.540101,0.0,0.0,
2020-08-21 11:00:00,305.00916,996.5705,3.9051652,12.518318,0.0,0.0,
2020-08-21 12:00:00,303.60022,997.26447,4.4691896,12.9798975,0.0,0.0,
2020-08-21 13:00:00,302.3871,997.60333,4.9199147,12.838475,0.0,0.0,
2020-08-21 14:00:00,301.26276,997.7551,5.0777397,12.428311,0.0,0.0,
2020-08-21 15:00:00,300.22757,997.9325,5.0133166,12.369251,0.0,0.0,
2020-08-21 16:00:00,299.24713,997.65955,4.734076,12.814109,0.0,0.0,
2020-08-21 17:00:00,298.3742,997.5948,4.3803935,13.39949,0.0,0.0,
2020-08-21 18:00:00,297.49805,997.29767,4.0200157,13.982731,0.0,0.0,
2020-08-21 19:00:00,295.89264,997.6033,3.4967573,16.040056,0.0,0.0,
2020-08-21 20:00:00,294.96542,997.9292,3.4003599,16.748177,0.0,0.0,
2020-08-21 21:00:00,294.23633,998.4794,3.3749106,17.187033,0.0,0.0,
2020-08-21 22:00:00,293.6822,999.28906,3.4734595,17.556705,0.0,0.0,
2020-08-21 23:00:00,294.97537,1000.29333,3.4441047,16.306124,0.0,0.0,
2020-08-22 00:00:00,298.46857,1000.7,4.731923,13.58358,0.0,0.0,
2020-08-22 01:00:00,301.77924,1000.76544,5.5757875,12.4489155,0.0,0.0,
2020-08-22 02:00:00,304.9048,1000.21423,5.569941,11.507416,0.0,0.0,
2020-08-22 03:00:00,307.5208,999.29376,5.257873,10.593261,0.0,0.0,
2020-08-22 04:00:00,309.20966,997.8538,4.7051253,9.864246,0.0,0.0,
2020-08-22 05:00:00,310.06104,996.85767,3.7924993,9.497933,0.0,0.0,
2020-08-22 06:00:00,310.46405,996.1439,3.1762955,9.322895,0.0,0.0,
2020-08-22 07:00:00,310.7779,996.0136,3.1127856,10.1616745,0.0,0.0,
2020-08-22 08:00:00,310.58038,995.8611,3.3125284,10.094095,0.0,0.0,
2020-08-22 09:00:00,309.7909,996.1653,2.900157,10.415651,0.0,0.0,
2020-08-22 10:00:00,307.72168,996.4666,2.951063,11.686001,0.0,0.0,
2020-08-22 11:00:00,305.65677,997.0831,3.235217,12.972534,0.0,0.0,
2020-08-22 12:00:00,303.8491,997.4191,3.5091546,14.002317,0.0,0.0,
2020-08-22 13:00:00,302.34418,997.7658,3.7512167,14.751333,0.0,0.0,
2020-08-22 14:00:00,301.08197,997.721,3.9298658,15.329679,0.0,0.0,
2020-08-22 15:00:00,300.04062,997.8619,3.9963257,15.799904,0.0,0.0,
2020-08-22 16:00:00,299.08478,997.5619,4.016316,16.300661,0.0,0.0,
2020-08-22 17:00:00,298.21695,997.6145,3.9917274,16.844501,0.0,0.0,
2020-08-22 18:00:00,297.42676,997.2456,4.060412,17.372225,0.0,0.0,
2020-08-22 19:00:00,295.92755,997.127,4.079457,18.81567,0.0,0.0,
2020-08-22 20:00:00,295.2341,997.16846,4.1278977,19.546684,0.0,0.0,
2020-08-22 21:00:00,294.74432,997.575,4.2022924,20.424017,0.0,0.0,
2020-08-22 22:00:00,294.42178,997.8604,4.3498697,21.26536,0.0,0.0,
2020-08-22 23:00:00,295.9637,998.44653,4.1506276,19.766886,0.0,0.0,
2020-08-23 00:00:00,299.78107,998.6671,5.0051723,15.628646,0.0,0.0,
2020-08-23 01:00:00,303.3148,998.64014,5.7190127,12.421666,0.0,0.0,
2020-08-23 02:00:00,306.29663,998.1501,5.753057,10.241912,0.0,0.0,
2020-08-23 03:00:00,308.64563,997.23737,5.5939,8.933864,0.0,0.0,
2020-08-23 04:00:00,310.04523,996.0969,4.7176743,8.390057,0.0,0.0,
2020-08-23 05:00:00,310.79474,995.09515,3.7562158,8.106418,0.0,0.0,
2020-08-23 06:00:00,311.21402,994.3753,3.2573926,7.883259,0.0,0.0,
2020-08-23 07:00:00,311.44418,993.7594,3.2520058,8.095521,0.0,0.0,
2020-08-23 08:00:00,311.18872,993.8831,3.199496,8.113655,0.0,0.0,
2020-08-23 09:00:00,310.27826,994.22034,2.699124,8.552699,0.0,0.0,
2020-08-23 10:00:00,308.32782,994.68134,2.855514,9.711158,0.0,0.0,
2020-08-23 11:00:00,306.3059,995.22046,3.1909175,11.007357,0.0,0.0,
2020-08-23 12:00:00,304.39258,995.7739,3.4367929,12.257114,0.0,0.0,
2020-08-23 13:00:00,302.7748,996.1177,3.7058353,13.273652,0.0,0.0,
2020-08-23 14:00:00,301.53925,996.3561,3.9227319,13.975738,0.0,0.0,
2020-08-23 15:00:00,300.47888,996.52423,3.9300315,14.640026,0.0,0.0,
2020-08-23 16:00:00,299.48856,996.48517,3.8745074,15.420789,0.0,0.0,
2020-08-23 17:00:00,298.32404,996.45953,3.4565346,16.610867,0.0,0.0,
2020-08-23 18:00:00,297.00354,996.87103,2.957414,18.457409,0.0,0.0,
2020-08-23 19:00:00,295.16327,997.3745,2.6465335,23.14463,0.0,0.0,
2020-08-23 20:00:00,293.97855,997.7897,2.4418614,28.000372,0.0,0.0,
2020-08-23 21:00:00,293.0328,998.2957,2.5177138,30.748867,0.0,0.0,
2020-08-23 22:00:00,292.29474,998.92236,2.5825145,32.47898,0.0,0.0,
2020-08-23 23:00:00,293.72815,999.48236,2.1415832,30.480396,0.0,0.0,
2020-08-24 00:00:00,298.5995,1000.1196,2.427802,23.07196,0.0017046927,0.0,
2020-08-24 01:00:00,302.48267,1000.33044,3.181296,21.094273,0.0,0.0,
2020-08-24 02:00:00,305.2528,999.8761,4.402115,14.291424,0.0,0.0,
2020-08-24 03:00:00,307.26074,998.9895,5.048245,10.959743,0.0,0.0,
2020-08-24 04:00:00,308.6917,997.70795,4.7610106,9.25619,0.0,0.0,
2020-08-24 05:00:00,309.6073,996.7929,4.0299425,8.393229,0.0,0.0,
2020-08-24 06:00:00,310.0359,995.84875,3.3493195,8.023253,0.0,0.0,
2020-08-24 07:00:00,310.17584,995.52905,2.897823,8.517933,0.0,0.0,
2020-08-24 08:00:00,309.901,995.4291,2.7314782,8.51312,0.0,0.0,
2020-08-24 09:00:00,309.21558,995.9752,2.3316934,8.826728,0.0,0.0,
2020-08-24 10:00:00,307.57812,996.52075,2.368558,9.883338,0.0,0.0,
2020-08-24 11:00:00,305.6971,996.9359,2.7958143,11.163985,0.0,0.0,
2020-08-24 12:00:00,303.82208,997.5433,3.443216,12.339023,0.0,0.0,
2020-08-24 13:00:00,302.25122,997.8878,3.860356,13.196775,0.0,0.0,
2020-08-24 14:00:00,301.15143,998.2328,4.1735253,13.645402,0.0,0.0,
2020-08-24 15:00:00,300.38086,998.39185,4.3945055,13.950281,0.0,0.0,
2020-08-24 16:00:00,299.51355,998.4076,4.430986,14.56572,0.0,0.0,
2020-08-24 17:00:00,298.70288,998.4597,4.377552,15.2789755,0.0,0.0,
2020-08-24 18:00:00,297.914,998.46063,4.363348,16.082834,0.0,0.0,
2020-08-24 19:00:00,295.88312,999.2399,3.067371,19.744946,0.0,0.0,
2020-08-24 20:00:00,294.44562,999.70044,2.603835,22.235731,0.0,0.0,
2020-08-24 21:00:00,293.23468,1000.12146,2.3792067,26.301315,0.0,0.0,
2020-08-24 22:00:00,292.08978,1000.8887,1.837029,33.31835,0.0,0.0,
2020-08-24 23:00:00,293.44824,1001.7034,0.88077456,34.91596,0.0,0.0,
2020-08-25 00:00:00,297.23218,1002.32904,0.7419055,29.226345,0.0,0.0,
2020-08-25 01:00:00,300.55426,1002.5783,0.8125179,27.545008,0.0,0.0,
2020-08-25 02:00:00,303.70227,1001.9482,1.9462223,16.637693,0.0,0.0,
2020-08-25 03:00:00,306.42795,1000.8808,3.494846,11.56795,0.0,0.0,
2020-08-25 04:00:00,308.36786,999.4355,4.2442985,9.35776,0.0,0.0,
2020-08-25 05:00:00,309.51917,998.489,4.652069,8.280033,0.0,0.0,
2020-08-25 06:00:00,309.99097,997.3354,4.79792,7.8960075,0.0,0.0,
2020-08-25 07:00:00,310.11145,996.46576,4.9934897,8.229691,0.0,0.0,
2020-08-25 08:00:00,309.7849,996.7367,4.9020667,8.428187,0.0,0.0,
2020-08-25 09:00:00,308.86,997.12915,4.1782055,9.036416,0.0,0.0,
2020-08-25 10:00:00,306.68488,998.10345,3.516756,10.479943,0.0,0.0,
2020-08-25 11:00:00,304.937,998.8633,3.6971674,11.840104,0.0,0.0,
2020-08-25 12:00:00,303.4214,999.3486,3.794575,13.144859,0.0,0.0,
2020-08-25 13:00:00,302.05566,999.867,3.6827323,14.43568,0.0,0.0,
2020-08-25 14:00:00,300.74957,999.8611,3.5713005,15.788944,0.0,0.0,
2020-08-25 15:00:00,299.61182,1000.06256,3.5655572,17.119156,0.0,0.0,
2020-08-25 16:00:00,298.64816,999.96606,3.8432436,18.331753,0.0,0.0,
2020-08-25 17:00:00,297.8993,999.85315,4.1342473,19.302952,0.0,0.0,
2020-08-25 18:00:00,297.38367,999.6439,4.313604,19.84628,0.0,0.0,
2020-08-25 19:00:00,295.78296,999.1012,3.7454495,22.429857,0.0,0.0,
2020-08-25 20:00:00,294.802,999.29736,3.439544,24.001753,0.0,0.0,
2020-08-25 21:00:00,293.94153,999.84454,3.2849731,25.456238,0.0,0.0,
2020-08-25 22:00:00,293.2578,1000.64813,3.2376463,26.652231,0.0,0.0,
2020-08-25 23:00:00,294.8085,1001.6119,2.9135869,24.258345,0.0,0.0,
2020-08-26 00:00:00,299.76147,1002.3169,3.6720529,17.450493,0.0,0.0,
2020-08-26 01:00:00,304.0634,1002.5904,5.517521,13.037506,0.0,0.0,
2020-08-26 02:00:00,306.478,1002.1459,7.465663,10.692013,0.0,0.0,
2020-08-26 03:00:00,307.99573,1001.2648,7.278364,9.59153,0.0,0.0,
2020-08-26 04:00:00,309.02313,999.8663,6.9624844,8.877879,0.0,0.0,
2020-08-26 05:00:00,309.69397,998.8575,6.992339,8.467614,0.0,0.0,
2020-08-26 06:00:00,309.96954,997.90717,6.8809457,8.281054,0.0,0.0,
2020-08-26 07:00:00,310.0791,997.02765,6.553964,8.15287,0.0,0.0,
2020-08-26 08:00:00,309.64264,997.1749,6.159571,8.291807,0.0,0.0,
2020-08-26 09:00:00,308.6057,997.55096,4.9315867,8.805547,0.0,0.0,
2020-08-26 10:00:00,306.3536,998.27783,3.8458636,10.103449,0.0,0.0,
2020-08-26 11:00:00,304.64313,999.03876,3.723053,11.244874,0.0,0.0,
2020-08-26 12:00:00,303.1159,999.36584,3.7493968,12.353418,0.0,0.0,
2020-08-26 13:00:00,301.69586,999.52466,3.7679393,13.486977,0.0,0.0,
2020-08-26 14:00:00,300.35907,999.39435,3.7552981,14.665975,0.0,0.0,
2020-08-26 15:00:00,299.19907,999.4352,3.8101275,15.768202,0.0,0.0,
2020-08-26 16:00:00,298.2494,999.10986,3.9485204,16.679195,0.0,0.0,
2020-08-26 17:00:00,297.53735,999.05914,4.115585,17.405268,0.0,0.0,
2020-08-26 18:00:00,296.9261,998.9228,4.2196856,18.101646,0.0,0.0,
2020-08-26 19:00:00,295.36316,998.6086,3.904525,19.861153,0.0,0.0,
2020-08-26 20:00:00,294.47678,998.634,3.7607284,21.165844,0.0,0.0,
2020-08-26 21:00:00,293.8238,999.15454,3.862747,22.179634,0.0,0.0,
2020-08-26 22:00:00,293.45004,999.9863,4.1158905,22.745157,0.0,0.0,
2020-08-26 23:00:00,295.2771,1000.8307,4.067105,20.406368,0.0,0.0,
2020-08-27 00:00:00,299.49426,1001.4231,4.873074,15.778216,0.0,0.0,
2020-08-27 01:00:00,303.41904,1001.59344,5.8010573,12.562272,0.0,0.0,
2020-08-27 02:00:00,306.49695,1000.8691,7.2273154,10.430027,0.0,0.0,
2020-08-27 03:00:00,308.12833,999.85986,8.8856,9.032791,0.0,0.0,
2020-08-27 04:00:00,308.97226,998.247,8.663599,8.320826,0.0,0.0,
2020-08-27 05:00:00,309.66443,997.33514,8.180207,7.7311015,0.0,0.0,
2020-08-27 06:00:00,310.03262,996.3193,7.5922728,7.346948,0.0,0.0,
2020-08-27 07:00:00,310.44586,995.34595,8.017535,7.269247,0.0,0.0,
2020-08-27 08:00:00,310.05383,995.4025,7.60663,7.346686,0.0,0.0,
2020-08-27 09:00:00,308.9873,995.824,5.9660134,7.7493153,0.0,0.0,
2020-08-27 10:00:00,306.75275,996.58014,4.5694785,8.824769,0.0,0.0,
2020-08-27 11:00:00,304.90085,997.1676,4.3337874,9.897186,0.0,0.0,
2020-08-27 12:00:00,303.40228,997.7519,4.511089,10.907277,0.0,0.0,
2020-08-27 13:00:00,302.15833,998.0779,4.6340666,11.862551,0.0,0.0,
2020-08-27 14:00:00,301.1068,998.215,4.6762557,12.768644,0.0,0.0,
2020-08-27 15:00:00,300.2041,998.38055,4.738459,13.653292,0.0,0.0,
2020-08-27 16:00:00,299.365,997.9772,4.804794,14.567469,0.0,0.0,
2020-08-27 17:00:00,298.60666,997.86414,4.699118,15.490516,0.0,0.0,
2020-08-27 18:00:00,297.87448,997.5886,4.5344,16.450861,0.0,0.0,
2020-08-27 19:00:00,296.37787,997.285,4.401074,17.612162,0.0,0.0,
2020-08-27 20:00:00,295.81573,997.5963,4.6852894,18.491446,0.0,0.0,
2020-08-27 21:00:00,295.58734,998.0718,5.009835,19.063503,0.0,0.0,
2020-08-27 22:00:00,295.377,998.6741,5.0144405,19.620125,0.0,0.0,
2020-08-27 23:00:00,297.01306,999.3922,4.763879,17.98096,0.0,0.0,
2020-08-28 00:00:00,300.7199,999.8928,5.901926,14.179736,0.0,0.0,
2020-08-28 01:00:00,304.18958,1000.008,7.0885596,11.087427,0.0,0.0,
2020-08-28 02:00:00,306.91345,999.5158,8.063397,9.243442,0.0,0.0,
2020-08-28 03:00:00,308.4378,998.48627,8.687453,8.868863,0.0,0.0,
2020-08-28 04:00:00,309.27713,997.1848,8.523991,8.488932,0.0,0.0,
2020-08-28 05:00:00,309.75482,996.21185,8.033874,8.014289,0.0,0.0,
2020-08-28 06:00:00,309.92633,995.4905,7.479571,7.713443,0.0,0.0,
2020-08-28 07:00:00,309.93518,994.6205,7.21329,7.501928,0.0,0.0,
2020-08-28 08:00:00,309.45276,994.7721,6.8619685,7.5896673,0.0,0.0,
2020-08-28 09:00:00,308.3625,995.3641,5.5395384,8.056365,0.0,0.0,
2020-08-28 10:00:00,306.0835,996.29376,4.388037,9.22825,0.0,0.0,
2020-08-28 11:00:00,304.28555,997.01733,4.2937164,10.289344,0.0,0.0,
2020-08-28 12:00:00,302.81598,997.9788,4.5307417,11.239779,0.0,0.0,
2020-08-28 13:00:00,301.55463,998.4375,4.625631,12.13499,0.0,0.0,
2020-08-28 14:00:00,300.4339,998.5087,4.718404,13.028476,0.0,0.0,
2020-08-28 15:00:00,299.46216,998.5209,4.751439,13.91134,0.0,0.0,
2020-08-28 16:00:00,298.59927,998.4425,4.8287573,14.81142,0.0,0.0,
2020-08-28 17:00:00,297.8504,998.3906,4.960413,15.69878,0.0,0.0,
2020-08-28 18:00:00,297.19147,998.1834,5.091107,16.538353,0.0,0.0,
2020-08-28 19:00:00,295.8452,997.59015,4.86537,18.120516,0.0,0.0,
2020-08-28 20:00:00,295.24445,997.52014,4.9791837,18.923182,0.0,0.0,
2020-08-28 21:00:00,294.90256,998.3064,5.2731886,19.32568,0.0,0.0,
2020-08-28 22:00:00,294.6698,998.97986,5.486187,19.3516,0.0,0.0,
2020-08-28 23:00:00,296.15137,999.7944,5.4032793,17.236814,0.0,0.0,
2020-08-29 00:00:00,299.05902,1000.4408,6.8244357,13.630814,0.0,0.0,
2020-08-29 01:00:00,301.93512,1000.32733,7.719154,10.951814,0.0,0.0,
2020-08-29 02:00:00,304.44153,999.51697,8.286921,9.271629,0.0,0.0,
2020-08-29 03:00:00,306.11472,998.1689,8.293276,8.553084,0.0,0.0,
2020-08-29 04:00:00,307.2495,996.6646,7.886679,8.029274,0.0,0.0,
2020-08-29 05:00:00,308.04956,995.72064,7.6319613,7.681954,0.0,0.0,
2020-08-29 06:00:00,308.49982,994.9864,7.598539,7.450872,0.0,0.0,
2020-08-29 07:00:00,308.4939,994.7598,7.462861,7.0267158,0.0,0.0,
2020-08-29 08:00:00,307.9723,994.80096,7.076442,6.9312854,0.0,0.0,
2020-08-29 09:00:00,306.8767,995.1384,5.6448283,7.1681833,0.0,0.0,
2020-08-29 10:00:00,304.64474,995.99915,4.3521175,8.074426,0.0,0.0,
2020-08-29 11:00:00,302.87,996.53314,4.1168647,8.92857,0.0,0.0,
2020-08-29 12:00:00,301.34863,997.03735,4.118492,9.758072,0.0,0.0,
2020-08-29 13:00:00,299.9701,997.3265,4.0647,10.602915,0.0,0.0,
2020-08-29 14:00:00,298.67078,997.5798,4.0262513,11.466636,0.0,0.0,
2020-08-29 15:00:00,297.4885,997.6766,4.02781,12.248605,0.0,0.0,
2020-08-29 16:00:00,296.43204,997.5162,4.1061854,12.852211,0.0,0.0,
2020-08-29 17:00:00,295.51923,997.57275,4.2463927,13.219049,0.0,0.0,
2020-08-29 18:00:00,294.79218,997.2497,4.416222,13.314208,0.0,0.0,
2020-08-29 19:00:00,293.12354,997.12866,3.8131607,15.220489,0.0,0.0,
2020-08-29 20:00:00,292.20245,997.2544,3.7114437,16.525864,0.0,0.0,
2020-08-29 21:00:00,291.48358,997.8342,3.602185,17.952705,0.0,0.0,
2020-08-29 22:00:00,290.8573,998.49054,3.5392878,19.499557,0.0,0.0,
2020-08-29 23:00:00,292.6375,999.1203,3.2431576,18.185335,0.0,0.0,
2020-08-30 00:00:00,297.023,999.6992,3.9907322,14.246738,0.0,0.0,
2020-08-30 01:00:00,301.07007,999.711,4.9480996,11.806121,0.0,0.0,
2020-08-30 02:00:00,304.1322,999.1425,6.6653876,10.310526,0.0,0.0,
2020-08-30 03:00:00,305.8423,997.8016,7.2121897,8.563323,0.0,0.0,
2020-08-30 04:00:00,307.04724,996.2399,6.952389,7.6896214,0.0,0.0,
2020-08-30 05:00:00,307.8942,995.266,6.591492,7.2306232,0.0,0.0,
2020-08-30 06:00:00,308.3316,994.7728,6.267792,7.072597,0.0,0.0,
2020-08-30 07:00:00,308.3693,994.9034,6.2898326,7.0959134,0.0,0.0,
2020-08-30 08:00:00,308.0177,994.9668,5.8759646,7.365027,0.0,0.0,
2020-08-30 09:00:00,307.10214,995.4208,4.5659976,7.955586,0.0,0.0,
2020-08-30 10:00:00,304.88724,996.09827,3.47155,9.259835,0.0,0.0,
2020-08-30 11:00:00,303.13632,996.72284,3.669554,10.444109,0.0,0.0,
2020-08-30 12:00:00,301.6585,997.64954,3.9986396,11.542262,0.0,0.0,
2020-08-30 13:00:00,300.41382,997.7631,4.2354455,12.654933,0.0,0.0,
2020-08-30 14:00:00,299.33228,998.03235,4.2330747,13.868435,0.0,0.0,
2020-08-30 15:00:00,298.26654,997.9895,4.1507797,15.188321,0.0,0.0,
2020-08-30 16:00:00,297.23767,997.7645,4.0808115,16.51064,0.0,0.0,
2020-08-30 17:00:00,296.33984,997.89624,4.1544857,17.659468,0.0,0.0,
2020-08-30 18:00:00,295.5187,997.5053,4.2530875,18.594793,0.0,0.0,
2020-08-30 19:00:00,293.8042,997.59955,4.1610627,22.069935,0.0,0.0,
2020-08-30 20:00:00,292.88464,997.58374,4.0033097,23.781237,0.0,0.0,
2020-08-30 21:00:00,292.1891,997.7286,3.9110181,25.028784,0.0,0.0,
2020-08-30 22:00:00,291.65338,998.1942,3.8365567,26.008316,0.0,0.0,
2020-08-30 23:00:00,293.46634,998.8917,3.5735505,23.279394,0.0,0.0,
2020-08-31 00:00:00,297.71295,999.3244,4.4581275,17.06574,0.0,0.0,
2020-08-31 01:00:00,301.5601,999.4819,5.5363965,12.698417,0.0,0.0,
2020-08-31 02:00:00,304.59616,998.8172,6.740326,9.771479,0.0,0.0,
2020-08-31 03:00:00,306.56976,997.795,7.3014364,8.11578,0.0,0.0,
2020-08-31 04:00:00,307.66763,996.342,6.685834,8.127979,0.0,0.0,
2020-08-31 05:00:00,308.45786,995.1834,6.279056,8.122215,0.0,0.0,
2020-08-31 06:00:00,308.90338,994.3142,6.0328064,8.394182,0.0,0.0,
2020-08-31 07:00:00,309.2448,993.7647,6.1155343,9.128559,0.0,0.0,
2020-08-31 08:00:00,308.9098,993.692,5.732369,10.046455,0.0,0.0,
2020-08-31 09:00:00,308.01886,994.02966,4.4334526,11.236032,0.0,0.0,
2020-08-31 10:00:00,305.88782,994.54156,3.3498356,13.066952,0.0,0.0,
2020-08-31 11:00:00,304.2198,995.2361,3.5047696,14.626019,0.0,0.0,
2020-08-31 12:00:00,302.77057,995.95825,3.937766,16.042086,0.0,0.0,
2020-08-31 13:00:00,301.58228,996.2539,4.3961577,17.284912,0.0,0.0,
2020-08-31 14:00:00,300.61853,996.2936,4.7306376,18.363407,0.0,0.0,
2020-08-31 15:00:00,299.79718,996.21594,4.859855,19.225689,0.0,0.0,
2020-08-31 16:00:00,298.96912,995.95404,4.652652,20.061476,0.0,0.0,
2020-08-31 17:00:00,298.13672,995.7459,4.4334726,20.936518,0.0,0.0,
2020-08-31 18:00:00,297.37286,995.5689,4.2904615,21.86264,0.0,0.0,
2020-08-31 19:00:00,296.0063,995.5103,4.3951473,23.566574,0.0,0.0,
2020-08-31 20:00:00,295.3958,995.47107,4.487058,24.55731,0.0,0.0,
2020-08-31 21:00:00,295.03894,995.53674,4.5068364,25.242025,0.0,0.0,
2020-08-31 22:00:00,294.86267,996.11584,4.4206595,25.704643,0.0,0.0,
2020-08-31 23:00:00,296.77344,996.7294,4.014952,23.162868,0.0,0.0,
2020-09-01 00:00:00,300.54028,997.2003,4.999277,18.889097,0.0,0.0,
2020-09-01 01:00:00,303.73102,997.34845,5.874195,17.018147,0.0,0.0,
2020-09-01 02:00:00,306.2551,996.5608,6.334727,16.66617,0.0,0.0,
2020-09-01 03:00:00,308.0125,995.37,6.063865,17.103334,0.0,0.0,
2020-09-01 04:00:00,308.84567,993.90955,4.393878,17.933958,0.0,0.0,
2020-09-01 05:00:00,309.35947,992.89966,3.0792882,17.462078,0.0,0.0,
2020-09-01 06:00:00,309.65524,992.3094,2.0905497,16.972967,0.0,0.0,
2020-09-01 07:00:00,309.7047,992.00757,1.1100764,14.543265,0.0,0.0,
2020-09-01 08:00:00,309.47385,991.99054,0.80621237,14.623189,0.0,0.0,
2020-09-01 09:00:00,309.04083,992.0648,1.0982513,14.958109,0.0,0.0,
2020-09-01 10:00:00,307.90393,992.75,2.4067676,16.121264,0.0,0.0,
2020-09-01 11:00:00,306.07666,993.1261,3.1879237,17.852913,0.0,0.0,
2020-09-01 12:00:00,304.66608,993.7509,3.6599233,19.119684,0.0,0.0,
2020-09-01 13:00:00,303.459,994.03076,3.8662627,20.172735,0.0,0.0,
2020-09-01 14:00:00,302.4006,994.1489,3.7485087,21.10843,0.0,0.0,
2020-09-01 15:00:00,301.38293,994.0192,3.3418095,22.114784,0.0,0.0,
2020-09-01 16:00:00,300.20837,993.8653,2.6255686,23.728401,0.0,0.0,
2020-09-01 17:00:00,300.15656,993.77045,0.8604527,23.939379,0.0,0.0,
2020-09-01 18:00:00,297.7644,993.8639,1.6250466,28.861368,0.0,0.0,
2020-09-01 19:00:00,296.30212,994.09204,3.0766149,29.898605,0.0,0.0,
2020-09-01 20:00:00,295.1269,994.1027,2.80539,32.809113,0.0,0.0,
2020-09-01 21:00:00,294.33295,994.613,2.5333564,35.11959,0.0,0.0,
2020-09-01 22:00:00,293.69672,995.2141,2.436797,37.047295,0.0,0.0,
2020-09-01 23:00:00,295.3196,995.9448,1.5935128,35.061066,0.0,0.0,
2020-09-02 00:00:00,299.91705,996.7502,1.4714434,23.825336,0.0,0.0,
2020-09-02 01:00:00,302.99655,997.0136,1.3613522,17.789623,0.0,0.0,
2020-09-02 02:00:00,305.53235,996.6136,1.5601406,14.599525,0.0,0.0,
2020-09-02 03:00:00,307.6422,995.4395,2.2524068,12.578599,0.0,0.0,
2020-09-02 04:00:00,308.94626,994.0795,2.3202693,11.873883,0.0,0.0,
2020-09-02 05:00:00,309.43518,992.9654,1.4018304,12.678158,0.0,0.0,
2020-09-02 06:00:00,309.7284,992.5164,0.6852229,12.975323,0.0,0.0,
2020-09-02 07:00:00,310.18884,992.19305,0.9567573,11.694641,0.0,0.0,
2020-09-02 08:00:00,310.03848,992.4375,1.4351914,11.543875,0.0,0.0,
2020-09-02 09:00:00,309.56897,992.73987,1.9562879,11.705179,0.0,0.0,
2020-09-02 10:00:00,308.15472,993.38837,2.577262,13.038118,0.0,0.0,
2020-09-02 11:00:00,306.568,994.2522,3.046121,14.379568,0.0,0.0,
2020-09-02 12:00:00,305.1388,994.80585,3.4850614,15.473003,0.0,0.0,
2020-09-02 13:00:00,303.89417,995.2152,3.7305038,16.445723,0.0,0.0,
2020-09-02 14:00:00,302.82562,995.40594,3.8528686,17.342445,0.0,0.0,
2020-09-02 15:00:00,301.77875,995.3875,3.921743,18.215279,0.0,0.0,
2020-09-02 16:00:00,300.77213,994.938,4.178819,18.841581,0.0,0.0,
2020-09-02 17:00:00,299.86823,994.6266,4.2747607,18.97955,0.0,0.0,
2020-09-02 18:00:00,298.97083,994.3865,3.8668933,18.985855,0.0,0.0,
2020-09-02 19:00:00,297.32434,994.93256,2.5546045,20.060658,0.0,0.0,
2020-09-02 20:00:00,295.88263,995.22534,2.0777602,23.40982,0.0,0.0,
2020-09-02 21:00:00,296.63495,995.88513,0.4087342,21.733227,0.0,0.0,
2020-09-02 22:00:00,294.04565,996.41174,1.993916,27.766836,0.0,0.0,
2020-09-02 23:00:00,296.046,997.1981,2.5505056,23.074106,0.0,0.0,
2020-09-03 00:00:00,299.9895,997.7525,3.4798872,17.452642,0.0,0.0,
2020-09-03 01:00:00,303.44623,997.9027,4.1841855,13.651088,0.0,0.0,
2020-09-03 02:00:00,306.41092,997.3714,4.8225555,11.202565,0.0,0.0,
2020-09-03 03:00:00,308.92432,996.322,5.1286864,9.51685,0.0,0.0,
2020-09-03 04:00:00,310.375,994.9575,4.6194997,8.899887,0.0,0.0,
2020-09-03 05:00:00,311.06512,993.8342,3.9996557,9.03779,0.0,0.0,
2020-09-03 06:00:00,311.36734,993.3053,3.537127,9.303479,0.0,0.0,
2020-09-03 07:00:00,311.4923,993.0593,2.9738166,9.574373,0.0,0.0,
2020-09-03 08:00:00,311.19507,992.7356,3.1019964,9.605446,0.0,0.0,
2020-09-03 09:00:00,310.47473,993.14966,3.0912793,9.969487,0.0,0.0,
2020-09-03 10:00:00,308.3335,993.4931,3.4419045,11.395436,0.0,0.0,
2020-09-03 11:00:00,306.51447,994.2925,4.023878,12.700897,0.0,0.0,
2020-09-03 12:00:00,305.04843,994.7595,4.2890134,13.749303,0.0,0.0,
2020-09-03 13:00:00,303.80286,995.29407,4.5746417,14.540963,0.0,0.0,
2020-09-03 14:00:00,302.71283,995.1687,4.8702283,15.151897,0.0,0.0,
2020-09-03 15:00:00,301.78918,995.4578,5.0150104,15.6149,0.0,0.0,
2020-09-03 16:00:00,300.9372,995.1269,5.183433,16.009449,0.0,0.0,
2020-09-03 17:00:00,300.10083,994.90466,4.867874,16.472433,0.0,0.0,
2020-09-03 18:00:00,299.30255,994.95624,4.46907,17.031162,0.0,0.0,
2020-09-03 19:00:00,297.91248,995.34717,3.0607688,18.146149,0.0,0.0,
2020-09-03 20:00:00,296.83936,995.71967,1.4317414,21.673254,0.0,0.0,
2020-09-03 21:00:00,297.7143,996.3736,0.5999779,18.234148,0.0,0.0,
2020-09-03 22:00:00,295.47476,996.8633,1.5978814,23.134869,0.0,0.0,
2020-09-03 23:00:00,296.81982,997.22485,2.2703116,20.441511,0.0,0.0,
2020-09-04 00:00:00,300.96442,997.72766,3.9027705,14.640453,0.0,0.0,
2020-09-04 01:00:00,303.59512,997.5072,5.3853626,12.225953,0.0,0.0,
2020-09-04 02:00:00,306.23682,996.8578,5.7904873,10.818289,0.0,0.0,
2020-09-04 03:00:00,308.45026,995.6713,5.638099,10.583866,0.0,0.0,
2020-09-04 04:00:00,309.95874,994.42126,5.0685244,10.898019,0.0,0.0,
2020-09-04 05:00:00,310.93167,993.15173,4.6740427,10.985072,0.0,0.0,
2020-09-04 06:00:00,311.4265,992.25073,4.367007,11.102761,0.0,0.0,
2020-09-04 07:00:00,311.0143,992.0167,2.7107809,12.8041,0.0,0.0,
2020-09-04 08:00:00,310.76807,991.95526,2.567872,13.1548,0.0,0.0,
2020-09-04 09:00:00,310.1596,991.8299,2.662724,13.571832,0.0,0.0,
2020-09-04 10:00:00,308.42813,992.2943,3.0970042,14.723009,0.0,0.0,
2020-09-04 11:00:00,306.7791,992.64276,3.9902914,15.405947,0.0,0.0,
2020-09-04 12:00:00,305.4772,993.42163,4.555097,15.487014,0.0,0.0,
2020-09-04 13:00:00,304.39917,993.906,4.7077703,15.530864,0.0,0.0,
2020-09-04 14:00:00,303.38257,993.7715,4.700688,15.8424015,0.0,0.0,
2020-09-04 15:00:00,302.4865,993.89264,4.71573,16.215778,0.0,0.0,
2020-09-04 16:00:00,301.6294,993.4454,4.5353394,16.609373,0.0,0.0,
2020-09-04 17:00:00,300.6551,992.9319,4.059993,17.185587,0.0,0.0,
2020-09-04 18:00:00,299.70642,992.5189,3.77114,17.795591,0.0,0.0,
2020-09-04 19:00:00,298.1387,992.99084,3.4422166,19.119894,0.0,0.0,
2020-09-04 20:00:00,297.43945,993.15936,3.0964618,19.462494,0.0,0.0,
2020-09-04 21:00:00,296.64047,993.7126,2.3321223,20.566727,0.0,0.0,
2020-09-04 22:00:00,296.20718,994.3926,1.4232566,22.18516,0.0,0.0,
2020-09-04 23:00:00,297.5728,995.30115,1.0082457,21.303696,0.0,0.0,
2020-09-05 00:00:00,300.94012,995.49835,2.2724643,13.89329,0.0,0.0,
2020-09-05 01:00:00,303.53796,995.5683,3.1944575,12.029951,0.0,0.0,
2020-09-05 02:00:00,305.84677,994.73865,2.7179477,12.118835,0.0,0.0,
2020-09-05 03:00:00,307.7494,993.7367,1.5393674,12.957318,0.0,0.0,
2020-09-05 04:00:00,309.29156,992.6892,1.0086418,14.363991,0.0,0.0,
2020-09-05 05:00:00,310.63623,991.52374,2.4687824,15.519537,0.0,0.0,
2020-09-05 06:00:00,311.2386,990.762,2.5357745,15.386658,0.0,0.0,
2020-09-05 07:00:00,311.03156,990.5058,1.4809433,15.007221,0.0,0.0,
2020-09-05 08:00:00,310.89185,990.2991,0.6148103,14.947844,0.0,0.0,
2020-09-05 09:00:00,310.5289,990.35345,0.9137509,15.175958,0.0,0.0,
2020-09-05 10:00:00,309.6225,990.7903,2.4251614,16.142754,0.0,0.0,
2020-09-05 11:00:00,308.64142,991.47876,2.9227407,17.103094,0.0,0.0,
2020-09-05 12:00:00,307.46576,992.1937,3.0219803,18.17599,0.0,0.0,
2020-09-05 13:00:00,306.58453,992.5577,2.695241,18.943748,0.0,0.0,
2020-09-05 14:00:00,305.69034,992.8643,2.0838208,20.041304,0.0,0.0,
2020-09-05 15:00:00,304.60944,993.1102,2.0726602,21.64018,0.0,0.0,
2020-09-05 16:00:00,304.00293,993.2559,2.5958023,22.636328,0.0,0.0,
2020-09-05 17:00:00,302.98212,993.1725,3.3774495,25.249142,0.0,0.0,
2020-09-05 18:00:00,301.5494,993.0549,4.867433,33.475548,0.0,0.0,
2020-09-05 19:00:00,299.46246,992.92065,5.1378064,52.880287,0.0,0.0,
2020-09-05 20:00:00,298.73035,993.5985,4.543239,56.137585,0.0,0.0,
2020-09-05 21:00:00,298.2929,994.1043,3.9968576,57.26719,0.0,0.0,
2020-09-05 22:00:00,297.88904,994.73615,3.5107055,58.186794,0.0,0.0,
2020-09-05 23:00:00,299.17047,995.3769,3.6285024,53.117085,0.0,0.0,
2020-09-06 00:00:00,301.54694,995.93054,3.5968032,42.666645,0.0017092434,0.0,
2020-09-06 01:00:00,304.0777,995.9398,2.4475446,31.73402,0.0,0.0,
2020-09-06 02:00:00,306.45007,995.5372,2.5334835,24.815664,0.0,0.0,
2020-09-06 03:00:00,308.63925,994.38885,4.046876,20.85917,0.0,0.0,
2020-09-06 04:00:00,310.11478,993.15875,5.1764097,17.945961,0.0,0.0,
2020-09-06 05:00:00,310.9203,992.31,4.887747,16.160366,0.0,0.0,
2020-09-06 06:00:00,311.33484,991.62366,4.3025293,14.780462,0.0,0.0,
2020-09-06 07:00:00,311.62024,991.0161,4.0540967,12.994523,0.0,0.0,
2020-09-06 08:00:00,311.46494,991.14264,4.067739,11.907027,0.0,0.0,
2020-09-06 09:00:00,310.90634,991.475,3.7865193,11.334676,0.0,0.0,
2020-09-06 10:00:00,309.25775,992.2394,2.9577665,12.1986065,0.0,0.0,
2020-09-06 11:00:00,307.67102,993.0906,3.4785945,13.258186,0.0,0.0,
2020-09-06 12:00:00,306.1552,994.00977,4.37423,14.591354,0.0,0.0,
2020-09-06 13:00:00,305.09894,994.64734,4.858832,15.979486,0.0,0.0,
2020-09-06 14:00:00,304.17725,994.7554,5.0309143,17.497133,0.0,0.0,
2020-09-06 15:00:00,303.24146,995.2489,4.5269485,19.04103,0.0,0.0,
2020-09-06 16:00:00,301.75278,995.4322,4.382214,21.78763,0.0,0.0,
2020-09-06 17:00:00,299.78183,995.4334,5.4188013,38.72171,0.0,0.0,
2020-09-06 18:00:00,298.37756,995.57654,5.076686,56.516678,0.0,0.0,
2020-09-06 19:00:00,297.886,996.0989,3.4192176,59.143078,0.0,0.0,
2020-09-06 20:00:00,297.2395,996.6273,2.3868718,63.483505,0.0,0.0,
2020-09-06 21:00:00,296.43762,997.0725,1.9916725,68.56685,0.0,0.0,
2020-09-06 22:00:00,295.66785,998.1066,1.6923103,73.45534,0.0,0.0,
2020-09-06 23:00:00,297.47083,998.8859,1.4016868,66.6428,0.0,0.0,
2020-09-07 00:00:00,299.85382,999.438,1.3446424,54.18752,0.0012747953,0.0,
2020-09-07 01:00:00,302.37463,999.3141,0.5326432,40.956154,0.0,0.0,
2020-09-07 02:00:00,304.7542,999.05133,0.5233431,31.662392,0.0,0.0,
2020-09-07 03:00:00,306.85693,997.99274,1.0769627,23.581646,0.0,0.0,
2020-09-07 04:00:00,308.4881,996.7226,2.191732,18.187254,0.0,0.0,
2020-09-07 05:00:00,309.63446,995.6819,2.6482146,14.546587,0.0,0.0,
2020-09-07 06:00:00,310.1671,994.6997,2.3041189,12.566301,0.0,0.0,
2020-09-07 07:00:00,310.83295,994.2482,3.1715386,11.342725,0.0,0.0,
2020-09-07 08:00:00,310.75494,994.21844,3.077181,10.578648,0.0,0.0,
2020-09-07 09:00:00,310.2475,994.38745,2.7711055,10.372235,0.0,0.0,
2020-09-07 10:00:00,308.97992,995.13385,1.8819115,11.212905,0.0,0.0,
2020-09-07 11:00:00,307.54358,995.6877,2.0400023,12.411108,0.0,0.0,
2020-09-07 12:00:00,305.82373,996.46924,2.6813133,13.87382,0.0,0.0,
2020-09-07 13:00:00,304.3338,996.80396,3.4381385,15.062245,0.0,0.0,
2020-09-07 14:00:00,303.14874,997.2294,3.7472699,16.095375,0.0,0.0,
2020-09-07 15:00:00,302.26862,997.3636,3.9585521,17.102976,0.0,0.0,
2020-09-07 16:00:00,301.44083,997.26013,4.0633335,18.208147,0.0,0.0,
2020-09-07 17:00:00,300.56012,997.0167,4.031684,19.657965,0.0,0.0,
2020-09-07 18:00:00,299.63196,996.90656,3.7102377,21.330727,0.0,0.0,
2020-09-07 19:00:00,298.0719,997.1205,3.0780554,23.921541,0.0,0.0,
2020-09-07 20:00:00,296.80353,997.70447,2.6090767,26.537355,0.0,0.0,
2020-09-07 21:00:00,295.7501,998.40485,2.4253986,31.458551,0.0,0.0,
2020-09-07 22:00:00,294.80176,999.1306,1.9539062,39.687504,0.0,0.0,
2020-09-07 23:00:00,296.65405,999.74835,1.1387678,42.356354,0.0,0.0,
2020-09-08 00:00:00,300.01318,1000.3703,0.8648588,40.326916,0.0,0.0,
2020-09-08 01:00:00,303.3424,1000.0005,0.9499976,29.16592,0.0,0.0,
2020-09-08 02:00:00,306.51843,999.42523,2.02053,18.314608,0.0,0.0,
2020-09-08 03:00:00,309.25983,998.28455,3.479795,12.27602,0.0,0.0,
2020-09-08 04:00:00,310.50293,996.70844,4.1215696,9.892572,0.0,0.0,
2020-09-08 05:00:00,311.1933,995.6472,4.2170115,9.260016,0.0,0.0,
2020-09-08 06:00:00,311.587,994.8867,4.407224,9.040294,0.0,0.0,
2020-09-08 07:00:00,311.7952,994.3839,4.376888,8.626289,0.0,0.0,
2020-09-08 08:00:00,311.46027,994.28094,4.4565334,8.924161,0.0,0.0,
2020-09-08 09:00:00,310.65594,994.43335,4.0905147,9.570295,0.0,0.0,
2020-09-08 10:00:00,308.79492,995.464,3.2667947,10.99291,0.0,0.0,
2020-09-08 11:00:00,307.15613,995.8003,3.5401437,12.455902,0.0,0.0,
2020-09-08 12:00:00,305.73944,996.40936,3.9275987,13.942131,0.0,0.0,
2020-09-08 13:00:00,304.52795,996.70874,4.134274,15.391111,0.0,0.0,
2020-09-08 14:00:00,303.43127,996.83185,4.089534,16.785582,0.0,0.0,
2020-09-08 15:00:00,302.35718,996.8589,3.9168613,18.161802,0.0,0.0,
2020-09-08 16:00:00,301.16132,996.69653,3.6237364,19.761663,0.0,0.0,
2020-09-08 17:00:00,299.91983,996.42346,3.3810284,21.58935,0.0,0.0,
2020-09-08 18:00:00,298.80988,996.16797,3.4185605,23.325861,0.0,0.0,
2020-09-08 19:00:00,298.17426,996.1958,3.587135,23.166819,0.0,0.0,
2020-09-08 20:00:00,296.97107,996.5527,3.1512804,26.323677,0.0,0.0,
2020-09-08 21:00:00,295.97308,996.9356,2.7736366,30.541498,0.0,0.0,
2020-09-08 22:00:00,295.15118,997.42694,2.339232,36.066753,0.0,0.0,
2020-09-08 23:00:00,297.18814,998.00903,1.6425886,36.55663,0.0,0.0,
2020-09-09 00:00:00,300.52264,998.21545,1.4571977,36.91685,0.0,0.0,
2020-09-09 01:00:00,303.38232,998.02313,1.30219,31.372404,0.0,0.0,
2020-09-09 02:00:00,306.38116,997.1575,2.7779408,21.085735,0.0,0.0,
2020-09-09 03:00:00,309.05762,996.1985,4.4927444,13.899866,0.0,0.0,
2020-09-09 04:00:00,310.34637,994.68854,5.0231404,10.322839,0.0,0.0,
2020-09-09 05:00:00,311.08215,993.58203,5.1275296,8.565615,0.0,0.0,
2020-09-09 06:00:00,311.46964,992.70703,5.1888895,7.4467354,0.0,0.0,
2020-09-09 07:00:00,311.5638,991.9536,5.107646,7.094848,0.0,0.0,
2020-09-09 08:00:00,311.2035,991.8959,5.3193965,6.7664094,0.0,0.0,
2020-09-09 09:00:00,310.30084,992.2136,4.8533034,7.008592,0.0,0.0,
2020-09-09 10:00:00,308.11057,992.89624,3.8643978,8.139179,0.0,0.0,
2020-09-09 11:00:00,306.42535,993.40344,3.885418,9.29887,0.0,0.0,
2020-09-09 12:00:00,305.0044,993.8049,3.9834507,10.601578,0.0,0.0,
2020-09-09 13:00:00,303.76328,994.0018,4.039795,12.044902,0.0,0.0,
2020-09-09 14:00:00,302.59253,994.0383,3.966153,13.567866,0.0,0.0,
2020-09-09 15:00:00,301.46362,994.2661,3.8825963,15.076634,0.0,0.0,
2020-09-09 16:00:00,300.40015,994.08594,3.98646,16.456448,0.0,0.0,
2020-09-09 17:00:00,299.42,993.6972,4.1141324,17.631212,0.0,0.0,
2020-09-09 18:00:00,298.6603,993.68634,4.1918993,18.373146,0.0,0.0,
2020-09-09 19:00:00,297.66943,993.59033,4.2701592,18.774254,0.0,0.0,
2020-09-09 20:00:00,296.904,993.7608,3.9170742,19.910973,0.0,0.0,
2020-09-09 21:00:00,296.01175,994.50287,3.2267606,21.429705,0.0,0.0,
2020-09-09 22:00:00,294.97986,995.1319,2.6756437,23.494278,0.0,0.0,
2020-09-09 23:00:00,296.88202,995.97424,2.0848026,21.584648,0.0,0.0,
2020-09-10 00:00:00,300.94592,996.2402,2.476931,16.774576,0.0017106531,0.0,
2020-09-10 01:00:00,303.87256,995.98346,3.3531225,14.343253,0.0,0.0,
2020-09-10 02:00:00,306.40558,995.41437,3.8522925,12.674377,0.0,0.0,
2020-09-10 03:00:00,308.5055,994.3848,4.378412,10.63115,0.0,0.0,
2020-09-10 04:00:00,309.6514,993.10834,4.7180595,9.207714,0.0,0.0,
2020-09-10 05:00:00,310.35492,992.0497,4.8169427,8.732055,0.0,0.0,
2020-09-10 06:00:00,310.68375,991.5042,4.812816,8.628523,0.0,0.0,
2020-09-10 07:00:00,310.75845,991.228,4.1985464,8.196885,0.0,0.0,
2020-09-10 08:00:00,310.46417,991.21405,4.4968634,8.378251,0.0,0.0,
2020-09-10 09:00:00,309.71725,991.6841,4.3741336,8.964457,0.0,0.0,
2020-09-10 10:00:00,307.70328,992.46936,3.6562746,10.446093,0.0,0.0,
2020-09-10 11:00:00,306.1042,993.0421,3.9032412,11.895352,0.0,0.0,
2020-09-10 12:00:00,304.74933,993.7436,4.152931,13.343082,0.0,0.0,
2020-09-10 13:00:00,303.543,993.9219,4.2668734,14.773147,0.0,0.0,
2020-09-10 14:00:00,302.44104,994.1472,4.3232484,16.223,0.0,0.0,
2020-09-10 15:00:00,301.3924,994.3784,4.3458514,17.798487,0.0,0.0,
2020-09-10 16:00:00,300.41095,994.336,4.2795634,19.515553,0.0,0.0,
2020-09-10 17:00:00,299.55963,994.30237,4.1949506,21.316341,0.0,0.0,
2020-09-10 18:00:00,298.84964,994.2564,4.2670445,23.178595,0.0,0.0,
2020-09-10 19:00:00,297.89026,994.6724,4.256591,25.368103,0.0,0.0,
2020-09-10 20:00:00,297.29004,994.7111,4.3425846,26.518732,0.0,0.0,
2020-09-10 21:00:00,296.7998,995.4589,4.2870917,27.202602,0.0,0.0,
2020-09-10 22:00:00,296.46176,996.3508,4.090503,27.436855,0.0,0.0,
2020-09-10 23:00:00,298.5983,997.4838,3.9915211,23.70656,0.0,0.0,
2020-09-11 00:00:00,302.08118,997.8939,5.160325,18.671873,0.0,0.0,
2020-09-11 01:00:00,305.3019,997.8525,6.1456904,15.199063,0.0,0.0,
2020-09-11 02:00:00,307.8296,996.9739,7.0120406,13.236462,0.0,0.0,
2020-09-11 03:00:00,309.0038,996.11084,6.112641,12.269532,0.0,0.0,
2020-09-11 04:00:00,309.84732,995.0633,5.6071053,11.17143,0.0,0.0,
2020-09-11 05:00:00,310.49615,994.2728,5.3998404,10.405072,0.0,0.0,
2020-09-11 06:00:00,310.84167,993.4639,5.216136,9.950636,0.0,0.0,
2020-09-11 07:00:00,311.2412,992.6774,5.84627,9.319617,0.0,0.0,
2020-09-11 08:00:00,310.97873,992.7548,5.714566,9.644115,0.0,0.0,
2020-09-11 09:00:00,310.1538,993.07513,4.9887996,10.494269,0.0,0.0,
2020-09-11 10:00:00,308.20404,994.03094,3.7637968,12.116072,0.0,0.0,
2020-09-11 11:00:00,306.6501,994.58154,3.9457293,13.61097,0.0,0.0,
2020-09-11 12:00:00,305.35245,995.0817,4.332814,14.994547,0.0,0.0,
2020-09-11 13:00:00,304.27655,995.6305,4.483329,16.20494,0.0,0.0,
2020-09-11 14:00:00,303.20453,995.7825,4.171387,17.453339,0.0,0.0,
2020-09-11 15:00:00,302.01837,995.9946,3.7737627,18.940517,0.0,0.0,
2020-09-11 16:00:00,300.72668,995.6575,3.4506104,20.680948,0.0,0.0,
2020-09-11 17:00:00,299.62024,995.59766,3.4517093,22.289007,0.0,0.0,
2020-09-11 18:00:00,298.7854,995.49884,3.6953793,23.462555,0.0,0.0,
2020-09-11 19:00:00,297.6062,995.7849,3.154547,24.74337,0.0,0.0,
2020-09-11 20:00:00,296.31018,996.2725,2.4303396,27.336264,0.0,0.0,
2020-09-11 21:00:00,295.29504,996.71814,2.7875192,31.4614,0.0,0.0,
2020-09-11 22:00:00,294.63443,997.605,2.342514,40.807083,0.0,0.0,
2020-09-11 23:00:00,296.84265,998.1075,1.7391803,46.545437,0.0,0.0,
2020-09-12 00:00:00,299.83777,998.5578,1.6888382,48.822105,0.0,0.0,
2020-09-12 01:00:00,302.9299,998.23364,1.2351017,39.334114,0.0,0.0,
2020-09-12 02:00:00,305.63776,997.6985,1.596263,26.776808,0.0,0.0,
2020-09-12 03:00:00,307.87732,996.8172,2.884397,19.98495,0.0,0.0,
2020-09-12 04:00:00,309.28192,995.33563,3.3703535,15.283778,0.0,0.0,
2020-09-12 05:00:00,309.89737,994.2981,2.8682115,13.535068,0.0,0.0,
2020-09-12 06:00:00,310.23254,993.5069,2.10079,12.763646,0.0,0.0,
2020-09-12 07:00:00,310.64478,992.71844,2.1674147,13.132609,0.0,0.0,
2020-09-12 08:00:00,310.52106,992.96094,1.8926493,12.992649,0.0,0.0,
2020-09-12 09:00:00,310.0161,992.94727,1.6422174,13.144614,0.0,0.0,
2020-09-12 10:00:00,309.0813,993.80524,1.5243152,13.945007,0.0,0.0,
2020-09-12 11:00:00,307.64453,994.18286,2.1728156,15.343711,0.0,0.0,
2020-09-12 12:00:00,305.9765,994.96936,2.408823,17.02824,0.0,0.0,
2020-09-12 13:00:00,304.36877,995.25073,2.5322702,18.758844,0.0,0.0,
2020-09-12 14:00:00,302.93674,995.49396,2.5931852,20.410892,0.0,0.0,
2020-09-12 15:00:00,301.5885,995.5094,2.4714448,22.043743,0.0,0.0,
2020-09-12 16:00:00,300.1046,994.9094,2.0054767,24.65238,0.0,0.0,
2020-09-12 17:00:00,298.90778,994.63165,1.9664774,26.49569,0.0,0.0,
2020-09-12 18:00:00,298.21423,994.53375,2.756406,26.03074,0.0,0.0,
2020-09-12 19:00:00,297.81174,994.544,3.8142624,23.81047,0.0,0.0,
2020-09-12 20:00:00,296.6651,994.95123,3.4200573,25.925753,0.0,0.0,
2020-09-12 21:00:00,295.64175,995.72815,3.058441,30.929163,0.0,0.0,
2020-09-12 22:00:00,294.95422,996.7739,2.5788074,40.1656,0.0,0.0,
2020-09-12 23:00:00,297.12714,997.5719,2.214071,47.872448,0.0,0.0,
2020-09-13 00:00:00,299.96625,997.9811,1.9246697,53.267395,0.0,0.0,
2020-09-13 01:00:00,303.13794,997.6563,1.4627625,42.526608,0.0,0.0,
2020-09-13 02:00:00,306.13977,997.1264,1.9411988,27.027372,0.0,0.0,
2020-09-13 03:00:00,308.45215,996.14734,2.8434384,18.40114,0.0,0.0,
2020-09-13 04:00:00,310.21317,994.9324,4.456605,11.896765,0.0,0.0,
2020-09-13 05:00:00,311.3241,993.7576,5.146605,8.867756,0.0,0.0,
2020-09-13 06:00:00,312.07098,992.6078,5.5782766,6.6268234,0.0,0.0,
2020-09-13 07:00:00,312.43195,991.5831,7.7729793,6.0760503,0.0,0.0,
2020-09-13 08:00:00,311.773,992.0159,7.6104527,6.4178042,0.0,0.0,
2020-09-13 09:00:00,310.6773,992.6,6.4170613,7.0586658,0.0,0.0,
2020-09-13 10:00:00,308.6463,993.52905,4.6583233,8.236329,0.0,0.0,
2020-09-13 11:00:00,306.88568,994.2683,4.1291814,9.431131,0.0,0.0,
2020-09-13 12:00:00,305.36697,994.8784,4.182285,10.542806,0.0,0.0,
2020-09-13 13:00:00,304.1186,995.1384,4.484362,11.545915,0.0,0.0,
2020-09-13 14:00:00,303.18417,995.26,4.669,12.574431,0.0,0.0,
2020-09-13 15:00:00,302.34784,995.40643,4.6246386,13.895691,0.0,0.0,
2020-09-13 16:00:00,301.44144,995.1082,4.5018673,15.45874,0.0,0.0,
2020-09-13 17:00:00,300.51733,995.0628,4.3896666,17.07553,0.0,0.0,
2020-09-13 18:00:00,299.5713,995.11505,4.19829,18.713531,0.0,0.0,
2020-09-13 19:00:00,298.9734,995.0436,5.066667,20.406311,0.0,0.0,
2020-09-13 20:00:00,298.11847,995.29987,4.4003572,22.071705,0.0,0.0,
2020-09-13 21:00:00,296.9834,995.9967,3.5058732,24.084547,0.0,0.0,
2020-09-13 22:00:00,295.8748,997.10406,2.6114755,26.662842,0.0,0.0,
2020-09-13 23:00:00,297.7768,997.7361,1.5915658,25.96452,0.0,0.0,
2020-09-14 00:00:00,301.03534,998.1064,1.6076465,24.765867,0.0,0.0,
2020-09-14 01:00:00,304.14325,998.1467,2.6636229,21.107304,0.0,0.0,
2020-09-14 02:00:00,307.1942,997.6287,4.743286,15.423499,0.0,0.0,
2020-09-14 03:00:00,309.50946,996.5444,6.7286696,11.637239,0.0,0.0,
2020-09-14 04:00:00,310.64798,995.1403,7.6612453,9.98127,0.0,0.0,
2020-09-14 05:00:00,311.22797,994.0134,8.035384,9.43531,0.0,0.0,
2020-09-14 06:00:00,311.45642,993.1118,8.073649,9.405863,0.0,0.0,
2020-09-14 07:00:00,311.5761,992.6309,8.242662,9.651431,0.0,0.0,
2020-09-14 08:00:00,311.04266,992.58813,8.147366,10.031085,0.0,0.0,
2020-09-14 09:00:00,310.06482,993.1719,7.3324356,10.576376,0.0,0.0,
2020-09-14 10:00:00,308.28806,994.3592,5.8770394,11.657795,0.0,0.0,
2020-09-14 11:00:00,306.86218,995.13306,5.5403547,12.484203,0.0,0.0,
2020-09-14 12:00:00,305.58618,995.98047,5.218352,13.225469,0.0,0.0,
2020-09-14 13:00:00,304.287,996.41046,4.848243,14.163348,0.0,0.0,
2020-09-14 14:00:00,303.164,996.9243,4.9460335,15.210159,0.0,0.0,
2020-09-14 15:00:00,302.34613,996.9623,5.447414,16.294186,0.0,0.0,
2020-09-14 16:00:00,301.74445,996.84143,5.903276,17.242315,0.0,0.0,
2020-09-14 17:00:00,301.12207,996.2889,5.82079,17.95958,0.0,0.0,
2020-09-14 18:00:00,300.4129,996.28815,5.264127,18.727997,0.0,0.0,
2020-09-14 19:00:00,299.30817,996.35486,4.7902164,20.344915,0.0,0.0,
2020-09-14 20:00:00,298.7429,996.72406,4.9182568,20.907923,0.0,0.0,
2020-09-14 21:00:00,298.3155,997.1867,5.1637144,21.490675,0.0,0.0,
2020-09-14 22:00:00,298.10956,998.0617,5.3363466,22.125282,0.0,0.0,
2020-09-14 23:00:00,300.0888,999.17847,5.499672,20.246374,0.0,0.0,
2020-09-15 00:00:00,302.93756,999.66846,7.2450533,17.706257,0.0,0.0,
2020-09-15 01:00:00,305.58185,999.682,8.432306,15.47929,0.0,0.0,
2020-09-15 02:00:00,307.43246,999.0803,9.299445,13.912792,0.0,0.0,
2020-09-15 03:00:00,308.5005,997.7992,8.82237,12.835601,0.0,0.0,
2020-09-15 04:00:00,309.30634,996.4933,7.865367,11.575882,0.0,0.0,
2020-09-15 05:00:00,309.80948,994.95825,6.977768,10.783394,0.0,0.0,
2020-09-15 06:00:00,310.0603,994.0733,6.3384223,10.371243,0.0,0.0,
2020-09-15 07:00:00,310.11157,993.6289,5.6818333,10.305115,0.0,0.0,
2020-09-15 08:00:00,309.7342,993.497,5.318097,10.640521,0.0,0.0,
2020-09-15 09:00:00,309.01434,994.03375,4.695739,11.214281,0.0,0.0,
2020-09-15 10:00:00,307.2237,994.6199,3.3854883,12.567658,0.0,0.0,
2020-09-15 11:00:00,305.8858,995.3655,3.6227114,13.657527,0.0,0.0,
2020-09-15 12:00:00,304.77826,996.10425,4.387724,14.593016,0.0,0.0,
2020-09-15 13:00:00,304.18,996.51794,5.345443,15.261045,0.0,0.0,
2020-09-15 14:00:00,303.5663,996.6687,5.7349405,16.02423,0.0,0.0,
2020-09-15 15:00:00,303.11575,996.65393,5.7191567,16.474136,0.0,0.0,
2020-09-15 16:00:00,302.54376,996.27344,5.393945,17.005661,0.0,0.0,
2020-09-15 17:00:00,302.0124,995.9289,4.9656806,17.550499,0.0,0.0,
2020-09-15 18:00:00,301.5173,995.60913,4.6647816,18.160963,0.0,0.0,
2020-09-15 19:00:00,298.51636,995.718,3.5276082,22.518328,0.0,0.0,
2020-09-15 20:00:00,297.52457,995.77625,2.970977,24.50511,0.0,0.0,
2020-09-15 21:00:00,296.48242,996.3098,2.4364316,26.865812,0.0,0.0,
2020-09-15 22:00:00,295.75476,997.4545,2.0045905,30.130213,0.0,0.0,
2020-09-15 23:00:00,297.83893,998.2074,1.4324298,30.619165,0.0,0.0,
2020-09-16 00:00:00,300.526,998.65326,1.0595789,32.663364,0.0,0.0,
2020-09-16 01:00:00,303.3269,998.43616,0.7758042,26.733488,0.0,0.0,
2020-09-16 02:00:00,305.5321,997.6682,1.2337413,19.469158,0.0,0.0,
2020-09-16 03:00:00,307.4533,996.4919,2.0462372,15.357039,0.0,0.0,
2020-09-16 04:00:00,308.69672,994.9894,1.9140975,13.455985,0.0,0.0,
2020-09-16 05:00:00,309.16772,993.6147,1.0364075,12.421146,0.0,0.0,
2020-09-16 06:00:00,309.42566,992.7369,0.43963403,11.837395,0.0,0.0,
2020-09-16 07:00:00,309.7284,992.21967,0.41719136,11.484511,0.0,0.0,
2020-09-16 08:00:00,309.42865,991.94116,0.9849332,11.509811,0.0,0.0,
2020-09-16 09:00:00,309.05698,992.1711,1.8220966,11.724184,0.0,0.0,
2020-09-16 10:00:00,308.16418,992.6816,2.7708085,12.489663,0.0,0.0,
2020-09-16 11:00:00,306.92416,993.14813,3.452598,13.489573,0.0,0.0,
2020-09-16 12:00:00,305.70038,993.64954,3.8537478,14.4337225,0.0,0.0,
2020-09-16 13:00:00,304.81067,993.90485,3.7851126,15.075464,0.0,0.0,
2020-09-16 14:00:00,303.8473,994.1306,3.3617387,15.826644,0.0,0.0,
2020-09-16 15:00:00,302.9501,993.9892,2.6930056,16.62456,0.0,0.0,
2020-09-16 16:00:00,301.66235,994.0433,2.107658,18.410355,0.0,0.0,
2020-09-16 17:00:00,300.59097,994.1155,6.1258044,28.643847,0.0,0.0,
2020-09-16 18:00:00,299.15723,994.1342,7.280714,54.66083,0.0,0.0,
2020-09-16 19:00:00,298.1324,993.89545,5.9936266,61.656296,0.0,0.0,
2020-09-16 20:00:00,297.59207,994.0369,5.2590694,66.04658,0.0,0.0,
2020-09-16 21:00:00,297.19867,994.6911,4.928257,70.48537,0.0,0.0,
2020-09-16 22:00:00,296.8133,995.27045,4.599097,74.770515,0.0,0.0,
2020-09-16 23:00:00,298.20422,996.09766,5.5372334,69.65606,0.0,0.0,
2020-09-17 00:00:00,300.86472,996.53796,6.1536465,54.097206,0.0,0.0,
2020-09-17 01:00:00,303.80753,996.5572,6.637841,38.665123,0.0,0.0,
2020-09-17 02:00:00,306.2672,995.745,6.997758,28.872171,0.0,0.0,
2020-09-17 03:00:00,308.06152,994.58435,6.887687,23.298676,0.0,0.0,
2020-09-17 04:00:00,309.12305,993.0606,6.5971794,19.812939,0.0,0.0,
2020-09-17 05:00:00,309.63458,991.8008,6.3330374,17.721167,0.0,0.0,
2020-09-17 06:00:00,309.75128,991.14874,6.5142465,16.808662,0.0,0.0,
2020-09-17 07:00:00,309.37244,991.0209,6.8775015,17.47038,0.0,0.0,
2020-09-17 08:00:00,308.80347,991.03217,6.9900656,18.758831,0.0,0.0,
2020-09-17 09:00:00,308.05737,991.4865,6.741979,20.251053,0.0,0.0,
2020-09-17 10:00:00,306.7378,992.47046,5.2573113,22.11243,0.0,0.0,
2020-09-17 11:00:00,305.7398,993.1304,4.726654,23.780228,0.0,0.0,
2020-09-17 12:00:00,304.66833,993.72174,4.570014,25.999218,0.0,0.0,
2020-09-17 13:00:00,303.63452,994.33813,5.6465263,29.791296,0.0,0.0,
2020-09-17 14:00:00,302.44235,994.5039,6.121238,37.102043,0.0,0.0,
2020-09-17 15:00:00,301.39325,994.7004,6.1001096,43.501945,0.0,0.0,
2020-09-17 16:00:00,300.55362,994.28174,5.721947,47.29246,0.0,0.0,
2020-09-17 17:00:00,299.70844,993.9045,5.2086816,50.458366,0.0,0.0,
2020-09-17 18:00:00,298.946,994.27057,5.4608054,52.555077,0.0,0.0,
2020-09-17 19:00:00,298.52924,994.5761,3.815207,46.081753,0.0,0.0,
2020-09-17 20:00:00,297.70712,995.19885,2.660611,42.168484,0.0,0.0,
2020-09-17 21:00:00,296.8393,995.9188,2.617829,38.101807,0.0,0.0,
2020-09-17 22:00:00,296.2453,996.8696,2.4880192,35.790356,0.0,0.0,
2020-09-17 23:00:00,298.04572,997.6233,3.236469,31.02997,0.0,0.0,
2020-09-18 00:00:00,299.899,998.3047,3.7778618,27.098412,0.0,0.0,
2020-09-18 01:00:00,301.73724,998.1447,3.204432,24.073483,0.0,0.0,
2020-09-18 02:00:00,303.56137,997.4343,2.2684047,21.413193,0.0,0.0,
2020-09-18 03:00:00,305.12448,996.4389,1.0315895,18.999388,0.0,0.0,
2020-09-18 04:00:00,306.59845,995.10974,1.2192189,16.736313,0.0,0.0,
2020-09-18 05:00:00,308.03064,993.85455,2.4424224,14.933165,0.0,0.0,
2020-09-18 06:00:00,308.87653,992.6845,3.2711267,13.922295,0.0,0.0,
2020-09-18 07:00:00,309.20612,992.3106,3.4632852,13.351554,0.0,0.0,
2020-09-18 08:00:00,309.02344,992.17474,3.5643294,13.127683,0.0,0.0,
2020-09-18 09:00:00,308.4262,992.34814,3.3833563,13.224135,0.0,0.0,
2020-09-18 10:00:00,307.15015,992.90094,2.6906993,14.066262,0.0,0.0,
2020-09-18 11:00:00,305.88162,993.595,2.8774107,15.024981,0.0,0.0,
2020-09-18 12:00:00,304.54315,993.84015,3.0512106,16.181726,0.0,0.0,
2020-09-18 13:00:00,303.27377,994.32623,3.1848328,17.429615,0.0,0.0,
2020-09-18 14:00:00,302.21716,994.64795,3.222807,18.59039,0.0,0.0,
2020-09-18 15:00:00,301.1941,994.2642,3.1276562,19.820734,0.0,0.0,
2020-09-18 16:00:00,300.05518,993.9441,2.8171701,21.402967,0.0,0.0,
2020-09-18 17:00:00,298.60608,993.4324,2.259113,23.932236,0.0,0.0,
2020-09-18 18:00:00,297.72964,993.77673,2.8124454,25.75737,0.0,0.0,
2020-09-18 19:00:00,296.31488,994.1951,2.4299743,30.65964,0.0,0.0,
2020-09-18 20:00:00,295.11072,994.6069,1.6739713,35.63945,0.0,0.0,
2020-09-18 21:00:00,295.6327,995.33234,0.78885514,33.65362,0.0,0.0,
2020-09-18 22:00:00,295.5842,996.3889,0.31744817,33.612812,0.0,0.0,
2020-09-18 23:00:00,296.93024,997.1325,0.27391726,35.8823,0.0,0.0,
2020-09-19 00:00:00,300.05212,997.4846,1.3261465,23.373272,0.0025673774,0.0,
2020-09-19 01:00:00,302.91345,997.28394,2.4119565,19.074852,0.0,0.0,
2020-09-19 02:00:00,305.34622,996.42847,2.8297615,16.411707,0.0,0.0,
2020-09-19 03:00:00,307.05093,995.5886,2.0875473,14.83026,0.0,0.0,
2020-09-19 04:00:00,308.0592,994.21295,0.84327954,14.217059,0.0,0.0,
2020-09-19 05:00:00,308.7836,993.2449,0.27596515,14.117699,0.0,0.0,
2020-09-19 06:00:00,309.30054,992.1928,1.029002,14.054418,0.0,0.0,
2020-09-19 07:00:00,309.6577,991.8822,1.485986,14.712684,0.0,0.0,
2020-09-19 08:00:00,309.56995,991.7936,1.9188612,14.705287,0.0,0.0,
2020-09-19 09:00:00,309.10596,991.89374,2.02475,15.046905,0.0,0.0,
2020-09-19 10:00:00,308.28323,992.59,1.7147989,15.834196,0.0,0.0,
2020-09-19 11:00:00,307.30865,993.30225,2.1537588,16.778778,0.0,0.0,
2020-09-19 12:00:00,305.94867,993.69165,2.5651257,18.08186,0.0,0.0,
2020-09-19 13:00:00,304.50708,994.09845,2.9060287,19.47515,0.0,0.0,
2020-09-19 14:00:00,303.28467,994.4584,3.1419296,20.66253,0.0,0.0,
2020-09-19 15:00:00,302.26807,994.49304,3.4483545,21.932238,0.0,0.0,
2020-09-19 16:00:00,301.4253,994.0888,4.04502,24.15237,0.0,0.0,
2020-09-19 17:00:00,300.81427,993.7138,4.852935,28.332848,0.0,0.0,
2020-09-19 18:00:00,300.1858,993.6145,4.9876146,33.539234,0.0,0.0,
2020-09-19 19:00:00,299.18884,993.85205,4.5954804,41.910698,0.0,0.0,
2020-09-19 20:00:00,298.41174,993.8614,3.8174803,44.933537,0.0,0.0,
2020-09-19 21:00:00,297.64655,994.6675,2.9787393,47.619743,0.0,0.0,
2020-09-19 22:00:00,297.02332,995.2605,2.2977803,49.885124,0.0,0.0,
2020-09-19 23:00:00,299.16702,996.0145,1.8898128,43.128532,0.0,0.0,
2020-09-20 00:00:00,301.57416,996.57623,1.9437472,34.036373,0.0,0.0,
2020-09-20 01:00:00,304.11133,996.39825,1.9233607,25.53746,0.0,0.0,
2020-09-20 02:00:00,306.48755,995.42365,2.4090772,19.055397,0.0,0.0,
2020-09-20 03:00:00,308.2464,994.25745,2.6848335,17.399952,0.0,0.0,
2020-09-20 04:00:00,309.44724,993.02405,2.5618181,16.542145,0.0,0.0,
2020-09-20 05:00:00,310.31818,991.8113,2.787926,15.99764,0.0,0.0,
2020-09-20 06:00:00,310.84445,990.88696,3.1702747,15.736544,0.0,0.0,
2020-09-20 07:00:00,310.82416,990.84094,3.3148088,15.852901,0.0,0.0,
2020-09-20 08:00:00,310.59122,991.04016,3.42674,16.36026,0.0,0.0,
2020-09-20 09:00:00,309.97522,991.2419,3.7523835,17.21838,0.0,0.0,
2020-09-20 10:00:00,308.85437,991.957,3.3098354,18.602459,0.0,0.0,
2020-09-20 11:00:00,307.7165,992.5818,3.3507195,19.920403,0.0,0.0,
2020-09-20 12:00:00,306.629,993.166,3.3783643,21.116398,0.0,0.0,
2020-09-20 13:00:00,305.64813,993.5898,3.1723506,22.152458,0.0,0.0,
2020-09-20 14:00:00,304.6516,993.5144,3.0061343,23.270588,0.0,0.0,
2020-09-20 15:00:00,303.50134,993.3524,3.027577,24.698015,0.0017225742,0.0,
2020-09-20 16:00:00,302.44568,993.23224,3.5842092,26.34068,0.0,0.0,
2020-09-20 17:00:00,301.53146,992.71844,3.8385012,28.479694,0.0,0.0,
2020-09-20 18:00:00,300.86737,992.57513,3.6030123,29.119059,0.0,0.0,
2020-09-20 19:00:00,299.85263,992.6525,3.922559,30.62295,0.0,0.0,
2020-09-20 20:00:00,299.16824,993.22437,3.9585125,29.539017,0.0,0.0,
2020-09-20 21:00:00,298.43304,994.04486,3.5739503,28.445894,0.0,0.0,
2020-09-20 22:00:00,297.93777,995.03345,3.1174579,27.420393,0.0,0.0,
2020-09-20 23:00:00,299.77747,995.8283,3.9323876,22.647873,0.0,0.0,
2020-09-21 00:00:00,301.74524,996.451,5.297172,18.911377,0.0017176662,0.0,
2020-09-21 01:00:00,303.99335,996.6146,5.3549066,15.799893,0.0,0.0,
2020-09-21 02:00:00,306.21838,995.707,5.3284235,13.41383,0.0,0.0,
2020-09-21 03:00:00,308.04315,994.87384,4.874624,12.356892,0.0,0.0,
2020-09-21 04:00:00,309.2823,993.6039,4.40353,12.215967,0.0,0.0,
2020-09-21 05:00:00,310.14816,992.52686,4.424606,12.285822,0.0,0.0,
2020-09-21 06:00:00,310.6156,991.65094,4.7164025,12.233676,0.0,0.0,
2020-09-21 07:00:00,310.3332,991.7986,6.1078906,11.660176,0.0,0.0,
2020-09-21 08:00:00,309.50726,991.82544,6.553513,12.242415,0.0,0.0,
2020-09-21 09:00:00,308.02567,992.46893,6.867732,13.493599,0.0,0.0,
2020-09-21 10:00:00,306.26007,992.9758,6.2506466,15.432747,0.0,0.0,
2020-09-21 11:00:00,304.87744,993.7633,5.9438095,17.099522,0.0,0.0,
2020-09-21 12:00:00,303.7349,994.34595,5.7326555,18.447342,0.0,0.0,
2020-09-21 13:00:00,302.7718,994.55054,5.4594307,19.460695,0.0,0.0,
2020-09-21 14:00:00,301.97314,994.5385,5.001232,20.062374,0.0,0.0,
2020-09-21 15:00:00,301.2352,994.50916,4.721383,20.278307,0.0,0.0,
2020-09-21 16:00:00,300.46277,994.1145,4.4186845,20.128437,0.0,0.0,
2020-09-21 17:00:00,299.7443,994.13196,3.9836013,19.91197,0.0,0.0,
2020-09-21 18:00:00,298.92603,994.04205,3.44592,20.245298,0.0,0.0,
2020-09-21 19:00:00,297.7608,994.2564,2.957857,20.352783,0.0,0.0,
2020-09-21 20:00:00,296.97696,994.7854,2.8307433,21.277874,0.0,0.0,
2020-09-21 21:00:00,296.3623,995.54236,3.0345173,22.03689,0.0,0.0,
2020-09-21 22:00:00,296.27167,996.327,3.271449,21.979488,0.0,0.0,
2020-09-21 23:00:00,298.7906,997.23486,3.8803058,18.222416,0.0,0.0,
2020-09-22 00:00:00,301.67822,997.5003,5.4613276,14.232893,0.0,0.0,
2020-09-22 01:00:00,304.35773,997.3777,6.066504,11.672587,0.0,0.0,
2020-09-22 02:00:00,306.83057,996.53577,6.2732873,10.106188,0.0,0.0,
2020-09-22 03:00:00,308.79523,995.41943,5.794913,9.727569,0.0,0.0,
2020-09-22 04:00:00,310.15292,994.2572,4.8371325,10.064172,0.0,0.0,
2020-09-22 05:00:00,310.87128,993.00555,3.9028826,10.5456915,0.0,0.0,
2020-09-22 06:00:00,311.12543,992.4375,3.439256,10.873949,0.0,0.0,
2020-09-22 07:00:00,311.2712,992.288,4.059742,11.103189,0.0,0.0,
2020-09-22 08:00:00,310.98676,992.6298,4.5102353,11.295677,0.0,0.0,
2020-09-22 09:00:00,309.94867,992.84375,6.61657,11.820236,0.0,0.0,
2020-09-22 10:00:00,307.3373,994.21814,8.690666,15.546264,0.0,0.0,
2020-09-22 11:00:00,305.00702,994.7597,8.871639,22.009731,0.0,0.22,
2020-09-22 12:00:00,303.82397,995.4506,7.6923604,25.019909,0.0,0.0,
2020-09-22 13:00:00,303.0993,995.9458,6.325783,25.861382,0.0,0.0,
2020-09-22 14:00:00,302.37286,996.09595,5.438823,26.334126,0.0,0.0,
2020-09-22 15:00:00,301.65936,995.9604,4.1511874,27.284967,0.0,3.48,
2020-09-22 16:00:00,300.89166,995.95776,2.7925012,28.700224,0.0,0.0,
2020-09-22 17:00:00,300.021,995.65936,2.0981119,30.54474,0.0,0.0,
2020-09-22 18:00:00,299.27527,995.6064,1.9813027,32.129993,0.0,0.0,
2020-09-22 19:00:00,298.03354,995.8075,2.2281158,34.731686,0.0,0.0,
2020-09-22 20:00:00,297.10892,996.1959,1.8636613,37.19108,0.0,0.0,
2020-09-22 21:00:00,296.42584,996.8683,2.0787883,38.31219,0.0,0.0,
2020-09-22 22:00:00,296.18054,997.64264,2.494579,38.03342,0.0,0.0,
2020-09-22 23:00:00,299.0249,998.1479,3.0787315,30.186405,0.0,0.0,
2020-09-23 00:00:00,302.08356,998.3119,4.171412,21.93025,0.0,0.0,
2020-09-23 01:00:00,304.80798,998.10876,4.430278,16.348242,0.0,0.0,
2020-09-23 02:00:00,307.17828,997.1447,3.9172554,14.025373,0.0,0.0,
2020-09-23 03:00:00,308.95508,996.10913,3.3898149,13.395673,0.0,0.0,
2020-09-23 04:00:00,310.23352,994.85815,3.0911374,12.761458,0.0,0.0,
2020-09-23 05:00:00,311.05655,993.84106,2.9029572,12.20992,0.0,0.0,
2020-09-23 06:00:00,311.51025,993.1035,2.843631,11.711099,0.0,0.0,
2020-09-23 07:00:00,311.9424,992.5398,2.8590143,12.249528,0.0,0.0,
2020-09-23 08:00:00,311.7331,992.41156,3.2778594,12.023922,0.0,0.0,
2020-09-23 09:00:00,311.15753,992.8819,3.6967628,11.857397,0.0,0.0,
2020-09-23 10:00:00,309.60464,993.5864,3.7109501,12.271577,0.0,0.0,
2020-09-23 11:00:00,308.0694,993.9308,4.534219,12.526401,0.0,0.0,
2020-09-23 12:00:00,306.72806,994.277,5.3286033,12.818413,0.0,0.0,
2020-09-23 13:00:00,305.5567,994.39655,5.375619,13.424854,0.0,0.0,
2020-09-23 14:00:00,304.4695,994.4599,5.001106,14.169095,0.0,0.0,
2020-09-23 15:00:00,303.45062,994.3551,4.555203,14.877227,0.0,0.0,
2020-09-23 16:00:00,302.46252,993.9597,3.7894251,15.608462,0.0,0.0,
2020-09-23 17:00:00,301.41516,993.8567,3.222304,16.501064,0.0,0.0,
2020-09-23 18:00:00,300.54883,993.84784,3.3118153,17.224243,0.0,0.0,
2020-09-23 19:00:00,299.13745,994.23846,2.5313952,20.384935,0.0,0.0,
2020-09-23 20:00:00,299.13034,994.468,0.23095535,20.791813,0.0,0.0,
2020-09-23 21:00:00,297.1728,995.3769,1.7034034,26.007658,0.0,0.0,
2020-09-23 22:00:00,296.6958,995.64124,1.5325894,28.07811,0.0,0.0,
2020-09-23 23:00:00,299.72748,996.21326,1.2021127,21.92723,0.0,0.0,
2020-09-24 00:00:00,302.5566,996.4283,0.70287955,17.535004,0.0,0.0,
2020-09-24 01:00:00,304.938,996.2353,0.3973523,15.856184,0.0,0.0,
2020-09-24 02:00:00,307.40488,995.5664,0.9218286,14.325171,0.0,0.0,
2020-09-24 03:00:00,309.55505,994.5831,0.95801395,12.901412,0.0,0.0,
2020-09-24 04:00:00,310.85352,993.3909,1.1289959,12.611712,0.0,0.0,
2020-09-24 05:00:00,311.99524,992.4459,2.7871556,12.112977,0.0,0.0,
2020-09-24 06:00:00,312.65253,991.8664,3.95559,11.74494,0.0,0.0,
2020-09-24 07:00:00,312.9461,991.50055,4.8871007,11.373378,0.0,0.0,
2020-09-24 08:00:00,312.45862,991.4864,5.1907544,11.706535,0.0,0.0,
2020-09-24 09:00:00,311.52377,991.88275,5.1760097,12.5511465,0.0,0.0,
2020-09-24 10:00:00,309.96994,992.30505,4.2004523,14.104607,0.0,0.0,
2020-09-24 11:00:00,308.6019,993.02124,4.0980268,15.567212,0.0,0.0,
2020-09-24 12:00:00,307.31735,993.59784,4.3388076,16.766573,0.0,0.0,
2020-09-24 13:00:00,306.19977,993.84875,4.8425207,17.132221,0.0,0.0,
2020-09-24 14:00:00,305.23022,993.94104,4.852625,16.60268,0.0,0.0,
2020-09-24 15:00:00,304.28104,993.67206,4.7267685,16.124702,0.0,0.0,
2020-09-24 16:00:00,303.46436,993.2229,5.415755,15.709761,0.0,0.0,
2020-09-24 17:00:00,302.68585,992.89233,4.8394756,15.292361,0.0,0.0,
2020-09-24 18:00:00,301.59454,992.6503,2.618806,15.633077,0.0,0.0,
2020-09-24 19:00:00,299.33386,993.5438,3.3495817,23.32861,0.0,0.0,
2020-09-24 20:00:00,297.95294,993.4911,3.3973417,34.527042,0.0,0.0,
2020-09-24 21:00:00,296.91663,993.98846,3.209356,50.06145,0.0,0.0,
2020-09-24 22:00:00,296.3777,994.7481,2.992512,63.942104,0.0,0.0,
2020-09-24 23:00:00,298.58035,995.48303,3.027019,64.646095,0.0,0.0,
2020-09-25 00:00:00,302.29733,996.108,3.2852714,44.065758,0.0,0.0,
2020-09-25 01:00:00,305.15204,995.68695,2.7465456,25.325897,0.0,0.0,
2020-09-25 02:00:00,307.22995,995.10266,2.1495104,19.082611,0.0,0.0,
2020-09-25 03:00:00,308.9664,994.1104,2.096003,14.16297,0.0,0.0,
2020-09-25 04:00:00,310.3531,992.84106,2.7321994,11.225627,0.0,0.0,
2020-09-25 05:00:00,311.2817,991.6361,3.4030385,9.861338,0.0,0.0,
2020-09-25 06:00:00,311.74957,991.05237,3.7649126,9.437607,0.0,0.0,
2020-09-25 07:00:00,312.13727,990.3089,4.149881,9.724505,0.0,0.0,
2020-09-25 08:00:00,311.76654,990.3036,4.339349,9.920247,0.0,0.0,
2020-09-25 09:00:00,311.01227,990.6852,4.1423974,10.256122,0.0,0.0,
2020-09-25 10:00:00,309.55508,991.2065,3.0794976,11.159019,0.0,0.0,
2020-09-25 11:00:00,308.2279,991.70917,2.9473526,12.131498,0.0,0.0,
2020-09-25 12:00:00,306.87167,992.2369,3.0273857,13.236631,0.0,0.0,
2020-09-25 13:00:00,305.5075,992.66156,3.1758513,14.501386,0.0,0.0,
2020-09-25 14:00:00,304.29193,992.78534,3.2896466,15.780696,0.0,0.0,
2020-09-25 15:00:00,303.2146,992.7274,3.3511968,16.993097,0.0,0.0,
2020-09-25 16:00:00,302.25793,992.363,3.4841607,18.102453,0.0,0.0,
2020-09-25 17:00:00,301.45776,992.0639,3.6460967,19.043804,0.0,0.0,
2020-09-25 18:00:00,300.661,991.9725,3.836951,20.224903,0.0,0.0,
2020-09-25 19:00:00,299.51224,991.87537,2.9852276,22.677446,0.0,0.0,
2020-09-25 20:00:00,298.37567,992.26416,1.9422954,26.109549,0.0,0.0,
2020-09-25 21:00:00,299.44727,993.15924,0.52071595,24.326181,0.0,0.0,
2020-09-25 22:00:00,299.10596,994.1972,0.7605309,25.611628,0.0,0.0,
2020-09-25 23:00:00,300.01318,994.9592,0.5977291,29.376152,0.0,0.0,
2020-09-26 00:00:00,302.75955,995.3482,1.1453408,23.596844,0.0,0.0,
2020-09-26 01:00:00,305.10242,995.34827,1.9091556,22.163622,0.0,0.0,
2020-09-26 02:00:00,307.21506,994.72174,1.7331293,20.424244,0.0,0.0,
2020-09-26 03:00:00,309.0943,993.65094,1.2691196,18.704563,0.0,0.0,
2020-09-26 04:00:00,310.41852,992.5561,0.6694259,16.75617,0.0,0.0,
2020-09-26 05:00:00,311.38406,991.498,0.49740922,14.7752,0.0,0.0,
2020-09-26 06:00:00,311.85278,990.5574,0.56907785,13.908371,0.0,0.0,
2020-09-26 07:00:00,312.30597,989.92334,1.4690167,13.405003,0.0,0.0,
2020-09-26 08:00:00,312.1632,989.80756,1.9886161,13.322361,0.0,0.0,
2020-09-26 09:00:00,311.6304,990.22314,2.2315905,13.584012,0.0,0.0,
2020-09-26 10:00:00,310.6477,990.64844,2.0025845,14.40842,0.0,0.0,
2020-09-26 11:00:00,309.58728,991.37726,2.2908962,15.488068,0.0,0.0,
2020-09-26 12:00:00,308.36084,992.3077,2.6372185,16.869106,0.0,0.0,
2020-09-26 13:00:00,306.88174,992.45874,3.1391327,18.537346,0.0,0.0,
2020-09-26 14:00:00,305.6716,992.46936,3.7521338,19.850311,0.0,0.0,
2020-09-26 15:00:00,304.73572,992.2889,4.228171,20.749634,0.0,0.0,
2020-09-26 16:00:00,303.72443,992.23096,4.298983,21.644535,0.0,0.0,
2020-09-26 17:00:00,302.57584,992.336,3.0123136,24.53078,0.0,0.0,
2020-09-26 18:00:00,301.44867,992.563,2.5018656,28.792053,0.0,0.0,
2020-09-26 19:00:00,299.83313,992.62006,5.0763197,47.006054,0.0,0.0,
2020-09-26 20:00:00,299.0603,993.1658,5.0043745,56.521286,0.0,0.0,
2020-09-26 21:00:00,298.5419,993.776,4.284029,62.296642,0.0,0.0,
2020-09-26 22:00:00,298.41925,994.6336,3.1700714,63.928783,0.0,0.0,
2020-09-26 23:00:00,300.26904,995.8511,3.2564242,55.94848,0.0,0.0,
2020-09-27 00:00:00,302.59415,996.6306,3.140335,44.263165,0.0,0.0,
2020-09-27 01:00:00,304.83038,996.52594,3.081729,35.62898,0.0,0.0,
2020-09-27 02:00:00,306.96292,995.84326,3.1182659,29.333445,0.0,0.0,
2020-09-27 03:00:00,308.93872,994.83905,3.0312827,24.356592,0.0,0.0,
2020-09-27 04:00:00,310.43588,993.48334,2.7818215,20.601429,0.0,0.0,
2020-09-27 05:00:00,311.07767,992.6708,2.420179,18.228226,0.0,0.0,
2020-09-27 06:00:00,311.25458,992.0666,2.170771,16.952137,0.0,0.0,
2020-09-27 07:00:00,312.19748,991.3723,2.0746121,14.709866,0.0,0.0,
2020-09-27 08:00:00,311.95276,991.4775,2.0933557,14.497046,0.0,0.0,
2020-09-27 09:00:00,311.5132,991.6902,1.8649302,14.532057,0.0,0.0,
2020-09-27 10:00:00,310.6472,992.2982,1.3092737,15.284502,0.0,0.0,
2020-09-27 11:00:00,309.58655,993.0617,1.2586994,16.483515,0.0,0.0,
2020-09-27 12:00:00,307.8498,993.5147,1.8136009,18.665133,0.0,0.0,
2020-09-27 13:00:00,306.48468,994.1298,2.9463112,20.04361,0.0,0.0,
2020-09-27 14:00:00,305.22394,994.15717,4.1503015,22.396374,0.0,0.0,
2020-09-27 15:00:00,304.31384,993.8731,3.9936929,25.91143,0.0,0.0,
2020-09-27 16:00:00,302.85876,994.0667,1.8273178,31.599749,0.0,0.0,
2020-09-27 17:00:00,302.12854,994.1841,3.7302155,34.578037,0.0,0.0,
2020-09-27 18:00:00,301.66327,994.26697,4.646421,36.10379,0.0,0.0,
2020-09-27 19:00:00,300.21924,994.6169,4.890885,45.176197,0.0,0.0,
2020-09-27 20:00:00,299.25256,994.86945,4.4953656,56.002193,0.0,0.0,
2020-09-27 21:00:00,298.6398,995.5697,4.028691,61.798996,0.0,0.0,
2020-09-27 22:00:00,298.63068,996.3713,3.3636563,62.782417,0.0,0.0,
2020-09-27 23:00:00,300.46994,996.7706,3.66345,54.971684,0.0,0.0,
2020-09-28 00:00:00,303.17374,997.1844,3.536744,43.72906,0.0,0.0,
2020-09-28 01:00:00,305.77246,997.0662,3.4187515,34.05641,0.0,0.0,
2020-09-28 02:00:00,307.91492,996.3111,3.5285451,28.03973,0.0,0.0,
2020-09-28 03:00:00,309.5133,995.0722,3.3632839,23.834743,0.0,0.0,
2020-09-28 04:00:00,309.9043,993.8974,2.8581126,21.484406,0.0,0.0,
2020-09-28 05:00:00,310.3182,992.87256,2.474565,19.557522,0.0,0.0,
2020-09-28 06:00:00,310.59662,992.312,2.2520783,18.663546,0.0,0.0,
2020-09-28 07:00:00,310.71967,991.9026,1.8902367,17.487562,0.0,0.0,
2020-09-28 08:00:00,310.57373,991.8317,1.7386813,17.386223,0.0,0.0,
2020-09-28 09:00:00,310.2647,992.1114,1.3128066,17.531425,0.0,0.0,
2020-09-28 10:00:00,309.58075,992.4934,0.89919376,18.288074,0.0,0.0,
2020-09-28 11:00:00,308.7937,993.2314,0.8939751,19.513641,0.0,0.0,
2020-09-28 12:00:00,307.36633,993.72626,1.0940989,22.880997,0.0,0.0,
2020-09-28 13:00:00,306.17065,994.2703,2.4252746,23.273647,0.0,0.0,
2020-09-28 14:00:00,305.07715,994.6197,3.4949527,24.943434,0.0,0.0,
2020-09-28 15:00:00,303.9348,994.5037,4.409504,27.899218,0.0,0.0,
2020-09-28 16:00:00,302.7801,994.5225,4.737794,34.567513,0.0,0.0,
2020-09-28 17:00:00,301.57104,994.3878,4.1963606,41.218887,0.0,0.0,
2020-09-28 18:00:00,300.64877,994.2239,3.7876608,46.801525,0.0,0.0,
2020-09-28 19:00:00,299.59235,994.1067,3.9261024,53.162487,0.0,0.0,
2020-09-28 20:00:00,299.06488,994.2264,3.3167067,57.598,0.0,0.0,
2020-09-28 21:00:00,298.7278,995.035,2.6867664,60.113174,0.0,0.0,
2020-09-28 22:00:00,298.5812,995.7464,2.1273055,61.401634,0.0,0.0,
2020-09-28 23:00:00,300.03326,996.6895,2.4720974,54.21199,0.0,0.0,
2020-09-29 00:00:00,301.82275,997.1538,2.2274683,41.50863,0.0,0.0,
2020-09-29 01:00:00,303.94485,996.86206,2.1199837,30.79782,0.0,0.0,
2020-09-29 02:00:00,305.9464,996.2645,2.4606793,24.619347,0.0,0.0,
2020-09-29 03:00:00,307.84497,995.27625,2.2013168,21.723587,0.0,0.0,
2020-09-29 04:00:00,308.93317,993.78076,1.7960372,20.12501,0.0,0.0,
2020-09-29 05:00:00,309.80292,992.85016,1.459995,18.6292,0.0,0.0,
2020-09-29 06:00:00,310.2163,991.90063,1.2532158,17.68642,0.0,0.0,
2020-09-29 07:00:00,310.60098,991.10156,1.2539248,16.157343,0.0,0.0,
2020-09-29 08:00:00,310.5551,991.09436,1.7799662,15.647398,0.0,0.0,
2020-09-29 09:00:00,310.13104,991.3386,2.1469035,15.5595665,0.0,0.0,
2020-09-29 10:00:00,309.30524,992.34534,1.9990855,16.040035,0.0,0.0,
2020-09-29 11:00:00,308.2429,992.70013,2.3486004,16.800758,0.0,0.0,
2020-09-29 12:00:00,307.03387,993.55084,2.858543,17.547157,0.0,0.0,
2020-09-29 13:00:00,305.77298,993.6802,3.2348387,18.227646,0.0,0.0,
2020-09-29 14:00:00,304.70062,993.67773,3.534678,18.777363,0.0,0.0,
2020-09-29 15:00:00,303.7798,993.40735,3.6499662,19.464203,0.0,0.0,
2020-09-29 16:00:00,302.94736,992.68677,3.5543768,20.311115,0.0,0.0,
2020-09-29 17:00:00,302.13867,992.1225,3.2890317,21.277369,0.0,0.0,
2020-09-29 18:00:00,301.07874,991.8361,2.8526428,22.813221,0.0,0.0,
2020-09-29 19:00:00,299.3753,992.2049,2.7788217,26.69746,0.0,0.0,
2020-09-29 20:00:00,298.35968,992.4547,3.206965,29.819366,0.0,0.0,
2020-09-29 21:00:00,297.57782,992.9737,3.2006676,34.186142,0.0,0.0,
2020-09-29 22:00:00,297.38452,993.66284,2.994089,37.869953,0.0,0.0,
2020-09-29 23:00:00,300.1839,994.336,2.6034827,33.48102,0.0,0.0,
2020-09-30 00:00:00,303.23962,994.7753,1.7187772,24.615011,0.0012809094,0.0,
2020-09-30 01:00:00,305.90005,994.5067,1.1381357,18.078115,0.0,0.0,
2020-09-30 02:00:00,308.56085,993.9992,1.7736287,13.917155,0.0,0.0,
2020-09-30 03:00:00,310.55655,993.0117,2.0877185,11.558353,0.0,0.0,
2020-09-30 04:00:00,311.69006,991.6897,1.7643753,11.014762,0.0,0.0,
2020-09-30 05:00:00,312.16806,990.46814,1.0797591,11.212236,0.0,0.0,
2020-09-30 06:00:00,312.4227,989.845,0.5351511,10.959582,0.0,0.0,
2020-09-30 07:00:00,312.44382,989.28827,0.85521066,11.698188,0.0,0.0,
2020-09-30 08:00:00,312.18994,989.2017,1.3231602,11.695757,0.0,0.0,
2020-09-30 09:00:00,311.76978,989.46295,1.7515818,11.805349,0.0,0.0,
2020-09-30 10:00:00,310.9192,990.355,2.0956259,12.444848,0.0,0.0,
2020-09-30 11:00:00,309.76782,990.90845,2.6840322,13.321341,0.0,0.0,
2020-09-30 12:00:00,308.50192,991.52673,3.2623084,14.0577135,0.0,0.0,
2020-09-30 13:00:00,307.23578,991.95435,3.620903,14.638887,0.0,0.0,
2020-09-30 14:00:00,306.26178,991.8008,3.5435688,15.066643,0.0,0.0,
2020-09-30 15:00:00,305.47614,991.7081,3.3505611,15.499607,0.0,0.0,
2020-09-30 16:00:00,304.47604,991.2486,2.9518275,16.21612,0.0,0.0,
2020-09-30 17:00:00,303.04846,991.0072,2.0262752,17.973366,0.0,0.0,
2020-09-30 18:00:00,302.60767,991.40155,1.4477825,18.829525,0.0,0.0,
2020-09-30 19:00:00,301.21088,991.53424,3.2026181,19.394205,0.0,0.0,
2020-09-30 20:00:00,300.6548,992.04626,3.5716264,21.647587,0.0,0.0,
2020-09-30 21:00:00,300.0529,992.785,4.1637673,27.826769,0.0,0.0,
2020-09-30 22:00:00,299.40466,993.47546,3.8487973,41.461964,0.0,0.0,
2020-09-30 23:00:00,300.91882,994.3166,3.834049,50.78469,0.0,0.0,
2020-10-01 00:00:00,303.18933,995.12256,3.0307758,47.831787,0.0021487474,0.0,
2020-10-01 01:00:00,305.3836,995.13983,1.6687828,40.067863,0.0,0.0,
2020-10-01 02:00:00,307.38177,994.71436,0.581418,33.02343,0.0,0.0,
2020-10-01 03:00:00,309.6341,993.98596,1.874212,25.74088,0.0019520521,0.0,
2020-10-01 04:00:00,311.3813,992.7311,3.275413,19.271225,0.0,0.0,
2020-10-01 05:00:00,311.9997,991.66327,3.1939611,16.516424,0.0,0.0,
2020-10-01 06:00:00,312.25195,990.77985,2.6230571,15.184625,0.0,0.0,
2020-10-01 07:00:00,312.71185,989.7333,2.4548848,13.418152,0.0,0.0,
2020-10-01 08:00:00,312.4509,990.16876,2.1661394,13.447599,0.0,0.0,
2020-10-01 09:00:00,311.83984,990.59204,1.8331981,13.870742,0.0,0.0,
2020-10-01 10:00:00,310.98004,991.47,2.348352,14.7900715,0.0,0.0,
2020-10-01 11:00:00,309.73944,992.701,6.0340176,16.952263,0.0,0.0,
2020-10-01 12:00:00,307.95065,993.91705,7.9014006,22.64652,0.0,0.0,
2020-10-01 13:00:00,306.77078,994.3777,6.9400387,25.995224,0.0,0.0,
2020-10-01 14:00:00,306.04327,994.5098,6.33543,27.106678,0.0,0.0,
2020-10-01 15:00:00,305.47766,994.0708,6.7074394,28.64646,0.0,0.0,
2020-10-01 16:00:00,304.6857,993.796,6.2708855,31.892696,0.0,0.14999999,
2020-10-01 17:00:00,304.09546,993.76764,5.33982,34.622612,0.0,0.29999998,
2020-10-01 18:00:00,303.28937,994.0067,4.052851,37.293053,0.0,0.0,
2020-10-01 19:00:00,301.94336,995.10767,2.704399,41.252674,0.13589859,0.0,
2020-10-01 20:00:00,301.40656,995.2619,3.3013992,43.644012,0.0,0.0,
2020-10-01 21:00:00,300.79932,995.7394,3.4486353,46.429783,0.0,0.0,
2020-10-01 22:00:00,300.60065,996.4872,3.477356,47.56247,0.0,0.0,
2020-10-01 23:00:00,302.0141,997.49255,4.2987804,43.679153,0.0,0.0,
2020-10-02 00:00:00,304.1572,997.9609,4.615829,37.988895,0.13786554,0.0,
2020-10-02 01:00:00,306.1165,997.688,4.8471527,32.741875,0.0,0.0,
2020-10-02 02:00:00,307.74152,996.57904,4.290338,28.477648,0.0,0.0,
2020-10-02 03:00:00,308.985,995.586,3.3602915,25.562263,0.0,0.0,
2020-10-02 04:00:00,309.6379,994.1989,2.6250107,23.937187,0.0,0.0,
2020-10-02 05:00:00,310.57068,992.9007,2.454808,22.014076,0.0,0.0,
2020-10-02 06:00:00,310.77225,992.1395,2.4939024,21.362452,0.0,0.0,
2020-10-02 07:00:00,310.82,990.84924,0.53916407,21.394142,0.0,0.0,
2020-10-02 08:00:00,310.74896,991.17596,0.20143214,21.372938,0.0,0.0,
2020-10-02 09:00:00,309.91327,991.40356,0.53785187,21.723213,0.003412366,0.0,
2020-10-02 10:00:00,309.24872,992.3755,0.91164,22.790386,0.0,0.0,
2020-10-02 11:00:00,309.24957,992.92633,1.8450333,22.770142,0.0,0.0,
2020-10-02 12:00:00,308.69232,993.798,2.7662416,23.619375,0.0,0.0,
2020-10-02 13:00:00,308.07843,994.24603,2.630102,24.530521,0.005990267,0.0,
2020-10-02 14:00:00,306.86993,994.6992,3.055951,26.508904,0.0,0.0,
2020-10-02 15:00:00,305.7746,994.9294,2.7490935,30.215464,0.02296269,0.0,
2020-10-02 16:00:00,305.00916,994.6472,2.3313525,32.615593,0.0067949295,0.0,
2020-10-02 17:00:00,304.37677,994.4261,3.7163067,33.761208,0.0,0.0,
2020-10-02 18:00:00,303.59644,994.65295,4.3243613,35.705006,0.0014007092,0.0,
2020-10-02 19:00:00,302.0072,994.3926,4.2445025,43.663364,0.0023394823,0.0,
2020-10-02 20:00:00,301.4974,994.83435,4.391716,46.511044,0.0,0.0,
2020-10-02 21:00:00,301.15515,994.7422,5.3377995,48.84683,0.0,0.0,
2020-10-02 22:00:00,301.10654,994.8544,5.7107434,50.0208,0.0,0.0,
2020-10-02 23:00:00,301.96646,995.14813,6.051951,45.367916,0.0,0.0,
2020-10-03 00:00:00,304.5932,995.5842,5.4891725,34.287827,0.042900443,0.0,
2020-10-03 01:00:00,307.2035,995.3094,5.286673,25.98256,0.0,0.0,
2020-10-03 02:00:00,309.0988,994.74927,4.9642873,21.461033,0.0,0.0,
2020-10-03 03:00:00,310.0395,993.826,3.7898238,19.524038,0.0,0.0,
2020-10-03 04:00:00,310.66376,992.85205,2.5253298,18.149038,0.0,0.0,
2020-10-03 05:00:00,311.05307,991.76685,1.9109786,17.177912,0.0,0.0,
2020-10-03 06:00:00,311.0794,990.71814,1.8389525,16.792946,0.0,0.0,
2020-10-03 07:00:00,310.7615,990.22327,2.0829544,17.896532,0.0,0.0,
2020-10-03 08:00:00,310.6452,989.93335,2.5745034,18.074053,0.0,0.0,
2020-10-03 09:00:00,310.34494,990.4186,3.5251431,18.392103,0.0,0.0,
2020-10-03 10:00:00,309.6291,991.05524,4.155396,19.03721,0.0,0.0,
2020-10-03 11:00:00,308.77502,991.58545,4.527215,19.642862,0.0,0.0,
2020-10-03 12:00:00,307.5288,992.08484,4.489407,20.414942,0.0,0.0,
2020-10-03 13:00:00,306.38022,992.2286,4.3630056,21.0408,0.0,0.0,
2020-10-03 14:00:00,305.4631,992.5121,4.08287,21.570301,0.0,0.0,
2020-10-03 15:00:00,304.5278,992.26385,3.8320541,22.346258,0.0,0.0,
2020-10-03 16:00:00,303.69824,991.9519,3.700388,23.104849,0.0,0.0,
2020-10-03 17:00:00,303.15097,991.64294,3.8382099,23.840635,0.0,0.0,
2020-10-03 18:00:00,302.22684,991.8196,4.318413,27.37156,0.0,0.0,
2020-10-03 19:00:00,301.4359,992.5164,4.83522,38.31166,0.0,0.0,
2020-10-03 20:00:00,301.26947,992.9903,5.4884067,42.34714,0.0,0.0,
2020-10-03 21:00:00,301.06714,993.8091,5.9897957,38.094948,0.0,0.0,
2020-10-03 22:00:00,300.7187,994.745,7.4118376,30.600756,0.0,0.0,
2020-10-03 23:00:00,300.41528,995.8899,8.566561,29.90748,0.0,0.0,
2020-10-04 00:00:00,301.52097,996.3641,8.126688,29.203506,0.0012934208,0.0,
2020-10-04 01:00:00,302.94623,996.1443,7.5193005,27.370226,0.0,0.0,
2020-10-04 02:00:00,304.7412,995.54626,7.348566,24.581055,0.0,0.0,
2020-10-04 03:00:00,306.31396,994.6361,7.44694,22.235481,0.0,0.0,
2020-10-04 04:00:00,307.39676,993.255,7.420534,20.62525,0.0,0.0,
2020-10-04 05:00:00,308.01422,992.4126,7.125177,19.628052,0.0,0.0,
2020-10-04 06:00:00,308.52362,991.66943,6.8186607,18.64087,0.0,0.0,
2020-10-04 07:00:00,307.5498,991.39825,5.902555,19.782751,0.0,0.0,
2020-10-04 08:00:00,307.4015,991.40607,6.009474,19.762564,0.0,0.0,
2020-10-04 09:00:00,306.73557,991.62134,6.0854797,20.322155,0.0,0.0,
2020-10-04 10:00:00,305.80835,992.39594,5.191115,21.30845,0.0,0.0,
2020-10-04 11:00:00,304.93448,993.0943,5.0609016,22.232712,0.0,0.0,
2020-10-04 12:00:00,303.9607,993.736,5.2405963,23.306047,0.0,0.0,
2020-10-04 13:00:00,303.00812,993.9939,5.80191,24.284048,0.0,0.0,
2020-10-04 14:00:00,302.08734,993.9411,6.2034,25.013754,0.0,0.0,
2020-10-04 15:00:00,301.00946,993.8767,6.447007,25.856537,0.0,0.0,
2020-10-04 16:00:00,300.0177,993.43665,7.137162,26.478985,0.0,0.0,
2020-10-04 17:00:00,298.8421,993.3311,7.649241,27.411158,0.0,0.0,
2020-10-04 18:00:00,297.5929,993.5722,7.808834,29.138597,0.0,0.0,
2020-10-04 19:00:00,295.9753,994.1103,7.2662454,31.973003,0.0,0.0,
2020-10-04 20:00:00,295.222,994.682,6.369459,34.75413,0.0,0.0,
2020-10-04 21:00:00,294.5495,995.3212,6.246088,37.84688,0.0,0.0,
2020-10-04 22:00:00,294.4067,995.855,6.271228,40.002655,0.0,0.0,
2020-10-04 23:00:00,294.93915,996.6277,6.598209,40.104,0.0,0.0,
2020-10-05 00:00:00,296.24097,997.0505,6.355813,37.81918,0.0,0.0,
2020-10-05 01:00:00,298.13324,996.5759,5.938047,34.217712,0.0,0.0,
2020-10-05 02:00:00,300.0503,995.7031,5.4806714,30.673164,0.0,0.0,
2020-10-05 03:00:00,302.13245,994.61475,5.145102,26.963097,0.0,0.0,
2020-10-05 04:00:00,303.89127,993.32367,5.096521,23.737799,0.0,0.0,
2020-10-05 05:00:00,305.1247,992.1964,5.310218,21.356401,0.0,0.0,
2020-10-05 06:00:00,305.8829,991.59015,5.6325912,19.806528,0.0,0.0,
2020-10-05 07:00:00,305.88763,991.3295,5.6763473,18.975248,0.0,0.0,
2020-10-05 08:00:00,305.4871,991.3723,5.995833,19.166214,0.0,0.0,
2020-10-05 09:00:00,304.55957,991.8233,6.4649754,20.090677,0.0,0.0,
2020-10-05 10:00:00,303.39975,992.6185,6.0936246,21.599596,0.0,0.0,
2020-10-05 11:00:00,302.398,992.9037,6.6292534,22.967691,0.0,0.0,
2020-10-05 12:00:00,301.66138,993.4783,6.345072,24.046461,0.0,0.0,
2020-10-05 13:00:00,301.0106,994.0186,5.9748187,25.021103,0.0,0.0,
2020-10-05 14:00:00,300.1452,994.3389,5.844589,26.356375,0.0,0.0,
2020-10-05 15:00:00,299.34717,994.16846,6.020557,27.765455,0.0,0.0,
2020-10-05 16:00:00,298.4687,994.1303,7.020712,29.894505,0.0,0.0,
2020-10-05 17:00:00,296.7687,994.45703,8.036859,34.315865,0.0,0.0,
2020-10-05 18:00:00,294.7014,994.54456,7.4685807,39.952812,0.0,0.0,
2020-10-05 19:00:00,294.67426,994.2494,6.525836,39.345375,0.0,0.0,
2020-10-05 20:00:00,293.3648,994.66327,6.6172085,43.568535,0.0,0.0,
2020-10-05 21:00:00,292.4167,995.47577,6.472511,47.06673,0.0,0.0,
2020-10-05 22:00:00,292.1323,996.3678,6.849839,48.283237,0.0,0.0,
2020-10-05 23:00:00,292.81708,997.1593,7.021341,46.550636,0.0,0.0,
2020-10-06 00:00:00,294.06894,997.5711,6.693213,43.78218,0.0,0.0,
2020-10-06 01:00:00,296.02216,997.2807,6.1698065,40.28863,0.0,0.0,
2020-10-06 02:00:00,298.5708,996.46014,5.680703,35.83511,0.0,0.0,
2020-10-06 03:00:00,300.82452,995.3734,5.1303816,31.64854,0.0,0.0,
2020-10-06 04:00:00,302.7011,994.18353,4.7404757,27.599424,0.0,0.0,
2020-10-06 05:00:00,304.10706,993.15015,4.6133924,24.203478,0.0,0.0,
2020-10-06 06:00:00,304.96173,992.3686,4.752845,21.708717,0.0,0.0,
2020-10-06 07:00:00,304.50262,992.6989,5.442571,19.864424,0.0,0.0,
2020-10-06 08:00:00,304.19275,992.8781,5.5414906,19.541628,0.0,0.0,
2020-10-06 09:00:00,303.3661,993.2369,5.545828,20.012978,0.0,0.0,
2020-10-06 10:00:00,302.26044,994.20984,5.0011883,20.92765,0.0,0.0,
2020-10-06 11:00:00,301.2341,994.85956,5.316213,21.313267,0.0,0.0,
2020-10-06 12:00:00,300.16687,995.3678,5.9277315,21.150326,0.0,0.0,
2020-10-06 13:00:00,299.1394,995.697,6.451745,20.825165,0.0,0.0,
2020-10-06 14:00:00,298.11963,995.882,6.7956705,20.928175,0.0,0.0,
2020-10-06 15:00:00,297.12857,995.7131,6.7736673,21.44397,0.0,0.0,
2020-10-06 16:00:00,296.23706,995.67694,6.6062536,21.935946,0.0,0.0,
2020-10-06 17:00:00,295.44644,995.3205,6.4069996,22.269339,0.0,0.0,
2020-10-06 18:00:00,294.79282,995.3621,6.1142354,22.75425,0.0,0.0,
2020-10-06 19:00:00,293.58966,995.17346,5.2723393,22.448236,0.0,0.0,
2020-10-06 20:00:00,293.08112,995.3378,4.9769597,23.235617,0.0,0.0,
2020-10-06 21:00:00,292.65018,996.0414,4.6844907,26.676548,0.0,0.0,
2020-10-06 22:00:00,292.93512,996.6228,4.7073674,32.704674,0.0,0.0,
2020-10-06 23:00:00,294.60822,997.2825,6.627692,40.965317,0.0,0.0,
2020-10-07 00:00:00,296.7014,997.7341,7.0301476,39.953644,0.0,0.0,
2020-10-07 01:00:00,299.12418,997.1941,6.531934,34.3045,0.0,0.0,
2020-10-07 02:00:00,301.59,996.15936,5.731321,28.852486,0.0,0.0,
2020-10-07 03:00:00,303.77777,995.14575,4.8751864,24.825949,0.0,0.0,
2020-10-07 04:00:00,305.4361,993.8044,3.9981248,22.182625,0.0,0.0,
2020-10-07 05:00:00,306.63135,992.68,3.277998,20.433893,0.0,0.0,
2020-10-07 06:00:00,307.3098,991.79205,2.5033221,19.461693,0.0,0.0,
2020-10-07 07:00:00,307.80823,991.3895,2.1328607,18.061886,0.0,0.0,
2020-10-07 08:00:00,307.82263,991.4393,2.9017277,17.951204,0.0,0.0,
2020-10-07 09:00:00,307.31274,991.498,4.205124,18.268766,0.0,0.0,
2020-10-07 10:00:00,306.05948,991.9373,5.394786,19.209484,0.0,0.0,
2020-10-07 11:00:00,304.71558,992.52795,6.380363,20.003475,0.0,0.0,
2020-10-07 12:00:00,303.46722,993.12915,6.682647,20.452507,0.0,0.0,
2020-10-07 13:00:00,302.40637,993.9182,6.55362,20.680363,0.0,0.0,
2020-10-07 14:00:00,301.47095,994.5542,6.356359,20.847136,0.0,0.0,
2020-10-07 15:00:00,300.90375,994.66095,6.327456,20.478941,0.0,0.0,
2020-10-07 16:00:00,300.6106,994.23303,6.621161,19.677698,0.0,0.0,
2020-10-07 17:00:00,300.17816,993.7816,6.3611526,20.358658,0.0,0.0,
2020-10-07 18:00:00,299.5294,993.4615,5.925364,26.606113,0.0,0.0,
2020-10-07 19:00:00,297.9658,993.77875,5.0624332,21.792648,0.0,0.0,
2020-10-07 20:00:00,297.61664,994.3206,4.7325864,25.006998,0.0,0.0,
2020-10-07 21:00:00,297.45795,994.7332,4.380278,31.124718,0.0,0.0,
2020-10-07 22:00:00,298.11383,995.34235,3.9747071,36.97181,0.0,0.0,
2020-10-07 23:00:00,300.38232,996.2371,5.3114524,40.523254,0.0,0.0,
2020-10-08 00:00:00,302.54547,996.3844,6.1160855,40.05552,0.0,0.0,
2020-10-08 01:00:00,304.54764,995.9203,5.870205,37.470528,0.0,0.0,
2020-10-08 02:00:00,306.3392,994.8923,5.0992064,33.674847,0.0,0.0,
2020-10-08 03:00:00,307.82175,993.8047,3.8538373,29.296255,0.0,0.0,
2020-10-08 04:00:00,308.93524,992.59906,2.4327774,24.687817,0.0,0.0,
2020-10-08 05:00:00,309.60507,991.72064,1.4139417,21.84851,0.0,0.0,
2020-10-08 06:00:00,309.912,991.1768,0.8432557,20.435608,0.0,0.0,
2020-10-08 07:00:00,310.4878,990.4222,0.07581688,17.648462,0.0,0.0,
2020-10-08 08:00:00,310.37195,990.475,0.33501142,17.436634,0.0,0.0,
2020-10-08 09:00:00,309.97913,990.57935,0.7924644,17.608105,0.0,0.0,
2020-10-08 10:00:00,309.398,991.428,1.7185315,18.119131,0.0,0.0,
2020-10-08 11:00:00,308.55402,992.0984,2.5256767,19.018225,0.0,0.0,
2020-10-08 12:00:00,307.45685,992.5238,3.144132,20.257265,0.0,0.0,
2020-10-08 13:00:00,306.6743,992.8759,3.1522157,21.454407,0.0,0.0,
2020-10-08 14:00:00,305.76703,993.3286,2.4690433,23.38279,0.0,0.0,
2020-10-08 15:00:00,304.89313,993.52704,2.5996099,25.784323,0.0,0.0,
2020-10-08 16:00:00,304.04578,993.1472,4.2580733,31.571882,0.0,0.0,
2020-10-08 17:00:00,303.61627,992.90454,5.0802646,40.506638,0.0,0.0,
2020-10-08 18:00:00,303.17514,992.8133,3.9074783,41.497463,0.0015050174,0.0,
2020-10-08 19:00:00,302.03085,993.03674,3.2947881,38.216667,0.0,0.0,
2020-10-08 20:00:00,301.44028,993.15405,3.0796778,38.301716,0.0,0.0,
2020-10-08 21:00:00,300.8507,994.1062,3.122692,38.18225,0.0,0.0,
2020-10-08 22:00:00,301.1341,994.89014,2.9091618,36.02875,0.0,0.0,
2020-10-08 23:00:00,302.9745,995.96783,3.241817,30.040297,0.0,0.0,
2020-10-09 00:00:00,305.2974,996.34467,3.1800365,26.231966,0.004959427,0.0,
2020-10-09 01:00:00,307.0816,996.05945,4.182019,28.009409,0.0,0.0,
2020-10-09 02:00:00,308.44873,995.2088,4.933548,27.980316,0.0,0.0,
2020-10-09 03:00:00,309.8396,994.41437,4.9653444,25.40279,0.0,0.0,
2020-10-09 04:00:00,310.1753,993.3322,4.3801994,24.20965,0.0,0.0,
2020-10-09 05:00:00,310.76266,992.34644,3.6221473,22.82327,0.0,0.0,
2020-10-09 06:00:00,310.77643,991.72327,3.1581907,22.150179,0.0,0.0,
2020-10-09 07:00:00,311.81207,990.6049,3.269397,18.644938,0.0,0.0,
2020-10-09 08:00:00,311.44214,990.6083,3.119822,19.009443,0.0,0.0,
2020-10-09 09:00:00,311.0108,990.9283,3.0599225,19.486658,0.0,0.0,
2020-10-09 10:00:00,310.10468,991.9416,2.7415292,20.71696,0.0,0.0,
2020-10-09 11:00:00,309.31393,992.77484,2.9769776,21.499533,0.0,0.0,
2020-10-09 12:00:00,308.34393,993.4478,3.694505,22.831934,0.0,0.0,
2020-10-09 13:00:00,307.58972,993.66455,4.259712,24.24003,0.0,0.0,
2020-10-09 14:00:00,306.7657,993.90344,4.5323086,25.729958,0.0,0.0,
2020-10-09 15:00:00,306.04306,993.75354,4.19792,27.073877,0.0,0.0,
2020-10-09 16:00:00,305.61157,993.6816,3.6037383,28.021885,0.0,0.0,
2020-10-09 17:00:00,304.5832,993.83,2.5117416,29.82424,0.0,0.0,
2020-10-09 18:00:00,303.87805,994.2047,2.6221497,30.244154,0.0,0.0,
2020-10-09 19:00:00,301.9043,994.23,4.835111,31.442066,0.0,0.0,
2020-10-09 20:00:00,301.2125,994.3761,4.313846,32.178326,0.0,0.0,
2020-10-09 21:00:00,300.86407,994.9953,3.4687848,32.978973,0.0,0.0,
2020-10-09 22:00:00,301.14746,995.64935,1.8877944,32.65177,0.0,0.0,
2020-10-09 23:00:00,302.61346,996.80756,0.7498572,29.529268,0.0,0.0,
2020-10-10 00:00:00,304.2757,997.2911,2.7897608,26.725758,0.0,0.0,
2020-10-10 01:00:00,306.39136,997.05896,2.691806,23.587881,0.0,0.0,
2020-10-10 02:00:00,308.07587,996.08716,2.1915169,23.02401,0.0,0.0,
2020-10-10 03:00:00,309.48047,994.91907,2.4805505,22.839111,0.0,0.0,
2020-10-10 04:00:00,310.66055,993.6075,3.0249681,20.989548,0.0,0.0,
2020-10-10 05:00:00,311.36957,992.40063,3.0526235,19.592937,0.0,0.0,
2020-10-10 06:00:00,311.55072,991.4963,2.664136,18.624754,0.0,0.0,
2020-10-10 07:00:00,312.51666,990.91516,3.8611753,14.940792,0.0,0.0,
2020-10-10 08:00:00,312.31256,990.70087,3.589697,14.225751,0.0,0.0,
2020-10-10 09:00:00,311.89053,990.98083,3.5686753,13.931773,0.0,0.0,
2020-10-10 10:00:00,310.73007,991.7753,2.941835,14.665048,0.0,0.0,
2020-10-10 11:00:00,309.5415,992.55273,3.2358978,15.52552,0.0,0.0,
2020-10-10 12:00:00,308.44,993.0572,3.7637908,16.206165,0.0,0.0,
2020-10-10 13:00:00,307.50388,993.31494,4.3400955,16.61694,0.0,0.0,
2020-10-10 14:00:00,306.5693,993.63165,5.50668,16.171417,0.0,0.0,
2020-10-10 15:00:00,305.6726,993.709,6.67377,13.015755,0.0,0.0,
2020-10-10 16:00:00,304.76553,993.538,6.8763194,9.908459,0.0,0.0,
2020-10-10 17:00:00,303.74704,993.3725,6.6671915,9.132253,0.0,0.0,
2020-10-10 18:00:00,302.8462,993.38336,6.476619,9.22964,0.0,0.0,
2020-10-10 19:00:00,301.36444,993.5566,5.6854706,10.283592,0.0,0.0,
2020-10-10 20:00:00,300.41455,993.9886,5.038133,10.704363,0.0,0.0,
2020-10-10 21:00:00,299.5558,994.93134,4.1022863,10.9409075,0.0,0.0,
2020-10-10 22:00:00,299.45187,995.89417,3.2365754,10.657388,0.0,0.0,
2020-10-10 23:00:00,302.23676,996.8005,3.6229727,8.357279,0.0,0.0,
2020-10-11 00:00:00,304.79004,997.18414,4.5667825,6.84904,0.0,0.0,
2020-10-11 01:00:00,307.23648,996.8756,5.0599337,6.266754,0.0,0.0,
2020-10-11 02:00:00,309.4196,995.75165,5.479833,6.159567,0.0,0.0,
2020-10-11 03:00:00,311.0824,994.44666,5.300597,6.0305367,0.0,0.0,
2020-10-11 04:00:00,312.18127,992.9882,4.827218,5.9225707,0.0,0.0,
2020-10-11 05:00:00,312.90262,991.8194,4.3519883,6.212478,0.0,0.0,
2020-10-11 06:00:00,313.27765,990.8176,4.214424,6.5939,0.0,0.0,
2020-10-11 07:00:00,313.38782,990.23975,4.813764,7.020382,0.0,0.0,
2020-10-11 08:00:00,313.06592,990.435,4.852072,7.195559,0.0,0.0,
2020-10-11 09:00:00,312.3115,990.2717,4.7447176,7.5396166,0.0,0.0,
2020-10-11 10:00:00,310.53082,991.22174,3.53001,8.450657,0.0,0.0,
2020-10-11 11:00:00,308.94623,991.8119,3.5614538,9.31587,0.0,0.0,
2020-10-11 12:00:00,307.51178,992.2597,3.8598113,10.062269,0.0,0.0,
2020-10-11 13:00:00,306.19916,992.6978,4.21853,10.603959,0.0,0.0,
2020-10-11 14:00:00,305.02216,993.0022,4.459976,10.885529,0.0,0.0,
2020-10-11 15:00:00,303.88306,992.9628,4.6330857,11.041134,0.0,0.0,
2020-10-11 16:00:00,302.87674,992.7764,4.829989,11.084497,0.0,0.0,
2020-10-11 17:00:00,302.05203,992.6305,4.977332,11.034927,0.0,0.0,
2020-10-11 18:00:00,301.35764,992.6092,5.0499697,10.977764,0.0,0.0,
2020-10-11 19:00:00,299.748,992.83594,4.2861953,12.200305,0.0,0.0,
2020-10-11 20:00:00,298.89612,993.44507,4.195931,12.646975,0.0,0.0,
2020-10-11 21:00:00,298.18915,994.2813,4.3070626,12.885,0.0,0.0,
2020-10-11 22:00:00,298.56406,994.9572,4.379587,12.136931,0.0,0.0,
2020-10-11 23:00:00,301.73468,995.9336,5.0771947,9.322909,0.0,0.0,
2020-10-12 00:00:00,305.05438,996.367,5.9282517,7.2750077,0.0,0.0,
2020-10-12 01:00:00,308.08514,996.1384,6.189788,6.0356812,0.0,0.0,
2020-10-12 02:00:00,310.419,994.9485,6.1048846,5.2956777,0.0,0.0,
2020-10-12 03:00:00,311.93262,993.7788,5.299303,4.910146,0.0,0.0,
2020-10-12 04:00:00,312.88248,992.47845,4.480417,4.9809704,0.0,0.0,
2020-10-12 05:00:00,313.5382,991.38763,4.204138,5.187627,0.0,0.0,
2020-10-12 06:00:00,313.9284,990.6686,4.2310586,5.0938554,0.0,0.0,
2020-10-12 07:00:00,313.80316,990.092,4.215753,5.310703,0.0,0.0,
2020-10-12 08:00:00,313.5114,990.2068,4.2083793,5.2817235,0.0,0.0,
2020-10-12 09:00:00,312.80847,990.6677,3.9308865,5.389719,0.0,0.0,
2020-10-12 10:00:00,310.87415,991.27057,2.9984665,6.08077,0.0,0.0,
2020-10-12 11:00:00,309.10077,992.3047,3.2092547,6.810221,0.0,0.0,
2020-10-12 12:00:00,307.34766,992.64935,3.4346364,7.5853086,0.0,0.0,
2020-10-12 13:00:00,305.7265,993.0017,3.5673172,8.377182,0.0,0.0,
2020-10-12 14:00:00,304.2292,993.295,3.8086593,9.190761,0.0,0.0,
2020-10-12 15:00:00,303.00555,993.17267,4.136276,9.883181,0.0,0.0,
2020-10-12 16:00:00,301.99493,992.90985,4.183435,10.467529,0.0,0.0,
2020-10-12 17:00:00,301.03815,992.7966,3.9795725,11.097555,0.0,0.0,
2020-10-12 18:00:00,300.08258,992.78656,3.9136107,11.73416,0.0,0.0,
2020-10-12 19:00:00,298.59882,993.71704,4.757279,12.4963045,0.0,0.0,
2020-10-12 20:00:00,298.02692,994.1133,4.4433713,12.318176,0.0,0.0,
2020-10-12 21:00:00,297.29706,994.8845,3.6465473,12.6029,0.0,0.0,
2020-10-12 22:00:00,297.23145,995.75885,2.8785548,12.84994,0.0,0.0,
2020-10-12 23:00:00,300.9224,996.5639,2.7161055,10.05207,0.0,0.0,
2020-10-13 00:00:00,304.62604,997.0997,3.358374,7.564784,0.0030148514,0.0,
2020-10-13 01:00:00,307.63995,996.85266,3.9405248,6.06805,0.0,0.0,
2020-10-13 02:00:00,310.1632,996.06665,4.7254143,5.047902,0.0,0.0,
2020-10-13 03:00:00,311.8714,994.77374,5.047181,4.322084,0.0,0.0,
2020-10-13 04:00:00,312.945,993.6311,4.906814,3.897206,0.0,0.0,
2020-10-13 05:00:00,313.68457,992.59845,4.8130684,3.6682372,0.0,0.0,
2020-10-13 06:00:00,314.09335,991.7899,4.856749,3.6412115,0.0,0.0,
2020-10-13 07:00:00,313.9718,991.42096,4.6770644,3.9419384,0.0,0.0,
2020-10-13 08:00:00,313.66394,991.59106,4.595454,4.1227384,0.0,0.0,
2020-10-13 09:00:00,312.85706,991.82916,4.261868,4.391957,0.0,0.0,
2020-10-13 10:00:00,310.66724,992.5229,3.4485729,5.1250286,0.0,0.0,
2020-10-13 11:00:00,308.82916,993.08417,3.8045878,5.812854,0.0,0.0,
2020-10-13 12:00:00,307.2101,993.5689,4.1546135,6.455869,0.0,0.0,
2020-10-13 13:00:00,305.74243,993.60626,4.307769,7.0579505,0.0,0.0,
2020-10-13 14:00:00,304.48798,994.0859,4.478334,7.59532,0.0,0.0,
2020-10-13 15:00:00,303.4089,993.84424,4.601011,8.0764065,0.0,0.0,
2020-10-13 16:00:00,302.403,993.46564,4.526468,8.567344,0.0,0.0,
2020-10-13 17:00:00,301.3722,992.9434,4.23269,9.16595,0.0,0.0,
2020-10-13 18:00:00,300.3755,992.96954,4.1062484,9.822157,0.0,0.0,
2020-10-13 19:00:00,298.1257,993.10406,4.0049534,11.970156,0.0,0.0,
2020-10-13 20:00:00,297.5196,993.52686,3.7888265,12.5123415,0.0,0.0,
2020-10-13 21:00:00,296.92615,994.4639,3.3403163,13.232401,0.0,0.0,
2020-10-13 22:00:00,297.03357,995.2468,2.6811223,13.6862545,0.0,0.0,
2020-10-13 23:00:00,300.91644,996.37085,2.807684,10.760639,0.0,0.0,
2020-10-14 00:00:00,304.7556,996.79376,3.5706918,8.852811,0.0,0.0,
2020-10-14 01:00:00,308.15936,996.39453,4.4233656,7.651366,0.0,0.0,
2020-10-14 02:00:00,310.82092,995.40424,5.726692,6.969943,0.0,0.0,
2020-10-14 03:00:00,312.3739,994.0974,5.9636,6.537651,0.0,0.0,
2020-10-14 04:00:00,313.3733,992.9313,5.972508,6.373885,0.0,0.0,
2020-10-14 05:00:00,313.9558,991.6858,5.8363824,6.2725263,0.0,0.0,
2020-10-14 06:00:00,314.20435,990.80725,5.577822,6.2220826,0.0,0.0,
2020-10-14 07:00:00,314.29382,990.1998,5.5853057,6.3303285,0.0,0.0,
2020-10-14 08:00:00,313.88412,990.14343,5.1327333,6.369555,0.0,0.0,
2020-10-14 09:00:00,313.10345,990.50775,4.5911727,6.5079727,0.0,0.0,
2020-10-14 10:00:00,311.05396,991.2992,3.333677,7.283529,0.0,0.0,
2020-10-14 11:00:00,309.19653,991.99585,3.580801,8.040359,0.0,0.0,
2020-10-14 12:00:00,307.54065,992.65295,4.0568304,8.712972,0.0,0.0,
2020-10-14 13:00:00,306.17908,992.6371,4.4839487,9.289185,0.0,0.0,
2020-10-14 14:00:00,305.03342,993.0751,4.3614516,9.868259,0.0,0.0,
2020-10-14 15:00:00,303.79648,992.46,4.0162554,10.599758,0.0,0.0,
2020-10-14 16:00:00,302.6206,992.0033,3.9963543,11.401045,0.0,0.0,
2020-10-14 17:00:00,301.5901,991.508,3.9992082,12.162057,0.0,0.0,
2020-10-14 18:00:00,300.59814,991.3269,3.774692,12.963518,0.0,0.0,
2020-10-14 19:00:00,297.85312,991.3858,3.1878695,16.752377,0.0,0.0,
2020-10-14 20:00:00,297.0548,991.5636,3.1924596,17.51013,0.0,0.0,
2020-10-14 21:00:00,296.36484,992.1932,2.557357,18.468445,0.0,0.0,
2020-10-14 22:00:00,296.3209,993.2081,1.7919061,19.661861,0.0,0.0,
2020-10-14 23:00:00,300.4217,994.0522,1.9322181,14.213853,0.0,0.0,
2020-10-15 00:00:00,304.42932,994.2063,2.432701,10.96865,0.0,0.0,
2020-10-15 01:00:00,308.05975,993.6119,3.4573867,8.757699,0.0,0.0,
2020-10-15 02:00:00,310.55774,992.8173,4.358677,7.513295,0.0,0.0,
2020-10-15 03:00:00,311.867,991.72076,4.208938,6.6008167,0.0,0.0,
2020-10-15 04:00:00,312.54712,990.45953,3.2813523,6.1329055,0.0,0.0,
2020-10-15 05:00:00,312.97504,989.23236,2.481309,5.833221,0.0,0.0,
2020-10-15 06:00:00,313.17792,988.1959,1.8646647,5.6709585,0.0,0.0,
2020-10-15 07:00:00,313.24652,987.38916,1.9953572,5.8457365,0.0,0.0,
2020-10-15 08:00:00,312.9087,987.46216,1.5766498,5.976786,0.0,0.0,
2020-10-15 09:00:00,312.3247,987.6158,1.3428311,6.232007,0.0,0.0,
2020-10-15 10:00:00,311.50238,988.46796,1.0799237,6.821746,0.0,0.0,
2020-10-15 11:00:00,310.18054,989.0076,1.5799736,7.7756553,0.0,0.0,
2020-10-15 12:00:00,307.974,989.6083,2.101518,9.2898445,0.0,0.0,
2020-10-15 13:00:00,306.10553,989.84174,2.5490212,10.380754,0.0,0.0,
2020-10-15 14:00:00,304.2875,989.9528,2.5614364,11.814002,0.0,0.0,
2020-10-15 15:00:00,302.36594,989.62854,2.0808465,14.099314,0.0,0.0,
2020-10-15 16:00:00,301.42383,988.88794,2.9306622,14.7671585,0.0,0.0,
2020-10-15 17:00:00,300.012,988.6769,2.206675,17.150978,0.0,0.0,
2020-10-15 18:00:00,298.7941,988.70294,1.9408723,19.959576,0.0,0.0,
2020-10-15 19:00:00,297.80054,989.29877,4.246161,52.04011,0.0,0.0,
2020-10-15 20:00:00,297.07648,989.5661,3.6786444,65.841034,0.0,0.0,
2020-10-15 21:00:00,296.52313,990.46985,3.5303664,70.046776,0.0,0.0,
2020-10-15 22:00:00,297.09387,991.1394,3.106007,67.429825,0.0,0.0,
2020-10-15 23:00:00,300.03857,992.07837,3.9661942,55.702164,0.0,0.0,
2020-10-16 00:00:00,303.0821,992.43506,4.3910656,44.025227,0.0,0.0,
2020-10-16 01:00:00,306.0287,992.2019,4.37751,34.220875,0.0,0.0,
2020-10-16 02:00:00,308.67593,991.41595,4.041263,26.264038,0.0,0.0,
2020-10-16 03:00:00,310.80676,990.37994,3.4415436,19.714607,0.0,0.0,
2020-10-16 04:00:00,312.23514,988.9313,2.8645966,14.371422,0.0,0.0,
2020-10-16 05:00:00,312.96448,987.7997,2.4231646,11.59653,0.0,0.0,
2020-10-16 06:00:00,313.21973,986.7639,2.010616,10.924186,0.0,0.0,
2020-10-16 07:00:00,313.40735,986.46454,1.847223,10.17042,0.0,0.0,
2020-10-16 08:00:00,313.128,986.3451,1.8173862,10.247276,0.0,0.0,
2020-10-16 09:00:00,312.6308,986.68695,1.9101952,10.531249,0.0,0.0,
2020-10-16 10:00:00,311.60175,987.31287,1.8446374,11.350616,0.0,0.0,
2020-10-16 11:00:00,310.3927,987.9441,2.1260288,12.394865,0.0,0.0,
2020-10-16 12:00:00,308.97687,988.4467,2.5306873,13.618223,0.0,0.0,
2020-10-16 13:00:00,307.38324,988.8081,2.8331926,14.99885,0.0,0.0,
2020-10-16 14:00:00,305.50482,989.15295,5.3074284,20.523058,0.0,0.0,
2020-10-16 15:00:00,302.99255,989.0254,6.9874883,42.355736,0.0,0.0,
2020-10-16 16:00:00,301.72256,988.6012,6.1365886,52.92828,0.0,0.0,
2020-10-16 17:00:00,301.08868,988.3402,5.4820476,56.068306,0.0,0.0,
2020-10-16 18:00:00,300.41943,987.9297,4.9584594,59.26377,0.0,0.0,
2020-10-16 19:00:00,299.36395,988.60156,4.497756,63.46153,0.0,0.0,
2020-10-16 20:00:00,298.66745,989.4682,3.8301272,67.39549,0.0,0.0,
2020-10-16 21:00:00,298.07358,990.34216,3.8298893,70.46719,0.0,0.0,
2020-10-16 22:00:00,298.33197,991.1058,4.359483,70.30451,0.0,0.0,
2020-10-16 23:00:00,300.1996,991.923,5.43513,62.92337,0.0,0.0,
2020-10-17 00:00:00,302.9437,992.29626,5.3604054,49.295437,0.0,0.0,
2020-10-17 01:00:00,305.79742,991.8561,5.1382523,36.524788,0.0,0.0,
2020-10-17 02:00:00,308.3541,991.0888,4.829957,28.143204,0.0,0.0,
2020-10-17 03:00:00,310.5958,990.3139,4.558162,22.302338,0.0,0.0,
2020-10-17 04:00:00,312.25293,989.18915,4.3346314,17.904902,0.0,0.0,
2020-10-17 05:00:00,313.2872,988.1715,4.100207,15.313411,0.0,0.0,
2020-10-17 06:00:00,313.5901,987.1489,3.554871,14.120267,0.0,0.0,
2020-10-17 07:00:00,313.4361,987.1611,2.7450042,13.145079,0.0,0.0,
2020-10-17 08:00:00,313.13068,987.1339,2.1651464,12.868418,0.0,0.0,
2020-10-17 09:00:00,312.62875,987.563,2.0372498,13.06174,0.0,0.0,
2020-10-17 10:00:00,311.81146,988.2435,1.8280338,13.769761,0.0,0.0,
2020-10-17 11:00:00,310.63208,988.5987,2.1203737,14.894477,0.0,0.0,
2020-10-17 12:00:00,309.58875,989.1367,2.6593127,15.915076,0.0,0.0,
2020-10-17 13:00:00,308.01874,989.48193,4.70868,19.402525,0.0,0.0,
2020-10-17 14:00:00,305.55612,990.205,6.777084,30.927801,0.0,0.0,
2020-10-17 15:00:00,303.45593,990.0506,7.342396,43.359447,0.0,0.0,
2020-10-17 16:00:00,302.22675,990.13837,6.963422,50.776844,0.0,0.0,
2020-10-17 17:00:00,301.26178,990.29877,6.7095027,55.894035,0.0,0.0,
2020-10-17 18:00:00,300.3664,990.6142,6.174356,60.77,0.0,0.0,
2020-10-17 19:00:00,299.414,991.28595,5.074022,68.83646,0.0,0.0,
2020-10-17 20:00:00,298.98816,992.0583,4.354096,72.52395,0.0,0.0,
2020-10-17 21:00:00,298.74243,993.0924,4.3293796,75.291214,0.0,0.0,
2020-10-17 22:00:00,298.8556,994.0503,5.227073,75.373024,0.0,0.0,
2020-10-17 23:00:00,300.15088,994.7942,6.210792,66.74932,0.0,0.0,
2020-10-18 00:00:00,302.14673,994.8747,6.2095337,53.07422,0.0012814997,0.0,
2020-10-18 01:00:00,304.60303,994.3567,5.7722206,40.0969,0.0,0.0,
2020-10-18 02:00:00,307.1941,993.47,5.3008304,29.758692,0.0,0.0,
2020-10-18 03:00:00,309.2953,992.3588,5.083886,23.361265,0.0,0.0,
2020-10-18 04:00:00,311.1562,991.2562,4.9533668,18.108168,0.0,0.0,
2020-10-18 05:00:00,312.29645,990.2556,4.9194107,14.782259,0.0,0.0,
2020-10-18 06:00:00,312.8208,989.47797,4.762902,13.624452,0.0,0.0,
2020-10-18 07:00:00,312.44873,989.1683,3.4184446,14.048348,0.0,0.01,
2020-10-18 08:00:00,312.16278,989.09937,2.9606037,14.018427,0.0,0.0,
2020-10-18 09:00:00,311.55542,989.45844,2.5926454,14.255081,0.0,0.0,
2020-10-18 10:00:00,310.6244,990.35,2.364889,14.903363,0.0,0.0,
2020-10-18 11:00:00,309.6355,990.78265,2.8923998,15.660374,0.0,0.0,
2020-10-18 12:00:00,308.4091,991.1894,3.59569,16.625586,0.0,0.0,
2020-10-18 13:00:00,307.281,991.2603,4.1617274,17.654211,0.0,0.0,
2020-10-18 14:00:00,306.25555,991.3292,4.614936,18.951044,0.0,0.0,
2020-10-18 15:00:00,304.91486,991.363,6.0645046,26.814869,0.0,0.0,
2020-10-18 16:00:00,303.47723,991.1357,6.6224546,38.518063,0.0,0.0,
2020-10-18 17:00:00,302.7293,991.01794,5.922012,41.322742,0.0,0.0,
2020-10-18 18:00:00,302.0841,991.0719,5.2921042,40.715603,0.0,0.0,
2020-10-18 19:00:00,300.851,991.8011,4.647221,47.23252,0.0,0.0,
2020-10-18 20:00:00,300.07898,992.15985,3.934305,48.53232,0.0,0.0,
2020-10-18 21:00:00,299.3627,993.2606,3.1568584,50.20653,0.0,0.0,
2020-10-18 22:00:00,299.5658,994.13635,2.5732708,49.40031,0.0,0.0,
2020-10-18 23:00:00,301.3803,995.1228,2.899219,40.299053,0.0,0.0,
2020-10-19 00:00:00,303.40088,995.0988,2.5845275,29.8111,0.0,0.0,
2020-10-19 01:00:00,305.40546,994.5147,2.444877,23.249155,0.0,0.0,
2020-10-19 02:00:00,307.53864,993.688,2.6640518,18.042793,0.0,0.0,
2020-10-19 03:00:00,309.53918,992.5739,2.975916,14.3517065,0.0,0.0,
2020-10-19 04:00:00,310.98093,991.70703,3.3238938,12.315469,0.0,0.0,
2020-10-19 05:00:00,311.94,990.48596,3.362726,11.794159,0.0,0.0,
2020-10-19 06:00:00,312.3526,989.5483,3.0371711,11.797788,0.0,0.0,
2020-10-19 07:00:00,312.4375,989.0538,2.5405812,12.339025,0.0,0.0,
2020-10-19 08:00:00,312.15503,988.78424,1.9959152,12.634164,0.0,0.0,
2020-10-19 09:00:00,311.67276,989.3822,1.8062683,13.034294,0.0,0.0,
2020-10-19 10:00:00,310.88898,990.31366,1.9204112,13.788726,0.0,0.0,
2020-10-19 11:00:00,309.84845,991.0408,2.6318629,14.94187,0.0,0.0,
2020-10-19 12:00:00,308.63013,991.39197,3.1426096,16.367508,0.0,0.0,
2020-10-19 13:00:00,307.5569,991.345,3.7587729,17.764359,0.0,0.0,
2020-10-19 14:00:00,306.88483,991.3075,4.0436044,18.84006,0.0,0.0,
2020-10-19 15:00:00,306.06552,990.6389,3.8215399,20.061968,0.0,0.0,
2020-10-19 16:00:00,305.18445,990.3797,4.0956945,21.569965,0.0,0.0,
2020-10-19 17:00:00,304.18494,990.2647,5.5954123,25.543598,0.0,0.0,
2020-10-19 18:00:00,303.56702,990.41345,5.4990106,26.967651,0.0,0.0,
2020-10-19 19:00:00,302.37024,991.527,3.5891922,27.370762,0.0,0.0,
2020-10-19 20:00:00,301.30676,992.03986,2.8302455,29.25469,0.0,0.0,
2020-10-19 21:00:00,300.30798,992.8569,2.5258465,31.52351,0.0,0.0,
2020-10-19 22:00:00,300.5591,993.89014,2.2018783,31.46891,0.0,0.0,
2020-10-19 23:00:00,303.12726,994.80804,2.774943,26.630667,0.0,0.0,
2020-10-20 00:00:00,304.96136,994.9611,2.736402,23.880983,0.0012872202,0.0,
2020-10-20 01:00:00,306.80316,994.7925,2.770836,21.500107,0.0,0.0,
2020-10-20 02:00:00,308.93353,993.906,3.0263507,19.111431,0.0,0.0,
2020-10-20 03:00:00,310.77026,992.877,3.4120588,17.17045,0.0,0.0,
2020-10-20 04:00:00,311.98074,991.4278,3.2238579,15.655004,0.0,0.0,
2020-10-20 05:00:00,312.67395,990.2455,2.6632864,14.82677,0.0,0.0,
2020-10-20 06:00:00,313.0392,989.19165,2.149636,14.325036,0.0,0.0,
2020-10-20 07:00:00,313.2134,988.73596,2.0861993,14.964682,0.0,0.0,
2020-10-20 08:00:00,313.00858,988.50885,1.9483464,14.970681,0.0,0.0,
2020-10-20 09:00:00,312.51938,988.71466,1.9889209,15.243548,0.0,0.0,
2020-10-20 10:00:00,311.98798,989.3052,2.1317606,15.642951,0.0,0.0,
2020-10-20 11:00:00,311.21454,989.9309,2.3410106,16.411865,0.0,0.0,
2020-10-20 12:00:00,310.23904,990.3892,2.8623152,17.36239,0.0,0.0,
2020-10-20 13:00:00,309.03534,990.4494,3.3945017,18.51332,0.0,0.0,
2020-10-20 14:00:00,307.94373,990.3257,3.8241987,19.561514,0.0,0.0,
2020-10-20 15:00:00,307.02386,989.9361,4.147693,20.502249,0.0,0.0,
2020-10-20 16:00:00,306.04297,989.6763,4.431278,21.74448,0.0,0.0,
2020-10-20 17:00:00,305.04315,989.709,4.651913,23.469349,0.0,0.0,
2020-10-20 18:00:00,304.25052,989.60547,4.24601,25.150902,0.0,0.0,
2020-10-20 19:00:00,303.34003,989.9341,4.037395,27.253782,0.0,0.0,
2020-10-20 20:00:00,302.31372,990.84845,2.2071564,29.773277,0.0,0.0,
2020-10-20 21:00:00,301.27234,991.9666,1.7417799,32.713585,0.0,0.0,
2020-10-20 22:00:00,301.68457,992.8878,2.229563,32.03021,0.0,0.0,
2020-10-20 23:00:00,304.48566,993.7712,2.4289064,26.954958,0.0,0.0,
2020-10-21 00:00:00,306.20963,993.94653,2.6479208,24.61908,0.0,0.0,
2020-10-21 01:00:00,308.1715,993.6223,3.4218981,21.918465,0.0,0.0,
2020-10-21 02:00:00,310.1297,992.70276,4.0559983,19.388058,0.0,0.0,
2020-10-21 03:00:00,311.7195,991.6007,4.1655216,17.507557,0.0,0.0,
2020-10-21 04:00:00,312.78784,990.3845,3.6612647,16.07451,0.0,0.0,
2020-10-21 05:00:00,313.4259,989.1636,3.0994525,15.182742,0.0,0.0,
2020-10-21 06:00:00,313.80902,988.3382,2.6481404,14.667063,0.0,0.0,
2020-10-21 07:00:00,313.9583,987.5022,2.0552053,14.223428,0.0,0.0,
2020-10-21 08:00:00,313.7357,987.25165,2.4176328,14.172968,0.0,0.0,
2020-10-21 09:00:00,313.243,987.6653,3.025998,14.499514,0.0,0.0,
2020-10-21 10:00:00,312.26523,988.1319,3.2028933,15.461093,0.0,0.0,
2020-10-21 11:00:00,311.2303,988.84143,3.7437253,16.603962,0.0,0.0,
2020-10-21 12:00:00,310.06476,989.1866,4.335975,17.878086,0.0,0.0,
2020-10-21 13:00:00,309.0776,989.5951,5.5158477,19.414858,0.0,0.0,
2020-10-21 14:00:00,307.9422,989.795,7.2285666,23.447615,0.0,0.0,
2020-10-21 15:00:00,306.90692,989.5458,7.4814734,27.072052,0.0,0.0,
2020-10-21 16:00:00,306.00586,989.3244,6.381331,28.90316,0.0,0.0,
2020-10-21 17:00:00,305.13043,989.2527,5.0286098,30.199518,0.0,0.0,
2020-10-21 18:00:00,304.1632,989.1916,3.7096827,31.737972,0.0,0.0,
2020-10-21 19:00:00,303.00443,989.90564,3.9516327,34.801216,0.0,0.0,
2020-10-21 20:00:00,302.03354,990.49194,3.714854,37.428177,0.0,0.0,
2020-10-21 21:00:00,301.28717,991.3683,3.4444563,39.62003,0.0,0.0,
2020-10-21 22:00:00,301.5669,991.96735,3.2906995,39.421227,0.0,0.0,
2020-10-21 23:00:00,303.3955,992.9563,3.618592,33.7679,0.0,0.0,
2020-10-22 00:00:00,305.19135,993.1973,3.0503058,29.162354,0.0,0.0,
2020-10-22 01:00:00,307.36,993.16565,3.1656027,25.034952,0.0,0.0,
2020-10-22 02:00:00,309.34653,992.5228,3.7677107,21.963743,0.0,0.0,
2020-10-22 03:00:00,311.23068,991.45953,4.546144,19.491045,0.0,0.0,
2020-10-22 04:00:00,312.23407,990.54614,5.156712,17.762226,0.0,0.0,
2020-10-22 05:00:00,312.76248,989.6902,5.3276653,16.76537,0.0,0.0,
2020-10-22 06:00:00,313.1657,988.96155,5.740081,16.010147,0.0,0.0,
2020-10-22 07:00:00,313.33426,988.3198,4.9103293,15.045497,0.0,0.0,
2020-10-22 08:00:00,312.87866,988.1186,4.8703856,15.347411,0.0,0.0,
2020-10-22 09:00:00,312.34207,988.34045,4.8280983,15.746251,0.0,0.0,
2020-10-22 10:00:00,311.30206,988.97107,3.7882695,16.742931,0.0,0.0,
2020-10-22 11:00:00,310.08643,989.58765,3.4739773,18.08161,0.0,0.0,
2020-10-22 12:00:00,309.0225,990.0847,3.8885448,19.562267,0.0,0.0,
2020-10-22 13:00:00,307.83945,990.61597,4.856989,23.074844,0.0,0.0,
2020-10-22 14:00:00,306.59058,991.09235,5.4789495,30.392017,0.0,0.0,
2020-10-22 15:00:00,305.46884,990.79877,5.8025208,38.14247,0.0,0.0,
2020-10-22 16:00:00,304.59528,990.4375,5.582843,42.62527,0.0,0.0,
2020-10-22 17:00:00,303.87268,990.00385,5.174319,43.949463,0.0,0.0,
2020-10-22 18:00:00,302.89206,989.6686,4.706647,44.425556,0.0,0.0,
2020-10-22 19:00:00,302.12006,989.7445,4.0740395,41.322933,0.0,0.0,
2020-10-22 20:00:00,301.32605,990.2963,3.802918,42.19074,0.0,0.0,
2020-10-22 21:00:00,300.57587,991.2408,3.7592256,44.27219,0.0,0.0,
2020-10-22 22:00:00,300.95837,992.0117,4.02817,44.097195,0.0,0.0,
2020-10-22 23:00:00,302.91125,992.83966,5.0846334,37.925182,0.0,0.0,
2020-10-23 00:00:00,305.06,993.1145,4.8999,31.469042,0.0,0.0,
2020-10-23 01:00:00,307.1549,993.13104,4.6364336,27.114758,0.0,0.0,
2020-10-23 02:00:00,309.07114,992.6844,4.9943795,23.7822,0.0,0.0,
2020-10-23 03:00:00,310.62506,991.826,5.2203054,21.191845,0.0,0.0,
2020-10-23 04:00:00,311.64282,990.8717,4.921172,19.528215,0.0,0.0,
2020-10-23 05:00:00,312.49078,989.6068,4.833919,18.04127,0.0,0.0,
2020-10-23 06:00:00,312.7508,988.8936,5.159897,16.985256,0.0,0.0,
2020-10-23 07:00:00,312.64545,988.3287,4.6801558,15.842603,0.0,0.0,
2020-10-23 08:00:00,312.29684,988.3856,5.044725,16.125164,0.0,0.0,
2020-10-23 09:00:00,311.69998,988.84467,5.106212,16.491327,0.0,0.0,
2020-10-23 10:00:00,310.7126,989.78564,4.055607,17.396189,0.0,0.0,
2020-10-23 11:00:00,309.7644,990.21875,3.367611,18.425262,0.0,0.0,
2020-10-23 12:00:00,308.5194,990.7647,3.0635557,19.922377,0.0,0.0,
2020-10-23 13:00:00,307.41092,991.14484,3.661498,21.803709,0.0,0.0,
2020-10-23 14:00:00,306.34015,991.56775,5.2384825,28.833738,0.0,0.0,
2020-10-23 15:00:00,305.37695,991.2861,6.1024694,37.815044,0.0,0.0,
2020-10-23 16:00:00,304.74524,990.8494,5.8998933,40.430523,0.0,0.0,
2020-10-23 17:00:00,304.04498,990.51483,5.4207616,41.675575,0.0,0.0,
2020-10-23 18:00:00,303.36374,990.4844,4.959879,43.281094,0.0,0.0,
2020-10-23 19:00:00,301.76367,991.15533,5.0017924,49.189857,0.0,0.0,
2020-10-23 20:00:00,301.01468,992.0492,4.6678114,52.286415,0.0,0.0,
2020-10-23 21:00:00,300.2822,992.77234,3.955411,55.363293,0.0,0.0,
2020-10-23 22:00:00,300.47742,993.96014,3.7698865,55.063152,0.0,0.0,
2020-10-23 23:00:00,301.84875,994.8108,4.143686,48.645107,0.0,0.0,
2020-10-24 00:00:00,303.7647,995.0564,4.1970463,40.256573,0.0,0.0,
2020-10-24 01:00:00,305.90048,994.6959,4.226512,33.04816,0.0,0.0,
2020-10-24 02:00:00,307.95343,993.96265,4.4681926,27.315277,0.0,0.0,
2020-10-24 03:00:00,309.9275,992.95197,4.8447456,23.006983,0.0,0.0,
2020-10-24 04:00:00,311.3122,991.6861,5.1519523,20.77054,0.0,0.0,
2020-10-24 05:00:00,311.9814,990.52234,5.137702,19.648153,0.0,0.0,
2020-10-24 06:00:00,312.47058,989.91797,5.157843,18.461983,0.0,0.0,
2020-10-24 07:00:00,312.54456,988.8892,5.391083,16.973152,0.0,0.0,
2020-10-24 08:00:00,312.0177,989.1614,5.4740524,17.55752,0.0,0.0,
2020-10-24 09:00:00,311.2752,989.1861,5.510841,18.566216,0.0,0.0,
2020-10-24 10:00:00,310.27692,990.214,4.4405556,19.981264,0.0,0.0,
2020-10-24 11:00:00,309.43494,990.8797,3.631942,21.245626,0.0,0.0,
2020-10-24 12:00:00,308.56433,991.3908,2.9910576,22.590832,0.0,0.0,
2020-10-24 13:00:00,307.75165,991.8223,2.8106506,23.924055,0.0,0.0,
2020-10-24 14:00:00,306.84558,991.96564,3.569053,26.251284,0.0,0.0,
2020-10-24 15:00:00,305.94125,991.7497,4.8170075,32.62977,0.0,0.0,
2020-10-24 16:00:00,304.7589,991.45905,5.4313097,41.71913,0.0,0.0,
2020-10-24 17:00:00,304.0359,991.1339,5.436929,46.24572,0.0,0.0,
2020-10-24 18:00:00,303.24124,990.965,5.2263007,48.210697,0.0,0.0,
2020-10-24 19:00:00,302.081,990.9525,5.46561,51.70006,0.0,0.0,
2020-10-24 20:00:00,301.24982,991.6947,5.207324,54.025154,0.0,0.0,
2020-10-24 21:00:00,300.40527,992.32556,4.82967,57.309658,0.0,0.0,
2020-10-24 22:00:00,300.3122,993.6636,5.268392,58.63415,0.0,0.0,
2020-10-24 23:00:00,301.44937,994.67834,5.5535936,53.8921,0.0,0.0,
2020-10-25 00:00:00,303.22754,994.9558,4.832026,44.892006,0.0,0.0,
2020-10-25 01:00:00,305.26514,994.5625,4.0690327,36.03775,0.0,0.0,
2020-10-25 02:00:00,307.2968,993.5095,3.6512797,29.750177,0.0,0.0,
2020-10-25 03:00:00,308.92737,992.32733,3.5441413,26.52042,0.0,0.0,
2020-10-25 04:00:00,310.42944,991.0675,3.9245079,23.221375,0.0,0.0,
2020-10-25 05:00:00,311.44995,989.9768,4.523595,20.258629,0.0,0.0,
2020-10-25 06:00:00,312.21027,989.1072,5.1050797,17.793673,0.0,0.0,
2020-10-25 07:00:00,312.9476,988.0667,5.4838753,14.582346,0.0,0.0,
2020-10-25 08:00:00,312.63934,988.1282,5.9614873,14.82593,0.0,0.0,
2020-10-25 09:00:00,311.649,988.4777,6.137372,16.120342,0.0,0.0,
2020-10-25 10:00:00,310.3684,989.5365,5.1379595,18.372957,0.0,0.0,
2020-10-25 11:00:00,309.35156,990.2447,4.611675,20.697943,0.0,0.0,
2020-10-25 12:00:00,308.32922,990.9467,4.696582,23.241196,0.0,0.0,
2020-10-25 13:00:00,307.2716,991.2395,5.147497,26.487154,0.0,0.0,
2020-10-25 14:00:00,306.2216,991.2681,5.436629,31.622854,0.0,0.0,
2020-10-25 15:00:00,305.0509,990.88635,5.7579803,38.726574,0.0,0.0,
2020-10-25 16:00:00,303.95352,990.51685,5.7737885,44.626774,0.0,0.0,
2020-10-25 17:00:00,302.88513,989.84076,5.4678907,48.42901,0.0,0.0,
2020-10-25 18:00:00,301.9155,989.6772,5.1115513,51.01382,0.0,0.0,
2020-10-25 19:00:00,300.71808,989.4925,4.795993,54.824394,0.0,0.0,
2020-10-25 20:00:00,299.9207,990.04584,4.3886886,57.357002,0.0,0.0,
2020-10-25 21:00:00,299.18213,990.68,4.2287865,60.174393,0.0,0.0,
2020-10-25 22:00:00,299.24713,991.8142,4.8425455,60.637516,0.0,0.0,
2020-10-25 23:00:00,300.68286,992.64014,4.999398,55.11182,0.0,0.0,
2020-10-26 00:00:00,302.71515,993.0842,4.748369,47.214188,0.0012830605,0.0,
2020-10-26 01:00:00,304.8062,992.96545,4.487878,39.62857,0.0,0.0,
2020-10-26 02:00:00,306.82147,992.15063,4.09574,33.380337,0.0,0.0,
2020-10-26 03:00:00,308.69836,991.307,3.9685988,28.79974,0.0,0.0,
2020-10-26 04:00:00,310.3897,990.01404,4.1304626,24.133469,0.0,0.0,
2020-10-26 05:00:00,311.75323,988.7575,4.477812,19.789474,0.0,0.0,
2020-10-26 06:00:00,312.1768,987.9783,4.8108864,17.719927,0.0,0.0,
2020-10-26 07:00:00,312.68256,987.45404,4.9250617,14.886168,0.0,0.0,
2020-10-26 08:00:00,312.2799,987.50757,5.208438,14.822928,0.0,0.0,
2020-10-26 09:00:00,311.58826,987.68726,5.3167024,15.2626295,0.0,0.0,
2020-10-26 10:00:00,310.3474,988.62384,4.430278,16.660961,0.0,0.0,
2020-10-26 11:00:00,309.0656,989.49866,3.9366372,18.356012,0.0,0.0,
2020-10-26 12:00:00,307.85953,989.8159,3.4955246,20.096165,0.0,0.0,
2020-10-26 13:00:00,306.76096,990.5508,2.9444475,21.729269,0.0,0.0,
2020-10-26 14:00:00,305.712,990.6188,3.1551197,23.679104,0.0,0.0,
2020-10-26 15:00:00,304.72305,990.3524,4.568965,29.878382,0.0,0.0,
2020-10-26 16:00:00,303.31763,989.677,5.718991,43.820484,0.0,0.0,
2020-10-26 17:00:00,302.45105,989.3264,5.540092,51.860558,0.0,0.0,
2020-10-26 18:00:00,301.901,989.26013,5.247482,53.56204,0.0,0.0,
2020-10-26 19:00:00,301.3836,990.752,1.8564787,54.430176,0.0,0.0,
2020-10-26 20:00:00,300.891,991.2674,1.7174251,55.062687,0.0,0.0,
2020-10-26 21:00:00,300.34808,992.0681,2.338251,56.081436,0.0,0.0,
2020-10-26 22:00:00,300.8682,992.8982,3.09533,54.086952,0.0,0.0,
2020-10-26 23:00:00,302.38528,993.77545,3.197566,48.183567,0.0,0.0,
2020-10-27 00:00:00,304.23035,994.39813,2.846395,42.16468,0.0,0.0,
2020-10-27 01:00:00,306.15747,994.15125,2.6658788,36.67174,0.0,0.0,
2020-10-27 02:00:00,308.06067,993.50354,2.7012374,31.561396,0.0,0.0,
2020-10-27 03:00:00,309.7287,992.2784,2.5161943,26.818314,0.0,0.0,
2020-10-27 04:00:00,310.9662,991.2174,2.0754926,22.965725,0.0,0.0,
2020-10-27 05:00:00,311.6222,990.18256,1.4261138,19.889683,0.0,0.0,
2020-10-27 06:00:00,311.84744,989.46454,1.2608345,18.067265,0.0,0.0,
2020-10-27 07:00:00,312.24097,989.118,0.6627524,14.931748,0.0,0.0,
2020-10-27 08:00:00,311.98297,989.09534,0.29484722,14.761708,0.0,0.0,
2020-10-27 09:00:00,311.67572,989.392,0.5114865,14.816177,0.0,0.0,
2020-10-27 10:00:00,311.18695,990.4345,0.81267136,15.172969,0.0,0.0,
2020-10-27 11:00:00,310.56628,991.3184,1.3344555,16.084719,0.0,0.17,
2020-10-27 12:00:00,309.27692,992.0631,1.3216907,19.193354,0.0,1.3599999,
2020-10-27 13:00:00,307.58502,992.90765,5.217909,25.464968,0.0,1.86,
2020-10-27 14:00:00,305.4253,993.9333,7.456625,42.465317,0.0,1.6099999,
2020-10-27 15:00:00,304.13153,993.9447,6.3713937,48.97894,0.0,0.0,
2020-10-27 16:00:00,303.46863,993.5625,5.385601,50.765068,0.0,0.0,
2020-10-27 17:00:00,303.03717,993.2378,4.3887777,51.511364,0.0,0.0,
2020-10-27 18:00:00,302.6208,993.29126,3.4474561,52.488388,0.0,0.0,
2020-10-27 19:00:00,301.71338,994.3733,3.6144676,56.604015,0.0,0.0,
2020-10-27 20:00:00,301.37518,994.6766,4.44185,57.98626,0.0,0.0,
2020-10-27 21:00:00,301.1114,995.54193,3.816945,58.716267,0.0,0.0,
2020-10-27 22:00:00,301.2541,996.79956,3.0770607,58.518826,0.0,0.0,
2020-10-27 23:00:00,302.0677,997.9504,2.6126382,55.739605,0.0,0.0,
2020-10-28 00:00:00,303.4284,998.1394,2.0409446,50.542088,0.0,0.0,
2020-10-28 01:00:00,304.7171,997.8191,1.3612646,45.422997,0.0,0.0,
2020-10-28 02:00:00,306.38013,996.9249,0.81963474,39.34322,0.0,0.0,
2020-10-28 03:00:00,308.04596,995.9218,1.1888189,34.085083,0.020556152,0.0,
2020-10-28 04:00:00,309.22137,994.86206,1.8854846,30.39146,0.012397766,0.0,
2020-10-28 05:00:00,309.99854,993.7748,2.366862,27.710474,0.0038295984,0.0,
2020-10-28 06:00:00,310.67484,992.7355,2.764735,24.99929,0.0,0.0,
2020-10-28 07:00:00,311.98322,991.7196,2.6745293,22.203712,0.0,0.0,
2020-10-28 08:00:00,311.67523,991.33124,3.038283,22.190567,0.0,0.14999999,
2020-10-28 09:00:00,310.3896,991.8086,4.046971,23.818327,0.015825033,0.0,
2020-10-28 10:00:00,309.471,993.09674,4.2500157,25.059309,0.0,0.21,
2020-10-28 11:00:00,309.3745,993.98334,2.9022295,25.083202,0.002771616,0.19999999,
2020-10-28 12:00:00,308.7392,994.9646,1.7439307,26.59786,0.023826957,0.35999998,
2020-10-28 13:00:00,307.5011,995.7356,2.7903059,29.327467,0.04643202,0.0,
2020-10-28 14:00:00,306.5809,996.2566,1.883589,30.970625,0.012874603,0.0,
2020-10-28 15:00:00,305.7055,995.6828,1.0581795,33.46247,0.0,0.0,
2020-10-28 16:00:00,304.9968,995.02673,1.8350935,34.79657,0.0,0.19,
2020-10-28 17:00:00,304.12585,994.45374,3.1174996,38.167152,0.0,0.0,
2020-10-28 18:00:00,303.32895,994.1406,3.4408214,42.338528,0.0,0.0,
2020-10-28 19:00:00,302.6335,994.7229,3.3496537,52.229076,0.006020069,0.0,
2020-10-28 20:00:00,301.9084,995.07526,4.266529,57.462574,0.0,0.0,
2020-10-28 21:00:00,301.43115,995.5861,4.3823204,61.09706,0.0,0.0,
2020-10-28 22:00:00,301.72327,996.48584,3.5059505,60.538315,0.0,0.0,
2020-10-28 23:00:00,303.13257,997.144,2.624064,54.643227,0.0,0.0,
2020-10-29 00:00:00,304.81366,997.49414,2.159729,47.744583,0.14540553,0.0,
2020-10-29 01:00:00,306.4687,996.96295,1.6971362,41.195316,0.0,0.0,
2020-10-29 02:00:00,307.65808,996.2085,1.0160817,35.66865,0.037185848,0.0,
2020-10-29 03:00:00,309.18063,995.10236,0.89403677,30.426783,0.024367124,0.0,
2020-10-29 04:00:00,310.41235,993.9975,1.3478209,26.660442,0.017020851,0.0,
2020-10-29 05:00:00,311.23993,992.53625,1.292533,24.348791,0.0,0.0,
2020-10-29 06:00:00,311.89062,991.7458,0.9727836,22.881748,0.0,0.0,
2020-10-29 07:00:00,312.15607,990.90063,0.711371,20.621874,0.0,0.0,
2020-10-29 08:00:00,311.91736,990.7791,0.69556713,20.690971,0.0,0.0,
2020-10-29 09:00:00,311.1222,990.96515,0.56972504,21.49363,0.0,0.0,
2020-10-29 10:00:00,310.56104,991.84204,0.9541275,21.89634,0.0017210841,0.0,
2020-10-29 11:00:00,310.22626,992.7724,2.102819,22.659903,0.0017434359,0.0,
2020-10-29 12:00:00,308.90277,993.7983,0.5436635,25.590935,0.15436113,0.0,
2020-10-29 13:00:00,307.13297,994.59314,1.377694,31.227932,0.37619472,0.0,
2020-10-29 14:00:00,306.6836,994.1678,3.5970232,32.77632,0.0,0.0,
2020-10-29 15:00:00,305.56488,993.3681,4.9741063,36.875042,0.0,0.0,
2020-10-29 16:00:00,304.59357,992.8423,3.9805264,41.664745,0.0,0.0,
2020-10-29 17:00:00,303.77682,992.58185,4.3115735,45.712833,0.0,0.0,
2020-10-29 18:00:00,303.08942,992.6027,5.0176616,49.910152,0.0,0.0,
2020-10-29 19:00:00,302.7498,992.6655,3.7910106,51.917206,0.0,0.0,
2020-10-29 20:00:00,302.13782,993.1167,4.22096,54.154354,0.0,0.0,
2020-10-29 21:00:00,301.70966,993.5675,4.864079,55.851673,0.0,0.0,
2020-10-29 22:00:00,302.0094,994.26,5.1192293,55.37512,0.0,0.0,
2020-10-29 23:00:00,303.42383,994.6729,5.7468643,50.383316,0.0,0.0,
2020-10-30 00:00:00,305.44232,994.9387,5.448193,41.932888,0.61493516,0.0,
2020-10-30 01:00:00,307.522,994.48047,4.9042273,34.3084,0.0,0.0,
2020-10-30 02:00:00,309.64935,993.4989,4.4208207,27.258228,0.0,0.0,
2020-10-30 03:00:00,310.77838,992.49274,3.712623,22.362637,0.0,0.0,
2020-10-30 04:00:00,312.11737,991.288,2.899325,18.302805,0.0,0.0,
2020-10-30 05:00:00,312.7409,990.38135,2.3214,16.569584,0.0,0.0,
2020-10-30 06:00:00,313.12296,989.4446,2.1736135,15.624335,0.0,0.0,
2020-10-30 07:00:00,312.91846,988.9927,0.58615726,15.555838,0.0,0.0,
2020-10-30 08:00:00,312.67044,988.5389,0.27942228,15.4121,0.0,0.0,
2020-10-30 09:00:00,312.14056,988.8731,1.3284957,15.917688,0.04591793,0.0,
2020-10-30 10:00:00,311.6084,989.6149,2.4034228,16.793192,0.028456751,0.0,
2020-10-30 11:00:00,310.81097,990.5538,3.0276363,18.02413,0.0,0.0,
2020-10-30 12:00:00,309.4862,991.1887,3.9978356,20.724457,0.0,0.0,
2020-10-30 13:00:00,308.13483,992.2486,5.8835263,25.284185,0.0,0.0,
2020-10-30 14:00:00,307.13416,992.92065,5.9842734,29.034477,0.0,0.48999998,
2020-10-30 15:00:00,306.1956,992.7609,6.1075687,32.395744,0.0,0.82,
2020-10-30 16:00:00,305.00143,991.9886,6.1467204,39.53973,0.0,0.86,
2020-10-30 17:00:00,304.40805,991.2596,6.006471,43.045315,0.0,0.0,
2020-10-30 18:00:00,304.23712,990.8507,5.36738,40.324326,0.0,0.16,
2020-10-30 19:00:00,303.35724,990.73096,5.8917136,39.756184,0.0,0.39999998,
2020-10-30 20:00:00,303.13263,991.3019,4.9441805,33.997406,0.0,0.0,
2020-10-30 21:00:00,302.8277,991.8633,4.2232904,32.37544,0.0,2.1999998,
2020-10-30 22:00:00,303.26227,992.9442,4.2103515,30.85345,0.0,0.16,
2020-10-30 23:00:00,304.41492,993.42737,5.7341146,29.351707,0.0,0.0,
2020-10-31 00:00:00,306.24353,993.46783,5.920001,26.67506,0.07872122,0.0,
2020-10-31 01:00:00,308.31107,993.1797,5.2300415,22.05874,0.0,0.0,
2020-10-31 02:00:00,310.04486,992.0466,3.9041402,18.847565,0.0,0.0,
2020-10-31 03:00:00,311.31885,991.0728,2.554823,17.16163,0.0,0.0,
2020-10-31 04:00:00,312.12616,989.77545,1.4187235,16.049763,0.0,0.0,
2020-10-31 05:00:00,312.73465,989.003,1.3019024,15.152517,0.0,0.0,
2020-10-31 06:00:00,313.21948,988.15564,1.8238816,14.431648,0.0,0.0,
2020-10-31 07:00:00,312.967,987.73157,1.7873981,15.505039,0.0,0.0,
2020-10-31 08:00:00,312.72424,987.5591,1.7902882,15.642287,0.0,0.0,
2020-10-31 09:00:00,312.18198,987.82153,1.4158647,15.825933,0.0333488,0.0,
2020-10-31 10:00:00,311.55414,988.5243,0.7034885,16.604828,0.0,0.02,
2020-10-31 11:00:00,311.09964,989.66815,1.7433741,17.553791,0.022992492,1.38,
2020-10-31 12:00:00,310.34933,990.5541,4.1160183,18.801497,0.0047683716,2.1399999,
2020-10-31 13:00:00,309.4793,991.264,4.2015305,20.943644,0.351429,2.1399999,
2020-10-31 14:00:00,307.63437,991.5086,4.2475843,26.13314,0.0,1.28,
2020-10-31 15:00:00,306.5832,991.43964,3.8063023,30.036184,0.015765429,0.29999998,
2020-10-31 16:00:00,305.79254,991.02075,3.479698,32.182537,0.0,0.8,
2020-10-31 17:00:00,304.98764,990.59845,4.2321534,33.838116,0.025570393,1.13,
2020-10-31 18:00:00,304.59412,990.5403,5.346843,35.258938,0.0,0.38,
2020-10-31 19:00:00,303.16394,990.85046,5.987421,42.836266,0.0,0.45,
2020-10-31 20:00:00,302.37305,991.4592,5.647199,49.30226,0.0010013464,1.26,
2020-10-31 21:00:00,300.96982,992.9967,6.2188883,59.25467,0.18846989,1.0899999,
2020-10-31 22:00:00,301.1642,993.50494,5.2225924,59.833897,0.0,0.84999996,
2020-10-31 23:00:00,302.5505,994.10767,4.0425997,53.609436,0.0,0.0,
2020-11-01 00:00:00,303.89847,994.48303,3.4272704,47.75479,0.64505935,0.0,
2020-11-01 01:00:00,305.26636,994.452,3.0191765,42.301785,0.0,0.0,
2020-11-01 02:00:00,307.2317,993.606,3.1879911,35.76699,0.0,0.0,
2020-11-01 03:00:00,308.92508,992.6799,3.0490875,31.02499,0.0017881393,0.0,
2020-11-01 04:00:00,310.1889,991.67017,2.436679,27.29641,0.001706183,0.0,
2020-11-01 05:00:00,311.27063,990.9907,2.4076552,24.207224,0.0,0.0,
2020-11-01 06:00:00,311.9367,989.9947,2.3587422,22.781328,0.0042691827,0.0,
2020-11-01 07:00:00,312.34955,990.0721,3.5513163,19.089838,0.0,0.0,
2020-11-01 08:00:00,311.59247,990.0502,3.760769,19.352345,0.0,0.0,
2020-11-01 09:00:00,311.03983,990.67413,3.0973723,19.677969,0.0,0.0,
2020-11-01 10:00:00,310.4307,991.3886,2.4604256,20.503262,0.0,0.0,
2020-11-01 11:00:00,309.58264,992.27625,3.0909157,22.673546,0.0,0.0,
2020-11-01 12:00:00,308.5618,993.1188,3.3593745,25.572762,0.0,0.0,
2020-11-01 13:00:00,307.85855,993.7399,3.066981,27.813187,0.0,0.0,
2020-11-01 14:00:00,306.93793,994.6653,5.588778,30.46619,0.0,0.0,
2020-11-01 15:00:00,305.2827,994.59937,6.2001987,39.801823,0.0,0.0,
2020-11-01 16:00:00,304.14917,994.50354,4.7783585,45.767895,0.0,0.0,
2020-11-01 17:00:00,303.4054,994.20544,4.0183144,49.14381,0.0,0.0,
2020-11-01 18:00:00,302.82385,994.4631,3.810873,52.45952,0.0,0.0,
2020-11-01 19:00:00,301.30414,994.8469,3.0268202,54.95864,0.0,0.0,
2020-11-01 20:00:00,300.66638,995.1763,2.6073132,58.535934,0.0,0.0,
2020-11-01 21:00:00,300.12347,995.6287,2.2294738,61.847054,0.0,0.0,
2020-11-01 22:00:00,300.65094,996.57513,2.2335963,61.359562,0.0,0.0,
2020-11-01 23:00:00,302.5113,997.04803,2.023163,53.832077,0.0,0.0,
2020-11-02 00:00:00,304.63007,997.142,1.3164576,44.05515,0.007748604,0.0,
2020-11-02 01:00:00,306.7564,996.65643,0.887641,35.340485,0.0,0.0,
2020-11-02 02:00:00,308.76135,996.1842,0.9863647,28.420418,0.0,0.0,
2020-11-02 03:00:00,310.32715,995.2065,0.5027476,23.55244,0.0,0.0,
2020-11-02 04:00:00,310.74274,994.2566,0.67452717,21.749592,0.0,0.0,
2020-11-02 05:00:00,311.7069,993.3683,1.1540862,19.980215,0.0,0.0,
2020-11-02 06:00:00,312.26428,992.55,1.535942,19.034328,0.0,0.0,
2020-11-02 07:00:00,312.9042,991.9933,1.2647536,18.468258,0.0,0.0,
2020-11-02 08:00:00,312.7154,991.7876,1.3085715,18.634789,0.0,0.0,
2020-11-02 09:00:00,312.21033,991.7355,1.4305543,18.765524,0.0,0.0,
2020-11-02 10:00:00,311.37238,992.60266,1.5371745,20.018318,0.0,0.0,
2020-11-02 11:00:00,311.01193,993.3589,2.9258535,20.493065,0.0,0.0,
2020-11-02 12:00:00,310.30746,993.91455,3.5053673,21.61011,0.0,0.0,
2020-11-02 13:00:00,309.41364,994.2714,4.0743413,23.15914,0.0,0.0,
2020-11-02 14:00:00,308.46,994.6131,3.984765,25.1235,0.0,0.0,
2020-11-02 15:00:00,307.69867,994.8328,4.0406795,26.857319,0.0,0.0,
2020-11-02 16:00:00,307.08032,994.59326,4.476185,28.202528,0.0,0.0,
2020-11-02 17:00:00,306.37097,994.5836,5.221962,29.681385,0.0,0.0,
2020-11-02 18:00:00,305.63226,994.76733,5.3134594,30.984095,0.0,0.0,
2020-11-02 19:00:00,304.33255,995.73,3.037916,33.470173,0.0,0.0,
2020-11-02 20:00:00,303.82016,996.39264,2.9180512,34.116676,0.0,0.0,
2020-11-02 21:00:00,303.40753,996.6917,3.077134,34.542294,0.0,0.0,
2020-11-02 22:00:00,304.13797,997.5296,3.376894,32.7111,0.0,0.0,
2020-11-02 23:00:00,306.04495,997.8111,4.684198,29.010391,0.0,0.0,
2020-11-03 00:00:00,307.78558,997.95026,5.68145,25.747528,0.0,0.0,
2020-11-03 01:00:00,309.68927,997.36865,6.5120797,22.315424,0.0,0.0,
2020-11-03 02:00:00,311.12177,996.5998,6.8316107,20.191973,0.0,0.0,
2020-11-03 03:00:00,312.37915,995.2621,6.0141535,18.467989,0.0,0.0,
2020-11-03 04:00:00,312.94067,994.229,5.2358546,17.7255,0.0,0.0,
2020-11-03 05:00:00,313.38483,993.28986,4.598563,17.197954,0.0,0.0,
2020-11-03 06:00:00,313.62772,992.344,3.967815,16.836178,0.0,0.0,
2020-11-03 07:00:00,314.53806,991.53436,3.619321,15.647648,0.0,0.0,
2020-11-03 08:00:00,314.28845,991.0986,3.0377328,15.69168,0.0,0.0,
2020-11-03 09:00:00,313.6218,991.5698,2.4911573,16.005589,0.0,0.0,
2020-11-03 10:00:00,312.81934,991.682,2.06205,16.840652,0.0,0.0,
2020-11-03 11:00:00,311.79654,992.2687,3.1501908,18.15129,0.0,0.0,
2020-11-03 12:00:00,310.64893,992.71436,3.9589033,19.47795,0.0,0.0,
2020-11-03 13:00:00,309.65436,992.8081,4.2608724,20.658741,0.0,0.0,
2020-11-03 14:00:00,308.94666,993.22437,4.6049156,21.418667,0.0,0.0,
2020-11-03 15:00:00,308.21887,992.96014,4.85267,22.166855,0.0,0.0,
2020-11-03 16:00:00,307.54413,992.7619,4.860406,22.995632,0.0,0.0,
2020-11-03 17:00:00,307.12427,992.415,5.595457,23.437279,0.0,0.0,
2020-11-03 18:00:00,306.55225,992.4933,6.2233667,24.904163,0.0,0.0,
2020-11-03 19:00:00,305.76697,992.67975,6.5168624,26.679468,0.0,0.0,
2020-11-03 20:00:00,305.19803,992.9384,6.04743,27.923784,0.0,0.0,
2020-11-03 21:00:00,304.64136,993.4178,5.808301,29.331717,0.0,0.0,
2020-11-03 22:00:00,305.37445,994.32916,5.6172366,28.399696,0.0,0.0,
2020-11-03 23:00:00,307.29062,994.6217,7.6934586,24.072767,0.0,0.0,
2020-11-04 00:00:00,309.64,994.9265,8.841853,18.038836,0.0,0.0,
2020-11-04 01:00:00,312.03534,994.6944,8.830698,13.79136,0.0,0.0,
2020-11-04 02:00:00,313.9804,993.90784,7.8894095,12.126944,0.0,0.0,
2020-11-04 03:00:00,315.54993,992.7449,6.7453847,10.81755,0.0,0.0,
2020-11-04 04:00:00,316.58267,991.4707,5.7637568,9.408803,0.0,0.0,
2020-11-04 05:00:00,317.2167,990.59827,5.2811513,8.501519,0.0,0.0,
2020-11-04 06:00:00,317.53564,989.64044,5.1470222,8.053989,0.0,0.0,
2020-11-04 07:00:00,317.30237,989.3727,2.997405,8.180364,0.0,0.0,
2020-11-04 08:00:00,317.12933,989.0212,2.8630178,8.016343,0.0,0.0,
2020-11-04 09:00:00,316.62817,989.33826,2.6344616,8.012332,0.0,0.0,
2020-11-04 10:00:00,315.44183,989.771,1.8396679,8.541315,0.0,0.0,
2020-11-04 11:00:00,313.97095,990.28516,1.9898764,9.400686,0.0,0.0,
2020-11-04 12:00:00,312.15396,990.61896,2.6866755,10.421903,0.0,0.0,
2020-11-04 13:00:00,310.54456,991.02545,3.4291565,11.203667,0.0,0.0,
2020-11-04 14:00:00,309.55884,991.4216,3.9064314,11.694964,0.0,0.0,
2020-11-04 15:00:00,308.55035,991.1089,4.110856,12.321616,0.0,0.0,
2020-11-04 16:00:00,307.4364,990.84906,4.194167,13.436553,0.0,0.0,
2020-11-04 17:00:00,306.44116,990.50903,4.409943,16.229939,0.0,0.0,
2020-11-04 18:00:00,305.57523,990.4715,4.375871,23.826714,0.0,0.0,
2020-11-04 19:00:00,304.17853,991.23267,0.8048112,19.01458,0.0,0.0,
2020-11-04 20:00:00,302.4073,991.6439,1.5973525,22.32063,0.0,0.0,
2020-11-04 21:00:00,301.41632,991.9377,2.0970905,24.21591,0.0,0.0,
2020-11-04 22:00:00,301.92847,992.7286,1.5038385,25.226078,0.0,0.0,
2020-11-04 23:00:00,305.03986,993.5731,2.428971,22.170847,0.0,0.0,
2020-11-05 00:00:00,307.08917,993.7085,2.8990505,22.103796,0.0017285346,0.0,
2020-11-05 01:00:00,309.40326,993.61346,2.9981012,21.230307,0.0,0.0,
2020-11-05 02:00:00,311.74316,992.83234,2.8453877,19.236889,0.0,0.0,
2020-11-05 03:00:00,313.9403,991.73987,2.9823196,16.726948,0.0,0.0,
2020-11-05 04:00:00,315.6078,990.9423,3.730009,13.594604,0.0,0.0,
2020-11-05 05:00:00,316.3313,989.9782,4.3941007,11.807308,0.0,0.0,
2020-11-05 06:00:00,316.47183,989.2609,4.056715,11.5792465,0.0,0.0,
2020-11-05 07:00:00,316.08575,989.1217,2.4540632,12.731812,0.0,0.0,
2020-11-05 08:00:00,315.77982,988.92444,2.057905,12.823251,0.0,0.0,
2020-11-05 09:00:00,315.2787,989.16034,1.4274962,13.166915,0.0,0.0,
2020-11-05 10:00:00,314.2489,990.0948,1.5790428,14.178686,0.0,0.0,
2020-11-05 11:00:00,313.52283,990.9328,2.4326062,14.836393,0.029072165,0.0,
2020-11-05 12:00:00,312.61273,991.342,2.9322298,15.677261,0.0,0.0,
2020-11-05 13:00:00,311.07147,991.93445,1.7616081,17.466932,0.0017136335,0.0,
2020-11-05 14:00:00,309.16858,992.085,3.372948,23.6648,0.0,0.0,
2020-11-05 15:00:00,306.89532,992.1262,5.1588607,37.95871,0.0,0.0,
2020-11-05 16:00:00,304.88593,992.15326,5.5266514,49.78032,0.0,0.0,
2020-11-05 17:00:00,303.64008,992.29407,6.500963,56.809288,0.0,0.0,
2020-11-05 18:00:00,302.83426,992.5999,5.6435685,59.232117,0.0,0.0,
2020-11-05 19:00:00,302.08975,992.47986,5.3379116,61.605793,0.0,0.0,
2020-11-05 20:00:00,301.52054,993.1664,4.601406,65.333305,0.0,0.0,
2020-11-05 21:00:00,301.02582,993.5656,3.987676,68.89166,0.0,0.0,
2020-11-05 22:00:00,301.54803,994.5147,4.422671,67.07887,0.0,0.0,
2020-11-05 23:00:00,303.17938,995.12805,4.5201864,58.300262,0.0,0.0,
2020-11-06 00:00:00,305.5899,995.34644,4.806023,46.718876,0.030785799,0.0,
2020-11-06 01:00:00,308.466,995.0815,5.352864,34.71521,0.0,0.0,
2020-11-06 02:00:00,311.08398,993.96643,5.8917756,26.120356,0.0,0.0,
2020-11-06 03:00:00,312.6811,992.8027,6.1621737,21.882784,0.027827919,0.0,
2020-11-06 04:00:00,313.94534,991.78394,5.578662,19.104368,0.023424625,0.0,
2020-11-06 05:00:00,314.64767,990.8683,4.6641645,17.963501,0.0034049153,0.0,
2020-11-06 06:00:00,314.54108,989.90717,4.2660604,18.179108,0.0,0.0,
2020-11-06 07:00:00,315.1836,989.1892,4.137154,16.519287,0.0,0.0,
2020-11-06 08:00:00,314.3831,989.0847,3.736804,17.554346,0.0100582875,0.96999997,
2020-11-06 09:00:00,312.89197,989.87836,3.289008,19.736408,0.35493076,2.25,
2020-11-06 10:00:00,310.27512,991.47546,7.4799533,26.279331,0.13589859,1.25,
2020-11-06 11:00:00,307.78607,993.16797,7.228644,32.876297,0.025823712,0.0,
2020-11-06 12:00:00,307.3981,993.8053,3.393064,33.907246,0.06992521,0.0,
2020-11-06 13:00:00,306.34253,993.8424,4.03721,37.41517,0.12382323,0.0,
2020-11-06 14:00:00,305.47342,993.72125,3.9526985,40.571762,0.015264202,0.11,
2020-11-06 15:00:00,305.0726,993.64594,2.607442,41.753384,0.0,2.04,
2020-11-06 16:00:00,304.52917,993.52716,1.8182187,44.45284,0.0,3.28,
2020-11-06 17:00:00,303.9334,993.2893,1.9706324,46.94029,0.0,2.8,
2020-11-06 18:00:00,303.30328,993.27325,2.3678217,48.737026,0.0,1.48,
2020-11-06 19:00:00,299.64227,994.3524,5.5484133,60.704857,0.0,0.29,
2020-11-06 20:00:00,299.39197,994.90515,5.020536,60.136497,0.0,0.08,
2020-11-06 21:00:00,299.06842,995.5466,4.390696,60.30727,0.0,0.13,
2020-11-06 22:00:00,299.6167,996.4307,5.1568284,57.101387,0.0,0.0,
2020-11-06 23:00:00,301.37988,996.82947,5.7146606,50.927116,0.0,0.0,
2020-11-07 00:00:00,303.74615,996.7048,6.1410785,44.01318,0.7938755,0.0,
2020-11-07 01:00:00,306.2523,996.2349,6.220345,37.582954,0.0,0.0,
2020-11-07 02:00:00,308.1454,995.1669,5.489711,33.10903,0.0,0.0,
2020-11-07 03:00:00,309.7061,994.1986,4.5767937,29.009459,0.010557473,0.0,
2020-11-07 04:00:00,310.77594,993.03485,3.6882873,26.374609,0.03348291,0.0,
2020-11-07 05:00:00,311.41034,992.0857,2.8171165,24.552277,0.031851232,0.0,
2020-11-07 06:00:00,311.81067,990.7586,1.812297,23.074038,0.009804964,0.0,
2020-11-07 07:00:00,312.1048,990.2315,1.4468572,21.580383,0.0,0.0,
2020-11-07 08:00:00,312.07068,989.5761,2.2550378,20.072193,0.0,0.0,
2020-11-07 09:00:00,311.8106,989.78033,2.2389202,19.966118,0.0,0.0,
2020-11-07 10:00:00,311.18903,990.26624,1.1504525,19.73425,0.0,0.0,
2020-11-07 11:00:00,310.71973,991.20514,1.1893142,20.546114,0.0,0.0,
2020-11-07 12:00:00,309.4734,991.9589,1.442818,22.7566,0.0,0.0,
2020-11-07 13:00:00,308.34897,992.66077,1.3030292,26.766888,0.0,0.0,
2020-11-07 14:00:00,307.3573,993.093,2.0518434,28.796232,0.0,0.03,
2020-11-07 15:00:00,306.21747,992.37775,2.1624565,32.28695,0.0,0.48,
2020-11-07 16:00:00,305.2984,992.15155,2.0874145,34.546318,0.0,1.45,
2020-11-07 17:00:00,304.49622,991.71155,2.5909593,36.385674,0.0,0.61,
2020-11-07 18:00:00,303.61932,991.7595,3.1744313,41.061295,0.0,0.099999994,
2020-11-07 19:00:00,302.62042,992.46655,2.49425,40.78981,0.0,0.11,
2020-11-07 20:00:00,301.92227,993.28815,2.1911132,44.589382,0.0,0.0,
2020-11-07 21:00:00,301.30286,993.6211,1.795645,48.26483,0.0,0.0,
2020-11-07 22:00:00,301.9333,994.47546,1.6734618,48.215,0.0,0.0,
2020-11-07 23:00:00,303.35138,995.0563,1.4018232,44.680653,0.0,0.0,
2020-11-08 00:00:00,305.23224,994.84015,0.87632823,37.968834,0.08827448,0.0,
2020-11-08 01:00:00,307.0146,994.5988,0.31531876,31.995026,0.0,0.0,
2020-11-08 02:00:00,308.88516,993.863,1.0309985,27.15735,0.0,0.0,
2020-11-08 03:00:00,310.3875,992.8972,1.7321901,24.011679,0.0,0.0,
2020-11-08 04:00:00,311.55597,991.6125,1.7172201,22.052845,0.0,0.0,
2020-11-08 05:00:00,312.4107,990.70166,1.3761832,20.700487,0.0,0.0,
2020-11-08 06:00:00,312.88852,989.7006,0.92645526,19.751457,0.0,0.0,
2020-11-08 07:00:00,313.42896,989.3425,1.4181559,17.380411,0.0,0.0,
2020-11-08 08:00:00,313.29797,989.0352,1.228227,17.326324,0.0,0.0,
2020-11-08 09:00:00,312.5664,989.71655,2.0559847,17.914476,0.0,0.0,
2020-11-08 10:00:00,311.46954,990.57983,2.4924064,19.59247,0.0,0.0,
2020-11-08 11:00:00,311.05475,991.1138,2.2156007,20.091993,0.0,0.0,
2020-11-08 12:00:00,310.47998,991.50806,2.8289237,20.951744,0.0,0.0,
2020-11-08 13:00:00,309.82117,991.88586,2.938225,21.89351,0.0,0.0,
2020-11-08 14:00:00,309.20172,992.33704,3.1852915,23.011387,0.0,0.0,
2020-11-08 15:00:00,308.1536,992.0793,4.2750926,25.18301,0.0,0.0,
2020-11-08 16:00:00,306.39923,992.20874,5.766009,33.243145,0.056400895,1.5699999,
2020-11-08 17:00:00,304.95917,992.1319,5.8939133,42.26214,0.014051795,1.3299999,
2020-11-08 18:00:00,304.33575,992.022,5.4898915,46.97265,0.0,0.53999996,
2020-11-08 19:00:00,303.23996,992.61487,5.0892744,51.21014,0.0,0.0,
2020-11-08 20:00:00,302.5932,993.2964,4.1893525,54.150425,0.0,0.12,
2020-11-08 21:00:00,302.04803,993.89825,3.4579296,56.394833,0.0,0.40999997,
2020-11-08 22:00:00,302.5221,994.6808,3.6382833,54.145344,0.0,0.16,
2020-11-08 23:00:00,304.2374,995.21576,4.0796423,46.787853,0.0,0.049999997,
2020-11-09 00:00:00,306.8943,995.1626,4.8140273,36.466644,0.07224083,0.0,
2020-11-09 01:00:00,308.83887,994.5924,5.2900667,29.92408,0.0,0.0,
2020-11-09 02:00:00,310.73914,993.7271,5.0995855,24.713974,0.0,0.0,
2020-11-09 03:00:00,311.99567,992.5101,4.043077,21.354017,0.0,0.0,
2020-11-09 04:00:00,312.46774,991.6442,2.4208205,19.680296,0.0,0.0,
2020-11-09 05:00:00,312.60693,990.84656,1.4478813,18.91958,0.0,0.0,
2020-11-09 06:00:00,313.1775,990.16095,1.3332392,17.999905,0.0,0.0,
2020-11-09 07:00:00,313.6178,989.75635,1.5755043,16.374353,0.0,0.0,
2020-11-09 08:00:00,313.14914,989.61346,1.1534961,16.835005,0.0,0.0,
2020-11-09 09:00:00,312.53778,990.15674,0.7361952,17.34434,0.0,0.0,
2020-11-09 10:00:00,312.17377,990.9353,0.3932691,17.67458,0.0,0.0,
2020-11-09 11:00:00,311.9372,991.3081,1.1508999,17.974543,0.0,0.0,
2020-11-09 12:00:00,311.33698,991.6639,1.8295482,18.852272,0.0,0.0,
2020-11-09 13:00:00,310.35968,991.9203,2.248799,20.138021,0.0,0.0,
2020-11-09 14:00:00,309.59778,991.98456,2.228346,21.201221,0.0,0.0,
2020-11-09 15:00:00,308.6651,991.3564,2.4915705,22.454885,0.0,0.0,
2020-11-09 16:00:00,308.10202,990.9917,3.238388,23.276728,0.0,0.0,
2020-11-09 17:00:00,307.354,990.4872,4.863716,25.06932,0.0,0.0,
2020-11-09 18:00:00,306.35446,990.43555,6.0905075,30.396843,0.0,0.0,
2020-11-09 19:00:00,304.68787,990.9048,5.6271915,37.042965,0.0,0.0,
2020-11-09 20:00:00,303.8738,991.6881,4.48983,38.88358,0.0,0.0,
2020-11-09 21:00:00,303.38116,992.66956,3.9794798,40.164314,0.0,0.0,
2020-11-09 22:00:00,303.84644,993.8056,4.260734,39.6103,0.0,0.0,
2020-11-09 23:00:00,305.3409,994.28107,4.8121595,33.476395,0.0,0.0,
2020-11-10 00:00:00,307.25244,994.4422,4.382836,27.300018,0.002378225,0.0,
2020-11-10 01:00:00,309.28802,994.2503,3.9843485,22.257849,0.0,0.0,
2020-11-10 02:00:00,311.20227,993.48236,3.9650521,18.281239,0.0,0.0,
2020-11-10 03:00:00,312.72607,992.5729,3.8848808,15.889284,0.0,0.0,
2020-11-10 04:00:00,313.67627,991.447,3.3807094,14.901352,0.0,0.0,
2020-11-10 05:00:00,314.23627,990.5266,2.7980883,14.615299,0.0,0.0,
2020-11-10 06:00:00,314.50153,989.79517,2.418568,14.254936,0.0,0.0,
2020-11-10 07:00:00,314.68228,989.2844,2.2929614,12.434678,0.0,0.0,
2020-11-10 08:00:00,314.4305,989.10876,2.268567,12.51321,0.0,0.0,
2020-11-10 09:00:00,314.10016,989.3232,2.322504,12.623334,0.0,0.0,
2020-11-10 10:00:00,313.567,989.9431,2.2204797,12.912674,0.0,0.0,
2020-11-10 11:00:00,312.8922,990.59674,2.383306,13.524464,0.0,0.0,
2020-11-10 12:00:00,311.72525,991.057,2.854317,14.6014805,0.0,0.0,
2020-11-10 13:00:00,310.81772,991.50586,3.2329824,15.606883,0.0,0.0,
2020-11-10 14:00:00,309.82504,991.6797,3.6450458,16.795002,0.0,0.0,
2020-11-10 15:00:00,308.7292,991.8279,6.0986023,19.479355,0.0,0.42,
2020-11-10 16:00:00,306.56668,991.78094,7.896207,32.06454,0.0,0.14999999,
2020-11-10 17:00:00,305.6595,991.72064,6.6298575,36.388893,0.0,0.0,
2020-11-10 18:00:00,305.1593,991.78827,6.026885,36.205894,0.0,0.0,
2020-11-10 19:00:00,303.34808,992.4757,5.7338114,44.628815,0.0,0.0,
2020-11-10 20:00:00,302.85504,993.323,5.206267,46.801666,0.0,0.0,
2020-11-10 21:00:00,302.25552,994.03204,4.705893,49.064358,0.0,0.0,
2020-11-10 22:00:00,302.90726,994.8862,4.9142637,47.433884,0.0,0.0,
2020-11-10 23:00:00,305.2833,995.64374,5.3633842,37.876522,0.0,0.0,
2020-11-11 00:00:00,307.84003,995.3295,5.278403,27.26585,0.0017123355,0.0,
2020-11-11 01:00:00,309.97266,994.98517,5.1102986,21.684248,0.0,0.0,
2020-11-11 02:00:00,311.9555,994.3055,4.799505,17.609781,0.0,0.0,
2020-11-11 03:00:00,313.73257,993.1906,4.600697,14.252045,0.0,0.0,
2020-11-11 04:00:00,314.93628,992.052,4.2392163,12.370496,0.0,0.0,
2020-11-11 05:00:00,315.61395,991.3379,3.463353,11.712203,0.0,0.0,
2020-11-11 06:00:00,315.91476,990.23486,2.7319965,11.443397,0.0,0.0,
2020-11-11 07:00:00,315.79446,989.698,1.0818306,11.507932,0.0,0.0,
2020-11-11 08:00:00,315.66376,989.23663,1.2596444,11.540408,0.0,0.0,
2020-11-11 09:00:00,315.5161,989.5315,1.7877558,11.67781,0.0,0.0,
2020-11-11 10:00:00,315.18973,990.1266,2.8413866,11.850051,0.0,0.0,
2020-11-11 11:00:00,314.18243,990.9735,3.1702282,12.644811,0.0,0.0,
2020-11-11 12:00:00,313.5203,991.59326,3.207893,13.176547,0.0,0.0,
2020-11-11 13:00:00,312.32233,992.1238,3.3091292,14.090781,0.0,0.0,
2020-11-11 14:00:00,310.52066,992.8053,7.438633,18.50975,0.0,0.0,
2020-11-11 15:00:00,305.30942,992.8418,9.889446,46.315678,0.0,0.0,
2020-11-11 16:00:00,304.46643,992.4832,8.319769,49.35633,0.0,0.0,
2020-11-11 17:00:00,304.22388,992.3699,7.30512,47.222267,0.0,0.0,
2020-11-11 18:00:00,303.69278,992.0874,6.4177394,47.10801,0.0,0.0,
2020-11-11 19:00:00,302.69824,992.79205,5.1609263,50.464676,0.0,0.0,
2020-11-11 20:00:00,302.18536,993.21783,4.3682265,52.432926,0.0,0.0,
2020-11-11 21:00:00,301.70886,994.0158,3.9186888,54.19519,0.0,0.0,
2020-11-11 22:00:00,302.3929,994.5734,4.349041,52.203674,0.0,0.0,
2020-11-11 23:00:00,304.6435,995.10626,4.9602256,42.912403,0.0,0.0,
2020-11-12 00:00:00,307.33447,994.7286,4.6189513,31.830635,0.0,0.0,
2020-11-12 01:00:00,309.9448,994.0503,3.7417169,23.915915,0.0,0.0,
2020-11-12 02:00:00,312.1385,993.1116,2.6646674,18.341904,0.0,0.0,
2020-11-12 03:00:00,313.91864,991.98065,2.485893,14.820102,0.0,0.0,
2020-11-12 04:00:00,315.22278,991.0033,2.6243725,12.761725,0.0,0.0,
2020-11-12 05:00:00,315.92386,989.8627,2.5121205,11.773621,0.0,0.0,
2020-11-12 06:00:00,316.4026,988.98206,2.5199971,11.104958,0.0,0.0,
2020-11-12 07:00:00,316.57037,988.47314,2.7526703,10.29255,0.0,0.0,
2020-11-12 08:00:00,316.219,988.10834,3.1343617,10.260148,0.0,0.0,
2020-11-12 09:00:00,315.78177,988.5048,3.3447664,10.369881,0.0,0.0,
2020-11-12 10:00:00,315.01813,989.11017,2.7756083,10.791562,0.0,0.0,
2020-11-12 11:00:00,313.9886,989.76807,2.5988674,11.520403,0.0,0.0,
2020-11-12 12:00:00,312.75702,989.91815,2.684238,12.433154,0.0,0.0,
2020-11-12 13:00:00,311.48123,989.9241,3.015306,13.435194,0.0,0.0,
2020-11-12 14:00:00,310.26874,989.7877,3.669885,14.38471,0.0,0.0,
2020-11-12 15:00:00,309.24808,989.152,3.6206129,15.184702,0.0,0.0,
2020-11-12 16:00:00,307.79514,988.8247,4.497206,18.393122,0.0,0.0,
2020-11-12 17:00:00,306.53122,988.67596,5.7660694,24.896608,0.0,0.0,
2020-11-12 18:00:00,305.90143,988.423,5.9139643,26.802687,0.0,0.0,
2020-11-12 19:00:00,305.00986,989.34937,5.7428403,28.592485,0.0,0.0,
2020-11-12 20:00:00,304.60297,989.71936,4.5479527,28.44443,0.0,0.0,
2020-11-12 21:00:00,303.76273,990.6816,4.051664,30.174553,0.0,0.0,
2020-11-12 22:00:00,304.37903,991.5012,4.14976,29.845747,0.0,0.0,
2020-11-12 23:00:00,306.37357,992.04315,4.9256997,26.604769,0.0,0.0,
2020-11-13 00:00:00,308.49585,992.02954,4.8225346,22.335335,0.0,0.0,
2020-11-13 01:00:00,310.82892,991.5675,4.997889,18.191092,0.0,0.0,
2020-11-13 02:00:00,313.02917,990.7219,5.302749,14.878895,0.0,0.0,
2020-11-13 03:00:00,314.9757,989.39374,5.4277115,12.233341,0.0,0.0,
2020-11-13 04:00:00,316.3905,988.15015,4.981939,10.642938,0.0,0.0,
2020-11-13 05:00:00,317.11136,986.9955,4.078044,9.892855,0.0,0.0,
2020-11-13 06:00:00,317.3301,985.9219,2.9903045,9.251174,0.0,0.0,
2020-11-13 07:00:00,317.05966,985.15656,1.0842484,9.149718,0.0,0.0,
2020-11-13 08:00:00,316.68726,985.04236,0.42899957,9.106705,0.0,0.0,
2020-11-13 09:00:00,316.38776,985.3025,0.19083235,9.098686,0.0,0.0,
2020-11-13 10:00:00,315.92258,986.2296,0.9606975,9.33762,0.0,0.0,
2020-11-13 11:00:00,314.88055,986.6772,1.7356579,10.211381,0.0,0.0,
2020-11-13 12:00:00,313.17062,987.1852,2.550579,11.594703,0.0,0.0,
2020-11-13 13:00:00,311.45917,987.94946,5.2584786,13.723787,0.0,0.0,
2020-11-13 14:00:00,308.4687,988.72424,8.905138,31.157213,0.0,0.0,
2020-11-13 15:00:00,307.39893,988.3806,8.05792,36.45325,0.0,0.0,
2020-11-13 16:00:00,307.3075,987.96814,7.34788,32.800064,0.0,0.0,
2020-11-13 17:00:00,306.8865,987.3148,6.969295,30.60193,0.0,0.0,
2020-11-13 18:00:00,306.1623,987.16815,6.5042725,30.513412,0.0,0.0,
2020-11-13 19:00:00,305.1278,988.02075,5.2013516,32.073627,0.0,0.0,
2020-11-13 20:00:00,304.2669,988.53076,4.977812,33.243507,0.0,0.0,
2020-11-13 21:00:00,303.4867,989.31006,4.5292583,34.416542,0.0,0.0,
2020-11-13 22:00:00,304.17596,990.3734,4.339928,32.918133,0.0,0.0,
2020-11-13 23:00:00,306.01776,991.21857,4.911437,28.176514,0.0,0.0,
2020-11-14 00:00:00,307.91595,991.3773,4.7642198,23.88537,0.0,0.0,
2020-11-14 01:00:00,309.9746,991.33813,4.74041,20.256634,0.0,0.0,
2020-11-14 02:00:00,312.05493,990.64044,4.7844734,17.09725,0.0,0.0,
2020-11-14 03:00:00,314.0571,989.7685,5.0046954,14.448078,0.0,0.0,
2020-11-14 04:00:00,315.5376,988.4729,4.8119397,12.724386,0.0,0.0,
2020-11-14 05:00:00,316.1088,987.7383,3.7364054,11.934812,0.0,0.0,
2020-11-14 06:00:00,315.92987,986.7782,2.7565029,11.803374,0.0,0.0,
2020-11-14 07:00:00,316.29565,986.1482,2.548484,11.302424,0.0,0.0,
2020-11-14 08:00:00,315.79227,986.0784,1.7503082,11.536694,0.0,0.0,
2020-11-14 09:00:00,315.54645,986.3656,1.7243851,11.573911,0.0,0.0,
2020-11-14 10:00:00,314.82324,986.97797,2.3212059,12.1034975,0.0,0.0,
2020-11-14 11:00:00,313.44946,987.82654,3.417134,13.37574,0.0,0.0,
2020-11-14 12:00:00,312.09424,988.41205,4.762005,14.988974,0.0,0.0,
2020-11-14 13:00:00,311.08118,988.91266,5.9753313,17.285055,0.0,0.0,
2020-11-14 14:00:00,309.50378,989.35596,7.0501914,23.49668,0.0,0.0,
2020-11-14 15:00:00,308.08557,989.2018,7.5970635,31.51538,0.0,0.0,
2020-11-14 16:00:00,307.1488,988.97034,6.534899,34.64924,0.0,0.0,
2020-11-14 17:00:00,306.36502,988.84174,5.4293547,34.76612,0.0,0.0,
2020-11-14 18:00:00,305.56555,988.90375,4.5978823,34.923737,0.0,0.0,
2020-11-14 19:00:00,303.87744,990.0097,4.9351964,47.426598,0.0,0.0,
2020-11-14 20:00:00,303.28082,990.5128,4.929624,49.334305,0.0,0.0,
2020-11-14 21:00:00,302.75,991.58484,4.645206,50.8519,0.0,0.0,
2020-11-14 22:00:00,303.07678,992.5697,4.847672,49.21756,0.0,0.0,
2020-11-14 23:00:00,304.72076,993.40845,4.7281528,40.950798,0.0,0.0,
2020-11-15 00:00:00,306.30423,993.8686,4.004366,33.844116,0.0,0.0,
2020-11-15 01:00:00,306.97903,994.2547,3.3855474,31.278091,0.0,0.0,
2020-11-15 02:00:00,308.69257,994.1127,3.1138728,27.483564,0.0,0.07,
2020-11-15 03:00:00,310.48773,993.28906,2.7311878,23.86503,0.0,0.0,
2020-11-15 04:00:00,312.42914,992.28845,2.6171868,20.430637,0.0,0.0,
2020-11-15 05:00:00,313.83624,991.27264,2.9064617,17.917995,0.0,0.0,
2020-11-15 06:00:00,314.57504,989.96405,3.0880127,16.26022,0.0,0.0,
2020-11-15 07:00:00,314.82007,989.92236,2.9396229,14.917491,0.0,0.0,
2020-11-15 08:00:00,314.60507,989.53955,3.6642535,14.992883,0.0,0.0,
2020-11-15 09:00:00,313.2042,990.1994,3.8391714,16.46678,0.005953014,0.0,
2020-11-15 10:00:00,312.31693,990.8123,3.2485845,17.785433,0.0,0.0,
2020-11-15 11:00:00,311.88953,991.4945,2.6611629,17.990673,0.0,0.0,
2020-11-15 12:00:00,310.87756,991.9316,4.1170635,19.179274,0.0,0.0,
2020-11-15 13:00:00,309.07965,992.34485,6.5100517,26.112476,0.0,0.0,
2020-11-15 14:00:00,307.22107,992.5824,6.28135,34.76866,0.0,0.59999996,
2020-11-15 15:00:00,306.1538,992.27563,5.484019,39.512825,0.0,0.14,
2020-11-15 16:00:00,305.3551,991.72345,4.888239,42.8726,0.0,0.0,
2020-11-15 17:00:00,304.64017,991.3267,4.171531,46.144894,0.0,0.0,
2020-11-15 18:00:00,303.97247,991.22766,3.2581258,49.327755,0.0,0.11,
2020-11-15 19:00:00,303.86108,992.3789,0.35045627,53.060936,0.0,0.0,
2020-11-15 20:00:00,303.3188,993.0076,0.6460214,55.283283,0.0,0.0,
2020-11-15 21:00:00,303.02518,993.5466,0.7331258,56.404922,0.0,0.0,
2020-11-15 22:00:00,303.8387,994.0505,2.0520325,53.725327,0.0,0.0,
2020-11-15 23:00:00,305.65112,994.3778,2.8946402,46.94611,0.0,0.0,
2020-11-16 00:00:00,308.03885,994.28265,3.3787262,36.360435,0.008961619,0.0,
2020-11-16 01:00:00,310.52856,993.91174,3.6852493,26.834637,0.0,0.0,
2020-11-16 02:00:00,312.60773,993.2363,3.0298622,20.860611,0.0,0.0,
2020-11-16 03:00:00,313.98212,992.33154,1.562027,17.399519,0.0,0.0,
2020-11-16 04:00:00,315.33673,991.25946,2.467913,15.132157,0.0,0.0,
2020-11-16 05:00:00,316.4812,990.1372,4.453484,14.449416,0.0,0.0,
2020-11-16 06:00:00,314.50378,990.5547,7.782073,16.915052,0.0,0.0,
2020-11-16 07:00:00,312.46964,990.09326,1.9678823,19.82915,0.0,0.0,
2020-11-16 08:00:00,313.18625,989.7317,2.2597475,18.041012,0.0,0.17999999,
2020-11-16 09:00:00,312.89606,990.4139,2.2685208,18.341042,0.0,0.0,
2020-11-16 10:00:00,311.74188,991.4861,5.803872,20.894081,0.0,0.0,
2020-11-16 11:00:00,309.79834,992.2785,5.687391,26.400589,0.0,0.07,
2020-11-16 12:00:00,309.0196,992.5475,3.5808098,28.099186,0.0,1.55,
2020-11-16 13:00:00,308.56726,992.77924,1.70957,28.99346,0.0,0.75,
2020-11-16 14:00:00,308.07965,992.70087,1.4970589,29.982843,0.0,0.03,
2020-11-16 15:00:00,307.3423,992.46625,0.75304,33.015617,0.0,0.88,
2020-11-16 16:00:00,306.51047,992.01733,1.503946,33.652477,0.0,0.62,
2020-11-16 17:00:00,305.94772,991.6905,1.6999917,34.454117,0.015437603,0.38,
2020-11-16 18:00:00,305.70523,991.4226,1.0778071,35.174095,0.030413268,1.14,
2020-11-16 19:00:00,305.71765,991.91956,2.6236434,33.338238,0.0,0.35999998,
2020-11-16 20:00:00,305.18298,992.1768,4.739786,32.0362,0.0,0.0,
2020-11-16 21:00:00,304.688,992.65845,7.0877404,32.742012,0.0,0.0,
2020-11-16 22:00:00,304.46338,993.46906,7.498182,36.811047,0.0,0.0,
2020-11-16 23:00:00,304.88232,994.4016,7.9342475,38.0276,0.055593777,0.0,
2020-11-17 00:00:00,306.34583,994.84033,7.6363096,35.22219,0.103615165,0.0,
2020-11-17 01:00:00,308.22318,994.61487,7.452985,31.2175,0.0,0.0,
2020-11-17 02:00:00,309.34274,994.4352,7.6021857,29.164297,0.0,0.0,
2020-11-17 03:00:00,310.05835,994.0313,6.857687,26.524797,0.39586425,0.02,
2020-11-17 04:00:00,309.05774,993.44037,6.715251,30.797234,0.14811754,0.0,
2020-11-17 05:00:00,308.37445,992.914,7.080392,33.23925,0.13270974,0.06,
2020-11-17 06:00:00,308.36774,992.1241,6.395473,33.79596,0.20761043,0.0,
2020-11-17 07:00:00,309.41882,991.35834,8.818293,30.613848,0.0,0.0,
2020-11-17 08:00:00,307.30975,992.3644,7.743887,36.85683,0.22967456,0.0,
2020-11-17 09:00:00,305.65137,992.8971,6.623474,44.273438,0.05288422,0.02,
2020-11-17 10:00:00,304.7378,993.0686,4.8423223,48.054996,0.0,0.0,
2020-11-17 11:00:00,304.21533,993.94885,4.0203657,50.711666,0.0,0.0,
2020-11-17 12:00:00,303.77374,994.29,3.4159791,53.055317,0.0,0.0,
2020-11-17 13:00:00,303.32043,994.8172,3.0273106,55.49528,0.0,0.0,
2020-11-17 14:00:00,302.93988,994.95056,2.8847992,57.687874,0.0,0.0,
2020-11-17 15:00:00,302.5802,994.9129,2.975817,59.52782,0.0,0.0,
2020-11-17 16:00:00,302.29364,994.3576,3.1812375,60.448814,0.0,0.0,
2020-11-17 17:00:00,301.93356,993.85205,3.484793,61.13844,0.0,0.0,
2020-11-17 18:00:00,301.58255,993.5564,3.3346665,61.884586,0.0,0.0,
2020-11-17 19:00:00,301.21643,993.2983,1.6796322,64.33923,0.0,0.0,
2020-11-17 20:00:00,300.94257,993.9864,1.7202533,65.78947,0.0,0.0,
2020-11-17 21:00:00,300.66388,994.2492,2.2708566,66.62561,0.0,0.0,
2020-11-17 22:00:00,301.3674,995.29297,3.7645667,63.942795,0.0,0.0,
2020-11-17 23:00:00,302.6717,995.8067,5.077133,56.98918,0.0,0.0,
2020-11-18 00:00:00,304.42908,995.9774,5.2855325,48.800625,1.1708593,0.0,
2020-11-18 01:00:00,306.27148,995.6777,5.18054,42.242195,0.0,0.0,
2020-11-18 02:00:00,307.6999,995.0613,4.9261427,37.92071,0.010732561,0.0,
2020-11-18 03:00:00,308.92993,994.14685,4.614042,34.76514,0.012487173,0.0,
2020-11-18 04:00:00,310.01416,992.77826,4.147097,30.892424,0.002168119,0.0,
2020-11-18 05:00:00,309.4038,992.2325,4.438423,31.63279,0.1500845,0.0,
2020-11-18 06:00:00,306.04828,992.34564,3.5381997,43.0696,1.7917305,0.0,
2020-11-18 07:00:00,310.2417,990.0678,2.3181117,27.935907,0.71051717,0.0,
2020-11-18 08:00:00,308.15762,990.40015,3.201228,32.94377,0.40459633,0.0,
2020-11-18 09:00:00,308.08176,990.757,2.2769456,34.28956,0.0,0.0,
2020-11-18 10:00:00,306.88812,991.9153,1.2645148,40.48994,0.0,0.0,
2020-11-18 11:00:00,306.15613,992.5279,1.4283262,46.44219,0.0,0.29,
2020-11-18 12:00:00,305.61127,993.61127,2.0413563,50.04726,0.0042766333,1.78,
2020-11-18 13:00:00,304.51117,994.20874,1.4915781,56.353905,0.0,1.89,
2020-11-18 14:00:00,303.72272,994.6611,1.5460135,59.79399,0.0,1.9100001,
2020-11-18 15:00:00,302.7792,994.45874,1.640618,66.04576,0.0,1.78,
2020-11-18 16:00:00,302.31885,993.90625,1.9275808,65.24601,0.0,0.64,
2020-11-18 17:00:00,301.8998,993.35736,1.5122949,67.715004,0.0,0.53,
2020-11-18 18:00:00,301.35858,992.99,1.0375117,73.02215,0.0,0.0,
2020-11-18 19:00:00,300.34155,993.4275,1.5250033,68.17733,0.0,0.0,
2020-11-18 20:00:00,299.95032,993.4504,1.5753627,71.968445,0.0,0.0,
2020-11-18 21:00:00,299.76535,993.719,1.9639889,71.442444,0.0,0.0,
2020-11-18 22:00:00,300.87573,994.23846,2.5964096,64.120346,0.0,0.0,
2020-11-18 23:00:00,303.22125,994.8281,3.568207,51.306236,0.0,0.0,
2020-11-19 00:00:00,305.4418,994.798,4.436783,40.76843,3.089565,0.0,
2020-11-19 01:00:00,307.1452,994.5156,4.738437,34.496216,0.0,0.0,
2020-11-19 02:00:00,308.30597,993.675,4.392727,31.970676,0.0,0.0,
2020-11-19 03:00:00,309.49152,992.8038,3.999253,30.200785,0.0028125942,0.0,
2020-11-19 04:00:00,310.51205,991.75024,3.523359,28.58468,0.0035054982,0.0,
2020-11-19 05:00:00,311.08887,990.65784,2.94522,27.321487,0.002797693,0.0,
2020-11-19 06:00:00,311.21637,989.8234,2.8401494,26.591152,0.0063851476,0.0,
2020-11-19 07:00:00,310.8979,988.96716,3.2181349,26.561333,0.12457743,0.0,
2020-11-19 08:00:00,308.2871,989.92065,2.7834432,33.31246,0.6184168,0.0,
2020-11-19 09:00:00,308.3646,990.3328,3.2637744,32.546654,0.0,0.0,
2020-11-19 10:00:00,307.3254,990.8989,3.0729728,35.518543,0.0,0.19999999,
2020-11-19 11:00:00,306.44333,991.3861,2.6291869,38.912148,0.0,0.06,
2020-11-19 12:00:00,305.78656,991.6275,1.8619404,42.64507,0.011920929,0.0,
2020-11-19 13:00:00,305.0597,992.08734,1.3390487,49.888172,0.053822994,0.0,
2020-11-19 14:00:00,304.8402,992.2428,1.1247189,51.152332,0.0,0.0,
2020-11-19 15:00:00,304.3315,991.9866,0.64431405,55.357754,0.0,0.0,
2020-11-19 16:00:00,303.4935,991.53534,1.0022126,63.721657,0.0,0.0,
2020-11-19 17:00:00,303.02374,991.16907,1.8178536,57.31132,0.0,0.0,
2020-11-19 18:00:00,302.4051,990.9278,2.414865,58.096104,0.0,0.0,
2020-11-19 19:00:00,301.122,991.2896,1.318663,67.827545,0.0,0.049999997,
2020-11-19 20:00:00,301.59137,991.90894,0.32512304,61.81463,0.007376075,0.06,
2020-11-19 21:00:00,300.49945,992.84216,1.2528515,70.83199,0.07395446,0.0,
2020-11-19 22:00:00,301.38144,993.64734,1.0391684,65.38356,0.021129847,0.0,
2020-11-19 23:00:00,303.65698,993.9472,1.936473,49.699512,0.0,0.0,
2020-11-20 00:00:00,305.50296,994.15344,3.7159178,39.37094,0.9267181,0.0,
2020-11-20 01:00:00,307.4439,994.0055,3.5240662,32.917778,0.0,0.0,
2020-11-20 02:00:00,309.17462,993.4426,3.9036005,28.124481,0.0,0.0,
2020-11-20 03:00:00,310.45767,992.5131,4.91898,25.43018,0.0,0.0,
2020-11-20 04:00:00,311.16214,991.72125,4.906826,24.364695,0.0010952353,0.49999997,
2020-11-20 05:00:00,311.66165,990.5003,4.2390947,23.55569,0.0017285347,0.11,
2020-11-20 06:00:00,311.88953,989.466,4.2402267,23.025732,0.0038668513,0.0,
2020-11-20 07:00:00,308.7826,989.9345,4.565396,28.573635,0.0,0.0,
2020-11-20 08:00:00,308.89795,989.46533,3.346863,28.577337,0.0,0.0,
2020-11-20 09:00:00,308.54504,989.66345,2.6254551,29.195929,0.0,0.11,
2020-11-20 10:00:00,307.99487,990.28827,1.9683795,31.47811,0.0,0.06,
2020-11-20 11:00:00,307.2197,991.1778,1.5799202,35.512608,0.0,0.0,
2020-11-20 12:00:00,306.59467,991.5327,1.3250219,38.87784,0.0,0.0,
2020-11-20 13:00:00,306.01917,992.123,0.70520896,42.143955,0.0,0.0,
2020-11-20 14:00:00,305.23816,992.4217,1.0891833,47.32405,0.0,0.0,
2020-11-20 15:00:00,304.373,992.46857,3.5784187,48.385628,0.0,0.0,
2020-11-20 16:00:00,303.35437,992.4673,4.4167886,51.212025,0.0070035458,0.0,
2020-11-20 17:00:00,302.8369,992.08594,2.7545435,53.320683,0.0,0.0,
2020-11-20 18:00:00,302.44418,992.28156,0.5042929,60.800777,0.0,0.0,
2020-11-20 19:00:00,301.57303,992.27936,2.4144566,64.8538,0.0,0.07,
2020-11-20 20:00:00,301.1435,992.34515,1.4944122,67.68837,0.0,0.38,
2020-11-20 21:00:00,300.81638,993.40643,1.4445363,70.0522,0.0,0.0,
2020-11-20 22:00:00,301.2112,994.20294,2.6242056,67.924644,0.0,0.48,
2020-11-20 23:00:00,301.98572,994.82153,2.9783611,64.461975,0.0,1.51,
2020-11-21 00:00:00,303.0194,994.54156,2.5674748,59.90501,0.013679266,0.0,
2020-11-21 01:00:00,304.73364,994.1825,2.354486,53.206383,0.0,0.0,
2020-11-21 02:00:00,306.4592,993.31476,2.0946543,46.691135,0.0013820827,0.0,
2020-11-21 03:00:00,307.9677,992.66034,1.3124304,40.80967,0.017743558,0.0,
2020-11-21 04:00:00,308.65723,991.5806,1.2085127,37.65903,0.041872263,0.0,
2020-11-21 05:00:00,309.46973,990.67413,1.5667995,35.142384,0.059954822,0.0,
2020-11-21 06:00:00,309.6934,990.06,1.6140151,34.183125,0.046104193,0.16,
2020-11-21 07:00:00,310.9081,989.4007,0.852978,28.692318,0.0059753656,1.8199999,
2020-11-21 08:00:00,309.20685,989.0861,1.116858,32.187553,0.5318701,2.65,
2020-11-21 09:00:00,308.34985,990.2514,4.42596,35.558235,0.0,1.6099999,
2020-11-21 10:00:00,306.21503,991.0444,5.301469,44.524586,0.0,2.08,
2020-11-21 11:00:00,305.13013,991.9988,2.4293385,49.40899,0.0,3.59,
2020-11-21 12:00:00,304.89117,992.4369,1.1192253,50.87468,0.0,3.4299998,
2020-11-21 13:00:00,304.68857,992.9747,0.18619145,51.929665,0.0,1.9799999,
2020-11-21 14:00:00,304.507,993.28094,1.3977325,52.98019,0.0,1.37,
2020-11-21 15:00:00,304.111,992.71594,1.1138556,55.302383,0.0,0.13,
2020-11-21 16:00:00,303.64343,992.09845,1.3471799,58.460438,0.0,0.07,
2020-11-21 17:00:00,303.09045,991.8083,2.21386,59.751022,0.0,0.19,
2020-11-21 18:00:00,301.54224,992.1809,2.467903,64.86095,0.66585845,0.37,
2020-11-21 19:00:00,299.84735,993.0436,1.6455429,77.41455,1.7671734,0.75,
2020-11-21 20:00:00,299.60297,992.88385,0.9112558,79.77358,0.12733042,0.32999998,
2020-11-21 21:00:00,299.55774,993.3996,1.8354518,80.27445,0.0038444996,0.13,
2020-11-21 22:00:00,300.07782,994.6956,1.828365,75.70093,0.07292628,0.0,
2020-11-21 23:00:00,301.0724,994.8017,1.8532772,68.53957,0.0030249357,0.0,
2020-11-22 00:00:00,302.32892,994.9189,2.3387442,63.229034,3.3456118,0.0,
2020-11-22 01:00:00,303.87372,994.5072,2.7967486,57.151485,0.0,0.0,
2020-11-22 02:00:00,305.61072,993.8931,2.8829675,48.05357,0.21418929,0.0,
2020-11-22 03:00:00,307.16748,992.8931,2.578677,41.849693,0.0,0.0,
2020-11-22 04:00:00,308.1779,992.03156,2.2196784,37.987946,0.001385808,0.0,
2020-11-22 05:00:00,309.31735,991.22186,2.1512265,34.274586,0.019334257,0.66999996,
2020-11-22 06:00:00,310.0786,990.4431,2.0293772,31.428904,0.013120472,0.08,
2020-11-22 07:00:00,306.68735,991.1188,3.3038778,36.376785,0.0,0.08,
2020-11-22 08:00:00,306.5368,990.84155,3.2085843,36.16433,0.0,0.15,
2020-11-22 09:00:00,306.4079,990.60406,3.4333954,36.136623,0.0,0.81,
2020-11-22 10:00:00,305.75198,990.9493,3.158418,38.459618,0.0,0.0,
2020-11-22 11:00:00,304.94794,991.64185,2.1648772,42.607586,0.0,0.0,
2020-11-22 12:00:00,304.2345,992.4393,1.3410889,47.931854,0.0,0.0,
2020-11-22 13:00:00,303.46863,993.0486,1.1836289,57.9262,0.0,0.0,
2020-11-22 14:00:00,303.4415,993.2422,1.8206182,53.491913,0.0,0.0,
2020-11-22 15:00:00,302.86737,993.0767,2.2649133,55.04707,0.0,0.0,
2020-11-22 16:00:00,302.49194,992.8599,2.2812948,55.792797,0.0018179417,0.0,
2020-11-22 17:00:00,302.17154,992.5207,2.9809494,55.10884,0.005185604,0.0,
2020-11-22 18:00:00,302.0276,992.2889,4.1920657,53.507797,0.0,0.0,
2020-11-22 19:00:00,300.32095,992.2572,2.294556,66.201256,0.0,0.0,
2020-11-22 20:00:00,300.24402,992.77826,2.6626012,65.698166,0.0,0.14,
2020-11-22 21:00:00,300.16153,993.6106,1.9960066,65.63022,0.0,0.07,
2020-11-22 22:00:00,300.9641,994.3173,2.0111587,60.993225,0.0,1.4,
2020-11-22 23:00:00,302.45654,994.78143,3.1826637,53.004044,0.0,0.0,
2020-11-23 00:00:00,304.299,994.71674,4.0458655,47.13983,0.3247261,0.0,
2020-11-23 01:00:00,306.12598,994.08624,4.2263145,41.76996,0.0,0.0,
2020-11-23 02:00:00,307.77478,993.1092,3.912733,37.035637,0.0,0.0,
2020-11-23 03:00:00,309.23837,991.9925,3.2689261,32.818882,0.0021457672,0.0,
2020-11-23 04:00:00,310.54837,990.7527,2.8007603,29.111614,0.0036209822,0.0,
2020-11-23 05:00:00,311.505,989.8699,2.3335426,26.707682,0.0,0.0,
2020-11-23 06:00:00,312.05515,988.7685,1.9899492,25.27256,0.0,0.0,
2020-11-23 07:00:00,311.01862,988.8486,1.6164795,27.491478,0.0,0.0,
2020-11-23 08:00:00,311.08026,988.4389,1.583771,26.782337,0.0021234155,0.0,
2020-11-23 09:00:00,310.7823,988.7356,1.57184,26.921627,0.0029876828,0.0,
2020-11-23 10:00:00,310.4028,989.12787,1.6694139,27.421894,0.0,0.0,
2020-11-23 11:00:00,309.97272,989.59045,0.69622684,28.425615,0.038400292,0.0,
2020-11-23 12:00:00,309.38547,990.24994,1.7349333,30.30051,0.0012516975,0.0,
2020-11-23 13:00:00,308.50836,990.2972,2.1240523,31.505417,0.0,0.0,
2020-11-23 14:00:00,307.5434,990.1428,1.8079256,34.509693,0.0,0.0,
2020-11-23 15:00:00,306.3225,989.452,2.3381205,38.855377,0.0,0.0,
2020-11-23 16:00:00,305.53278,989.14185,2.898091,42.249428,0.0,0.0,
2020-11-23 17:00:00,304.92126,988.69653,3.49655,45.17349,0.0,0.0,
2020-11-23 18:00:00,304.50775,988.53784,3.9056654,47.268528,0.0,0.0,
2020-11-23 19:00:00,303.99078,988.6089,3.7486067,44.30093,0.0,0.0,
2020-11-23 20:00:00,303.30005,989.14685,3.9251254,48.040874,0.0,0.0,
2020-11-23 21:00:00,302.60416,989.9464,4.4536757,54.149807,0.0,0.0,
2020-11-23 22:00:00,302.98547,990.7623,4.626029,56.993668,0.0,0.0,
2020-11-23 23:00:00,304.9754,991.5478,4.9465594,48.450035,0.0,0.0,
2020-11-24 00:00:00,307.30676,991.7761,4.4616594,36.194523,0.05288422,0.0,
2020-11-24 01:00:00,309.2749,991.31555,3.460024,28.660217,0.0,0.0,
2020-11-24 02:00:00,310.88293,990.37305,2.7894824,24.726656,0.0,0.0,
2020-11-24 03:00:00,312.22958,989.23346,2.2870815,22.232813,0.0,0.0,
2020-11-24 04:00:00,313.23407,987.9261,1.7431009,20.840485,0.0,0.0,
2020-11-24 05:00:00,313.90668,986.9263,1.1584564,19.744076,0.0,0.0,
2020-11-24 06:00:00,314.4944,986.07635,0.33832192,18.792034,0.0,0.0,
2020-11-24 07:00:00,313.96448,985.3873,0.8831072,19.133106,0.0,0.0,
2020-11-24 08:00:00,313.83472,985.38885,0.9461718,19.082884,0.0,0.0,
2020-11-24 09:00:00,313.66495,985.5821,1.2068518,19.126043,0.0,0.55,
2020-11-24 10:00:00,312.69757,986.6252,1.3167416,20.01172,0.0,0.0,
2020-11-24 11:00:00,312.59268,987.3625,1.2314416,19.547373,0.0,0.16,
2020-11-24 12:00:00,312.059,988.26227,1.7570173,20.493586,0.0192523,0.0,
2020-11-24 13:00:00,309.31528,989.2388,3.927025,28.044186,0.005990267,0.0,
2020-11-24 14:00:00,307.1951,989.7539,5.2353067,41.042538,0.005516409,0.84000003,
2020-11-24 15:00:00,305.8892,989.366,5.4103637,50.071156,0.0,0.0,
2020-11-24 16:00:00,305.10077,988.95764,4.2771845,54.227192,0.040173527,0.0,
2020-11-24 17:00:00,304.88788,988.505,3.9814346,54.48953,0.0,0.44,
2020-11-24 18:00:00,304.67712,988.0315,4.779973,54.75147,0.0,0.12,
2020-11-24 19:00:00,303.35468,989.09595,4.8474708,66.43706,0.0,0.07,
2020-11-24 20:00:00,302.55615,989.1774,5.1803513,68.68828,0.0,0.45999998,
2020-11-24 21:00:00,301.83554,990.22485,4.607252,70.47695,0.0,1.53,
2020-11-24 22:00:00,302.21436,990.71893,4.1698923,69.34419,0.0,1.67,
2020-11-24 23:00:00,303.66968,991.1675,3.9111512,64.73372,0.089764595,1.04,
2020-11-25 00:00:00,305.5656,991.2352,3.9918997,56.11682,0.16286644,0.47999996,
2020-11-25 01:00:00,307.41528,990.6514,4.4177027,47.153435,0.0,0.0,
2020-11-25 02:00:00,309.20233,989.8131,4.0185313,38.61548,0.035956502,0.0,
2020-11-25 03:00:00,310.37042,988.8722,2.7751873,33.88968,0.01899153,0.0,
2020-11-25 04:00:00,311.4978,988.08203,1.9961213,31.017075,0.006891787,0.0,
2020-11-25 05:00:00,312.2793,987.17456,1.9075037,29.112514,0.0056251884,0.0,
2020-11-25 06:00:00,312.72485,986.3295,1.7257214,27.547117,0.008374453,0.0,
2020-11-25 07:00:00,312.54883,985.4902,0.18183824,26.747196,0.012464821,0.0,
2020-11-25 08:00:00,312.41095,984.8977,0.47730142,26.61706,0.009018186,0.0,
2020-11-25 09:00:00,312.18375,985.48047,0.79382265,26.74313,0.0038400248,0.0,
2020-11-25 10:00:00,310.93076,986.71814,0.96864766,28.985748,0.0047311187,0.0,
2020-11-25 11:00:00,307.21094,988.9417,6.0274086,42.42069,0.80272555,0.0,
2020-11-25 12:00:00,305.5099,989.58624,6.646065,49.738987,0.011570752,0.0,
2020-11-25 13:00:00,304.8435,990.2361,6.150271,51.10039,0.0,0.51,
2020-11-25 14:00:00,304.65173,990.3497,4.6305356,51.426865,0.0,2.9299998,
2020-11-25 15:00:00,304.5636,989.9704,2.7106714,51.835667,0.0,2.52,
2020-11-25 16:00:00,304.4618,989.77295,2.215505,52.77957,0.0,2.6799998,
2020-11-25 17:00:00,304.20032,989.3475,2.4659472,54.52317,0.0,3.27,
2020-11-25 18:00:00,303.7478,989.18445,2.308414,57.42405,0.0,4.6899996,
2020-11-25 19:00:00,302.02798,989.45264,3.7442346,65.41166,0.048044313,0.0,
2020-11-25 20:00:00,301.58862,989.8435,4.002255,68.5292,0.048071206,0.0,
2020-11-25 21:00:00,301.5835,990.03625,4.43974,68.87877,0.0,0.0,
2020-11-25 22:00:00,302.005,991.23486,5.9624715,65.313705,0.0,0.0,
2020-11-25 23:00:00,303.04156,992.0567,6.8440356,57.66736,0.0021613669,0.0,
2020-11-26 00:00:00,304.7304,992.3212,6.320059,49.33752,1.0202713,0.0,
2020-11-26 01:00:00,306.35657,992.053,5.615592,43.140404,0.0,0.0,
2020-11-26 02:00:00,308.39252,991.1158,5.123333,37.209087,0.0,0.0,
2020-11-26 03:00:00,310.13342,989.7512,4.887466,32.52285,0.0,0.0,
2020-11-26 04:00:00,311.52145,988.52795,4.6289773,29.139236,0.0032037497,0.0,
2020-11-26 05:00:00,312.4698,987.4917,4.091184,26.883007,0.016488135,0.0,
2020-11-26 06:00:00,312.96686,986.889,3.729406,25.525126,0.018186867,0.0,
2020-11-26 07:00:00,311.9458,986.5986,1.3717368,27.942318,0.031761825,0.0,
2020-11-26 08:00:00,311.9383,986.1895,2.041207,27.138706,0.023670495,0.0,
2020-11-26 09:00:00,311.74518,986.3892,2.2351792,27.11958,0.0068694353,0.0,
2020-11-26 10:00:00,311.23114,987.72534,2.0220737,28.0866,0.0,0.0,
2020-11-26 11:00:00,309.28946,989.5274,2.2788925,32.673054,0.9386614,0.0,
2020-11-26 12:00:00,309.24878,990.1909,1.3325692,33.11869,0.0,0.57,
2020-11-26 13:00:00,308.7387,990.62756,0.78777856,35.363846,0.0,1.38,
2020-11-26 14:00:00,307.73865,991.0179,1.9839197,40.1384,0.040844083,1.0999999,
2020-11-26 15:00:00,307.13995,990.53424,0.7823478,43.50311,0.0,0.57,
2020-11-26 16:00:00,306.45837,989.66406,1.7765306,49.245697,0.0,0.21000001,
2020-11-26 17:00:00,306.06622,988.7419,4.2220654,44.895046,0.0,0.21,
2020-11-26 18:00:00,305.6076,988.4877,4.9859123,44.673172,0.0,0.09,
2020-11-26 19:00:00,302.7959,990.2283,2.6066198,57.33211,0.0,0.14,
2020-11-26 20:00:00,302.3627,990.34283,2.583005,58.756077,0.0,0.48999998,
2020-11-26 21:00:00,302.08075,990.92126,3.4672678,59.21054,0.0,0.89,
2020-11-26 22:00:00,302.7846,991.67505,4.114111,56.20648,0.0,1.3299999,
2020-11-26 23:00:00,304.31592,992.1227,5.103482,49.410213,0.0,1.19,
2020-11-27 00:00:00,306.55865,992.2609,5.472761,40.722523,1.0815263,1.9999999,
2020-11-27 01:00:00,308.69247,991.88446,5.4475474,33.10546,0.0,1.3399999,
2020-11-27 02:00:00,310.2984,991.2692,5.1739936,28.695107,0.0,0.51,
2020-11-27 03:00:00,311.3993,990.27203,4.9361687,26.164637,0.0,0.0,
2020-11-27 04:00:00,312.31937,989.2365,4.7946215,24.309372,0.0,0.0,
2020-11-27 05:00:00,312.72116,988.5248,4.787704,23.430017,0.0,0.0,
2020-11-27 06:00:00,312.09344,988.3536,4.544584,21.019735,0.17277151,0.0,
2020-11-27 07:00:00,311.09918,988.2131,5.175245,25.685083,0.0,1.01,
2020-11-27 08:00:00,310.85406,988.03687,4.74522,25.80021,0.0,0.16,
2020-11-27 09:00:00,310.4571,988.24744,4.5158625,26.201302,0.0,0.0,
2020-11-27 10:00:00,309.88794,988.88477,3.8466961,27.323828,0.0,0.0,
2020-11-27 11:00:00,309.06052,989.4652,3.6240342,29.252682,0.0,0.0,
2020-11-27 12:00:00,308.19702,989.8655,4.60283,30.979624,0.0,0.0,
2020-11-27 13:00:00,307.36218,989.9125,5.3167396,32.566326,0.0,0.0,
2020-11-27 14:00:00,306.7457,989.8335,4.927025,33.90056,0.0,0.0,
2020-11-27 15:00:00,306.29233,989.5083,4.2964187,34.896217,0.0,0.0,
2020-11-27 16:00:00,305.6778,989.1767,3.7093306,36.146614,0.0,0.0,
2020-11-27 17:00:00,305.20953,988.8406,3.3129833,37.091248,0.0,0.0,
2020-11-27 18:00:00,304.62982,988.79016,3.1734178,38.41646,0.0,0.0,
2020-11-27 19:00:00,304.29703,989.3207,4.010515,39.9211,0.0,0.0,
2020-11-27 20:00:00,304.1137,989.62787,4.8096814,39.607212,0.0,0.0,
2020-11-27 21:00:00,303.7889,990.13416,4.405498,40.687393,0.0,0.0,
2020-11-27 22:00:00,304.27814,991.3091,3.8149023,40.096725,0.0,0.0,
2020-11-27 23:00:00,305.5518,991.91077,4.68505,36.470192,0.0,0.01,
2020-11-28 00:00:00,307.88614,992.35236,5.6373444,29.746353,0.17276406,0.0,
2020-11-28 01:00:00,310.03754,992.1361,5.855635,23.79819,0.0,0.11,
2020-11-28 02:00:00,311.32373,991.4716,4.7689466,21.19614,0.0,0.23,
2020-11-28 03:00:00,312.39075,990.3691,3.501658,19.68239,0.0,0.0,
2020-11-28 04:00:00,313.52347,989.34735,2.8577807,17.99737,0.0,0.0,
2020-11-28 05:00:00,314.24756,988.47,2.4443884,16.884905,0.0,0.0,
2020-11-28 06:00:00,314.2317,987.46265,1.9835079,16.67364,0.0,0.0,
2020-11-28 07:00:00,312.61798,987.5775,3.3374052,22.429752,0.0,0.0,
2020-11-28 08:00:00,312.25653,987.4736,3.3775969,22.9317,0.034421682,0.0,
2020-11-28 09:00:00,311.31873,988.1931,3.3864973,23.958134,0.28581917,0.0,
2020-11-28 10:00:00,310.2921,988.7558,4.323559,26.579937,0.0,0.0,
2020-11-28 11:00:00,309.22272,989.4043,4.859679,29.218943,0.0,0.0,
2020-11-28 12:00:00,308.10254,989.983,6.0992575,32.484886,0.0,0.0,
2020-11-28 13:00:00,306.87225,990.2982,6.3405547,39.545895,0.0,0.0,
2020-11-28 14:00:00,305.90237,990.21735,6.038151,46.36189,0.0,0.39999998,
2020-11-28 15:00:00,305.26715,989.7361,5.6781516,49.918274,0.0,3.23,
2020-11-28 16:00:00,304.72574,989.2787,5.4943905,51.633854,0.0,2.96,
2020-11-28 17:00:00,304.20355,988.66296,5.0534153,52.97296,0.0,2.02,
2020-11-28 18:00:00,303.5996,988.52716,4.277338,55.118156,0.0,0.45999998,
2020-11-28 19:00:00,301.76215,988.9253,2.8118052,64.033966,0.0,0.21000001,
2020-11-28 20:00:00,301.37482,989.2109,2.9850752,66.57131,0.0,0.14,
2020-11-28 21:00:00,301.0151,989.9183,3.4514592,69.11901,0.0,0.0,
2020-11-28 22:00:00,301.68915,990.68146,3.905552,67.20247,0.0,0.0,
2020-11-28 23:00:00,303.57553,991.39594,4.4204497,58.694885,0.0,0.0,
2020-11-29 00:00:00,305.79022,991.60077,4.2270694,48.66606,0.3211379,0.0,
2020-11-29 01:00:00,307.95282,991.4539,4.1353736,40.71249,0.0,0.0,
2020-11-29 02:00:00,309.9134,990.6513,4.0393066,34.562206,0.0,0.0,
2020-11-29 03:00:00,311.68085,989.35016,3.902103,29.520535,0.006966293,0.0,
2020-11-29 04:00:00,313.08594,988.3577,3.5942612,25.5867,0.01668185,0.0,
2020-11-29 05:00:00,313.96902,987.23615,3.1698353,22.723202,0.0,0.0,
2020-11-29 06:00:00,314.08502,986.557,2.4531102,21.243628,0.0,0.0,
2020-11-29 07:00:00,313.7773,985.72266,2.1230285,21.096777,0.0,0.0,
2020-11-29 08:00:00,313.73825,985.39343,1.8514762,20.573559,0.0,0.0,
2020-11-29 09:00:00,313.42493,985.4011,1.3410639,20.576748,0.0,0.0,
2020-11-29 10:00:00,312.98755,986.34216,1.4754171,20.934761,0.0,0.0,
2020-11-29 11:00:00,311.97705,987.202,1.7643282,22.480825,0.0,0.0,
2020-11-29 12:00:00,311.2226,987.87476,2.461321,23.816217,0.0,0.0,
2020-11-29 13:00:00,310.29816,988.34296,4.5527825,25.840893,0.0,0.0,
2020-11-29 14:00:00,308.12665,988.6838,7.79701,36.67137,0.0,0.0,
2020-11-29 15:00:00,306.45056,988.5734,7.239719,46.057926,0.0,2.21,
2020-11-29 16:00:00,305.7849,988.3164,6.451093,48.871952,0.0,8.13,
2020-11-29 17:00:00,305.50223,987.91296,6.495766,49.624,0.0,3.6999998,
2020-11-29 18:00:00,305.15158,987.87213,6.441456,50.225872,0.0,4.79,
2020-11-29 19:00:00,303.53348,988.3416,5.196629,58.218403,0.021725893,2.36,
2020-11-29 20:00:00,303.16895,988.569,5.0353413,59.713787,0.0,2.34,
2020-11-29 21:00:00,302.83282,989.2963,5.4802446,60.57394,0.0,1.0,
2020-11-29 22:00:00,302.87094,990.45703,7.4777184,59.297913,0.0,0.0,
2020-11-29 23:00:00,303.847,991.24005,8.180442,53.704037,0.0,0.02,
2020-11-30 00:00:00,305.44965,991.53406,7.7199063,47.353172,0.045359135,0.0,
2020-11-30 01:00:00,307.4426,991.2238,7.2881436,41.135067,0.0,0.0,
2020-11-30 02:00:00,309.7434,990.72565,6.8025165,34.202976,0.0,0.0,
2020-11-30 03:00:00,311.2318,989.8806,6.0320973,29.981714,0.018354505,0.0,
2020-11-30 04:00:00,312.40872,988.8049,5.330782,27.040958,0.0,0.0,
2020-11-30 05:00:00,312.84497,987.78436,4.6101446,25.590944,0.0,0.0,
2020-11-30 06:00:00,313.11047,986.9111,4.043753,24.717703,0.0,0.0,
2020-11-30 07:00:00,312.89038,986.65094,3.7653563,25.363667,0.0022128224,0.0,
2020-11-30 08:00:00,312.7523,986.2793,3.4954095,25.120426,0.006906688,0.0,
2020-11-30 09:00:00,312.00092,986.44495,3.486053,25.617403,0.13577938,0.0,
2020-11-30 10:00:00,311.25262,987.28845,3.8256466,25.594393,0.2503246,0.0,
2020-11-30 11:00:00,309.61176,988.51,2.862669,29.541788,0.047892332,0.0,
2020-11-30 12:00:00,309.07196,989.65344,1.8315924,32.181225,0.021129847,0.0,
2020-11-30 13:00:00,307.90558,990.0832,3.4682052,36.125645,0.0018179417,0.0,
2020-11-30 14:00:00,306.52475,990.5083,4.8669243,41.473698,0.0,0.0,
2020-11-30 15:00:00,304.42676,991.19867,4.8251905,49.99782,0.1090467,0.0,
2020-11-30 16:00:00,303.64758,990.85657,4.2732596,52.060406,0.116214156,0.0,
2020-11-30 17:00:00,303.55872,990.4528,3.032752,52.844585,0.0,0.0,
2020-11-30 18:00:00,303.67996,990.53,2.4309442,53.112938,0.0,0.06,
2020-11-30 19:00:00,304.1632,989.712,3.4160898,44.94036,0.0,0.0,
2020-11-30 20:00:00,303.53317,990.1261,3.4489737,45.9837,0.0,0.049999997,
2020-11-30 21:00:00,302.9574,990.9464,2.9377882,47.331486,0.0,0.0,
2020-11-30 22:00:00,303.778,991.78564,3.0595677,44.93072,0.0,0.0,
2020-11-30 23:00:00,305.96686,992.3006,3.944184,38.088875,0.0,0.0,
2020-12-01 00:00:00,,308.17633,992.42096,3.7820678,32.37172,0.7101476,0.0
2020-12-01 01:00:00,,309.97473,992.2061,3.089482,28.450865,0.0,0.0
2020-12-01 02:00:00,,311.41602,991.87,2.571481,26.088879,0.011157244,0.0
2020-12-01 03:00:00,,312.655,990.8226,2.916002,23.870377,0.0036172569,0.0
2020-12-01 04:00:00,,313.51846,989.8326,3.0794637,22.099709,0.0042766333,0.0
2020-12-01 05:00:00,,314.15778,988.863,2.9779043,21.054882,0.0040978193,0.0
2020-12-01 06:00:00,,314.1045,987.9219,2.6215355,20.71974,0.0,0.0
2020-12-01 07:00:00,,311.8872,988.68054,2.1066551,25.456184,0.0,0.0
2020-12-01 08:00:00,,310.74213,988.9208,5.5299516,27.749401,0.6341338,0.0
2020-12-01 09:00:00,,310.029,989.09045,5.710192,29.564472,0.0,0.0
2020-12-01 10:00:00,,308.7072,989.67755,4.981083,33.813946,0.0,0.0
2020-12-01 11:00:00,,307.611,990.4582,3.7891018,37.788063,0.0,0.0
2020-12-01 12:00:00,,307.0448,990.9461,2.6368415,39.960953,0.0,0.0
2020-12-01 13:00:00,,306.5642,991.5987,1.6803508,42.125164,0.0,0.0
2020-12-01 14:00:00,,305.9817,991.6521,1.5646627,45.25767,0.0,0.0
2020-12-01 15:00:00,,305.4854,991.52765,1.7936536,47.391132,0.023037195,0.0
2020-12-01 16:00:00,,305.0466,991.11096,1.7880933,48.5292,0.072449446,0.0
2020-12-01 17:00:00,,305.04938,990.0461,3.1422231,46.351532,0.0,0.0
2020-12-01 18:00:00,,304.8106,989.40607,3.889693,45.78601,0.0,0.0
2020-12-01 19:00:00,,302.53845,991.03784,2.8200576,58.02181,0.0,0.0
2020-12-01 20:00:00,,301.88055,991.0275,2.7171264,61.637463,0.0,0.0
2020-12-01 21:00:00,,301.3828,991.65,2.1259286,64.99989,0.0,0.0
2020-12-01 22:00:00,,302.24805,992.41187,1.6476438,62.257812,0.0,0.0
2020-12-01 23:00:00,,304.7593,992.90906,2.2971447,48.46452,0.0,0.0
2020-12-02 00:00:00,,307.05496,993.1942,3.788509,38.932083,0.75277686,0.0
2020-12-02 01:00:00,,308.68512,993.07306,4.9280863,34.364952,0.0,0.0
2020-12-02 02:00:00,,310.18652,992.66077,5.489489,30.917883,0.0,0.0
2020-12-02 03:00:00,,311.318,991.5982,5.128591,28.686556,0.0,0.0
2020-12-02 04:00:00,,312.4171,990.30994,4.6701007,26.441875,0.0,0.0
2020-12-02 05:00:00,,313.2323,989.1649,4.4743886,24.573095,0.0,0.0
2020-12-02 06:00:00,,313.66132,988.31366,4.4933496,23.405832,0.0032261014,0.0
2020-12-02 07:00:00,,313.11377,987.9309,3.4431667,24.36754,0.0038251283,0.0
2020-12-02 08:00:00,,313.34537,987.3909,4.350143,22.406727,0.0,0.0
2020-12-02 09:00:00,,312.41327,988.2578,5.628127,22.59033,0.0,0.0
2020-12-02 10:00:00,,311.36606,989.09644,5.7379975,24.863596,0.0,0.0
2020-12-02 11:00:00,,310.28647,990.02203,4.9505053,28.357422,0.0,0.0
2020-12-02 12:00:00,,309.54907,991.0662,5.2756114,31.579199,0.0,0.0
2020-12-02 13:00:00,,308.84137,991.4423,5.4371285,34.298943,0.0,0.0
2020-12-02 14:00:00,,308.28894,991.8262,4.687529,35.723583,0.0,0.0
2020-12-02 15:00:00,,307.88696,991.58655,3.155529,36.52431,0.0,0.0
2020-12-02 16:00:00,,307.09235,991.16766,1.7746295,38.459743,0.054493546,0.0
2020-12-02 17:00:00,,306.05362,991.09717,1.5243553,41.17077,0.016707186,0.0
2020-12-02 18:00:00,,305.36243,991.40094,2.2999663,43.18973,0.03170967,0.39
2020-12-02 19:00:00,,299.62817,992.4924,4.141735,76.57849,3.7548244,0.17
2020-12-02 20:00:00,,299.10037,992.84326,3.3481503,81.830025,1.7650723,2.87
2020-12-02 21:00:00,,299.44885,993.1216,2.963088,79.20099,0.013828278,1.68
2020-12-02 22:00:00,,300.38208,993.65704,3.9524515,71.76158,0.0,0.19
2020-12-02 23:00:00,,301.94806,994.31854,4.5393476,63.42488,0.0,0.0
2020-12-03 00:00:00,,303.92993,994.0603,4.5526447,55.45454,5.6489882,0.0
2020-12-03 01:00:00,,305.8152,993.56055,4.323399,48.796543,0.0,0.0
2020-12-03 02:00:00,,307.54117,992.73065,4.0397387,44.270424,0.0,0.0
2020-12-03 03:00:00,,309.08258,991.98486,3.957024,40.232258,0.008203089,0.0
2020-12-03 04:00:00,,310.41754,991.0519,4.019811,36.034748,0.012822449,0.0
2020-12-03 05:00:00,,311.66083,990.1616,4.3295956,32.204945,0.0,0.0
2020-12-03 06:00:00,,312.24225,989.2445,4.5229034,29.874975,0.0,0.0
2020-12-03 07:00:00,,311.1869,988.8586,2.637477,32.470303,0.008359551,0.0
2020-12-03 08:00:00,,311.74982,988.14185,2.0930007,29.642021,0.007674098,0.0
2020-12-03 09:00:00,,311.6527,988.43713,1.2206674,28.280125,0.0061690807,0.0
2020-12-03 10:00:00,,310.56866,988.9263,1.5894691,33.62525,0.034034252,0.0
2020-12-03 11:00:00,,308.99976,989.8147,2.2325542,39.545532,0.09231269,0.0
2020-12-03 12:00:00,,307.9433,990.4197,2.3420281,43.91507,0.0,0.0
2020-12-03 13:00:00,,306.7638,991.0549,1.8058058,50.69149,0.0,0.0
2020-12-03 14:00:00,,306.00174,991.7829,2.3287108,50.473167,0.0,0.01
2020-12-03 15:00:00,,304.9611,991.78436,3.1223314,52.706306,0.0,3.7
2020-12-03 16:00:00,,304.1009,991.52814,3.096485,54.741306,0.0,6.71
2020-12-03 17:00:00,,303.4341,991.1401,2.6614578,57.659603,0.0,2.52
2020-12-03 18:00:00,,302.9127,990.90924,3.0562985,59.46295,0.0,0.0
2020-12-03 19:00:00,,302.6725,991.21484,4.85847,57.27116,0.0,0.0
2020-12-03 20:00:00,,301.8355,991.6853,5.1138606,66.55721,0.0,0.0
2020-12-03 21:00:00,,301.19513,992.0546,4.6852884,74.97993,0.0,0.0
2020-12-03 22:00:00,,301.59827,992.8113,4.3137946,75.305786,0.0,0.0
2020-12-03 23:00:00,,303.31268,993.3557,4.3928137,67.38032,0.0,0.0
2020-12-04 00:00:00,,305.3203,993.39825,3.725712,56.99233,0.16957521,0.0
2020-12-04 01:00:00,,307.1652,992.9573,2.8200765,47.419804,0.0,0.0
2020-12-04 02:00:00,,308.62146,992.1141,1.7742877,40.133865,0.0019427389,0.0
2020-12-04 03:00:00,,309.32004,991.1909,0.5246223,36.958183,0.0,0.0
2020-12-04 04:00:00,,310.13336,990.22565,0.29120392,34.656624,0.0,0.0
2020-12-04 05:00:00,,311.00223,989.21796,0.6820443,32.196266,0.0,0.0
2020-12-04 06:00:00,,311.84937,988.3122,1.5273857,30.095942,0.0,0.0
2020-12-04 07:00:00,,311.90662,987.3748,2.0636015,30.601877,0.0,0.0
2020-12-04 08:00:00,,312.21497,986.9508,2.4953454,29.550213,0.0,0.0
2020-12-04 09:00:00,,311.7676,987.334,2.796168,28.471443,0.0018253922,0.0
2020-12-04 10:00:00,,311.2389,987.9856,1.4593282,28.63858,0.001385808,0.0
2020-12-04 11:00:00,,309.5345,989.19135,3.419788,32.153698,0.5048096,0.0
2020-12-04 12:00:00,,308.21234,990.16174,4.520408,36.453037,0.0,0.0
2020-12-04 13:00:00,,307.03967,990.3097,4.369174,41.445724,0.0,0.0
2020-12-04 14:00:00,,305.59402,990.45264,4.840145,48.11411,0.0,0.0
2020-12-04 15:00:00,,305.03403,989.89294,3.5422056,51.083298,0.0,0.0
2020-12-04 16:00:00,,304.65143,989.7701,2.625926,53.22128,0.0,0.0
2020-12-04 17:00:00,,304.26007,989.65826,1.7998847,55.345924,0.0,0.0
2020-12-04 18:00:00,,303.63214,989.90405,2.760667,57.559944,0.0,0.0
2020-12-04 19:00:00,,302.84875,990.91296,1.79426,60.182125,0.0,0.0
2020-12-04 20:00:00,,302.20612,991.1961,1.5928499,63.496227,0.0,0.0
2020-12-04 21:00:00,,301.7854,991.8543,1.6729523,65.51204,0.0,0.0
2020-12-04 22:00:00,,302.72327,992.3752,1.6693813,61.318386,0.0,0.0
2020-12-04 23:00:00,,304.49286,992.5478,1.1820178,52.495827,0.0,0.0
2020-12-05 00:00:00,,305.9106,992.4941,0.36527947,46.854134,0.51563084,0.0
2020-12-05 01:00:00,,307.85956,992.00494,1.4850092,39.89407,0.0,0.0
2020-12-05 02:00:00,,309.57068,991.38025,2.2144656,34.539,0.0,0.0
2020-12-05 03:00:00,,311.3597,990.3308,2.2032204,29.683622,0.0,0.0
2020-12-05 04:00:00,,313.00922,989.28674,2.9520721,25.030247,0.0,0.0
2020-12-05 05:00:00,,313.94495,988.1919,3.7256212,22.26898,0.0,0.0
2020-12-05 06:00:00,,314.38922,987.3454,4.2683525,20.802502,0.0,0.0
2020-12-05 07:00:00,,313.62408,987.2006,4.8988376,24.06082,0.0,0.0
2020-12-05 08:00:00,,313.21307,986.73627,5.032578,24.331661,0.0013336539,0.0
2020-12-05 09:00:00,,312.14053,987.02826,4.268158,25.160145,0.003054738,1.39
2020-12-05 10:00:00,,312.00238,987.39984,3.622169,24.534065,0.005148351,9.23
2020-12-05 11:00:00,,311.89297,988.26514,2.5306313,23.936844,0.008098781,1.03
2020-12-05 12:00:00,,310.93045,989.1362,4.944982,25.534964,0.0,0.0
2020-12-05 13:00:00,,309.09656,990.1736,8.210707,30.29576,0.0,0.0
2020-12-05 14:00:00,,307.7587,991.0974,7.8105226,35.37746,0.0,0.0
2020-12-05 15:00:00,,306.8365,991.14124,6.344216,38.26734,0.0,0.0
2020-12-05 16:00:00,,305.65094,991.06354,4.699279,44.199238,0.0,0.0
2020-12-05 17:00:00,,304.4964,990.8016,4.3135486,52.419205,0.0,0.0
2020-12-05 18:00:00,,303.52832,990.4522,4.2298956,61.46737,0.0,0.0
2020-12-05 19:00:00,,302.11148,991.3053,3.980048,63.882805,0.0,0.0
2020-12-05 20:00:00,,301.82507,991.84204,2.4470193,65.243126,0.002771616,0.07
2020-12-05 21:00:00,,301.73077,992.00775,1.7947195,65.36473,0.0,0.0
2020-12-05 22:00:00,,302.09467,992.22406,2.2552524,63.238995,0.0,0.0
2020-12-05 23:00:00,,303.17957,992.3925,2.0006328,59.271587,0.0,0.0
2020-12-06 00:00:00,,304.94513,992.40845,1.6425412,51.835495,0.021368265,0.0
2020-12-06 01:00:00,,306.69043,992.15424,1.1964108,43.351273,0.0,0.0
2020-12-06 02:00:00,,308.16278,991.52045,1.139445,38.87516,0.0,0.0
2020-12-06 03:00:00,,309.5069,990.8082,1.5741341,35.614487,0.0,0.0
2020-12-06 04:00:00,,310.25528,989.9992,1.9310932,33.985622,0.0,1.86
2020-12-06 05:00:00,,310.6718,989.4003,2.224157,33.079617,0.0,5.5899997
2020-12-06 06:00:00,,311.13605,988.5486,2.8366625,31.714075,0.0,0.85999995
2020-12-06 07:00:00,,306.752,990.024,1.7122653,52.266556,0.7918924,0.57
2020-12-06 08:00:00,,306.20483,989.7969,2.4687958,53.560493,0.42624027,5.63
2020-12-06 09:00:00,,302.95142,990.90857,2.855929,70.31007,4.5589952,9.49
2020-12-06 10:00:00,,301.50946,992.07776,3.308095,76.49394,4.832126,14.5
2020-12-06 11:00:00,,301.51172,992.5864,2.1122363,75.01585,0.73324704,10.59
2020-12-06 12:00:00,,301.50006,993.34705,1.6525294,75.94715,0.52298605,6.3999996
2020-12-06 13:00:00,,301.39154,993.3722,0.72128767,76.28793,0.13655424,5.54
2020-12-06 14:00:00,,301.4137,993.39874,0.8359839,76.45488,0.0017285347,4.38
2020-12-06 15:00:00,,301.3235,992.7661,0.6865983,77.2995,0.044494867,2.34
2020-12-06 16:00:00,,301.2193,992.53827,1.4131281,78.66929,0.28201938,2.02
2020-12-06 17:00:00,,300.93652,992.2793,2.2742167,81.4124,0.06186962,1.6099999
2020-12-06 18:00:00,,300.8477,992.2377,2.2747273,82.763374,0.002682209,1.15
2020-12-06 19:00:00,,300.18744,991.76904,2.2582135,81.39889,0.023841858,0.65999997
2020-12-06 20:00:00,,300.1864,992.03394,2.880517,82.81166,0.004720874,0.0
2020-12-06 21:00:00,,300.17334,992.7914,3.0658975,84.16079,0.030726194,0.49999997
2020-12-06 22:00:00,,300.27893,993.7712,3.539625,83.25063,0.4145205,0.29999998
2020-12-06 23:00:00,,300.4341,994.21014,4.3730903,80.13844,0.36484003,0.04
2020-12-07 00:00:00,,301.06714,994.375,5.652649,71.97442,13.277936,0.19999999
2020-12-07 01:00:00,,302.0302,993.998,5.8663163,64.59302,0.0,0.0
2020-12-07 02:00:00,,303.52325,993.5012,5.711121,57.41772,0.0,0.0
2020-12-07 03:00:00,,305.05017,992.6944,5.5560594,50.831825,0.0,0.0
2020-12-07 04:00:00,,305.98184,991.7229,5.31329,46.35321,0.0,0.38
2020-12-07 05:00:00,,307.14935,990.7537,5.6545944,42.75679,0.0,0.0
2020-12-07 06:00:00,,307.84744,990.0595,6.032964,41.070564,0.0,0.0
2020-12-07 07:00:00,,307.32587,988.96844,5.1865864,43.172928,0.0616163,0.14999999
2020-12-07 08:00:00,,305.3072,989.9966,7.4085073,48.553806,0.22284687,0.14999999
2020-12-07 09:00:00,,302.0147,991.51373,7.2631407,64.133,0.21333992,0.28
2020-12-07 10:00:00,,300.13727,992.5117,5.6624365,76.70147,0.7047355,0.89
2020-12-07 11:00:00,,299.70453,993.1886,5.3116713,79.78844,1.2479722,1.56
2020-12-07 12:00:00,,299.35,993.8378,5.23403,83.19487,1.3761222,4.39
2020-12-07 13:00:00,,299.18903,994.06305,5.2639117,85.1137,1.533553,5.2799997
2020-12-07 14:00:00,,298.8302,994.65717,5.3684945,86.17306,1.5590638,4.4399996
2020-12-07 15:00:00,,298.578,994.21545,4.9908004,86.33893,1.3393611,4.6899996
2020-12-07 16:00:00,,298.6076,993.5634,4.509097,86.007416,0.6759763,2.8
2020-12-07 17:00:00,,298.61594,993.0906,4.35274,85.42444,0.5004704,3.2799997
2020-12-07 18:00:00,,298.5416,992.7333,4.5623193,85.10344,0.42504072,2.77
2020-12-07 19:00:00,,298.0946,993.3303,3.3763425,87.39166,1.3072193,2.26
2020-12-07 20:00:00,,297.92853,993.0183,3.398962,88.6338,1.3798475,0.41
2020-12-07 21:00:00,,298.02997,993.6902,3.7960727,87.70414,0.9890795,0.33999997
2020-12-07 22:00:00,,298.12463,994.1889,4.5728946,85.84013,0.76135993,1.1899999
2020-12-07 23:00:00,,298.4556,994.59,5.1034307,85.094574,0.46145916,0.02
2020-12-08 00:00:00,,299.14795,994.5405,6.3421807,79.865875,14.90891,0.0
2020-12-08 01:00:00,,299.72717,994.47345,7.200847,74.18825,0.0,0.0
2020-12-08 02:00:00,,300.5528,994.0426,7.4986067,68.89106,0.050563365,0.0
2020-12-08 03:00:00,,301.20618,993.3256,7.167267,66.005104,0.06571971,1.1999999
2020-12-08 04:00:00,,301.47656,992.3807,6.871009,64.71882,0.064350665,3.3799999
2020-12-08 05:00:00,,302.17877,991.563,6.9269414,62.131775,0.02302602,4.4399996
2020-12-08 06:00:00,,302.8147,990.6297,6.655204,60.621006,0.019516796,3.8199997
2020-12-08 07:00:00,,300.6752,991.1675,2.5427144,72.60442,0.8974112,3.67
2020-12-08 08:00:00,,299.6756,991.1022,3.1904864,78.96045,1.0168478,1.64
2020-12-08 09:00:00,,299.31805,991.51654,4.081381,79.207664,1.1930764,1.0699999
2020-12-08 10:00:00,,298.8694,992.0927,4.266541,81.61583,1.5280471,1.5
2020-12-08 11:00:00,,298.5744,992.4377,3.701296,84.060936,1.744464,0.19
2020-12-08 12:00:00,,298.20752,992.82416,3.761653,88.06557,1.5334859,0.0
2020-12-08 13:00:00,,298.22913,993.2531,3.92496,88.5007,1.6876757,0.17999999
2020-12-08 14:00:00,,298.12378,993.2647,4.636861,88.88737,2.361104,0.82
2020-12-08 15:00:00,,298.07285,992.3451,4.3920817,89.18996,1.9521415,3.06
2020-12-08 16:00:00,,298.17523,991.4572,4.921111,89.117065,1.1214763,5.06
2020-12-08 17:00:00,,298.18576,990.4125,5.6976304,86.697235,0.74869394,2.2
2020-12-08 18:00:00,,298.22528,989.94,6.1310525,82.37244,0.35089254,1.5799999
2020-12-08 19:00:00,,298.49475,988.7445,5.6590357,84.604485,0.6124675,0.0
2020-12-08 20:00:00,,298.56454,989.04846,5.6977873,84.4335,0.2975762,0.0
2020-12-08 21:00:00,,298.58405,989.73206,5.737724,84.15891,0.30511618,0.29999998
2020-12-08 22:00:00,,298.72375,990.4822,5.5368433,83.357735,0.5735457,2.21
2020-12-08 23:00:00,,298.83826,991.32404,5.5132346,82.85385,0.80499053,3.37
2020-12-09 00:00:00,,299.04898,991.2486,6.205766,82.16747,19.819141,4.25
2020-12-09 01:00:00,,299.66458,991.423,6.462002,80.74174,0.0,2.34
2020-12-09 02:00:00,,300.36334,991.0591,7.113403,78.21378,0.6272793,4.42
2020-12-09 03:00:00,,300.6909,990.5111,6.6467714,78.58436,0.82298744,1.3899999
2020-12-09 04:00:00,,301.14258,989.6485,5.8696103,78.14729,0.7404685,3.26
2020-12-09 05:00:00,,301.6623,988.8155,5.6623387,76.25291,0.44637918,3.7199998
2020-12-09 06:00:00,,302.02087,988.31805,6.245365,74.20996,0.38848817,1.8899999
2020-12-09 07:00:00,,300.77496,989.3086,4.945446,81.53656,1.9713044,2.3400002
2020-12-09 08:00:00,,300.16873,989.2777,5.8055477,80.437744,1.1592954,2.9299998
2020-12-09 09:00:00,,299.51407,989.6312,6.120406,82.95109,0.6111264,4.2799997
2020-12-09 10:00:00,,299.0481,989.7972,6.1211534,83.9639,0.5738586,3.1499999
2020-12-09 11:00:00,,298.89075,990.53827,5.6106296,84.41127,0.44368207,3.32
2020-12-09 12:00:00,,298.75632,990.8696,5.1554346,85.08353,0.29715335,0.0
2020-12-09 13:00:00,,298.6364,991.27783,4.902089,85.670555,0.82333386,0.0
2020-12-09 14:00:00,,298.62027,991.4197,4.409971,84.76599,1.62144,0.0
2020-12-09 15:00:00,,298.52582,990.8117,4.0329723,84.86479,0.02835691,0.0
2020-12-09 16:00:00,,298.30728,990.302,3.5323005,86.38242,0.0017285347,0.0
2020-12-09 17:00:00,,298.1305,990.08484,3.0804968,86.98598,0.0,0.06
2020-12-09 18:00:00,,298.0033,989.92755,2.9779758,87.5244,0.022113323,0.92
2020-12-09 19:00:00,,298.20386,989.3287,4.345336,82.938644,0.040084124,0.0
2020-12-09 20:00:00,,298.05444,990.1036,3.9221787,83.79669,0.36129355,0.0
2020-12-09 21:00:00,,297.9894,991.07196,3.527196,84.06275,0.8468032,0.9499999
2020-12-09 22:00:00,,298.17197,992.03326,3.342395,83.66759,1.6866028,1.5999999
2020-12-09 23:00:00,,298.48346,992.473,3.27136,83.70041,1.4978051,0.58
2020-12-10 00:00:00,60.16,299.1013,992.62,3.1314683,82.424385,17.396057,0.53
2020-12-10 01:00:00,60.44,299.3413,992.41626,2.9013898,82.02407,0.0,1.0799999
2020-12-10 02:00:00,59.65,299.76144,992.5574,3.230814,81.534744,1.5057921,0.87999994
2020-12-10 03:00:00,57.91,300.36743,992.02625,4.460293,79.547676,1.382865,0.0
2020-12-10 04:00:00,56.8,300.52423,991.4509,3.2776384,80.53195,0.9382553,0.0
2020-12-10 05:00:00,57.48,300.6457,990.8206,1.8017589,80.990036,0.9517931,0.0
2020-12-10 06:00:00,58.46,301.109,990.55493,1.1991622,79.506226,0.72491914,0.0
2020-12-10 07:00:00,59.25,301.16565,990.6942,2.0524735,78.58248,0.42015314,2.76
2020-12-10 08:00:00,58.86,301.00238,990.7293,1.8171991,80.60231,0.6627217,3.1299999
2020-12-10 09:00:00,58.15,300.72205,991.4503,1.2452065,82.91392,0.8169934,0.0
2020-12-10 10:00:00,58.24,300.46155,992.12146,1.2004817,83.512115,0.9275973,0.0
2020-12-10 11:00:00,59.28,299.9474,992.8844,1.6511275,86.30146,0.8497089,0.51
2020-12-10 12:00:00,59.07,299.4525,993.59845,1.8274707,89.61084,0.45992434,0.0
2020-12-10 13:00:00,58.33,299.11313,993.5393,1.7387425,91.50947,0.22567809,0.0
2020-12-10 14:00:00,57.89,298.85687,993.6039,1.4565059,92.826065,0.039309263,0.0
2020-12-10 15:00:00,57.83,298.523,992.9866,1.5790638,94.24532,0.0,0.0
2020-12-10 16:00:00,58.13,298.50107,992.1822,1.5714691,94.15779,0.0,0.64
2020-12-10 17:00:00,58.5,298.45508,991.6128,1.7338073,93.95695,0.0,0.47
2020-12-10 18:00:00,57.46,298.29477,991.34094,2.212442,94.229866,0.0,0.12
2020-12-10 19:00:00,55.69,298.22156,990.3886,2.6150537,89.96407,0.0,0.099999994
2020-12-10 20:00:00,54.61,298.16388,990.3864,2.387518,90.13404,0.0,0.0
2020-12-10 21:00:00,54.93,298.13702,991.26154,2.1615105,90.45692,0.0,0.0
2020-12-10 22:00:00,55.73,298.7584,991.84644,1.7598644,89.388245,0.0,0.0
2020-12-10 23:00:00,56.56,299.8781,992.53394,1.9490037,84.4467,0.0,0.0
2020-12-11 00:00:00,58.4,301.04053,992.9695,2.3424141,79.473885,10.869026,0.0
2020-12-11 01:00:00,58.97,301.98584,992.782,2.61787,75.82336,0.0,0.0
2020-12-11 02:00:00,59.68,302.5116,992.327,2.77785,73.43176,0.088404864,0.0
2020-12-11 03:00:00,59.51,303.74432,991.0759,2.9249375,70.683784,0.08480623,1.43
2020-12-11 04:00:00,60.12,304.94476,989.63055,3.6325727,68.140236,0.037621707,3.6999998
2020-12-11 05:00:00,60.62,305.7909,988.41095,4.0715876,61.61744,0.034134835,3.4699998
2020-12-11 06:00:00,59.55,305.7439,988.4434,5.0574164,58.10252,2.7286372,3.3899999
2020-12-11 07:00:00,59.0,302.10333,988.58435,5.503643,74.21319,0.36209822,3.29
2020-12-11 08:00:00,58.39,301.84955,988.64264,4.3105493,76.746704,0.013784971,4.66
2020-12-11 09:00:00,58.4,301.89355,989.18396,3.7175317,76.95957,0.68151206,3.36
2020-12-11 10:00:00,58.06,301.43298,990.2,2.7281034,80.40739,0.09417534,2.4499998
2020-12-11 11:00:00,58.21,300.93182,991.1164,2.3350449,83.25851,0.30882657,0.52
2020-12-11 12:00:00,57.0,300.56195,991.70013,2.2518795,85.57947,0.089004636,0.62
2020-12-11 13:00:00,55.62,300.261,991.9924,2.8757932,86.67415,0.124409795,0.78
2020-12-11 14:00:00,53.96,299.92383,991.97705,3.3141232,87.391525,0.036269426,1.26
2020-12-11 15:00:00,53.74,299.54834,991.2514,3.4013367,88.08652,0.0,0.66999996
2020-12-11 16:00:00,55.36,299.22107,990.7282,3.4575858,88.85796,0.002771616,1.16
2020-12-11 17:00:00,56.82,298.94287,990.2047,3.3355057,89.32752,0.02606213,0.35
2020-12-11 18:00:00,57.23,298.66312,989.6418,3.3849368,89.78411,0.10639429,0.0
2020-12-11 19:00:00,56.67,298.3766,989.4897,4.008679,88.909256,0.0,0.19
2020-12-11 20:00:00,56.77,298.36847,989.80725,3.8175018,88.51532,0.0,0.59
2020-12-11 21:00:00,56.11,298.37982,990.3616,3.5758295,88.39251,0.0,0.14999999
2020-12-11 22:00:00,55.86,298.89764,991.1661,3.4423223,87.5465,0.046789646,0.0
2020-12-11 23:00:00,56.36,300.06952,991.4524,5.584376,82.50509,0.0046789646,0.0
2020-12-12 00:00:00,58.98,301.06308,991.50446,6.730911,77.856735,5.026245,0.0
2020-12-12 01:00:00,59.32,301.89777,991.3142,6.4877715,74.96059,0.0,0.0
2020-12-12 02:00:00,59.26,302.8957,990.992,6.5681133,72.74197,0.1600748,0.0
2020-12-12 03:00:00,57.98,303.2421,990.16907,6.593024,72.69607,0.3797589,0.0
2020-12-12 04:00:00,56.63,303.4202,989.5238,6.8792,72.42625,0.23049116,0.0
2020-12-12 05:00:00,57.6,303.01825,988.79407,7.377306,73.105095,0.8038357,0.0
2020-12-12 06:00:00,58.17,302.7364,988.2586,7.186633,71.06646,1.185976,0.0
2020-12-12 07:00:00,57.43,301.64532,988.2556,5.2751703,74.84074,0.04070252,0.25
2020-12-12 08:00:00,55.83,302.0129,988.1456,4.785253,71.92253,0.006429851,0.0
2020-12-12 09:00:00,52.8,301.57288,988.8322,3.6500714,75.017044,0.1975298,0.0
2020-12-12 10:00:00,50.37,301.05118,989.1995,2.7459402,78.2988,0.01296401,0.0
2020-12-12 11:00:00,48.91,300.4576,989.7017,2.6154294,81.43926,0.0,0.0
2020-12-12 12:00:00,48.3,300.01678,990.3586,2.73508,83.735504,0.0,0.0
2020-12-12 13:00:00,49.23,299.60315,990.7405,2.9357133,85.82089,0.0,0.0
2020-12-12 14:00:00,50.5,299.17755,991.10205,3.0939481,87.92746,0.0,0.0
2020-12-12 15:00:00,51.61,298.83612,990.6758,3.236556,89.54779,0.0,0.76
2020-12-12 16:00:00,52.07,298.56964,990.22986,3.3240283,90.71476,0.0,0.0
2020-12-12 17:00:00,51.43,298.30615,990.00073,3.285475,91.85713,0.0,0.0
2020-12-12 18:00:00,49.79,298.20978,989.6347,3.1360269,92.52549,0.0,0.0
2020-12-12 19:00:00,48.88,298.20737,989.6678,2.912836,91.16416,0.0,0.0
2020-12-12 20:00:00,48.87,298.08722,989.86993,2.6083224,92.04078,0.0,0.0
2020-12-12 21:00:00,49.28,297.87396,990.5076,2.3451116,93.21461,0.0,0.0
2020-12-12 22:00:00,49.32,298.3147,991.3059,2.3957539,92.23018,0.0,0.0
2020-12-12 23:00:00,48.35,299.50467,991.83844,3.959224,85.46688,0.0077039003,0.0
2020-12-13 00:00:00,47.31,300.569,992.04175,3.8058271,79.24903,3.108859,0.0
2020-12-13 01:00:00,48.01,301.4973,992.10187,3.2259524,72.1989,0.0,0.0
2020-12-13 02:00:00,47.7,302.3604,992.15063,2.6799943,66.02921,0.0058449805,0.0
2020-12-13 03:00:00,47.17,303.17578,991.8172,2.4418597,61.514046,0.0,0.0
2020-12-13 04:00:00,46.72,303.92578,991.15704,2.466615,57.32102,0.0,0.0
2020-12-13 05:00:00,46.29,304.52847,990.3312,2.4734075,53.362328,0.0,0.0
2020-12-13 06:00:00,44.77,304.913,989.83936,2.6729221,50.109787,0.0,0.13
2020-12-13 07:00:00,42.72,305.1828,988.41705,3.0811658,46.569855,0.0,0.01
2020-12-13 08:00:00,42.25,304.5323,988.33795,3.1908553,48.251354,0.0,0.0
2020-12-13 09:00:00,41.7,303.9911,988.59436,2.985166,53.288643,0.0,0.0
2020-12-13 10:00:00,41.16,302.518,989.6311,2.5219715,62.86152,0.0,0.0
2020-12-13 11:00:00,40.62,301.0295,990.59485,2.3443367,70.90418,0.0,0.0
2020-12-13 12:00:00,40.01,300.03897,991.317,2.306066,75.50864,0.0,0.0
2020-12-13 13:00:00,39.37,299.29578,991.5136,2.5009835,77.82523,0.0,0.0
2020-12-13 14:00:00,38.5,298.68503,991.8561,2.5238492,79.84021,0.0,0.0
2020-12-13 15:00:00,38.29,298.30878,991.5718,2.651356,80.65218,0.0,0.0
2020-12-13 16:00:00,39.22,298.013,991.0792,2.8420854,81.23446,0.0,0.0
2020-12-13 17:00:00,40.2,297.71756,990.60406,2.8701508,82.24946,0.0,0.0
2020-12-13 18:00:00,41.76,297.48798,990.27655,2.8781161,83.31219,0.0,0.0
2020-12-13 19:00:00,42.21,297.6737,990.39343,2.8847456,84.50198,0.0,0.0
2020-12-13 20:00:00,41.87,297.47458,990.8727,2.6613019,86.52838,0.0,0.0
2020-12-13 21:00:00,41.33,297.1863,991.14825,2.408003,88.53798,0.0,0.0
2020-12-13 22:00:00,40.94,297.8494,992.0221,2.1930108,86.98741,0.0,0.0
2020-12-13 23:00:00,40.12,299.19815,992.23016,2.6746228,79.98859,0.0,0.0
2020-12-14 00:00:00,38.69,300.58154,992.28125,2.7533915,75.08543,0.016066432,0.0
2020-12-14 01:00:00,38.97,302.0529,992.0701,2.8761141,68.72706,0.0,0.0
2020-12-14 02:00:00,39.33,303.2649,991.53485,2.7439256,62.589233,0.008761883,0.0
2020-12-14 03:00:00,39.33,304.04395,990.81,2.4085317,58.997787,0.00879541,0.0
2020-12-14 04:00:00,39.68,304.75015,990.2589,2.1554852,55.981647,0.010941178,0.0
2020-12-14 05:00:00,40.14,305.17755,989.7367,1.9337472,53.090824,0.0,0.0
2020-12-14 06:00:00,39.93,305.58386,989.1278,1.9712108,51.008194,0.0,0.0
2020-12-14 07:00:00,40.83,306.72803,988.1446,1.6010287,45.501724,0.0,0.0
2020-12-14 08:00:00,41.67,306.68878,987.80237,2.0395021,45.106037,0.0,0.0
2020-12-14 09:00:00,42.24,306.2473,988.3759,2.381055,48.815617,0.0,0.0
2020-12-14 10:00:00,42.78,304.6079,989.01685,2.632918,59.57806,0.0,0.0
2020-12-14 11:00:00,43.02,303.0431,989.6548,2.8509567,67.32743,0.0,0.0
2020-12-14 12:00:00,42.79,302.06897,990.4258,2.8694086,71.00093,0.0,0.0
2020-12-14 13:00:00,42.4,301.37122,990.65576,2.8222237,73.398605,0.0,0.0
2020-12-14 14:00:00,42.35,300.922,991.048,2.830645,74.81054,0.0,0.0
2020-12-14 15:00:00,42.35,300.6041,990.80475,2.9880977,75.49601,0.0,0.0
2020-12-14 16:00:00,42.08,300.10916,990.2486,3.0893545,76.49187,0.0,0.0
2020-12-14 17:00:00,41.56,299.82596,989.9433,2.9451048,77.41518,0.0,0.0
2020-12-14 18:00:00,41.14,299.43982,989.2615,2.85237,78.670204,0.0,0.0
2020-12-14 19:00:00,41.28,299.5219,989.54065,2.9297817,82.16674,0.0,0.0
2020-12-14 20:00:00,40.99,299.128,989.60516,2.5633886,84.62792,0.0,0.0
2020-12-14 21:00:00,40.65,298.5902,990.0568,1.6603866,88.61364,0.0,0.0
2020-12-14 22:00:00,40.22,299.41278,990.9458,1.1865541,85.44993,0.0,0.0
2020-12-14 23:00:00,39.64,300.83417,990.96423,1.8016596,76.11092,0.0,0.0
2020-12-15 00:00:00,39.17,302.19916,991.0316,2.389537,69.49632,0.029358268,0.0
2020-12-15 01:00:00,39.35,303.57227,990.6678,2.871558,64.30349,0.0,0.0
2020-12-15 02:00:00,39.51,304.96118,990.06604,3.3748324,59.663307,0.0,0.0
2020-12-15 03:00:00,39.15,306.11703,989.3782,3.7877777,54.660313,0.0,0.0
2020-12-15 04:00:00,38.79,307.03583,988.8723,3.8128781,50.215034,0.0,0.0
2020-12-15 05:00:00,38.74,307.4936,988.3753,3.7955549,48.051994,0.0,0.0
2020-12-15 06:00:00,38.68,307.84766,987.62274,3.973206,46.837852,0.0,0.0
2020-12-15 07:00:00,39.77,308.41626,986.8339,4.120794,40.633373,0.0,0.0
2020-12-15 08:00:00,40.1,307.09235,986.2686,3.8840868,40.946312,0.2740994,0.53999996
2020-12-15 09:00:00,40.71,306.12054,986.9778,3.7025185,48.330715,0.0,0.34999996
2020-12-15 10:00:00,42.46,304.35223,987.61633,3.4330597,56.702076,0.0,0.82
2020-12-15 11:00:00,42.76,303.09595,988.0083,2.8246202,63.179962,0.0,0.64
2020-12-15 12:00:00,42.85,302.1384,989.01404,2.5592291,68.50399,0.0,0.0
2020-12-15 13:00:00,42.92,301.5158,989.4288,2.592665,71.33688,0.0,0.0
2020-12-15 14:00:00,41.56,301.18533,989.82166,3.0192223,72.038284,0.0,0.0
2020-12-15 15:00:00,38.83,300.68277,989.6083,3.478297,73.293335,0.0,0.0
2020-12-15 16:00:00,37.39,300.25555,989.0642,3.8648148,74.21385,0.0,0.0
2020-12-15 17:00:00,37.44,299.92807,988.27783,4.3222284,74.26085,0.0,0.0
2020-12-15 18:00:00,37.65,299.5603,987.6487,4.5570736,74.850044,0.0,0.0
2020-12-15 19:00:00,37.99,299.07275,988.1247,1.4410043,83.06336,0.0,0.0
2020-12-15 20:00:00,38.91,299.08734,988.2241,0.94906944,83.548645,0.0,0.0
2020-12-15 21:00:00,39.92,298.79257,988.91736,1.9142548,85.83713,0.0,0.0
2020-12-15 22:00:00,41.01,299.51175,989.34546,2.3713558,84.726326,0.0,0.0
2020-12-15 23:00:00,41.51,301.1012,989.78345,4.0058837,75.631004,0.0,0.0
2020-12-16 00:00:00,43.34,302.50195,989.7992,5.0100327,67.77079,0.27409196,0.0
2020-12-16 01:00:00,43.52,304.01102,989.3714,5.4213758,61.91945,0.0,0.0
2020-12-16 02:00:00,43.4,305.5677,988.9377,5.3916364,56.75391,0.0,0.0
2020-12-16 03:00:00,42.86,306.98523,988.0475,5.100103,51.53872,0.0,0.0
2020-12-16 04:00:00,42.46,308.21265,987.34546,4.705149,46.61926,0.0,0.0
2020-12-16 05:00:00,42.67,309.07614,986.2544,4.4895606,43.063698,0.0,0.0
2020-12-16 06:00:00,42.95,309.59937,985.40356,4.4417267,40.63784,0.0,0.0
2020-12-16 07:00:00,43.02,310.09583,984.76154,4.8070536,36.30425,0.0,0.0
2020-12-16 08:00:00,42.93,309.67566,984.34393,4.713865,37.17754,0.0,0.0
2020-12-16 09:00:00,42.79,308.51978,984.4973,3.4533536,44.60833,0.0,0.0
2020-12-16 10:00:00,42.59,306.92657,985.34296,2.2094593,53.310013,0.0,0.0
2020-12-16 11:00:00,42.16,305.0052,985.7554,2.898315,61.46802,0.0,0.0
2020-12-16 12:00:00,41.91,303.7591,986.2076,3.343402,65.36937,0.0,0.0
2020-12-16 13:00:00,42.69,302.9906,986.9576,3.3910325,67.41609,0.0,0.0
2020-12-16 14:00:00,42.9,302.17633,987.77234,2.5780363,71.598274,0.07621944,0.0
2020-12-16 15:00:00,43.41,301.5313,987.66016,2.6620674,73.4035,0.049270682,0.0
2020-12-16 16:00:00,45.5,301.1157,987.3089,2.8608778,74.82498,0.0,0.0
2020-12-16 17:00:00,47.87,300.64032,986.7067,2.1538696,78.51959,0.0,0.0
2020-12-16 18:00:00,48.71,300.33405,986.2589,2.781514,79.07449,0.0,0.0
2020-12-16 19:00:00,47.68,300.29456,986.47375,4.4068303,79.49658,0.0,0.0
2020-12-16 20:00:00,46.75,299.99768,986.44006,4.3644257,82.32574,0.0,0.0
2020-12-16 21:00:00,46.33,299.61206,986.9325,3.842384,84.83018,0.0,0.0
2020-12-16 22:00:00,45.94,300.16125,988.1044,3.917259,83.19093,0.0,0.0
2020-12-16 23:00:00,45.17,301.65662,988.7011,5.0026426,74.80533,0.0,0.0
2020-12-17 00:00:00,42.51,303.22867,988.62524,5.296998,66.79253,0.12851954,0.0
2020-12-17 01:00:00,42.28,304.94543,988.20544,5.4410143,59.209972,0.0,0.0
2020-12-17 02:00:00,42.9,306.62915,987.64984,5.577412,52.31959,0.0,0.0
2020-12-17 03:00:00,43.69,308.04514,986.8095,5.6703267,47.06885,0.0,0.0
2020-12-17 04:00:00,44.27,309.20117,986.0422,5.613061,43.13833,0.0,0.0
2020-12-17 05:00:00,44.34,310.05112,985.3685,5.2982926,40.424683,0.0,0.0
2020-12-17 06:00:00,43.5,310.62543,984.8661,4.7521653,38.226322,0.0,0.0
2020-12-17 07:00:00,43.04,310.99817,983.2377,4.34382,35.955166,0.0110939145,0.0
2020-12-17 08:00:00,43.82,311.0959,982.98706,3.8620942,35.210262,0.0,0.0
2020-12-17 09:00:00,45.86,310.4336,983.387,2.6824305,38.46835,0.0034794211,0.0
2020-12-17 10:00:00,47.88,308.5892,984.4252,0.7214293,49.01722,0.14336407,0.0
2020-12-17 11:00:00,48.52,303.82263,986.7879,6.8938494,66.737915,0.9432584,0.0
2020-12-17 12:00:00,48.49,301.05634,987.7363,6.647923,77.276955,1.0969341,0.0
2020-12-17 13:00:00,48.23,300.77573,987.7092,5.3420253,78.86709,0.06942451,0.0
2020-12-17 14:00:00,49.04,300.87848,987.61,4.1102414,77.77689,0.0,0.0
2020-12-17 15:00:00,49.78,300.7854,987.2381,3.6526418,78.08341,0.0,0.0
2020-12-17 16:00:00,49.4,300.72327,986.5743,3.5150466,78.23231,0.0,0.0
2020-12-17 17:00:00,49.25,300.58948,986.1264,2.9216695,79.32016,0.0,0.0
2020-12-17 18:00:00,48.4,300.3606,985.67126,2.2797077,81.73931,0.0,0.0
2020-12-17 19:00:00,49.04,300.2583,986.3045,2.6375222,82.39949,0.0,0.0
2020-12-17 20:00:00,49.88,299.9202,986.4878,2.5080562,85.26066,0.0,0.0
2020-12-17 21:00:00,49.73,299.63837,987.37665,2.5476918,87.387,0.0,0.0
2020-12-17 22:00:00,48.97,300.28662,987.711,2.9091392,85.42488,0.0,0.0
2020-12-17 23:00:00,48.21,302.086,987.8806,3.4216764,76.01139,0.0,0.0
2020-12-18 00:00:00,49.96,303.95575,987.98236,3.1163514,64.56217,2.2692711,0.0
2020-12-18 01:00:00,49.34,305.79126,987.7593,3.592027,54.954338,0.0,0.0
2020-12-18 02:00:00,49.29,307.6084,987.3498,4.19366,47.162636,0.0,0.0
2020-12-18 03:00:00,48.34,309.32318,986.32416,4.455278,40.830822,0.0,0.0
2020-12-18 04:00:00,46.92,310.79498,985.28375,4.4158363,35.85218,0.0,0.0
2020-12-18 05:00:00,46.33,311.81494,984.1344,4.902085,32.257202,0.0,0.0
2020-12-18 06:00:00,46.52,312.4622,983.4115,5.565385,30.123447,0.0,0.0
2020-12-18 07:00:00,47.93,312.05975,982.49756,5.3644185,32.668194,0.0,0.98999995
2020-12-18 08:00:00,48.68,312.0302,982.4179,6.1007323,31.528627,0.0036209822,0.92999995
2020-12-18 09:00:00,48.2,310.68146,982.74866,4.252245,33.98622,0.004261732,0.0
2020-12-18 10:00:00,46.9,308.69507,983.0436,2.7428946,43.09373,0.0,0.0
2020-12-18 11:00:00,45.26,306.64224,983.57263,2.752469,51.6544,0.0,0.0
2020-12-18 12:00:00,44.6,305.50214,984.2184,2.7396731,56.899895,0.0,0.0
2020-12-18 13:00:00,43.11,304.68683,985.0031,2.904752,58.566265,0.0,0.0
2020-12-18 14:00:00,43.58,304.65674,985.78424,3.9561632,53.771614,0.0,0.0
2020-12-18 15:00:00,44.84,304.76865,985.70624,4.311658,50.056725,0.0,0.04
2020-12-18 16:00:00,45.97,304.0736,985.6,3.5940628,52.958317,0.0,0.82
2020-12-18 17:00:00,46.04,303.07544,985.23517,2.5708625,60.585606,0.0,0.0
2020-12-18 18:00:00,45.4,302.244,985.0411,2.149699,66.63581,0.0,0.03
2020-12-18 19:00:00,46.75,301.71252,985.1328,3.1872652,60.64188,0.0,0.0
2020-12-18 20:00:00,48.35,301.26447,985.30347,3.2120297,63.200676,0.0,0.0
2020-12-18 21:00:00,49.44,300.9273,985.7017,3.2545931,65.412186,0.0,0.0
2020-12-18 22:00:00,50.7,301.5178,986.6944,3.4904578,65.31268,0.0,0.0
2020-12-18 23:00:00,52.67,303.03802,987.21344,4.9942837,61.413532,0.0,0.01
2020-12-19 00:00:00,57.03,303.98187,987.0125,7.3672686,58.501904,0.008869171,0.0
2020-12-19 01:00:00,58.34,304.64218,986.40405,7.1011677,56.837715,0.0,0.0
2020-12-19 02:00:00,59.69,305.85913,985.44275,6.787481,52.93044,0.0,0.0
2020-12-19 03:00:00,60.86,306.93677,984.4373,6.8203216,49.648197,0.0,0.0
2020-12-19 04:00:00,61.84,308.19348,983.21533,6.7028627,46.357212,0.0,0.22
2020-12-19 05:00:00,62.7,305.12537,982.70795,7.8228197,57.870335,2.1203086,0.39999998
2020-12-19 06:00:00,63.87,303.07166,982.8187,6.9460554,70.06429,3.6906748,0.0
2020-12-19 07:00:00,65.15,302.3023,982.53015,6.359151,71.77102,0.96155703,6.52
2020-12-19 08:00:00,66.42,302.70337,982.7944,7.1524177,71.35538,0.94006956,6.51
2020-12-19 09:00:00,67.66,302.10693,983.0355,5.62735,75.08688,1.181066,3.1399999
2020-12-19 10:00:00,68.72,301.09607,984.17267,5.328973,79.861725,2.893716,3.57
2020-12-19 11:00:00,68.41,300.30078,984.4135,4.5459566,83.017525,2.1018982,4.4399996
2020-12-19 12:00:00,68.68,300.23035,984.79443,4.6517553,83.8359,0.2066195,2.97
2020-12-19 13:00:00,69.51,299.98907,984.71704,5.2028775,85.01744,0.20687282,0.73999995
2020-12-19 14:00:00,69.5,299.6947,985.18414,5.248939,85.131744,1.4937371,0.88
2020-12-19 15:00:00,68.59,299.3993,984.7541,5.475314,86.69877,0.3476739,0.0
2020-12-19 16:00:00,67.75,299.24857,984.20197,5.755432,87.45584,0.124812126,0.53
2020-12-19 17:00:00,66.54,299.42358,983.5067,6.199733,86.061584,0.045597553,0.0
2020-12-19 18:00:00,65.71,299.5964,982.73944,6.9253874,84.39243,0.044941902,0.0
2020-12-19 19:00:00,65.64,298.35486,981.6873,2.962279,87.9564,1.3666153,0.0
2020-12-19 20:00:00,65.68,298.25784,982.0214,3.6510422,89.31986,0.36165118,0.0
2020-12-19 21:00:00,65.1,298.12372,982.40424,3.942544,90.559975,0.1591146,0.0
2020-12-19 22:00:00,65.43,298.6615,983.27795,4.1173143,89.07217,0.19812584,0.0
2020-12-19 23:00:00,65.93,299.17615,983.594,5.42886,86.33694,0.634253,0.74
2020-12-20 00:00:00,66.36,299.63495,983.0789,7.326847,84.38583,19.676596,2.04
2020-12-20 01:00:00,67.01,301.38412,982.6772,9.500334,74.986755,0.0,2.42
2020-12-20 02:00:00,67.99,301.95932,982.4789,10.365613,72.6947,0.34613723,1.54
2020-12-20 03:00:00,67.68,303.03265,981.9169,10.144372,68.5744,0.16349182,1.15
2020-12-20 04:00:00,67.45,303.94092,981.24585,9.656372,64.60381,0.10602921,1.14
2020-12-20 05:00:00,67.89,302.36182,980.39844,7.5974083,70.5093,1.9197688,1.6099999
2020-12-20 06:00:00,68.53,301.82123,979.0744,7.7107506,73.555664,2.0762458,5.2999997
2020-12-20 07:00:00,67.38,300.53476,978.986,8.700091,79.427635,0.9744181,1.9199998
2020-12-20 08:00:00,66.3,299.9627,979.0689,7.857723,82.83978,0.28692186,0.40999997
2020-12-20 09:00:00,65.52,299.70203,979.63873,7.272296,83.122604,0.48175454,0.0
2020-12-20 10:00:00,65.94,299.51367,980.3205,6.073977,84.61562,0.1854673,1.6999999
2020-12-20 11:00:00,66.13,299.16348,980.5538,5.316161,86.21152,0.15570968,1.91
2020-12-20 12:00:00,65.6,298.80438,980.7115,5.132618,87.98722,0.43009967,0.48999998
2020-12-20 13:00:00,66.1,298.93375,980.3264,5.463687,86.94189,1.7003869,0.0
2020-12-20 14:00:00,66.49,298.8744,979.5012,7.5335703,87.09873,6.9044533,0.0
2020-12-20 15:00:00,66.87,298.58438,977.83813,10.082636,86.06849,9.638921,0.65
2020-12-20 16:00:00,66.97,298.02966,976.89575,8.766143,90.52463,8.376328,1.8399999
2020-12-20 17:00:00,67.01,297.8151,976.28217,7.7776084,94.59143,5.800128,1.96
2020-12-20 18:00:00,66.91,297.86053,975.7472,7.0896754,95.0904,2.7332902,2.5
2020-12-20 19:00:00,66.41,297.7061,978.5466,1.7952815,92.31676,0.3798008,0.44
2020-12-20 20:00:00,67.27,298.03693,978.5558,0.8717876,89.87619,1.037389,0.77
2020-12-20 21:00:00,67.49,297.8418,978.71857,2.1494484,93.671326,1.3841689,1.8999999
2020-12-20 22:00:00,67.9,297.89334,979.1576,3.098155,92.9883,1.6773939,1.49
2020-12-20 23:00:00,68.14,297.9848,980.0236,4.463683,91.87023,2.0731688,1.95
2020-12-21 00:00:00,67.42,298.46533,980.57367,5.682719,90.52234,49.701027,1.38
2020-12-21 01:00:00,67.1,298.73276,980.9423,6.6012683,89.56695,0.0,0.73
2020-12-21 02:00:00,67.0,299.19745,981.02124,7.0081935,87.8177,0.16502663,1.41
2020-12-21 03:00:00,66.56,299.60138,980.77295,7.295458,86.207756,0.373628,1.97
2020-12-21 04:00:00,65.88,300.31622,980.66455,8.059875,84.43204,0.58719146,0.95
2020-12-21 05:00:00,64.37,300.6015,980.0511,9.127462,80.41316,1.4129803,0.0
2020-12-21 06:00:00,63.14,300.11975,980.08405,8.656425,82.126526,1.2055486,0.0
2020-12-21 07:00:00,62.18,301.48102,980.8764,6.3060412,77.151375,0.07522106,0.62
2020-12-21 08:00:00,60.74,301.19537,980.96906,7.3219376,76.82826,1.2558103,0.39
2020-12-21 09:00:00,58.79,300.08997,982.0519,6.855667,81.39857,0.58803844,0.19999999
2020-12-21 10:00:00,56.41,299.8734,982.80347,6.5246825,82.68148,0.022539403,0.0
2020-12-21 11:00:00,53.89,299.55554,983.4112,6.6563444,82.38584,0.003889203,0.65999997
2020-12-21 12:00:00,51.76,299.3025,984.30273,7.166056,81.71884,0.0021457672,0.0
2020-12-21 13:00:00,49.5,299.01233,985.0442,8.765394,81.88708,0.0048205256,0.0
2020-12-21 14:00:00,46.31,297.97607,985.8136,9.065116,78.30473,0.0022426248,0.0
2020-12-21 15:00:00,41.64,296.46503,986.02325,7.471745,74.5294,0.004634261,0.0
2020-12-21 16:00:00,37.15,295.4038,986.1461,6.2218533,74.9744,0.0,0.0
2020-12-21 17:00:00,33.63,294.8214,985.91376,5.248696,76.09437,0.0,0.0
2020-12-21 18:00:00,30.39,294.42188,986.0203,4.5484757,76.91621,0.0,0.0
2020-12-21 19:00:00,30.03,294.1483,986.2278,3.643658,78.647446,0.0,0.0
2020-12-21 20:00:00,29.78,293.71802,987.0117,3.1137464,80.461754,0.0,0.0
2020-12-21 21:00:00,29.08,293.4731,988.1758,2.8826287,81.78269,0.0,0.0
2020-12-21 22:00:00,30.17,294.11212,989.3273,2.7436767,80.88244,0.0,0.0
2020-12-21 23:00:00,32.13,295.86707,989.73987,4.0255933,71.7044,0.0,0.0
2020-12-22 00:00:00,38.95,297.20688,989.7594,6.064895,65.9884,5.996403,0.0
2020-12-22 01:00:00,40.11,298.501,989.4888,9.715219,59.214676,0.0,0.0
2020-12-22 02:00:00,41.11,299.6997,988.96796,10.264603,55.06386,0.0,0.0
2020-12-22 03:00:00,40.98,300.44385,988.23987,10.181252,53.48959,0.0,0.0
2020-12-22 04:00:00,40.87,300.87445,987.795,9.9819975,52.949905,0.0,0.0
2020-12-22 05:00:00,42.06,300.6402,987.3656,9.547524,53.569794,0.0,0.0
2020-12-22 06:00:00,43.09,300.7183,987.0533,9.641062,52.97056,0.0,0.0
2020-12-22 07:00:00,43.63,300.59833,986.29767,8.680072,57.715122,0.0,0.0
2020-12-22 08:00:00,43.75,300.0104,986.34235,8.215739,59.91379,0.0,0.0
2020-12-22 09:00:00,43.29,299.42737,986.95764,7.393626,61.72377,0.0,0.0
2020-12-22 10:00:00,42.4,298.34174,987.9911,7.1507983,64.74157,0.0,0.0
2020-12-22 11:00:00,41.8,297.44006,988.895,6.9214673,67.18152,0.0,0.0
2020-12-22 12:00:00,41.5,296.7846,989.5556,6.913571,69.21798,0.0018626451,0.0
2020-12-22 13:00:00,41.73,296.26587,989.76263,6.8693104,71.61057,0.0,0.0
2020-12-22 14:00:00,42.91,295.99353,989.8978,6.6819744,73.74254,0.0,0.0
2020-12-22 15:00:00,43.14,295.80746,989.4305,6.437991,75.30462,0.0,0.0
2020-12-22 16:00:00,43.58,295.7263,988.81177,6.3821197,76.10117,0.0055879354,0.0
2020-12-22 17:00:00,44.01,295.39307,988.1612,6.312614,78.3904,0.14609098,0.0
2020-12-22 18:00:00,45.3,295.21478,987.84674,6.202105,79.770996,0.17225742,0.0
2020-12-22 19:00:00,47.99,295.43866,987.4903,6.212102,79.642166,0.106185675,0.0
2020-12-22 20:00:00,49.22,295.38373,987.5821,6.281733,80.132996,0.0757575,0.0
2020-12-22 21:00:00,50.61,295.31586,988.2761,6.2485156,80.1186,0.0923872,0.0
2020-12-22 22:00:00,51.06,295.31653,989.0234,6.187449,79.9794,0.024497509,0.0
2020-12-22 23:00:00,51.8,295.52353,989.33624,6.295147,79.4359,0.0010430813,0.0
2020-12-23 00:00:00,49.65,296.02536,989.5611,6.086885,77.81377,0.6261766,0.0
2020-12-23 01:00:00,50.45,296.64105,989.53143,8.206725,74.296455,0.0,0.0
2020-12-23 02:00:00,51.11,297.09058,989.3162,8.030718,73.44026,0.0017415732,0.0
2020-12-23 03:00:00,51.94,297.55774,988.8878,7.7953615,72.43717,0.0051930547,0.0
2020-12-23 04:00:00,52.54,297.82446,988.26196,7.1103396,72.422905,0.023242086,0.0
2020-12-23 05:00:00,53.13,297.95117,987.8842,6.9119067,72.89784,0.032629818,0.0
2020-12-23 06:00:00,53.38,297.93872,987.4111,6.5313573,73.8928,0.023283064,0.0
2020-12-23 07:00:00,53.45,299.74326,986.4928,5.957409,69.495995,0.018335879,0.0
2020-12-23 08:00:00,53.5,299.45743,986.4858,5.681352,71.75693,0.0042915344,0.0
2020-12-23 09:00:00,53.38,299.06833,987.01874,5.1884527,74.264946,0.0021457672,0.0
2020-12-23 10:00:00,53.69,298.52118,987.90155,5.2185974,76.00054,0.004284084,0.0
2020-12-23 11:00:00,54.0,297.98566,988.4687,5.1275377,78.089134,0.04220754,0.0
2020-12-23 12:00:00,53.88,297.6595,989.2644,5.041752,79.34212,0.015467405,0.0
2020-12-23 13:00:00,53.96,297.40875,989.7557,5.2282047,79.94896,0.0115558505,0.0
2020-12-23 14:00:00,53.99,297.03555,989.8627,5.44828,81.14757,0.0026151538,0.0
2020-12-23 15:00:00,53.96,296.62277,989.2886,5.371393,82.64166,0.0017210841,0.0
2020-12-23 16:00:00,54.59,296.17642,988.5733,4.5971646,84.73817,0.0,0.0
2020-12-23 17:00:00,54.55,295.90784,987.9011,3.6923218,86.889244,0.0,0.0
2020-12-23 18:00:00,54.93,295.7196,987.4525,3.0619924,89.04301,0.0,0.0
2020-12-23 19:00:00,54.23,296.1781,987.57,3.766482,85.5708,0.0,0.0
2020-12-23 20:00:00,54.15,296.1153,987.7146,3.4605768,86.54947,0.0,0.0
2020-12-23 21:00:00,53.67,296.10718,988.16846,3.1488159,87.40842,0.0,0.0
2020-12-23 22:00:00,53.19,296.63507,989.05884,2.9266198,86.90291,0.0,0.0
2020-12-23 23:00:00,53.03,297.94257,989.69916,3.5768788,82.94275,0.004708767,0.0
2020-12-24 00:00:00,51.87,299.42328,989.79266,3.9343326,78.60213,0.4249394,0.0
2020-12-24 01:00:00,52.38,300.6057,989.83966,3.3201263,75.31371,0.0,0.0
2020-12-24 02:00:00,52.81,301.51685,989.231,2.3651497,72.889946,0.05280599,0.0
2020-12-24 03:00:00,53.48,302.5338,988.4998,1.145029,68.39124,0.05273521,0.0
2020-12-24 04:00:00,53.71,302.6861,988.0019,0.6727739,68.18629,0.032544136,0.57
2020-12-24 05:00:00,53.25,302.55402,987.642,1.5158873,69.676346,0.714764,0.29999998
2020-12-24 06:00:00,52.73,302.02054,987.5519,3.1290665,70.61754,2.1885633,0.0
2020-12-24 07:00:00,52.68,302.3247,987.1225,1.2259257,71.81028,0.1479641,0.0
2020-12-24 08:00:00,53.11,301.08624,987.40625,3.570222,77.13364,1.3517288,0.0
2020-12-24 09:00:00,54.02,300.19836,987.7725,3.2841406,82.13529,0.3171414,0.0
2020-12-24 10:00:00,56.57,299.2818,988.9931,0.9574348,86.10834,0.6280467,0.0
2020-12-24 11:00:00,58.94,298.84772,989.96,0.68289626,88.171074,0.43812394,0.0
2020-12-24 12:00:00,60.88,298.397,990.64954,1.0439686,90.48453,0.30656904,0.0
2020-12-24 13:00:00,61.93,298.27286,990.9561,0.44686645,90.84771,0.13870001,0.0
2020-12-24 14:00:00,61.59,298.17383,991.20294,0.73990345,91.445694,0.053994358,0.42
2020-12-24 15:00:00,61.23,297.98517,990.9872,0.40605152,92.984695,0.1309812,8.09
2020-12-24 16:00:00,61.19,297.69437,990.4892,0.5222817,93.54542,0.18623471,4.14
2020-12-24 17:00:00,60.13,297.63684,990.13947,0.7393494,92.91597,0.16660988,3.6
2020-12-24 18:00:00,58.69,297.53375,989.8147,0.78491044,93.335846,0.071167946,6.7099996
2020-12-24 19:00:00,56.92,297.8803,989.27673,1.3526657,89.08761,0.09225309,1.67
2020-12-24 20:00:00,55.32,297.69568,989.3028,1.0119611,90.94219,0.0018030405,0.19999999
2020-12-24 21:00:00,53.45,297.40784,989.745,0.9168033,94.07369,0.0015795231,0.0
2020-12-24 22:00:00,51.6,298.05182,990.7358,0.9529097,90.5245,0.0,0.0
2020-12-24 23:00:00,49.92,299.05396,991.1297,1.1036572,85.4548,0.0,0.0
2020-12-25 00:00:00,47.66,300.1141,991.67,1.1752882,80.41208,7.243681,0.0
2020-12-25 01:00:00,47.86,301.4084,991.8,1.4634727,75.29253,0.0,0.0
2020-12-25 02:00:00,47.71,302.27612,991.5053,1.1300387,74.7705,0.026773661,0.0
2020-12-25 03:00:00,47.21,303.05487,991.0259,0.9188258,74.1654,0.041570514,0.0
2020-12-25 04:00:00,46.58,303.68805,990.24475,0.9973082,72.41502,0.035643578,0.0
2020-12-25 05:00:00,46.28,304.38422,989.45,1.3087647,69.06494,0.04182011,0.0
2020-12-25 06:00:00,46.71,304.79495,989.1612,1.3123456,66.13623,0.025391579,0.0
2020-12-25 07:00:00,47.5,305.73993,988.13306,1.9369444,63.996,0.009003284,0.0
2020-12-25 08:00:00,48.39,305.33905,987.8562,1.7601897,62.720585,0.039361417,0.0
2020-12-25 09:00:00,49.45,305.12415,988.0239,1.7530006,63.38961,0.0,0.0
2020-12-25 10:00:00,50.1,303.11957,989.21594,0.6719723,74.10553,0.10991095,0.0
2020-12-25 11:00:00,49.98,301.51093,990.39294,2.2985184,82.992355,0.6961376,0.0
2020-12-25 12:00:00,50.66,300.42188,991.4922,2.3555653,84.795364,1.2887418,0.0
2020-12-25 13:00:00,51.37,299.38687,992.2419,1.8245612,87.76966,1.3685822,0.0
2020-12-25 14:00:00,52.04,298.81378,992.495,1.3533883,89.38053,1.2739927,0.0
2020-12-25 15:00:00,53.03,298.26746,992.28436,0.40706688,91.41159,1.1414438,0.0
2020-12-25 16:00:00,54.3,298.09164,991.59235,0.2660542,92.577095,0.29665232,0.0
2020-12-25 17:00:00,55.49,297.96667,991.1525,0.9966966,93.40447,0.06298721,0.0
2020-12-25 18:00:00,55.7,297.7823,991.0698,1.3825134,94.51393,0.104770064,0.0
2020-12-25 19:00:00,55.78,298.50735,990.64435,1.6980536,92.11601,0.4786551,0.0
2020-12-25 20:00:00,55.74,298.28192,990.8842,1.5711508,92.14325,0.5123466,0.0
2020-12-25 21:00:00,55.82,298.0941,991.3169,1.1648166,93.302246,0.1180619,0.0
2020-12-25 22:00:00,55.81,298.7036,992.2545,0.93321764,90.10182,0.0021606684,0.0
2020-12-25 23:00:00,55.72,299.8001,992.71265,1.3453882,84.46161,0.0,0.0
2020-12-26 00:00:00,55.49,300.85962,992.72296,1.4027795,79.11089,7.695696,0.0
2020-12-26 01:00:00,55.53,301.86182,992.3212,1.1004273,75.92268,0.0,0.0
2020-12-26 02:00:00,55.18,302.70703,991.9414,1.0201486,75.25615,0.0878647,0.0
2020-12-26 03:00:00,55.15,303.46533,991.2472,1.2833571,74.905136,0.13936684,0.39999998
2020-12-26 04:00:00,54.58,304.11523,990.45013,1.3149427,73.33421,0.10493398,0.0
2020-12-26 05:00:00,53.78,304.66464,989.5666,1.2020088,71.23947,0.08431077,0.0
2020-12-26 06:00:00,52.4,304.65393,989.09143,0.998911,68.21883,0.42523444,0.0
2020-12-26 07:00:00,51.13,305.3083,988.113,1.2957991,64.36017,0.0,0.0
2020-12-26 08:00:00,50.21,305.6585,987.6177,1.4531481,61.426098,0.0,0.0
2020-12-26 09:00:00,50.4,304.7985,987.8257,1.6761835,62.887592,0.37446618,0.0
2020-12-26 10:00:00,50.94,303.37943,988.90375,1.6536818,72.332794,0.26907027,0.0
2020-12-26 11:00:00,50.8,302.4696,989.21265,1.372217,78.75425,0.22689998,0.0
2020-12-26 12:00:00,51.31,301.28406,990.5795,2.6933765,84.973755,0.80245733,0.0
2020-12-26 13:00:00,51.86,300.03088,991.2325,3.385686,87.76494,1.1723787,0.0
2020-12-26 14:00:00,51.87,299.57388,991.423,1.6760035,89.657,0.078082085,0.0
2020-12-26 15:00:00,52.56,299.42868,991.22626,1.2874252,90.23897,0.18792135,0.0
2020-12-26 16:00:00,54.16,299.01825,991.0986,2.591068,91.00097,0.4992187,0.0
2020-12-26 17:00:00,55.09,298.48175,990.7319,2.6117213,91.82989,0.9327233,0.0
2020-12-26 18:00:00,54.86,298.2027,990.2464,2.0581155,91.85533,0.2309978,0.0
2020-12-26 19:00:00,55.59,299.28986,989.42096,3.5958705,87.384514,0.076893255,0.0
2020-12-26 20:00:00,56.02,299.0882,990.04736,3.0541377,87.12059,0.13180357,0.0
2020-12-26 21:00:00,57.21,298.74893,990.6718,2.584944,89.21933,0.52011895,0.0
2020-12-26 22:00:00,58.01,299.11584,991.8254,2.3441083,89.72042,0.8148253,0.0
2020-12-26 23:00:00,58.51,300.30682,992.1992,3.6093245,86.604294,0.0102669,1.26
2020-12-27 00:00:00,57.88,301.12976,992.5236,3.4369307,84.141685,7.450732,0.0
2020-12-27 01:00:00,57.88,302.3791,992.1219,2.9093356,80.85176,0.0,0.02
2020-12-27 02:00:00,57.54,303.8362,991.5875,2.73921,70.278885,0.27096272,0.01
2020-12-27 03:00:00,57.84,304.63843,990.5797,2.6071885,66.11035,0.20637363,0.04
2020-12-27 04:00:00,58.14,305.03284,989.9377,2.2646286,63.47351,0.10563433,0.0
2020-12-27 05:00:00,57.56,305.30566,989.1686,2.0320785,63.879936,0.21123886,0.0
2020-12-27 06:00:00,55.89,304.48218,988.48083,1.7014261,68.55007,1.2460649,0.0
2020-12-27 07:00:00,54.64,305.4218,987.28766,2.0296795,64.2892,0.20885468,0.0
2020-12-27 08:00:00,54.53,304.35513,987.3911,1.634767,67.96332,0.47770143,0.0
2020-12-27 09:00:00,54.59,303.76654,987.9153,1.7939728,69.66601,0.3645122,0.0
2020-12-27 10:00:00,54.73,302.78473,988.3081,1.0282147,75.413826,0.51239437,0.0
2020-12-27 11:00:00,54.37,302.04578,989.1195,0.9136047,81.73181,0.27951574,0.0
2020-12-27 12:00:00,54.38,301.51688,989.32776,1.0738974,86.543724,0.0,0.0
2020-12-27 13:00:00,54.76,300.95105,989.67377,0.6921241,92.32386,0.0,0.0
2020-12-27 14:00:00,54.99,300.90112,990.20374,0.48083863,90.735664,0.0,0.0
2020-12-27 15:00:00,55.04,300.51123,989.82935,1.2569329,92.60708,0.0,0.0
2020-12-27 16:00:00,55.33,300.16913,989.2714,1.213052,94.34426,0.0,0.0
2020-12-27 17:00:00,56.24,299.72397,989.02594,1.6956141,94.9721,0.8265674,0.0
2020-12-27 18:00:00,57.92,298.73944,989.0017,2.969065,94.3773,5.4718256,0.0
2020-12-27 19:00:00,59.66,299.14252,988.1378,3.4629996,87.18367,1.1923015,0.42
2020-12-27 20:00:00,61.01,298.5133,988.5684,3.309356,87.525635,1.7923117,0.14999999
2020-12-27 21:00:00,61.04,298.28284,989.47205,2.608735,88.771706,1.3047457,0.13
2020-12-27 22:00:00,61.15,298.47876,990.1417,2.4218333,89.49891,0.6476939,0.0
2020-12-27 23:00:00,61.98,299.5498,990.41876,3.4708862,87.51826,0.13872981,0.21
2020-12-28 00:00:00,60.61,301.03714,990.3985,3.5695593,80.957275,15.436339,1.12
2020-12-28 01:00:00,60.12,301.944,990.5769,2.8071866,79.279526,0.0,1.22
2020-12-28 02:00:00,59.46,302.91617,989.9052,2.984187,74.56487,1.0328665,0.33999997
2020-12-28 03:00:00,58.49,303.31036,988.8212,3.3738723,70.12008,3.754247,0.0
2020-12-28 04:00:00,58.38,303.22656,987.7375,3.6012528,73.04741,3.2417178,0.0
2020-12-28 05:00:00,58.12,303.30563,987.82,2.347164,72.29866,2.062194,0.0
2020-12-28 06:00:00,57.09,303.35022,986.8655,2.5086563,74.52272,0.8145794,0.0
2020-12-28 07:00:00,56.27,303.17828,986.5782,2.6269922,70.96345,3.222078,0.0
2020-12-28 08:00:00,55.17,302.70544,986.94617,3.5635736,76.09654,0.0128299,0.78999996
2020-12-28 09:00:00,56.27,302.16382,987.06305,3.114639,80.14262,0.0,2.48
2020-12-28 10:00:00,55.71,301.72205,987.72205,1.9858023,84.25183,0.0,3.53
2020-12-28 11:00:00,54.82,301.11798,988.7137,1.1288438,87.98393,0.26249886,0.66999996
2020-12-28 12:00:00,55.76,300.33624,989.7364,1.4773259,91.29394,0.88714063,0.0
2020-12-28 13:00:00,56.36,299.4524,990.15186,2.5746257,93.17126,1.9654781,0.0
2020-12-28 14:00:00,57.1,298.77966,991.0588,3.3093781,92.611984,2.4154634,0.11
2020-12-28 15:00:00,57.43,298.02197,990.46735,1.7586217,92.879074,3.8590915,0.0
2020-12-28 16:00:00,58.1,298.05066,989.5295,1.9779948,92.90329,0.20635128,0.0
2020-12-28 17:00:00,57.59,297.80743,989.1241,1.8553617,94.09779,0.85018575,0.0
2020-12-28 18:00:00,57.62,297.66327,988.84106,2.284901,95.22573,0.086411834,0.0
2020-12-28 19:00:00,57.59,298.1756,988.6002,2.6918292,94.22376,0.04784763,0.0
2020-12-28 20:00:00,57.61,298.25104,988.78815,2.206137,93.9447,0.017210841,0.0
2020-12-28 21:00:00,57.54,298.23126,989.18463,2.1022806,94.13804,0.011920929,0.26
2020-12-28 22:00:00,57.31,298.50146,990.22034,1.920233,92.97457,0.0085532665,0.0
2020-12-28 23:00:00,57.09,299.4834,990.885,2.94561,88.24639,0.03309548,0.0
2020-12-29 00:00:00,54.03,300.6258,991.1897,2.660037,85.14828,25.326807,1.31
2020-12-29 01:00:00,52.55,302.25726,990.6521,2.9525862,75.077995,0.0,1.75
2020-12-29 02:00:00,50.93,302.83524,990.40796,2.6976557,75.10182,0.38935804,0.0
2020-12-29 03:00:00,51.15,303.64246,989.6021,2.598544,75.1647,0.24494529,0.0
2020-12-29 04:00:00,51.08,304.21875,988.928,2.6551862,73.544525,0.8702986,0.0
2020-12-29 05:00:00,50.74,304.2342,988.1369,2.6561031,71.99441,0.6877184,0.0
2020-12-29 06:00:00,51.82,304.834,987.5412,2.7397714,69.363144,0.047698617,0.0
2020-12-29 07:00:00,51.75,305.10315,986.57056,3.2971013,62.44081,0.0021532178,0.0
2020-12-29 08:00:00,49.3,305.279,986.4336,3.4398613,59.93962,0.0,0.0
2020-12-29 09:00:00,46.96,305.06766,986.67126,3.1747851,59.29256,0.00106683,0.0
2020-12-29 10:00:00,46.12,304.15802,987.6079,2.0583537,65.75303,0.001065433,0.0
2020-12-29 11:00:00,45.74,302.76367,988.7593,1.6923877,75.84893,0.0,0.0
2020-12-29 12:00:00,47.02,302.10132,989.4372,1.7035974,79.51389,0.0,0.0
2020-12-29 13:00:00,47.64,301.2744,989.8519,1.5524606,83.52091,0.0,0.0
2020-12-29 14:00:00,47.53,300.75598,990.3794,1.2326509,86.278244,0.0,0.0
2020-12-29 15:00:00,47.62,300.47675,990.15186,1.0275258,86.47361,0.0,0.0
2020-12-29 16:00:00,47.53,299.9478,989.82007,1.5234488,87.51077,0.0,0.0
2020-12-29 17:00:00,45.94,299.70807,989.2505,2.1188216,86.33375,0.0,0.0
2020-12-29 18:00:00,44.67,299.29834,989.1689,2.243695,86.280266,0.0,0.0
2020-12-29 19:00:00,43.76,298.90732,989.1621,1.1569232,91.517944,0.0,0.0
2020-12-29 20:00:00,42.67,298.83743,989.383,0.99459994,92.471115,0.0,0.0
2020-12-29 21:00:00,41.76,298.7853,989.818,0.7596515,91.72292,0.0,0.0
2020-12-29 22:00:00,41.02,299.0398,990.405,0.7632346,93.20826,0.0,0.0
2020-12-29 23:00:00,40.06,300.48914,991.03516,0.8017089,85.764824,0.0,0.0
2020-12-30 00:00:00,40.24,301.7901,990.9222,0.33976898,79.46669,2.7575164,0.0
2020-12-30 01:00:00,40.02,303.46088,990.8003,0.81175375,69.83575,0.0,0.0
2020-12-30 02:00:00,39.62,304.72858,990.3869,2.2657638,63.389324,0.0018365681,0.0
2020-12-30 03:00:00,39.93,305.93106,989.72485,4.259417,56.245277,0.007290393,0.0
2020-12-30 04:00:00,40.09,306.6823,989.35345,4.827086,50.999798,0.0,0.0
2020-12-30 05:00:00,39.0,307.0409,988.6817,4.745769,47.406208,0.0,0.0
2020-12-30 06:00:00,37.8,307.2025,988.2394,4.4895988,44.736145,0.0,0.0
2020-12-30 07:00:00,35.2,307.81085,987.3322,4.179433,41.17115,0.0,0.0
2020-12-30 08:00:00,32.61,307.3185,987.15265,3.1677039,44.525154,0.0,0.0
2020-12-30 09:00:00,29.9,306.8942,987.0427,2.4692714,48.32386,0.0,0.0
2020-12-30 10:00:00,27.98,305.06577,988.01154,1.8427168,62.67129,0.0,0.0
2020-12-30 11:00:00,27.69,303.20895,988.3513,1.9286174,70.7283,0.0,0.0
2020-12-30 12:00:00,28.41,302.183,989.15326,2.193605,72.9055,0.0,0.0
2020-12-30 13:00:00,29.27,301.03183,989.47546,2.3670754,76.38624,0.0,0.0
2020-12-30 14:00:00,30.12,300.1999,990.0058,2.4244573,79.181564,0.0,0.0
2020-12-30 15:00:00,30.5,299.42474,989.64044,2.4143522,81.52601,0.0,0.0
2020-12-30 16:00:00,30.57,298.7504,989.4883,2.308688,83.588486,0.0,0.0
2020-12-30 17:00:00,30.65,298.17883,988.91406,2.0685794,85.57266,0.0,0.0
2020-12-30 18:00:00,31.84,297.63867,988.5112,1.8523101,87.61917,0.0,0.0
2020-12-30 19:00:00,32.83,297.69507,988.3081,1.9727541,89.33515,0.0,0.0
2020-12-30 20:00:00,32.69,297.4628,988.57416,1.8777792,89.30143,0.0,0.0
2020-12-30 21:00:00,31.63,297.463,989.48846,1.218704,87.78047,0.0,0.0
2020-12-30 22:00:00,31.72,298.77307,990.42017,0.41953865,81.03146,0.0,0.0
2020-12-30 23:00:00,31.53,300.55164,991.03235,0.87011105,75.34005,0.0,0.0
2020-12-31 00:00:00,33.81,302.3274,991.0468,1.4431075,70.67384,0.009986758,0.0
2020-12-31 01:00:00,34.05,303.96326,990.84015,1.7161314,66.32609,0.0,0.0
2020-12-31 02:00:00,34.62,305.25452,990.4204,1.6994275,60.87053,0.0,0.0
2020-12-31 03:00:00,35.4,306.50586,989.8977,1.3344885,54.708397,0.0,0.0
2020-12-31 04:00:00,36.48,307.29443,989.33484,0.57118934,49.03677,0.0,0.0
2020-12-31 05:00:00,36.93,307.75113,989.021,0.87392974,45.404633,0.0,0.0
2020-12-31 06:00:00,36.89,307.95227,988.28033,1.145991,44.819897,0.0,0.0
2020-12-31 07:00:00,36.02,308.01395,987.87,0.6083859,39.980583,0.0,0.0
2020-12-31 08:00:00,35.69,308.10443,987.5648,0.8281571,40.153076,0.0,0.0
2020-12-31 09:00:00,35.77,306.68774,988.08936,0.7310408,43.245224,0.26980343,0.0
2020-12-31 10:00:00,35.91,305.79407,988.9011,0.6599439,50.610584,0.0,0.0
2020-12-31 11:00:00,35.26,304.7683,989.1565,0.49842256,57.67569,0.0,0.0
2020-12-31 12:00:00,34.36,304.74664,989.6029,0.36497277,54.453556,0.0,0.0
2020-12-31 13:00:00,33.42,303.49484,990.0662,1.1081743,65.55695,0.0,0.0
2020-12-31 14:00:00,32.22,302.07532,990.57367,1.6483659,73.73997,0.0,0.0
2020-12-31 15:00:00,32.0,301.5595,990.5119,1.8411845,75.419106,0.0,0.0
2020-12-31 16:00:00,32.38,300.77722,989.87476,1.9404762,77.69757,0.0,0.0
2020-12-31 17:00:00,33.47,299.9019,989.3656,1.7696896,81.36255,0.0,0.0
2020-12-31 18:00:00,34.09,299.61426,988.96185,1.1830442,80.7105,0.0,0.0
2020-12-31 19:00:00,35.37,298.77985,989.1926,1.9087348,81.74773,0.0,0.0
2020-12-31 20:00:00,37.15,298.51385,989.40076,1.9980276,82.699425,0.0,0.0
2020-12-31 21:00:00,38.25,298.29645,990.0153,2.0013964,84.63166,0.0,0.0
2020-12-31 22:00:00,38.23,298.90482,990.7645,1.992406,85.51985,0.0,0.0
2020-12-31 23:00:00,37.52,301.07605,991.0861,2.829938,79.98153,0.0,0.0
2021-01-01 00:00:00,35.76,302.77124,990.95685,3.713822,74.76939,0.270239,0.0
2021-01-01 01:00:00,36.21,304.44983,990.5483,4.0787926,66.62807,0.0,0.0
2021-01-01 02:00:00,36.79,306.00067,990.127,4.145874,58.6586,0.0,0.0
2021-01-01 03:00:00,37.04,307.35358,989.3162,4.2023587,50.7971,0.0,0.0
2021-01-01 04:00:00,37.26,308.40817,988.69196,3.8843274,44.222157,0.0,0.0
2021-01-01 05:00:00,36.79,308.78442,988.07135,3.30118,40.696877,0.0,0.0
2021-01-01 06:00:00,36.68,308.99432,987.6392,2.901801,39.05605,0.0,0.0
2021-01-01 07:00:00,35.87,309.0996,987.1202,3.3026168,37.90597,0.0,0.0
2021-01-01 08:00:00,35.16,308.89114,986.9113,2.853026,37.1799,0.0,0.0
2021-01-01 09:00:00,36.23,308.34927,987.0375,1.8804704,42.36815,0.0,0.0
2021-01-01 10:00:00,37.75,305.9803,987.51294,1.0928326,67.88371,0.0,0.0
2021-01-01 11:00:00,38.42,304.75345,988.275,1.6510481,67.690414,0.0,0.0
2021-01-01 12:00:00,38.13,303.5791,988.9381,2.4877179,66.50278,0.0,0.0
2021-01-01 13:00:00,37.87,301.91235,989.4487,2.672946,72.9648,0.0,0.0
2021-01-01 14:00:00,38.44,300.97302,989.64624,2.820783,76.067825,0.0,0.0
2021-01-01 15:00:00,39.09,300.48706,989.1612,3.1795087,76.017555,0.0,0.0
2021-01-01 16:00:00,39.99,300.11417,988.60986,3.5127256,75.19844,0.0,0.0
2021-01-01 17:00:00,39.67,299.8687,987.9475,4.1959124,74.04642,0.0,0.0
2021-01-01 18:00:00,38.58,299.5306,987.7303,4.63344,76.478195,0.0,0.0
2021-01-01 19:00:00,36.75,299.13498,987.8331,4.1897798,81.663246,0.0,0.0
2021-01-01 20:00:00,36.33,298.85516,987.9815,4.007821,82.67742,0.0,0.0
2021-01-01 21:00:00,36.16,298.56317,988.5941,3.8453815,84.05487,0.0,0.0
2021-01-01 22:00:00,36.93,298.9334,989.42236,3.4607575,84.33522,0.0,0.0
2021-01-01 23:00:00,37.65,300.82227,989.47424,3.8218076,77.55118,0.0,0.0
2021-01-02 00:00:00,35.39,302.69385,989.46643,3.856943,68.96345,0.0,0.0
2021-01-02 01:00:00,34.63,304.29367,989.1146,3.7111423,62.698494,0.0,0.0
2021-01-02 02:00:00,34.2,305.6911,988.63104,3.6738791,58.94592,0.0,0.0
2021-01-02 03:00:00,34.69,306.91116,988.0691,3.8726265,56.331264,0.0,0.0
2021-01-02 04:00:00,34.31,307.91394,987.51843,4.1304765,53.97287,0.0,0.0
2021-01-02 05:00:00,33.17,308.72873,986.9113,4.2922955,51.300137,0.0,0.0
2021-01-02 06:00:00,32.16,309.42014,986.2683,3.974592,47.869675,0.0,0.0
2021-01-02 07:00:00,31.03,310.04614,986.01544,2.1391551,35.862503,0.0,0.0
2021-01-02 08:00:00,30.58,310.0755,985.6075,1.7625248,33.70858,0.0,0.0
2021-01-02 09:00:00,31.21,309.58276,985.7058,1.3214067,37.329594,0.0,0.0
2021-01-02 10:00:00,32.34,307.3612,986.0481,0.52194023,61.733307,0.0,0.0
2021-01-02 11:00:00,33.5,305.84534,986.63025,1.8810413,61.360878,0.0,0.0
2021-01-02 12:00:00,34.63,304.19507,987.40936,3.0276349,63.021786,0.0,0.0
2021-01-02 13:00:00,34.59,302.56207,987.7756,3.034702,69.36207,0.0,0.0
2021-01-02 14:00:00,34.82,301.65353,988.09033,2.9918287,72.1345,0.0,0.0
2021-01-02 15:00:00,35.2,301.23376,987.85016,3.6811528,72.00232,0.0,0.0
2021-01-02 16:00:00,36.34,300.95132,987.65466,5.0444546,73.98292,0.0,0.0
2021-01-02 17:00:00,35.93,300.6183,987.1142,5.7988887,81.62398,0.0,0.0
2021-01-02 18:00:00,36.16,300.3955,986.6793,5.7070103,86.41285,0.0,0.0
2021-01-02 19:00:00,35.92,300.15878,986.79333,5.6311274,85.79055,0.0,0.0
2021-01-02 20:00:00,37.61,299.7599,987.12585,5.211879,86.25457,0.0,0.0
2021-01-02 21:00:00,40.37,299.367,988.2431,5.103556,85.93271,0.0,0.0
2021-01-02 22:00:00,40.74,299.5078,989.2312,4.7439494,85.49435,0.0,0.0
2021-01-02 23:00:00,40.32,300.88458,989.73016,5.650413,81.18671,0.0,0.0
2021-01-03 00:00:00,36.45,302.57214,989.5817,5.7915277,75.170006,0.0,0.0
2021-01-03 01:00:00,36.39,304.33112,989.1636,5.450194,68.10373,0.0,0.0
2021-01-03 02:00:00,35.82,306.03656,988.4436,5.0231323,60.853565,0.0,0.0
2021-01-03 03:00:00,35.4,307.5059,987.8894,4.6321354,54.822594,0.0,0.0
2021-01-03 04:00:00,35.45,308.66022,987.2019,4.2995124,50.132668,0.0,0.0
2021-01-03 05:00:00,34.8,309.5345,986.4618,4.1957316,46.336823,0.0,0.0
2021-01-03 06:00:00,34.65,310.11578,985.7466,4.0549254,43.12355,0.0,0.0
2021-01-03 07:00:00,35.04,310.67432,984.69,3.4265478,34.485073,0.0,0.0
2021-01-03 08:00:00,33.75,310.65314,984.3489,3.2015686,33.401367,0.0,0.0
2021-01-03 09:00:00,32.64,310.06464,984.798,2.1928272,37.106243,0.0,0.0
2021-01-03 10:00:00,31.32,308.4616,985.1086,1.1003402,48.32489,0.0,0.0
2021-01-03 11:00:00,30.96,305.8989,985.6493,1.432381,63.254105,0.0,0.0
2021-01-03 12:00:00,31.62,304.68933,986.1175,2.696319,61.97614,0.0,0.0
2021-01-03 13:00:00,34.37,303.22256,986.15,3.386897,65.882256,0.0,0.0
2021-01-03 14:00:00,35.82,302.46185,986.27203,4.196482,66.117546,0.0,0.0
2021-01-03 15:00:00,37.43,301.93143,986.1575,5.2218184,66.864845,0.0,0.0
2021-01-03 16:00:00,39.03,301.47968,986.0002,5.76112,70.171616,0.0,0.0
2021-01-03 17:00:00,39.2,301.03256,985.71606,5.580059,73.671135,0.0,0.0
2021-01-03 18:00:00,39.93,300.59827,985.45483,5.266981,77.17381,0.0,0.0
2021-01-03 19:00:00,41.72,300.22266,986.0285,4.0501447,76.3272,0.0,0.0
2021-01-03 20:00:00,43.79,299.7058,986.3855,3.8508778,80.52222,0.0,0.0
2021-01-03 21:00:00,42.91,299.25684,987.3594,3.5649648,84.09601,0.0,0.0
2021-01-03 22:00:00,40.27,299.5929,988.0082,3.6001887,85.078445,0.0,0.0
2021-01-03 23:00:00,39.02,301.6112,988.3893,4.894797,78.21062,0.0,0.0
2021-01-04 00:00:00,37.88,303.61063,988.29517,5.2217546,68.72048,0.0,0.0
2021-01-04 01:00:00,37.49,305.6095,987.97266,4.661196,56.007534,0.0,0.0
2021-01-04 02:00:00,36.75,307.386,987.28674,3.2965446,43.506935,0.0,0.0
2021-01-04 03:00:00,36.63,308.596,986.7722,1.9370981,36.95247,0.0,0.0
2021-01-04 04:00:00,36.69,309.48328,986.332,1.0885682,34.17537,0.0,0.0
2021-01-04 05:00:00,37.67,310.1806,985.87134,0.64629185,32.362286,0.0,0.0
2021-01-04 06:00:00,37.41,310.74225,985.3275,0.6053656,30.656221,0.0,0.0
2021-01-04 07:00:00,37.48,311.35086,984.78784,1.767833,29.894909,0.0,0.0
2021-01-04 08:00:00,38.42,311.316,984.34186,2.0553694,29.238876,0.0,0.0
2021-01-04 09:00:00,38.6,310.69608,984.4055,2.1073167,32.370087,0.0,0.0
2021-01-04 10:00:00,38.66,308.9577,985.0879,2.282728,41.790802,0.0,0.0
2021-01-04 11:00:00,38.83,306.55453,985.5201,2.8682575,51.8004,0.0,0.0
2021-01-04 12:00:00,39.93,304.97714,986.1213,4.279107,55.139088,0.0,0.0
2021-01-04 13:00:00,41.22,303.89297,986.47284,5.909254,59.459442,0.0,0.0
2021-01-04 14:00:00,41.51,302.71216,987.128,6.27792,66.363884,0.0,0.0
2021-01-04 15:00:00,42.45,302.02313,987.2068,6.096831,70.76806,0.0,0.0
2021-01-04 16:00:00,42.91,301.56934,987.14825,5.739089,74.68582,0.0,0.0
2021-01-04 17:00:00,42.64,301.30566,987.182,5.691862,77.03927,0.0,0.0
2021-01-04 18:00:00,41.1,301.05743,987.0321,5.677128,78.62025,0.0,0.0
2021-01-04 19:00:00,39.19,300.25714,987.57623,3.0638287,77.64977,0.0,0.0
2021-01-04 20:00:00,37.96,299.6365,987.5386,2.3738449,79.7618,0.0,0.0
2021-01-04 21:00:00,36.14,299.15393,988.2103,2.0934904,78.6197,0.0,0.0
2021-01-04 22:00:00,34.32,299.17413,988.8636,1.8541063,75.490204,0.0,0.0
2021-01-04 23:00:00,32.76,301.7027,989.36096,1.8728967,56.90101,0.0,0.0
2021-01-05 00:00:00,32.44,303.9917,988.97565,2.2107627,43.474884,0.0,0.0
2021-01-05 01:00:00,32.38,305.95764,988.8523,2.7664838,35.24575,0.0,0.0
2021-01-05 02:00:00,32.11,307.60538,988.27435,3.4822915,31.15598,0.0,0.0
2021-01-05 03:00:00,33.11,309.1894,987.8314,3.309176,28.217295,0.0,0.0
2021-01-05 04:00:00,33.65,310.41644,987.3402,2.5273376,26.402075,0.0,0.0
2021-01-05 05:00:00,33.84,311.29132,986.87854,1.9017694,25.238186,0.0,0.0
2021-01-05 06:00:00,33.52,311.8519,986.18005,1.9042661,23.890501,0.0,0.0
2021-01-05 07:00:00,34.22,311.49176,985.71844,1.1379302,28.138643,0.0,0.0
2021-01-05 08:00:00,35.38,311.7393,985.067,1.7323642,27.141884,0.0,0.0
2021-01-05 09:00:00,37.13,311.27176,985.34564,2.0452118,27.486301,0.0,0.0
2021-01-05 10:00:00,38.63,309.7599,986.17834,1.6612571,34.33257,0.0,0.0
2021-01-05 11:00:00,40.35,307.93134,987.0664,1.9042137,44.483185,0.0,0.06
2021-01-05 12:00:00,42.01,306.01126,987.5581,2.1883008,53.44281,0.0,1.7099999
2021-01-05 13:00:00,43.75,304.58633,987.52075,2.4371912,56.80495,0.0,1.8399999
2021-01-05 14:00:00,45.88,303.62857,988.0427,1.8745614,61.546177,0.0,0.65
2021-01-05 15:00:00,47.29,302.9635,988.7101,5.865176,55.688644,0.0,0.0
2021-01-05 16:00:00,47.82,301.52533,989.3844,8.143881,64.42764,0.0,0.0
2021-01-05 17:00:00,48.23,300.98993,989.20435,6.1695414,66.95473,0.0,0.0
2021-01-05 18:00:00,47.85,300.5426,988.9902,5.0958877,69.216774,0.0,0.0
2021-01-05 19:00:00,46.46,300.0619,989.50836,7.566103,75.05282,0.009417534,0.0
2021-01-05 20:00:00,45.93,299.84882,989.6834,7.2615805,74.247604,0.033408403,0.0
2021-01-05 21:00:00,45.29,299.76355,990.1189,6.519569,72.122574,0.011533499,0.0
2021-01-05 22:00:00,44.42,299.81375,990.9892,6.9313345,70.54088,0.14591217,0.0
2021-01-05 23:00:00,43.65,300.46252,991.11725,7.41452,66.75229,0.13273953,0.0
2021-01-06 00:00:00,45.13,301.4642,990.8446,6.705385,63.05844,0.48478246,0.0
2021-01-06 01:00:00,45.06,303.3957,990.84314,5.5327005,58.63643,0.0,0.0
2021-01-06 02:00:00,44.99,304.88757,990.92206,5.43218,56.050636,0.029304996,0.0
2021-01-06 03:00:00,45.25,305.78613,990.3245,5.3049254,54.90439,0.6111227,0.0
2021-01-06 04:00:00,44.81,306.29572,989.51337,4.203297,52.72629,0.0,0.0
2021-01-06 05:00:00,44.7,307.06256,988.5023,4.828697,49.743652,0.022366643,0.0
2021-01-06 06:00:00,44.84,307.61975,987.5439,5.373485,47.775375,0.013828278,0.0
2021-01-06 07:00:00,45.25,310.7178,986.1998,3.3735304,31.425274,0.0012814999,0.0
2021-01-06 08:00:00,45.74,310.86322,985.9602,3.6811504,30.510914,0.0025480986,0.0
2021-01-06 09:00:00,45.21,310.08353,986.35565,4.4263644,31.167698,0.0015348196,0.0
2021-01-06 10:00:00,44.57,308.02026,987.4964,4.4998884,35.77158,0.0,0.0
2021-01-06 11:00:00,46.17,306.0813,988.3985,4.249628,41.052074,0.0,0.0
2021-01-06 12:00:00,47.82,304.8252,989.3875,3.7262685,46.35797,0.0,0.0
2021-01-06 13:00:00,50.34,303.8481,989.7545,3.6162293,51.1464,0.0,0.0
2021-01-06 14:00:00,51.32,303.25397,990.0586,3.769236,54.68579,0.0,2.34
2021-01-06 15:00:00,52.36,302.60693,989.78516,3.311552,58.28042,0.071892165,2.2299998
2021-01-06 16:00:00,53.96,301.4027,989.70044,1.817679,67.15687,0.29180944,0.0
2021-01-06 17:00:00,55.06,300.78128,989.3167,1.779673,70.108765,0.0795722,0.0
2021-01-06 18:00:00,56.91,300.1153,989.5158,3.3236802,71.45814,0.0,0.56
2021-01-06 19:00:00,57.21,298.7213,990.2033,1.1125063,79.066345,0.35086274,4.02
2021-01-06 20:00:00,57.87,298.63702,990.4203,0.9080113,79.77411,0.058710575,0.4
2021-01-06 21:00:00,57.09,298.4035,990.97687,1.0951911,81.934654,0.0,0.0
2021-01-06 22:00:00,55.3,298.6856,991.72327,1.25226,80.261765,0.0,0.0
2021-01-06 23:00:00,53.52,299.95477,992.2188,1.1549227,72.728714,0.0,0.0
2021-01-07 00:00:00,50.26,301.47058,992.5698,1.5058893,66.81088,1.5664339,1.01
2021-01-07 01:00:00,49.52,303.16098,992.4486,2.130844,60.636227,0.0,0.0
2021-01-07 02:00:00,48.32,305.0984,992.0019,2.92786,52.962475,0.0,0.0
2021-01-07 03:00:00,47.4,306.84076,990.8072,3.1110153,45.761436,0.0013355166,0.0
2021-01-07 04:00:00,47.88,308.21713,989.8547,2.852919,40.511837,0.007249415,1.2199999
2021-01-07 05:00:00,48.01,309.16867,988.915,2.544384,37.083717,0.012874603,0.37
2021-01-07 06:00:00,47.08,309.71027,988.0687,2.1541467,34.772076,0.011198223,0.0
2021-01-07 07:00:00,46.12,309.25397,987.90894,4.1602807,34.65457,0.008955598,0.0
2021-01-07 08:00:00,44.69,309.0556,987.8606,2.9481907,33.230972,0.0014007092,0.0
2021-01-07 09:00:00,43.39,308.33594,988.3044,1.6103655,34.514297,0.0021606684,0.0
2021-01-07 10:00:00,41.82,306.36502,989.00037,3.7548418,45.96812,0.003412366,0.0
2021-01-07 11:00:00,41.14,304.5879,989.7123,3.9020507,54.453236,0.0,0.0
2021-01-07 12:00:00,41.34,303.4993,990.21844,3.691769,58.896614,0.0,0.0
2021-01-07 13:00:00,41.11,302.8847,990.95306,3.11832,61.218567,0.0,0.0
2021-01-07 14:00:00,41.13,302.346,991.4484,2.1701708,64.511215,0.0,0.0
2021-01-07 15:00:00,41.04,301.7688,991.2347,1.4181358,70.35791,0.0,0.0
2021-01-07 16:00:00,40.44,301.3211,990.9929,0.9359812,78.16224,0.0,0.0
2021-01-07 17:00:00,40.8,300.96875,990.3039,0.6710406,81.616615,0.0,0.0
2021-01-07 18:00:00,40.28,300.8036,990.02625,1.2831897,77.10616,0.0,0.0
2021-01-07 19:00:00,40.78,299.57886,989.8897,1.5968032,80.71016,0.0,0.0
2021-01-07 20:00:00,41.27,298.93402,990.5064,1.5997735,84.68945,0.0,0.0
2021-01-07 21:00:00,41.36,298.40332,991.1902,1.3668755,88.22291,0.0,0.0
2021-01-07 22:00:00,41.17,298.7985,992.1716,1.2244552,87.16375,0.0,0.0
2021-01-07 23:00:00,41.55,301.48315,992.59454,1.7619673,68.25061,0.0,0.0
2021-01-08 00:00:00,41.37,303.79907,992.54376,2.1692204,55.082165,0.049054623,0.0
2021-01-08 01:00:00,40.99,306.27676,992.3552,2.4714866,42.805984,0.0,0.0
2021-01-08 02:00:00,40.39,308.26062,991.94275,2.648298,33.348923,0.0,0.0
2021-01-08 03:00:00,39.54,309.92816,991.3201,3.2721436,26.666286,0.0,0.0
2021-01-08 04:00:00,39.76,311.17273,990.66437,3.4299288,22.609161,0.0,0.0
2021-01-08 05:00:00,41.15,312.17484,989.84515,3.3319123,20.076479,0.0,0.0
2021-01-08 06:00:00,41.46,312.95355,989.0558,3.576567,18.359262,0.0,0.0
2021-01-08 07:00:00,40.22,313.63687,988.2809,3.9352565,18.518744,0.0,0.0
2021-01-08 08:00:00,38.38,313.49548,987.7402,4.605271,18.026497,0.0,0.0
2021-01-08 09:00:00,36.85,312.67786,988.1636,4.9216185,18.410357,0.0,0.0
2021-01-08 10:00:00,35.62,311.57916,988.66125,3.921114,20.511814,0.0,0.0
2021-01-08 11:00:00,34.59,310.15955,989.35815,3.1206656,23.616707,0.0,0.0
2021-01-08 12:00:00,33.49,309.13416,989.4836,2.5945027,26.584036,0.0,0.0
2021-01-08 13:00:00,32.92,307.77762,989.83344,2.2662416,31.693062,0.0,0.0
2021-01-08 14:00:00,32.18,306.25604,990.03265,2.2056737,37.107105,0.0,0.0
2021-01-08 15:00:00,31.92,304.91333,989.6486,2.7736099,37.45765,0.0,0.0
2021-01-08 16:00:00,31.2,303.44763,989.38806,3.4990897,38.95424,0.0,0.0
2021-01-08 17:00:00,30.59,302.5036,988.8974,3.6325467,39.446457,0.0,0.0
2021-01-08 18:00:00,29.98,301.83337,988.7645,3.261856,41.044453,0.0,0.0
2021-01-08 19:00:00,29.02,300.3438,989.4261,1.3110988,56.51703,0.0,0.0
2021-01-08 20:00:00,28.07,299.93073,989.5642,0.9507163,54.36477,0.0,0.0
2021-01-08 21:00:00,27.72,298.89136,990.1345,1.0233673,59.665726,0.0,0.0
2021-01-08 22:00:00,27.5,298.36795,990.84534,1.1550542,66.27139,0.0,0.0
2021-01-08 23:00:00,27.43,301.9047,991.1894,1.3918593,44.60492,0.0,0.0
2021-01-09 00:00:00,28.1,305.22858,991.14514,1.7770218,34.511913,0.0,0.0
2021-01-09 01:00:00,27.6,308.2591,991.2765,2.5151763,26.884014,0.0,0.0
2021-01-09 02:00:00,26.91,310.65717,990.90796,3.458297,20.888224,0.0,0.0
2021-01-09 03:00:00,26.43,312.18353,990.0252,3.7382207,16.096935,0.0,0.0
2021-01-09 04:00:00,25.44,313.22095,989.0447,3.7472787,13.067102,0.0,0.0
2021-01-09 05:00:00,24.93,313.98907,987.9525,3.9542997,11.095206,0.0,0.0
2021-01-09 06:00:00,24.86,314.5124,987.0847,4.2401533,9.854089,0.0,0.0
2021-01-09 07:00:00,24.06,314.6369,986.54736,4.096987,10.260204,0.0,0.0
2021-01-09 08:00:00,22.81,314.50153,986.15784,4.4032483,9.826745,0.0,0.0
2021-01-09 09:00:00,21.85,314.01862,986.59216,4.5426283,9.780268,0.0,0.0
2021-01-09 10:00:00,21.19,312.6964,987.27515,3.8409708,10.893187,0.0,0.0
2021-01-09 11:00:00,20.56,310.5959,987.79565,3.5562043,13.225381,0.0,0.0
2021-01-09 12:00:00,20.0,308.91614,988.4961,3.4954236,15.220359,0.0,0.0
2021-01-09 13:00:00,19.63,307.25232,988.86774,3.300924,17.385094,0.0,0.0
2021-01-09 14:00:00,19.35,305.67093,989.5748,3.263652,19.798475,0.0,0.0
2021-01-09 15:00:00,19.39,304.27203,989.44727,3.8534646,21.005531,0.0,0.0
2021-01-09 16:00:00,18.3,303.33014,989.29803,4.2571554,20.856693,0.0,0.0
2021-01-09 17:00:00,16.92,302.52493,988.82117,4.211213,20.647446,0.0,0.0
2021-01-09 18:00:00,15.85,301.5194,988.592,3.9590685,21.469326,0.0,0.0
2021-01-09 19:00:00,15.12,299.1441,988.562,3.4065628,28.964334,0.0,0.0
2021-01-09 20:00:00,14.62,298.15686,988.95514,2.8375084,32.185886,0.0,0.0
2021-01-09 21:00:00,14.66,297.0194,989.8088,2.1440198,39.116627,0.0,0.0
2021-01-09 22:00:00,14.99,296.87268,991.01337,1.9481037,42.874382,0.0,0.0
2021-01-09 23:00:00,15.57,300.61847,991.32153,1.0548902,32.464157,0.0,0.0
2021-01-10 00:00:00,15.64,304.38312,991.28,1.0479548,24.789314,0.0017285346,0.0
2021-01-10 01:00:00,16.15,307.5624,991.0087,1.615369,21.309149,0.0,0.0
2021-01-10 02:00:00,16.67,310.09726,990.59686,2.5718641,17.095219,0.0,0.0
2021-01-10 03:00:00,17.84,311.9354,989.81586,3.4588022,13.690777,0.0,0.0
2021-01-10 04:00:00,18.21,312.899,988.82935,3.0138829,11.994067,0.0,0.0
2021-01-10 05:00:00,18.58,313.29745,987.8766,1.7474653,11.103962,0.0,0.0
2021-01-10 06:00:00,19.14,313.52847,987.17865,0.6964319,10.631395,0.0,0.0
2021-01-10 07:00:00,19.38,313.85706,986.24445,0.37232533,11.253224,0.0,0.0
2021-01-10 08:00:00,19.57,313.8061,985.8143,0.8618466,11.123846,0.0,0.0
2021-01-10 09:00:00,19.71,313.59802,986.1107,1.4579294,11.140335,0.0,0.0
2021-01-10 10:00:00,19.85,312.9409,986.7681,2.1840105,11.593301,0.0,0.0
2021-01-10 11:00:00,20.37,311.1604,987.4051,2.7842042,14.296696,0.0,0.0
2021-01-10 12:00:00,20.78,309.70032,987.8728,3.1525857,16.10592,0.0,0.0
2021-01-10 13:00:00,21.07,308.2533,988.6209,3.3423383,17.825294,0.0,0.0
2021-01-10 14:00:00,22.03,306.28052,989.2537,5.187341,30.727661,0.0,0.0
2021-01-10 15:00:00,23.95,304.1427,989.1806,5.615626,54.704018,0.0,0.0
2021-01-10 16:00:00,25.84,303.0208,988.6686,4.964006,63.00897,0.0,0.0
2021-01-10 17:00:00,26.76,302.34222,988.3122,4.2099333,65.885155,0.0,0.0
2021-01-10 18:00:00,28.22,301.628,988.85065,2.6172369,69.15992,0.0,0.0
2021-01-10 19:00:00,29.69,301.1705,989.4313,3.610748,68.70315,0.0,0.0
2021-01-10 20:00:00,30.08,300.63763,989.8133,3.7324476,73.92656,0.0,0.0
2021-01-10 21:00:00,29.83,300.03534,990.0762,3.1468775,77.956894,0.0,0.0
2021-01-10 22:00:00,29.15,300.1795,990.897,2.8218515,78.42139,0.0,0.0
2021-01-10 23:00:00,29.25,302.21408,991.5134,3.3120615,69.87204,0.0,0.0
2021-01-11 00:00:00,29.75,304.67084,991.56647,3.0869625,57.987274,0.0012927237,0.0
2021-01-11 01:00:00,29.73,307.26532,991.53705,2.5127282,45.39056,0.0,0.0
2021-01-11 02:00:00,30.21,309.40067,990.90314,1.6018304,34.393673,0.0,0.0
2021-01-11 03:00:00,30.6,310.97427,990.2722,0.26719984,26.4138,0.0,0.0
2021-01-11 04:00:00,29.95,312.263,989.5229,1.2534086,20.421509,0.0,0.0
2021-01-11 05:00:00,29.11,312.8692,988.4503,1.8060868,17.734272,0.0,0.0
2021-01-11 06:00:00,28.32,313.64905,987.6369,2.511399,15.983856,0.0,0.0
2021-01-11 07:00:00,28.9,313.44632,986.67053,3.1780233,16.201643,0.0,0.0
2021-01-11 08:00:00,28.91,313.60138,986.1985,3.466614,15.407152,0.0,0.0
2021-01-11 09:00:00,27.82,313.35242,986.317,3.294061,14.825548,0.0,0.0
2021-01-11 10:00:00,26.96,312.73434,987.072,2.4968586,14.788532,0.0,0.0
2021-01-11 11:00:00,25.95,311.52393,987.3889,1.2806302,17.027597,0.0,0.0
2021-01-11 12:00:00,24.9,310.08875,987.9995,2.0059116,20.334227,0.0,0.0
2021-01-11 13:00:00,24.2,308.17664,988.3553,2.5479834,24.279453,0.0,0.0
2021-01-11 14:00:00,23.78,306.54926,988.7739,2.913318,27.80961,0.0,0.0
2021-01-11 15:00:00,23.54,305.41583,988.8164,3.0503023,30.105309,0.0,0.0
2021-01-11 16:00:00,22.38,304.3064,988.4657,2.8607948,32.681435,0.0,0.0
2021-01-11 17:00:00,22.82,303.07855,988.0658,2.700598,36.635757,0.0,0.0
2021-01-11 18:00:00,25.67,302.0467,988.37695,3.5799484,49.107426,0.0,0.0
2021-01-11 19:00:00,28.14,300.60635,988.9886,3.7066286,76.56241,0.0,0.0
2021-01-11 20:00:00,30.51,300.10718,989.47,3.1928961,82.15483,0.0,0.0
2021-01-11 21:00:00,31.48,299.72913,990.1177,3.138535,85.24917,0.0,0.0
2021-01-11 22:00:00,31.62,300.14282,990.9461,3.222455,84.16297,0.0,0.0
2021-01-11 23:00:00,31.09,302.17844,991.4074,3.9755561,73.60212,0.0,0.0
2021-01-12 00:00:00,28.9,304.7373,991.3139,4.336619,58.21296,0.0017225742,0.0
2021-01-12 01:00:00,29.4,307.17874,991.04626,4.408207,45.551643,0.0,0.0
2021-01-12 02:00:00,29.62,309.43304,990.35657,4.2816095,35.689766,0.0,0.0
2021-01-12 03:00:00,29.69,311.62402,989.31335,3.4760995,25.917736,0.0,0.0
2021-01-12 04:00:00,28.9,312.85425,988.4288,1.7192695,19.84739,0.0,0.0
2021-01-12 05:00:00,27.33,312.98178,987.5527,0.51887494,17.474072,0.0,0.0
2021-01-12 06:00:00,25.74,313.5511,986.7536,1.7394507,16.315634,0.0,0.0
2021-01-12 07:00:00,25.5,314.13046,986.26935,1.8989499,15.44795,0.0,0.0
2021-01-12 08:00:00,26.08,314.2293,985.6473,2.1667354,14.9260435,0.0,0.0
2021-01-12 09:00:00,25.72,313.97906,985.7933,2.0083277,14.897105,0.0,0.0
2021-01-12 10:00:00,25.74,313.42468,986.1303,1.3789697,15.272085,0.0,0.0
2021-01-12 11:00:00,26.22,312.19058,986.6792,1.2811562,17.573132,0.0,0.0
2021-01-12 12:00:00,26.28,310.40295,987.1239,2.0880713,21.353386,0.0,0.0
2021-01-12 13:00:00,26.06,308.65668,987.3633,2.6387935,25.301579,0.0,0.0
2021-01-12 14:00:00,26.75,307.58493,987.4618,2.855515,27.527615,0.0,0.0
2021-01-12 15:00:00,27.55,306.9251,986.96344,3.780118,28.801834,0.0,0.0
2021-01-12 16:00:00,27.4,305.99432,986.628,5.167883,36.896503,0.0,0.0
2021-01-12 17:00:00,29.12,304.82196,986.7631,5.5193973,50.970905,0.0,0.0
2021-01-12 18:00:00,30.28,304.4156,986.8197,4.2775245,56.41275,0.0,0.0
2021-01-12 19:00:00,30.3,302.31595,987.83276,3.3502529,57.756416,0.0,0.0
2021-01-12 20:00:00,29.89,301.79517,988.3239,2.5357044,65.656456,0.0,0.0
2021-01-12 21:00:00,31.08,301.1872,988.6937,2.5777698,70.70419,0.0,0.0
2021-01-12 22:00:00,32.61,301.31464,989.6808,2.2236106,71.7882,0.0,0.0
2021-01-12 23:00:00,34.19,303.44647,990.3571,2.5622394,61.817383,0.0,0.0
2021-01-13 00:00:00,33.8,305.66595,990.57764,2.7258232,51.353664,0.002572633,0.0
2021-01-13 01:00:00,33.77,307.93005,990.343,2.4481285,43.071823,0.0,0.0
2021-01-13 02:00:00,33.99,310.41693,989.65594,1.8262666,32.712353,0.0,0.0
2021-01-13 03:00:00,34.01,312.32336,988.6861,1.2954966,24.444519,0.0,0.0
2021-01-13 04:00:00,34.36,313.2558,988.1039,3.0216725,20.851973,0.0,0.0
2021-01-13 05:00:00,34.17,314.23523,987.3427,2.8776991,18.260921,0.0,0.0
2021-01-13 06:00:00,33.44,314.96063,986.4803,2.2218874,16.267725,0.0,0.0
2021-01-13 07:00:00,32.07,315.86325,985.4545,3.1336155,13.575983,0.0,0.0
2021-01-13 08:00:00,30.12,315.73193,985.04767,3.4725409,13.17918,0.0,0.0
2021-01-13 09:00:00,29.24,315.54358,985.29236,3.7133422,13.11592,0.0,0.0
2021-01-13 10:00:00,29.71,314.88556,985.8886,3.2354972,13.652296,0.0,0.0
2021-01-13 11:00:00,30.34,313.67212,986.59424,2.956744,15.273036,0.0,0.0
2021-01-13 12:00:00,31.42,312.48822,987.3049,4.098243,17.004726,0.0,0.0
2021-01-13 13:00:00,35.18,311.02826,987.89294,5.4652,19.41869,0.0,0.0
2021-01-13 14:00:00,39.2,309.93546,988.5998,4.861741,22.246082,0.0,0.0
2021-01-13 15:00:00,41.92,308.44977,988.6824,4.513074,28.189999,0.0,0.0
2021-01-13 16:00:00,43.47,306.6951,988.4772,5.07566,40.802517,0.0,0.0
2021-01-13 17:00:00,44.67,305.3224,988.1339,4.4339185,53.341507,0.0,0.0
2021-01-13 18:00:00,45.44,304.53394,988.22327,4.323743,61.50602,0.0,0.0
2021-01-13 19:00:00,45.21,303.09357,989.4275,3.2684867,58.49725,0.0,0.0
2021-01-13 20:00:00,45.89,302.5937,989.6729,3.055381,65.43235,0.0,0.0
2021-01-13 21:00:00,47.44,302.15912,990.03937,2.566763,71.84872,0.0,0.0
2021-01-13 22:00:00,48.93,302.1986,990.573,2.1010485,75.159256,0.0,0.0
2021-01-13 23:00:00,50.16,303.42813,991.16296,2.4565392,71.69728,0.0,0.0
2021-01-14 00:00:00,51.31,305.46878,991.2405,2.6033866,61.281765,0.0,0.0
2021-01-14 01:00:00,51.34,307.766,991.1903,2.3312507,48.4843,0.0,0.0
2021-01-14 02:00:00,51.52,309.91833,990.3733,1.7287059,36.98757,0.0,0.0
2021-01-14 03:00:00,52.02,311.4448,989.47034,1.011929,30.379364,0.0010728836,0.0
2021-01-14 04:00:00,51.99,312.63416,988.9342,1.2826879,26.062426,0.0,0.0
2021-01-14 05:00:00,52.43,313.1164,988.1995,2.5619252,23.895105,0.0,0.32999998
2021-01-14 06:00:00,53.35,313.73996,987.41656,2.733869,22.406261,0.0,0.0
2021-01-14 07:00:00,53.2,314.78357,986.26514,3.3634746,22.17916,0.0025734305,0.26999998
2021-01-14 08:00:00,53.01,314.50943,985.72,3.549099,21.816935,0.0047013164,0.58
2021-01-14 09:00:00,52.85,314.68915,985.78595,3.193487,21.240416,0.0021234155,0.24
2021-01-14 10:00:00,52.15,313.68124,986.408,2.2004967,22.007557,0.0,0.16
2021-01-14 11:00:00,51.59,312.4048,987.3058,0.68481565,23.881586,0.0018179417,0.0
2021-01-14 12:00:00,50.82,310.78192,987.5082,3.7584238,29.191912,0.0,0.0
2021-01-14 13:00:00,49.54,308.7503,987.8337,5.514096,37.94381,0.0,0.0
2021-01-14 14:00:00,49.08,307.19064,988.26013,4.9320793,44.345036,0.0,0.0
2021-01-14 15:00:00,49.45,306.1582,987.82526,3.9571905,48.36601,0.0,0.0
2021-01-14 16:00:00,50.95,305.38336,987.6428,3.0929213,51.463318,0.0,0.0
2021-01-14 17:00:00,51.47,304.79575,987.5084,2.2782493,54.05485,0.0,0.0
2021-01-14 18:00:00,50.13,304.33185,987.42896,1.6338452,56.577652,0.0,0.0
2021-01-14 19:00:00,48.34,302.56927,988.5211,1.9812185,61.711224,0.0,0.0
2021-01-14 20:00:00,47.84,302.27515,988.84033,1.7364236,63.064957,0.0,0.02
2021-01-14 21:00:00,47.38,301.9311,989.22534,1.5496155,64.748,0.0,0.0
2021-01-14 22:00:00,46.18,302.00018,990.3917,1.3150146,64.81556,0.0,0.0
2021-01-14 23:00:00,44.23,303.39194,990.7128,1.9632248,58.00319,0.0,0.0
2021-01-15 00:00:00,44.23,305.21512,990.72235,2.0131514,50.132828,0.012296438,0.0
2021-01-15 01:00:00,43.84,307.06067,990.6063,1.7427236,42.767643,0.0,0.0
2021-01-15 02:00:00,44.42,308.7433,989.96814,1.5033271,37.467484,0.0,0.0
2021-01-15 03:00:00,45.25,310.0984,988.8072,1.3058904,33.950798,0.0,0.0
2021-01-15 04:00:00,46.05,311.39984,987.8186,0.56823826,30.694658,0.0,0.0
2021-01-15 05:00:00,45.98,312.198,987.0261,1.0264374,28.24886,0.0,0.0
2021-01-15 06:00:00,45.4,312.8578,985.95026,2.3711824,26.003942,0.0,0.0
2021-01-15 07:00:00,45.52,312.86542,985.735,2.274364,27.123013,0.0,0.78
2021-01-15 08:00:00,44.55,313.15964,985.26227,2.6952453,26.165066,0.0,0.5
2021-01-15 09:00:00,43.37,312.70148,985.32733,2.6603036,26.279083,0.0,0.91999996
2021-01-15 10:00:00,42.92,312.34973,985.5092,2.3990707,26.158094,0.0,0.0
2021-01-15 11:00:00,42.86,311.85278,986.0608,0.8120685,26.502556,0.0,0.0
2021-01-15 12:00:00,43.67,311.3039,986.45483,1.2832183,27.911171,0.0,0.0
2021-01-15 13:00:00,44.21,310.43408,986.85425,2.4313366,30.363825,0.0,0.0
2021-01-15 14:00:00,45.56,309.21945,987.178,3.5314395,32.94742,0.0,0.0
2021-01-15 15:00:00,46.49,307.30023,987.04987,5.299155,41.372116,0.0,0.0
2021-01-15 16:00:00,46.68,305.3011,986.9483,5.699804,54.458584,0.0,0.0
2021-01-15 17:00:00,46.14,304.3856,986.707,4.6244154,59.775658,0.0,0.0
2021-01-15 18:00:00,44.35,303.97388,986.4356,3.9119492,62.42944,0.0,0.0
2021-01-15 19:00:00,43.65,301.65228,987.51117,4.1489873,69.21882,0.0,0.0
2021-01-15 20:00:00,44.37,301.14868,987.5687,3.8274374,72.87573,0.0,0.0
2021-01-15 21:00:00,44.56,300.86768,988.34186,2.9916687,75.27091,0.0,0.0
2021-01-15 22:00:00,43.79,301.042,989.2575,2.4290838,75.11312,0.0,0.0
2021-01-15 23:00:00,43.38,302.7179,989.8382,3.110689,66.73054,0.0,0.0
2021-01-16 00:00:00,42.5,304.77374,989.59283,3.7626948,57.13859,0.0,0.0
2021-01-16 01:00:00,41.75,307.66254,989.35376,4.339241,45.88256,0.0,0.0
2021-01-16 02:00:00,41.34,310.06116,988.22076,3.969867,37.185635,0.0,0.0
2021-01-16 03:00:00,41.73,311.99078,987.2584,3.0568643,30.177677,0.0021457672,0.0
2021-01-16 04:00:00,40.66,312.92084,986.6489,0.18351051,25.179836,0.0,0.0
2021-01-16 05:00:00,38.59,313.49252,986.3011,3.524281,23.401623,0.020947307,0.0
2021-01-16 06:00:00,37.47,311.17188,986.8897,5.304753,27.865904,0.0224486,0.0
2021-01-16 07:00:00,38.2,313.12848,985.0553,1.4067684,28.137985,0.0038519502,0.0
2021-01-16 08:00:00,40.51,313.31616,984.6019,0.73923355,26.72124,0.016342849,0.0
2021-01-16 09:00:00,43.15,311.3803,985.2619,2.4467514,30.777067,0.25834888,0.0
2021-01-16 10:00:00,45.87,308.18423,986.93695,2.2836936,41.16965,0.41024387,0.08
2021-01-16 11:00:00,47.75,307.84247,987.3773,2.0128586,42.18844,0.0,2.55
2021-01-16 12:00:00,49.89,307.60638,987.46075,2.439617,43.385136,0.0,3.46
2021-01-16 13:00:00,51.09,307.2697,987.65594,2.764096,46.166447,0.0,5.0
2021-01-16 14:00:00,49.59,306.67603,987.90015,4.130729,49.386967,0.0,1.0799999
2021-01-16 15:00:00,48.21,305.8086,988.1158,5.4241867,51.23018,0.0,0.0
2021-01-16 16:00:00,47.89,304.93536,988.2534,3.5794394,52.169525,0.0,0.0
2021-01-16 17:00:00,47.4,304.38013,988.0737,1.1670874,56.450623,0.0,0.0
2021-01-16 18:00:00,47.39,303.8824,987.85864,2.4339867,56.759018,0.0,0.0
2021-01-16 19:00:00,47.71,302.11172,988.21716,2.636925,60.1915,0.0,0.0
2021-01-16 20:00:00,47.09,301.28183,987.95825,2.8839238,66.563515,0.0,0.0
2021-01-16 21:00:00,46.67,300.80164,988.57404,2.7601151,70.53869,0.0,0.0
2021-01-16 22:00:00,46.46,301.04132,989.3642,2.3299468,71.70934,0.0,0.0
2021-01-16 23:00:00,46.57,303.23273,990.03467,2.6067,62.476093,0.0,0.0
2021-01-17 00:00:00,45.22,305.5168,990.2781,1.8926075,48.37186,0.7343292,0.0
2021-01-17 01:00:00,44.61,307.12695,990.1838,0.3157093,41.920315,0.0,0.0
2021-01-17 02:00:00,43.36,308.96838,989.8416,1.0868344,37.12162,0.0,0.0
2021-01-17 03:00:00,42.27,311.06915,989.1186,2.9756458,31.622293,0.0,0.0
2021-01-17 04:00:00,41.75,312.3614,988.50665,3.7873423,28.25911,0.0,0.0
2021-01-17 05:00:00,41.93,313.30676,987.77686,3.3535426,25.600916,0.0,0.0
2021-01-17 06:00:00,41.34,314.03888,986.9485,2.9493387,23.010895,0.0,0.0
2021-01-17 07:00:00,41.2,312.3623,987.2315,1.3028237,27.711916,0.0023841858,0.0
2021-01-17 08:00:00,41.3,312.51465,986.80237,1.4983016,26.296352,0.011503696,0.0
2021-01-17 09:00:00,40.24,312.16052,986.5541,1.4408048,24.84747,0.010147691,0.0
2021-01-17 10:00:00,38.35,311.2635,987.0302,3.6329672,27.55412,0.0023394823,0.0
2021-01-17 11:00:00,36.43,308.71075,987.5022,5.834345,37.954037,0.0,0.0
2021-01-17 12:00:00,35.44,307.13596,987.6959,4.9150605,45.243504,0.0,0.0
2021-01-17 13:00:00,35.09,306.59564,988.2534,3.5995476,47.156525,0.0,0.0
2021-01-17 14:00:00,34.69,306.294,988.7154,2.5999496,47.813152,0.0,0.0
2021-01-17 15:00:00,34.54,306.14862,988.84845,2.969235,47.144936,0.0,0.0
2021-01-17 16:00:00,33.59,305.91095,988.4456,3.4903991,45.446663,0.0,0.0
2021-01-17 17:00:00,32.93,305.75708,988.0079,2.4891622,44.408447,0.0,0.0
2021-01-17 18:00:00,33.1,305.26266,987.85956,1.7526463,47.204384,0.0,0.0
2021-01-17 19:00:00,32.54,303.19275,988.54626,1.3461205,54.338898,0.0,0.0
2021-01-17 20:00:00,32.22,302.22675,988.75995,0.68945354,62.67536,0.0,0.0
2021-01-17 21:00:00,31.71,301.6117,989.4408,2.1468463,56.87722,0.0,0.0
2021-01-17 22:00:00,31.11,301.52228,990.2852,3.019276,56.11194,0.0,0.0
2021-01-17 23:00:00,30.53,304.41144,990.78827,4.384333,39.592857,0.0,0.0
2021-01-18 00:00:00,29.88,307.47302,990.9574,7.066203,20.826786,0.026375055,0.0
2021-01-18 01:00:00,29.29,309.55383,990.9339,8.110783,16.776218,0.0,0.0
2021-01-18 02:00:00,29.44,311.38843,990.5709,8.218972,15.285725,0.0,0.0
2021-01-18 03:00:00,29.66,312.82755,989.6912,7.687067,14.146857,0.0,0.0
2021-01-18 04:00:00,29.44,313.92804,988.7628,7.1678815,13.357743,0.0,0.0
2021-01-18 05:00:00,29.39,314.67493,987.60516,6.8266473,12.875016,0.0,0.0
2021-01-18 06:00:00,29.21,315.10132,986.83765,6.4254656,12.575272,0.0,0.0
2021-01-18 07:00:00,29.79,315.03067,986.8533,5.9167666,12.784349,0.0,0.0
2021-01-18 08:00:00,30.03,314.97137,986.3169,5.840866,12.511455,0.0,0.0
2021-01-18 09:00:00,30.1,314.25873,986.59937,6.196593,12.922319,0.0,0.0
2021-01-18 10:00:00,30.32,313.23276,987.41547,5.7546763,13.733593,0.0,0.0
2021-01-18 11:00:00,30.47,312.13855,987.96704,5.009157,14.728634,0.0,0.0
2021-01-18 12:00:00,30.59,311.10635,988.61053,4.3595777,15.73313,0.0,0.0
2021-01-18 13:00:00,30.38,310.23138,989.0813,3.780012,16.730968,0.0,0.0
2021-01-18 14:00:00,30.34,308.8963,989.6202,3.694711,18.384739,0.0,0.0
2021-01-18 15:00:00,29.93,307.64557,989.64453,4.1217785,20.057503,0.0,0.0
2021-01-18 16:00:00,28.9,306.32788,989.7048,4.5162673,21.700726,0.0,0.0
2021-01-18 17:00:00,28.06,305.46008,989.3064,4.8892336,22.619125,0.0,0.0
2021-01-18 18:00:00,26.99,304.61722,989.2369,4.4713607,23.593946,0.0,0.0
2021-01-18 19:00:00,26.07,303.43726,989.2025,4.437814,25.04831,0.0,0.0
2021-01-18 20:00:00,25.53,302.5918,989.4547,4.5356965,26.294363,0.0,0.0
2021-01-18 21:00:00,24.94,301.89484,989.78546,4.5483007,27.239487,0.0,0.0
2021-01-18 22:00:00,24.77,301.9436,990.4526,4.281586,26.849762,0.0,0.0
2021-01-18 23:00:00,24.76,304.46124,990.8539,4.6463647,22.355667,0.0,0.0
2021-01-19 00:00:00,23.42,307.39484,990.88275,5.347186,19.050385,0.0,0.0
2021-01-19 01:00:00,23.34,309.92706,990.85156,6.637441,16.943893,0.0,0.0
2021-01-19 02:00:00,22.74,311.69818,990.1306,7.284382,15.296909,0.0,0.0
2021-01-19 03:00:00,22.39,313.09982,989.20935,6.6919208,14.069036,0.0,0.0
2021-01-19 04:00:00,22.7,314.1026,988.3014,5.803015,13.097143,0.0,0.0
2021-01-19 05:00:00,24.42,314.79437,987.5033,5.252964,12.254747,0.0,0.0
2021-01-19 06:00:00,25.84,315.21643,986.91486,5.062129,11.755278,0.0,0.0
2021-01-19 07:00:00,26.41,315.08185,986.44226,4.4794345,11.58849,0.0,0.0
2021-01-19 08:00:00,27.26,314.9095,986.3091,4.369484,11.803379,0.0,0.0
2021-01-19 09:00:00,28.27,314.47452,986.6097,4.7258534,12.420846,0.0,0.0
2021-01-19 10:00:00,29.12,313.73224,987.5206,4.6285644,13.5955305,0.0,0.0
2021-01-19 11:00:00,29.74,312.72516,987.9716,4.4397945,15.125603,0.0,0.0
2021-01-19 12:00:00,30.7,311.93613,988.2542,4.0441327,16.465572,0.0,0.0
2021-01-19 13:00:00,33.22,311.07422,988.6431,3.585389,17.91902,0.0,0.0
2021-01-19 14:00:00,35.29,309.55692,989.34045,5.0028024,21.162336,0.0,0.0
2021-01-19 15:00:00,36.4,307.61206,989.73376,6.3839884,27.511124,0.0,0.07
2021-01-19 16:00:00,37.04,306.35486,989.93805,5.236673,31.780254,0.0,0.48
2021-01-19 17:00:00,38.43,305.62314,989.83923,3.9288878,33.974564,0.0,0.54999995
2021-01-19 18:00:00,40.6,305.0036,989.7025,2.8601484,36.155045,0.0,0.26999998
2021-01-19 19:00:00,42.17,303.9453,989.26263,2.4689586,34.147324,0.0,0.0
2021-01-19 20:00:00,43.07,303.21478,989.9316,2.5538194,38.07875,0.0,0.0
2021-01-19 21:00:00,43.7,302.68546,990.9052,2.4472876,41.336765,0.0,0.0
2021-01-19 22:00:00,45.11,302.63312,991.7801,2.1000667,43.24233,0.0,0.24
2021-01-19 23:00:00,46.59,304.60358,992.5932,2.51976,37.958763,0.0,0.29999998
2021-01-20 00:00:00,48.69,305.7264,992.54315,4.347619,35.307034,0.0,0.0
2021-01-20 01:00:00,49.38,306.84387,992.3869,5.284338,35.238796,0.00917539,0.0
2021-01-20 02:00:00,50.98,307.88574,991.932,6.6215935,35.48279,0.010125339,0.83
2021-01-20 03:00:00,53.03,307.895,991.47485,7.254572,37.37441,0.022228807,1.8299999
2021-01-20 04:00:00,54.95,308.26395,990.7291,6.9449334,37.524693,0.0,2.8
2021-01-20 05:00:00,55.86,307.9057,990.0695,6.5314183,40.461586,0.005349517,3.6799998
2021-01-20 06:00:00,56.69,307.58905,989.325,5.6975064,42.128094,0.004082918,1.16
2021-01-20 07:00:00,58.33,307.9453,988.51953,3.6285093,42.107273,0.0,1.61
2021-01-20 08:00:00,60.39,305.00662,989.8742,6.424979,53.97964,2.6768148,1.8799999
2021-01-20 09:00:00,59.7,302.32538,991.23456,4.5991096,67.17124,2.3811908,2.1299999
2021-01-20 10:00:00,58.87,301.7979,991.6898,3.4486754,68.300514,0.43140352,2.0
2021-01-20 11:00:00,59.48,301.59805,991.98126,3.692462,70.26868,0.22220612,1.0799999
2021-01-20 12:00:00,60.18,301.43405,992.17505,3.768921,71.78019,0.08417666,2.19
2021-01-20 13:00:00,59.29,301.3053,992.52716,3.5531764,72.991905,0.044479966,2.72
2021-01-20 14:00:00,58.03,301.20563,992.54193,3.3396723,74.096886,0.20992756,0.64
2021-01-20 15:00:00,56.61,301.08765,991.7542,3.3728354,75.04514,0.0,0.0
2021-01-20 16:00:00,54.94,300.97278,991.5156,4.343678,75.34555,0.037252903,0.0
2021-01-20 17:00:00,54.26,300.66107,991.0949,4.7111926,76.286545,0.10713935,0.53
2021-01-20 18:00:00,53.8,300.46472,990.66156,4.2786713,77.36655,0.0,0.17999999
2021-01-20 19:00:00,54.5,300.22363,991.11206,3.5602684,72.6492,0.0,0.39999998
2021-01-20 20:00:00,55.53,300.16144,990.90094,3.762376,72.725426,0.0,0.56
2021-01-20 21:00:00,56.2,300.1388,991.1024,3.6965897,72.50354,0.0,0.17999999
2021-01-20 22:00:00,56.41,300.21735,991.66565,3.5609467,71.96464,0.02168119,1.05
2021-01-20 23:00:00,56.98,301.02405,992.15393,3.3662899,69.089714,0.051915646,0.0
2021-01-21 00:00:00,55.54,302.2491,992.0009,4.6276674,65.42684,6.319195,0.0
2021-01-21 01:00:00,55.34,303.81702,991.32983,5.987799,61.2573,0.0,0.0
2021-01-21 02:00:00,55.59,305.8543,990.2086,6.531756,53.860867,0.0018812716,0.02
2021-01-21 03:00:00,56.54,307.30035,989.9574,5.6550503,49.90564,0.0,0.0
2021-01-21 04:00:00,57.64,308.03723,989.3109,4.437936,48.2612,0.017065555,0.0
2021-01-21 05:00:00,58.19,306.77533,988.93335,3.9884279,52.01475,0.06738305,0.0
2021-01-21 06:00:00,58.68,303.72083,989.00604,4.199613,67.94289,5.033549,0.0
2021-01-21 07:00:00,59.78,307.15695,985.7273,5.093535,52.967228,1.0339283,0.01
2021-01-21 08:00:00,60.35,306.10883,986.90405,4.7299953,57.04263,0.345096,0.0
2021-01-21 09:00:00,61.23,302.85162,988.2879,3.2821832,73.21874,6.3787847,0.19999999
2021-01-21 10:00:00,62.21,300.77277,989.9011,3.0066047,85.235435,9.187892,2.83
2021-01-21 11:00:00,62.92,299.71832,990.28015,1.768496,88.73941,4.600972,16.57
2021-01-21 12:00:00,62.98,299.31873,991.00055,0.60692036,89.088875,5.4713635,2.75
2021-01-21 13:00:00,61.32,299.16467,991.67236,1.1536727,90.07286,4.112691,1.55
2021-01-21 14:00:00,60.57,299.33807,991.2575,2.2717996,89.81727,0.30970573,0.19999999
2021-01-21 15:00:00,59.97,299.44934,990.92346,1.730893,89.829025,0.19045174,0.0
2021-01-21 16:00:00,60.28,299.41504,990.78735,1.3834572,89.924774,0.8453429,0.0
2021-01-21 17:00:00,60.24,299.162,990.40814,1.9066528,91.022484,1.5830994,0.0
2021-01-21 18:00:00,59.49,299.05402,989.5695,2.3233721,91.5812,0.057935715,0.0
2021-01-21 19:00:00,58.15,298.73633,989.4755,2.7677062,92.901474,0.07799268,0.0
2021-01-21 20:00:00,55.91,298.82376,989.77563,2.821753,92.72605,0.008136034,0.0
2021-01-21 21:00:00,53.64,298.89243,989.8695,3.0857463,93.12561,0.0,1.0699999
2021-01-21 22:00:00,52.49,299.2111,990.16907,3.376207,91.435265,0.0,0.049999997
2021-01-21 23:00:00,52.26,300.16144,990.5147,4.0949965,85.25991,0.008940697,0.0
2021-01-22 00:00:00,54.53,301.43854,990.8141,5.002445,75.77461,39.34765,0.0
2021-01-22 01:00:00,55.38,302.5451,991.0386,5.212186,70.773125,0.0,0.0
2021-01-22 02:00:00,56.85,303.42987,990.9772,5.0457892,68.6314,0.008331612,0.0
2021-01-22 03:00:00,56.68,304.32886,989.8214,5.0683193,66.35569,0.003837049,0.0
2021-01-22 04:00:00,55.96,305.22687,988.1962,5.63327,63.647236,0.0,0.0
2021-01-22 05:00:00,55.51,305.84888,986.9777,6.1479177,61.533146,0.006519258,0.0
2021-01-22 06:00:00,56.39,306.4825,986.0522,5.669712,59.15929,0.0043287873,0.42
2021-01-22 07:00:00,57.62,305.9148,985.7645,6.1044145,59.55202,0.07228553,2.95
2021-01-22 08:00:00,59.12,302.34702,986.20404,6.018018,76.071724,5.843982,2.16
2021-01-22 09:00:00,60.44,301.77234,987.26263,4.8375106,77.09527,1.719594,4.89
2021-01-22 10:00:00,59.82,301.4157,987.4833,4.3726554,80.497536,0.03837049,6.3799996
2021-01-22 11:00:00,59.06,301.02625,987.9534,4.941232,80.75578,0.0,4.2200003
2021-01-22 12:00:00,58.55,300.72626,988.414,5.449695,80.649124,0.002130866,1.13
2021-01-22 13:00:00,58.67,300.4843,988.775,5.389018,80.673134,0.007674098,0.0
2021-01-22 14:00:00,59.04,300.29932,988.70483,5.618231,80.677795,0.0,0.0
2021-01-22 15:00:00,58.98,299.97986,988.6102,5.4065566,81.45282,0.0,0.25
2021-01-22 16:00:00,58.72,299.69897,988.1147,5.234883,82.2841,0.0,0.0
2021-01-22 17:00:00,58.91,299.42532,987.75903,5.0878744,83.11723,0.0025331974,0.0
2021-01-22 18:00:00,59.82,299.18115,987.4856,4.9465947,83.95434,0.0042021275,0.0
2021-01-22 19:00:00,60.72,299.24066,987.0237,5.0777345,83.0068,0.0,0.0
2021-01-22 20:00:00,62.01,299.21448,987.3579,4.9710846,83.54996,0.001758337,0.71000004
2021-01-22 21:00:00,62.0,299.14258,987.4907,4.753675,84.43379,0.0030100346,0.11
2021-01-22 22:00:00,62.03,299.42252,988.5617,4.831645,84.143654,0.0038146973,0.08
2021-01-22 23:00:00,61.64,300.36023,989.2466,6.1022887,80.54865,0.12406707,0.0
2021-01-23 00:00:00,56.66,300.9876,989.41205,6.5412073,78.32351,7.920444,0.0
2021-01-23 01:00:00,57.4,302.00656,989.4122,6.418537,75.688446,0.0,0.0
2021-01-23 02:00:00,58.58,302.87714,988.96906,6.4447465,73.33474,0.12855045,0.0
2021-01-23 03:00:00,59.41,303.64532,987.8167,6.4558215,72.01201,0.0417009,3.1299999
2021-01-23 04:00:00,59.29,304.2144,987.5374,6.3125243,71.04587,0.046886504,0.91999996
2021-01-23 05:00:00,58.72,304.76584,986.41547,6.2457128,68.0879,0.01590699,0.0
2021-01-23 06:00:00,56.64,302.81238,986.66815,6.835661,68.90348,3.1537936,3.0099998
2021-01-23 07:00:00,54.27,302.89407,986.41327,5.789293,71.617966,0.23502414,0.31
2021-01-23 08:00:00,55.48,302.74423,986.6664,5.829642,72.01485,0.04412234,0.0
2021-01-23 09:00:00,57.23,302.17194,986.9101,5.3076906,74.75125,0.001385808,0.32999998
2021-01-23 10:00:00,57.7,301.5745,988.1399,4.658463,78.809425,0.0,0.21
2021-01-23 11:00:00,58.66,300.94226,989.01227,4.389996,81.44854,0.0,0.01
2021-01-23 12:00:00,59.16,300.61798,989.6987,3.995011,82.65652,0.0,0.0
2021-01-23 13:00:00,59.75,300.34262,990.14935,4.1518803,83.60562,0.0010728836,0.0
2021-01-23 14:00:00,59.38,300.16748,990.5257,4.620926,83.97199,0.0,0.01
2021-01-23 15:00:00,57.59,299.92853,990.1141,4.671665,84.81563,0.046774745,0.0
2021-01-23 16:00:00,55.09,299.58295,989.41174,4.5981445,86.5186,0.0,0.0
2021-01-23 17:00:00,53.48,299.29218,988.6064,4.28729,88.09695,0.0,0.0
2021-01-23 18:00:00,52.98,299.02698,987.90765,3.5751987,89.42713,0.0,0.0
2021-01-23 19:00:00,50.84,299.13138,987.97107,4.045177,89.28867,0.017881393,0.0
2021-01-23 20:00:00,49.66,299.0965,988.22516,4.130183,89.64631,0.004708767,0.0
2021-01-23 21:00:00,49.21,298.9616,988.5402,3.892426,90.22791,0.004053116,0.0
2021-01-23 22:00:00,48.51,299.17285,989.4905,3.6247787,90.09322,0.005096197,0.0
2021-01-23 23:00:00,48.0,299.61542,990.242,4.9203205,89.181854,0.13616657,0.0
2021-01-24 00:00:00,49.24,300.97534,990.46765,6.122125,81.01175,4.0252533,0.0
2021-01-24 01:00:00,49.25,302.05197,990.2249,6.120891,75.50981,0.0,0.0
2021-01-24 02:00:00,49.04,303.0961,989.81006,5.9919677,69.90067,0.005248934,0.0
2021-01-24 03:00:00,47.84,304.41083,988.9856,5.343613,63.658695,0.0,0.0
2021-01-24 04:00:00,47.14,305.4544,988.242,4.9727077,59.531723,0.0011101365,0.0
2021-01-24 05:00:00,45.39,305.89337,987.3836,4.7764783,59.620457,0.006221235,0.0
2021-01-24 06:00:00,44.48,306.21796,986.3893,4.8650947,59.590363,0.0045634806,0.0
2021-01-24 07:00:00,44.09,306.87842,985.3847,5.123932,54.80799,0.0,0.0
2021-01-24 08:00:00,43.55,306.51105,985.0066,4.9879856,56.619717,0.0,0.0
2021-01-24 09:00:00,43.91,305.86646,985.3208,4.577503,60.2207,0.0,0.0
2021-01-24 10:00:00,45.04,304.55396,986.08014,3.3967235,68.72185,0.0,0.0
2021-01-24 11:00:00,45.48,303.15366,987.1618,3.1182175,75.613464,0.0,0.0
2021-01-24 12:00:00,45.42,302.34418,987.8672,2.9460022,79.20563,0.0,0.0
2021-01-24 13:00:00,45.08,301.80725,988.47296,3.0170805,80.973755,0.0,0.0
2021-01-24 14:00:00,45.38,301.39484,988.69165,3.3189251,81.78111,0.0,0.0
2021-01-24 15:00:00,44.73,300.94403,988.0895,3.6590078,82.85454,0.0,0.0
2021-01-24 16:00:00,44.51,300.4856,987.58325,3.872199,84.362915,0.0,0.0
2021-01-24 17:00:00,43.44,300.08484,987.09283,4.0620794,85.9568,0.0,0.0
2021-01-24 18:00:00,43.47,299.75934,986.68396,4.4017377,87.47548,0.0,0.0
2021-01-24 19:00:00,44.47,299.55237,986.623,4.7818027,87.5949,0.0,0.0
2021-01-24 20:00:00,44.6,299.3471,986.59406,4.7683687,89.82744,0.0,0.0
2021-01-24 21:00:00,44.49,299.164,987.0776,4.5575128,91.70196,0.0,0.0
2021-01-24 22:00:00,43.66,299.2072,987.5681,4.2210245,92.602905,0.0,0.0
2021-01-24 23:00:00,42.13,300.30225,988.31,6.5832014,86.49161,0.0,0.0
2021-01-25 00:00:00,36.01,301.29474,988.46185,6.154578,80.403076,0.05143881,0.0
2021-01-25 01:00:00,36.1,302.63837,988.305,5.2420278,72.882835,0.0,0.0
2021-01-25 02:00:00,37.28,303.71808,988.10974,4.3907175,68.228165,0.0,0.0
2021-01-25 03:00:00,37.9,304.94043,987.2728,4.0249,63.22524,0.0034309924,0.0
2021-01-25 04:00:00,38.88,305.98175,986.6769,3.9137328,58.79292,0.0,0.0
2021-01-25 05:00:00,40.08,306.6809,985.839,3.854079,55.50448,0.0,0.0
2021-01-25 06:00:00,40.96,307.11597,985.09955,4.0077276,52.84748,0.0,0.0
2021-01-25 07:00:00,41.85,307.66745,984.47485,4.2198668,44.687344,0.0,0.0
2021-01-25 08:00:00,43.51,307.127,983.90576,4.2336783,45.88216,0.0,0.0
2021-01-25 09:00:00,44.95,306.63757,984.1213,3.5514555,50.044693,0.0,0.0
2021-01-25 10:00:00,45.47,305.18314,984.5533,2.3489916,60.524208,0.0,0.0
2021-01-25 11:00:00,45.83,303.51315,985.2689,1.9147965,71.83551,0.0,0.0
2021-01-25 12:00:00,45.85,302.508,985.90283,1.9803523,77.05571,0.0,0.0
2021-01-25 13:00:00,46.93,301.96088,986.37604,2.5699735,78.549835,0.0,0.0
2021-01-25 14:00:00,48.63,301.52402,986.8457,3.0575993,80.298225,0.0,0.0
2021-01-25 15:00:00,49.39,301.2329,986.5733,3.2465217,81.93675,0.0,0.0
2021-01-25 16:00:00,50.38,300.97644,986.0464,3.63067,83.980415,0.0010430813,0.0
2021-01-25 17:00:00,51.92,300.6519,985.4545,4.112071,86.520645,0.015154481,0.0
2021-01-25 18:00:00,52.66,300.43942,985.1094,4.1233993,88.50717,0.0,0.0
2021-01-25 19:00:00,52.78,299.6482,985.7035,4.6864753,89.153824,0.0,0.0
2021-01-25 20:00:00,52.17,299.56488,985.8719,4.8113503,90.36114,0.004440546,0.0
2021-01-25 21:00:00,50.95,299.49677,986.1548,4.7797976,90.650444,0.0,0.0
2021-01-25 22:00:00,50.32,299.55402,986.6286,4.4064183,90.40419,0.0,0.0
2021-01-25 23:00:00,51.18,300.409,987.4025,5.73567,85.333084,0.0,0.0
2021-01-26 00:00:00,53.2,301.30975,987.37103,5.575777,79.7953,0.02682209,0.0
2021-01-26 01:00:00,53.67,302.28555,986.981,5.6586475,73.95217,0.0,0.0
2021-01-26 02:00:00,53.89,303.24786,986.5997,5.2949133,67.01472,0.0,1.1
2021-01-26 03:00:00,53.76,304.40796,985.6866,5.026008,61.643444,0.0,1.27
2021-01-26 04:00:00,53.62,305.34683,984.93024,4.7517033,57.776695,0.0,0.53
2021-01-26 05:00:00,54.04,306.12646,984.01154,4.0657787,55.32302,0.0,0.0
2021-01-26 06:00:00,54.61,306.47556,983.6514,3.4456327,54.2465,0.0,1.2
2021-01-26 07:00:00,55.29,307.1043,983.15985,3.186998,49.62866,0.013262033,0.37
2021-01-26 08:00:00,55.36,306.9138,982.8329,2.316531,49.808617,0.008329749,1.28
2021-01-26 09:00:00,55.03,306.62378,983.243,1.631099,50.897865,0.015243888,0.0
2021-01-26 10:00:00,54.09,305.12012,984.12103,0.7364849,60.166145,0.2040863,0.0
2021-01-26 11:00:00,54.12,302.7945,984.952,2.521334,71.89513,0.18750131,0.0
2021-01-26 12:00:00,54.81,300.83066,986.1802,2.0883012,80.15212,0.750497,0.0
2021-01-26 13:00:00,57.35,300.3885,986.0769,1.6671661,82.48961,0.06856024,0.21
2021-01-26 14:00:00,59.47,300.11163,986.28235,1.7328973,84.70467,0.11438131,1.28
2021-01-26 15:00:00,60.76,299.89056,986.0069,1.8955965,85.656,0.24236739,2.7199998
2021-01-26 16:00:00,62.09,299.77478,985.60815,1.9743743,86.12007,0.135988,11.91
2021-01-26 17:00:00,61.39,299.4361,985.1739,2.5406313,85.34252,1.0631233,13.63
2021-01-26 18:00:00,59.92,298.92166,985.2919,2.6786425,86.51063,1.7538667,15.359999
2021-01-26 19:00:00,57.31,298.0437,984.8914,3.0525963,91.45911,1.2417883,8.0
2021-01-26 20:00:00,55.63,298.10138,984.8732,2.5746312,92.74078,0.9328723,5.37
2021-01-26 21:00:00,53.77,298.23425,985.2416,2.1999233,93.521805,0.69344044,3.85
2021-01-26 22:00:00,53.05,298.50308,985.9817,2.17555,92.62343,0.3180653,3.03
2021-01-26 23:00:00,53.65,299.24268,986.4331,2.2814221,90.33648,0.08486491,2.75
2021-01-27 00:00:00,52.98,300.31226,986.1289,3.24434,87.43453,7.8310695,0.95
2021-01-27 01:00:00,52.79,301.48462,986.0613,3.5476384,82.01393,0.0,0.58
2021-01-27 02:00:00,54.07,302.70535,985.6521,3.2602756,75.807106,0.0,0.0
2021-01-27 03:00:00,54.84,303.90613,985.27545,3.1035733,70.54066,0.07207878,0.0
2021-01-27 04:00:00,54.66,304.77673,984.4981,2.8792787,68.3996,0.09838864,0.19999999
2021-01-27 05:00:00,54.11,304.86893,983.9299,2.9163697,67.84542,0.24797395,0.0
2021-01-27 06:00:00,53.01,304.53262,983.57446,3.292454,69.874725,1.642473,0.0
2021-01-27 07:00:00,53.17,305.57748,983.3867,4.036273,61.609703,0.0154823065,0.0
2021-01-27 08:00:00,54.1,304.78583,983.0078,4.637844,64.557434,0.83210623,0.0
2021-01-27 09:00:00,55.13,304.2893,983.1333,4.3182807,66.86866,0.0059977174,0.47
2021-01-27 10:00:00,56.17,303.482,983.8122,3.0316017,72.468155,0.27361512,3.4699998
2021-01-27 11:00:00,56.8,302.4959,984.7289,1.4246824,78.64846,0.56146085,8.129999
2021-01-27 12:00:00,57.35,301.38055,985.4528,1.8902141,81.686485,1.8567069,8.24
2021-01-27 13:00:00,57.96,299.47467,986.35803,3.3156505,89.128586,3.5306664,6.74
2021-01-27 14:00:00,59.07,298.364,986.3336,3.055943,94.5685,4.463442,4.25
2021-01-27 15:00:00,59.19,297.9662,986.3678,2.1521142,95.359726,7.1158566,1.35
2021-01-27 16:00:00,58.88,297.68988,985.8013,1.5992405,95.91401,4.1681232,0.0
2021-01-27 17:00:00,59.0,297.66254,985.1372,1.599784,95.7109,1.5969872,0.17999999
2021-01-27 18:00:00,59.03,297.8125,984.7649,1.3273447,95.13783,0.74772537,0.17
2021-01-27 19:00:00,59.74,299.107,984.4611,3.440512,91.56088,0.008538365,0.57
2021-01-27 20:00:00,60.82,299.0632,984.53076,3.2719285,91.83886,0.0,0.17999999
2021-01-27 21:00:00,61.45,298.9488,984.97076,2.739303,92.76928,0.0,0.0
2021-01-27 22:00:00,62.0,299.057,985.96,2.5656335,93.32788,0.0,1.1899999
2021-01-27 23:00:00,63.05,300.05634,986.8322,3.5119185,90.39118,0.0012814999,2.84
2021-01-28 00:00:00,62.51,301.11734,986.7395,4.085133,85.12337,27.2418,2.03
2021-01-28 01:00:00,62.75,302.7854,986.5424,4.609745,74.50209,0.0,1.4399999
2021-01-28 02:00:00,62.26,303.53745,986.3013,4.7444735,69.356834,0.06333925,0.17999999
2021-01-28 03:00:00,60.89,304.24667,985.6477,4.7978516,65.84371,0.055536628,0.0
2021-01-28 04:00:00,61.18,305.21338,984.67773,4.9043336,62.33973,0.15186146,0.0
2021-01-28 05:00:00,62.35,305.71118,983.6828,4.6346054,60.66823,0.07311255,0.19999999
2021-01-28 06:00:00,63.01,306.20538,982.9973,4.5915465,58.172638,0.039607286,3.62
2021-01-28 07:00:00,62.87,304.4113,982.34125,4.8534374,67.07384,0.0,4.67
2021-01-28 08:00:00,62.61,304.86557,981.9266,4.791235,64.670715,0.001701701,13.209999
2021-01-28 09:00:00,61.64,302.96362,982.56995,5.1506224,73.906746,3.4781022,3.41
2021-01-28 10:00:00,60.48,300.7308,984.1368,4.99979,84.60631,7.2384105,1.18
2021-01-28 11:00:00,61.0,299.8498,985.1164,4.170198,87.8124,6.390893,0.0
2021-01-28 12:00:00,61.94,299.42422,985.4886,4.772922,89.98666,4.398167,0.21
2021-01-28 13:00:00,62.94,299.128,985.71643,4.0842195,91.21357,1.4330894,1.1800001
2021-01-28 14:00:00,63.64,299.12543,985.72815,3.6116652,90.97209,1.1438429,2.09
2021-01-28 15:00:00,62.84,299.16638,985.29224,3.854246,90.24223,0.7629264,0.71
2021-01-28 16:00:00,61.5,299.1149,984.6144,3.5768843,89.903885,0.41265413,0.0
2021-01-28 17:00:00,61.28,299.1108,983.78,3.3615308,90.016785,0.09561889,0.21
2021-01-28 18:00:00,61.58,299.00067,983.3271,3.2385616,90.42438,0.036373734,1.72
2021-01-28 19:00:00,62.05,298.84827,983.5829,3.4518242,88.83166,0.07274747,3.38
2021-01-28 20:00:00,63.09,298.69006,983.4531,3.8001113,89.58429,0.089138746,2.38
2021-01-28 21:00:00,63.1,298.67358,983.9448,4.1613355,89.48311,0.089108944,0.53999996
2021-01-28 22:00:00,62.37,298.72797,984.8141,4.516951,88.92094,0.05762279,0.0
2021-01-28 23:00:00,61.26,299.4093,985.3764,4.601583,86.58629,0.038057566,0.43
2021-01-29 00:00:00,59.77,300.72083,985.5047,6.907464,78.59548,26.243776,0.0
2021-01-29 01:00:00,60.88,301.45636,985.33716,7.0463085,76.54072,0.0,0.19999999
2021-01-29 02:00:00,61.86,301.98328,984.7388,7.5076046,74.77315,0.082688406,1.04
2021-01-29 03:00:00,61.59,302.4391,984.0722,7.6993704,72.500755,0.07714331,0.77
2021-01-29 04:00:00,62.75,303.1809,982.8259,7.7481,69.79361,0.071335584,2.6299999
2021-01-29 05:00:00,63.49,303.10342,981.8809,7.5828977,69.8211,0.4223436,4.79
2021-01-29 06:00:00,64.02,301.6892,981.885,6.2485223,74.43254,2.7972312,6.39
2021-01-29 07:00:00,62.6,302.15155,980.2788,4.998242,78.506035,0.15478139,3.79
2021-01-29 08:00:00,62.71,302.59094,980.8915,4.75414,75.89837,0.36951876,0.65999997
2021-01-29 09:00:00,63.17,301.4482,981.081,4.5304737,79.8958,6.621763,0.32999998
2021-01-29 10:00:00,64.53,300.61496,981.95276,4.1115003,83.129524,4.617609,0.43
2021-01-29 11:00:00,66.59,300.08875,982.59344,3.9832444,84.95423,2.2494504,1.12
2021-01-29 12:00:00,66.93,299.9496,982.68634,4.101567,85.540764,0.15498698,0.96999997
2021-01-29 13:00:00,66.78,299.79608,982.77905,4.0721846,86.01883,0.5196482,0.0
2021-01-29 14:00:00,66.26,299.60992,982.87,4.0859876,86.438,1.0670125,2.9499998
2021-01-29 15:00:00,66.01,299.2362,982.5511,4.749812,87.69495,2.368465,3.34
2021-01-29 16:00:00,67.02,298.99268,981.77844,5.446,88.0947,2.5261493,3.08
2021-01-29 17:00:00,67.31,298.79523,980.87,6.232183,88.400925,4.184334,3.59
2021-01-29 18:00:00,66.66,298.55267,980.0648,6.7686386,88.979256,2.8250365,1.73
2021-01-29 19:00:00,65.95,298.77466,980.8415,5.459742,86.54073,0.38409418,0.51
2021-01-29 20:00:00,65.17,298.9356,980.539,5.854578,85.57678,0.5765557,0.0
2021-01-29 21:00:00,64.57,299.01907,980.70935,6.2734547,84.872475,0.82209706,0.0
2021-01-29 22:00:00,63.89,298.8961,981.03674,6.658588,84.55646,1.3779998,0.23
2021-01-29 23:00:00,63.25,298.9227,981.4302,7.0892606,85.592,1.5003681,0.29999998
2021-01-30 00:00:00,65.09,298.91663,981.5439,7.555507,86.188194,37.28323,0.0
2021-01-30 01:00:00,65.81,299.0849,981.2325,7.5418973,86.29475,0.0,0.49
2021-01-30 02:00:00,65.95,298.9397,981.14825,7.4348598,87.577095,0.59024245,0.44
2021-01-30 03:00:00,65.24,299.13544,980.34143,7.354867,86.85972,0.5222559,0.0
2021-01-30 04:00:00,65.48,299.5061,979.8258,6.5891876,84.85085,0.4955083,0.0
2021-01-30 05:00:00,65.08,299.68622,979.2578,6.2100987,83.774994,0.43994188,1.02
2021-01-30 06:00:00,65.17,300.06732,978.9939,6.0587206,82.806305,1.1981875,2.6599998
2021-01-30 07:00:00,65.59,300.37213,979.53766,8.226385,80.18271,0.50604343,1.76
2021-01-30 08:00:00,65.25,300.21265,979.4881,7.6360025,81.61816,0.47031045,1.26
2021-01-30 09:00:00,64.57,299.83865,979.95764,8.474047,83.53721,0.83345175,0.58
2021-01-30 10:00:00,64.19,299.5722,980.8773,7.761653,85.291084,0.5619675,0.35999998
2021-01-30 11:00:00,64.61,299.2046,981.9754,7.4843173,86.33808,0.3219126,0.0
2021-01-30 12:00:00,65.59,299.18817,982.7728,7.871522,85.67335,0.07687509,0.0
2021-01-30 13:00:00,66.24,298.87085,983.5203,8.218056,85.80021,0.33170497,0.0
2021-01-30 14:00:00,66.41,298.74487,984.2356,8.148282,85.32719,0.293253,0.0
2021-01-30 15:00:00,66.36,298.6,984.17633,7.923247,85.46827,0.19071996,0.0
2021-01-30 16:00:00,65.92,298.44684,983.90436,7.5123634,86.29764,0.18593715,0.39
2021-01-30 17:00:00,65.51,298.31024,983.4794,6.8354955,87.573784,0.25037768,0.24
2021-01-30 18:00:00,64.22,298.26535,983.265,6.450398,88.63812,0.43718517,0.0
2021-01-30 19:00:00,63.61,298.51688,983.0683,6.748474,86.23512,1.5548477,0.0
2021-01-30 20:00:00,63.39,298.34113,983.3519,6.669423,88.21813,1.489237,0.0
2021-01-30 21:00:00,62.38,298.5699,984.1792,7.018824,88.064445,1.2676865,0.0
2021-01-30 22:00:00,61.85,298.64636,985.1255,7.6585298,86.77777,1.5208284,0.0
2021-01-30 23:00:00,61.58,298.96277,986.14984,7.74138,86.075356,0.8737892,0.22
2021-01-31 00:00:00,61.68,299.13742,986.6155,7.790015,86.99478,15.692936,0.0
2021-01-31 01:00:00,61.8,299.68085,986.9192,8.7962885,84.582535,0.0,0.0
2021-01-31 02:00:00,61.77,300.36093,986.8102,8.638328,81.11874,0.50307065,0.0
2021-01-31 03:00:00,61.41,299.96393,986.8613,7.1106615,84.748436,0.51145625,0.0
2021-01-31 04:00:00,59.73,300.40106,986.3308,7.3801494,82.1536,0.5988255,0.0
2021-01-31 05:00:00,59.49,301.31772,985.73755,7.515039,77.43952,0.29157847,0.0
2021-01-31 06:00:00,59.46,302.2494,984.9922,7.2180986,73.36945,0.20376593,0.0
2021-01-31 07:00:00,58.29,303.46048,984.09595,5.89389,66.31862,0.062175095,0.0
2021-01-31 08:00:00,58.19,303.6138,983.95233,5.575314,66.89539,0.1853779,0.0
2021-01-31 09:00:00,59.01,302.08765,984.46783,5.335238,71.762985,2.2782311,0.0
2021-01-31 10:00:00,59.6,300.93042,985.0005,4.5207753,79.71649,0.19483268,0.0
2021-01-31 11:00:00,60.09,300.15518,985.9414,4.5343184,82.336914,0.3091842,0.0
2021-01-31 12:00:00,60.99,299.67548,986.6889,4.100287,84.02567,0.5675405,0.0
2021-01-31 13:00:00,60.78,299.23816,986.8848,3.4748323,85.84837,0.2772687,0.0
2021-01-31 14:00:00,60.28,298.97327,987.177,2.923029,87.32729,0.24469197,0.0
2021-01-31 15:00:00,59.64,298.74973,987.2109,2.665657,88.58984,0.17824769,0.0
2021-01-31 16:00:00,59.58,298.5191,987.28143,2.8564513,89.15846,0.46135485,0.0
2021-01-31 17:00:00,58.9,298.2531,986.9306,2.679461,90.33472,0.060498714,0.099999994
2021-01-31 18:00:00,59.16,298.00925,986.4486,2.4494908,91.41839,0.0,0.04
2021-01-31 19:00:00,58.96,298.1402,986.72485,3.4337902,90.01286,0.0,0.0
2021-01-31 20:00:00,59.12,298.2337,987.2994,3.22116,89.962975,0.0,0.22
2021-01-31 21:00:00,58.73,298.30682,987.6877,2.7345412,90.09155,0.0,0.0
2021-01-31 22:00:00,59.0,298.4333,988.1217,2.4859436,90.39583,0.0,0.0
2021-01-31 23:00:00,59.2,299.42267,988.7626,3.1734886,86.14636,0.0,0.0
2021-02-01 00:00:00,58.04,300.89636,988.8703,4.2212796,78.328354,7.4300647,0.0
2021-02-01 01:00:00,58.83,301.5984,989.0397,3.9622946,76.61134,0.0,0.0
2021-02-01 02:00:00,59.66,302.56903,988.7979,3.471522,75.72323,0.1834929,0.0
2021-02-01 03:00:00,60.21,303.74692,987.942,2.8123174,69.32274,0.3566034,0.0
2021-02-01 04:00:00,60.09,303.10175,987.085,1.9402099,72.09707,0.17923117,0.0
2021-02-01 05:00:00,60.78,303.016,986.8071,4.2608666,70.79194,9.703718,0.32
2021-02-01 06:00:00,61.9,302.44858,986.7358,4.333578,72.70266,2.800621,1.69
2021-02-01 07:00:00,61.42,302.30447,986.59045,3.2273116,71.04529,0.9922627,3.6399999
2021-02-01 08:00:00,62.15,301.85315,986.32794,1.6089224,74.38393,0.100106,2.56
2021-02-01 09:00:00,64.4,301.82935,986.6892,1.1267842,74.960915,0.108629465,4.0899997
2021-02-01 10:00:00,65.6,301.28815,987.6039,2.0218904,80.25818,0.10564923,3.8899999
2021-02-01 11:00:00,65.03,300.2003,988.8229,2.35926,86.257286,0.97581744,1.55
2021-02-01 12:00:00,64.83,299.80902,989.4554,1.8403504,87.85757,1.1178255,0.0
2021-02-01 13:00:00,64.43,299.3286,989.9673,1.2212516,90.27379,0.97391754,0.0
2021-02-01 14:00:00,64.71,298.86002,990.1973,1.8642873,91.9643,0.921404,0.0
2021-02-01 15:00:00,64.23,298.65207,989.64764,1.7402513,92.85138,0.37290528,0.2
2021-02-01 16:00:00,64.19,298.39795,989.0991,1.4909073,94.314766,0.5632341,0.0
2021-02-01 17:00:00,63.8,298.21243,988.58655,1.5494528,94.9696,0.20229816,0.0
2021-02-01 18:00:00,63.16,298.02554,988.16016,0.7926883,95.70322,0.08240342,0.0
2021-02-01 19:00:00,62.29,297.4916,988.4299,1.6825341,97.1224,0.279814,0.0
2021-02-01 20:00:00,61.72,297.4748,988.6429,1.3155999,96.42694,0.07758476,0.0
2021-02-01 21:00:00,60.45,297.5099,988.91516,1.268303,95.83245,0.025771558,0.0
2021-02-01 22:00:00,58.41,297.6626,989.4918,1.4988812,94.95228,0.013561919,0.0
2021-02-01 23:00:00,56.74,298.2937,990.2648,1.9880816,91.258865,0.015318394,0.0
2021-02-02 00:00:00,53.18,299.12854,990.4416,2.0275202,86.72863,20.271093,0.0
2021-02-02 01:00:00,52.6,299.82843,990.78375,1.9690766,82.61682,0.0,0.0
2021-02-02 02:00:00,53.01,301.03586,990.3705,1.7409444,77.95268,0.13959035,0.0
2021-02-02 03:00:00,53.15,301.7218,989.8855,2.2364142,75.57369,0.17371774,0.0
2021-02-02 04:00:00,52.65,302.40967,989.2544,2.900279,75.614845,0.12687966,0.0
2021-02-02 05:00:00,51.98,303.09113,988.5268,3.4141436,75.96361,0.06082654,0.0
2021-02-02 06:00:00,50.96,303.31952,987.61597,3.2425025,75.52896,0.028833747,0.0
2021-02-02 07:00:00,51.06,305.03543,986.53064,1.1273175,65.50218,0.110417604,0.0
2021-02-02 08:00:00,52.43,305.17773,986.0068,1.2710322,64.891266,0.021390617,0.0
2021-02-02 09:00:00,54.36,304.7293,986.0879,1.2609358,66.23417,0.0660941,4.31
2021-02-02 10:00:00,55.4,304.16522,987.5886,1.7427638,71.13342,0.009074807,0.0
2021-02-02 11:00:00,55.77,302.05835,988.71124,3.1389453,80.501976,1.9733012,0.0
2021-02-02 12:00:00,56.24,300.11267,989.39185,3.1601372,87.15425,5.4653687,0.0
2021-02-02 13:00:00,57.36,299.1243,990.19244,2.2390287,90.45128,4.099928,0.0
2021-02-02 14:00:00,57.61,298.46503,990.798,1.6969686,92.001595,3.5288045,0.0
2021-02-02 15:00:00,57.97,298.10236,990.9607,1.1825409,92.643845,3.4269094,0.0
2021-02-02 16:00:00,57.51,297.79736,990.2735,0.99253243,93.98872,1.1333674,0.0
2021-02-02 17:00:00,58.21,297.73303,989.4934,1.101246,94.41804,0.010743737,0.42
2021-02-02 18:00:00,59.27,297.66876,989.2182,1.0300399,94.4296,0.39322674,0.92999995
2021-02-02 19:00:00,58.19,297.74707,988.68915,2.1680408,92.814575,0.0,0.14999999
2021-02-02 20:00:00,57.8,297.70197,988.40375,1.7549466,92.89372,0.0,0.0
2021-02-02 21:00:00,57.57,297.6042,988.6384,1.5597299,93.29293,0.0,0.0
2021-02-02 22:00:00,57.52,297.64948,989.1284,1.7560602,93.159065,0.0,0.0
2021-02-02 23:00:00,56.85,298.59473,989.6718,1.9379675,88.95086,0.0012516975,0.0
2021-02-03 00:00:00,56.59,299.88336,989.66736,1.6689241,83.03363,20.808517,0.0
2021-02-03 01:00:00,56.82,301.08612,989.4101,1.5167992,78.888275,0.0,0.0
2021-02-03 02:00:00,56.54,302.33386,988.98627,1.8856553,74.16901,0.20744652,0.0
2021-02-03 03:00:00,55.69,303.00363,988.1926,1.951557,74.254776,0.11309981,0.0
2021-02-03 04:00:00,55.62,303.8556,987.45654,1.3937546,73.530464,0.12465939,0.0
2021-02-03 05:00:00,54.93,304.63556,986.54065,1.0904053,67.3015,0.09256601,0.0
2021-02-03 06:00:00,53.82,305.04044,985.8223,1.1936105,63.701717,0.022597611,0.0
2021-02-03 07:00:00,52.98,305.5365,985.08453,3.39432,67.65603,0.12331456,0.0
2021-02-03 08:00:00,53.14,305.2313,984.4451,3.3084624,68.358246,0.057660043,0.0
2021-02-03 09:00:00,53.82,304.3333,984.9512,4.291047,72.31417,0.04375726,0.0
2021-02-03 10:00:00,54.86,302.43982,985.8148,4.5418496,80.910675,0.56860155,1.37
2021-02-03 11:00:00,57.01,301.0692,987.01654,4.5451903,83.82624,2.228345,4.8799996
2021-02-03 12:00:00,58.18,300.1869,987.584,3.987218,86.83637,3.2394304,3.82
2021-02-03 13:00:00,58.24,299.8832,988.16766,3.130291,89.25168,1.6692351,4.63
2021-02-03 14:00:00,58.82,299.59937,988.7989,2.4817328,90.09578,0.87257475,6.2299995
2021-02-03 15:00:00,59.8,299.18103,988.34717,2.1684923,91.51067,1.5369058,3.57
2021-02-03 16:00:00,59.89,298.99884,987.86444,1.7861499,92.01948,0.5211532,0.0
2021-02-03 17:00:00,59.57,298.89935,987.09485,1.8480693,91.75365,0.07389486,0.0
2021-02-03 18:00:00,59.16,298.7387,987.0105,2.310313,91.667946,0.39769524,0.0
2021-02-03 19:00:00,58.84,298.236,986.6337,2.0483406,93.79291,3.7885885,0.0
2021-02-03 20:00:00,58.11,298.0589,986.3162,2.4510598,94.387794,1.1511631,0.0
2021-02-03 21:00:00,57.02,297.97308,987.1964,2.3256688,94.063965,0.108495355,0.0
2021-02-03 22:00:00,57.08,298.1297,988.23694,1.9206561,93.67792,0.013232231,0.0
2021-02-03 23:00:00,57.17,298.84308,988.90326,1.9719852,90.16698,0.012606382,0.22999999
2021-02-04 00:00:00,58.41,299.58197,989.073,2.5637498,87.003815,17.01576,0.0
2021-02-04 01:00:00,58.54,300.0943,989.25903,2.9841866,85.19781,0.0,0.0
2021-02-04 02:00:00,58.52,301.0279,988.74054,3.6244001,82.58556,0.11530332,0.0
2021-02-04 03:00:00,58.01,301.93784,987.7003,4.2063427,79.50721,0.08338317,0.32999998
2021-02-04 04:00:00,57.34,302.58444,986.8113,4.405619,77.774796,0.03693998,0.26999998
2021-02-04 05:00:00,56.8,303.1809,986.14624,4.339653,74.848854,0.03759563,0.0
2021-02-04 06:00:00,55.89,303.46942,985.4392,4.112724,72.81466,0.018849969,0.84
2021-02-04 07:00:00,54.75,303.91354,984.84845,3.024583,69.75991,0.0145584345,0.21
2021-02-04 08:00:00,53.89,303.98166,984.4082,3.6137872,70.05025,0.0026002526,0.07
2021-02-04 09:00:00,52.6,303.65942,984.3528,3.7154043,70.50533,0.01886784,0.0
2021-02-04 10:00:00,50.53,302.65128,984.9364,2.7220757,75.537094,0.0564784,0.0
2021-02-04 11:00:00,48.86,301.81686,985.9786,2.509367,78.321976,0.018805265,0.0
2021-02-04 12:00:00,47.66,301.14307,986.7813,2.9088979,79.25607,0.011339784,0.0
2021-02-04 13:00:00,47.89,300.4311,987.7365,3.4663343,79.57365,0.0,0.0
2021-02-04 14:00:00,49.11,299.70206,988.3164,4.004544,80.07059,0.0,0.0
2021-02-04 15:00:00,49.04,298.99493,988.3714,4.175054,81.73756,0.0,0.0
2021-02-04 16:00:00,49.21,298.4621,988.1219,4.481886,84.05386,0.0,0.0
2021-02-04 17:00:00,49.4,298.02356,987.2085,5.10419,87.14727,0.0,0.0
2021-02-04 18:00:00,49.68,297.81982,986.8967,5.319768,89.64996,0.0,0.0
2021-02-04 19:00:00,48.4,298.24292,986.84375,4.868792,88.998924,0.0,0.0
2021-02-04 20:00:00,46.71,298.12048,987.105,4.35418,90.33338,0.0,0.0
2021-02-04 21:00:00,46.29,297.9577,987.6495,3.7629347,91.46451,0.0,0.0
2021-02-04 22:00:00,46.82,297.91373,988.20264,3.167487,92.27905,0.0,0.0
2021-02-04 23:00:00,46.58,298.91812,988.7625,4.3286834,88.07232,0.0,0.0
2021-02-05 00:00:00,43.83,300.0644,988.99097,5.2767906,81.67988,0.572744,0.0
2021-02-05 01:00:00,43.88,301.32715,989.1376,4.951132,74.75146,0.0,0.0
2021-02-05 02:00:00,42.85,302.47186,988.4936,4.8869805,69.090256,0.0073034316,0.0
2021-02-05 03:00:00,41.67,303.39948,987.8269,4.8266845,63.9494,0.027712435,0.0
2021-02-05 04:00:00,41.47,304.06097,987.3795,4.914613,60.14269,0.005558133,0.0
2021-02-05 05:00:00,41.07,304.54584,986.5878,4.9805865,57.234234,0.0017434359,0.0
2021-02-05 06:00:00,39.71,304.71985,985.9428,5.0673347,55.761997,0.0,0.0
2021-02-05 07:00:00,39.77,304.96777,985.59357,4.2344913,54.820644,0.011924654,0.0
2021-02-05 08:00:00,40.87,304.3971,985.2633,4.2934675,58.114017,0.023424625,0.0
2021-02-05 09:00:00,42.57,303.86206,985.3134,3.4358256,62.427948,0.0,0.0
2021-02-05 10:00:00,45.89,303.1306,986.2976,2.3274217,68.18097,0.0,0.0
2021-02-05 11:00:00,49.11,301.95105,987.29486,2.3376863,74.70137,0.0,0.0
2021-02-05 12:00:00,51.76,301.1939,988.1858,2.905116,76.95007,0.008508563,0.0
2021-02-05 13:00:00,53.06,300.55966,988.68646,3.7183626,78.804375,0.0,0.0
2021-02-05 14:00:00,54.06,299.91428,989.2028,3.6166513,82.44112,0.0,0.0
2021-02-05 15:00:00,54.96,299.4828,988.81256,3.3231368,85.40346,0.0,0.0
2021-02-05 16:00:00,54.65,299.30035,988.3438,3.2635748,86.79098,0.0,0.0
2021-02-05 17:00:00,53.78,298.93323,987.77875,3.333682,88.22917,0.0,0.0
2021-02-05 18:00:00,53.11,298.44775,987.4275,3.1580167,89.80203,0.08511543,0.0
2021-02-05 19:00:00,51.88,298.31042,987.6358,3.436347,89.367035,0.0,0.0
2021-02-05 20:00:00,50.15,298.0943,987.86127,3.3634987,90.915276,0.0,0.0
2021-02-05 21:00:00,49.24,297.82504,988.1415,3.331177,92.48641,0.0,0.0
2021-02-05 22:00:00,48.75,297.82025,988.7547,3.1208906,93.20128,0.0,0.0
2021-02-05 23:00:00,48.16,298.92126,989.47656,4.254058,88.68379,0.005558133,0.0
2021-02-06 00:00:00,45.25,300.02148,989.3592,5.031324,82.033264,0.2944857,0.0
2021-02-06 01:00:00,44.91,301.38953,989.2578,4.89044,73.86467,0.0,0.0
2021-02-06 02:00:00,43.5,302.14343,988.8822,4.517648,69.350655,0.046346337,0.0
2021-02-06 03:00:00,42.67,303.1369,988.2468,4.3074265,64.94304,0.06996468,0.0
2021-02-06 04:00:00,43.1,303.90463,987.508,4.1558685,61.036617,0.015869737,0.0
2021-02-06 05:00:00,43.08,304.4112,986.955,4.089243,58.268196,0.00641495,0.0
2021-02-06 06:00:00,43.31,304.90723,986.3923,4.0388603,55.917885,0.0014975667,0.0
2021-02-06 07:00:00,43.95,305.2018,985.5778,4.0413933,56.05266,0.0012814999,0.0
2021-02-06 08:00:00,45.25,305.0345,985.248,4.4422517,56.318676,0.0,0.0
2021-02-06 09:00:00,47.34,304.3645,984.96216,4.321506,60.117046,0.0,0.0
2021-02-06 10:00:00,50.04,302.85486,986.1625,4.6432714,69.2129,0.0,0.0
2021-02-06 11:00:00,51.31,301.22037,987.683,4.8946667,77.38651,0.006416449,0.0
2021-02-06 12:00:00,52.49,300.37152,988.8596,4.197125,81.82498,0.0,0.0
2021-02-06 13:00:00,52.08,299.84204,989.03,3.4588337,84.78978,0.009842232,0.0
2021-02-06 14:00:00,51.57,299.461,989.4289,2.638437,87.22593,0.017106533,0.0
2021-02-06 15:00:00,51.8,299.17352,989.0896,2.1539183,89.10862,0.0,0.0
2021-02-06 16:00:00,52.51,298.99933,988.97986,1.8260309,90.27946,0.013262033,0.0
2021-02-06 17:00:00,52.6,298.6117,988.3253,1.3829937,91.59509,0.12657046,0.0
2021-02-06 18:00:00,52.42,298.5562,987.9755,1.5813925,91.40118,0.008152827,0.0
2021-02-06 19:00:00,52.01,298.5359,987.6172,3.5025508,89.22211,0.001758337,0.0
2021-02-06 20:00:00,51.63,298.4138,987.8022,3.502779,89.81587,0.0,0.0
2021-02-06 21:00:00,51.59,298.15997,988.2554,3.020546,91.08335,0.0,0.0
2021-02-06 22:00:00,51.19,298.0626,988.5528,2.8051572,92.08688,0.0,0.0
2021-02-06 23:00:00,50.71,299.0263,989.38654,3.872984,87.45168,0.0,0.0
2021-02-07 00:00:00,50.44,300.114,989.512,4.243703,81.37768,0.42637455,0.0
2021-02-07 01:00:00,50.59,301.3581,989.6228,4.3231053,73.91806,0.0,0.0
2021-02-07 02:00:00,51.36,302.22882,988.89185,4.3797107,68.62775,0.0013131648,0.0
2021-02-07 03:00:00,51.5,302.90167,988.34436,4.3981957,65.16363,0.001322478,0.0
2021-02-07 04:00:00,51.76,303.43005,987.92584,4.069018,62.38383,0.0023953617,0.0
2021-02-07 05:00:00,51.94,303.85757,987.22015,3.6386633,59.97818,0.001296401,0.0
2021-02-07 06:00:00,51.72,303.94522,986.53156,3.4153683,58.824707,0.0,0.0
2021-02-07 07:00:00,50.78,305.14853,985.59393,3.981111,56.197403,0.0,0.0
2021-02-07 08:00:00,50.17,304.84985,984.9623,4.0560226,55.434578,0.0,0.0
2021-02-07 09:00:00,49.68,304.5813,985.0641,2.9552033,57.37684,0.0,0.0
2021-02-07 10:00:00,48.72,303.502,985.9192,1.8023764,65.91144,0.0,0.0
2021-02-07 11:00:00,48.87,302.08826,986.9263,1.5865756,77.016685,0.0,0.0
2021-02-07 12:00:00,49.67,301.5639,987.4761,1.9845815,77.27099,0.0,0.0
2021-02-07 13:00:00,51.88,301.00275,987.9267,2.9052234,77.80578,0.0,0.0
2021-02-07 14:00:00,53.12,300.34753,988.04205,3.7348106,80.23013,0.0,0.0
2021-02-07 15:00:00,53.49,299.81775,988.0039,4.273451,82.7087,0.0,0.0
2021-02-07 16:00:00,54.89,299.40717,987.82135,4.478732,84.94147,0.0,0.0
2021-02-07 17:00:00,56.74,299.09265,987.26654,4.523228,86.46435,0.0,0.0
2021-02-07 18:00:00,58.44,298.88147,986.9462,4.3936863,87.42456,0.0,0.0
2021-02-07 19:00:00,59.48,298.91696,986.51764,4.4096847,85.47157,0.0,0.0
2021-02-07 20:00:00,60.5,298.72336,987.1193,4.4849815,86.301735,0.0027120113,0.0
2021-02-07 21:00:00,60.48,298.49634,987.3339,4.4258685,87.145424,0.0,0.0
2021-02-07 22:00:00,59.7,298.36087,988.1534,4.3883142,87.63243,0.0,0.0
2021-02-07 23:00:00,58.68,298.80322,988.3289,4.962944,85.39231,0.0,0.0
2021-02-08 00:00:00,56.19,299.81012,988.5611,5.7024155,80.269585,0.017698804,0.0
2021-02-08 01:00:00,56.46,300.98688,988.88666,5.737619,75.37313,0.06746506,0.0
2021-02-08 02:00:00,55.97,301.92615,988.7455,5.21681,71.685005,0.10961294,0.0
2021-02-08 03:00:00,54.89,302.18192,988.71075,4.60975,70.37237,0.26807562,0.0
2021-02-08 04:00:00,53.84,302.69873,987.86597,4.8154206,67.969826,0.060476363,0.0
2021-02-08 05:00:00,53.37,303.2741,986.8943,5.2593393,64.72294,0.01745671,0.0
2021-02-08 06:00:00,52.77,304.06775,986.1752,5.29156,61.50735,0.0,0.0
2021-02-08 07:00:00,51.05,305.94757,985.0634,5.6364713,56.6139,0.010676682,0.0
2021-02-08 08:00:00,50.09,304.96017,984.6132,5.94093,58.277798,0.026836991,0.0
2021-02-08 09:00:00,49.81,304.193,984.7764,4.488258,63.382828,0.036001205,0.0
2021-02-08 10:00:00,50.3,303.25958,985.65314,3.6618447,68.79844,0.0,0.0
2021-02-08 11:00:00,50.28,302.16617,986.3864,3.1950297,74.09408,0.0,0.0
2021-02-08 12:00:00,50.66,301.405,986.93506,2.7873309,77.587456,0.0,0.0
2021-02-08 13:00:00,51.18,300.9099,987.324,2.7000234,79.77796,0.0,0.0
2021-02-08 14:00:00,51.15,300.53412,987.3244,2.6116886,81.31985,0.0,0.91999996
2021-02-08 15:00:00,51.14,300.1899,987.1255,3.120823,81.876945,0.0,0.34
2021-02-08 16:00:00,52.15,299.9156,986.55963,4.2221665,81.0248,0.0,0.0
2021-02-08 17:00:00,54.0,299.6209,985.995,4.9081273,79.74312,0.0,0.0
2021-02-08 18:00:00,55.91,299.17303,985.9419,5.0903482,79.22055,0.0,0.22
2021-02-08 19:00:00,56.52,298.8636,986.03424,4.553872,79.99681,0.0461787,0.73
2021-02-08 20:00:00,56.27,298.4369,986.61615,4.096359,81.00094,0.0053346157,0.77
2021-02-08 21:00:00,56.12,298.1367,987.5552,3.164684,82.038605,0.13686717,0.48999998
2021-02-08 22:00:00,55.82,297.97327,988.3644,2.4753807,83.40609,0.19063056,1.35
2021-02-08 23:00:00,55.68,298.38177,988.5669,2.570572,81.41585,0.07943809,1.39
2021-02-09 00:00:00,55.84,298.82272,988.70135,3.5347948,78.0514,1.1382252,1.5899999
2021-02-09 01:00:00,56.53,299.02618,988.4114,4.73418,76.86537,0.0,0.97
2021-02-09 02:00:00,56.41,299.50415,988.04877,5.284856,74.40814,0.0018458813,1.53
2021-02-09 03:00:00,56.76,299.77753,987.65967,4.8303747,73.74865,0.059049577,0.55
2021-02-09 04:00:00,57.1,300.41385,986.9391,5.049246,71.79932,0.018782914,0.61
2021-02-09 05:00:00,57.7,301.00726,986.10565,5.2340937,70.01419,0.01656264,0.28
2021-02-09 06:00:00,58.92,301.03094,985.66345,4.733037,70.58699,0.0054761767,0.45999998
2021-02-09 07:00:00,59.84,300.2848,984.4704,5.0517855,78.15638,1.701653,0.62
2021-02-09 08:00:00,60.9,299.96902,984.22516,5.0097013,78.349144,2.1949782,1.9399999
2021-02-09 09:00:00,62.63,299.21777,984.4311,5.033489,82.160645,2.8797314,3.4
2021-02-09 10:00:00,63.52,298.61673,984.7536,4.842254,84.7209,3.3412278,4.85
2021-02-09 11:00:00,64.74,298.31168,985.66016,4.8453517,85.37232,4.3970075,2.33
2021-02-09 12:00:00,65.37,298.0822,985.99756,4.599169,86.03661,6.9787364,1.8399999
2021-02-09 13:00:00,66.2,297.89252,986.60095,4.7991977,86.92194,9.363385,3.86
2021-02-09 14:00:00,66.64,297.73236,986.5868,5.266934,87.7003,11.583107,2.42
2021-02-09 15:00:00,66.2,297.51785,986.5229,5.3642807,88.06216,10.896161,2.5
2021-02-09 16:00:00,66.38,297.2444,986.1415,5.3801575,87.882835,8.745834,2.1299999
2021-02-09 17:00:00,66.5,296.9688,985.6486,5.0295205,88.16296,5.134553,2.3899999
2021-02-09 18:00:00,66.49,296.89398,985.52484,4.729281,88.6579,2.8107166,2.83
2021-02-09 19:00:00,66.29,296.8602,985.47766,4.8175173,88.79668,2.7189703,3.94
2021-02-09 20:00:00,65.87,296.95062,985.8886,4.856413,89.352875,3.6019683,4.88
2021-02-09 21:00:00,65.44,296.86,986.5105,5.1876464,88.96027,3.6459267,6.74
2021-02-09 22:00:00,65.04,296.68286,987.1744,5.194071,87.93391,2.9894114,8.67
2021-02-09 23:00:00,64.78,296.63467,987.8894,4.778892,87.353,1.6835034,19.82
2021-02-10 00:00:00,64.07,296.86804,988.2911,4.5046706,85.77345,85.33364,20.32
2021-02-10 01:00:00,63.82,297.59134,988.5386,4.0988975,85.45499,0.0,19.71
2021-02-10 02:00:00,63.49,298.03345,988.58167,4.3914113,84.02051,0.10206364,16.17
2021-02-10 03:00:00,63.64,298.1973,988.18146,3.9983153,83.58499,0.3206767,6.1099997
2021-02-10 04:00:00,63.19,298.45404,988.0139,3.420518,81.77773,0.43407455,1.6899999
2021-02-10 05:00:00,63.49,298.9435,987.155,3.50516,78.59285,0.10656193,1.3499999
2021-02-10 06:00:00,62.57,299.39108,986.807,3.757023,77.70238,0.0,1.12
2021-02-10 07:00:00,61.03,299.9187,985.92755,5.4092236,81.3415,0.04452467,0.19
2021-02-10 08:00:00,59.84,300.23032,985.64685,4.746844,80.25849,0.20387769,0.25
2021-02-10 09:00:00,59.45,300.43674,985.7879,4.22384,80.492065,0.1841411,0.04
2021-02-10 10:00:00,59.65,300.08408,986.15607,3.4098644,83.20495,0.5624667,0.0
2021-02-10 11:00:00,60.41,299.3631,987.1089,2.669753,86.520905,0.964731,0.0
2021-02-10 12:00:00,61.7,299.04047,987.90314,2.5340648,86.960594,1.0277629,0.0
2021-02-10 13:00:00,63.07,298.89435,988.5131,2.77297,87.81083,1.1992455,0.0
2021-02-10 14:00:00,63.57,298.73505,988.98224,3.229266,88.34769,0.56779385,0.0
2021-02-10 15:00:00,64.56,298.521,988.82245,3.6913772,89.22245,0.7631928,0.0
2021-02-10 16:00:00,64.51,298.28763,988.1518,3.6508126,90.235306,1.3265908,0.0
2021-02-10 17:00:00,64.49,298.07513,987.632,4.067813,91.65809,0.7906109,0.0
2021-02-10 18:00:00,64.36,297.95593,987.0372,4.4080215,91.93481,0.40388107,0.0
2021-02-10 19:00:00,63.62,298.3695,987.09625,4.192706,89.85244,0.33582747,0.0
2021-02-10 20:00:00,62.62,298.28406,987.4294,4.264758,89.67694,0.18142164,0.0
2021-02-10 21:00:00,60.29,298.12524,988.1192,3.9347954,89.86858,0.04605949,0.0
2021-02-10 22:00:00,58.97,297.98474,988.7078,3.7282965,90.361824,0.019654632,0.0
2021-02-10 23:00:00,57.78,298.7881,989.50464,3.8741868,88.263306,0.0,0.0
2021-02-11 00:00:00,57.07,300.1613,989.92773,6.0348973,80.63804,9.790763,0.0
2021-02-11 01:00:00,57.0,301.39572,990.20734,6.520145,73.08984,0.0,0.0
2021-02-11 02:00:00,56.43,302.47263,990.0338,6.531709,66.226456,0.025605783,0.0
2021-02-11 03:00:00,56.23,303.22205,989.5279,6.4828196,61.517693,0.008184463,0.0
2021-02-11 04:00:00,56.02,303.73975,988.9343,6.6379886,58.886086,0.015396625,0.0
2021-02-11 05:00:00,55.41,304.07428,988.3823,6.6118345,56.62167,0.0034347177,0.0
2021-02-11 06:00:00,54.6,304.51553,987.66516,6.548219,54.2502,0.0,0.0
2021-02-11 07:00:00,54.49,303.74042,987.448,6.0714045,58.71063,0.022038817,0.0
2021-02-11 08:00:00,55.59,303.3897,987.1153,5.5737915,61.07604,0.0,0.0
2021-02-11 09:00:00,56.98,302.93652,987.47974,4.4295936,65.25496,0.0,0.0
2021-02-11 10:00:00,56.53,302.0332,988.1532,3.3300815,70.5756,0.0,0.0
2021-02-11 11:00:00,55.09,300.82098,988.90796,3.0639677,76.095375,0.0,0.0
2021-02-11 12:00:00,54.72,300.09497,989.6114,3.2122397,79.092155,0.0,0.0
2021-02-11 13:00:00,53.74,299.4472,989.9482,3.227955,81.56274,0.0,0.0
2021-02-11 14:00:00,51.69,299.02002,990.60803,3.156768,83.08081,0.0,0.0
2021-02-11 15:00:00,49.73,298.47073,990.6103,3.3313138,84.16238,0.0,0.0
2021-02-11 16:00:00,47.51,298.1281,990.0048,3.4820168,84.15755,0.0,0.0
2021-02-11 17:00:00,46.06,297.82123,989.4525,3.4901323,84.46572,0.0,0.0
2021-02-11 18:00:00,46.14,297.46674,988.9657,3.4468446,85.51209,0.0,0.0
2021-02-11 19:00:00,46.37,298.13068,989.0789,3.9446313,83.9209,0.25515258,0.0
2021-02-11 20:00:00,46.1,298.0781,989.423,3.8166933,84.62104,0.41154924,0.0
2021-02-11 21:00:00,44.87,297.9784,989.97687,3.211017,86.37648,0.32889843,0.0
2021-02-11 22:00:00,44.08,297.95892,990.6395,2.8801506,87.74854,0.3373474,0.0
2021-02-11 23:00:00,43.01,298.30164,991.35187,2.5822296,88.05477,0.27148426,0.0
2021-02-12 00:00:00,39.22,298.67615,991.71783,2.915601,86.81689,2.0169556,0.0
2021-02-12 01:00:00,39.44,299.04425,991.8201,3.6109438,84.81697,0.0,0.0
2021-02-12 02:00:00,39.27,299.67093,991.7586,3.7706091,81.06745,0.06866269,0.0
2021-02-12 03:00:00,39.0,300.213,991.1697,3.640818,77.42771,0.030525029,0.0
2021-02-12 04:00:00,38.84,301.01477,990.8123,3.693439,72.79176,0.008080155,0.0
2021-02-12 05:00:00,38.0,301.8124,990.03284,3.6058295,68.80867,0.0,0.0
2021-02-12 06:00:00,37.5,302.5672,989.349,3.6914103,65.34033,0.0,0.0
2021-02-12 07:00:00,37.48,304.14673,988.7347,4.5536656,58.147957,0.023260713,0.0
2021-02-12 08:00:00,38.35,304.20102,988.1905,4.905058,57.75364,0.0021487358,0.0
2021-02-12 09:00:00,38.6,303.8986,988.5236,4.3620663,59.807755,0.0,0.0
2021-02-12 10:00:00,37.68,302.53616,989.65985,3.1253245,67.65156,0.0,0.0
2021-02-12 11:00:00,36.88,301.0376,989.84644,2.2810328,75.714775,0.0,0.0
2021-02-12 12:00:00,36.28,299.7749,991.0425,1.4288876,83.610535,0.0,0.0
2021-02-12 13:00:00,35.45,299.1244,991.51373,1.5979947,84.81614,0.0,0.0
2021-02-12 14:00:00,34.66,298.94983,992.1831,2.5771074,83.349266,0.0,0.0
2021-02-12 15:00:00,35.24,298.34695,992.1108,3.3244798,84.93521,0.0,0.0
2021-02-12 16:00:00,36.74,298.10742,991.52594,3.7550912,85.59189,0.0,0.0
2021-02-12 17:00:00,37.99,297.87183,990.73517,3.7685294,86.79598,0.0,0.0
2021-02-12 18:00:00,38.07,297.54425,990.32904,3.5573235,88.29971,0.0,0.0
2021-02-12 19:00:00,38.64,297.45343,990.54517,3.833101,87.929146,0.0,0.0
2021-02-12 20:00:00,39.12,297.41147,990.72516,3.9927864,88.061005,0.0,0.0
2021-02-12 21:00:00,40.49,297.2904,990.8119,4.0544734,88.486916,0.0,0.0
2021-02-12 22:00:00,41.55,297.24075,991.27795,4.112129,89.02655,0.0,0.0
2021-02-12 23:00:00,42.12,298.16302,991.9191,4.702578,86.17115,0.0,0.0
2021-02-13 00:00:00,43.9,299.46884,992.0948,5.2508345,81.6683,0.3660351,0.0
2021-02-13 01:00:00,43.99,300.69482,992.21124,5.257876,77.500336,0.0,0.0
2021-02-13 02:00:00,44.11,302.02594,991.9336,4.739932,71.23876,0.21900237,0.0
2021-02-13 03:00:00,44.76,302.75818,991.5811,4.5303283,67.58536,0.20349771,0.0
2021-02-13 04:00:00,45.87,303.46417,990.85376,4.5790033,64.575134,0.1103431,0.0
2021-02-13 05:00:00,46.83,303.67517,990.3475,4.7154226,62.746384,0.044282526,0.0
2021-02-13 06:00:00,47.25,303.94876,989.7137,4.974509,61.653263,0.060442835,0.0
2021-02-13 07:00:00,47.18,304.6081,989.0375,5.3566837,58.7887,0.012148172,0.0
2021-02-13 08:00:00,47.08,304.4146,988.7434,5.458047,59.361607,0.0055618584,0.0
2021-02-13 09:00:00,47.26,303.96896,988.96875,4.6728063,62.07446,0.0055655837,0.0
2021-02-13 10:00:00,47.07,302.79858,989.79565,3.0347466,69.278206,0.0,0.0
2021-02-13 11:00:00,47.68,301.4652,990.8591,2.4651248,76.44792,0.0017210841,0.0
2021-02-13 12:00:00,49.47,300.63928,991.1422,2.5065258,80.54367,0.0,0.0
2021-02-13 13:00:00,51.06,300.08633,991.64044,2.7842793,82.8172,0.0,0.0
2021-02-13 14:00:00,51.53,299.60614,991.7966,2.6764178,85.08346,0.0,0.0
2021-02-13 15:00:00,51.68,299.29846,991.60095,2.379841,87.10853,0.0,0.0
2021-02-13 16:00:00,52.81,298.78207,991.03906,1.3840822,91.04846,0.0,0.0
2021-02-13 17:00:00,54.62,298.89972,990.6697,0.7849596,89.178345,0.0,0.0
2021-02-13 18:00:00,55.63,298.36298,990.4133,1.6742834,92.122055,0.0,0.0
2021-02-13 19:00:00,56.26,298.33228,990.35187,1.8635778,92.30361,0.0070631504,0.0
2021-02-13 20:00:00,57.46,298.18976,990.1443,1.6423769,92.90203,0.0,0.0
2021-02-13 21:00:00,58.7,298.0517,990.59375,1.4849485,93.59955,0.0,0.0
2021-02-13 22:00:00,59.59,298.1041,990.74194,1.5869609,93.580055,0.0,0.0
2021-02-13 23:00:00,60.09,299.20456,991.04095,1.9383568,88.91829,0.0,0.0
2021-02-14 00:00:00,60.12,300.65195,991.28046,2.3498795,81.74303,0.67092776,2.55
2021-02-14 01:00:00,60.71,301.6552,991.30774,1.6616856,75.919785,0.0,3.25
2021-02-14 02:00:00,60.76,302.5782,990.97687,1.0426406,71.058624,0.08144416,2.82
2021-02-14 03:00:00,61.61,303.3823,990.42065,0.878548,68.04581,0.054851174,1.56
2021-02-14 04:00:00,61.86,303.86325,989.7405,1.2853881,67.60146,0.0956282,0.65999997
2021-02-14 05:00:00,60.65,304.2209,988.7722,2.2295284,67.48194,0.10789931,1.38
2021-02-14 06:00:00,58.98,304.07092,987.89233,3.3268943,67.92772,0.15088171,0.52
2021-02-14 07:00:00,57.65,302.23355,988.54266,0.4934614,73.263016,0.34891367,0.0
2021-02-14 08:00:00,57.16,302.32983,988.01013,1.0667555,72.23698,0.14903693,0.0
2021-02-14 09:00:00,57.08,302.5008,988.0787,1.6407661,70.41884,0.01744181,0.0
2021-02-14 10:00:00,58.45,302.21985,988.6753,1.5125812,72.17308,0.0,0.48
2021-02-14 11:00:00,59.19,301.3975,989.2196,1.9951751,79.74203,0.0,0.0
2021-02-14 12:00:00,59.43,300.7566,989.6951,2.4491136,83.73674,0.0013783574,0.0
2021-02-14 13:00:00,59.54,300.15704,990.1365,2.6286938,86.88698,0.117480755,0.0
2021-02-14 14:00:00,60.37,299.63358,990.27563,3.1611042,89.61864,0.052146614,0.0
2021-02-14 15:00:00,61.15,299.21436,990.2584,2.5537498,92.128334,0.20667166,0.0
2021-02-14 16:00:00,61.28,298.91626,989.7598,1.6492462,93.8911,0.51137805,0.0
2021-02-14 17:00:00,61.45,298.69617,989.46,1.0438534,94.32663,0.47706103,0.22999999
2021-02-14 18:00:00,61.74,298.5067,989.02124,2.579697,89.90317,0.9976975,0.92999995
2021-02-14 19:00:00,62.98,298.44232,988.9754,1.1526084,93.07095,2.0517738,1.26
2021-02-14 20:00:00,64.12,297.90887,988.86,1.2199435,94.43001,2.362247,4.33
2021-02-14 21:00:00,64.32,297.82303,989.2975,1.5070294,94.53691,1.434763,4.54
2021-02-14 22:00:00,64.16,297.6898,989.69836,1.9231994,94.79231,1.0419078,4.1
2021-02-14 23:00:00,63.74,297.92212,990.1923,2.3477478,94.222244,0.37099236,1.43
2021-02-15 00:00:00,62.18,298.21597,990.9409,2.957871,94.03381,10.873286,0.59999996
2021-02-15 01:00:00,62.26,298.34418,990.9995,3.6548963,93.42028,0.0,0.29
2021-02-15 02:00:00,62.87,298.4002,990.76,4.5341873,90.29821,0.13289973,2.15
2021-02-15 03:00:00,63.27,298.64233,990.1626,5.4613943,86.13827,0.09161979,1.11
2021-02-15 04:00:00,62.96,299.18585,989.65564,5.6953087,82.44246,0.026717782,0.0
2021-02-15 05:00:00,62.7,299.42328,989.37415,4.99446,80.633484,0.021837652,0.26
2021-02-15 06:00:00,60.81,300.3388,988.18445,3.3239312,76.72465,0.0030100346,2.34
2021-02-15 07:00:00,59.76,301.34222,988.0033,3.8888025,76.853386,0.010088086,3.44
2021-02-15 08:00:00,59.35,301.76947,987.86,3.8224325,74.390976,0.020049512,1.74
2021-02-15 09:00:00,58.99,301.52478,987.8004,3.5550299,74.031944,0.0012591481,0.0
2021-02-15 10:00:00,58.7,300.71265,988.26025,3.1364892,78.880875,0.0,0.0
2021-02-15 11:00:00,59.71,299.6203,989.00903,3.3266733,84.039314,0.0,0.21
2021-02-15 12:00:00,60.74,298.92966,989.75757,3.6186254,87.01639,0.0034421682,0.02
2021-02-15 13:00:00,62.0,298.41992,990.04987,3.4548,89.43435,0.005170703,0.0
2021-02-15 14:00:00,62.72,298.15674,990.58875,2.709742,91.107574,0.009417534,0.0
2021-02-15 15:00:00,62.48,297.92242,990.77826,1.8702583,92.779854,0.008225441,0.0
2021-02-15 16:00:00,62.09,297.59885,990.73016,0.8400888,95.57816,0.09483099,0.0
2021-02-15 17:00:00,62.05,297.4449,990.4412,1.095006,94.60264,1.0186285,0.0
2021-02-15 18:00:00,62.55,297.08,990.33936,1.703029,96.0942,1.8334687,1.3399999
2021-02-15 19:00:00,62.41,297.47833,989.0701,2.146664,95.29338,4.254982,5.58
2021-02-15 20:00:00,61.95,297.3459,989.7525,2.9575686,96.50605,4.2200565,1.9699999
2021-02-15 21:00:00,61.84,297.3877,989.76514,2.3554878,96.49866,1.0626912,1.53
2021-02-15 22:00:00,62.38,297.35565,990.09814,1.5601964,96.97891,0.0,4.72
2021-02-15 23:00:00,62.04,298.4665,991.29095,3.152465,89.56794,0.0018179417,16.38
2021-02-16 00:00:00,57.57,299.58145,991.90094,2.803601,83.85638,13.0284605,10.9
2021-02-16 01:00:00,55.05,300.89685,991.40826,1.9875661,78.00855,0.0,7.89
2021-02-16 02:00:00,52.18,301.99664,990.8176,0.849086,74.679054,0.010948628,6.8199997
2021-02-16 03:00:00,51.43,302.99478,990.22284,0.84927154,71.496475,0.054188073,6.91
2021-02-16 04:00:00,51.92,303.52542,989.483,0.65940225,69.99686,0.16777217,0.65
2021-02-16 05:00:00,51.95,304.21277,988.5436,0.5805089,67.36894,0.017151237,0.0
2021-02-16 06:00:00,51.2,304.84265,987.7587,0.7938997,65.12028,0.026375055,0.0
2021-02-16 07:00:00,50.14,305.3842,987.3144,0.48488244,62.72444,0.02015679,0.0
2021-02-16 08:00:00,49.41,305.23557,987.08417,0.7989845,62.500946,0.04351139,0.0
2021-02-16 09:00:00,50.73,304.22662,987.4783,1.729611,68.29024,0.5606115,0.0
2021-02-16 10:00:00,53.45,303.4483,988.26624,1.0416737,74.42353,0.5162359,0.0
2021-02-16 11:00:00,54.81,302.68796,989.09155,0.53299505,79.295,0.010713935,0.22999999
2021-02-16 12:00:00,56.2,301.88287,989.6717,1.8533494,83.875885,0.35965443,2.6399999
2021-02-16 13:00:00,56.35,300.75366,990.40076,3.1200657,86.07247,0.82571805,2.79
2021-02-16 14:00:00,55.94,299.85394,990.9356,3.2963555,88.34091,0.2860129,2.35
2021-02-16 15:00:00,54.52,299.37476,990.78015,2.6723254,90.66188,0.02193451,0.38
2021-02-16 16:00:00,52.28,298.9758,989.9263,1.6067939,92.408745,0.0,0.0
2021-02-16 17:00:00,50.96,298.6458,989.5723,1.8535092,93.643135,0.0,0.0
2021-02-16 18:00:00,48.92,298.40125,989.34216,2.3398266,94.57677,0.0,0.0
2021-02-16 19:00:00,47.05,298.74786,989.0302,2.7501626,95.06592,0.0,0.0
2021-02-16 20:00:00,44.8,298.51987,989.1437,2.7171433,96.28333,0.0,0.0
2021-02-16 21:00:00,42.68,298.29047,989.4539,2.721146,97.12144,0.0,0.0
2021-02-16 22:00:00,40.39,298.23184,989.9838,2.7961938,97.37454,0.0,0.0
2021-02-16 23:00:00,38.3,299.53406,990.7692,3.848625,92.04576,0.0,0.0
2021-02-17 00:00:00,35.88,301.20514,991.39526,4.0536838,84.674324,2.9245198,0.0
2021-02-17 01:00:00,35.09,302.64886,991.23346,3.7808268,78.349785,0.0,0.0
2021-02-17 02:00:00,34.22,303.99988,990.5544,3.5765984,72.709564,0.1051072,0.0
2021-02-17 03:00:00,33.35,304.82712,989.76953,3.2867427,68.83214,0.0898242,0.0
2021-02-17 04:00:00,32.88,305.69904,988.9241,2.9152138,64.098404,0.022355467,0.0
2021-02-17 05:00:00,32.23,306.398,988.3342,2.3714619,59.30993,0.0,0.0
2021-02-17 06:00:00,31.95,307.0478,987.52893,2.0367632,54.749424,0.0,0.0
2021-02-17 07:00:00,32.42,307.4673,986.85126,2.4244463,54.513187,0.0,0.0
2021-02-17 08:00:00,32.99,307.56696,986.45795,2.2593544,50.850475,0.0,0.0
2021-02-17 09:00:00,34.06,307.13327,986.5549,1.9414394,51.92034,0.0,0.0
2021-02-17 10:00:00,35.12,305.91776,987.1856,1.6944762,61.79676,0.0,0.0
2021-02-17 11:00:00,35.93,303.83963,987.90344,1.6584805,75.7271,0.0,0.0
2021-02-17 12:00:00,37.2,303.5702,988.8608,1.10422,73.942665,0.0,0.0
2021-02-17 13:00:00,38.16,304.10464,989.4854,0.34994194,65.43162,0.0,0.0
2021-02-17 14:00:00,38.15,302.02533,989.6245,2.1644342,79.36632,0.0,0.0
2021-02-17 15:00:00,37.35,301.17737,989.31757,3.1294765,82.6763,0.0,0.0
2021-02-17 16:00:00,36.17,300.76047,988.65405,3.6286027,84.053566,0.0,0.0
2021-02-17 17:00:00,35.56,300.46808,987.7834,4.2391953,85.149254,0.0,0.0
2021-02-17 18:00:00,35.53,299.99924,987.2042,5.1573997,86.75773,0.0,0.0
2021-02-17 19:00:00,37.58,299.30414,987.9169,4.8814015,89.7977,0.0,0.0
2021-02-17 20:00:00,39.65,298.9768,988.2658,4.3642416,92.71446,0.0,0.0
2021-02-17 21:00:00,41.3,298.75208,988.8314,3.7606862,94.48213,0.0,0.0
2021-02-17 22:00:00,42.62,298.7091,989.4839,3.0350804,95.17523,0.0,0.0
2021-02-17 23:00:00,43.63,299.9466,990.2104,4.1372604,89.77692,0.0,0.0
2021-02-18 00:00:00,44.2,301.3273,990.64044,4.375737,83.35884,0.23607016,0.0
2021-02-18 01:00:00,44.46,302.69708,990.36206,3.96173,78.61618,0.0,0.0
2021-02-18 02:00:00,43.72,303.88004,989.96594,3.5922658,74.89755,0.015165657,0.0
2021-02-18 03:00:00,43.38,305.09332,989.0525,3.4919224,70.25296,0.0034198165,0.0
2021-02-18 04:00:00,43.31,306.00366,988.2579,3.492187,64.68423,0.0022873282,0.0
2021-02-18 05:00:00,43.53,306.87955,987.2171,3.381446,60.339493,0.0,0.0
2021-02-18 06:00:00,44.96,307.2803,986.40814,2.7960374,57.668518,0.0089854,0.0
2021-02-18 07:00:00,45.62,308.11075,985.6154,4.1670065,55.574398,0.0,0.0
2021-02-18 08:00:00,46.58,308.00922,985.15765,4.2307234,55.25852,0.0,0.0
2021-02-18 09:00:00,48.89,307.20428,985.3948,3.1576605,61.32112,0.0025555491,0.0
2021-02-18 10:00:00,49.01,305.07037,986.78595,2.371915,70.9201,0.46930462,0.0
2021-02-18 11:00:00,47.84,302.59985,987.9957,2.1097412,78.35594,3.783867,0.0
2021-02-18 12:00:00,46.76,301.39386,988.552,1.8828583,83.52997,1.4444962,0.0
2021-02-18 13:00:00,46.64,300.81342,988.77954,3.0240033,86.396034,0.0,0.0
2021-02-18 14:00:00,46.19,300.44382,989.40564,3.2999806,87.68697,0.0,0.0
2021-02-18 15:00:00,46.38,299.98868,989.30133,2.9051228,89.1751,0.0,0.0
2021-02-18 16:00:00,46.92,299.55612,988.97437,2.235717,91.62858,0.0,0.0
2021-02-18 17:00:00,46.58,299.29077,988.61096,2.1366873,92.63658,0.0,0.0
2021-02-18 18:00:00,46.05,299.05566,988.2761,1.998527,93.213806,0.0,0.0
2021-02-18 19:00:00,45.48,299.9145,987.5655,2.108257,88.5308,0.0,0.0
2021-02-18 20:00:00,45.63,299.81152,987.84717,2.3470476,88.56413,0.0,0.0
2021-02-18 21:00:00,46.16,299.67206,988.4571,2.4612598,89.682976,0.0,0.0
2021-02-18 22:00:00,47.42,299.45807,989.045,2.4218433,91.8722,0.0,0.0
2021-02-18 23:00:00,48.0,300.6825,989.4267,2.6445508,88.66942,0.0,0.0
2021-02-19 00:00:00,44.91,302.07388,989.7195,2.693739,82.88893,5.7305274,0.0
2021-02-19 01:00:00,45.01,303.42242,989.6358,2.4532375,77.61641,0.0,0.0
2021-02-19 02:00:00,45.09,304.59845,989.43665,2.0344062,73.31745,0.0,0.0
2021-02-19 03:00:00,44.21,305.71533,988.5748,1.7247697,68.62859,0.0,0.02
2021-02-19 04:00:00,43.58,306.7792,987.9988,1.6732603,62.465935,0.0,0.0
2021-02-19 05:00:00,43.98,307.29144,987.4842,1.5022761,57.23563,0.012516975,0.0
2021-02-19 06:00:00,45.48,307.47253,987.2261,1.7992929,55.438393,0.025369227,1.5799999
2021-02-19 07:00:00,47.07,307.67462,987.21594,1.7676268,52.996773,0.12503564,1.8399999
2021-02-19 08:00:00,48.22,307.42657,986.975,1.4670143,53.1158,0.0,0.78999996
2021-02-19 09:00:00,48.97,306.97784,987.09576,1.3043209,54.64716,0.008121133,0.0
2021-02-19 10:00:00,49.74,305.2942,987.9025,2.0793204,66.670334,0.027291477,0.0
2021-02-19 11:00:00,50.49,303.6417,988.91595,1.5564822,76.27899,0.019319355,0.26
2021-02-19 12:00:00,51.57,302.47827,989.5329,1.1428305,84.93793,0.0,0.0
2021-02-19 13:00:00,52.47,302.05554,989.97577,0.8588145,86.43665,0.0,0.0
2021-02-19 14:00:00,52.68,301.7537,990.48627,1.292182,86.182655,0.1412481,0.0
2021-02-19 15:00:00,53.83,301.3524,990.21014,3.2669427,84.340515,0.0,0.0
2021-02-19 16:00:00,54.37,300.54922,989.95825,3.8491762,87.40528,0.0,0.0
2021-02-19 17:00:00,54.36,300.03964,989.96844,4.2185974,89.57304,0.0,0.0
2021-02-19 18:00:00,54.19,299.8006,989.8939,4.03494,90.69572,0.0012814999,0.0
2021-02-19 19:00:00,52.97,299.726,989.53406,3.1230316,85.02251,0.0,0.0
2021-02-19 20:00:00,50.78,299.46515,989.35876,2.924871,84.32661,0.0,0.0
2021-02-19 21:00:00,50.38,299.0838,989.9057,2.5404491,84.84996,0.0,0.0
2021-02-19 22:00:00,50.67,298.83728,990.1267,2.2572174,85.342255,0.0,0.0
2021-02-19 23:00:00,50.28,300.20758,990.5234,1.6747264,79.16543,0.0,0.0
2021-02-20 00:00:00,51.26,301.67905,990.8169,1.3618497,71.64938,0.36150217,0.0
2021-02-20 01:00:00,50.94,303.19092,991.0172,1.6880808,67.67615,0.0,0.0
2021-02-20 02:00:00,50.43,304.52893,990.7556,1.8530403,64.28017,0.0,0.0
2021-02-20 03:00:00,49.7,305.70862,989.9445,2.1188083,59.66533,0.010903925,0.0
2021-02-20 04:00:00,48.99,306.58438,989.3512,2.6920085,54.085476,0.015240163,0.0
2021-02-20 05:00:00,49.41,306.9785,988.6392,2.5696146,50.566654,0.0032186508,2.29
2021-02-20 06:00:00,50.28,307.40115,987.8244,2.3763442,47.42736,0.0,5.1499996
2021-02-20 07:00:00,49.59,307.2146,987.2661,3.907693,54.129856,0.0036656857,4.3599997
2021-02-20 08:00:00,47.75,307.2477,986.95233,3.646481,49.957348,0.0,0.0
2021-02-20 09:00:00,45.65,306.50504,987.15454,2.8732705,52.921955,0.0029802322,0.0
2021-02-20 10:00:00,45.22,304.581,987.7999,3.7727292,63.473343,0.0,0.0
2021-02-20 11:00:00,46.09,302.5191,988.49854,4.1600285,70.70573,0.0,0.0
2021-02-20 12:00:00,47.28,301.33435,989.3059,3.6621065,74.46482,0.0,0.0
2021-02-20 13:00:00,47.86,300.69977,989.9414,3.1852517,76.67917,0.0,0.0
2021-02-20 14:00:00,47.43,300.18576,989.9459,3.039872,78.3822,0.0,0.0
2021-02-20 15:00:00,45.89,299.79263,989.5737,3.1842947,79.39888,0.0,0.0
2021-02-20 16:00:00,44.66,299.43286,988.94763,3.0661597,80.40274,0.0,0.0
2021-02-20 17:00:00,43.16,298.97757,988.3244,2.686073,82.12928,0.0,0.0
2021-02-20 18:00:00,41.64,298.47717,988.14294,2.3106222,84.35611,0.0,0.0
2021-02-20 19:00:00,40.29,298.3656,988.7111,2.1515832,88.263794,0.0,0.0
2021-02-20 20:00:00,40.26,298.0595,988.7466,1.8073184,89.74916,0.0,0.0
2021-02-20 21:00:00,40.73,297.8074,989.5836,1.6463326,90.701256,0.0,0.0
2021-02-20 22:00:00,41.04,297.77283,990.3739,1.7894129,90.54617,0.0,0.0
2021-02-20 23:00:00,41.15,299.58917,990.97626,2.0070457,82.41788,0.0,0.0
2021-02-21 00:00:00,41.57,301.50507,991.08295,2.5550232,73.171646,0.036001205,0.0
2021-02-21 01:00:00,41.04,303.47754,991.0396,3.0024154,65.1392,0.0,0.0
2021-02-21 02:00:00,40.01,305.3589,990.4263,3.4639177,58.152496,0.0,0.0
2021-02-21 03:00:00,39.4,307.0163,989.4272,3.635809,49.553944,0.0,0.0
2021-02-21 04:00:00,39.13,308.17474,988.5648,3.569792,42.28362,0.0,0.0
2021-02-21 05:00:00,39.39,308.45477,987.8747,4.180372,37.597546,0.0,0.0
2021-02-21 06:00:00,39.81,308.41846,987.3253,3.7180426,36.299213,0.0,0.0
2021-02-21 07:00:00,39.05,308.0455,987.0553,3.863768,38.67082,0.10317564,0.0
2021-02-21 08:00:00,37.82,308.02423,986.65594,2.4155924,40.417217,0.0,0.0
2021-02-21 09:00:00,36.62,307.61108,986.5492,2.0510976,46.61576,0.0,0.0
2021-02-21 10:00:00,34.73,305.87878,987.0139,2.3934557,57.892372,0.0,0.0
2021-02-21 11:00:00,33.87,303.90344,987.71625,2.8132246,64.58914,0.0,0.0
2021-02-21 12:00:00,34.46,302.5293,988.3286,2.7914464,69.348595,0.0,0.0
2021-02-21 13:00:00,35.71,301.46216,988.97736,2.5742168,73.23969,0.0,0.0
2021-02-21 14:00:00,35.53,300.3546,989.485,2.1396568,78.31313,0.0,0.0
2021-02-21 15:00:00,35.37,299.68408,989.08234,1.5694398,83.348915,0.0,0.0
2021-02-21 16:00:00,35.24,299.4429,988.40125,1.487133,84.94681,0.0,0.0
2021-02-21 17:00:00,34.95,299.2838,987.7113,2.5600193,81.938896,0.0,0.0
2021-02-21 18:00:00,36.93,298.94763,987.45294,3.7687776,80.79243,0.0,0.0
2021-02-21 19:00:00,39.15,297.8381,987.82623,1.5247643,85.88417,0.0,0.0
2021-02-21 20:00:00,40.13,297.5642,987.5528,1.4364854,87.177185,0.0,0.0
2021-02-21 21:00:00,40.35,297.40182,988.21814,1.7671742,87.2789,0.0,0.0
2021-02-21 22:00:00,40.72,297.23163,988.98236,1.6350074,88.99246,0.0,0.0
2021-02-21 23:00:00,41.25,299.29968,989.36346,1.3868458,80.996666,0.0,0.0
2021-02-22 00:00:00,42.0,301.6568,989.96,2.085528,70.59707,0.103235245,0.0
2021-02-22 01:00:00,41.61,303.64432,989.87524,2.8969605,61.799706,0.0,0.0
2021-02-22 02:00:00,41.9,305.28412,989.52844,3.5493958,52.55452,0.0,0.0
2021-02-22 03:00:00,43.73,306.35184,988.9864,3.6736403,47.956486,0.0,0.0
2021-02-22 04:00:00,46.16,307.13257,988.21326,3.7982826,46.59528,0.0,0.0
2021-02-22 05:00:00,46.86,307.4707,987.5489,4.922108,46.449654,0.017337501,0.0
2021-02-22 06:00:00,46.16,307.2495,987.07056,5.2787175,46.179367,0.024668872,0.0
2021-02-22 07:00:00,45.93,308.23148,986.7361,5.907677,41.294243,0.0,0.39
2021-02-22 08:00:00,47.14,307.66922,986.73773,5.6550655,43.056046,0.0,0.38
2021-02-22 09:00:00,47.59,306.33237,987.07404,5.3370795,47.629192,0.0,0.0
2021-02-22 10:00:00,47.65,304.27002,987.925,5.2938237,53.173656,0.0,0.0
2021-02-22 11:00:00,46.12,302.54468,989.1269,5.0622888,57.184486,0.0,0.0
2021-02-22 12:00:00,44.9,301.4083,989.90625,4.7201753,60.240166,0.0,0.0
2021-02-22 13:00:00,44.42,300.43274,990.3342,4.823648,61.747093,0.0,0.0
2021-02-22 14:00:00,44.39,299.64758,990.6816,4.4961686,63.575905,0.0,0.0
2021-02-22 15:00:00,45.63,298.86877,990.1767,3.759564,66.8898,0.0,0.0
2021-02-22 16:00:00,47.28,298.419,989.68335,3.1294768,69.992615,0.0,0.0
2021-02-22 17:00:00,48.22,298.35815,988.9748,2.7895434,71.333725,0.0,0.0
2021-02-22 18:00:00,47.49,298.41702,988.79333,2.7876568,71.1308,0.0,0.45
2021-02-22 19:00:00,45.99,299.15338,988.2615,3.758734,69.57415,0.0,0.0
2021-02-22 20:00:00,43.97,298.78638,988.1348,3.289442,74.94696,0.0,0.0
2021-02-22 21:00:00,42.73,298.58484,988.7472,2.998694,79.02537,0.0,0.0
2021-02-22 22:00:00,41.79,298.51324,989.7701,2.8497982,81.632324,0.0,0.0
2021-02-22 23:00:00,41.07,299.55658,990.5887,3.32581,79.917465,0.0,0.0
2021-02-23 00:00:00,44.02,301.01422,991.16846,6.385808,74.72874,0.047211524,0.0
2021-02-23 01:00:00,45.69,302.16867,991.0861,6.9207563,69.96396,0.0,0.0
2021-02-23 02:00:00,48.64,303.6745,991.0145,7.26594,63.585842,0.0064596534,0.0
2021-02-23 03:00:00,49.06,305.1026,990.3173,6.716951,60.432945,0.0,0.0
2021-02-23 04:00:00,48.19,306.2683,989.5236,6.5177574,57.446182,0.0,0.0
2021-02-23 05:00:00,47.9,306.959,988.4597,6.618721,54.805874,0.0,0.0
2021-02-23 06:00:00,48.3,307.34814,987.5362,7.3643165,51.86004,0.0,0.0
2021-02-23 07:00:00,45.92,307.48126,987.28625,8.653548,40.479736,0.045746565,0.0
2021-02-23 08:00:00,44.75,307.29385,987.54193,7.8551307,40.950783,0.0,0.0
2021-02-23 09:00:00,43.46,305.79047,987.98376,5.490788,48.498146,0.0,0.0
2021-02-23 10:00:00,42.28,304.05927,989.2129,4.714894,56.019096,0.0,0.0
2021-02-23 11:00:00,41.18,302.40344,990.711,4.3197284,64.223274,0.0,0.0
2021-02-23 12:00:00,40.24,301.13873,991.5583,4.5397067,71.171936,0.0,0.0
2021-02-23 13:00:00,40.09,300.14282,991.8332,4.2335033,76.686,0.0,0.0
2021-02-23 14:00:00,39.84,299.4264,992.0581,3.2996204,80.816246,0.0,0.0
2021-02-23 15:00:00,40.62,298.9853,991.98663,3.0644667,82.98273,0.0,0.0
2021-02-23 16:00:00,41.44,298.673,991.5156,3.1001258,84.17984,0.0,0.0
2021-02-23 17:00:00,42.48,298.4281,990.7351,3.230335,85.40209,0.0,0.02
2021-02-23 18:00:00,42.26,298.1056,990.1161,3.397059,87.16254,0.0,0.59
2021-02-23 19:00:00,41.74,297.58014,989.8256,1.8906615,86.2402,0.0,0.0
2021-02-23 20:00:00,40.48,297.0498,990.1297,1.218384,90.4458,0.0,0.0
2021-02-23 21:00:00,39.2,296.91162,990.5109,1.1602083,90.30093,0.0,0.0
2021-02-23 22:00:00,38.3,296.81458,991.2318,1.7297679,89.75359,0.0,0.0
2021-02-23 23:00:00,38.14,298.52124,991.47833,1.2655872,81.4598,0.0,0.0
2021-02-24 00:00:00,37.97,299.57285,991.8879,0.8023286,75.43238,0.056162477,0.0
2021-02-24 01:00:00,38.33,300.9997,992.15393,0.7171128,71.09578,0.0,0.0
2021-02-24 02:00:00,38.81,302.28326,992.0031,0.714979,66.51452,0.0,0.0
2021-02-24 03:00:00,39.28,303.34082,991.5613,0.88020706,62.56941,0.0,0.0
2021-02-24 04:00:00,40.69,304.53625,990.6891,1.1266373,58.509457,0.0,0.0
2021-02-24 05:00:00,41.56,305.42877,989.96906,1.150235,55.48531,0.0,0.0
2021-02-24 06:00:00,42.36,305.78333,989.23016,0.518028,53.49142,0.0031515956,0.0
2021-02-24 07:00:00,42.01,308.0504,987.4931,1.4490788,46.417877,0.0067949295,0.0
2021-02-24 08:00:00,41.46,308.2221,986.97485,1.497198,44.45566,0.024415553,0.0
2021-02-24 09:00:00,41.3,307.99927,986.9305,0.55212235,44.296246,0.03335625,1.0699999
2021-02-24 10:00:00,40.98,304.1988,988.30634,4.650208,63.188587,0.35702437,0.96999997
2021-02-24 11:00:00,40.57,301.0024,989.58844,6.0385294,74.46184,0.3553033,0.0
2021-02-24 12:00:00,39.91,300.3142,990.0263,4.0805225,77.63952,0.0,0.0
2021-02-24 13:00:00,39.95,299.95038,990.44507,3.5657089,79.77022,0.0,0.0
2021-02-24 14:00:00,40.59,299.71448,990.5963,2.8275907,81.505684,0.0,0.01
2021-02-24 15:00:00,39.73,299.46503,990.4221,2.5639787,83.04077,0.0,0.01
2021-02-24 16:00:00,37.7,299.05072,989.7656,2.1458616,85.325005,0.0,0.0
2021-02-24 17:00:00,35.23,298.62048,989.5382,1.9609627,87.66557,0.0,0.0
2021-02-24 18:00:00,34.72,298.30066,989.2548,1.9345737,89.18014,0.0,0.11999999
2021-02-24 19:00:00,35.75,297.70007,989.9958,2.477808,91.07016,0.0,0.0
2021-02-24 20:00:00,35.23,297.4,990.0128,2.5226104,92.051,0.0,0.0
2021-02-24 21:00:00,34.75,297.1108,990.38104,2.3520498,93.18532,0.0,0.0
2021-02-24 22:00:00,34.25,297.00842,991.23376,2.1023388,93.992645,0.0,0.0
2021-02-24 23:00:00,34.34,298.265,991.9011,2.363733,89.32404,0.0,0.0
2021-02-25 00:00:00,34.53,299.89557,992.5803,2.5985203,83.78109,0.78092813,0.0
2021-02-25 01:00:00,34.79,301.70068,992.26385,2.6867878,76.37218,0.0,0.0
2021-02-25 02:00:00,35.67,303.31512,991.80963,2.5271187,68.75575,0.0,0.0
2021-02-25 03:00:00,36.06,304.5963,990.8435,2.2905092,63.249058,0.0,0.0
2021-02-25 04:00:00,35.82,305.72217,990.02686,2.0353239,57.962852,0.0,0.0
2021-02-25 05:00:00,35.35,306.6197,989.1799,1.3783776,52.094013,0.0,0.0
2021-02-25 06:00:00,34.57,307.21594,988.4402,0.8286578,48.10251,0.0,0.0
2021-02-25 07:00:00,34.98,307.22147,987.6976,1.2929981,49.2927,0.007085502,0.0
2021-02-25 08:00:00,37.08,307.34833,987.52094,1.6468406,47.302883,0.020891428,0.0
2021-02-25 09:00:00,40.19,306.98227,987.6978,1.6108271,47.213326,0.018179417,0.13
2021-02-25 10:00:00,42.6,304.31268,988.4219,3.15267,63.613953,0.17855316,0.11
2021-02-25 11:00:00,43.57,301.4048,989.8395,4.2682657,74.724815,0.7843673,0.0
2021-02-25 12:00:00,43.71,299.6275,991.057,2.8822381,81.46513,1.8817037,0.02
2021-02-25 13:00:00,42.32,299.09186,991.04584,1.3836886,82.753456,0.5415082,0.0
2021-02-25 14:00:00,40.77,298.89166,990.72455,2.775985,85.81463,0.0,0.0
2021-02-25 15:00:00,38.67,298.67407,990.7519,4.1252627,87.01036,0.0,0.0
2021-02-25 16:00:00,36.2,298.3773,990.09216,4.2227554,86.8653,0.0,0.0
2021-02-25 17:00:00,34.37,298.1262,989.5714,4.202186,86.10589,0.0,0.0
2021-02-25 18:00:00,33.39,297.8885,988.90094,4.0803814,85.833916,0.0,0.0
2021-02-25 19:00:00,32.34,297.52798,988.8717,3.1762311,87.358215,0.0,0.0
2021-02-25 20:00:00,31.33,297.28467,989.0976,2.7697043,88.59304,0.0,0.0
2021-02-25 21:00:00,30.55,296.9878,989.20154,2.2594604,90.5709,0.0,0.0
2021-02-25 22:00:00,29.94,296.7979,989.6738,1.7259978,92.58683,0.0,0.0
2021-02-25 23:00:00,29.61,298.3236,990.15576,1.9205784,87.310486,0.0,0.0
2021-02-26 00:00:00,29.64,299.9817,990.6442,2.4664474,82.495514,3.4323037,0.0
2021-02-26 01:00:00,30.06,301.76105,990.5492,2.5142837,76.90903,0.0,0.0
2021-02-26 02:00:00,30.52,303.53543,990.1417,2.4136765,70.04596,0.0,0.0
2021-02-26 03:00:00,30.54,305.1496,989.5514,2.3637712,61.063545,0.008389354,0.0
2021-02-26 04:00:00,31.03,306.4469,988.58624,2.1425047,52.76832,0.0013336539,0.0
2021-02-26 05:00:00,30.78,307.39285,987.88983,1.9136912,46.15038,0.0,0.0
2021-02-26 06:00:00,29.6,307.98468,987.0115,1.7535462,40.748333,0.0,0.0
2021-02-26 07:00:00,28.25,307.81964,986.46436,0.8928341,37.059002,0.0,0.0
2021-02-26 08:00:00,26.96,307.977,986.3551,0.9740727,33.571617,0.0,0.0
2021-02-26 09:00:00,26.07,307.48587,986.63904,0.77151877,34.11903,0.0,0.0
2021-02-26 10:00:00,26.8,306.38635,987.15594,0.51965386,40.734585,0.0,0.0
2021-02-26 11:00:00,28.55,303.87347,988.0372,1.2847357,66.93654,0.0,0.0
2021-02-26 12:00:00,29.56,303.39813,988.5854,2.5714347,57.92464,0.0,0.0
2021-02-26 13:00:00,31.13,301.98816,988.9938,3.290074,64.249214,0.0,0.0
2021-02-26 14:00:00,31.98,301.1324,989.0594,3.7384167,65.344284,0.0,0.0
2021-02-26 15:00:00,32.65,300.52496,988.8599,4.2286577,66.75502,0.0,0.0
2021-02-26 16:00:00,32.57,300.0073,988.6934,4.4352674,69.64,0.0,0.0
2021-02-26 17:00:00,33.5,299.43707,988.24164,4.0960083,73.847946,0.0,0.0
2021-02-26 18:00:00,35.26,298.83087,987.9319,3.4018526,78.11281,0.0,0.0
2021-02-26 19:00:00,35.38,298.53186,988.46014,4.288604,79.08234,0.0,0.0
2021-02-26 20:00:00,34.78,298.42197,988.6332,4.2237773,79.806015,0.0,0.0
2021-02-26 21:00:00,36.18,298.16504,988.9442,3.849131,81.76991,0.0,0.0
2021-02-26 22:00:00,37.3,297.92444,989.47485,3.3075423,84.63935,0.0,0.0
2021-02-26 23:00:00,37.36,299.48975,989.77704,3.0783982,81.00288,0.0,0.0
2021-02-27 00:00:00,37.49,301.58835,990.40564,3.2386317,73.68119,0.011461973,0.0
2021-02-27 01:00:00,37.68,303.68246,990.6739,3.36138,64.39203,0.0,0.0
2021-02-27 02:00:00,37.61,305.53882,990.4394,3.9869628,54.26789,0.0,0.0
2021-02-27 03:00:00,37.46,306.86615,989.7576,4.1716723,47.011395,0.0,0.0
2021-02-27 04:00:00,37.1,307.7547,988.94196,3.9411142,41.57959,0.0,0.0
2021-02-27 05:00:00,35.34,308.17654,988.1305,3.6716352,38.321796,0.0,0.0
2021-02-27 06:00:00,33.76,308.307,987.56366,3.5959215,36.55594,0.0,0.0
2021-02-27 07:00:00,32.75,307.82294,987.3752,3.7885914,43.56337,0.0,0.0
2021-02-27 08:00:00,32.69,307.34863,987.15533,3.5758348,43.645706,0.0,0.0
2021-02-27 09:00:00,32.75,306.30597,987.5536,2.8949378,45.198147,0.35484135,0.0
2021-02-27 10:00:00,33.82,305.20728,988.34125,1.5920488,51.888943,0.0,0.0
2021-02-27 11:00:00,36.08,303.645,989.368,3.1173081,61.118454,0.036656857,0.0
2021-02-27 12:00:00,38.14,302.53314,990.03394,4.3317313,65.242424,0.0,0.0
2021-02-27 13:00:00,39.94,301.7656,990.49365,4.0307684,68.73993,0.0,0.0
2021-02-27 14:00:00,43.14,301.13138,990.8293,3.9919298,72.317024,0.0,0.0
2021-02-27 15:00:00,44.43,300.78174,990.76373,3.9272847,74.06416,0.0,0.0
2021-02-27 16:00:00,44.23,300.28616,990.5695,3.7106109,75.67702,0.0,0.0
2021-02-27 17:00:00,42.76,299.8493,990.1425,3.573823,76.31285,0.0,0.0
2021-02-27 18:00:00,40.86,299.58792,989.85266,3.5197978,76.60367,0.0,0.0
2021-02-27 19:00:00,39.21,298.46844,989.855,2.7592044,81.8444,0.0,0.0
2021-02-27 20:00:00,37.78,298.30542,989.7724,2.6668532,82.64123,0.0,0.0
2021-02-27 21:00:00,38.06,298.01373,990.06354,2.524736,84.57838,0.0,0.0
2021-02-27 22:00:00,38.56,297.79895,990.82166,2.090164,87.26892,0.0,0.0
2021-02-27 23:00:00,39.33,299.43372,991.65857,2.0154598,81.80182,0.0,0.0
2021-02-28 00:00:00,38.49,301.33148,992.363,2.7085426,75.85911,0.3930549,0.0
2021-02-28 01:00:00,39.28,303.07312,992.5304,3.0832596,68.472595,0.0,0.0
2021-02-28 02:00:00,40.06,304.68396,992.1188,2.8876452,61.652016,0.0,0.0
2021-02-28 03:00:00,40.6,306.0799,991.4907,2.613722,55.12352,0.007843599,0.0
2021-02-28 04:00:00,40.85,307.1087,990.4637,2.2356594,48.73017,0.031594187,0.0
2021-02-28 05:00:00,40.5,307.93555,989.5732,2.00081,43.942993,0.0038333237,0.0
2021-02-28 06:00:00,41.24,308.33484,988.7405,2.0336258,41.109936,0.0010691583,0.0
2021-02-28 07:00:00,40.39,308.23853,989.0675,1.8463994,38.696598,0.0018402934,0.0
2021-02-28 08:00:00,39.66,308.23114,988.55646,2.0850222,37.946686,0.0056028366,0.0
2021-02-28 09:00:00,39.66,307.55594,988.65375,2.1724582,39.152596,0.23555756,0.0
2021-02-28 10:00:00,39.29,305.4965,989.97296,2.9143152,48.376026,0.03979355,0.0
2021-02-28 11:00:00,39.77,304.13376,990.7458,1.8670118,54.569626,0.011533499,0.0
2021-02-28 12:00:00,40.01,303.21783,991.3864,0.509399,59.90206,0.0,0.0
2021-02-28 13:00:00,40.97,302.31317,991.88654,2.1949391,65.745514,0.0,0.0
2021-02-28 14:00:00,41.65,301.59558,991.90845,3.2464943,69.30656,0.0,0.0
2021-02-28 15:00:00,41.57,300.81912,991.90234,3.4357402,74.60441,0.0,0.0
2021-02-28 16:00:00,42.09,300.19913,991.8912,3.5247507,78.05477,0.0,0.0
2021-02-28 17:00:00,43.03,299.7672,991.59265,3.1831293,79.992065,0.0,0.0
2021-02-28 18:00:00,43.57,299.44745,991.29376,2.9370828,81.36996,0.0,0.0
2021-02-28 19:00:00,43.39,299.13416,991.3045,3.2460992,83.34724,0.0,0.0
2021-02-28 20:00:00,43.19,298.8996,991.2392,2.8459256,85.274925,0.0,0.0
2021-02-28 21:00:00,42.45,298.65988,991.6675,2.376303,87.40061,0.0,0.0
2021-02-28 22:00:00,41.89,298.38165,992.2067,1.7923399,89.92609,0.0,0.0
2021-02-28 23:00:00,41.39,300.00385,992.7944,1.7854793,82.071045,0.0,0.0
2021-03-01 00:00:00,40.76,301.88348,993.1766,2.0406203,71.41605,0.34082532,0.0
2021-03-01 01:00:00,40.24,303.90497,993.4169,2.061783,61.179703,0.0,0.0
2021-03-01 02:00:00,40.16,305.66345,992.8201,1.9994018,54.34034,0.0,0.0
2021-03-01 03:00:00,39.8,307.2182,992.00415,1.7819302,47.66537,0.0,0.0
2021-03-01 04:00:00,38.68,308.53577,990.9199,1.6490237,39.779392,0.0,0.0
2021-03-01 05:00:00,35.84,309.51117,990.0149,1.4690096,33.39549,0.0,0.0
2021-03-01 06:00:00,32.78,309.74048,989.1967,1.3106699,30.197716,0.0,0.0
2021-03-01 07:00:00,32.43,309.9085,988.8605,1.0454514,30.18838,0.0,0.0
2021-03-01 08:00:00,32.61,309.90045,988.4851,1.4460459,29.38599,0.0,0.0
2021-03-01 09:00:00,34.09,309.65192,988.8345,1.6957182,29.768997,0.0,0.0
2021-03-01 10:00:00,35.96,308.56195,989.3549,1.6862929,34.830822,0.0,0.0
2021-03-01 11:00:00,37.08,307.05847,990.23376,2.2435036,42.164814,0.0,0.0
2021-03-01 12:00:00,38.1,305.74692,990.6245,3.2689965,47.380836,0.0,0.0
2021-03-01 13:00:00,39.1,304.511,991.1411,4.35013,51.273716,0.0,0.0
2021-03-01 14:00:00,39.37,303.52805,991.45734,4.9048223,55.039555,0.0,0.0
2021-03-01 15:00:00,40.5,302.56824,991.72845,5.3583035,59.420074,0.0,0.0
2021-03-01 16:00:00,42.98,301.84155,992.08014,5.482763,64.230286,0.023514032,0.0
2021-03-01 17:00:00,44.12,301.16656,992.34625,4.806407,69.25421,0.23338197,0.0
2021-03-01 18:00:00,45.42,300.6011,991.9911,4.4293075,74.1111,0.2272129,0.0
2021-03-01 19:00:00,45.85,299.8735,991.72797,4.909049,80.74661,0.0,0.0
2021-03-01 20:00:00,44.87,299.53595,991.81396,3.9754438,82.88603,0.0,0.0
2021-03-01 21:00:00,44.46,299.13318,992.1867,2.9880567,84.435425,0.0,0.0
2021-03-01 22:00:00,43.65,298.79004,992.53046,2.6649997,86.01374,0.0,0.0
2021-03-01 23:00:00,42.89,299.86905,992.91187,3.5387325,78.6125,0.0,0.0
2021-03-02 00:00:00,41.93,301.6115,993.0912,3.7590435,67.046585,0.48454404,0.0
2021-03-02 01:00:00,41.1,303.57394,993.0692,3.5990572,57.06764,0.0,0.0
2021-03-02 02:00:00,40.65,305.34918,992.3677,3.1877487,50.068195,0.0,0.0
2021-03-02 03:00:00,40.27,306.85583,991.7636,2.608953,45.234097,0.0,0.0
2021-03-02 04:00:00,39.29,308.0943,990.73236,2.1271327,40.88835,0.0,0.0
2021-03-02 05:00:00,38.59,308.97964,990.0516,1.2311804,36.879185,0.0,0.0
2021-03-02 06:00:00,37.04,309.53363,989.23,0.43750355,32.790394,0.0,0.0
2021-03-02 07:00:00,36.82,309.70914,989.0533,0.91230637,33.92809,0.0,0.0
2021-03-02 08:00:00,36.44,309.65775,988.65216,1.1601224,33.106094,0.0,0.0
2021-03-02 09:00:00,36.5,309.4122,988.80493,1.0462557,33.563507,0.0,0.0
2021-03-02 10:00:00,37.78,308.69922,989.355,1.155879,36.039593,0.0,0.0
2021-03-02 11:00:00,39.27,306.83496,990.3748,2.6719964,43.141903,0.16593933,0.0
2021-03-02 12:00:00,40.33,305.58875,991.2502,5.1147704,49.514957,0.019319355,0.0
2021-03-02 13:00:00,41.51,303.99854,991.5006,5.9804115,57.758606,0.0,0.0
2021-03-02 14:00:00,42.24,302.83136,991.481,5.6837654,63.75596,0.0,0.0
2021-03-02 15:00:00,42.61,302.28986,991.77686,5.7640667,67.083725,0.0,0.0
2021-03-02 16:00:00,42.46,301.71558,991.6356,6.114464,71.38984,0.0,0.0
2021-03-02 17:00:00,43.11,301.08124,991.6884,5.90484,75.7829,0.0,0.0
2021-03-02 18:00:00,43.65,300.6153,991.6219,5.6201334,78.32125,0.0,0.0
2021-03-02 19:00:00,44.87,300.2437,991.4958,4.648662,80.3633,0.0,0.0
2021-03-02 20:00:00,45.6,299.7613,991.7305,4.2938766,82.41542,0.0,0.0
2021-03-02 21:00:00,44.66,299.2688,992.09265,3.9717577,84.572365,0.0,0.0
2021-03-02 22:00:00,43.56,298.989,993.01904,3.4774675,85.96913,0.0,0.0
2021-03-02 23:00:00,42.99,299.92596,993.8561,3.9058192,80.36634,0.0,0.0
2021-03-03 00:00:00,40.89,301.54724,994.4579,4.0692677,70.7289,0.18525124,0.0
2021-03-03 01:00:00,40.44,303.38367,994.5467,4.525565,61.363686,0.0,0.0
2021-03-03 02:00:00,39.14,304.9917,993.8722,4.7741957,54.14744,0.0,0.0
2021-03-03 03:00:00,37.8,306.26105,993.42883,4.382833,49.178043,0.0,0.0
2021-03-03 04:00:00,37.4,307.55417,992.28687,4.07009,44.97942,0.0,0.0
2021-03-03 05:00:00,38.31,308.53293,991.15344,3.8887632,41.389263,0.0,0.0
2021-03-03 06:00:00,38.77,309.37497,990.1799,3.8133833,37.751183,0.0,0.0
2021-03-03 07:00:00,39.65,309.33527,989.81635,2.519905,36.477943,0.0,0.0
2021-03-03 08:00:00,40.12,309.17908,989.8748,2.5043306,35.818367,0.0,0.0
2021-03-03 09:00:00,40.39,308.30667,990.03577,2.7672145,37.62839,0.09753555,0.0
2021-03-03 10:00:00,39.63,307.40417,990.58734,3.2242737,41.68807,0.0,0.0
2021-03-03 11:00:00,38.8,306.294,991.3678,3.3532174,47.863342,0.0,0.0
2021-03-03 12:00:00,39.52,305.35278,991.9853,3.9835308,53.365284,0.0,0.0
2021-03-03 13:00:00,39.94,304.4256,992.2071,5.076754,58.24511,0.0,0.0
2021-03-03 14:00:00,40.42,303.68115,992.08905,5.7921143,60.6719,0.0,0.0
2021-03-03 15:00:00,40.81,302.81183,991.8679,5.6226535,63.006203,0.0,0.0
2021-03-03 16:00:00,40.18,301.9375,991.5184,5.2650585,66.367935,0.0,0.0
2021-03-03 17:00:00,39.57,301.1628,991.40796,5.0375276,70.385475,0.0,0.0
2021-03-03 18:00:00,38.38,300.5466,991.3546,5.046784,74.09539,0.0,0.0
2021-03-03 19:00:00,38.72,299.7326,991.3075,4.066954,72.92365,0.0,0.0
2021-03-03 20:00:00,40.27,299.17712,991.5217,4.10366,75.84957,0.0,0.0
2021-03-03 21:00:00,41.49,298.76245,992.185,4.2447524,79.46455,0.0,0.0
2021-03-03 22:00:00,42.62,298.51086,992.60236,3.7479906,82.72806,0.0,0.0
2021-03-03 23:00:00,43.98,299.80176,993.34314,3.8458152,77.98466,0.0,0.0
2021-03-04 00:00:00,44.85,301.74564,993.85425,4.0473285,68.89334,0.0975281,0.0
2021-03-04 01:00:00,45.17,303.9431,993.8219,4.0901003,58.672745,0.0,0.0
2021-03-04 02:00:00,46.0,305.94055,993.1818,4.0873137,49.54001,0.0,0.0
2021-03-04 03:00:00,46.24,307.6627,992.3744,3.9249861,42.67063,0.0,0.0
2021-03-04 04:00:00,45.99,309.00546,991.40607,3.57335,37.982265,0.0,0.0
2021-03-04 05:00:00,45.23,310.05676,990.34784,3.364071,34.747417,0.0018328428,0.0
2021-03-04 06:00:00,44.67,310.6888,989.4953,3.3192968,32.605137,0.0,0.0
2021-03-04 07:00:00,44.45,310.42297,989.815,3.478045,35.364647,0.0,0.0
2021-03-04 08:00:00,44.27,310.50366,989.10376,3.7060251,34.465374,0.0,0.0
2021-03-04 09:00:00,43.53,310.10254,989.39825,3.9326277,34.63289,0.0,0.0
2021-03-04 10:00:00,43.03,309.06854,989.85345,3.098315,37.221756,0.0,0.0
2021-03-04 11:00:00,44.32,308.09174,990.74945,1.6144651,41.937317,0.0,0.0
2021-03-04 12:00:00,45.3,306.8762,991.51917,2.866495,48.279583,0.0,0.0
2021-03-04 13:00:00,47.51,305.45605,992.3656,4.2394476,55.187244,0.0,6.7799997
2021-03-04 14:00:00,48.08,304.57397,991.925,4.32588,59.881645,0.0,14.19
2021-03-04 15:00:00,47.07,303.98907,991.7047,4.4753323,62.23957,0.0,2.28
2021-03-04 16:00:00,47.26,303.4751,991.1107,4.5034146,64.15792,0.0,0.0
2021-03-04 17:00:00,48.94,303.0265,990.7272,4.930529,65.6482,0.0,4.46
2021-03-04 18:00:00,51.05,302.3095,990.4606,5.264521,67.83037,0.0,1.77
2021-03-04 19:00:00,51.13,300.81567,991.4972,4.624051,78.305374,0.0,0.13
2021-03-04 20:00:00,49.68,300.2871,991.7679,4.798611,82.124985,0.0,0.0
2021-03-04 21:00:00,47.29,299.77087,991.9614,4.587314,85.38733,0.0,0.0
2021-03-04 22:00:00,45.16,299.49445,992.73065,4.2965374,87.18137,0.0,0.0
2021-03-04 23:00:00,43.85,300.44604,993.0268,5.129537,82.658615,0.0,0.0
2021-03-05 00:00:00,41.71,302.33597,993.5229,5.6105757,73.13416,0.0032812357,0.0
2021-03-05 01:00:00,41.74,304.44788,993.2606,5.313641,62.878067,0.0,0.0
2021-03-05 02:00:00,42.25,306.464,992.5197,4.9225335,53.93287,0.0,0.0
2021-03-05 03:00:00,42.73,308.19263,991.79956,4.616778,47.280712,0.0,0.0
2021-03-05 04:00:00,42.24,309.54572,990.9481,4.1690273,41.9386,0.013589859,0.0
2021-03-05 05:00:00,42.56,310.51843,990.04175,3.6810954,37.771214,0.0,0.0
2021-03-05 06:00:00,43.13,311.23654,989.0984,3.2170346,34.064655,0.0,0.0
2021-03-05 07:00:00,42.74,310.70325,988.77594,2.3360023,36.201565,0.0,0.0
2021-03-05 08:00:00,43.02,310.7818,988.4314,2.5663435,34.919064,0.0019297004,0.0
2021-03-05 09:00:00,43.18,309.56287,988.7139,3.212224,37.312466,0.11333078,0.0
2021-03-05 10:00:00,42.86,307.0692,989.9256,3.6940048,45.524548,0.42495131,0.0
2021-03-05 11:00:00,42.55,305.85724,990.9761,2.934758,51.739292,0.07438211,0.0
2021-03-05 12:00:00,42.22,304.81653,991.29626,3.3317883,57.28958,0.0,0.0
2021-03-05 13:00:00,42.42,303.9793,992.0561,3.1968343,61.734634,0.013336539,0.0
2021-03-05 14:00:00,42.71,303.15814,992.31726,2.793227,65.78944,0.0046537025,0.0
2021-03-05 15:00:00,42.76,302.7173,992.2125,3.144372,68.836006,0.0,0.0
2021-03-05 16:00:00,42.82,302.44656,991.4707,4.236291,71.083626,0.0,0.0
2021-03-05 17:00:00,42.45,302.169,991.0098,4.9094343,72.12631,0.0,0.0
2021-03-05 18:00:00,42.5,301.71942,990.7614,4.8716106,72.430984,0.0,0.0
2021-03-05 19:00:00,44.12,300.52216,990.58673,4.0924387,74.18822,0.0,0.0
2021-03-05 20:00:00,45.78,299.9511,990.8234,3.687559,76.84493,0.0,0.0
2021-03-05 21:00:00,47.38,299.5589,991.35583,3.1970356,79.46915,0.0,0.0
2021-03-05 22:00:00,49.08,299.28552,991.8908,2.6426957,82.027466,0.0,0.0
2021-03-05 23:00:00,49.9,300.61053,992.6521,2.7916884,77.0454,0.0,0.0
2021-03-06 00:00:00,49.65,302.55383,993.1859,3.2494693,69.57333,0.64797103,0.0
2021-03-06 01:00:00,48.92,304.42868,992.9279,3.6265826,62.178516,0.0,0.0
2021-03-06 02:00:00,47.99,306.38477,992.25903,3.6322467,54.012554,0.0,0.0
2021-03-06 03:00:00,47.07,308.0857,991.62604,3.324008,46.821487,0.0,0.0
2021-03-06 04:00:00,46.85,309.27435,990.6908,3.0965014,41.40235,0.023577362,0.0
2021-03-06 05:00:00,48.06,310.2785,989.9925,3.0803573,37.37047,0.032164156,0.0
2021-03-06 06:00:00,47.88,310.98218,989.2711,3.2747219,34.563473,0.01956895,0.0
2021-03-06 07:00:00,47.26,310.03625,989.0493,2.6845777,38.15867,0.041570514,0.0
2021-03-06 08:00:00,46.09,306.2227,989.2048,4.8340173,49.78813,1.8114113,0.0
2021-03-06 09:00:00,45.39,306.12387,989.6488,5.101032,52.71039,0.0,0.0
2021-03-06 10:00:00,45.19,305.35004,990.2586,4.424123,58.717556,0.0,0.0
2021-03-06 11:00:00,45.78,304.7066,991.21533,3.694397,63.9161,0.0,0.0
2021-03-06 12:00:00,46.4,304.0817,991.925,3.3930151,66.82703,0.1090318,0.0
2021-03-06 13:00:00,48.23,303.7033,992.48914,3.8648558,67.543564,0.0936389,0.0
2021-03-06 14:00:00,50.11,303.13043,992.3219,4.9596133,68.90629,0.0,0.0
2021-03-06 15:00:00,50.86,302.40775,992.073,5.348694,71.86576,0.0,0.0
2021-03-06 16:00:00,50.32,301.86475,991.4451,5.475157,75.12978,0.0,0.0
2021-03-06 17:00:00,49.98,301.43744,991.24585,5.3390536,77.99801,0.0,0.0
2021-03-06 18:00:00,50.23,301.13,990.99744,5.1343765,79.85348,0.0,1.89
2021-03-06 19:00:00,51.12,300.15414,991.14435,5.0860553,80.835266,0.0,0.34
2021-03-06 20:00:00,51.16,299.68475,991.15356,4.970469,82.76161,0.0,0.0
2021-03-06 21:00:00,52.05,299.3661,991.8205,4.4896975,83.9412,0.0,0.0
2021-03-06 22:00:00,52.39,299.10406,992.71234,3.814509,85.329575,0.0,0.0
2021-03-06 23:00:00,52.44,300.00342,993.46783,4.336978,80.84828,0.0,0.0
2021-03-07 00:00:00,52.72,301.53314,993.7382,4.859027,72.64088,2.1309555,0.0
2021-03-07 01:00:00,52.39,303.28632,993.3758,4.9107437,63.24111,0.0,0.0
2021-03-07 02:00:00,52.53,304.95816,992.5474,5.0067,55.17098,0.0,0.0
2021-03-07 03:00:00,51.66,306.65857,991.52826,5.114241,48.759483,0.0,0.0
2021-03-07 04:00:00,49.65,308.04898,990.6104,5.1219506,44.079277,0.012353063,0.0
2021-03-07 05:00:00,48.79,309.08008,989.66345,4.9438376,40.06007,0.038184226,0.0
2021-03-07 06:00:00,47.73,309.7701,988.6912,4.6795526,36.92488,0.022746623,0.0
2021-03-07 07:00:00,46.73,308.47864,988.7365,3.4427414,42.053917,0.01579523,0.0
2021-03-07 08:00:00,45.88,308.57855,988.16724,3.5205562,40.63709,0.0015050173,0.0
2021-03-07 09:00:00,44.33,308.30795,988.1328,3.5290916,40.51765,0.0,0.0
2021-03-07 10:00:00,42.94,307.3075,988.9216,2.9283223,44.079052,0.0,0.0
2021-03-07 11:00:00,42.91,306.11868,989.4942,2.7651227,50.002567,0.0,0.0
2021-03-07 12:00:00,42.66,304.99823,989.9204,3.5619059,55.166454,0.0,0.0
2021-03-07 13:00:00,43.17,304.0549,990.31134,4.4797244,59.39771,0.0,0.0
2021-03-07 14:00:00,43.76,303.33643,990.59875,4.8414288,62.582134,0.0,0.0
2021-03-07 15:00:00,44.03,302.8775,990.66046,5.0920105,64.67455,0.0,0.0
2021-03-07 16:00:00,44.26,302.47522,990.2548,5.6434574,66.381065,0.0,0.0
2021-03-07 17:00:00,44.04,301.98355,990.0698,6.1517053,68.355255,0.0,0.0
2021-03-07 18:00:00,43.57,301.35675,989.76154,5.9477067,71.06261,0.0,0.0
2021-03-07 19:00:00,44.48,300.5739,989.82544,5.3160653,72.25324,0.0,0.0
2021-03-07 20:00:00,44.71,299.9698,990.28455,4.8809614,75.38906,0.0,0.0
2021-03-07 21:00:00,44.98,299.44965,990.96075,4.6064224,78.30067,0.0,0.0
2021-03-07 22:00:00,45.56,299.07886,991.53394,4.412201,80.61628,0.0,0.0
2021-03-07 23:00:00,46.84,300.05975,992.15326,5.1584744,76.29448,0.0,0.0
2021-03-08 00:00:00,48.94,301.70978,992.72076,5.578513,68.20621,0.09188652,0.0
2021-03-08 01:00:00,48.24,303.54083,992.7363,5.605614,59.73146,0.0,0.0
2021-03-08 02:00:00,46.94,305.39124,992.24554,5.6707163,51.86184,0.0,0.0
2021-03-08 03:00:00,46.21,307.1042,991.4592,5.8545485,45.186634,0.0,0.0
2021-03-08 04:00:00,46.36,308.5642,990.51874,5.9058614,40.03566,0.0068880618,0.0
2021-03-08 05:00:00,46.25,309.66028,989.5428,5.5964365,36.18459,0.013105571,0.0
2021-03-08 06:00:00,45.79,310.36166,988.64014,5.1922956,33.498314,0.0021718442,0.0
2021-03-08 07:00:00,45.87,310.131,987.974,6.0502777,38.600975,0.03848225,0.0
2021-03-08 08:00:00,46.89,310.16373,987.8173,5.6519003,37.114826,0.0230968,0.0
2021-03-08 09:00:00,47.41,308.9393,987.94995,5.0561204,38.92315,0.06380677,0.0
2021-03-08 10:00:00,46.89,307.14664,989.51483,3.9394014,44.622547,0.0,0.0
2021-03-08 11:00:00,45.73,304.97314,990.21326,4.9543962,52.0029,0.0,0.0
2021-03-08 12:00:00,44.94,303.48462,990.60406,4.350644,58.24626,0.0,0.0
2021-03-08 13:00:00,45.72,302.76218,990.5018,4.1929092,61.41776,0.0,0.0
2021-03-08 14:00:00,47.13,302.49036,990.5145,4.114541,62.523354,0.0,0.0
2021-03-08 15:00:00,47.77,302.2574,990.13336,4.2454214,63.225048,0.0,0.21
2021-03-08 16:00:00,48.36,301.96198,989.84125,4.5836015,63.75268,0.0,5.0
2021-03-08 17:00:00,48.46,301.6832,989.2473,4.7329803,64.716675,0.0,4.25
2021-03-08 18:00:00,48.42,301.2918,988.945,4.7602925,67.54146,0.0,2.77
2021-03-08 19:00:00,48.16,300.28772,989.92377,4.464905,75.15434,0.0,3.8799999
2021-03-08 20:00:00,46.84,299.78275,990.17224,4.492933,80.127106,0.0,3.47
2021-03-08 21:00:00,45.45,299.43195,991.05695,4.5610027,82.91831,0.0,0.0
2021-03-08 22:00:00,44.26,299.15796,991.60455,4.662999,84.218,0.0,0.0
2021-03-08 23:00:00,43.99,300.14948,992.1848,5.6712203,78.79364,0.0,0.96
2021-03-09 00:00:00,43.11,301.78058,992.77954,6.239454,70.604034,0.14796257,0.0
2021-03-09 01:00:00,43.41,303.59027,992.6303,6.0492525,62.1489,0.0,0.0
2021-03-09 02:00:00,43.94,305.4204,991.96094,5.399926,53.80195,0.0,0.0
2021-03-09 03:00:00,45.36,307.02948,990.8727,4.386404,46.879887,0.0,0.0
2021-03-09 04:00:00,46.15,308.36298,990.1982,3.375063,41.49763,0.0,0.0
2021-03-09 05:00:00,46.46,309.39706,989.07623,2.7755415,37.713753,0.002771616,0.0
2021-03-09 06:00:00,47.18,310.0445,988.39923,2.5035603,35.339516,0.0047534704,0.0
2021-03-09 07:00:00,48.27,308.58087,988.79596,3.58556,43.27169,0.039368868,0.0
2021-03-09 08:00:00,48.69,307.99973,988.5475,3.460808,44.948524,0.012069941,0.0
2021-03-09 09:00:00,48.95,307.52515,988.71173,3.5805628,46.568535,0.010102987,0.0
2021-03-09 10:00:00,49.48,306.0583,989.577,3.5837803,53.105568,0.105798244,0.0
2021-03-09 11:00:00,50.84,305.09888,990.7025,3.7159543,57.96391,0.0,0.0
2021-03-09 12:00:00,51.55,304.46143,991.3839,4.0181985,60.974937,0.0,0.0
2021-03-09 13:00:00,51.72,304.0053,991.45703,4.3553777,62.724556,0.0,0.0
2021-03-09 14:00:00,51.26,303.5285,991.5968,4.4193773,64.645226,0.0,0.0
2021-03-09 15:00:00,51.61,303.05743,991.4994,4.048013,66.90634,0.0,0.0
2021-03-09 16:00:00,51.99,302.57294,991.1933,3.6789029,69.70435,0.0,0.0
2021-03-09 17:00:00,53.4,302.08447,991.1337,3.600923,72.556366,0.012844801,0.0
2021-03-09 18:00:00,54.79,301.6687,991.0878,3.5530295,75.0184,0.0054836273,0.0
2021-03-09 19:00:00,55.75,300.746,991.7392,3.2060256,76.86044,0.0,0.0
2021-03-09 20:00:00,56.22,300.57983,991.7739,2.8744657,78.52298,0.0,0.0
2021-03-09 21:00:00,56.02,300.3086,992.1289,2.5282526,80.70838,0.0,0.0
2021-03-09 22:00:00,55.29,300.00122,992.5823,2.2136235,83.10542,0.0,0.0
2021-03-09 23:00:00,55.33,300.78546,993.0041,2.619635,79.70664,0.0,0.0
2021-03-10 00:00:00,53.67,302.37082,993.5569,2.6447208,73.50122,0.19320846,0.0
2021-03-10 01:00:00,53.02,304.10437,993.7964,2.4935918,66.3522,0.0,0.0
2021-03-10 02:00:00,53.46,305.3291,993.33325,2.5793536,60.405636,0.17231889,0.0
2021-03-10 03:00:00,53.43,306.27722,992.73,2.7093232,56.618404,0.11376664,0.0
2021-03-10 04:00:00,52.06,306.27014,991.90533,2.1213136,55.846054,0.6184429,0.0
2021-03-10 05:00:00,51.1,306.83075,991.1397,1.7611052,54.25889,0.33298135,1.11
2021-03-10 06:00:00,50.55,305.87256,990.6267,1.3459768,57.432575,0.28079748,0.9
2021-03-10 07:00:00,50.7,305.1068,990.5231,1.6537732,59.864403,0.48399276,1.18
2021-03-10 08:00:00,51.48,303.14197,990.74054,0.6630096,67.7749,0.63123554,0.0
2021-03-10 09:00:00,52.06,303.00232,990.8795,0.33078364,68.389565,0.0,0.22999999
2021-03-10 10:00:00,51.89,303.0329,991.6729,1.9372269,69.33391,0.0,0.0
2021-03-10 11:00:00,51.66,302.4679,992.2938,1.7533541,73.1714,0.0,0.0
2021-03-10 12:00:00,52.03,301.9983,993.2601,1.3190048,76.57656,0.0,0.0
2021-03-10 13:00:00,52.21,301.6142,993.4881,1.547823,78.97958,0.0,0.0
2021-03-10 14:00:00,52.73,301.21356,993.49585,1.309741,80.98239,0.0,0.0
2021-03-10 15:00:00,53.52,300.88724,993.06256,1.5093826,82.753876,0.0,0.0
2021-03-10 16:00:00,53.97,300.60797,992.83044,1.5883921,83.88913,0.0,0.0
2021-03-10 17:00:00,53.36,300.4095,992.6995,1.6328195,84.55788,0.0,0.0
2021-03-10 18:00:00,52.02,300.1416,992.7932,1.7508513,85.37354,0.0,0.0
2021-03-10 19:00:00,51.88,299.49603,993.1105,0.78325737,86.66341,0.0,0.0
2021-03-10 20:00:00,51.9,299.25568,993.3057,0.69974166,88.94565,0.0,0.0
2021-03-10 21:00:00,52.03,299.14624,993.85046,0.4561168,90.46818,0.0,0.0
2021-03-10 22:00:00,52.17,299.10516,994.32544,0.8074414,91.44253,0.0,0.0
2021-03-10 23:00:00,53.69,300.0416,994.8929,1.225773,83.60408,0.0,0.0
2021-03-11 00:00:00,55.27,301.51257,995.4489,1.8276004,75.18662,2.638799,0.0
2021-03-11 01:00:00,55.46,303.00403,995.3356,1.7631763,68.5708,0.0,0.0
2021-03-11 02:00:00,54.84,304.2067,994.9283,1.4912503,63.508842,0.06152317,0.0
2021-03-11 03:00:00,53.94,305.5884,994.33936,1.9544181,59.475483,0.01841411,0.0
2021-03-11 04:00:00,53.67,306.2463,993.3234,2.0925899,57.511963,0.020641834,0.0
2021-03-11 05:00:00,53.72,305.9494,992.13873,1.6265388,57.412857,0.40633604,0.0
2021-03-11 06:00:00,53.93,305.19244,991.1037,1.3313038,60.349876,1.6712322,1.6999999
2021-03-11 07:00:00,55.34,305.21912,991.43866,3.791789,59.887135,0.94347006,1.03
2021-03-11 08:00:00,56.28,302.80246,991.71344,5.6664014,68.039246,3.9549422,1.8799999
2021-03-11 09:00:00,56.53,302.13666,991.87915,4.4298735,70.655624,0.3395602,4.67
2021-03-11 10:00:00,56.88,301.77045,992.8328,3.7346687,74.15846,0.0023171306,1.21
2021-03-11 11:00:00,56.11,301.2141,994.05133,3.0097382,77.98772,0.051774085,0.87
2021-03-11 12:00:00,56.53,300.7763,994.8981,2.9376674,80.88263,0.056438148,0.42
2021-03-11 13:00:00,56.0,300.44705,995.3957,3.3489614,82.154434,0.01796335,0.0
2021-03-11 14:00:00,55.9,300.1557,995.7477,3.5171146,82.655205,0.0042021275,0.0
2021-03-11 15:00:00,56.43,299.8006,995.14795,3.4858584,83.37987,0.0,0.07
2021-03-11 16:00:00,56.68,299.65363,994.85187,3.3117557,84.06388,0.0,0.0
2021-03-11 17:00:00,55.93,299.52698,994.3705,2.6618073,84.72128,0.0,0.0
2021-03-11 18:00:00,54.72,299.3622,994.2347,2.0537093,85.57465,0.0,0.0
2021-03-11 19:00:00,54.27,299.28986,993.9761,1.6129427,86.52298,0.0,0.0
2021-03-11 20:00:00,53.31,299.22888,994.2443,1.4822614,87.02658,0.0,0.0
2021-03-11 21:00:00,51.35,299.1362,994.2489,1.477695,87.67473,0.0,0.0
2021-03-11 22:00:00,50.25,299.05084,994.83826,1.3927845,88.52956,0.0,0.0
2021-03-11 23:00:00,49.99,299.80273,995.4539,2.1062608,82.95244,0.36547425,0.0
2021-03-12 00:00:00,51.56,300.77734,996.3468,2.4921207,77.70418,8.652335,0.0
2021-03-12 01:00:00,52.94,301.99237,996.4769,2.7918365,73.171814,0.0,0.0
2021-03-12 02:00:00,54.31,303.31168,995.889,3.096646,67.90129,0.015014783,0.0
2021-03-12 03:00:00,54.69,304.17886,995.1701,2.9313319,64.470055,0.04146248,0.0
2021-03-12 04:00:00,54.18,305.4574,994.1817,2.593547,61.431267,0.024419278,0.0
2021-03-12 05:00:00,53.9,306.12796,993.08435,1.8726802,58.302544,0.024139881,0.0
2021-03-12 06:00:00,53.53,306.20285,991.90375,1.0554925,57.234478,0.021882355,0.0
2021-03-12 07:00:00,54.46,307.31216,990.8862,1.7992113,50.106556,0.097468495,0.16
2021-03-12 08:00:00,55.68,305.81213,991.43964,2.0332408,54.40495,2.0295157,0.5
2021-03-12 09:00:00,56.43,302.19818,993.155,1.5882626,71.69335,4.7214108,1.45
2021-03-12 10:00:00,57.69,300.82678,994.3117,2.1514094,80.44008,6.083578,0.0
2021-03-12 11:00:00,59.52,299.50446,995.52954,3.0922766,87.58952,4.1645317,3.54
2021-03-12 12:00:00,60.31,299.17133,996.6138,1.8283783,89.12018,1.3583674,7.7699995
2021-03-12 13:00:00,60.33,299.14832,996.81146,0.83271855,89.532646,0.46612322,8.34
2021-03-12 14:00:00,59.44,299.06226,996.47266,0.46613026,89.965385,0.3850013,11.02
2021-03-12 15:00:00,58.69,298.99335,996.113,0.091777615,90.242035,0.16100705,8.969999
2021-03-12 16:00:00,58.42,298.85562,995.7678,0.97919065,91.05759,0.048577785,6.43
2021-03-12 17:00:00,58.85,298.70227,995.4568,0.6508774,92.03717,0.006392598,3.5899997
2021-03-12 18:00:00,59.01,298.60306,995.02795,0.08426231,92.50095,0.012204051,1.5999999
2021-03-12 19:00:00,58.05,298.3167,995.0444,1.5216514,92.30408,0.0,0.0
2021-03-12 20:00:00,56.72,298.23764,995.1515,1.0830921,92.72629,0.0,0.0
2021-03-12 21:00:00,55.51,298.18848,995.3276,0.6855516,92.924614,0.0,0.0
2021-03-12 22:00:00,54.82,298.20135,995.63116,0.7284603,93.30328,0.0,0.0
2021-03-12 23:00:00,54.52,298.80542,996.0044,1.0871425,89.802376,0.0,0.0
2021-03-13 00:00:00,55.36,300.08307,996.4392,1.3493963,83.040344,20.01354,0.0
2021-03-13 01:00:00,54.89,301.32593,996.5825,1.2461469,77.35547,0.0,0.0
2021-03-13 02:00:00,54.87,302.21063,995.8332,1.5803162,75.90067,0.054420903,0.0
2021-03-13 03:00:00,54.59,303.1604,995.01904,2.0256634,74.13545,0.08361414,0.0
2021-03-13 04:00:00,54.56,303.92676,994.15405,1.8045071,71.81711,0.111911446,0.0
2021-03-13 05:00:00,54.97,304.61823,992.99506,1.482264,65.60794,0.17342716,0.0
2021-03-13 06:00:00,54.72,304.71475,992.02423,1.2469852,64.41676,0.25934726,0.0
2021-03-13 07:00:00,54.71,304.1057,992.03357,1.3766556,67.083046,0.05507021,0.0
2021-03-13 08:00:00,54.78,304.24225,991.40375,1.5709467,64.11562,0.0142380595,0.0
2021-03-13 09:00:00,55.06,303.2526,991.2304,1.8934304,67.88942,0.27696794,0.0
2021-03-13 10:00:00,56.56,302.87064,992.247,1.7489808,72.465904,0.10603666,0.0
2021-03-13 11:00:00,58.22,301.97803,993.3792,0.3305886,78.90927,0.28084964,0.26
2021-03-13 12:00:00,59.03,300.19464,994.4087,2.104089,85.78711,3.4215522,0.36
2021-03-13 13:00:00,58.45,298.57788,995.23157,3.1131244,91.60979,3.8980172,0.80999994
2021-03-13 14:00:00,57.95,298.14362,995.2737,2.3698163,92.91034,0.8684769,0.61
2021-03-13 15:00:00,58.28,297.987,995.25507,2.5050118,92.887825,0.45341998,0.12
2021-03-13 16:00:00,58.69,297.7968,994.6512,2.0188172,93.04954,0.37946087,0.089999996
2021-03-13 17:00:00,58.88,297.61633,994.17114,0.96184635,93.48748,1.8007625,0.03
2021-03-13 18:00:00,59.94,297.0742,994.0418,0.6832739,94.65756,3.2090247,0.29
2021-03-13 19:00:00,59.99,297.35263,993.89233,1.6671079,93.049706,1.6456544,0.47
2021-03-13 20:00:00,59.5,297.25812,993.98737,1.4511501,93.48293,1.6217977,2.02
2021-03-13 21:00:00,58.54,297.28424,994.21643,1.2956635,91.977715,0.9005219,0.31
2021-03-13 22:00:00,57.66,297.29376,994.6855,0.6466577,91.870514,0.78852475,0.0
2021-03-13 23:00:00,56.95,297.5196,995.0564,0.19484982,90.0934,0.3824532,0.0
2021-03-14 00:00:00,54.72,298.2162,995.55896,1.7895552,85.96515,21.122301,0.0
2021-03-14 01:00:00,54.09,299.4748,995.59955,3.2591512,81.18857,0.0,0.0
2021-03-14 02:00:00,53.82,300.31796,995.0245,3.5226336,76.57803,0.13553724,0.0
2021-03-14 03:00:00,54.09,301.29803,994.3189,4.175879,74.14491,0.12398884,0.0
2021-03-14 04:00:00,54.47,301.25665,993.22766,4.3227324,73.44309,0.09702146,0.0
2021-03-14 05:00:00,54.44,301.95593,992.5109,4.115098,72.41759,0.21598488,0.0
2021-03-14 06:00:00,54.52,302.16394,991.8322,3.5171502,72.7263,0.11101365,0.0
2021-03-14 07:00:00,54.38,302.7895,991.21594,1.229381,65.39747,0.0070407987,0.0
2021-03-14 08:00:00,54.59,303.05798,990.18823,0.5856241,64.00739,0.0,0.0
2021-03-14 09:00:00,54.27,302.94232,990.144,1.4161594,65.11709,0.0,0.0
2021-03-14 10:00:00,54.04,301.8837,992.1241,1.7310113,73.085655,0.71139634,0.0
2021-03-14 11:00:00,54.61,300.81522,993.2179,1.8879998,80.305695,0.5444139,0.0
2021-03-14 12:00:00,55.2,300.1784,994.0493,1.6196846,83.05017,0.9866953,0.0
2021-03-14 13:00:00,55.52,299.0798,994.9317,3.4400637,87.572296,2.2180378,0.0
2021-03-14 14:00:00,55.44,297.90472,995.3283,4.1655726,88.69467,3.3177435,0.0
2021-03-14 15:00:00,54.9,297.59192,995.2975,3.7153032,91.125694,0.6031841,0.0
2021-03-14 16:00:00,54.9,297.46906,994.7111,3.0058558,90.78923,0.53726417,0.0
2021-03-14 17:00:00,55.36,297.30798,994.33405,2.8618302,90.63457,0.7838905,0.0
2021-03-14 18:00:00,55.7,297.02753,993.98065,2.4841964,91.458336,1.9212365,0.0
2021-03-14 19:00:00,55.18,297.6285,993.53485,2.737848,87.867516,1.9659847,0.0
2021-03-14 20:00:00,55.34,297.40277,993.7604,3.1830657,90.819534,3.3840547,0.0
2021-03-14 21:00:00,55.14,297.19745,993.91956,3.2050855,91.28384,5.026415,0.0
2021-03-14 22:00:00,55.16,297.10645,994.5527,2.8159637,91.528725,7.5393486,0.0
2021-03-14 23:00:00,54.74,297.2436,995.05634,2.7801678,91.545395,8.3384495,0.0
2021-03-15 00:00:00,53.13,297.42426,995.47626,3.6026154,91.12828,44.420578,0.0
2021-03-15 01:00:00,53.41,297.81506,995.47516,4.5293612,88.248955,0.0,0.0
2021-03-15 02:00:00,53.96,298.42377,995.2175,4.700798,84.651695,0.70571715,0.04
2021-03-15 03:00:00,54.26,299.4662,994.8006,4.5599213,79.642365,0.8159429,3.12
2021-03-15 04:00:00,54.93,299.75623,994.1025,4.1609054,76.45546,1.9443966,2.27
2021-03-15 05:00:00,55.02,300.23843,993.267,4.18612,74.51187,1.0365397,0.0
2021-03-15 06:00:00,55.52,300.0816,992.512,3.7089717,76.249146,1.1134632,0.0
2021-03-15 07:00:00,55.92,302.9411,991.5003,2.5623045,61.56307,0.015471131,0.0
2021-03-15 08:00:00,55.27,302.76392,991.34314,2.7330146,62.835495,0.008974224,0.0
2021-03-15 09:00:00,56.15,301.45587,992.1529,4.4147305,72.762695,0.015810132,0.0
2021-03-15 10:00:00,58.1,299.92407,993.35596,4.5653696,80.662384,0.0134781,0.0
2021-03-15 11:00:00,59.89,299.1592,994.1238,4.6682954,83.635864,0.0043958426,0.48000002
2021-03-15 12:00:00,60.8,298.60394,995.2477,4.9674597,84.30524,0.005811453,1.6899999
2021-03-15 13:00:00,60.36,298.21912,995.7475,4.793264,84.0941,0.124923885,3.5099998
2021-03-15 14:00:00,60.49,297.83923,996.3269,4.2288947,84.79513,0.36256015,4.04
2021-03-15 15:00:00,60.74,297.56708,996.2765,4.05401,85.45172,0.36083162,4.13
2021-03-15 16:00:00,60.34,297.33322,995.767,4.1547604,85.560715,0.08697808,5.6099997
2021-03-15 17:00:00,58.87,296.93106,995.359,4.2690887,86.26676,0.025466084,5.6099997
2021-03-15 18:00:00,57.67,296.5569,994.81366,4.5272875,86.869514,0.026017427,3.1999998
2021-03-15 19:00:00,57.06,296.75378,994.09985,3.993842,88.24993,0.6554872,0.5
2021-03-15 20:00:00,55.71,296.6101,994.5108,4.5015736,88.312935,0.9236932,0.0
2021-03-15 21:00:00,54.35,296.4895,994.5613,4.7585344,87.0998,0.9364337,0.53999996
2021-03-15 22:00:00,53.56,296.3014,995.3223,4.9912586,87.04367,1.617536,0.0
2021-03-15 23:00:00,53.64,296.3133,995.56036,5.4204125,86.30563,0.8382797,0.0
2021-03-16 00:00:00,53.31,296.49506,996.068,5.385002,85.475845,14.556691,0.0
2021-03-16 01:00:00,53.4,296.98495,996.31464,5.933884,81.42884,0.0,0.0
2021-03-16 02:00:00,54.06,297.124,995.9938,5.60386,80.213776,0.4334459,0.0
2021-03-16 03:00:00,54.46,297.9203,995.58124,5.6039734,77.76647,1.4327132,0.0
2021-03-16 04:00:00,54.48,298.37305,995.1106,5.3401165,75.45018,1.5940778,0.0
2021-03-16 05:00:00,53.93,298.60446,994.1206,5.2954855,76.19097,1.1983849,0.0
2021-03-16 06:00:00,53.02,298.6075,993.28577,4.364027,78.14921,1.1022761,0.0
2021-03-16 07:00:00,53.18,298.20154,992.6066,3.5097337,79.08362,0.6530881,0.0
2021-03-16 08:00:00,53.84,298.1758,992.335,3.5729697,80.6598,0.54965913,0.0
2021-03-16 09:00:00,53.94,298.1576,992.829,3.4641974,82.025795,0.49578398,0.0
2021-03-16 10:00:00,54.4,297.7771,993.8047,3.5813649,83.75499,0.6977245,0.099999994
2021-03-16 11:00:00,54.83,297.60754,994.43677,3.565733,83.85185,0.8769706,0.91999996
2021-03-16 12:00:00,56.55,297.3921,994.8361,3.8222013,84.47085,0.46861917,2.07
2021-03-16 13:00:00,57.56,297.20013,995.09094,3.7845979,84.71713,0.44934452,0.0
2021-03-16 14:00:00,58.28,297.01422,994.9983,3.393937,85.95937,0.23540854,0.0
2021-03-16 15:00:00,57.35,296.9447,994.6504,3.2327878,86.27859,0.0975579,0.0
2021-03-16 16:00:00,56.3,296.81866,993.9983,3.1211743,86.87368,0.020042062,0.0
2021-03-16 17:00:00,55.68,296.7351,993.41406,3.1089947,87.49794,0.0012665987,0.0
2021-03-16 18:00:00,55.61,296.7155,993.1925,3.0940535,88.09521,0.0,0.0
2021-03-16 19:00:00,55.81,296.61923,993.07404,1.8191848,88.25598,0.22602081,0.0
2021-03-16 20:00:00,55.69,296.59793,993.14966,1.9400134,88.58722,0.21441281,0.08
2021-03-16 21:00:00,55.51,296.60822,993.5895,2.0414681,88.93513,0.20518899,0.0
2021-03-16 22:00:00,55.13,296.59918,993.96643,2.4504178,89.10388,0.23040175,0.0
2021-03-16 23:00:00,54.66,297.26694,994.47766,2.812754,86.75511,0.14804304,0.0
2021-03-17 00:00:00,55.02,298.06177,994.8283,3.1223948,80.516556,11.766643,0.0
2021-03-17 01:00:00,54.97,299.23676,994.8098,3.6818752,72.91111,0.0,0.0
2021-03-17 02:00:00,54.56,300.46716,994.2787,3.3561714,68.79791,0.0,0.0
2021-03-17 03:00:00,53.75,301.24933,993.7405,2.9465654,66.51051,0.0,0.0
2021-03-17 04:00:00,53.03,301.81708,992.90765,2.7254019,65.53536,0.010319054,0.0
2021-03-17 05:00:00,52.46,301.82623,992.15686,1.7355325,66.62561,0.056818128,0.0
2021-03-17 06:00:00,51.73,301.04352,991.6069,1.3190495,70.48232,0.15806407,0.0
2021-03-17 07:00:00,51.8,303.7742,989.92944,3.3486109,58.92994,0.0064074993,0.0
2021-03-17 08:00:00,51.26,303.7823,990.0806,3.1395893,58.285667,0.005349517,0.0
2021-03-17 09:00:00,51.32,302.4196,990.1701,2.5286672,65.85055,0.03544538,0.0
2021-03-17 10:00:00,53.13,300.62842,991.4098,2.732912,74.7946,0.26102364,0.17999999
2021-03-17 11:00:00,55.75,299.5667,992.483,1.956451,79.94812,0.23902953,3.54
2021-03-17 12:00:00,58.12,299.41418,992.9839,0.48803627,79.60123,0.30955678,10.190001
2021-03-17 13:00:00,58.62,299.10138,993.34393,1.6778572,82.885185,0.24629384,14.84
2021-03-17 14:00:00,58.19,298.38242,993.35077,2.0685582,87.40789,0.08888543,11.73
2021-03-17 15:00:00,58.35,298.0271,993.0641,2.4574263,88.72248,0.05093217,10.289999
2021-03-17 16:00:00,57.49,297.64545,993.0027,2.5806694,89.4577,0.035837293,14.0
2021-03-17 17:00:00,56.97,297.33017,992.34955,1.9095355,90.20618,0.11108816,12.199999
2021-03-17 18:00:00,56.13,297.04083,992.238,0.6974311,93.28939,0.29982626,5.02
2021-03-17 19:00:00,56.42,296.8015,992.2545,1.3770858,93.35373,1.6152412,2.35
2021-03-17 20:00:00,56.58,296.74347,992.3318,2.0805957,93.20737,1.0594425,0.87
2021-03-17 21:00:00,55.44,296.6817,992.6864,2.1707294,92.695854,0.30621886,0.01
2021-03-17 22:00:00,53.81,296.65692,993.2688,2.173771,92.59801,0.21368265,0.089999996
2021-03-17 23:00:00,53.0,296.88443,993.5264,1.9789152,91.98426,0.0757575,0.0
2021-03-18 00:00:00,52.9,297.74194,993.5971,1.9660587,88.64214,5.1916122,0.0
2021-03-18 01:00:00,53.15,298.90442,993.73346,2.4316096,82.64508,0.0,0.0
2021-03-18 02:00:00,53.0,299.50775,993.4892,2.6795049,79.02129,0.0027883798,0.0
2021-03-18 03:00:00,52.96,299.91382,993.04047,2.7598283,76.0675,0.045338646,0.0
2021-03-18 04:00:00,53.56,300.30392,992.20514,2.924937,73.302666,0.10366365,0.13
2021-03-18 05:00:00,54.52,300.3945,991.3684,3.1478138,72.922386,0.25742128,0.089999996
2021-03-18 06:00:00,55.11,300.1742,990.84906,3.5795717,74.07475,0.36960468,0.0
2021-03-18 07:00:00,55.04,301.26447,990.1227,2.5915248,71.04317,0.257954,0.29
2021-03-18 08:00:00,53.1,301.0802,990.29266,2.321834,72.0919,0.15205145,0.45999998
2021-03-18 09:00:00,51.73,300.33307,990.7527,2.509586,77.51025,0.1675263,0.14999999
2021-03-18 10:00:00,52.05,299.66183,991.0037,2.8118138,81.18079,0.04348159,0.0
2021-03-18 11:00:00,53.15,299.1335,991.45593,3.2488492,82.74728,0.019685946,0.0
2021-03-18 12:00:00,53.26,298.66312,992.02264,3.5755436,83.41264,0.13381988,0.0
2021-03-18 13:00:00,52.79,298.33557,992.2928,3.57279,83.82671,0.6570815,0.12
2021-03-18 14:00:00,53.54,298.06665,992.2278,3.5536358,84.72977,0.64495206,0.0
2021-03-18 15:00:00,54.48,297.81055,992.2954,3.3378375,84.846054,0.55637956,0.16
2021-03-18 16:00:00,55.44,297.45514,991.9833,3.3780255,85.050224,0.9729266,0.0
2021-03-18 17:00:00,55.58,297.0894,991.6847,3.3224862,85.68417,1.1378676,0.14999999
2021-03-18 18:00:00,55.61,296.82037,991.5508,2.9406116,86.64481,1.5018969,0.28
2021-03-18 19:00:00,55.56,296.66815,991.0588,4.0217843,84.48274,1.0254979,0.53999996
2021-03-18 20:00:00,55.82,296.46448,991.40814,2.9363637,86.97372,2.110973,0.5
2021-03-18 21:00:00,55.4,296.28323,991.64484,2.959893,88.81866,2.2369475,0.64
2021-03-18 22:00:00,54.67,296.25687,991.59937,3.8376267,88.4487,1.5677661,0.82
2021-03-18 23:00:00,54.04,296.38083,992.0804,5.0269895,84.763,1.1206269,0.73
2021-03-19 00:00:00,53.05,296.84592,992.61835,5.4312096,81.07813,16.339529,1.48
2021-03-19 01:00:00,53.03,297.18262,992.8897,4.6220713,80.09665,0.0,2.81
2021-03-19 02:00:00,53.54,297.41992,992.77155,3.1851676,80.87992,1.3431181,4.33
2021-03-19 03:00:00,53.55,297.6303,992.21765,2.2814283,79.85384,1.0502636,0.71
2021-03-19 04:00:00,52.69,297.8302,991.67804,3.117251,80.120346,1.2018979,4.7
2021-03-19 05:00:00,53.0,297.99792,990.40796,4.778741,79.04079,1.1346042,2.84
2021-03-19 06:00:00,54.23,297.39795,990.2494,6.027756,80.234055,1.0672212,1.23
2021-03-19 07:00:00,55.8,298.35754,989.3954,3.2350886,79.9355,0.7417202,1.74
2021-03-19 08:00:00,56.41,297.9939,989.709,3.910286,80.197136,1.8808022,1.68
2021-03-19 09:00:00,56.04,297.21286,989.9913,4.8432565,81.86451,1.8641521,1.6199999
2021-03-19 10:00:00,56.13,296.44092,990.51904,4.9718914,82.2799,1.614578,3.51
2021-03-19 11:00:00,56.29,296.01202,991.4483,4.599724,82.64365,1.6271994,3.73
2021-03-19 12:00:00,56.85,295.73697,992.02924,4.623227,83.45825,1.5317798,1.79
2021-03-19 13:00:00,56.77,295.51337,991.8209,4.8674173,84.38393,2.10765,1.3799999
2021-03-19 14:00:00,57.42,295.2821,991.50446,5.084162,86.43239,1.1872053,0.35999998
2021-03-19 15:00:00,57.59,295.20343,991.1792,5.443482,88.07395,1.707064,0.56
2021-03-19 16:00:00,57.15,295.37793,990.82764,6.365865,88.38131,1.9578431,3.28
2021-03-19 17:00:00,56.29,295.20355,990.2141,7.335286,86.765396,1.6153045,1.76
2021-03-19 18:00:00,55.57,294.66235,990.09766,7.1652365,83.10344,1.0893028,2.5
2021-03-19 19:00:00,55.54,294.12628,989.60547,8.35462,79.47994,0.5838461,3.17
2021-03-19 20:00:00,55.59,293.4881,989.6948,7.675993,80.683716,1.002837,5.44
2021-03-19 21:00:00,55.81,293.41315,989.8683,7.023865,80.017914,1.5822537,7.37
2021-03-19 22:00:00,55.84,293.34476,989.85956,6.759323,81.331505,2.2586324,5.6899996
2021-03-19 23:00:00,56.44,293.11664,990.2912,6.5825315,85.09556,5.0008445,7.7
2021-03-20 00:00:00,55.52,293.28784,990.4695,6.318415,85.42545,42.399666,6.0
2021-03-20 01:00:00,55.75,293.67444,990.63385,5.679681,85.524216,0.0,5.7
2021-03-20 02:00:00,55.51,294.32788,989.9964,4.4370317,83.390015,3.919486,4.29
2021-03-20 03:00:00,54.25,295.26868,989.5073,3.4174182,80.72678,3.2509844,3.8
2021-03-20 04:00:00,54.2,296.12302,988.8039,3.1621015,78.478775,2.0526907,0.75
2021-03-20 05:00:00,54.4,296.24762,987.70667,2.465757,80.43335,1.577925,0.0
2021-03-20 06:00:00,55.58,296.13092,987.06,3.5254672,82.68314,1.1631697,0.0
2021-03-20 07:00:00,56.46,297.2417,986.4802,2.5129316,81.642334,2.8648973,0.099999994
2021-03-20 08:00:00,56.83,297.51324,986.81445,1.793252,82.19252,3.8813055,0.35
2021-03-20 09:00:00,57.24,296.9426,987.3086,2.0455418,88.34543,3.58475,0.84
2021-03-20 10:00:00,58.12,296.34857,987.7469,3.0419219,91.078766,2.6159956,0.91999996
2021-03-20 11:00:00,57.66,296.06256,988.09564,3.53614,92.09095,1.8739849,1.8999999
2021-03-20 12:00:00,56.71,295.8495,988.2791,4.1346135,92.38947,2.2594035,0.22
2021-03-20 13:00:00,55.12,295.51666,988.31464,4.723239,92.14146,1.9839406,0.13
2021-03-20 14:00:00,54.35,294.9944,988.33093,5.0693436,90.524666,0.93206763,0.19
2021-03-20 15:00:00,53.37,294.68915,988.15234,5.206257,88.45969,0.4428178,0.0
2021-03-20 16:00:00,52.13,294.34924,987.71967,5.1822085,87.373665,0.36911666,0.0
2021-03-20 17:00:00,51.4,294.02722,987.065,4.802028,87.78847,0.6663054,0.0
2021-03-20 18:00:00,49.88,293.87537,986.6758,4.148995,88.66072,0.92060864,0.0
2021-03-20 19:00:00,48.44,294.15332,987.39545,4.875932,88.20832,1.1792183,0.0
2021-03-20 20:00:00,46.57,294.11667,987.3758,4.8537865,89.130714,0.86929274,0.0
2021-03-20 21:00:00,45.25,294.0498,987.89795,4.4542108,90.12595,1.0962337,0.0
2021-03-20 22:00:00,45.03,294.1147,988.2611,4.204199,90.984764,1.3366044,0.0
2021-03-20 23:00:00,44.7,294.5512,988.44586,3.8611908,90.89722,1.2374818,0.0
2021-03-21 00:00:00,45.31,295.39648,988.9076,4.010483,89.14922,45.880768,0.0
2021-03-21 01:00:00,45.37,296.1645,989.02594,4.053922,88.85111,0.0,0.0
2021-03-21 02:00:00,46.22,297.28528,988.5653,4.116049,85.17146,0.14411193,0.29999998
2021-03-21 03:00:00,45.76,298.49768,987.9636,3.4224753,81.35346,0.20901859,0.0
2021-03-21 04:00:00,44.24,299.35757,987.13873,2.3436217,78.08476,0.41757524,0.0
2021-03-21 05:00:00,42.63,299.75415,986.3633,1.1792569,76.35431,0.21397322,0.0
2021-03-21 06:00:00,41.93,300.06052,985.9894,1.5424967,75.25227,0.03501028,0.0
2021-03-21 07:00:00,42.02,301.15866,986.1211,2.5150652,71.73717,0.009633601,0.61
2021-03-21 08:00:00,41.84,301.09592,986.45703,3.2427015,72.25162,0.039488077,0.0
2021-03-21 09:00:00,41.12,300.53204,987.19,3.8096957,75.9098,0.026613474,0.0
2021-03-21 10:00:00,40.63,299.34607,987.9778,3.9116807,81.02176,0.06607175,0.0
2021-03-21 11:00:00,40.03,298.5761,989.03705,3.7778533,83.50994,0.033646822,0.0
2021-03-21 12:00:00,39.81,297.9056,989.7961,3.99449,85.25005,0.010371208,0.0
2021-03-21 13:00:00,40.61,297.624,990.3081,4.075003,85.76257,0.0069737434,0.0
2021-03-21 14:00:00,41.3,297.2912,990.60187,3.8821158,86.51867,0.008243369,0.0
2021-03-21 15:00:00,41.79,296.92776,990.4982,3.6859357,87.25087,0.00512891,0.0
2021-03-21 16:00:00,40.92,296.69397,990.35175,3.5369701,87.32917,0.0017136335,0.0
2021-03-21 17:00:00,40.25,296.41278,990.01624,3.3493798,87.48595,0.0,0.0
2021-03-21 18:00:00,40.15,296.10834,989.7344,3.0262773,87.9164,0.0,0.0
2021-03-21 19:00:00,40.54,295.8588,989.3406,3.493412,87.70733,0.0,0.0
2021-03-21 20:00:00,40.93,295.7226,989.60297,3.1158566,87.48673,0.0,0.0
2021-03-21 21:00:00,41.76,295.45682,989.8642,2.85981,88.14752,0.0,0.0
2021-03-21 22:00:00,43.1,295.39368,990.33203,2.6867127,88.427315,0.0,0.0
2021-03-21 23:00:00,44.14,296.09253,991.0073,2.8063476,86.061676,0.0,0.0
2021-03-22 00:00:00,44.61,297.16162,991.61633,2.86817,83.21466,1.8684328,0.0
2021-03-22 01:00:00,44.74,298.7745,991.78625,2.4169245,80.01008,0.0,0.0
2021-03-22 02:00:00,44.42,300.271,991.3072,1.429436,75.478294,0.0074040145,0.0
2021-03-22 03:00:00,43.45,301.3073,990.4897,0.42411932,71.05611,0.12104772,0.0
2021-03-22 04:00:00,43.2,301.93478,989.7461,1.0838995,69.087616,0.23947656,0.0
2021-03-22 05:00:00,43.38,302.51428,989.09314,1.5767064,66.525375,0.17482415,0.0
2021-03-22 06:00:00,44.53,302.66266,988.91376,1.6324855,66.14139,0.06815791,0.0
2021-03-22 07:00:00,46.42,303.49677,988.5022,2.8169055,67.86859,0.17084926,0.0
2021-03-22 08:00:00,47.6,301.0572,988.9101,3.322267,75.21181,0.6417781,0.0
2021-03-22 09:00:00,47.26,300.71976,989.53186,1.8547798,77.23044,0.28190017,0.0
2021-03-22 10:00:00,47.09,299.8902,990.3273,0.5801156,82.34595,0.20743906,0.0
2021-03-22 11:00:00,46.62,299.25003,991.2592,1.7970237,87.454834,0.38518757,0.0
2021-03-22 12:00:00,45.91,298.73795,991.9986,2.4348528,89.506516,0.49732625,0.0
2021-03-22 13:00:00,45.09,298.12616,992.3253,2.5659997,91.39464,0.3856048,0.0
2021-03-22 14:00:00,44.94,297.77356,992.59875,2.2852323,92.44508,0.23503602,0.0
2021-03-22 15:00:00,45.05,297.57986,992.5217,1.7820123,92.92307,0.15039742,0.0
2021-03-22 16:00:00,44.42,297.5112,992.1557,1.5851027,93.31735,0.06465614,0.0
2021-03-22 17:00:00,43.54,297.26086,991.97174,1.7369244,94.36081,0.021576881,0.0
2021-03-22 18:00:00,42.6,297.13104,991.3282,1.5610102,95.005775,0.0022649765,0.0
2021-03-22 19:00:00,41.7,297.35767,990.4024,1.2952541,97.259544,0.0,0.0
2021-03-22 20:00:00,40.48,297.05182,990.5531,1.0757294,97.25572,0.0,0.0
2021-03-22 21:00:00,39.51,296.7813,991.02576,0.6777791,96.994385,0.0,0.0
2021-03-22 22:00:00,38.9,296.81204,991.3558,0.4391688,95.97945,0.0,0.0
2021-03-22 23:00:00,38.85,297.74066,991.9205,0.15695612,91.11064,0.022143126,0.0
2021-03-23 00:00:00,39.11,298.98004,992.585,0.8187137,85.948135,3.7065446,0.0
2021-03-23 01:00:00,39.39,300.2449,992.65643,1.1790308,80.43297,0.0,0.0
2021-03-23 02:00:00,39.67,301.22662,992.0661,0.87800765,76.75801,0.0128261745,0.0
2021-03-23 03:00:00,40.61,302.17535,991.3886,1.0391123,73.4798,0.00902079,0.0
2021-03-23 04:00:00,40.93,302.76257,990.48,1.3347758,71.80425,0.0545606,0.0
2021-03-23 05:00:00,40.5,303.38092,989.817,1.2440162,70.60606,0.019613653,0.0
2021-03-23 06:00:00,39.66,303.6211,989.1454,0.6089131,68.91818,0.021114945,0.0
2021-03-23 07:00:00,39.41,304.57315,988.6838,0.76135635,65.66216,0.08439645,0.0
2021-03-23 08:00:00,39.18,304.13116,988.4425,1.0385879,65.80172,0.044107437,0.0
2021-03-23 09:00:00,40.15,302.98334,988.65485,1.6919621,69.754875,0.3476292,0.0
2021-03-23 10:00:00,41.67,302.2287,989.27576,1.7001876,75.5621,0.008523464,0.0
2021-03-23 11:00:00,41.83,301.26053,990.02936,0.7780866,83.61299,0.024318695,0.0
2021-03-23 12:00:00,41.75,300.4693,990.9939,2.6966624,84.356514,0.020104636,0.0
2021-03-23 13:00:00,41.79,299.6076,991.6295,3.2590842,87.5623,0.043466687,0.0
2021-03-23 14:00:00,42.87,298.81226,991.8892,3.4963934,90.80543,0.0040605664,0.0
2021-03-23 15:00:00,44.28,298.28894,991.7416,3.7478297,92.472145,0.005722046,0.0
2021-03-23 16:00:00,45.86,298.03693,991.6806,3.1950152,92.740425,0.0,0.0
2021-03-23 17:00:00,46.81,297.81757,991.3477,2.4708784,93.15469,0.0,0.0
2021-03-23 18:00:00,47.45,297.61398,990.7921,2.0373611,93.783424,0.0,0.0
2021-03-23 19:00:00,47.58,298.0536,990.3212,2.3963668,93.94688,0.0,0.0
2021-03-23 20:00:00,47.34,297.72955,990.39185,2.199596,94.908104,0.0,0.0
2021-03-23 21:00:00,47.63,297.54233,990.91406,1.9521955,95.55017,0.0,0.0
2021-03-23 22:00:00,47.61,297.3039,991.4922,1.9093646,96.290054,0.0,0.0
2021-03-23 23:00:00,47.88,298.43466,992.3214,2.5481763,92.337456,0.0,0.0
2021-03-24 00:00:00,48.15,299.89496,992.9478,2.6096778,86.28631,0.72591305,0.0
2021-03-24 01:00:00,48.53,301.31635,993.0965,2.2107008,78.78131,0.0,0.0
2021-03-24 02:00:00,48.47,302.3949,992.4564,1.5269794,71.83139,0.082047656,0.0
2021-03-24 03:00:00,48.08,303.2509,991.7457,0.93834186,67.62019,0.016190112,0.0
2021-03-24 04:00:00,48.42,303.7182,990.77826,0.6752076,63.993603,0.070307404,0.0
2021-03-24 05:00:00,48.14,304.06244,989.9347,0.7846708,61.432884,0.033028424,0.0
2021-03-24 06:00:00,48.05,304.3448,989.2427,1.2676322,60.09601,0.037498772,0.0
2021-03-24 07:00:00,47.76,305.4702,988.8437,1.1218251,51.81039,0.0,0.0
2021-03-24 08:00:00,46.34,305.45804,988.858,1.5155696,51.153217,0.0,0.0
2021-03-24 09:00:00,45.43,304.84344,988.63916,1.9273024,54.942448,0.0,0.0
2021-03-24 10:00:00,44.91,303.57245,989.18616,1.493912,64.05122,0.0,0.0
2021-03-24 11:00:00,44.07,302.85422,989.9941,0.69520354,65.785385,0.0,0.0
2021-03-24 12:00:00,43.27,302.68988,990.8014,0.6107222,64.38287,0.0,0.0
2021-03-24 13:00:00,43.12,302.01978,991.0025,0.7015163,67.09559,0.0,0.0
2021-03-24 14:00:00,42.47,301.35788,991.27576,0.6953942,69.84306,0.0,0.0
2021-03-24 15:00:00,41.73,299.48346,990.9065,1.199584,82.51682,0.0,0.0
2021-03-24 16:00:00,41.16,298.59933,990.87494,1.5164037,86.53495,0.0,0.0
2021-03-24 17:00:00,40.37,298.05862,990.7136,1.51668,87.794785,0.0,0.0
2021-03-24 18:00:00,39.9,297.56882,990.28925,1.472905,88.7231,0.0,0.0
2021-03-24 19:00:00,39.38,297.633,989.58734,1.7508682,89.54257,0.0,0.0
2021-03-24 20:00:00,38.77,297.38568,989.8025,1.8650885,90.748825,0.0,0.0
2021-03-24 21:00:00,38.99,297.14215,990.2885,2.0189173,91.9472,0.0,0.0
2021-03-24 22:00:00,39.37,297.02362,991.014,2.1344435,93.19195,0.0,0.0
2021-03-24 23:00:00,39.38,298.76022,991.9208,2.1132526,89.92462,0.0,0.0
2021-03-25 00:00:00,39.26,300.80408,992.4783,2.3823884,82.94023,0.26010275,0.0
2021-03-25 01:00:00,39.75,302.58514,992.6945,2.4851468,72.6018,0.0,0.0
2021-03-25 02:00:00,40.85,303.84625,992.0667,2.122655,64.954414,0.0,0.0
2021-03-25 03:00:00,41.33,304.68652,991.4992,1.8090885,59.674843,0.0025853515,0.0
2021-03-25 04:00:00,41.54,305.3863,990.5591,1.5144968,55.306065,0.0025629997,0.0
2021-03-25 05:00:00,41.39,305.80664,989.91125,1.342044,52.8358,0.007376075,0.0
2021-03-25 06:00:00,41.41,305.89713,989.21173,1.4189782,52.236103,0.011883676,0.0
2021-03-25 07:00:00,41.19,306.34784,988.90674,2.1166627,48.51887,0.0,0.0
2021-03-25 08:00:00,41.25,306.03125,989.07794,1.7342726,48.439625,0.0110059995,0.0
2021-03-25 09:00:00,41.85,305.32324,989.65576,1.19981,53.66854,0.0,0.0
2021-03-25 10:00:00,42.73,303.69095,990.40643,1.496423,66.54026,0.0,0.0
2021-03-25 11:00:00,43.19,302.1162,991.3335,3.5612392,73.86443,0.0,0.0
2021-03-25 12:00:00,44.17,300.4944,991.9291,3.975551,81.23099,0.0,0.0
2021-03-25 13:00:00,45.48,299.70392,992.15216,2.8377619,85.13676,0.0,0.0
2021-03-25 14:00:00,45.8,299.19684,992.20483,2.335445,88.23972,0.0,0.0
2021-03-25 15:00:00,45.29,298.82214,991.87036,1.8262773,90.62883,0.0,0.0
2021-03-25 16:00:00,44.83,298.4279,991.27716,1.3692383,93.0506,0.0,0.0
2021-03-25 17:00:00,44.86,298.11487,990.8798,1.2538621,94.65566,0.0,0.0
2021-03-25 18:00:00,44.77,297.84415,990.83203,1.2477459,95.71387,0.0,0.0
2021-03-25 19:00:00,45.57,297.96246,991.0396,0.71855783,93.90418,0.0026576964,0.0
2021-03-25 20:00:00,46.34,297.97,991.5128,0.62939095,94.25347,0.0,0.0
2021-03-25 21:00:00,46.37,298.20563,991.784,0.29821947,92.11027,0.0,0.0
2021-03-25 22:00:00,46.83,297.77057,992.51935,0.91571724,96.05791,0.0,0.0
2021-03-25 23:00:00,47.45,298.78687,993.0092,0.98003924,90.15093,0.0,0.0
2021-03-26 00:00:00,46.24,299.96115,993.54663,0.83476055,85.51752,0.0402838,0.0
2021-03-26 01:00:00,46.46,301.09387,993.52234,0.7289414,80.53179,0.0,0.0
2021-03-26 02:00:00,47.14,302.51843,992.97284,0.69919336,73.835976,0.0,0.0
2021-03-26 03:00:00,48.01,303.69946,992.19305,0.69049907,67.8798,0.0,0.0
2021-03-26 04:00:00,48.28,304.52643,991.16565,0.6083059,63.121094,0.009842217,0.0
2021-03-26 05:00:00,48.42,305.16788,990.4846,0.63105476,60.052288,0.012397766,0.0
2021-03-26 06:00:00,48.89,305.41553,989.98883,0.8427841,59.206795,0.0073239207,0.0
2021-03-26 07:00:00,49.2,306.41168,989.95795,1.4471316,54.74561,0.020155312,0.0
2021-03-26 08:00:00,49.68,305.92236,989.64905,2.1367834,56.374603,0.13895333,0.0
2021-03-26 09:00:00,50.14,304.815,990.4775,0.87953013,61.10595,0.17483532,0.0
2021-03-26 10:00:00,51.02,303.84814,991.4252,1.5132774,69.29219,0.026151538,0.0
2021-03-26 11:00:00,51.32,302.43738,992.2367,1.3997566,77.37071,0.18128756,0.0
2021-03-26 12:00:00,50.95,301.63354,992.8844,1.3014965,81.55837,0.12254715,0.0
2021-03-26 13:00:00,50.03,301.10645,993.10425,3.05873,80.12609,0.025957823,0.0
2021-03-26 14:00:00,49.14,300.32394,993.09656,3.1471117,82.8383,0.0,0.0
2021-03-26 15:00:00,48.37,299.87466,992.6789,2.7694354,84.50546,0.0,0.0
2021-03-26 16:00:00,47.78,299.437,992.34625,2.2445867,86.29119,0.0,0.0
2021-03-26 17:00:00,47.5,299.1455,992.03107,1.9962581,87.714005,0.0,0.0
2021-03-26 18:00:00,47.66,298.90436,991.79266,1.762287,89.10449,0.0,0.0
2021-03-26 19:00:00,46.82,299.29782,991.57446,1.9692644,89.24436,0.0,0.0
2021-03-26 20:00:00,45.78,299.02213,991.66705,2.0398362,89.23151,0.0,0.0
2021-03-26 21:00:00,44.38,298.78574,992.0767,1.8190322,89.80619,0.0,0.0
2021-03-26 22:00:00,43.71,298.67383,992.44,1.8596354,89.7622,0.0,0.0
2021-03-26 23:00:00,42.69,300.00604,993.3197,1.6084704,84.136765,0.0,0.0
2021-03-27 00:00:00,40.99,301.93707,993.8119,1.5789509,73.23986,0.7194519,0.0
2021-03-27 01:00:00,41.65,303.60455,994.0078,1.5022805,63.175045,0.0,0.0
2021-03-27 02:00:00,41.44,305.03027,993.652,1.8126156,54.154415,0.0,0.0
2021-03-27 03:00:00,39.96,306.16943,993.09985,2.3370206,46.64127,0.0,0.0
2021-03-27 04:00:00,38.27,306.95312,992.1909,2.6947477,41.547268,0.0,0.0
2021-03-27 05:00:00,37.41,307.54044,991.2706,3.2165082,37.481133,0.0,0.0
2021-03-27 06:00:00,37.06,307.6886,990.60077,3.4366076,35.890976,0.0,0.0
2021-03-27 07:00:00,33.98,308.15146,989.91296,3.9475045,33.411976,0.0,0.0
2021-03-27 08:00:00,31.68,307.5562,989.9045,3.4808383,36.467243,0.0,0.0
2021-03-27 09:00:00,30.52,305.9599,990.303,2.9748423,47.210564,0.0,0.0
2021-03-27 10:00:00,29.98,303.49677,991.08295,3.2589772,56.37369,0.0,0.0
2021-03-27 11:00:00,29.55,301.45227,992.0564,3.4467134,62.614674,0.0,0.0
2021-03-27 12:00:00,29.84,300.09827,993.0489,3.5462446,66.02662,0.0,0.0
2021-03-27 13:00:00,30.57,299.0734,993.53436,3.5623906,68.726036,0.0,0.0
2021-03-27 14:00:00,30.21,298.2966,993.6795,3.6080902,70.96421,0.0,0.0
2021-03-27 15:00:00,29.03,297.71323,993.50745,3.5357594,72.78751,0.0,0.0
2021-03-27 16:00:00,27.85,297.1169,992.9395,3.0386782,75.738716,0.0,0.0
2021-03-27 17:00:00,27.01,296.49463,992.51544,2.5753098,79.51257,0.0,0.0
2021-03-27 18:00:00,26.66,296.02365,992.1297,2.4378994,82.04123,0.0,0.0
2021-03-27 19:00:00,25.86,295.8847,992.28064,2.1476524,83.6431,0.0,0.0
2021-03-27 20:00:00,24.46,295.5263,992.5959,2.3850615,84.67984,0.0,0.0
2021-03-27 21:00:00,22.85,295.07147,992.9345,2.555309,86.10106,0.0,0.0
2021-03-27 22:00:00,21.96,294.70386,993.9458,2.6543524,86.872444,0.0,0.0
2021-03-27 23:00:00,21.74,296.3719,994.39966,2.8515196,81.5331,0.0,0.0
2021-03-28 00:00:00,20.3,299.3604,995.01447,3.7052557,69.48189,0.0025752862,0.0
2021-03-28 01:00:00,20.79,302.2173,994.83673,4.319083,55.11689,0.0,0.0
2021-03-28 02:00:00,21.39,304.62708,994.489,4.8237586,42.492943,0.0,0.0
2021-03-28 03:00:00,21.38,306.3687,993.96936,5.577404,34.121075,0.0,0.0
2021-03-28 04:00:00,22.2,307.35974,993.12805,5.966409,30.311007,0.0,0.0
2021-03-28 05:00:00,21.92,307.84192,992.0561,5.9906244,28.886255,0.0,0.0
2021-03-28 06:00:00,22.84,308.0522,991.2553,5.9349303,28.036127,0.0,0.0
2021-03-28 07:00:00,23.37,308.30222,990.74854,6.2333035,27.82249,0.0,0.0
2021-03-28 08:00:00,24.19,307.4385,990.8738,4.519412,34.67573,0.0,0.0
2021-03-28 09:00:00,24.86,305.6271,991.11646,3.5371964,43.880733,0.0,0.0
2021-03-28 10:00:00,25.62,303.08484,992.0544,3.6093147,52.140266,0.0,0.0
2021-03-28 11:00:00,26.09,301.13965,993.06464,3.9060771,57.673218,0.0,0.0
2021-03-28 12:00:00,26.58,299.91556,993.88916,4.0683403,60.447727,0.0,0.0
2021-03-28 13:00:00,26.34,298.92432,994.2128,3.7005515,63.49515,0.0,0.0
2021-03-28 14:00:00,26.78,297.9869,994.1978,3.1329272,67.585915,0.0,0.0
2021-03-28 15:00:00,26.6,297.1735,993.65204,2.785687,71.16016,0.0,0.0
2021-03-28 16:00:00,26.23,296.4773,993.1253,2.5405374,74.05408,0.0,0.0
2021-03-28 17:00:00,25.87,296.00916,992.6937,2.6335344,74.86748,0.0,0.0
2021-03-28 18:00:00,25.21,295.6877,992.4942,2.9660363,74.07623,0.0,0.0
2021-03-28 19:00:00,24.82,294.99188,992.9741,2.6034322,78.06095,0.0,0.0
2021-03-28 20:00:00,24.41,294.55927,993.3931,2.5620828,78.90862,0.0,0.0
2021-03-28 21:00:00,24.23,294.1643,993.66455,2.6764393,78.90797,0.0,0.0
2021-03-28 22:00:00,24.2,293.9246,994.4503,2.8897913,77.84046,0.0,0.0
2021-03-28 23:00:00,24.2,295.83948,995.10547,2.7854002,71.09859,0.0,0.0
2021-03-29 00:00:00,23.29,299.24063,995.4984,3.4236782,55.899555,0.001280622,0.0
2021-03-29 01:00:00,24.27,302.05652,995.5578,3.8864887,46.76409,0.0,0.0
2021-03-29 02:00:00,25.0,304.3778,995.1269,3.969218,41.91686,0.0,0.0
2021-03-29 03:00:00,26.01,306.17746,994.34033,3.9437807,39.22343,0.0,0.0
2021-03-29 04:00:00,27.32,307.55865,993.13477,4.573839,35.080303,0.0,0.0
2021-03-29 05:00:00,28.24,308.37155,992.1181,5.515741,31.237549,0.0,0.0
2021-03-29 06:00:00,28.42,308.635,991.19025,5.96352,29.233492,0.0,0.0
2021-03-29 07:00:00,28.39,308.8758,991.4186,6.0850534,27.731693,0.0,0.0
2021-03-29 08:00:00,28.86,308.03607,991.3275,4.8436337,33.336693,0.0,0.0
2021-03-29 09:00:00,29.49,306.15463,991.7484,4.1324587,41.262367,0.0,0.0
2021-03-29 10:00:00,31.02,303.48245,992.5414,4.3347316,48.42817,0.0,0.0
2021-03-29 11:00:00,31.37,301.8106,993.3283,4.6109557,51.67801,0.0,0.0
2021-03-29 12:00:00,31.1,300.79538,993.9855,4.5010605,53.270107,0.0,0.0
2021-03-29 13:00:00,31.21,299.6607,994.0758,3.7300174,57.705616,0.0,0.0
2021-03-29 14:00:00,31.25,298.41016,993.84796,2.9063845,65.27315,0.0,0.0
2021-03-29 15:00:00,31.34,297.3145,993.43524,2.5033145,71.15952,0.0,0.0
2021-03-29 16:00:00,31.08,296.81195,993.13947,2.7986195,71.72347,0.0,0.0
2021-03-29 17:00:00,31.1,296.62292,992.8686,3.7319283,69.36092,0.0,0.0
2021-03-29 18:00:00,30.92,296.4897,992.56036,4.2123327,66.72476,0.0,0.0
2021-03-29 19:00:00,30.78,295.42487,992.9553,3.2327976,71.8303,0.0,0.0
2021-03-29 20:00:00,30.43,295.03638,993.4916,3.703055,71.540665,0.0,0.0
2021-03-29 21:00:00,29.73,294.78018,993.96844,4.0648847,70.02472,0.0,0.0
2021-03-29 22:00:00,28.51,294.62622,994.3784,3.976762,68.198044,0.0,0.0
2021-03-29 23:00:00,26.68,296.24377,994.8625,3.8558364,62.95164,0.0,0.0
2021-03-30 00:00:00,25.21,299.171,995.36597,5.0289373,49.967796,0.0017092575,0.0
2021-03-30 01:00:00,24.69,301.5624,995.51624,6.2558603,40.025993,0.0,0.0
2021-03-30 02:00:00,24.01,303.55194,994.6972,6.722261,33.973785,0.0,0.0
2021-03-30 03:00:00,22.96,305.10666,994.0143,6.808252,30.385458,0.0,0.0
2021-03-30 04:00:00,22.04,306.17416,993.02936,6.5952206,28.361189,0.0,0.0
2021-03-30 05:00:00,21.51,306.84894,991.96,6.479437,26.030054,0.0,0.0
2021-03-30 06:00:00,21.32,307.11014,991.23096,6.5366526,23.950493,0.0,0.0
2021-03-30 07:00:00,20.19,307.2418,990.77905,6.6729045,22.39396,0.0,0.0
2021-03-30 08:00:00,18.84,306.53668,990.89453,5.581049,25.914202,0.0,0.0
2021-03-30 09:00:00,18.42,304.5805,991.0591,4.7037554,32.933575,0.0,0.0
2021-03-30 10:00:00,18.96,301.81757,991.63354,4.733389,39.584602,0.0,0.0
2021-03-30 11:00:00,18.55,300.17926,992.58685,4.8369765,42.613625,0.0,0.0
2021-03-30 12:00:00,17.52,299.09653,993.0784,4.662335,44.78292,0.0,0.0
2021-03-30 13:00:00,17.5,298.101,993.7017,4.2025223,48.212807,0.0,0.0
2021-03-30 14:00:00,17.65,296.83856,993.4186,3.604982,54.086964,0.0,0.0
2021-03-30 15:00:00,17.83,295.69818,993.2614,3.408323,59.006744,0.0,0.0
2021-03-30 16:00:00,17.83,294.86804,993.0321,3.4695706,61.488922,0.0,0.0
2021-03-30 17:00:00,17.79,294.33246,992.4866,3.6180995,61.357235,0.0,0.0
2021-03-30 18:00:00,18.07,293.95898,992.09064,3.644383,59.9237,0.0,0.0
2021-03-30 19:00:00,18.84,293.01544,991.9333,3.518081,63.04544,0.0,0.0
2021-03-30 20:00:00,19.33,292.67432,992.2825,3.6454892,62.795353,0.0,0.0
2021-03-30 21:00:00,19.59,292.49347,992.40326,3.7868752,61.82199,0.0,0.0
2021-03-30 22:00:00,19.88,292.50507,993.09296,3.9752626,60.19801,0.0,0.0
2021-03-30 23:00:00,20.28,294.47217,993.4662,3.991951,55.582832,0.0,0.0
2021-03-31 00:00:00,21.53,298.02557,994.06635,5.121454,44.633144,0.0,0.0
2021-03-31 01:00:00,22.44,301.00858,993.8823,6.571279,37.529755,0.0,0.0
2021-03-31 02:00:00,23.02,303.55377,993.2009,7.428115,33.348892,0.0,0.0
2021-03-31 03:00:00,23.41,305.53027,992.3522,7.7307987,30.62548,0.0,0.0
2021-03-31 04:00:00,23.79,306.91513,991.27893,7.57546,28.219196,0.0,0.0
2021-03-31 05:00:00,24.46,307.78354,990.3703,7.1296525,26.397102,0.0,0.0
2021-03-31 06:00:00,25.27,308.27063,989.66656,6.7633452,25.425316,0.0,0.0
2021-03-31 07:00:00,25.8,308.61505,989.2025,6.0042953,25.653702,0.0,0.0
2021-03-31 08:00:00,26.48,308.19843,989.2336,5.5959196,27.34821,0.0,0.0
2021-03-31 09:00:00,27.22,306.45587,989.785,4.7760506,34.29679,0.0,0.0
2021-03-31 10:00:00,28.53,303.88007,990.6975,5.081375,40.6888,0.0,0.0
2021-03-31 11:00:00,29.46,302.47217,991.1889,5.5531716,43.35475,0.0,0.78
2021-03-31 12:00:00,31.05,301.62082,992.0225,5.727839,45.054157,0.0,0.0
2021-03-31 13:00:00,31.12,300.82684,992.5748,5.222565,47.569984,0.0,0.0
2021-03-31 14:00:00,29.55,299.95062,992.27374,4.3700867,51.282154,0.0,0.0
2021-03-31 15:00:00,28.04,298.95325,992.19604,3.6774144,56.28923,0.0,0.31
2021-03-31 16:00:00,27.79,297.9786,991.9977,3.8125436,60.18194,0.0,0.0
2021-03-31 17:00:00,27.85,297.55127,991.86865,4.8656945,60.801376,0.0,0.0
2021-03-31 18:00:00,27.67,297.42987,991.76404,5.2067924,58.437294,0.0,0.0
2021-03-31 19:00:00,25.39,297.14584,991.64185,4.3661633,55.415123,0.0,0.0
2021-03-31 20:00:00,23.32,296.89447,991.66736,4.8346257,52.03707,0.0,0.0
2021-03-31 21:00:00,21.6,296.65796,991.9208,5.1878953,48.432045,0.0,0.0
2021-03-31 22:00:00,20.03,296.42792,992.5881,5.2627616,45.621376,0.0,0.0
2021-03-31 23:00:00,17.85,297.42313,993.2947,5.443207,41.514217,0.0,0.0
2021-04-01 00:00:00,17.36,299.90167,993.9305,6.046687,33.821434,0.0017077278,0.0
2021-04-01 01:00:00,16.56,302.38116,994.1344,8.044145,25.701365,0.0,0.0
2021-04-01 02:00:00,16.16,304.45267,993.4567,8.998118,21.256886,0.0,0.0
2021-04-01 03:00:00,15.98,306.0884,992.62024,9.167345,19.093912,0.0,0.0
2021-04-01 04:00:00,15.65,307.21216,991.60376,8.83631,18.086178,0.0,0.0
2021-04-01 05:00:00,15.7,307.82202,990.81805,8.141953,17.466175,0.0,0.0
2021-04-01 06:00:00,15.68,308.10614,990.3681,7.352344,17.1205,0.0,0.0
2021-04-01 07:00:00,15.7,307.98676,990.2422,6.968609,17.432222,0.0,0.0
2021-04-01 08:00:00,15.45,307.45593,990.0023,6.330264,17.91666,0.0,0.0
2021-04-01 09:00:00,15.08,305.83746,990.4882,4.8526673,22.688791,0.0,0.0
2021-04-01 10:00:00,15.14,303.22778,991.13257,4.6410403,28.418604,0.0,0.0
2021-04-01 11:00:00,14.87,301.5452,991.83093,4.9673767,31.365227,0.0,0.0
2021-04-01 12:00:00,15.15,300.2654,992.36127,5.0485806,33.56854,0.0,0.0
2021-04-01 13:00:00,16.06,299.21558,992.7097,4.6911273,36.418095,0.0,0.0
2021-04-01 14:00:00,16.49,298.09222,992.8088,3.9015267,40.883385,0.0,0.0
2021-04-01 15:00:00,16.94,296.71368,992.47766,3.0641913,48.706413,0.0,0.0
2021-04-01 16:00:00,17.46,295.42346,992.2177,3.0079818,53.857815,0.0,0.0
2021-04-01 17:00:00,17.95,294.53186,992.10657,3.4578137,55.372505,0.0,0.0
2021-04-01 18:00:00,18.41,293.7657,992.0737,3.4456377,57.692432,0.0,0.0
2021-04-01 19:00:00,19.14,293.21494,992.4524,3.2114348,53.417908,0.0,0.0
2021-04-01 20:00:00,20.0,292.95724,992.79663,3.0777779,54.918884,0.0,0.0
2021-04-01 21:00:00,20.6,292.62628,992.9119,3.3352773,54.82216,0.0,0.0
2021-04-01 22:00:00,21.42,292.6245,993.3942,3.693993,53.638763,0.0,0.0
2021-04-01 23:00:00,22.45,294.50226,993.9178,3.7696722,48.883553,0.0,0.0
2021-04-02 00:00:00,22.42,298.2824,994.2697,4.8097177,37.975662,0.0017239976,0.0
2021-04-02 01:00:00,22.61,301.51614,994.3722,5.9056883,32.416924,0.0,0.0
2021-04-02 02:00:00,22.52,304.1289,993.78827,6.364705,30.03095,0.0,0.0
2021-04-02 03:00:00,23.14,306.05994,992.85345,6.274611,28.605255,0.0,0.0
2021-04-02 04:00:00,23.21,307.40598,991.54407,6.9036345,26.391394,0.0,0.0
2021-04-02 05:00:00,23.12,308.2497,990.5143,7.2661023,23.973452,0.0,0.0
2021-04-02 06:00:00,23.3,308.62784,989.7042,7.049224,23.095457,0.0,0.0
2021-04-02 07:00:00,23.54,308.8988,989.57,6.6744313,22.858856,0.0,0.0
2021-04-02 08:00:00,24.08,308.43018,989.5747,6.129659,23.455013,0.0,0.0
2021-04-02 09:00:00,24.8,307.07617,990.2056,5.2928205,27.374474,0.0,0.0
2021-04-02 10:00:00,25.37,304.76758,990.7942,5.318073,32.263306,0.0,0.0
2021-04-02 11:00:00,25.92,303.2931,991.54865,5.4504232,34.972145,0.0,0.0
2021-04-02 12:00:00,26.59,302.1961,991.8925,5.321309,36.983875,0.0,0.0
2021-04-02 13:00:00,26.5,301.2281,992.1594,4.956065,39.12464,0.0,0.0
2021-04-02 14:00:00,26.04,300.27783,991.96936,4.5334153,41.508102,0.0,0.0
2021-04-02 15:00:00,25.08,299.30133,991.5593,4.0599284,44.406723,0.0,0.0
2021-04-02 16:00:00,24.03,298.2247,991.2427,3.6877446,48.067562,0.0,0.0
2021-04-02 17:00:00,23.49,297.22284,990.7188,3.5680275,51.645805,0.0,0.0
2021-04-02 18:00:00,23.65,296.27014,990.6839,3.6224246,54.7388,0.0,0.0
2021-04-02 19:00:00,22.15,296.00146,990.9417,4.2350645,48.54166,0.0,0.0
2021-04-02 20:00:00,20.41,295.2456,991.14435,4.082066,50.86062,0.0,0.0
2021-04-02 21:00:00,18.95,294.59863,991.1908,3.9910064,52.8448,0.0,0.0
2021-04-02 22:00:00,18.38,294.1504,991.9161,4.018479,54.066605,0.0,0.0
2021-04-02 23:00:00,18.19,295.92383,992.53845,3.857002,49.809017,0.0,0.0
2021-04-03 00:00:00,18.3,299.42163,992.89874,4.757961,39.218693,0.0017184347,0.0
2021-04-03 01:00:00,18.1,302.51,993.0706,5.4680057,32.057095,0.0,0.0
2021-04-03 02:00:00,17.86,304.91437,992.4366,5.72878,27.77729,0.0,0.0
2021-04-03 03:00:00,18.08,306.71283,991.7763,5.6990976,25.3321,0.0,0.0
2021-04-03 04:00:00,18.01,307.89966,990.6897,6.102271,23.334707,0.0,0.0
2021-04-03 05:00:00,18.44,308.647,989.6708,6.120888,22.195381,0.0,0.0
2021-04-03 06:00:00,19.34,309.03766,989.02673,5.934511,21.579609,0.0,0.0
2021-04-03 07:00:00,20.01,309.4278,988.1094,6.0818377,20.966446,0.0,0.0
2021-04-03 08:00:00,20.77,309.05096,988.29724,6.1976647,21.735039,0.0,0.0
2021-04-03 09:00:00,21.68,307.83997,988.62213,5.4706416,24.696018,0.0,0.17999999
2021-04-03 10:00:00,22.46,305.63788,989.66034,5.0670757,29.60926,0.0,0.0
2021-04-03 11:00:00,23.03,304.19537,990.3747,5.1968784,32.621895,0.0,0.0
2021-04-03 12:00:00,23.21,303.16534,991.09784,4.96198,34.696247,0.0,0.0
2021-04-03 13:00:00,22.37,301.9634,991.32886,4.3987794,37.515972,0.0,0.0
2021-04-03 14:00:00,20.56,300.78735,991.3206,3.652891,41.19364,0.0,0.0
2021-04-03 15:00:00,18.97,299.60742,990.9469,3.1053715,45.995476,0.0,0.0
2021-04-03 16:00:00,18.66,298.43555,990.78674,2.9129493,50.839226,0.0,0.0
2021-04-03 17:00:00,18.24,297.37067,990.52734,3.3788683,53.403248,0.0,0.0
2021-04-03 18:00:00,17.6,296.5192,990.65234,3.748532,55.066933,0.0,0.0
2021-04-03 19:00:00,17.49,295.2833,990.66315,3.1754181,57.360523,0.0,0.0
2021-04-03 20:00:00,18.06,294.5818,990.8561,3.2375731,58.793682,0.0,0.0
2021-04-03 21:00:00,18.97,294.0881,991.29736,3.4669545,58.378475,0.0,0.0
2021-04-03 22:00:00,19.16,293.83844,991.8164,3.789068,56.165863,0.0,0.0
2021-04-03 23:00:00,17.99,295.9067,992.57104,3.7637553,48.04567,0.0,0.0
2021-04-04 00:00:00,17.65,299.81824,993.336,4.8117313,35.422688,0.0,0.0
2021-04-04 01:00:00,17.91,303.11676,993.4361,5.94733,28.40586,0.0,0.0
2021-04-04 02:00:00,17.55,305.59772,993.11304,6.904317,24.183302,0.0,0.0
2021-04-04 03:00:00,17.41,307.26294,992.27057,7.389742,21.344345,0.0,0.0
2021-04-04 04:00:00,16.33,308.1989,991.2165,7.4247856,18.913824,0.0,0.0
2021-04-04 05:00:00,15.94,308.7539,990.1761,7.08118,18.037945,0.0,0.0
2021-04-04 06:00:00,16.31,309.0417,989.4125,6.6756644,17.517576,0.0,0.0
2021-04-04 07:00:00,16.69,309.10352,989.3906,6.444445,17.559456,0.0,0.0
2021-04-04 08:00:00,17.12,308.7166,989.48236,6.3994946,18.033604,0.0,0.0
2021-04-04 09:00:00,18.11,307.5279,989.9127,5.369212,20.669838,0.0,0.0
2021-04-04 10:00:00,19.19,305.23785,990.71344,4.874793,25.256998,0.0,0.0
2021-04-04 11:00:00,18.16,303.70764,991.61017,5.1245537,28.180403,0.0,0.0
2021-04-04 12:00:00,17.68,302.60974,992.21014,5.2112284,30.131847,0.0,0.0
2021-04-04 13:00:00,17.74,301.6499,992.5567,4.9311676,32.175854,0.0,0.0
2021-04-04 14:00:00,17.57,300.63425,992.5577,4.4537597,34.798195,0.0,0.0
2021-04-04 15:00:00,16.74,299.6137,992.2473,4.0093575,37.788467,0.0,0.0
2021-04-04 16:00:00,15.51,298.61438,991.93866,3.5970778,41.150494,0.0,0.0
2021-04-04 17:00:00,14.74,297.4373,991.64575,3.1046581,46.09016,0.0,0.0
2021-04-04 18:00:00,14.44,296.3045,991.7688,3.118558,50.46652,0.0,0.0
2021-04-04 19:00:00,14.15,295.12277,991.886,4.14908,47.25465,0.0,0.0
2021-04-04 20:00:00,13.68,294.53937,992.15515,4.0202427,48.007057,0.0,0.0
2021-04-04 21:00:00,13.62,293.99606,992.4639,3.8718774,48.51699,0.0,0.0
2021-04-04 22:00:00,13.65,293.58655,992.9916,3.9194617,48.382862,0.0,0.0
2021-04-04 23:00:00,13.4,295.53647,993.4369,3.8176374,42.71046,0.0,0.0
2021-04-05 00:00:00,13.24,299.6256,993.8053,4.7351108,31.368101,0.0012948473,0.0
2021-04-05 01:00:00,13.18,303.2327,994.0051,5.6111097,24.367458,0.0,0.0
2021-04-05 02:00:00,13.76,305.96576,993.5084,6.685326,19.874054,0.0,0.0
2021-04-05 03:00:00,14.79,307.81232,992.5044,8.228154,16.16422,0.0,0.0
2021-04-05 04:00:00,15.23,308.83838,991.33295,8.347828,14.778739,0.0,0.0
2021-04-05 05:00:00,15.89,309.5249,990.32404,7.92405,14.13509,0.0,0.0
2021-04-05 06:00:00,16.05,309.92856,989.7527,7.34279,13.847571,0.0,0.0
2021-04-05 07:00:00,16.09,310.1445,989.58795,6.570357,14.80115,0.0,0.0
2021-04-05 08:00:00,16.24,309.81195,989.6916,6.0783553,15.127049,0.0,0.0
2021-04-05 09:00:00,16.6,308.6349,989.92554,4.9640007,17.034307,0.0,0.0
2021-04-05 10:00:00,16.82,306.20337,990.97687,4.7093806,21.030748,0.0,0.0
2021-04-05 11:00:00,17.12,304.4547,991.6354,5.0118074,23.839,0.0,0.0
2021-04-05 12:00:00,17.4,303.172,992.4425,5.1684985,25.820923,0.0,0.0
2021-04-05 13:00:00,17.8,302.09546,992.8098,5.137095,27.748182,0.0,0.0
2021-04-05 14:00:00,18.33,301.12262,992.77563,4.9430027,29.670582,0.0,0.0
2021-04-05 15:00:00,18.59,300.1807,992.8002,4.6004767,31.68016,0.0,0.0
2021-04-05 16:00:00,18.58,299.19196,992.63556,4.1459823,34.167778,0.0,0.0
2021-04-05 17:00:00,18.49,298.12024,992.5703,3.6643395,37.548428,0.0,0.0
2021-04-05 18:00:00,18.65,296.9489,992.3031,3.2607296,41.855667,0.0,0.0
2021-04-05 19:00:00,18.13,296.5127,992.71594,4.1892843,36.96588,0.0,0.0
2021-04-05 20:00:00,17.61,295.72534,993.01,3.8688774,39.092056,0.0,0.0
2021-04-05 21:00:00,17.37,294.999,993.5017,3.7194796,41.10162,0.0,0.0
2021-04-05 22:00:00,16.47,294.36563,993.97015,3.5833492,42.947803,0.0,0.0
2021-04-05 23:00:00,15.54,296.08673,994.65076,3.2815619,39.67991,0.0,0.0
2021-04-06 00:00:00,15.25,300.16516,995.1417,3.9023972,29.450712,0.0,0.0
2021-04-06 01:00:00,15.97,303.8745,995.1061,4.507971,23.253052,0.0,0.0
2021-04-06 02:00:00,15.9,306.84027,994.6355,5.468161,19.351465,0.0,0.0
2021-04-06 03:00:00,15.96,308.53955,993.6097,6.5793486,16.160713,0.0,0.0
2021-04-06 04:00:00,15.97,309.37408,992.56805,6.2197337,15.503208,0.0,0.0
2021-04-06 05:00:00,16.27,309.95502,991.6975,5.821848,15.175237,0.0,0.0
2021-04-06 06:00:00,16.78,310.29782,991.07886,5.45165,14.832659,0.0,0.0
2021-04-06 07:00:00,17.42,310.4123,990.39276,5.537587,16.533249,0.0,0.0
2021-04-06 08:00:00,17.79,310.12097,990.6914,5.1212425,16.791737,0.0,0.0
2021-04-06 09:00:00,17.77,309.12823,991.0758,4.497254,18.340734,0.0,0.0
2021-04-06 10:00:00,18.53,306.8905,991.95514,4.550815,22.489353,0.0,0.0
2021-04-06 11:00:00,19.46,305.24857,992.6138,5.095249,25.76218,0.0,0.0
2021-04-06 12:00:00,20.2,304.0149,993.1797,5.2695503,28.68904,0.0,0.0
2021-04-06 13:00:00,21.52,302.9859,993.4217,4.954353,31.564404,0.0,0.0
2021-04-06 14:00:00,22.31,301.9891,993.59576,4.6212993,34.390556,0.0,0.0
2021-04-06 15:00:00,22.7,301.02402,993.48706,4.2785773,37.27085,0.0,0.0
2021-04-06 16:00:00,22.7,300.2441,993.4228,3.9701715,40.029724,0.0,0.0
2021-04-06 17:00:00,23.38,299.2945,993.27893,3.6889036,43.312668,0.0,0.0
2021-04-06 18:00:00,24.02,298.41464,993.151,3.2257931,46.934998,0.0,0.0
2021-04-06 19:00:00,23.64,297.3703,993.26935,2.8719656,49.86058,0.0,0.0
2021-04-06 20:00:00,23.51,296.39374,993.6163,2.2986894,56.145287,0.0,0.0
2021-04-06 21:00:00,23.98,295.40906,994.28,1.7055817,65.84858,0.0,0.0
2021-04-06 22:00:00,24.21,295.2533,994.60956,1.2144058,67.57002,0.0,0.0
2021-04-06 23:00:00,24.01,297.14655,995.4241,0.93902326,61.32166,0.0,0.0
2021-04-07 00:00:00,24.32,299.91333,995.7541,1.5929577,53.224106,0.0,0.0
2021-04-07 01:00:00,23.83,302.30817,995.67114,1.7157531,52.36575,0.0,0.0
2021-04-07 02:00:00,23.16,304.3817,994.80786,0.7933583,43.004368,0.0,0.0
2021-04-07 03:00:00,22.75,306.0522,993.6694,0.6698642,35.219803,0.0,0.0
2021-04-07 04:00:00,22.8,307.79462,992.3979,2.043405,27.50873,0.0,0.0
2021-04-07 05:00:00,22.8,309.0471,991.2224,2.9858334,22.934439,0.0,0.0
2021-04-07 06:00:00,22.35,309.66754,990.34644,2.959182,21.239637,0.0,0.0
2021-04-07 07:00:00,21.55,310.57474,989.3667,3.0023224,19.200167,0.0,0.0
2021-04-07 08:00:00,22.12,310.65063,989.22266,3.139331,18.401619,0.0,0.0
2021-04-07 09:00:00,22.85,310.13885,989.39844,3.2513738,18.712925,0.0,0.0
2021-04-07 10:00:00,23.22,308.43237,989.90125,3.2514663,22.229757,0.0,0.0
2021-04-07 11:00:00,23.23,307.0965,990.4836,4.1178536,24.573511,0.0,0.0
2021-04-07 12:00:00,23.91,306.0487,991.2809,4.9458995,25.84796,0.0,0.0
2021-04-07 13:00:00,24.76,304.9663,991.6156,4.800665,27.842176,0.0,0.0
2021-04-07 14:00:00,25.27,304.0128,991.4702,4.13137,29.704216,0.0,0.0
2021-04-07 15:00:00,25.5,302.97833,991.2673,3.4406903,32.263706,0.0,0.0
2021-04-07 16:00:00,25.65,301.67517,990.8869,2.7663748,36.878067,0.0,0.0
2021-04-07 17:00:00,25.76,300.36304,990.4386,2.7363732,41.330456,0.0,0.0
2021-04-07 18:00:00,26.12,299.32202,990.62286,4.433879,49.29672,0.0,0.0
2021-04-07 19:00:00,27.5,299.20798,991.5941,3.3891938,56.680634,0.0,0.0
2021-04-07 20:00:00,29.44,298.49908,991.6639,3.402025,69.94617,0.0,0.0
2021-04-07 21:00:00,31.06,298.0177,992.14044,3.1990905,80.422325,0.0,0.0
2021-04-07 22:00:00,31.97,297.5897,992.79614,2.7005413,86.7595,0.0,0.0
2021-04-07 23:00:00,32.93,298.522,993.4539,2.5977986,83.86632,0.0,0.0
2021-04-08 00:00:00,32.58,300.58307,993.454,3.2456121,73.731575,0.0,0.0
2021-04-08 01:00:00,32.83,302.68994,993.47516,3.4083226,61.25542,0.0,0.0
2021-04-08 02:00:00,32.73,304.68527,992.7361,2.9663374,50.24644,0.0,0.0
2021-04-08 03:00:00,32.32,306.20773,991.83234,1.93863,41.915405,0.0,0.0
2021-04-08 04:00:00,31.62,307.12448,990.6191,0.8204638,35.19958,0.0,0.0
2021-04-08 05:00:00,31.46,307.7829,989.72266,0.9888415,31.972391,0.0,0.0
2021-04-08 06:00:00,31.45,308.13635,989.13794,0.898564,30.2998,0.0,0.0
2021-04-08 07:00:00,30.18,308.55212,988.3482,0.45341772,29.207293,0.0,0.0
2021-04-08 08:00:00,29.54,308.5113,988.6171,0.73455673,28.695717,0.0,0.0
2021-04-08 09:00:00,29.29,308.23865,989.10126,1.7196231,29.068815,0.0,0.0
2021-04-08 10:00:00,29.58,307.66257,989.7064,2.6396453,30.906048,0.0,0.0
2021-04-08 11:00:00,29.92,306.63232,990.3883,3.2281249,34.254787,0.0,0.0
2021-04-08 12:00:00,30.23,305.5945,991.09265,3.4729152,37.35255,0.0,0.0
2021-04-08 13:00:00,31.12,304.89618,991.45276,3.3668952,39.461704,0.0,0.0
2021-04-08 14:00:00,31.6,304.2807,991.2643,3.063554,41.50683,0.0,0.0
2021-04-08 15:00:00,31.52,303.555,990.7961,2.8883727,43.998383,0.0,0.0
2021-04-08 16:00:00,31.96,302.77332,990.5689,2.8691266,46.733074,0.0,0.0
2021-04-08 17:00:00,33.41,302.06174,990.3205,2.635079,49.75464,0.0,0.0
2021-04-08 18:00:00,34.9,301.1593,990.2279,2.0533533,54.503487,0.0,0.0
2021-04-08 19:00:00,35.0,299.49646,991.965,1.4023335,61.01073,0.0,0.0
2021-04-08 20:00:00,34.77,298.7868,992.2227,2.2306461,63.692284,0.0,0.0
2021-04-08 21:00:00,34.97,298.44547,992.799,2.700897,67.69694,0.0,0.0
2021-04-08 22:00:00,34.83,297.97757,993.2634,2.7621987,73.49057,0.0,0.0
2021-04-08 23:00:00,34.17,299.27283,993.84796,2.565412,71.89613,0.0,0.0
2021-04-09 00:00:00,32.89,301.04623,994.0714,2.5902877,66.0535,0.0,0.0
2021-04-09 01:00:00,32.63,303.38467,994.28845,2.619212,56.59697,0.0,0.0
2021-04-09 02:00:00,31.8,305.5487,993.4914,2.808397,46.32682,0.0,0.0
2021-04-09 03:00:00,29.95,307.26413,992.71533,2.5332432,36.32066,0.0,0.0
2021-04-09 04:00:00,28.41,308.1903,991.2683,2.0717878,30.586285,0.0,0.0
2021-04-09 05:00:00,26.62,308.92487,990.50525,1.8896831,26.377974,0.0,0.0
2021-04-09 06:00:00,25.74,309.5003,989.9528,1.9392997,23.326214,0.0,0.0
2021-04-09 07:00:00,26.21,309.4918,990.29736,1.6557994,24.012604,0.0,0.0
2021-04-09 08:00:00,26.81,309.365,990.34265,1.830299,23.504118,0.0,0.0
2021-04-09 09:00:00,26.95,308.88165,990.8173,2.1828957,23.855236,0.0,0.0
2021-04-09 10:00:00,26.74,307.51672,991.41766,2.6612945,27.95933,0.0,0.0
2021-04-09 11:00:00,26.55,306.11816,992.14154,3.1842117,31.810463,0.0,0.0
2021-04-09 12:00:00,26.76,304.7964,992.5661,3.375047,35.0358,0.0,0.0
2021-04-09 13:00:00,26.09,303.63086,992.7455,3.200007,38.011936,0.0,0.0
2021-04-09 14:00:00,24.87,302.58032,992.61804,3.00588,41.068775,0.0,0.0
2021-04-09 15:00:00,24.66,301.69324,992.23975,2.861172,43.97694,0.0,0.0
2021-04-09 16:00:00,25.63,300.6804,992.14624,2.6221979,48.10438,0.0,0.0
2021-04-09 17:00:00,28.8,299.46576,991.8705,2.218397,54.46556,0.0,0.0
2021-04-09 18:00:00,30.75,298.4112,991.6506,2.0342417,59.185307,0.0,0.0
2021-04-09 19:00:00,31.94,297.62286,992.71765,2.7305238,60.77165,0.0,0.0
2021-04-09 20:00:00,31.47,297.0837,993.3497,2.4954033,67.0995,0.0,0.0
2021-04-09 21:00:00,30.93,296.48358,993.40466,2.0398335,74.42582,0.0,0.0
2021-04-09 22:00:00,30.96,296.05402,994.07086,1.7614866,79.8279,0.0,0.0
2021-04-09 23:00:00,30.87,298.05817,994.51263,1.2151207,73.22235,0.0,0.0
2021-04-10 00:00:00,28.05,301.04657,995.0256,1.0849546,58.006866,0.0,0.0
2021-04-10 01:00:00,27.41,303.21356,995.1394,1.9051367,49.462624,0.0,0.0
2021-04-10 02:00:00,26.64,305.78824,994.6877,2.8817368,41.66676,0.0,0.0
2021-04-10 03:00:00,25.89,308.005,993.67267,3.544999,34.06797,0.0,0.0
2021-04-10 04:00:00,25.46,309.50842,992.45404,3.3554702,26.701954,0.0,0.0
2021-04-10 05:00:00,25.61,310.37177,991.4478,2.8458958,21.29781,0.0,0.0
2021-04-10 06:00:00,26.44,310.79407,990.9564,2.6635308,18.78564,0.0,0.0
2021-04-10 07:00:00,27.98,310.6076,990.8321,2.3895094,20.082825,0.0,0.0
2021-04-10 08:00:00,28.37,310.4558,991.0047,2.1281662,19.611074,0.0,0.0
2021-04-10 09:00:00,28.21,309.9049,991.1598,1.9578058,19.915895,0.0,0.0
2021-04-10 10:00:00,26.86,308.40936,991.8936,1.9814087,25.003933,0.0,0.0
2021-04-10 11:00:00,26.21,306.78198,992.6223,2.1252823,30.105137,0.0,0.0
2021-04-10 12:00:00,26.13,305.24106,993.1064,1.8433608,36.384426,0.0,0.0
2021-04-10 13:00:00,25.59,303.55457,993.21,1.6561407,47.438164,0.0,0.0
2021-04-10 14:00:00,24.46,302.27368,992.98376,1.8456223,50.137856,0.0,0.0
2021-04-10 15:00:00,23.01,301.13257,992.919,2.1455631,51.24377,0.0,0.0
2021-04-10 16:00:00,22.46,300.05225,992.91705,2.4180603,52.329086,0.0,0.0
2021-04-10 17:00:00,22.84,299.1527,992.8162,2.6856906,52.791138,0.0,0.0
2021-04-10 18:00:00,23.96,298.5727,992.82263,3.101403,52.840954,0.0,0.0
2021-04-10 19:00:00,24.39,297.62485,993.07477,3.2768025,58.48223,0.0,0.0
2021-04-10 20:00:00,24.68,296.8628,993.47485,3.4254303,68.73304,0.0,0.0
2021-04-10 21:00:00,24.6,296.11658,993.66125,2.4636538,80.12246,0.0,0.0
2021-04-10 22:00:00,23.71,295.3708,994.0522,1.6718659,88.60583,0.0,0.0
2021-04-10 23:00:00,23.04,297.08124,994.60187,1.2657887,82.94927,0.0,0.0
2021-04-11 00:00:00,23.48,299.6834,995.1663,1.6571712,71.39992,0.0,0.0
2021-04-11 01:00:00,23.79,302.289,995.1903,1.6227763,58.40539,0.0,0.0
2021-04-11 02:00:00,23.54,304.77747,994.8747,1.3739974,46.642532,0.0,0.0
2021-04-11 03:00:00,23.33,306.91718,994.1703,1.2514983,36.851124,0.0,0.0
2021-04-11 04:00:00,22.6,308.56158,993.1328,1.3843571,29.521746,0.0,0.0
2021-04-11 05:00:00,22.73,309.72455,992.1728,1.4560335,23.775084,0.0,0.0
2021-04-11 06:00:00,23.7,310.40137,991.6421,1.4802654,19.99015,0.0,0.0
2021-04-11 07:00:00,24.3,310.2131,991.6398,1.9417642,21.415241,0.0,0.0
2021-04-11 08:00:00,24.91,310.1018,991.6322,1.8206514,21.126348,0.0,0.0
2021-04-11 09:00:00,24.34,309.51202,991.7713,1.8812314,21.624475,0.0,0.0
2021-04-11 10:00:00,22.48,308.0675,992.1301,2.2071674,26.84174,0.0,0.0
2021-04-11 11:00:00,21.28,306.5069,992.61346,2.6555388,31.828154,0.0,0.0
2021-04-11 12:00:00,20.84,305.0918,993.0461,2.8406894,35.345425,0.0,0.0
2021-04-11 13:00:00,21.1,303.75842,993.31555,2.7644722,38.463005,0.0,0.0
2021-04-11 14:00:00,20.71,302.43832,993.14874,2.4529657,42.65726,0.0,0.0
2021-04-11 15:00:00,20.04,301.0274,993.1941,2.1308925,48.58352,0.0,0.0
2021-04-11 16:00:00,19.63,299.74094,993.15967,2.140483,53.025333,0.0,0.0
2021-04-11 17:00:00,19.92,298.7059,993.1348,2.4658966,53.949726,0.0,0.0
2021-04-11 18:00:00,20.36,297.84473,993.0493,2.616003,54.045933,0.0,0.0
2021-04-11 19:00:00,20.62,296.67523,993.595,2.060468,60.026176,0.0,0.0
2021-04-11 20:00:00,20.96,295.95996,993.66315,1.3611141,63.080048,0.0,0.0
2021-04-11 21:00:00,21.28,295.13858,994.2404,1.490768,64.01159,0.0,0.0
2021-04-11 22:00:00,21.64,294.40018,994.998,1.9842161,63.72562,0.0,0.0
2021-04-11 23:00:00,22.29,296.45837,995.952,1.7342958,53.359097,0.0,0.0
2021-04-12 00:00:00,23.9,300.74,996.145,2.1211224,34.70725,0.0,0.0
2021-04-12 01:00:00,24.22,304.3125,996.3856,2.8139377,24.837194,0.0,0.0
2021-04-12 02:00:00,23.82,306.89352,995.6075,3.5155656,21.138264,0.0,0.0
2021-04-12 03:00:00,23.14,308.81683,994.7523,3.3472936,19.042046,0.0,0.0
2021-04-12 04:00:00,22.39,309.9062,993.27454,2.5006516,16.795519,0.0,0.0
2021-04-12 05:00:00,21.56,310.39987,992.33795,1.2875162,15.353195,0.0,0.0
2021-04-12 06:00:00,20.84,310.585,991.72546,0.29850543,14.83265,0.0,0.0
2021-04-12 07:00:00,20.71,310.6339,991.3381,0.63928837,16.580639,0.0,0.0
2021-04-12 08:00:00,21.07,310.47516,991.28534,1.3532422,16.669123,0.0,0.0
2021-04-12 09:00:00,21.52,309.8285,991.6337,2.3284166,17.980032,0.0,0.0
2021-04-12 10:00:00,21.68,307.85004,992.03015,3.3807898,23.022808,0.0,0.0
2021-04-12 11:00:00,22.16,306.30954,992.71674,4.054085,25.776169,0.0,0.0
2021-04-12 12:00:00,23.57,304.95892,993.35077,4.209349,28.195858,0.0,0.0
2021-04-12 13:00:00,24.29,303.69275,993.7685,3.8043914,31.01501,0.0,0.0
2021-04-12 14:00:00,24.61,302.4972,994.0006,3.0699043,34.59487,0.0,0.0
2021-04-12 15:00:00,24.64,301.42255,993.79083,2.573626,39.031483,0.0,0.0
2021-04-12 16:00:00,24.59,300.37094,993.72675,2.2714825,43.96021,0.0,0.0
2021-04-12 17:00:00,24.82,299.649,993.56744,2.3368535,46.795113,0.0,0.0
2021-04-12 18:00:00,25.59,299.03906,993.3314,2.4252856,48.623127,0.0,0.0
2021-04-12 19:00:00,26.12,297.7335,993.81,1.8287691,52.421986,0.0,0.0
2021-04-12 20:00:00,26.45,296.6969,993.9345,1.5445967,58.231163,0.0,0.0
2021-04-12 21:00:00,27.13,295.96503,994.46783,1.504962,64.35441,0.0,0.0
2021-04-12 22:00:00,27.7,296.30566,995.2,0.9281296,61.45726,0.0,0.0
2021-04-12 23:00:00,27.24,297.1258,995.8834,0.526936,71.2971,0.0,0.0
2021-04-13 00:00:00,28.23,301.27158,996.4861,1.036963,42.113647,0.0021464222,0.0
2021-04-13 01:00:00,28.34,304.07556,996.5852,1.2231897,33.26775,0.0,0.0
2021-04-13 02:00:00,28.12,306.1391,996.2983,1.2486597,28.492308,0.0,0.0
2021-04-13 03:00:00,27.51,307.59332,995.31195,1.18443,25.720417,0.0,0.0
2021-04-13 04:00:00,26.88,308.56293,994.0569,0.92875344,23.68379,0.0,0.0
2021-04-13 05:00:00,27.01,309.24048,993.0517,0.29223898,21.798006,0.0,0.0
2021-04-13 06:00:00,27.6,309.63385,992.465,0.6151048,20.553654,0.0,0.0
2021-04-13 07:00:00,28.14,309.74313,991.6895,0.87392896,21.848438,0.0,0.0
2021-04-13 08:00:00,29.26,309.67523,991.8339,1.6067973,21.559029,0.0,0.0
2021-04-13 09:00:00,29.79,309.18768,991.91486,2.27102,22.224644,0.0,0.0
2021-04-13 10:00:00,28.99,307.7937,992.4487,2.8202934,26.14409,0.0,0.0
2021-04-13 11:00:00,28.59,306.45255,992.92737,3.1530123,29.573614,0.0,0.0
2021-04-13 12:00:00,28.42,305.18896,993.6593,3.2029333,32.788677,0.0,0.0
2021-04-13 13:00:00,28.77,303.98984,993.98804,3.2789757,35.842663,0.0,0.0
2021-04-13 14:00:00,29.43,302.93018,994.11584,3.114572,38.472584,0.0,0.0
2021-04-13 15:00:00,29.97,301.9149,993.6781,2.6079135,41.6488,0.0,0.0
2021-04-13 16:00:00,30.89,300.75775,993.5836,2.0988388,47.624783,0.0,0.0
2021-04-13 17:00:00,31.84,299.70755,993.28766,1.9323864,52.65948,0.0,0.0
2021-04-13 18:00:00,32.69,298.8596,993.53314,1.9467202,55.270428,0.0,0.0
2021-04-13 19:00:00,32.41,298.73483,994.1277,0.49568668,58.918945,0.0,0.0
2021-04-13 20:00:00,32.5,297.2678,994.2405,1.502687,65.75487,0.0,0.0
2021-04-13 21:00:00,32.15,296.9071,994.74915,2.0951025,63.195896,0.0,0.0
2021-04-13 22:00:00,31.14,296.5042,995.4628,2.1594179,65.47706,0.0,0.0
2021-04-13 23:00:00,31.22,298.29486,996.3187,1.4919393,60.85803,0.0,0.0
2021-04-14 00:00:00,31.63,301.35928,996.5636,1.3777388,49.773605,0.0,0.0
2021-04-14 01:00:00,31.76,303.99078,997.0524,1.3333225,40.436993,0.0,0.0
2021-04-14 02:00:00,31.17,306.0818,996.47064,1.2985708,32.597534,0.0,0.0
2021-04-14 03:00:00,29.76,307.47876,995.4144,1.2336334,28.115189,0.0,0.0
2021-04-14 04:00:00,28.82,308.5036,994.0773,1.4567462,25.530266,0.0,0.0
2021-04-14 05:00:00,28.15,309.31448,992.8306,1.7285593,23.372656,0.0,0.0
2021-04-14 06:00:00,28.52,309.8803,992.3245,1.9652543,21.598257,0.0,0.0
2021-04-14 07:00:00,29.11,310.20233,991.59546,2.1449974,22.621735,0.0,0.0
2021-04-14 08:00:00,29.53,310.11646,991.7972,2.369503,22.165146,0.0,0.0
2021-04-14 09:00:00,29.17,309.60907,992.0128,2.4316113,22.77867,0.0,0.0
2021-04-14 10:00:00,28.76,308.42535,992.5172,2.1157486,26.1711,0.0,0.0
2021-04-14 11:00:00,28.6,307.27838,993.09143,2.2902637,29.857346,0.0,0.0
2021-04-14 12:00:00,28.65,305.9854,993.6347,2.3661304,33.99215,0.0,0.0
2021-04-14 13:00:00,29.11,304.5613,993.7629,1.795792,40.557377,0.0,0.0
2021-04-14 14:00:00,29.24,303.09644,993.5701,1.365976,51.923126,0.0,0.0
2021-04-14 15:00:00,28.78,302.05035,993.35956,1.7757756,51.154583,0.0,0.0
2021-04-14 16:00:00,28.78,301.0702,993.2997,2.1997483,52.065872,0.0,0.0
2021-04-14 17:00:00,28.58,300.26666,993.073,2.2871454,54.391323,0.0,0.0
2021-04-14 18:00:00,28.43,299.38672,992.7193,1.9532458,59.12719,0.0,0.0
2021-04-14 19:00:00,27.88,300.0036,992.9291,0.46291503,52.356865,0.0,0.0
2021-04-14 20:00:00,27.34,299.30035,993.05743,0.39113116,55.17717,0.0,0.0
2021-04-14 21:00:00,27.05,298.46124,993.34454,0.472045,59.02655,0.0,0.0
2021-04-14 22:00:00,26.58,297.8578,994.3605,0.4341975,61.39869,0.0,0.0
2021-04-14 23:00:00,26.26,298.04767,995.0733,0.84584564,66.44191,0.0,0.0
2021-04-15 00:00:00,25.18,301.4711,995.52435,1.3895031,45.880627,0.0,0.0
2021-04-15 01:00:00,25.02,304.62726,995.7341,1.7745173,33.92154,0.0,0.0
2021-04-15 02:00:00,24.74,307.1965,995.2541,2.0472703,25.274473,0.0,0.0
2021-04-15 03:00:00,24.46,308.85797,994.063,2.1676586,20.175508,0.0,0.0
2021-04-15 04:00:00,23.92,309.8773,992.9953,2.248434,17.830437,0.0,0.0
2021-04-15 05:00:00,23.49,310.6394,992.0264,2.8105452,16.571564,0.0,0.0
2021-04-15 06:00:00,23.57,311.1482,991.5561,3.3510423,15.720548,0.0,0.0
2021-04-15 07:00:00,22.95,311.3775,990.9439,4.193769,15.669221,0.0,0.0
2021-04-15 08:00:00,22.0,311.10455,991.3031,4.530195,15.40384,0.0,0.0
2021-04-15 09:00:00,20.92,310.0677,991.6721,4.498164,16.18687,0.0,0.0
2021-04-15 10:00:00,20.18,308.20932,992.519,4.572462,18.474657,0.0,0.0
2021-04-15 11:00:00,20.09,306.7586,993.12,5.091864,19.390865,0.0,0.0
2021-04-15 12:00:00,20.35,305.53937,993.90576,4.939696,19.839508,0.0,0.0
2021-04-15 13:00:00,20.45,304.3982,994.0886,4.362868,20.657518,0.0,0.0
2021-04-15 14:00:00,20.22,303.2456,994.0083,3.9952698,22.052591,0.0,0.0
2021-04-15 15:00:00,20.05,302.1306,993.78424,3.8213968,23.591734,0.0,0.0
2021-04-15 16:00:00,20.23,300.98874,993.7459,3.5196326,25.468904,0.0,0.0
2021-04-15 17:00:00,20.47,299.81378,993.54224,3.245684,27.624147,0.0,0.0
2021-04-15 18:00:00,20.19,298.82565,993.47546,3.2258332,29.210716,0.0,0.0
2021-04-15 19:00:00,19.77,297.202,994.22516,2.911008,31.240992,0.0,0.0
2021-04-15 20:00:00,18.94,296.07068,994.54987,2.4153106,36.09862,0.0,0.0
2021-04-15 21:00:00,18.63,294.86066,995.1902,1.6765231,45.840446,0.0,0.0
2021-04-15 22:00:00,17.91,293.98712,996.0351,1.7371783,48.188297,0.0,0.0
2021-04-15 23:00:00,17.8,295.66214,997.1384,1.8357041,40.522118,0.0,0.0
2021-04-16 00:00:00,18.81,299.03467,997.76,2.3254,30.547386,0.0017166632,0.0
2021-04-16 01:00:00,19.01,302.32104,998.0854,2.4462907,23.155163,0.0,0.0
2021-04-16 02:00:00,19.21,304.85248,997.47345,1.9508998,18.708672,0.0,0.0
2021-04-16 03:00:00,19.54,306.7505,996.5019,1.6681889,15.978244,0.0,0.0
2021-04-16 04:00:00,19.86,308.28125,995.3236,2.010559,14.199188,0.0,0.0
2021-04-16 05:00:00,19.87,309.3742,994.21625,2.2701163,13.261853,0.0,0.0
2021-04-16 06:00:00,19.94,310.1058,993.4255,2.6984503,12.805761,0.0,0.0
2021-04-16 07:00:00,20.56,310.53772,993.5076,3.262312,13.606615,0.0,0.0
2021-04-16 08:00:00,20.86,310.43756,993.64795,3.9402468,13.905212,0.0,0.0
2021-04-16 09:00:00,20.96,309.44867,994.1627,4.315281,15.503833,0.0,0.0
2021-04-16 10:00:00,21.14,307.5453,994.7658,4.5427322,18.710938,0.0,0.0
2021-04-16 11:00:00,21.66,306.17123,995.5151,4.9097,20.711222,0.0,0.0
2021-04-16 12:00:00,22.02,305.08563,996.3608,4.6590767,22.181705,0.0,0.0
2021-04-16 13:00:00,22.38,304.16058,996.3594,4.483235,23.49546,0.0,0.0
2021-04-16 14:00:00,22.67,303.2133,996.3205,4.502369,24.987885,0.0,0.0
2021-04-16 15:00:00,22.43,302.15237,996.1761,4.4336324,26.653877,0.0,0.0
2021-04-16 16:00:00,22.18,301.01285,996.373,4.325233,28.714544,0.0,0.0
2021-04-16 17:00:00,22.51,299.87012,996.40857,4.7877502,30.85654,0.0,0.0
2021-04-16 18:00:00,22.91,299.21805,996.4966,5.1641383,31.228935,0.0,0.0
2021-04-16 19:00:00,22.86,297.73163,997.05585,4.24099,34.744434,0.0,0.0
2021-04-16 20:00:00,23.03,297.00403,997.2864,4.571702,36.158424,0.0,0.0
2021-04-16 21:00:00,23.78,296.72336,997.90485,5.0663247,36.159004,0.0,0.0
2021-04-16 22:00:00,24.07,296.7115,998.5131,5.593484,35.49322,0.0,0.0
2021-04-16 23:00:00,24.14,298.31464,999.4344,5.7522297,32.32673,0.0,0.0
2021-04-17 00:00:00,23.9,300.8183,999.96606,7.77981,27.968914,0.0025630717,0.0
2021-04-17 01:00:00,24.09,303.07068,999.8591,8.773468,25.188616,0.0,0.0
2021-04-17 02:00:00,24.41,305.08453,999.3254,8.668131,22.85816,0.0,0.0
2021-04-17 03:00:00,24.16,306.72668,998.2516,8.180393,20.782284,0.0,0.0
2021-04-17 04:00:00,23.76,307.88025,997.04614,7.473468,19.17402,0.0,0.0
2021-04-17 05:00:00,23.13,308.54962,995.8533,6.9784527,18.09901,0.0,0.0
2021-04-17 06:00:00,22.83,308.8562,995.27893,6.906256,17.471834,0.0,0.0
2021-04-17 07:00:00,23.08,308.7096,995.5196,6.828472,18.628218,0.0,0.0
2021-04-17 08:00:00,23.38,308.20276,995.8567,6.686723,18.988968,0.0,0.0
2021-04-17 09:00:00,23.31,307.13464,996.3789,5.8065524,20.127964,0.0,0.0
2021-04-17 10:00:00,22.87,305.63507,996.94617,4.766433,22.274183,0.0,0.0
2021-04-17 11:00:00,22.15,304.18597,997.2512,4.233256,24.3067,0.0,0.0
2021-04-17 12:00:00,21.7,302.96338,997.83734,4.179755,26.074564,0.0,0.0
2021-04-17 13:00:00,21.12,301.71008,997.7997,4.604554,27.455381,0.0,0.0
2021-04-17 14:00:00,20.04,300.72626,997.9783,5.247269,27.359524,0.0,0.0
2021-04-17 15:00:00,18.17,299.85168,997.91235,5.7672105,26.046967,0.0,0.0
2021-04-17 16:00:00,16.5,299.02838,998.0606,6.1461,23.852112,0.0,0.0
2021-04-17 17:00:00,14.85,298.15228,997.99994,6.172877,21.54977,0.0,0.0
2021-04-17 18:00:00,13.27,297.25565,997.91034,5.8351355,20.04437,0.0,0.0
2021-04-17 19:00:00,11.93,295.61478,997.97974,5.34537,21.826982,0.0,0.0
2021-04-17 20:00:00,10.8,294.67712,997.8972,4.8279314,22.134077,0.0,0.0
2021-04-17 21:00:00,10.03,293.81287,998.3047,4.3460307,23.102303,0.0,0.0
2021-04-17 22:00:00,9.15,293.0351,998.96014,4.0243278,24.344015,0.0,0.0
2021-04-17 23:00:00,8.29,294.31915,999.78107,3.9655447,22.67916,0.0,0.0
2021-04-18 00:00:00,7.75,296.9792,1000.2914,5.503031,18.470676,0.0,0.0
2021-04-18 01:00:00,7.74,299.33865,1000.15735,6.4342804,16.601707,0.0,0.0
2021-04-18 02:00:00,8.12,301.44318,999.74414,6.3683496,15.539614,0.0,0.0
2021-04-18 03:00:00,8.18,303.06445,998.4325,5.892143,14.836574,0.0,0.0
2021-04-18 04:00:00,8.5,304.1098,997.17206,4.9509234,14.218341,0.0,0.0
2021-04-18 05:00:00,8.55,304.72388,996.03436,4.334972,13.354235,0.0,0.0
2021-04-18 06:00:00,8.37,305.08765,995.427,4.2833824,12.719943,0.0,0.0
2021-04-18 07:00:00,8.18,305.45834,994.80774,4.4704437,13.281385,0.0,0.0
2021-04-18 08:00:00,8.52,305.1178,995.2534,4.647546,13.291766,0.0,0.0
2021-04-18 09:00:00,8.97,304.1012,995.54694,4.2356157,14.322432,0.0,0.0
2021-04-18 10:00:00,9.42,302.16364,996.2014,3.8449206,17.414948,0.0,0.0
2021-04-18 11:00:00,9.45,300.68985,996.694,4.0932055,19.522854,0.0,0.0
2021-04-18 12:00:00,9.57,299.43454,997.22375,4.3932314,20.995647,0.0,0.0
2021-04-18 13:00:00,9.54,298.2915,997.2464,4.6088657,22.107794,0.0,0.0
2021-04-18 14:00:00,9.88,297.27542,997.1353,4.883131,22.712608,0.0,0.0
2021-04-18 15:00:00,9.91,296.38916,996.96454,5.035789,22.845884,0.0,0.0
2021-04-18 16:00:00,9.76,295.55963,996.7266,4.8866935,23.06694,0.0,0.0
2021-04-18 17:00:00,9.62,294.747,996.2837,4.579558,23.62085,0.0,0.0
2021-04-18 18:00:00,9.61,293.9541,995.87286,4.238792,24.439844,0.0,0.0
2021-04-18 19:00:00,9.44,292.10562,995.91595,3.7647204,28.796122,0.0,0.0
2021-04-18 20:00:00,9.47,291.37207,995.7967,3.5889277,29.83672,0.0,0.0
2021-04-18 21:00:00,9.58,290.79346,995.98157,3.4420617,30.894857,0.0,0.0
2021-04-18 22:00:00,9.51,290.3089,996.455,3.297081,32.03407,0.0,0.0
2021-04-18 23:00:00,9.23,291.98956,997.142,2.9530063,29.29942,0.0,0.0
2021-04-19 00:00:00,9.2,295.59802,997.39197,3.6680777,21.981691,0.0,0.0
2021-04-19 01:00:00,9.51,299.01526,997.5781,4.138645,17.521112,0.0,0.0
2021-04-19 02:00:00,9.86,301.8286,996.96405,4.4470205,14.193432,0.0,0.0
2021-04-19 03:00:00,10.01,303.43842,995.9855,3.7088542,12.890855,0.0,0.0
2021-04-19 04:00:00,9.83,304.29376,994.4431,2.5660164,12.718233,0.0,0.0
2021-04-19 05:00:00,9.79,304.86996,993.54956,1.6253093,12.639925,0.0,0.0
2021-04-19 06:00:00,10.41,305.20667,992.95447,1.0511752,12.506887,0.0,0.0
2021-04-19 07:00:00,10.66,305.11667,992.53546,0.91691947,13.887512,0.0,0.0
2021-04-19 08:00:00,10.37,305.01617,992.7942,1.503255,13.917073,0.0,0.0
2021-04-19 09:00:00,10.24,304.42017,993.1728,2.6577961,14.6522,0.0,0.0
2021-04-19 10:00:00,10.15,302.43958,993.3331,3.622091,18.810156,0.0,0.0
2021-04-19 11:00:00,10.34,300.86948,993.8775,4.1739845,20.861034,0.0,0.0
2021-04-19 12:00:00,11.14,299.56393,994.2135,4.335543,22.118063,0.0,0.0
2021-04-19 13:00:00,11.8,298.4497,994.2695,4.156959,23.140293,0.0,0.0
2021-04-19 14:00:00,12.94,297.4668,994.16656,3.6908908,24.410088,0.0,0.0
2021-04-19 15:00:00,13.4,296.4867,994.22174,3.31118,26.238144,0.0,0.0
2021-04-19 16:00:00,13.72,295.51865,994.2804,3.1179028,28.306135,0.0,0.0
2021-04-19 17:00:00,14.03,294.5916,994.02716,3.0027027,30.110437,0.0,0.0
2021-04-19 18:00:00,14.58,293.79742,993.8295,2.9383788,31.420565,0.0,0.0
2021-04-19 19:00:00,14.94,292.36612,993.50775,3.0002506,34.999332,0.0,0.0
2021-04-19 20:00:00,15.4,291.62323,993.2937,2.875522,36.30581,0.0,0.0
2021-04-19 21:00:00,16.13,291.02274,993.7434,2.7191718,37.581696,0.0,0.0
2021-04-19 22:00:00,16.92,290.4718,994.4548,2.4879386,39.3929,0.0,0.0
2021-04-19 23:00:00,16.95,292.0907,995.6146,1.9280111,36.775772,0.0,0.0
2021-04-20 00:00:00,16.97,295.72836,996.10205,2.2641208,26.37806,0.0,0.0
2021-04-20 01:00:00,17.69,299.0943,996.2466,2.6051762,22.040554,0.0,0.0
2021-04-20 02:00:00,18.52,302.25504,995.83954,2.837649,19.417202,0.0,0.0
2021-04-20 03:00:00,18.71,304.58765,994.8361,3.0575902,18.24146,0.0,0.0
2021-04-20 04:00:00,18.89,305.7941,993.8258,2.589505,17.959475,0.0,0.0
2021-04-20 05:00:00,18.69,306.4098,992.9192,1.9620562,17.559498,0.0,0.0
2021-04-20 06:00:00,19.32,306.7013,992.5761,1.2915652,17.390293,0.0,0.0
2021-04-20 07:00:00,19.86,306.81427,992.31464,0.9111483,18.887003,0.0,0.0
2021-04-20 08:00:00,20.58,306.61603,992.56006,0.29032397,19.03364,0.0,0.0
2021-04-20 09:00:00,21.2,306.19366,992.5709,1.7030704,19.624254,0.0,0.0
2021-04-20 10:00:00,21.74,304.45917,992.83325,3.0838606,24.237818,0.0,0.0
2021-04-20 11:00:00,22.41,303.59528,993.47424,3.6109195,25.67376,0.0,0.0
2021-04-20 12:00:00,23.65,302.36438,994.3847,3.7576804,27.705647,0.0,0.0
2021-04-20 13:00:00,23.73,301.49866,994.8641,3.5925758,29.503426,0.0,0.0
2021-04-20 14:00:00,23.1,300.503,994.7558,3.2244186,31.927586,0.0,0.0
2021-04-20 15:00:00,22.91,299.7021,994.9869,2.6503305,34.670418,0.0,0.0
2021-04-20 16:00:00,22.88,298.67902,994.6633,2.3262508,38.50597,0.0,0.0
2021-04-20 17:00:00,22.39,297.80957,994.4264,2.594737,41.00393,0.0,0.0
2021-04-20 18:00:00,21.47,297.1325,994.1156,3.171261,41.60153,0.0,0.0
2021-04-20 19:00:00,20.76,296.09106,994.34174,3.5185888,39.39357,0.0,0.0
2021-04-20 20:00:00,20.21,295.6176,994.6492,3.6971405,36.898502,0.0,0.0
2021-04-20 21:00:00,19.93,295.21985,995.0765,3.7181172,34.351257,0.0,0.0
2021-04-20 22:00:00,19.55,294.62173,996.1242,3.712478,33.27193,0.0,0.0
2021-04-20 23:00:00,18.29,296.0021,996.97144,3.6088283,29.67274,0.0,0.0
2021-04-21 00:00:00,18.04,299.15845,997.3572,4.743035,22.546923,0.0,0.0
2021-04-21 01:00:00,18.7,302.21558,997.37256,5.2128882,17.448267,0.0,0.0
2021-04-21 02:00:00,19.18,304.74646,996.9924,5.3290586,14.764312,0.0,0.0
2021-04-21 03:00:00,19.32,306.2798,996.2001,4.6621375,14.765915,0.0,0.0
2021-04-21 04:00:00,19.12,307.06918,995.2586,3.5386646,15.1982975,0.0,0.0
2021-04-21 05:00:00,18.26,307.53424,994.3109,2.913622,15.388558,0.0,0.0
2021-04-21 06:00:00,18.39,307.8168,993.9161,2.758494,15.301734,0.0,0.0
2021-04-21 07:00:00,18.34,307.46838,993.9356,3.0794475,15.9656925,0.0,0.0
2021-04-21 08:00:00,18.2,307.23077,994.09106,3.6500232,15.793218,0.0,0.0
2021-04-21 09:00:00,17.37,306.31525,994.368,4.11256,16.904379,0.0,0.0
2021-04-21 10:00:00,16.7,304.4331,994.9361,4.6703334,19.954672,0.0,0.0
2021-04-21 11:00:00,16.94,302.9754,995.3604,5.094839,21.32229,0.0,0.0
2021-04-21 12:00:00,17.16,301.95236,995.93195,5.1029277,21.838722,0.0,0.0
2021-04-21 13:00:00,17.47,300.87332,996.13904,4.9401517,22.55965,0.0,0.0
2021-04-21 14:00:00,17.64,299.893,996.1128,4.766893,23.188477,0.0,0.0
2021-04-21 15:00:00,17.48,298.9239,995.7102,4.596988,23.738771,0.0,0.0
2021-04-21 16:00:00,17.35,297.99677,995.5089,4.256204,24.420364,0.0,0.0
2021-04-21 17:00:00,17.27,297.1038,995.09033,3.804459,25.485615,0.0,0.0
2021-04-21 18:00:00,17.81,296.31232,995.0586,3.4778407,26.67138,0.0,0.0
2021-04-21 19:00:00,18.08,294.90454,995.01135,3.6909487,29.713171,0.0,0.0
2021-04-21 20:00:00,18.1,294.22986,995.6486,3.6002252,29.876137,0.0,0.0
2021-04-21 21:00:00,17.97,293.66412,995.8571,3.4312022,29.920885,0.0,0.0
2021-04-21 22:00:00,17.54,293.19763,996.7539,3.3837407,29.934078,0.0,0.0
2021-04-21 23:00:00,16.61,294.69705,997.4283,3.165721,27.025276,0.0,0.0
2021-04-22 00:00:00,15.68,297.98132,997.68744,4.295172,20.498343,0.0,0.0
2021-04-22 01:00:00,16.01,301.06702,997.70013,4.7748604,17.053373,0.0,0.0
2021-04-22 02:00:00,16.28,303.98416,997.1217,4.8503413,14.709105,0.0,0.0
2021-04-22 03:00:00,16.3,306.2003,996.1389,5.0304613,13.140779,0.0,0.0
2021-04-22 04:00:00,16.32,307.41013,994.9425,4.6490355,12.837923,0.0,0.0
2021-04-22 05:00:00,16.41,307.9583,993.91046,3.825818,13.277051,0.0,0.0
2021-04-22 06:00:00,16.72,308.18307,993.46423,3.2294881,13.221858,0.0,0.0
2021-04-22 07:00:00,16.97,308.11865,992.9814,3.5683827,15.109688,0.0,0.0
2021-04-22 08:00:00,17.11,307.85846,993.4063,3.7259133,15.171151,0.0,0.0
2021-04-22 09:00:00,16.88,306.83566,993.67236,3.3362303,16.712587,0.0,0.0
2021-04-22 10:00:00,16.67,304.8345,994.27814,3.5399404,20.569529,0.0,0.0
2021-04-22 11:00:00,16.73,303.19363,994.692,3.8880358,23.16987,0.0,0.0
2021-04-22 12:00:00,16.86,301.9049,995.2813,4.107431,24.76439,0.0,0.0
2021-04-22 13:00:00,16.48,300.91074,995.3432,4.195294,25.643148,0.0,0.0
2021-04-22 14:00:00,16.32,299.9822,995.36523,4.3849063,26.055353,0.0,0.0
2021-04-22 15:00:00,16.41,299.25238,995.1144,4.778801,25.376877,0.0,0.0
2021-04-22 16:00:00,16.44,298.62872,994.9964,4.8264146,24.158829,0.0,0.0
2021-04-22 17:00:00,16.18,297.9188,994.6817,4.6107736,23.747128,0.0,0.0
2021-04-22 18:00:00,16.21,297.1573,994.71063,4.3789372,24.424788,0.0,0.0
2021-04-22 19:00:00,16.69,295.416,994.77856,3.9253337,29.771492,0.0,0.0
2021-04-22 20:00:00,16.96,294.60535,994.7612,3.4756134,33.040382,0.0,0.0
2021-04-22 21:00:00,17.05,293.89124,995.1202,3.2665694,36.23975,0.0,0.0
2021-04-22 22:00:00,16.84,293.27673,995.8499,3.2569003,38.88475,0.0,0.0
2021-04-22 23:00:00,16.58,294.84518,996.90063,3.1130922,36.406338,0.0,0.0
2021-04-23 00:00:00,17.14,298.38986,997.47565,3.658096,29.057821,0.0021412226,0.0
2021-04-23 01:00:00,17.24,301.76874,997.635,4.1526117,23.430353,0.0,0.0
2021-04-23 02:00:00,17.69,304.64044,997.2377,4.8617473,19.306404,0.0,0.0
2021-04-23 03:00:00,17.81,306.79865,996.17896,5.541492,16.33432,0.0,0.0
2021-04-23 04:00:00,17.83,308.00146,994.9825,5.3139462,14.997082,0.0,0.0
2021-04-23 05:00:00,17.5,308.52176,993.915,4.484928,14.637396,0.0,0.0
2021-04-23 06:00:00,17.32,308.72153,993.62463,3.857431,14.327773,0.0,0.0
2021-04-23 07:00:00,17.37,308.50494,993.2375,4.0792685,15.148584,0.0,0.0
2021-04-23 08:00:00,17.48,308.14005,993.6046,4.0699058,15.365646,0.0,0.0
2021-04-23 09:00:00,17.55,307.10754,994.22186,3.6699367,16.839718,0.0,0.0
2021-04-23 10:00:00,17.24,305.14972,994.79016,3.9433095,20.153915,0.0,0.0
2021-04-23 11:00:00,17.23,303.7037,995.5955,4.4335504,22.404255,0.0,0.0
2021-04-23 12:00:00,17.68,302.63278,996.12006,4.671605,23.795908,0.0,0.0
2021-04-23 13:00:00,18.04,301.6939,996.28156,4.5189657,25.072893,0.0,0.0
2021-04-23 14:00:00,17.99,300.80472,996.3759,4.2103786,26.50386,0.0,0.0
2021-04-23 15:00:00,17.98,300.0517,996.11096,3.9933016,27.968296,0.0,0.0
2021-04-23 16:00:00,17.56,299.2708,995.79236,3.936327,29.546991,0.0,0.0
2021-04-23 17:00:00,17.16,298.342,995.67413,4.2149544,31.035635,0.0,0.0
2021-04-23 18:00:00,17.26,298.10327,995.65436,4.684707,30.436686,0.0,0.0
2021-04-23 19:00:00,16.9,296.14053,996.1453,4.090511,32.612003,0.0,0.0
2021-04-23 20:00:00,16.9,295.45102,996.48737,3.9885743,33.06861,0.0,0.0
2021-04-23 21:00:00,16.63,294.89215,996.90295,3.8253934,33.451942,0.0,0.0
2021-04-23 22:00:00,16.12,294.39972,997.7824,3.6950545,33.929806,0.0,0.0
2021-04-23 23:00:00,15.52,295.77365,998.6333,3.4100263,31.18394,0.0,0.0
2021-04-24 00:00:00,16.33,299.09854,999.2333,4.682767,24.144146,0.0012887137,0.0
2021-04-24 01:00:00,16.3,301.96692,999.58966,5.858414,19.833733,0.0,0.0
2021-04-24 02:00:00,16.18,304.5335,999.27545,6.557106,16.814894,0.0,0.0
2021-04-24 03:00:00,15.72,306.0601,998.1436,6.613965,15.030675,0.0,0.0
2021-04-24 04:00:00,15.14,306.81946,996.8873,5.794447,14.33182,0.0,0.0
2021-04-24 05:00:00,14.64,307.2187,995.98834,5.079596,13.974331,0.0,0.0
2021-04-24 06:00:00,13.63,307.33707,995.39,4.6409283,13.91675,0.0,0.0
2021-04-24 07:00:00,12.3,307.19556,994.98615,4.7185802,14.112705,0.0,0.0
2021-04-24 08:00:00,11.46,306.735,995.15045,4.989094,14.090622,0.0,0.0
2021-04-24 09:00:00,11.27,305.61395,995.64874,4.561276,14.948006,0.0,0.0
2021-04-24 10:00:00,11.12,303.67188,996.3111,4.304501,17.112078,0.0,0.0
2021-04-24 11:00:00,11.43,302.1906,997.0045,4.297908,18.66461,0.0,0.0
2021-04-24 12:00:00,11.63,300.8974,997.64404,4.2795253,20.046585,0.0,0.0
2021-04-24 13:00:00,11.78,299.61948,997.88983,4.4255166,21.553762,0.0,0.0
2021-04-24 14:00:00,11.83,298.4435,997.8975,4.6028724,22.958546,0.0,0.0
2021-04-24 15:00:00,11.39,297.43716,997.877,4.6193643,24.130539,0.0,0.0
2021-04-24 16:00:00,10.74,296.57373,997.7344,4.5393825,25.242025,0.0,0.0
2021-04-24 17:00:00,10.28,295.82693,997.85095,4.570689,26.26791,0.0,0.0
2021-04-24 18:00:00,9.84,295.15796,997.78485,4.6735277,27.154705,0.0,0.0
2021-04-24 19:00:00,9.74,293.56686,997.3641,4.414432,30.19458,0.0,0.0
2021-04-24 20:00:00,9.45,292.84155,997.5659,4.30157,31.303463,0.0,0.0
2021-04-24 21:00:00,8.76,292.2071,998.12,4.1156845,32.26314,0.0,0.0
2021-04-24 22:00:00,8.37,291.61172,998.82416,3.8946974,33.189816,0.0,0.0
2021-04-24 23:00:00,8.27,293.03357,999.758,3.4676967,30.508434,0.0,0.0
2021-04-25 00:00:00,9.13,296.48895,1000.24146,4.1782455,23.414764,0.0012940415,0.0
2021-04-25 01:00:00,9.88,299.64844,1000.4322,4.8230352,18.72531,0.0,0.0
2021-04-25 02:00:00,9.76,302.14148,999.9749,5.9541583,15.741446,0.0,0.0
2021-04-25 03:00:00,9.21,303.6344,998.90967,6.6389194,14.1161995,0.0,0.0
2021-04-25 04:00:00,8.94,304.59314,997.7128,5.9049606,13.150462,0.0,0.0
2021-04-25 05:00:00,9.3,305.2519,996.64044,5.2236476,12.554936,0.0,0.0
2021-04-25 06:00:00,9.83,305.59354,996.00085,4.8362575,12.263559,0.0,0.0
2021-04-25 07:00:00,10.01,305.58636,995.76953,5.1582794,13.310927,0.0,0.0
2021-04-25 08:00:00,9.85,305.2232,995.87787,5.256018,13.416494,0.0,0.0
2021-04-25 09:00:00,9.97,304.14294,996.2722,4.401136,14.630641,0.0,0.0
2021-04-25 10:00:00,10.2,302.18994,996.9293,3.917603,17.4721,0.0,0.0
2021-04-25 11:00:00,10.53,300.7674,997.41095,3.9841034,19.526308,0.0,0.0
2021-04-25 12:00:00,10.76,299.5636,997.9478,3.952843,21.204304,0.0,0.0
2021-04-25 13:00:00,10.64,298.42593,998.0309,3.7983284,22.953312,0.0,0.0
2021-04-25 14:00:00,10.3,297.2748,997.91345,3.7259462,24.9457,0.0,0.0
2021-04-25 15:00:00,10.33,296.1766,997.71375,3.7692406,26.751673,0.0,0.0
2021-04-25 16:00:00,10.24,295.18762,997.51794,3.842262,28.180248,0.0,0.0
2021-04-25 17:00:00,10.1,294.38898,997.3484,3.929316,28.799528,0.0,0.0
2021-04-25 18:00:00,9.92,293.7731,997.20013,3.939648,28.77051,0.0,0.0
2021-04-25 19:00:00,10.52,291.63742,997.4572,3.3515594,36.370865,0.0,0.0
2021-04-25 20:00:00,11.45,290.9296,997.70593,3.2249365,37.40851,0.0,0.0
2021-04-25 21:00:00,12.27,290.46298,998.0364,3.1123688,38.033146,0.0,0.0
2021-04-25 22:00:00,13.04,290.1662,998.53394,3.1457,38.320805,0.0,0.0
2021-04-25 23:00:00,13.62,292.01892,998.98047,2.9038944,34.25024,0.0,0.0
2021-04-26 00:00:00,14.47,296.17816,999.4835,3.5111911,25.62233,0.0,0.0
2021-04-26 01:00:00,14.5,299.8114,999.51306,4.246671,21.167793,0.0,0.0
2021-04-26 02:00:00,15.12,302.71832,998.96045,5.116252,19.498081,0.0,0.0
2021-04-26 03:00:00,15.78,304.78973,997.90686,5.860657,19.362553,0.0,0.0
2021-04-26 04:00:00,16.05,305.9672,996.71985,5.4518332,19.57734,0.0,0.0
2021-04-26 05:00:00,16.01,306.5935,995.53046,4.784235,19.447084,0.0,0.0
2021-04-26 06:00:00,15.62,307.00305,994.9306,4.502305,19.221348,0.0,0.0
2021-04-26 07:00:00,16.37,307.23135,994.3767,4.1763606,19.178137,0.0,0.0
2021-04-26 08:00:00,17.17,307.0728,994.65265,4.4082365,19.542131,0.0,0.0
2021-04-26 09:00:00,18.11,306.07825,994.8837,3.8957672,21.352623,0.0,0.0
2021-04-26 10:00:00,18.39,304.2221,995.90485,3.9638255,25.01721,0.0,0.0
2021-04-26 11:00:00,18.69,302.9229,996.4928,4.4636173,27.472977,0.0,0.0
2021-04-26 12:00:00,19.7,301.95093,996.95416,4.8223934,29.292831,0.0,0.0
2021-04-26 13:00:00,19.64,301.23376,997.18616,4.9340305,30.764765,0.0,0.0
2021-04-26 14:00:00,20.19,300.58575,997.1262,4.8017592,32.3089,0.0,0.0
2021-04-26 15:00:00,20.83,299.93353,996.73737,4.508902,34.03541,0.0,0.0
2021-04-26 16:00:00,21.27,299.38287,996.5746,4.2951245,35.46913,0.0,0.0
2021-04-26 17:00:00,21.57,298.9986,996.3778,4.148871,36.25642,0.0,0.0
2021-04-26 18:00:00,21.7,299.12628,996.31165,4.2455974,35.590187,0.0,0.0
2021-04-26 19:00:00,22.75,297.24393,996.3624,3.9918063,38.11697,0.0,0.0
2021-04-26 20:00:00,23.7,296.58014,996.8988,3.8603117,39.894306,0.0,0.0
2021-04-26 21:00:00,24.35,295.97867,996.91626,3.7496438,41.760513,0.0,0.0
2021-04-26 22:00:00,24.87,295.5187,997.74023,3.68381,43.450016,0.0,0.0
2021-04-26 23:00:00,25.35,296.9679,998.6213,3.473527,40.630516,0.0,0.0
2021-04-27 00:00:00,26.68,300.2174,999.051,4.621119,33.191536,0.0,0.0
2021-04-27 01:00:00,28.2,303.2544,999.21954,5.6253605,27.775103,0.0,0.0
2021-04-27 02:00:00,29.08,305.65994,998.53094,6.796945,24.116753,0.0,0.0
2021-04-27 03:00:00,29.31,307.2412,997.45276,7.166406,22.559572,0.0,0.0
2021-04-27 04:00:00,29.45,308.1516,996.3246,6.494205,21.894554,0.0,0.0
2021-04-27 05:00:00,29.46,308.742,995.279,5.7554026,21.65968,0.0,0.0
2021-04-27 06:00:00,29.77,309.06735,994.6157,5.1285806,21.759912,0.0,0.0
2021-04-27 07:00:00,29.91,308.1112,994.15906,4.5352345,25.357283,0.0,0.0
2021-04-27 08:00:00,30.37,307.89508,994.6873,4.1544385,25.911987,0.0,0.0
2021-04-27 09:00:00,30.54,307.1784,995.0737,3.7333064,27.505299,0.0,0.0
2021-04-27 10:00:00,30.51,306.4131,996.01245,4.031827,29.004742,0.0,0.0
2021-04-27 11:00:00,30.81,305.74942,996.4433,4.516455,29.737803,0.0,0.0
2021-04-27 12:00:00,31.16,305.1441,997.0422,4.2885275,30.249664,0.0,0.0
2021-04-27 13:00:00,31.1,304.37555,997.2918,3.6727247,31.45507,0.0,0.0
2021-04-27 14:00:00,31.28,303.6931,997.2213,3.304181,32.84099,0.0,0.0
2021-04-27 15:00:00,31.29,303.06406,996.9476,3.260404,34.04936,0.0,0.0
2021-04-27 16:00:00,31.04,302.52692,996.83594,3.2183096,34.871437,0.0,0.0
2021-04-27 17:00:00,31.32,301.98944,996.3861,3.1985126,35.56711,0.0,0.0
2021-04-27 18:00:00,31.36,300.9849,996.2272,3.3943331,37.283966,0.0,0.0
2021-04-27 19:00:00,30.92,298.80988,996.8144,3.3997183,41.581566,0.0,0.0
2021-04-27 20:00:00,30.5,298.1577,996.65515,3.4392827,42.092587,0.0,0.0
2021-04-27 21:00:00,30.39,297.74185,996.95233,3.4798713,41.80482,0.0,0.0
2021-04-27 22:00:00,29.82,297.3558,997.3766,3.5354047,41.442196,0.0,0.0
2021-04-27 23:00:00,29.27,298.7257,998.3496,3.3281493,37.34337,0.0,0.0
2021-04-28 00:00:00,29.0,301.6441,998.8669,4.556247,29.487041,0.0,0.0
2021-04-28 01:00:00,29.38,304.25784,998.8909,5.625988,24.617846,0.0,0.0
2021-04-28 02:00:00,29.26,306.53754,998.3692,6.2908688,21.888153,0.0,0.0
2021-04-28 03:00:00,29.29,308.04025,997.2625,6.486114,22.20393,0.0,0.0
2021-04-28 04:00:00,29.45,308.8374,996.26544,5.8017797,23.105543,0.0,0.0
2021-04-28 05:00:00,29.62,309.33945,995.03766,5.144674,22.999182,0.0,0.0
2021-04-28 06:00:00,30.49,309.5913,994.65894,4.710205,22.7986,0.0,0.0
2021-04-28 07:00:00,31.03,309.27338,994.3328,4.779143,23.63609,0.0,0.0
2021-04-28 08:00:00,30.89,308.92395,994.5758,4.276259,24.152956,0.0,0.0
2021-04-28 09:00:00,30.31,308.25757,994.7561,3.4649653,25.226355,0.0,0.0
2021-04-28 10:00:00,30.03,307.3773,995.3006,2.6514564,27.176952,0.0,0.0
2021-04-28 11:00:00,30.19,306.6522,995.78577,2.4293036,29.036146,0.0,0.0
2021-04-28 12:00:00,30.84,306.00946,996.21655,2.1341088,31.043545,0.0,0.0
2021-04-28 13:00:00,30.75,305.11285,996.51294,1.9349568,34.079597,0.0,0.0
2021-04-28 14:00:00,31.2,304.39893,996.2921,2.5295568,34.796394,0.0,0.0
2021-04-28 15:00:00,31.44,303.87064,996.366,3.4283445,32.960384,0.0,0.0
2021-04-28 16:00:00,31.17,303.50757,996.1064,4.063444,29.858902,0.0,0.0
2021-04-28 17:00:00,31.4,303.2202,995.7882,4.562211,28.190052,0.0,0.0
2021-04-28 18:00:00,31.27,302.8772,995.6169,4.9317236,28.897566,0.0,0.0
2021-04-28 19:00:00,31.14,300.82202,995.9941,3.5424395,37.10892,0.0,0.0
2021-04-28 20:00:00,30.89,300.05597,996.02185,3.2522488,40.425694,0.0,0.0
2021-04-28 21:00:00,30.48,299.4555,996.01776,3.1541932,43.138714,0.0,0.0
2021-04-28 22:00:00,29.88,298.96088,996.30585,3.1111994,45.102814,0.0,0.0
2021-04-28 23:00:00,29.57,300.01758,997.1266,3.187559,42.58354,0.0,0.0
2021-04-29 00:00:00,29.41,302.4334,997.52094,4.2123914,35.714394,0.0,0.0
2021-04-29 01:00:00,29.64,304.54865,997.6398,4.918067,29.262083,0.0,0.0
2021-04-29 02:00:00,29.02,306.53192,997.49744,5.4008727,24.441181,0.0,0.0
2021-04-29 03:00:00,28.14,307.82532,996.46063,5.151876,23.374104,0.0,0.0
2021-04-29 04:00:00,27.17,308.64423,995.2502,4.5677543,22.442797,0.0,0.0
2021-04-29 05:00:00,26.42,309.19705,994.2605,4.1523724,21.50319,0.0,0.0
2021-04-29 06:00:00,26.01,309.5133,993.74054,3.962268,20.608133,0.0,0.0
2021-04-29 07:00:00,25.74,309.56635,993.12054,3.4426374,21.046278,0.0,0.0
2021-04-29 08:00:00,25.51,309.33875,993.414,3.5816076,20.757896,0.0,0.0
2021-04-29 09:00:00,25.1,308.47824,993.6231,3.2009268,21.551281,0.0,0.0
2021-04-29 10:00:00,24.95,306.85046,994.42017,2.8981462,24.366508,0.0,0.0
2021-04-29 11:00:00,24.96,305.42465,994.97015,3.1130793,26.75255,0.0,0.0
2021-04-29 12:00:00,24.64,304.0722,995.7575,3.2711349,28.822773,0.0,0.0
2021-04-29 13:00:00,24.56,302.8224,995.8117,3.4476986,30.46856,0.0,0.0
2021-04-29 14:00:00,24.26,301.6806,996.13904,3.6655369,31.697956,0.0,0.0
2021-04-29 15:00:00,23.68,300.74066,995.9628,4.150317,32.08601,0.0,0.0
2021-04-29 16:00:00,22.92,300.0791,995.7555,4.370649,31.683662,0.0,0.0
2021-04-29 17:00:00,22.75,299.44897,995.4739,4.1257067,31.748962,0.0,0.0
2021-04-29 18:00:00,22.68,298.68097,995.33984,3.8368173,32.88272,0.0,0.0
2021-04-29 19:00:00,22.92,297.05093,996.1472,3.148194,40.772903,0.0,0.0
2021-04-29 20:00:00,22.77,296.6106,995.9983,3.1362674,42.182686,0.0,0.0
2021-04-29 21:00:00,22.23,296.14386,996.32935,3.2617533,43.476086,0.0,0.0
2021-04-29 22:00:00,21.6,295.864,996.64557,3.2883923,44.444492,0.0,0.0
2021-04-29 23:00:00,21.01,297.40384,997.3187,2.9770074,41.470276,0.0,0.0
2021-04-30 00:00:00,21.07,300.86566,997.6292,3.2005897,36.585316,0.0,0.0
2021-04-30 01:00:00,21.46,303.22064,997.6219,3.2433138,40.93187,0.0,0.0
2021-04-30 02:00:00,21.39,305.13208,997.25366,3.3617296,38.230236,0.0,0.0
2021-04-30 03:00:00,21.16,306.5915,996.30963,3.1076941,31.808304,0.0,0.0
2021-04-30 04:00:00,20.7,307.47803,995.2188,2.0776997,27.254406,0.0,0.0
2021-04-30 05:00:00,20.79,307.9143,994.45483,0.77423376,24.741413,0.0,0.0
2021-04-30 06:00:00,21.53,308.18845,994.02594,0.30588165,23.38291,0.0,0.0
2021-04-30 07:00:00,21.37,308.27527,993.6183,0.47482303,22.720934,0.0,0.0
2021-04-30 08:00:00,20.64,308.0449,993.54407,0.84425765,22.551214,0.0,0.0
2021-04-30 09:00:00,20.61,307.616,993.9428,1.3459016,22.870129,0.0,0.0
2021-04-30 10:00:00,20.28,306.4865,994.7377,1.9178599,26.233902,0.0,0.0
2021-04-30 11:00:00,20.03,305.20505,995.37335,2.4477372,29.536835,0.0,0.0
2021-04-30 12:00:00,20.41,303.85825,996.07935,2.7737217,31.9113,0.0,0.0
2021-04-30 13:00:00,19.47,302.5025,996.4098,3.1357305,33.028423,0.0,0.0
2021-04-30 14:00:00,18.95,301.50574,996.3936,3.3030913,32.83853,0.0,0.0
2021-04-30 15:00:00,19.0,300.5022,996.3871,3.1791458,33.17067,0.0,0.0
2021-04-30 16:00:00,18.93,299.51654,996.10425,2.7833936,34.661777,0.0,0.0
2021-04-30 17:00:00,18.46,298.8278,996.1049,2.4907808,36.567394,0.0,0.0
2021-04-30 18:00:00,17.89,298.14783,995.52454,2.811368,37.198353,0.0,0.0
2021-04-30 19:00:00,18.15,296.88684,995.90875,3.6091783,35.049713,0.0,0.0
2021-04-30 20:00:00,18.1,296.32513,995.9507,3.4248219,35.836716,0.0,0.0
2021-04-30 21:00:00,17.99,295.74017,996.9856,3.1051104,37.22058,0.0,0.0
2021-04-30 22:00:00,17.76,295.07294,997.682,2.7546937,39.424137,0.0,0.0
2021-04-30 23:00:00,17.52,296.29962,998.8569,2.3986042,37.489136,0.0,0.0
2021-05-01 00:00:00,18.21,300.13495,999.257,3.1255171,27.88264,0.0,0.0
2021-05-01 01:00:00,18.27,303.0226,999.4112,3.7547,22.534687,0.0,0.0
2021-05-01 02:00:00,17.9,305.38324,999.09045,4.396265,18.326986,0.0,0.0
2021-05-01 03:00:00,17.72,306.8049,997.9725,4.241026,16.28444,0.0,0.0
2021-05-01 04:00:00,17.1,307.562,996.8169,3.2422018,15.723612,0.0,0.0
2021-05-01 05:00:00,16.83,307.9483,995.89233,2.241596,15.757081,0.0,0.0
2021-05-01 06:00:00,16.97,308.1784,995.3016,1.7763721,15.455646,0.0,0.0
2021-05-01 07:00:00,16.53,308.22806,994.8083,2.1064296,15.448679,0.0,0.0
2021-05-01 08:00:00,15.93,308.00162,994.97144,2.1644723,15.180257,0.0,0.0
2021-05-01 09:00:00,15.13,307.3087,995.47534,2.0037003,15.85221,0.0,0.0
2021-05-01 10:00:00,15.17,305.81473,996.25305,2.3206847,18.882244,0.0,0.0
2021-05-01 11:00:00,15.23,304.1683,996.84076,2.6226964,22.12229,0.0,0.0
2021-05-01 12:00:00,14.97,302.55292,997.2466,2.8445022,24.995611,0.0,0.0
2021-05-01 13:00:00,14.86,301.1111,997.1987,2.935869,27.27027,0.0,0.0
2021-05-01 14:00:00,14.43,299.88745,997.1931,2.864916,29.257673,0.0,0.0
2021-05-01 15:00:00,14.04,298.75366,996.9163,2.7054696,31.534174,0.0,0.0
2021-05-01 16:00:00,13.41,297.62216,996.6788,2.5831523,34.146656,0.0,0.0
2021-05-01 17:00:00,13.13,296.6142,996.28534,2.732334,35.3677,0.0,0.0
2021-05-01 18:00:00,13.02,295.74112,996.2132,2.9592183,36.079533,0.0,0.0
2021-05-01 19:00:00,12.71,294.58365,996.34644,3.5339422,34.624176,0.0,0.0
2021-05-01 20:00:00,12.67,293.85788,996.65125,3.348238,35.71499,0.0,0.0
2021-05-01 21:00:00,12.77,293.21454,996.78485,2.9840114,37.2375,0.0,0.0
2021-05-01 22:00:00,12.91,292.63696,997.488,2.6011941,39.788826,0.0,0.0
2021-05-01 23:00:00,12.96,293.9129,998.1442,2.1542265,38.39629,0.0,0.0
2021-05-02 00:00:00,13.67,298.22742,998.8501,2.5734887,26.757977,0.0,0.0
2021-05-02 01:00:00,14.07,301.93127,998.75134,3.1615236,21.49598,0.0,0.0
2021-05-02 02:00:00,13.95,304.86603,998.15784,3.6092596,18.069489,0.0,0.0
2021-05-02 03:00:00,13.88,306.76807,996.8864,4.117802,15.224628,0.0,0.0
2021-05-02 04:00:00,14.32,307.7021,995.8745,3.8358583,13.507398,0.0,0.0
2021-05-02 05:00:00,14.58,308.177,994.92303,3.206232,12.942004,0.0,0.0
2021-05-02 06:00:00,15.25,308.42297,994.47156,2.7360773,12.851806,0.0,0.0
2021-05-02 07:00:00,16.08,308.60364,993.87695,2.6795752,14.8702755,0.0,0.0
2021-05-02 08:00:00,16.81,308.38962,993.9973,2.7480245,15.583846,0.0,0.0
2021-05-02 09:00:00,17.66,307.55533,994.1946,2.507793,17.33819,0.0,0.0
2021-05-02 10:00:00,18.94,305.9309,994.8731,2.800113,20.678087,0.0,0.0
2021-05-02 11:00:00,20.65,304.31824,995.51953,3.3596566,24.15729,0.0,0.0
2021-05-02 12:00:00,21.8,303.01367,995.91833,3.7909584,27.25082,0.0,0.0
2021-05-02 13:00:00,21.81,302.02844,995.8644,3.978528,30.02092,0.0,0.0
2021-05-02 14:00:00,21.86,301.23117,995.8668,4.0586553,32.12878,0.0,0.0
2021-05-02 15:00:00,22.02,300.48328,995.7171,3.9670124,33.828537,0.0,0.0
2021-05-02 16:00:00,21.79,299.76093,995.5017,3.73822,35.29837,0.0,0.0
2021-05-02 17:00:00,21.56,298.9931,995.4169,3.4901788,36.80862,0.0,0.0
2021-05-02 18:00:00,21.18,298.18915,995.0617,3.1685321,38.73869,0.0,0.0
2021-05-02 19:00:00,20.48,297.16504,995.18695,3.5815403,41.1876,0.0,0.0
2021-05-02 20:00:00,20.19,296.55762,995.4194,3.410915,42.575466,0.0,0.0
2021-05-02 21:00:00,19.92,295.91815,995.5726,3.262477,43.975815,0.0,0.0
2021-05-02 22:00:00,19.28,295.33337,996.09424,3.0519183,45.2614,0.0,0.0
2021-05-02 23:00:00,18.86,296.54114,996.96265,2.570403,42.256275,0.0,0.0
2021-05-03 00:00:00,18.87,299.9378,997.42847,3.011832,32.77914,0.0,0.0
2021-05-03 01:00:00,18.75,302.72845,997.2989,3.5101182,26.15341,0.0,0.0
2021-05-03 02:00:00,18.07,305.07462,996.8817,3.9206073,21.050865,0.0,0.0
2021-05-03 03:00:00,17.75,306.83215,995.71265,4.318598,18.109703,0.0,0.0
2021-05-03 04:00:00,17.53,307.84204,994.5355,4.3140154,16.628462,0.0,0.0
2021-05-03 05:00:00,17.38,308.49646,993.432,4.3765855,15.116344,0.0,0.0
2021-05-03 06:00:00,17.02,308.8894,992.7721,4.5825706,14.01131,0.0,0.0
2021-05-03 07:00:00,16.53,309.14017,992.12604,4.7490687,14.2077,0.0,0.0
2021-05-03 08:00:00,16.07,308.77277,992.5041,4.764841,14.331478,0.0,0.0
2021-05-03 09:00:00,16.18,307.60406,993.08,4.086445,15.6060915,0.0,0.0
2021-05-03 10:00:00,16.97,305.68848,993.9425,3.9795194,18.145264,0.0,0.0
2021-05-03 11:00:00,17.3,304.24493,994.6,4.333068,20.33047,0.0,0.0
2021-05-03 12:00:00,17.28,303.07336,994.9517,4.571349,22.156155,0.0,0.0
2021-05-03 13:00:00,17.35,302.09103,995.3144,4.6899834,23.740046,0.0,0.0
2021-05-03 14:00:00,17.86,301.20685,995.23193,4.764176,25.183413,0.0,0.0
2021-05-03 15:00:00,17.59,300.40057,995.0541,4.637583,26.571608,0.0,0.0
2021-05-03 16:00:00,17.31,299.53006,994.73596,4.182852,28.291756,0.0,0.0
2021-05-03 17:00:00,17.52,298.5522,994.4011,3.7221124,30.50186,0.0,0.0
2021-05-03 18:00:00,17.55,297.63147,994.2255,3.5948544,32.76895,0.0,0.0
2021-05-03 19:00:00,17.87,296.9478,994.3482,4.354878,33.945156,0.0,0.0
2021-05-03 20:00:00,17.98,296.3313,994.70593,4.1065965,35.554688,0.0,0.0
2021-05-03 21:00:00,18.01,295.81775,994.9305,3.8736591,36.947292,0.0,0.0
2021-05-03 22:00:00,18.39,295.40436,995.74445,3.9143958,38.02443,0.0,0.0
2021-05-03 23:00:00,18.65,296.82996,996.6328,3.977271,35.105335,0.0,0.0
2021-05-04 00:00:00,20.12,300.18146,997.2512,5.5635633,28.36424,0.0,0.0
2021-05-04 01:00:00,20.63,303.13666,997.1138,7.056844,25.068192,0.0,0.0
2021-05-04 02:00:00,21.05,305.5688,996.46924,8.027867,23.540955,0.0,0.0
2021-05-04 03:00:00,20.98,306.88867,995.16486,7.8808684,22.869617,0.0,0.0
2021-05-04 04:00:00,20.72,307.69336,993.8539,7.0591483,21.82205,0.0,0.0
2021-05-04 05:00:00,20.13,308.31342,992.90564,6.3284507,20.59213,0.0,0.0
2021-05-04 06:00:00,19.7,308.66403,992.40985,5.7496085,19.585463,0.0,0.0
2021-05-04 07:00:00,19.21,308.8628,991.78815,5.740707,19.001293,0.0,0.0
2021-05-04 08:00:00,19.26,308.56744,992.15485,5.380551,18.627014,0.0,0.0
2021-05-04 09:00:00,19.62,307.52054,992.7241,4.177818,19.550697,0.0,0.0
2021-05-04 10:00:00,19.21,305.62592,993.1692,3.6776125,22.030981,0.0,0.0
2021-05-04 11:00:00,18.88,304.20142,993.76874,3.9738886,23.994183,0.0,0.0
2021-05-04 12:00:00,18.51,303.00214,994.3258,4.249538,25.545649,0.0,0.0
2021-05-04 13:00:00,18.44,301.94235,994.6036,4.3344927,26.849356,0.0,0.0
2021-05-04 14:00:00,18.17,301.00095,994.7699,4.256207,28.0658,0.0,0.0
2021-05-04 15:00:00,18.11,300.0693,994.63763,3.856753,29.574085,0.0,0.0
2021-05-04 16:00:00,18.03,299.0351,994.2852,3.2954633,31.814777,0.0,0.0
2021-05-04 17:00:00,18.0,297.94684,994.28314,2.9065955,34.735035,0.0,0.0
2021-05-04 18:00:00,17.77,296.88336,994.2761,2.6955554,37.983192,0.0,0.0
2021-05-04 19:00:00,17.99,295.96747,994.4855,3.7749438,38.3301,0.0,0.0
2021-05-04 20:00:00,17.66,295.22638,994.6093,3.6245494,39.987988,0.0,0.0
2021-05-04 21:00:00,17.81,294.5426,994.9175,3.2876291,41.69526,0.0,0.0
2021-05-04 22:00:00,18.95,293.73434,995.60205,2.692512,44.470104,0.0,0.0
2021-05-04 23:00:00,20.76,294.66733,996.4431,1.9756271,44.14828,0.0,0.0
2021-05-05 00:00:00,21.32,298.244,997.1348,1.9635817,33.443195,0.0,0.0
2021-05-05 01:00:00,21.6,301.2464,996.9584,2.5845675,26.697168,0.0,0.0
2021-05-05 02:00:00,21.27,303.76367,996.3109,3.6147623,22.816055,0.0,0.0
2021-05-05 03:00:00,19.97,305.8496,994.85626,4.3907366,20.14914,0.0,0.0
2021-05-05 04:00:00,19.0,307.169,993.6511,4.773198,18.681355,0.0,0.0
2021-05-05 05:00:00,18.59,307.98056,992.76373,4.5354156,17.916023,0.0,0.0
2021-05-05 06:00:00,18.92,308.47882,992.22455,4.136962,17.429308,0.0,0.0
2021-05-05 07:00:00,19.4,308.65393,991.9639,4.003131,18.255144,0.0,0.0
2021-05-05 08:00:00,19.56,308.38037,992.0109,3.8136625,18.191832,0.0,0.0
2021-05-05 09:00:00,19.39,307.46353,992.5536,3.0660026,19.190767,0.0,0.0
2021-05-05 10:00:00,19.36,305.6988,992.92,3.1126482,21.789001,0.0,0.0
2021-05-05 11:00:00,19.47,304.12698,993.8446,3.6761365,24.146736,0.0,0.0
2021-05-05 12:00:00,19.5,302.81924,994.2322,4.1407104,25.985876,0.0,0.0
2021-05-05 13:00:00,19.41,301.76447,994.5767,4.377504,27.544844,0.0,0.0
2021-05-05 14:00:00,19.63,300.8507,994.70264,4.4445734,28.89877,0.0,0.0
2021-05-05 15:00:00,19.92,299.9813,994.61096,4.2522917,30.20462,0.0,0.0
2021-05-05 16:00:00,19.86,299.12112,994.53046,4.0483007,31.67367,0.0,0.0
2021-05-05 17:00:00,19.57,298.27887,994.30835,3.852792,33.27395,0.0,0.0
2021-05-05 18:00:00,19.36,297.47974,994.2301,3.6844273,34.987347,0.0,0.0
2021-05-05 19:00:00,19.2,296.07068,994.3693,3.522294,36.83144,0.0,0.0
2021-05-05 20:00:00,18.77,295.30194,994.7498,3.5445828,38.21697,0.0,0.0
2021-05-05 21:00:00,18.54,294.72287,994.9492,3.518789,39.04099,0.0,0.0
2021-05-05 22:00:00,18.27,294.24524,995.6795,3.341158,39.97775,0.0,0.0
2021-05-05 23:00:00,18.19,295.44867,996.5125,2.812396,37.80736,0.0,0.0
2021-05-06 00:00:00,18.65,299.01004,997.1919,3.192503,29.41527,0.0,0.0
2021-05-06 01:00:00,18.64,301.9013,997.14984,3.7629342,23.581486,0.0,0.0
2021-05-06 02:00:00,18.09,304.22852,996.6834,4.0555573,20.61492,0.0,0.0
2021-05-06 03:00:00,17.45,306.1198,995.44904,4.268484,18.534016,0.0,0.0
2021-05-06 04:00:00,17.33,307.25323,994.1403,3.749192,17.329855,0.0,0.0
2021-05-06 05:00:00,17.21,307.87604,993.0753,3.0614626,16.426388,0.0,0.0
2021-05-06 06:00:00,17.09,308.25403,992.5656,2.6306837,15.743524,0.0,0.0
2021-05-06 07:00:00,16.94,308.63385,992.0137,3.2191777,16.425335,0.0,0.0
2021-05-06 08:00:00,16.65,308.4053,992.2748,3.4555492,16.460028,0.0,0.0
2021-05-06 09:00:00,16.82,307.36707,992.65765,3.1708286,17.723202,0.0,0.0
2021-05-06 10:00:00,17.02,305.5562,993.3569,3.4790816,20.364498,0.0,0.0
2021-05-06 11:00:00,17.49,304.03467,994.0588,4.060143,22.593676,0.0,0.0
2021-05-06 12:00:00,18.02,302.75922,994.56647,4.2878065,24.629997,0.0,0.0
2021-05-06 13:00:00,17.98,301.68756,995.11346,4.128284,26.642195,0.0,0.0
2021-05-06 14:00:00,17.66,300.69324,995.1101,3.916195,28.61101,0.0,0.0
2021-05-06 15:00:00,17.7,299.72284,994.9256,3.7365375,30.606836,0.0,0.0
2021-05-06 16:00:00,17.98,298.86163,994.6554,3.625048,32.373516,0.0,0.0
2021-05-06 17:00:00,18.01,298.06122,994.3326,3.4349174,34.043095,0.0,0.0
2021-05-06 18:00:00,17.84,297.24762,994.109,3.2066667,35.92709,0.0,0.0
2021-05-06 19:00:00,17.52,295.8232,994.58203,3.4861493,37.648613,0.0,0.0
2021-05-06 20:00:00,17.62,294.93384,994.66797,3.2156227,39.7996,0.0,0.0
2021-05-06 21:00:00,17.88,294.24792,995.04315,3.133338,41.395485,0.0,0.0
2021-05-06 22:00:00,17.93,293.66928,995.6102,2.9928381,42.726242,0.0,0.0
2021-05-06 23:00:00,17.95,294.8241,996.3251,2.4695387,40.20464,0.0,0.0
2021-05-07 00:00:00,17.8,298.6095,996.993,2.5803187,30.42531,0.0,0.0
2021-05-07 01:00:00,17.89,301.92847,997.0893,2.93803,23.84074,0.0,0.0
2021-05-07 02:00:00,18.02,304.55005,996.36945,3.5209658,19.041706,0.0,0.0
2021-05-07 03:00:00,17.84,306.0925,995.36017,3.2465048,16.743586,0.0,0.0
2021-05-07 04:00:00,17.51,306.83762,994.01294,2.2613392,15.83682,0.0,0.0
2021-05-07 05:00:00,17.04,307.34348,992.9625,1.5894357,15.038954,0.0,0.0
2021-05-07 06:00:00,16.82,307.64453,992.53186,1.1562127,14.450609,0.0,0.0
2021-05-07 07:00:00,16.25,307.90417,992.12445,0.92014754,15.719104,0.0,0.0
2021-05-07 08:00:00,16.07,307.7038,992.3814,0.68523055,15.674779,0.0,0.0
2021-05-07 09:00:00,15.87,307.15497,992.6948,0.6225393,16.42036,0.0,0.0
2021-05-07 10:00:00,15.88,306.02576,993.30945,1.1606004,18.93836,0.0,0.0
2021-05-07 11:00:00,16.1,304.45874,993.78357,2.065993,22.681126,0.0,0.0
2021-05-07 12:00:00,16.51,302.49573,994.15076,2.5971313,26.699697,0.0,0.0
2021-05-07 13:00:00,16.89,300.84933,994.3331,2.691595,30.151896,0.0,0.0
2021-05-07 14:00:00,17.0,299.533,994.5497,2.647943,33.027275,0.0,0.0
2021-05-07 15:00:00,17.06,298.32544,994.3872,2.3941934,36.36474,0.0,0.0
2021-05-07 16:00:00,17.09,297.13284,994.0206,2.0840874,41.043465,0.0,0.0
2021-05-07 17:00:00,17.09,296.0924,993.5309,1.9561759,44.680313,0.0,0.0
2021-05-07 18:00:00,17.01,295.26266,993.58716,1.9162529,46.495895,0.0,0.0
2021-05-07 19:00:00,17.23,294.25787,993.4725,1.95176,46.757515,0.0,0.0
2021-05-07 20:00:00,17.56,293.61432,993.9328,1.397434,49.530273,0.0,0.0
2021-05-07 21:00:00,18.36,293.1431,994.19653,0.91911966,49.732883,0.0,0.0
2021-05-07 22:00:00,18.75,292.01752,994.7729,1.1682225,55.849087,0.0,0.0
2021-05-07 23:00:00,18.92,292.92038,995.4854,0.9079522,57.298595,0.0,0.0
2021-05-08 00:00:00,20.47,297.0725,995.9,0.8401547,37.834297,0.0,0.0
2021-05-08 01:00:00,20.52,300.5431,996.0566,0.9044794,28.687319,0.0,0.0
2021-05-08 02:00:00,20.11,303.45258,995.4366,1.4059365,21.624468,0.0,0.0
2021-05-08 03:00:00,19.88,305.58453,994.3072,1.891381,17.222467,0.0,0.0
2021-05-08 04:00:00,19.92,306.83063,993.17377,1.6036869,14.6108675,0.0,0.0
2021-05-08 05:00:00,20.52,307.47165,992.1686,1.3605694,13.593494,0.0,0.0
2021-05-08 06:00:00,20.61,307.91693,991.7473,1.681529,12.945636,0.0,0.0
2021-05-08 07:00:00,19.84,307.92865,991.64197,1.9661721,14.782943,0.0,0.0
2021-05-08 08:00:00,19.08,307.7288,991.6615,2.2646124,14.70093,0.0,0.0
2021-05-08 09:00:00,18.05,306.93658,992.3855,2.3331807,15.881395,0.0,0.0
2021-05-08 10:00:00,17.96,305.09158,992.85986,2.936256,19.332495,0.0,0.0
2021-05-08 11:00:00,18.47,303.4912,993.6281,3.3084495,22.565165,0.0,0.0
2021-05-08 12:00:00,18.66,302.08514,993.6406,3.38414,25.68652,0.0,0.0
2021-05-08 13:00:00,18.52,300.85538,994.2475,3.1636715,28.610806,0.0,0.0
2021-05-08 14:00:00,18.6,299.66766,993.9826,2.808311,31.631296,0.0,0.0
2021-05-08 15:00:00,18.16,298.42566,993.92456,2.620715,34.93873,0.0,0.0
2021-05-08 16:00:00,17.83,297.12384,993.61945,2.4796722,37.923077,0.0,0.0
2021-05-08 17:00:00,17.51,295.909,993.3222,2.277106,40.76991,0.0,0.0
2021-05-08 18:00:00,17.09,294.83032,993.15015,2.1533723,42.8067,0.0,0.0
2021-05-08 19:00:00,16.82,293.67743,993.15515,2.715548,37.930775,0.0,0.0
2021-05-08 20:00:00,16.19,292.6936,993.3922,2.8217525,38.393898,0.0,0.0
2021-05-08 21:00:00,15.82,291.96158,993.6842,2.8857155,38.52745,0.0,0.0
2021-05-08 22:00:00,15.39,291.36835,994.33203,2.851279,38.898354,0.0,0.0
2021-05-08 23:00:00,14.78,292.52777,995.285,2.155146,36.538532,0.0,0.0
2021-05-09 00:00:00,13.52,296.38388,996.0098,1.9083091,27.13303,0.0,0.0
2021-05-09 01:00:00,13.47,300.19214,996.11255,1.6771855,20.66513,0.0,0.0
2021-05-09 02:00:00,12.84,303.27332,995.9927,1.574753,16.185184,0.0,0.0
2021-05-09 03:00:00,12.7,305.4518,994.9869,1.6861154,13.245323,0.0,0.0
2021-05-09 04:00:00,12.92,306.94907,993.96405,2.0848243,11.225313,0.0,0.0
2021-05-09 05:00:00,12.87,307.77448,992.8571,2.3094819,10.285691,0.0,0.0
2021-05-09 06:00:00,12.82,308.23276,992.475,2.4130847,9.894924,0.0,0.0
2021-05-09 07:00:00,12.69,308.49658,992.1367,2.6117015,11.142265,0.0,0.0
2021-05-09 08:00:00,12.05,308.28784,992.4453,2.7394612,11.134249,0.0,0.0
2021-05-09 09:00:00,11.66,307.23447,992.8284,2.5392075,12.283554,0.0,0.0
2021-05-09 10:00:00,11.55,305.2621,993.65924,3.1415796,14.785835,0.0,0.0
2021-05-09 11:00:00,11.82,303.42352,994.15076,3.5629408,16.98457,0.0,0.0
2021-05-09 12:00:00,11.55,301.9383,994.71954,3.7659574,18.53003,0.0,0.0
2021-05-09 13:00:00,11.37,300.758,994.9964,3.7115386,19.667372,0.0,0.0
2021-05-09 14:00:00,11.2,299.65036,995.1916,3.4470503,21.022303,0.0,0.0
2021-05-09 15:00:00,10.98,298.43982,994.9484,3.1519387,23.02745,0.0,0.0
2021-05-09 16:00:00,10.85,297.15564,994.4942,2.9067025,25.632275,0.0,0.0
2021-05-09 17:00:00,11.01,295.92926,994.4813,2.6577945,28.734848,0.0,0.0
2021-05-09 18:00:00,11.07,294.7671,994.3921,2.3642745,32.75998,0.0,0.0
2021-05-09 19:00:00,11.37,293.5594,994.91016,2.9517376,31.802347,0.0,0.0
2021-05-09 20:00:00,11.3,292.63513,995.29205,3.072765,33.754272,0.0,0.0
2021-05-09 21:00:00,11.46,291.82916,995.427,2.7739751,35.782646,0.0,0.0
2021-05-09 22:00:00,11.54,291.1137,996.40045,2.3525648,38.545265,0.0,0.0
2021-05-09 23:00:00,11.5,292.22156,997.01447,1.7821736,38.41351,0.0,0.0
2021-05-10 00:00:00,12.39,296.4447,997.76166,1.857913,25.868324,0.0021474867,0.0
2021-05-10 01:00:00,12.68,300.13184,997.94977,2.086254,19.940805,0.0,0.0
2021-05-10 02:00:00,12.7,303.24982,997.5906,2.4486368,16.110252,0.0,0.0
2021-05-10 03:00:00,13.27,305.58545,996.5466,2.837306,13.803151,0.0,0.0
2021-05-10 04:00:00,13.47,307.01825,995.20386,2.848433,12.238932,0.0,0.0
2021-05-10 05:00:00,13.38,307.7403,994.18677,2.6994684,11.541979,0.0,0.0
2021-05-10 06:00:00,13.18,308.18512,993.78436,2.9896963,11.227217,0.0,0.0
2021-05-10 07:00:00,13.07,308.75928,993.4563,4.594443,12.190631,0.0,0.0
2021-05-10 08:00:00,12.83,308.3144,993.53906,4.868875,12.474112,0.0,0.0
2021-05-10 09:00:00,13.07,306.95578,994.135,4.047693,14.01452,0.0,0.0
2021-05-10 10:00:00,13.27,304.94238,994.8187,3.9250531,16.534515,0.0,0.0
2021-05-10 11:00:00,13.69,303.48743,995.8826,4.119553,18.660044,0.0,0.0
2021-05-10 12:00:00,14.52,302.28442,996.4419,4.086541,20.578232,0.0,0.0
2021-05-10 13:00:00,14.88,301.22876,996.8733,3.9824204,22.376322,0.0,0.0
2021-05-10 14:00:00,15.35,300.19666,996.83563,3.8241498,24.220367,0.0,0.0
2021-05-10 15:00:00,15.53,299.08264,996.68945,3.7083597,26.268717,0.0,0.0
2021-05-10 16:00:00,15.54,297.95215,996.4271,3.7279153,28.308245,0.0,0.0
2021-05-10 17:00:00,15.53,296.9793,996.45544,3.9175115,29.846987,0.0,0.0
2021-05-10 18:00:00,15.44,296.3097,996.34,4.038447,30.524727,0.0,0.0
2021-05-10 19:00:00,15.11,295.19498,996.87854,3.7131555,30.784142,0.0,0.0
2021-05-10 20:00:00,14.84,294.3095,996.64435,3.512152,32.697735,0.0,0.0
2021-05-10 21:00:00,14.86,293.63297,997.0792,3.379621,34.409714,0.0,0.0
2021-05-10 22:00:00,14.35,293.02692,997.32764,3.2949734,36.13594,0.0,0.0
2021-05-10 23:00:00,13.93,294.21655,998.2473,3.058121,34.245518,0.0,0.0
2021-05-11 00:00:00,15.04,298.1228,998.67456,3.6617112,26.870262,0.0,0.0
2021-05-11 01:00:00,15.01,301.92096,999.0171,4.4983783,21.665386,0.0,0.0
2021-05-11 02:00:00,14.61,304.9063,998.56287,5.414388,18.332918,0.0,0.0
2021-05-11 03:00:00,14.27,306.6104,997.34283,6.321899,15.6323595,0.0,0.0
2021-05-11 04:00:00,14.57,307.3747,995.9406,6.1724043,14.344388,0.0,0.0
2021-05-11 05:00:00,15.22,307.85382,994.97375,5.768196,13.6478615,0.0,0.0
2021-05-11 06:00:00,15.68,308.06552,994.22235,5.440136,13.269375,0.0,0.0
2021-05-11 07:00:00,15.79,308.03534,994.085,5.0803843,13.834533,0.0,0.0
2021-05-11 08:00:00,15.37,307.61237,994.15454,4.9345684,14.097921,0.0,0.0
2021-05-11 09:00:00,15.78,306.2751,994.71265,3.8191328,15.883634,0.0,0.0
2021-05-11 10:00:00,15.65,304.25043,995.1764,3.7846403,18.803015,0.0,0.0
2021-05-11 11:00:00,15.62,302.81177,995.5994,4.076163,21.031313,0.0,0.0
2021-05-11 12:00:00,15.68,301.64023,996.05023,4.2376184,22.877996,0.0,0.0
2021-05-11 13:00:00,16.09,300.6101,996.34015,4.1825895,24.563414,0.0,0.0
2021-05-11 14:00:00,16.46,299.63177,996.4282,4.1660304,26.122725,0.0,0.0
2021-05-11 15:00:00,16.66,298.69037,996.3388,4.1326666,27.48346,0.0,0.0
2021-05-11 16:00:00,16.83,297.79007,996.1514,3.985683,28.673744,0.0,0.0
2021-05-11 17:00:00,16.86,296.93414,996.00604,3.8443108,29.771788,0.0,0.0
2021-05-11 18:00:00,16.99,296.12946,995.7573,3.7800686,30.798706,0.0,0.0
2021-05-11 19:00:00,16.75,294.47437,996.1397,3.5090983,33.539692,0.0,0.0
2021-05-11 20:00:00,16.41,293.64056,996.4373,3.5955734,34.928955,0.0,0.0
2021-05-11 21:00:00,16.49,293.1759,996.96094,3.8061202,35.301212,0.0,0.0
2021-05-11 22:00:00,16.44,293.056,997.7408,4.1091185,35.04072,0.0,0.0
2021-05-11 23:00:00,16.59,294.60657,998.6873,4.111028,32.386063,0.0,0.0
2021-05-12 00:00:00,17.25,298.0712,999.28687,5.1655164,27.575722,0.0034213066,0.0
2021-05-12 01:00:00,17.24,301.15305,999.4014,6.0395126,24.62526,0.0,0.0
2021-05-12 02:00:00,17.02,303.6761,998.93604,6.1988907,21.705797,0.0,0.0
2021-05-12 03:00:00,17.06,305.4112,997.78394,5.7079244,18.737053,0.0,0.0
2021-05-12 04:00:00,16.95,306.29373,996.664,4.4731855,16.94088,0.0,0.0
2021-05-12 05:00:00,16.86,306.66742,995.7001,3.4393325,16.09552,0.0,0.0
2021-05-12 06:00:00,16.62,306.89447,994.8853,3.4296196,15.5748625,0.0,0.0
2021-05-12 07:00:00,16.28,306.9095,994.6,3.8443553,16.602829,0.0,0.0
2021-05-12 08:00:00,16.0,306.5329,994.6931,4.081722,16.684574,0.0,0.0
2021-05-12 09:00:00,16.35,305.4558,995.15,3.6506362,18.036627,0.0,0.0
2021-05-12 10:00:00,16.63,303.66943,995.59686,3.4309487,20.7433,0.0,0.0
2021-05-12 11:00:00,17.02,302.3112,996.2518,3.447606,23.107038,0.0,0.0
2021-05-12 12:00:00,17.08,301.13168,996.7589,3.318333,25.372362,0.0,0.0
2021-05-12 13:00:00,16.66,299.9682,996.7461,3.0974607,27.83386,0.0,0.0
2021-05-12 14:00:00,16.28,298.84998,996.55,3.087962,30.356295,0.0,0.0
2021-05-12 15:00:00,15.74,297.82806,996.37195,3.410672,32.53537,0.0,0.0
2021-05-12 16:00:00,15.45,297.01434,996.1858,3.7486258,34.044098,0.0,0.0
2021-05-12 17:00:00,15.18,296.40228,996.03265,3.9894845,34.831024,0.0,0.0
2021-05-12 18:00:00,14.98,296.04803,995.83875,4.233958,34.82837,0.0,0.0
2021-05-12 19:00:00,14.92,294.57104,996.0538,4.200774,37.145706,0.0,0.0
2021-05-12 20:00:00,14.65,294.0385,996.41046,4.281328,37.653507,0.0,0.0
2021-05-12 21:00:00,14.79,293.65125,996.87335,4.191058,37.84715,0.0,0.0
2021-05-12 22:00:00,14.91,293.27435,997.55023,3.9395425,38.182728,0.0,0.0
2021-05-12 23:00:00,15.06,294.25513,998.4394,3.5633817,35.899803,0.0,0.0
2021-05-13 00:00:00,14.92,297.08142,998.7866,4.30717,29.688068,0.0017195939,0.0
2021-05-13 01:00:00,14.66,299.93427,998.7328,4.9623313,25.117386,0.0,0.0
2021-05-13 02:00:00,14.4,302.42712,998.3066,5.582901,21.730394,0.0,0.0
2021-05-13 03:00:00,14.14,303.90115,997.3917,5.835026,19.424206,0.0,0.0
2021-05-13 04:00:00,13.5,304.71594,996.2952,5.6923394,17.838041,0.0,0.0
2021-05-13 05:00:00,12.87,305.2199,995.4794,5.5773077,16.899557,0.0,0.0
2021-05-13 06:00:00,12.68,305.44226,994.83124,5.4251537,16.444412,0.0,0.0
2021-05-13 07:00:00,12.29,305.3811,994.3292,5.781001,17.83164,0.0,0.0
2021-05-13 08:00:00,11.97,304.9147,994.2722,5.703754,18.035328,0.0,0.0
2021-05-13 09:00:00,11.91,303.72675,994.66516,4.641761,19.559864,0.0,0.0
2021-05-13 10:00:00,11.6,301.9466,995.0146,3.9890268,22.313549,0.0,0.0
2021-05-13 11:00:00,11.73,300.5909,995.31757,3.8524554,24.640043,0.0,0.0
2021-05-13 12:00:00,11.78,299.36847,996.1127,3.8227015,26.865969,0.0,0.0
2021-05-13 13:00:00,11.8,298.18896,996.315,3.7325134,29.109684,0.0,0.0
2021-05-13 14:00:00,11.95,297.0356,996.536,3.6729968,31.337408,0.0,0.0
2021-05-13 15:00:00,11.89,295.9748,996.8745,3.8054297,33.170193,0.0,0.0
2021-05-13 16:00:00,11.49,295.1091,996.7473,4.093314,34.097908,0.0,0.0
2021-05-13 17:00:00,10.81,294.50113,996.6359,4.4686995,33.876057,0.0,0.0
2021-05-13 18:00:00,10.09,294.00763,996.5253,4.6601987,32.919044,0.0,0.0
2021-05-13 19:00:00,9.33,292.19226,996.41174,4.089938,35.84836,0.0,0.0
2021-05-13 20:00:00,7.96,291.34766,996.9636,3.732105,36.248245,0.0,0.0
2021-05-13 21:00:00,7.08,290.56863,997.3325,3.5093465,36.703068,0.0,0.0
2021-05-13 22:00:00,6.36,289.85687,998.0711,3.4512975,37.09843,0.0,0.0
2021-05-13 23:00:00,5.91,290.85645,998.8353,3.2709804,33.755497,0.0,0.0
2021-05-14 00:00:00,6.38,294.2318,999.5497,4.271336,25.193163,0.0017210675,0.0
2021-05-14 01:00:00,6.53,297.42676,999.45935,5.1902037,19.00471,0.0,0.0
2021-05-14 02:00:00,6.22,300.05847,999.115,6.326737,13.866961,0.0,0.0
2021-05-14 03:00:00,5.58,301.76566,997.96326,7.337044,11.183584,0.0,0.0
2021-05-14 04:00:00,5.08,302.96918,996.78906,7.1422586,9.906033,0.0,0.0
2021-05-14 05:00:00,4.95,303.83948,995.6897,6.897439,9.034315,0.0,0.0
2021-05-14 06:00:00,5.03,304.30536,995.0756,6.8323197,8.565186,0.0,0.0
2021-05-14 07:00:00,5.12,304.25845,994.5449,6.6759033,9.055265,0.0,0.0
2021-05-14 08:00:00,5.24,303.77325,994.68274,6.5389895,9.413492,0.0,0.0
2021-05-14 09:00:00,5.64,302.29974,995.28424,5.155301,10.960141,0.0,0.0
2021-05-14 10:00:00,5.97,300.29242,995.9844,4.7093344,13.196924,0.0,0.0
2021-05-14 11:00:00,6.56,298.8122,996.45905,4.5583878,15.1309805,0.0,0.0
2021-05-14 12:00:00,6.87,297.56082,996.97986,4.4917283,16.855686,0.0,0.0
2021-05-14 13:00:00,6.96,296.37048,997.27234,4.4489365,18.439472,0.0,0.0
2021-05-14 14:00:00,7.11,295.2261,997.33673,4.404252,19.804243,0.0,0.0
2021-05-14 15:00:00,6.95,294.18265,997.3244,4.350884,20.913712,0.0,0.0
2021-05-14 16:00:00,6.6,293.30533,997.2477,4.4188175,21.578196,0.0,0.0
2021-05-14 17:00:00,6.48,292.6081,997.18976,4.456454,21.818651,0.0,0.0
2021-05-14 18:00:00,6.24,291.96613,997.1161,4.3976064,22.063658,0.0,0.0
2021-05-14 19:00:00,5.89,290.28082,997.41876,4.0349545,26.007658,0.0,0.0
2021-05-14 20:00:00,5.83,289.50394,997.711,3.923215,27.130377,0.0,0.0
2021-05-14 21:00:00,5.86,288.90045,998.0578,3.9125566,28.019247,0.0,0.0
2021-05-14 22:00:00,5.73,288.45712,998.71893,3.9331977,28.630724,0.0,0.0
2021-05-14 23:00:00,5.74,289.72565,999.2272,3.7477603,26.425201,0.0,0.0
2021-05-15 00:00:00,6.54,293.2495,999.8451,4.731762,20.277851,0.0025860872,0.0
2021-05-15 01:00:00,6.27,296.53503,999.8931,5.888827,15.975085,0.0,0.0
2021-05-15 02:00:00,6.03,299.26825,999.4592,6.55072,13.276346,0.0,0.0
2021-05-15 03:00:00,6.14,301.21933,998.4818,6.8399057,11.666189,0.0,0.0
2021-05-15 04:00:00,6.01,302.40527,997.1875,6.4673243,10.642179,0.0,0.0
2021-05-15 05:00:00,6.04,303.17865,996.1217,6.0646296,10.033315,0.0,0.0
2021-05-15 06:00:00,5.94,303.62427,995.5161,5.9255095,9.800538,0.0,0.0
2021-05-15 07:00:00,5.69,303.71533,994.9981,6.3983,11.070659,0.0,0.0
2021-05-15 08:00:00,5.66,303.1953,995.0181,6.444061,11.576825,0.0,0.0
2021-05-15 09:00:00,5.88,301.72552,995.44226,5.0366683,13.128734,0.0,0.0
2021-05-15 10:00:00,6.83,299.71442,996.26483,4.584966,15.439137,0.0,0.0
2021-05-15 11:00:00,7.72,298.24304,997.03,4.6099257,17.400492,0.0,0.0
2021-05-15 12:00:00,8.23,297.01215,997.6786,4.731868,19.228577,0.0,0.0
2021-05-15 13:00:00,8.29,295.88696,998.0513,4.7779636,21.03028,0.0,0.0
2021-05-15 14:00:00,8.11,294.84692,998.02576,4.7443833,22.84519,0.0,0.0
2021-05-15 15:00:00,8.32,293.93988,998.0825,4.7155304,24.693098,0.0,0.0
2021-05-15 16:00:00,8.57,293.17816,998.3182,4.739321,26.507278,0.0,0.0
2021-05-15 17:00:00,8.73,292.50275,998.04694,4.7688084,28.229614,0.0,0.0
2021-05-15 18:00:00,8.5,291.91687,998.06946,4.7173367,29.710575,0.0,0.0
2021-05-15 19:00:00,7.66,290.2848,997.9482,4.0089602,32.970383,0.0,0.0
2021-05-15 20:00:00,7.02,289.55383,997.9833,3.8003783,34.8743,0.0,0.0
2021-05-15 21:00:00,7.05,288.96002,998.4944,3.7361376,36.594215,0.0,0.0
2021-05-15 22:00:00,7.18,288.49768,999.10376,3.8488135,38.034485,0.0,0.0
2021-05-15 23:00:00,6.99,289.75854,999.9468,3.932018,35.533775,0.0,0.0
2021-05-16 00:00:00,7.89,293.01746,1000.3657,5.3217306,28.783968,0.0017166138,0.0
2021-05-16 01:00:00,7.88,295.95682,1000.3572,6.865526,24.215824,0.0,0.0
2021-05-16 02:00:00,8.03,298.3791,999.6188,7.580168,21.028105,0.0,0.0
2021-05-16 03:00:00,8.09,300.26752,998.40717,7.399512,18.159746,0.0,0.0
2021-05-16 04:00:00,8.23,301.5334,996.9866,6.683129,16.282154,0.0,0.0
2021-05-16 05:00:00,8.33,302.41248,996.0659,6.0937147,15.158645,0.0,0.0
2021-05-16 06:00:00,8.78,302.87558,995.5404,5.731745,14.667509,0.0,0.0
2021-05-16 07:00:00,8.97,303.0863,995.115,5.754872,15.077281,0.0,0.0
2021-05-16 08:00:00,8.99,302.657,995.47284,5.6852455,15.544682,0.0,0.0
2021-05-16 09:00:00,8.77,301.30426,996.02875,4.673262,17.408121,0.0,0.0
2021-05-16 10:00:00,8.73,299.36807,996.7035,4.81343,20.35991,0.0,0.0
2021-05-16 11:00:00,8.93,298.02136,997.20233,5.13681,22.522753,0.0,0.0
2021-05-16 12:00:00,8.76,296.97455,997.87103,5.2587104,23.8193,0.0,0.0
2021-05-16 13:00:00,8.56,296.01102,998.1295,5.2212257,24.660982,0.0,0.0
2021-05-16 14:00:00,8.52,295.0766,998.3108,5.091881,25.369644,0.0,0.0
2021-05-16 15:00:00,8.75,294.17365,998.2889,4.9437575,26.143997,0.0,0.0
2021-05-16 16:00:00,8.86,293.29916,998.2774,4.8270636,27.156206,0.0,0.0
2021-05-16 17:00:00,8.9,292.50885,998.28546,4.758588,28.295494,0.0,0.0
2021-05-16 18:00:00,8.84,291.8286,998.1847,4.7587576,29.346401,0.0,0.0
2021-05-16 19:00:00,8.65,290.39087,998.1179,4.750161,31.94055,0.0,0.0
2021-05-16 20:00:00,8.41,289.7776,998.2029,4.7144527,33.0082,0.0,0.0
2021-05-16 21:00:00,8.09,289.28033,998.4214,4.594186,33.78987,0.0,0.0
2021-05-16 22:00:00,8.03,288.87857,999.026,4.5573955,34.31726,0.0,0.0
2021-05-16 23:00:00,8.25,290.02826,999.7889,4.5304613,31.573013,0.0,0.0
2021-05-17 00:00:00,8.28,293.01105,1000.2978,5.762729,25.092815,0.001287666,0.0
2021-05-17 01:00:00,8.26,295.84637,1000.08453,6.83502,20.462055,0.0,0.0
2021-05-17 02:00:00,8.32,298.35565,999.6858,7.115766,17.511305,0.0,0.0
2021-05-17 03:00:00,8.02,300.292,998.21796,6.991182,15.433899,0.0,0.0
2021-05-17 04:00:00,7.71,301.68347,997.0117,6.289802,13.970494,0.0,0.0
2021-05-17 05:00:00,7.36,302.61514,996.22064,5.3966002,13.034932,0.0,0.0
2021-05-17 06:00:00,7.31,303.1585,995.78094,5.0455647,12.572437,0.0,0.0
2021-05-17 07:00:00,7.56,303.37418,995.51,4.7872424,13.442646,0.0,0.0
2021-05-17 08:00:00,8.02,303.04877,995.83185,5.0119896,13.840047,0.0,0.0
2021-05-17 09:00:00,8.3,301.65283,996.27,4.1366534,15.869598,0.0,0.0
2021-05-17 10:00:00,8.44,299.6264,997.11584,4.110806,19.108395,0.0,0.0
2021-05-17 11:00:00,9.42,298.1825,997.6264,4.3367505,21.833355,0.0,0.0
2021-05-17 12:00:00,9.66,297.0559,998.1756,4.4181523,23.984253,0.0,0.0
2021-05-17 13:00:00,9.41,296.0665,998.4811,4.498906,25.652313,0.0,0.0
2021-05-17 14:00:00,9.28,295.16187,998.47876,4.5863595,26.877281,0.0,0.0
2021-05-17 15:00:00,9.12,294.3459,998.2612,4.7190094,27.601028,0.0,0.0
2021-05-17 16:00:00,9.26,293.64264,998.11273,4.930532,27.856775,0.0,0.0
2021-05-17 17:00:00,9.5,292.9993,997.7261,5.1464148,27.866083,0.0,0.0
2021-05-17 18:00:00,9.5,292.43536,997.48303,5.300568,27.691359,0.0,0.0
2021-05-17 19:00:00,9.08,291.06366,997.4129,5.11677,28.872849,0.0,0.0
2021-05-17 20:00:00,8.93,290.43698,997.6283,4.813509,29.083267,0.0,0.0
2021-05-17 21:00:00,9.07,289.83057,997.85406,4.3785872,29.462141,0.0,0.0
2021-05-17 22:00:00,9.02,289.25604,998.6746,4.2007613,29.901102,0.0,0.0
2021-05-17 23:00:00,9.15,290.23987,999.538,3.9662476,27.660387,0.0,0.0
2021-05-18 00:00:00,9.09,293.276,999.9931,4.9865804,21.494621,0.0,0.0
2021-05-18 01:00:00,9.0,296.1629,1000.0642,5.765334,17.178526,0.0,0.0
2021-05-18 02:00:00,8.93,298.72186,999.8131,5.699962,14.659347,0.0,0.0
2021-05-18 03:00:00,9.24,300.71356,998.6487,5.1189394,13.365267,0.0,0.0
2021-05-18 04:00:00,9.35,302.05383,997.6019,4.383897,12.58981,0.0,0.0
2021-05-18 05:00:00,9.19,302.907,996.4359,3.8282042,11.8559265,0.0,0.0
2021-05-18 06:00:00,9.38,303.43756,995.6487,3.635651,11.366238,0.0,0.0
2021-05-18 07:00:00,9.39,303.99594,994.85846,4.0501895,11.492231,0.0,0.0
2021-05-18 08:00:00,9.47,303.734,995.0239,4.170081,11.712532,0.0,0.0
2021-05-18 09:00:00,9.5,302.34372,995.49414,3.6498036,13.453163,0.0,0.0
2021-05-18 10:00:00,9.64,300.173,996.0009,4.1322465,16.47468,0.0,0.0
2021-05-18 11:00:00,9.98,298.64667,996.7307,4.6101656,18.995071,0.0,0.0
2021-05-18 12:00:00,10.44,297.49463,997.1217,4.735894,20.962708,0.0,0.0
2021-05-18 13:00:00,10.84,296.5628,997.1378,4.6751604,22.250835,0.0,0.0
2021-05-18 14:00:00,10.96,295.65912,997.2247,4.5616746,23.176483,0.0,0.0
2021-05-18 15:00:00,11.55,294.73163,996.8962,4.4560533,23.936062,0.0,0.0
2021-05-18 16:00:00,12.14,293.8772,996.8169,4.5433517,24.363876,0.0,0.0
2021-05-18 17:00:00,12.53,293.21118,996.6953,4.7225246,24.17752,0.0,0.0
2021-05-18 18:00:00,12.67,292.685,996.6248,4.870165,23.575935,0.0,0.0
2021-05-18 19:00:00,13.35,291.3291,996.7184,4.7400117,25.442297,0.0,0.0
2021-05-18 20:00:00,14.37,290.81653,996.9924,4.7231126,25.534893,0.0,0.0
2021-05-18 21:00:00,14.8,290.43463,997.28235,4.799824,25.65083,0.0,0.0
2021-05-18 22:00:00,15.81,290.17188,997.8071,4.7445607,25.722244,0.0,0.0
2021-05-18 23:00:00,15.9,291.29584,998.6141,4.4127955,23.941692,0.0,0.0
2021-05-19 00:00:00,17.0,294.4701,998.9288,5.280828,18.922815,0.0,0.0
2021-05-19 01:00:00,17.57,297.66724,998.9551,5.9550004,14.878653,0.0,0.0
2021-05-19 02:00:00,17.76,300.44385,998.77435,6.045714,12.478159,0.0,0.0
2021-05-19 03:00:00,17.78,302.57846,997.64185,5.9718094,11.171298,0.0,0.0
2021-05-19 04:00:00,17.87,303.87567,996.5419,5.3695307,10.712494,0.0,0.0
2021-05-19 05:00:00,18.5,304.62177,995.64136,4.502833,10.57131,0.0,0.0
2021-05-19 06:00:00,19.4,305.00946,995.08234,3.7246635,10.616329,0.0,0.0
2021-05-19 07:00:00,19.37,305.26758,994.8178,2.7774844,11.960235,0.0,0.0
2021-05-19 08:00:00,19.6,305.05472,994.9847,2.327432,12.152698,0.0,0.0
2021-05-19 09:00:00,20.11,304.09454,995.4402,2.3856761,13.636621,0.0,0.0
2021-05-19 10:00:00,20.49,301.87085,996.0864,3.4329262,16.900785,0.0,0.0
2021-05-19 11:00:00,20.78,300.12927,996.7285,3.9643896,19.328754,0.0,0.0
2021-05-19 12:00:00,21.24,298.98737,997.20935,4.1262507,21.183033,0.0,0.0
2021-05-19 13:00:00,21.37,298.00607,997.3133,3.987452,22.856016,0.0,0.0
2021-05-19 14:00:00,21.56,297.02164,997.1136,3.7908366,24.46951,0.0,0.0
2021-05-19 15:00:00,22.08,296.1857,996.6886,3.5719037,25.862509,0.0,0.0
2021-05-19 16:00:00,22.1,295.34055,996.61633,3.224363,27.495972,0.0,0.0
2021-05-19 17:00:00,21.6,294.44733,996.5372,2.9359338,29.53728,0.0,0.0
2021-05-19 18:00:00,21.21,293.80167,996.5831,2.6435325,31.520027,0.0,0.0
2021-05-19 19:00:00,21.35,293.03168,996.82654,2.4978404,32.52511,0.0,0.0
2021-05-19 20:00:00,21.52,292.26254,997.02783,2.4384725,34.63519,0.0,0.0
2021-05-19 21:00:00,22.12,291.76242,997.34326,2.5877707,35.578037,0.0,0.0
2021-05-19 22:00:00,23.13,291.32822,997.8801,2.5858285,36.825245,0.0,0.0
2021-05-19 23:00:00,23.46,292.08435,998.6255,2.3213704,35.756165,0.0,0.0
2021-05-20 00:00:00,23.78,295.24307,998.90924,2.4958413,28.093258,0.0,0.0
2021-05-20 01:00:00,23.53,298.87018,998.84845,2.8435786,22.160172,0.0,0.0
2021-05-20 02:00:00,22.77,301.98654,998.385,3.3887784,18.693914,0.0,0.0
2021-05-20 03:00:00,22.28,304.12018,997.3175,3.747266,17.541357,0.0,0.0
2021-05-20 04:00:00,21.99,305.1878,996.3275,3.371205,16.952488,0.0,0.0
2021-05-20 05:00:00,21.84,305.83383,995.6442,2.9340365,16.129196,0.0,0.0
2021-05-20 06:00:00,21.52,306.16913,995.0889,2.6869583,15.918775,0.0,0.0
2021-05-20 07:00:00,22.02,306.35315,994.9629,2.427919,15.9302635,0.0,0.0
2021-05-20 08:00:00,22.03,306.15057,995.42773,2.5129926,16.214853,0.0,0.0
2021-05-20 09:00:00,21.96,305.13538,995.8596,2.5881329,17.916697,0.0,0.0
2021-05-20 10:00:00,22.73,303.15503,996.4932,3.313463,21.074142,0.0,0.0
2021-05-20 11:00:00,23.66,301.63858,997.07794,3.6965935,23.39738,0.0,0.0
2021-05-20 12:00:00,23.97,300.33478,997.29095,3.8499715,25.52013,0.0,0.0
2021-05-20 13:00:00,24.3,299.263,997.5684,3.7318697,27.609205,0.0,0.0
2021-05-20 14:00:00,24.49,298.38855,997.5018,3.4635563,29.605658,0.0,0.0
2021-05-20 15:00:00,24.91,297.53156,997.1568,3.1626172,31.76223,0.0,0.0
2021-05-20 16:00:00,24.52,296.68484,996.9409,2.9135053,34.22464,0.0,0.0
2021-05-20 17:00:00,24.07,295.76123,996.9218,2.6931863,37.22183,0.0,0.0
2021-05-20 18:00:00,23.5,294.86725,996.59845,2.4999256,40.4273,0.0,0.0
2021-05-20 19:00:00,23.45,293.87976,996.711,2.8071902,42.32669,0.0,0.0
2021-05-20 20:00:00,23.65,293.13947,996.8106,2.8339458,44.88983,0.0,0.0
2021-05-20 21:00:00,24.29,292.53705,996.9377,2.933899,47.037,0.0,0.0
2021-05-20 22:00:00,25.11,292.1286,997.19147,3.0263345,48.657948,0.0,0.0
2021-05-20 23:00:00,25.68,293.26117,997.94476,2.790766,45.938934,0.0,0.0
2021-05-21 00:00:00,26.64,297.04276,998.1781,3.2219582,35.548054,0.0,0.0
2021-05-21 01:00:00,26.89,300.4511,998.2475,3.7710013,28.291992,0.0,0.0
2021-05-21 02:00:00,27.3,303.152,997.8074,4.1238947,24.031694,0.0,0.0
2021-05-21 03:00:00,27.52,305.03656,996.8194,4.2492657,21.567314,0.0,0.0
2021-05-21 04:00:00,27.92,305.93585,995.6119,3.365334,20.479061,0.0,0.0
2021-05-21 05:00:00,28.19,306.43292,994.8219,2.5868165,19.368946,0.0,0.0
2021-05-21 06:00:00,28.49,306.69446,994.3798,2.2831686,18.822983,0.0,0.0
2021-05-21 07:00:00,28.99,306.58612,994.23267,2.0728106,20.646563,0.0,0.0
2021-05-21 08:00:00,29.22,306.38266,994.6211,2.428067,20.889101,0.0,0.0
2021-05-21 09:00:00,29.25,305.49023,995.12726,2.476767,22.627995,0.0,0.0
2021-05-21 10:00:00,29.14,303.90427,995.6308,2.889535,26.024902,0.0,0.0
2021-05-21 11:00:00,28.96,302.69904,996.2039,3.270518,28.514988,0.0,0.0
2021-05-21 12:00:00,29.04,301.5559,996.2735,3.414015,30.730183,0.0,0.0
2021-05-21 13:00:00,28.58,300.81287,996.2645,3.3342109,32.22697,0.0,0.0
2021-05-21 14:00:00,28.04,300.37225,996.0275,3.0300488,33.244587,0.0,0.0
2021-05-21 15:00:00,27.75,299.82312,995.6758,2.798092,34.586887,0.0,0.0
2021-05-21 16:00:00,27.03,299.3694,995.3297,2.8059916,35.58678,0.0,0.0
2021-05-21 17:00:00,25.95,298.57288,995.008,3.197941,36.923363,0.0,0.0
2021-05-21 18:00:00,24.87,297.61475,994.7416,3.484607,38.588978,0.0,0.0
2021-05-21 19:00:00,24.01,295.60596,994.8131,3.3763273,43.066833,0.0,0.0
2021-05-21 20:00:00,23.38,294.7312,994.83966,3.5657904,45.13238,0.0,0.0
2021-05-21 21:00:00,23.23,294.13742,995.0023,3.5552256,46.382988,0.0,0.0
2021-05-21 22:00:00,23.17,293.62576,995.52405,3.5764136,47.327152,0.0,0.0
2021-05-21 23:00:00,22.48,294.50494,996.2436,3.420172,44.29492,0.0,0.0
2021-05-22 00:00:00,21.79,297.55865,996.8196,4.250487,35.198765,0.0,0.0
2021-05-22 01:00:00,21.5,300.63727,996.8667,4.940302,27.581945,0.0,0.0
2021-05-22 02:00:00,21.36,303.24942,996.3956,5.330873,22.48635,0.0,0.0
2021-05-22 03:00:00,20.97,304.98987,995.5075,5.0254645,20.059036,0.0,0.0
2021-05-22 04:00:00,20.91,305.89755,994.274,3.9934163,19.319666,0.0,0.0
2021-05-22 05:00:00,21.0,306.4231,993.4905,3.1997454,18.671234,0.0,0.0
2021-05-22 06:00:00,20.69,306.68832,992.7224,2.934377,18.239202,0.0,0.0
2021-05-22 07:00:00,20.41,306.76056,992.21906,3.1075299,18.466476,0.0,0.0
2021-05-22 08:00:00,20.15,306.42914,992.4177,3.0976915,18.68869,0.0,0.0
2021-05-22 09:00:00,19.97,305.3472,992.6616,2.7236466,20.287739,0.0,0.0
2021-05-22 10:00:00,19.76,303.64676,992.9639,3.1584623,23.068151,0.0,0.0
2021-05-22 11:00:00,20.32,302.24597,993.82886,3.5981972,25.417736,0.0,0.0
2021-05-22 12:00:00,20.21,301.0344,994.37744,3.738923,27.614311,0.0,0.0
2021-05-22 13:00:00,19.53,299.8969,994.81714,3.6236424,29.933716,0.0,0.0
2021-05-22 14:00:00,19.3,298.8684,994.78784,3.511772,32.19485,0.0,0.0
2021-05-22 15:00:00,19.33,297.94788,994.80444,3.4427252,34.32021,0.0,0.0
2021-05-22 16:00:00,19.19,297.05615,994.64526,3.2731457,36.477516,0.0,0.0
2021-05-22 17:00:00,19.47,296.26523,994.825,3.2235043,38.396034,0.0,0.0
2021-05-22 18:00:00,19.07,295.81406,994.724,3.2789865,39.33863,0.0,0.0
2021-05-22 19:00:00,19.06,294.45743,994.2541,3.3056767,41.32759,0.0,0.0
2021-05-22 20:00:00,19.19,293.52292,994.5767,3.0464149,43.80803,0.0,0.0
2021-05-22 21:00:00,19.05,292.7821,994.9147,2.6117551,46.628223,0.0,0.0
2021-05-22 22:00:00,18.73,292.1187,995.47406,2.2063477,50.25592,0.0,0.0
2021-05-22 23:00:00,18.46,292.91736,996.56396,1.8439636,50.267784,0.0,0.0
2021-05-23 00:00:00,21.1,296.5501,996.9603,2.051683,41.84768,0.0,0.0
2021-05-23 01:00:00,21.43,299.483,997.16705,2.1129365,42.59196,0.0,0.0
2021-05-23 02:00:00,22.23,301.76184,996.6964,2.0418499,38.9169,0.0,0.0
2021-05-23 03:00:00,22.26,303.5968,995.8193,1.9849664,32.92643,0.0,0.0
2021-05-23 04:00:00,22.04,304.8848,994.67267,2.1942441,28.146189,0.0,0.0
2021-05-23 05:00:00,21.99,305.6717,993.64575,2.1091108,25.354094,0.0,0.0
2021-05-23 06:00:00,21.91,306.06528,992.97534,1.9130603,23.674204,0.0,0.0
2021-05-23 07:00:00,21.84,306.6118,992.4888,1.6512531,21.751026,0.0,0.0
2021-05-23 08:00:00,21.74,306.35773,992.82007,1.3775771,21.62793,0.0,0.0
2021-05-23 09:00:00,22.13,305.73993,993.2349,0.6968461,22.470774,0.0,0.0
2021-05-23 10:00:00,22.25,304.83087,993.8607,0.44678864,24.300442,0.0,0.0
2021-05-23 11:00:00,22.85,303.47382,994.6546,1.2781075,31.908781,0.0,0.0
2021-05-23 12:00:00,23.54,302.1117,995.2382,1.9075277,32.5978,0.0,0.0
2021-05-23 13:00:00,23.92,300.60498,995.3438,2.0395477,36.4875,0.0,0.0
2021-05-23 14:00:00,24.92,299.28543,995.1093,1.8699304,40.016396,0.0,0.0
2021-05-23 15:00:00,25.91,298.70947,994.97455,1.3341577,40.244503,0.0,0.0
2021-05-23 16:00:00,26.97,298.30377,994.6262,0.45122358,40.04411,0.0,0.0
2021-05-23 17:00:00,27.92,296.45593,994.90094,1.2103056,49.438652,0.0,0.0
2021-05-23 18:00:00,28.41,295.26196,995.02295,1.9590619,53.64596,0.0,0.0
2021-05-23 19:00:00,28.89,294.6805,994.9829,1.8990352,49.563892,0.0,0.0
2021-05-23 20:00:00,30.15,293.8122,995.2003,1.782475,54.442776,0.0,0.0
2021-05-23 21:00:00,31.32,293.2574,995.84845,1.8072803,59.496742,0.0,0.0
2021-05-23 22:00:00,32.35,293.0169,996.73486,2.320986,61.985863,0.0,0.0
2021-05-23 23:00:00,33.3,294.0978,997.7264,2.3672383,62.502472,0.0,0.0
2021-05-24 00:00:00,35.25,297.0824,998.27234,2.7939353,57.477463,0.0,0.0
2021-05-24 01:00:00,35.2,299.59668,998.51404,2.8931,50.8765,0.0,0.0
2021-05-24 02:00:00,35.13,301.7503,998.1978,2.7761502,43.40772,0.0,0.0
2021-05-24 03:00:00,34.97,303.5023,997.3666,3.0076926,37.455017,0.0,0.0
2021-05-24 04:00:00,34.09,304.63654,996.27515,3.3795273,33.62148,0.0,0.0
2021-05-24 05:00:00,33.41,304.8192,995.52264,3.4080102,32.667366,0.0,0.0
2021-05-24 06:00:00,33.44,304.78625,995.29095,3.222166,32.46288,0.0,0.0
2021-05-24 07:00:00,32.84,304.8767,994.8349,2.9328063,33.724667,0.0,0.0
2021-05-24 08:00:00,32.41,304.6438,995.003,2.6366613,34.059177,0.0,0.0
2021-05-24 09:00:00,31.98,304.15924,995.34814,2.3787017,35.191814,0.0,0.0
2021-05-24 10:00:00,31.76,303.3389,996.2047,2.3099327,37.242077,0.0,0.0
2021-05-24 11:00:00,31.41,302.1983,996.75757,3.0044181,40.056793,0.0,0.0
2021-05-24 12:00:00,30.76,301.3355,997.16174,3.6113534,42.01953,0.0,0.0
2021-05-24 13:00:00,30.35,300.6765,997.085,3.9933805,43.20279,0.0,0.0
2021-05-24 14:00:00,30.98,300.21426,997.05914,3.810422,43.691914,0.0,0.0
2021-05-24 15:00:00,31.56,299.51163,997.2628,3.1980045,44.96575,0.0,0.0
2021-05-24 16:00:00,32.07,298.76562,997.2232,2.5093355,46.948013,0.0,0.0
2021-05-24 17:00:00,32.73,298.05533,997.6024,2.5605452,48.76613,0.0,0.0
2021-05-24 18:00:00,33.33,297.66602,997.6833,2.5754027,49.745785,0.0,0.0
2021-05-24 19:00:00,32.76,296.92474,997.7598,3.9087331,50.000404,0.0,0.0
2021-05-24 20:00:00,32.51,296.31763,997.6705,3.9373612,51.730026,0.0,0.0
2021-05-24 21:00:00,32.65,295.92645,998.14594,3.9083357,52.719116,0.0,0.0
2021-05-24 22:00:00,31.83,295.57135,998.52985,3.911861,53.27419,0.0,0.0
2021-05-24 23:00:00,30.61,296.1526,999.1283,3.8289602,50.675518,0.0,0.0
2021-05-25 00:00:00,28.67,297.9963,999.76373,5.286868,44.357525,0.0017230483,0.0
2021-05-25 01:00:00,29.01,299.92218,999.6027,5.7712994,39.34899,0.0,0.0
2021-05-25 02:00:00,28.92,302.05014,999.4946,6.132364,34.781693,0.0,0.0
2021-05-25 03:00:00,28.87,303.98413,998.2003,6.1501274,31.209118,0.0,0.0
2021-05-25 04:00:00,29.12,305.20303,997.05835,5.4303703,29.143562,0.0,0.0
2021-05-25 05:00:00,29.74,305.9726,996.16986,4.6925845,27.55383,0.0,0.0
2021-05-25 06:00:00,30.38,306.42902,995.79175,4.4024205,26.49135,0.0,0.0
2021-05-25 07:00:00,30.24,306.60138,995.5081,4.1359057,26.332388,0.0,0.0
2021-05-25 08:00:00,30.73,306.4119,995.58325,3.786902,26.217821,0.0,0.0
2021-05-25 09:00:00,31.71,305.69714,995.8804,3.4305322,27.134169,0.0,0.0
2021-05-25 10:00:00,31.96,304.7619,996.3134,4.06879,28.625378,0.0,0.0
2021-05-25 11:00:00,32.52,303.79572,997.0213,4.9334006,30.110342,0.0,0.0
2021-05-25 12:00:00,33.69,302.89694,997.4763,6.0449467,31.462463,0.0,0.0
2021-05-25 13:00:00,34.97,301.4394,998.1339,7.3067,34.57762,0.0,0.0
2021-05-25 14:00:00,36.05,300.0598,998.50806,7.517228,38.563232,0.0,0.0
2021-05-25 15:00:00,35.99,299.31497,998.3474,7.095153,40.837032,0.0,0.0
2021-05-25 16:00:00,35.82,298.6001,998.0768,6.5773115,42.67316,0.0,0.0
2021-05-25 17:00:00,35.36,298.0034,997.901,6.2966976,44.300415,0.0,0.0
2021-05-25 18:00:00,34.67,297.5931,997.7978,5.8543773,45.617847,0.0,0.0
2021-05-25 19:00:00,33.68,296.7296,998.33844,5.0827475,46.797073,0.0,0.0
2021-05-25 20:00:00,33.37,296.24716,998.44995,4.8162055,48.45654,0.0,0.0
2021-05-25 21:00:00,32.92,296.04163,998.7953,4.7300086,49.303608,0.0,0.0
2021-05-25 22:00:00,33.11,295.91058,999.258,4.7966356,49.791847,0.0,0.0
2021-05-25 23:00:00,33.02,296.41815,1000.008,4.75993,48.31486,0.0,0.0
2021-05-26 00:00:00,33.03,297.3114,1000.56836,5.5384645,45.55221,0.0,0.0
2021-05-26 01:00:00,32.37,299.07303,1000.5217,6.0519686,40.500248,0.0,0.0
2021-05-26 02:00:00,32.19,300.96265,1000.2512,5.9315658,35.797905,0.0,0.0
2021-05-26 03:00:00,31.75,303.18555,998.97375,5.8385305,31.126938,0.0,0.0
2021-05-26 04:00:00,31.14,305.22717,997.6772,5.75382,27.162066,0.0,0.0
2021-05-26 05:00:00,30.86,306.36752,996.77856,5.2899675,24.916073,0.0,0.0
2021-05-26 06:00:00,30.32,306.98846,996.34875,4.8644323,23.557636,0.0,0.0
2021-05-26 07:00:00,30.55,307.1843,996.44775,4.216146,23.578577,0.0,0.0
2021-05-26 08:00:00,30.26,306.99188,996.46954,4.3770757,23.444426,0.0,0.0
2021-05-26 09:00:00,29.99,306.013,997.0719,3.850612,24.985348,0.0,0.0
2021-05-26 10:00:00,29.86,304.39255,997.8145,4.115893,27.93563,0.0,0.0
2021-05-26 11:00:00,29.47,303.38342,998.56036,4.6734967,29.922523,0.0,0.0
2021-05-26 12:00:00,29.31,302.47385,998.95514,4.4309187,31.813713,0.0,0.0
2021-05-26 13:00:00,29.34,301.54053,999.1244,3.9054027,33.70265,0.0,0.0
2021-05-26 14:00:00,29.67,300.57428,999.531,4.0971055,35.49728,0.0,0.0
2021-05-26 15:00:00,30.23,299.51196,999.3569,4.8725724,37.47693,0.0,0.0
2021-05-26 16:00:00,30.79,298.73718,999.4205,5.2023106,38.62144,0.0,0.0
2021-05-26 17:00:00,31.3,298.28265,999.30865,5.1253266,38.988537,0.0,0.0
2021-05-26 18:00:00,31.09,297.95364,999.1891,4.926245,39.442738,0.0,0.0
2021-05-26 19:00:00,31.43,296.84607,999.8114,4.4398723,42.70436,0.0,0.0
2021-05-26 20:00:00,30.78,296.37762,999.9119,4.5108495,44.20739,0.0,0.0
2021-05-26 21:00:00,30.33,296.07074,1000.48016,4.7569857,45.219868,0.0,0.0
2021-05-26 22:00:00,29.58,295.9339,1001.08624,5.1048274,45.415154,0.0,0.0
2021-05-26 23:00:00,29.99,296.85107,1001.8233,5.217397,42.463226,0.0,0.0
2021-05-27 00:00:00,30.0,299.09076,1002.331,6.736769,36.16411,0.0017150635,0.0
2021-05-27 01:00:00,29.51,301.25873,1002.17804,7.965984,31.490887,0.0,0.0
2021-05-27 02:00:00,28.85,303.2868,1001.89874,8.129231,28.286583,0.0,0.0
2021-05-27 03:00:00,27.25,304.8264,1000.6836,8.264253,26.073742,0.0,0.0
2021-05-27 04:00:00,26.04,305.79343,999.4863,8.15729,24.20487,0.0,0.0
2021-05-27 05:00:00,26.06,306.32733,998.3605,7.8369956,22.571012,0.0,0.0
2021-05-27 06:00:00,26.28,306.5238,997.64813,7.436986,21.479877,0.0,0.0
2021-05-27 07:00:00,26.41,306.48242,997.44995,7.028402,21.453875,0.0,0.0
2021-05-27 08:00:00,26.65,305.87952,997.59204,6.8434386,21.650606,0.0,0.0
2021-05-27 09:00:00,27.09,304.6864,998.20447,5.6175885,22.99427,0.0,0.0
2021-05-27 10:00:00,27.45,303.239,999.06335,5.002072,25.054035,0.0,0.0
2021-05-27 11:00:00,27.56,302.09796,999.87036,4.6597185,26.936813,0.0,0.0
2021-05-27 12:00:00,27.22,301.0376,1000.58014,4.416404,28.87345,0.0,0.0
2021-05-27 13:00:00,27.33,300.02637,1000.9572,4.258193,30.797195,0.0,0.0
2021-05-27 14:00:00,27.48,299.11603,1001.2781,4.2520366,32.437927,0.0,0.0
2021-05-27 15:00:00,27.94,298.26584,1001.13586,4.352136,33.814102,0.0,0.0
2021-05-27 16:00:00,27.97,297.5036,1000.8739,4.6220756,34.846367,0.0,0.0
2021-05-27 17:00:00,27.72,296.8382,1000.8611,4.7062416,35.558357,0.0,0.0
2021-05-27 18:00:00,27.06,296.26746,1000.8437,4.9527235,35.884857,0.0,0.0
2021-05-27 19:00:00,26.65,295.3098,1000.6864,4.7854066,37.37245,0.0,0.0
2021-05-27 20:00:00,26.79,294.8239,1001.18896,4.5278625,37.54233,0.0,0.0
2021-05-27 21:00:00,26.86,294.29065,1001.4224,4.4605594,38.0348,0.0,0.0
2021-05-27 22:00:00,26.9,293.89798,1001.78937,4.7071323,38.220806,0.0,0.0
2021-05-27 23:00:00,26.83,294.6352,1002.3716,4.6768537,36.082333,0.0,0.0
2021-05-28 00:00:00,26.44,296.73102,1002.65436,6.023619,31.01992,0.0,0.0
2021-05-28 01:00:00,26.31,298.8208,1002.7575,6.713747,27.119997,0.0,0.0
2021-05-28 02:00:00,26.06,300.75983,1002.3892,6.476572,24.432547,0.0,0.0
2021-05-28 03:00:00,25.63,302.3366,1001.09576,6.088806,22.991928,0.0,0.0
2021-05-28 04:00:00,25.37,303.4935,999.6922,5.754758,22.256744,0.0,0.0
2021-05-28 05:00:00,25.5,304.23724,998.7416,5.4556146,21.794003,0.0,0.0
2021-05-28 06:00:00,25.5,304.54468,997.8859,5.3022766,21.47402,0.0,0.0
2021-05-28 07:00:00,24.61,304.5796,997.55695,5.3107557,21.812513,0.0,0.0
2021-05-28 08:00:00,23.75,304.0755,997.8717,5.458775,22.103909,0.0,0.0
2021-05-28 09:00:00,22.91,302.9123,998.36163,4.710132,23.67819,0.0,0.0
2021-05-28 10:00:00,22.78,301.39325,999.38617,4.5089755,26.01439,0.0,0.0
2021-05-28 11:00:00,22.53,300.2339,1000.035,4.637252,27.636887,0.0,0.0
2021-05-28 12:00:00,21.71,299.30243,1000.4509,4.745353,28.625614,0.0,0.0
2021-05-28 13:00:00,20.71,298.24695,1000.5402,4.9110203,29.481428,0.0,0.0
2021-05-28 14:00:00,20.37,297.28613,1000.6769,4.944238,29.987665,0.0,0.0
2021-05-28 15:00:00,20.2,296.3474,1000.3805,5.0592265,30.439684,0.0,0.0
2021-05-28 16:00:00,19.46,295.52246,1000.18384,5.370597,30.6146,0.0,0.0
2021-05-28 17:00:00,18.85,294.8166,1000.0442,5.6318145,30.60396,0.0,0.0
2021-05-28 18:00:00,18.25,294.13263,999.54517,5.617588,30.838743,0.0,0.0
2021-05-28 19:00:00,18.01,292.84076,999.28766,4.8952217,34.940556,0.0,0.0
2021-05-28 20:00:00,18.21,292.12244,999.4447,4.526782,36.02455,0.0,0.0
2021-05-28 21:00:00,18.51,291.51996,1000.02826,4.3875756,36.97622,0.0,0.0
2021-05-28 22:00:00,18.68,291.01157,1000.6145,4.231086,37.75929,0.0,0.0
2021-05-28 23:00:00,19.15,291.67554,1001.38495,4.2002606,35.91139,0.0,0.0
2021-05-29 00:00:00,19.7,294.08374,1001.6242,5.51873,30.089,0.0,0.0
2021-05-29 01:00:00,19.82,296.65692,1001.3597,5.959898,25.654701,0.0,0.0
2021-05-29 02:00:00,19.68,299.0775,1000.72107,6.118181,22.783045,0.0,0.0
2021-05-29 03:00:00,19.54,301.0244,999.1306,5.9106746,21.040247,0.0,0.0
2021-05-29 04:00:00,19.65,302.27786,997.9178,5.036817,19.847702,0.0,0.0
2021-05-29 05:00:00,19.78,303.0989,996.6273,4.3826303,18.201593,0.0,0.0
2021-05-29 06:00:00,20.05,303.59344,995.9506,4.0366244,16.853819,0.0,0.0
2021-05-29 07:00:00,19.56,303.708,995.8108,3.512705,18.933418,0.0,0.0
2021-05-29 08:00:00,19.23,303.45828,995.6931,3.5245523,18.548218,0.0,0.0
2021-05-29 09:00:00,18.39,302.4241,995.96045,2.912791,19.839281,0.0,0.0
2021-05-29 10:00:00,18.0,300.75262,996.4088,3.2063124,22.575502,0.0,0.0
2021-05-29 11:00:00,17.8,299.32654,996.8396,3.7378287,25.014738,0.0,0.0
2021-05-29 12:00:00,17.3,298.1469,997.1735,3.9985733,27.147856,0.0,0.0
2021-05-29 13:00:00,16.7,297.13947,997.15674,4.0803943,29.064611,0.0,0.0
2021-05-29 14:00:00,16.63,296.2605,997.1322,4.089337,30.680271,0.0,0.0
2021-05-29 15:00:00,16.61,295.40674,996.6831,3.9999228,32.055202,0.0,0.0
2021-05-29 16:00:00,16.85,294.58002,996.42413,3.7399535,33.420044,0.0,0.0
2021-05-29 17:00:00,16.7,293.80145,996.35095,3.559053,34.759773,0.0,0.0
2021-05-29 18:00:00,15.66,293.09418,996.21313,3.4204388,35.907993,0.0,0.0
2021-05-29 19:00:00,15.29,291.5899,996.2308,3.5068111,38.629135,0.0,0.0
2021-05-29 20:00:00,15.1,290.8457,996.2506,3.7051857,39.842052,0.0,0.0
2021-05-29 21:00:00,15.74,290.47452,996.3675,3.9272969,39.991753,0.0,0.0
2021-05-29 22:00:00,16.41,290.28278,996.96704,3.8833106,39.89369,0.0,0.0
2021-05-29 23:00:00,17.66,291.3097,997.6467,3.705854,37.262383,0.0,0.0
2021-05-30 00:00:00,18.49,294.61908,998.0564,4.4634943,29.887434,0.0,0.0
2021-05-30 01:00:00,18.61,297.75897,998.02625,5.373806,24.445541,0.0,0.0
2021-05-30 02:00:00,19.13,300.29388,997.52716,5.8838987,20.965773,0.0,0.0
2021-05-30 03:00:00,19.31,302.0584,996.42267,5.9601226,18.77944,0.0,0.0
2021-05-30 04:00:00,19.49,303.19498,995.1816,5.0976076,17.094711,0.0,0.0
2021-05-30 05:00:00,19.47,303.9516,994.1206,4.193045,15.809016,0.0,0.0
2021-05-30 06:00:00,19.56,304.32498,993.4861,3.2825227,15.086847,0.0,0.0
2021-05-30 07:00:00,19.41,304.22638,993.6534,1.8868481,16.474125,0.0,0.0
2021-05-30 08:00:00,19.98,304.01312,993.59766,1.6373149,16.502302,0.0,0.0
2021-05-30 09:00:00,20.5,303.3493,993.933,0.8884501,17.79243,0.0,0.0
2021-05-30 10:00:00,20.98,302.2318,994.3031,1.459783,20.358866,0.0,0.0
2021-05-30 11:00:00,21.33,300.55066,994.71124,2.5767531,24.105831,0.0,0.0
2021-05-30 12:00:00,21.67,298.87497,995.0089,3.1429923,27.341825,0.0,0.0
2021-05-30 13:00:00,21.88,297.60834,994.90894,3.7879891,29.255423,0.0,0.0
2021-05-30 14:00:00,21.83,296.69287,994.8363,4.178021,30.885605,0.0,0.0
2021-05-30 15:00:00,21.74,295.95514,994.54175,4.396302,32.008286,0.0,0.0
2021-05-30 16:00:00,21.85,295.3783,994.33093,4.434397,32.557358,0.0,0.0
2021-05-30 17:00:00,22.08,294.8687,994.26025,4.2464614,33.10254,0.0,0.0
2021-05-30 18:00:00,22.21,294.30627,994.22174,3.8887107,34.14083,0.0,0.0
2021-05-30 19:00:00,22.36,293.6454,994.2556,4.2919154,35.47117,0.0,0.0
2021-05-30 20:00:00,22.94,293.27362,994.41974,3.8970852,36.233944,0.0,0.0
2021-05-30 21:00:00,23.87,292.87286,994.7726,3.5640612,37.265007,0.0,0.0
2021-05-30 22:00:00,24.34,292.5588,995.1105,3.5788126,37.97744,0.0,0.0
2021-05-30 23:00:00,24.93,293.188,995.6836,3.304801,36.569862,0.0,0.0
2021-05-31 00:00:00,22.68,296.12558,996.3734,3.7063558,29.810417,0.0,0.0
2021-05-31 01:00:00,22.91,298.59265,996.3379,4.6111097,25.096685,0.0,0.0
2021-05-31 02:00:00,23.41,300.78964,995.60657,5.130797,21.912855,0.0,0.0
2021-05-31 03:00:00,24.27,302.6148,994.63983,5.276864,20.266344,0.0,0.0
2021-05-31 04:00:00,24.62,303.72952,993.48737,4.521899,19.572412,0.0,0.0
2021-05-31 05:00:00,25.19,304.31555,992.5481,3.7088869,19.127277,0.0,0.0
2021-05-31 06:00:00,25.99,304.68396,992.03156,3.2541177,18.80364,0.0,0.0
2021-05-31 07:00:00,26.29,304.91003,992.0864,2.4135153,19.589516,0.0,0.0
2021-05-31 08:00:00,26.76,304.6358,992.22125,2.2056024,20.12963,0.0,0.0
2021-05-31 09:00:00,27.87,303.91995,992.6368,1.3102721,21.635399,0.0,0.0
2021-05-31 10:00:00,29.13,302.79822,992.86,1.0938766,24.323704,0.0,0.0
2021-05-31 11:00:00,30.13,301.3695,993.35,1.8176095,28.585264,0.0,0.0
2021-05-31 12:00:00,30.6,299.84122,993.6789,2.1404517,32.7994,0.0,0.0
2021-05-31 13:00:00,31.27,298.36502,993.927,1.976531,38.701294,0.0,0.0
2021-05-31 14:00:00,31.91,297.08588,993.90704,1.5773648,45.870037,0.0,0.0
2021-05-31 15:00:00,32.54,296.2281,993.96625,1.2748882,50.00335,0.0,0.0
2021-05-31 16:00:00,32.65,295.7069,993.90234,1.136106,51.56324,0.0,0.0
2021-05-31 17:00:00,32.12,294.81168,993.9998,1.2814932,56.26686,0.0,0.0
2021-05-31 18:00:00,31.74,293.86957,994.0533,1.997308,60.35008,0.0,0.0
2021-05-31 19:00:00,32.64,293.0686,994.6358,1.7470787,55.558384,0.0,0.0
2021-05-31 20:00:00,34.03,292.5863,994.8914,1.9500568,58.62893,0.0,0.0
2021-05-31 21:00:00,34.82,292.3877,995.40686,2.170447,62.532658,0.0,0.55
2021-05-31 22:00:00,34.9,292.04178,995.97345,2.11452,68.26455,0.0,0.53999996
2021-05-31 23:00:00,35.21,292.80743,996.80695,1.6181834,70.56649,0.0,0.01
2021-06-01 00:00:00,33.73,296.55725,997.2272,1.7740309,56.721764,0.0,0.0
2021-06-01 01:00:00,34.02,298.92017,997.3455,1.7539062,49.405678,0.0,0.0
2021-06-01 02:00:00,34.28,300.62012,996.7382,1.8604729,44.634686,0.0,0.0
2021-06-01 03:00:00,34.31,301.9498,995.97595,2.1505885,40.07878,0.0,0.0
2021-06-01 04:00:00,34.17,302.90564,995.0678,2.246561,36.473392,0.0,0.0
2021-06-01 05:00:00,34.84,303.5219,994.34595,2.0625877,34.471043,0.0,0.0
2021-06-01 06:00:00,36.07,303.8653,993.65424,1.910146,33.459015,0.0,0.0
2021-06-01 07:00:00,36.62,304.62152,993.6756,2.03466,31.95317,0.0,0.0
2021-06-01 08:00:00,37.15,304.41104,993.89905,2.0687704,32.02994,0.0,0.0
2021-06-01 09:00:00,37.26,303.8316,994.5157,2.051466,32.94111,0.0,0.0
2021-06-01 10:00:00,37.43,302.94,994.96875,1.9198284,34.801712,0.0,0.0
2021-06-01 11:00:00,37.75,302.1315,995.3642,2.2153718,36.461594,0.0,0.0
2021-06-01 12:00:00,37.88,301.56635,995.72797,2.5195014,37.419136,0.0,0.0
2021-06-01 13:00:00,37.89,301.06183,995.94366,2.8763044,38.007732,0.0,0.0
2021-06-01 14:00:00,38.55,300.45352,995.7678,3.296453,38.61939,0.0,0.0
2021-06-01 15:00:00,38.56,299.87726,995.6482,4.5920067,38.177418,0.0,0.0
2021-06-01 16:00:00,37.9,298.97458,995.66846,5.738297,38.244358,0.0,0.0
2021-06-01 17:00:00,37.13,298.00757,995.765,5.3940525,39.954422,0.0,0.0
2021-06-01 18:00:00,35.97,297.4732,995.8144,4.737339,41.38081,0.0,0.0
2021-06-01 19:00:00,35.78,296.1766,995.8575,4.622168,44.14318,0.0,0.0
2021-06-01 20:00:00,35.46,295.73297,996.20624,4.351779,45.1571,0.0,0.0
2021-06-01 21:00:00,34.71,295.3761,996.82135,3.9815488,45.97149,0.0,0.0
2021-06-01 22:00:00,33.75,295.00858,997.5486,3.659226,46.666534,0.0,0.0
2021-06-01 23:00:00,32.64,295.3077,998.3072,3.735777,45.38613,0.0,0.0
2021-06-02 00:00:00,32.72,296.67133,998.7562,4.993777,40.9291,0.0012713479,0.0
2021-06-02 01:00:00,32.24,298.3,998.9875,5.4700127,36.845665,0.0,0.0
2021-06-02 02:00:00,31.45,300.35333,998.5424,5.4813285,32.68641,0.0,0.0
2021-06-02 03:00:00,31.07,302.2707,997.76373,5.2253838,29.421753,0.0,0.0
2021-06-02 04:00:00,30.37,303.55176,996.5795,4.525943,27.549541,0.0,0.0
2021-06-02 05:00:00,30.43,304.46127,995.62897,3.9423954,26.348576,0.0,0.0
2021-06-02 06:00:00,30.43,304.93646,994.89484,3.5946844,25.634802,0.0,0.0
2021-06-02 07:00:00,30.57,305.29706,994.81366,3.358637,26.140297,0.0,0.0
2021-06-02 08:00:00,30.62,305.0117,995.04517,3.7103424,26.580929,0.0,0.0
2021-06-02 09:00:00,30.4,304.22852,995.7795,3.6954014,27.716265,0.0,0.0
2021-06-02 10:00:00,31.04,302.87958,996.2683,4.0470486,29.79977,0.0,0.0
2021-06-02 11:00:00,31.2,301.8162,996.90356,4.8518167,31.027054,0.0,0.0
2021-06-02 12:00:00,31.12,300.93152,997.3979,5.468057,31.496826,0.0,0.0
2021-06-02 13:00:00,31.6,300.0295,997.7919,5.784769,31.937477,0.0,0.0
2021-06-02 14:00:00,32.55,299.3656,998.02014,5.790771,32.162262,0.0,0.0
2021-06-02 15:00:00,32.91,298.7368,997.9211,5.52109,32.60825,0.0,0.0
2021-06-02 16:00:00,32.94,298.1153,998.0076,5.1685143,33.14328,0.0,0.0
2021-06-02 17:00:00,32.86,297.33017,997.9929,4.9011717,33.831932,0.0,0.0
2021-06-02 18:00:00,32.59,296.9397,997.7958,4.7503815,33.305943,0.0,0.0
2021-06-02 19:00:00,33.05,296.4156,997.44226,4.806648,34.567398,0.0,0.0
2021-06-02 20:00:00,33.87,295.95004,997.4963,4.680505,33.879158,0.0,0.0
2021-06-02 21:00:00,34.39,295.65396,998.215,4.549054,32.738052,0.0,0.0
2021-06-02 22:00:00,35.07,295.46558,998.98083,4.5900664,31.24999,0.0,0.0
2021-06-02 23:00:00,35.2,295.72006,999.5153,4.493645,28.92367,0.0,0.0
2021-06-03 00:00:00,35.36,296.6521,1000.3186,5.7976723,25.17606,0.0,0.0
2021-06-03 01:00:00,34.94,297.70135,1000.3834,5.7731047,22.745743,0.0,0.0
2021-06-03 02:00:00,34.59,299.00607,1000.2675,5.6693144,20.864548,0.0,0.0
2021-06-03 03:00:00,34.11,300.64172,999.1344,5.7660265,19.433071,0.0,0.0
2021-06-03 04:00:00,33.82,301.91632,998.0076,5.6552963,18.954758,0.0,0.0
2021-06-03 05:00:00,34.1,303.1212,997.03674,5.306196,18.804045,0.0,0.0
2021-06-03 06:00:00,34.61,303.77225,996.4192,5.1567225,19.149258,0.0,0.0
2021-06-03 07:00:00,34.86,303.94852,996.2469,4.2454267,22.603958,0.0,0.0
2021-06-03 08:00:00,34.8,303.67877,996.69214,4.2446833,22.990347,0.0,0.0
2021-06-03 09:00:00,34.47,302.95447,997.3475,4.4092565,23.375854,0.0,0.0
2021-06-03 10:00:00,34.55,301.89008,997.8645,5.2414746,23.872665,0.0,0.0
2021-06-03 11:00:00,34.77,300.84833,998.6809,6.0391917,24.104683,0.0,0.0
2021-06-03 12:00:00,34.28,299.6397,999.18744,5.9740224,25.096788,0.0,0.0
2021-06-03 13:00:00,34.37,298.76733,999.66516,5.7112617,26.006857,0.0,0.0
2021-06-03 14:00:00,34.4,298.08545,999.9018,5.3537617,26.753637,0.0,0.0
2021-06-03 15:00:00,34.26,297.7334,999.7675,4.9951286,26.944855,0.0,0.0
2021-06-03 16:00:00,34.18,297.3866,999.5742,4.723448,27.038696,0.0,0.0
2021-06-03 17:00:00,33.9,297.14618,999.3616,4.7660885,26.791561,0.0,0.0
2021-06-03 18:00:00,33.68,296.83615,998.8276,4.905352,26.586905,0.0,0.0
2021-06-03 19:00:00,33.57,296.1845,998.97174,5.277324,27.197275,0.0,0.0
2021-06-03 20:00:00,33.29,296.00293,998.95953,5.3910995,26.743465,0.0,0.0
2021-06-03 21:00:00,33.93,295.87427,999.3106,5.4498158,26.342112,0.0,0.0
2021-06-03 22:00:00,34.65,295.80023,999.6866,5.471194,26.054695,0.0,0.0
2021-06-03 23:00:00,35.48,295.8642,1000.2285,5.08306,25.899696,0.0,0.0
2021-06-04 00:00:00,36.08,296.63837,1000.70953,6.3886666,24.63627,0.0012771693,0.0
2021-06-04 01:00:00,36.62,298.15942,1000.8457,7.0299215,23.003233,0.0,0.0
2021-06-04 02:00:00,37.06,299.24072,1000.42017,7.155664,22.38166,0.0,0.0
2021-06-04 03:00:00,37.75,300.57904,999.1775,7.2897058,21.628492,0.0,0.089999996
2021-06-04 04:00:00,38.55,302.1315,998.1161,7.1281333,20.709219,0.0,0.03
2021-06-04 05:00:00,39.17,302.89423,997.2154,6.8495708,20.45395,0.0,0.01
2021-06-04 06:00:00,39.58,302.96796,996.73126,6.684423,20.650053,0.0,0.01
2021-06-04 07:00:00,39.78,302.0664,996.85236,6.0476646,25.534687,0.0,0.089999996
2021-06-04 08:00:00,39.93,301.76172,997.26794,5.744561,26.308977,0.0,0.26
2021-06-04 09:00:00,39.83,301.09097,997.67554,4.8972917,27.73917,0.0,0.0
2021-06-04 10:00:00,39.59,300.52792,998.65326,4.918238,28.586908,0.0,0.0
2021-06-04 11:00:00,39.02,300.00647,998.9696,5.1573567,28.938543,0.0,0.0
2021-06-04 12:00:00,38.11,299.55994,998.9114,5.5262303,28.76986,0.0,0.0
2021-06-04 13:00:00,37.38,299.1618,999.0687,5.866432,28.413904,0.0,0.0
2021-06-04 14:00:00,36.39,298.56134,998.9877,6.0815115,28.584114,0.0,0.0
2021-06-04 15:00:00,35.75,298.33777,999.1096,6.389017,28.483528,0.0,0.0
2021-06-04 16:00:00,35.55,298.06384,998.95935,6.5402765,28.556581,0.0,0.0
2021-06-04 17:00:00,35.21,297.61267,999.2003,6.2521105,28.701424,0.0,0.0
2021-06-04 18:00:00,34.55,297.2292,999.13403,6.1704006,28.469906,0.0,0.0
2021-06-04 19:00:00,33.98,296.94482,998.8106,5.7347703,30.337032,0.0,0.0
2021-06-04 20:00:00,33.33,296.6131,998.6781,5.81927,30.020765,0.0,0.0
2021-06-04 21:00:00,33.37,296.08798,999.266,5.2845407,30.3913,0.0,0.0
2021-06-04 22:00:00,33.56,295.448,1000.09686,4.6067023,31.384459,0.0,0.0
2021-06-04 23:00:00,33.79,295.53757,1000.82513,4.667382,31.047714,0.0,0.0
2021-06-05 00:00:00,34.23,295.56866,1001.50073,5.9332356,30.290827,0.0,0.0
2021-06-05 01:00:00,33.55,296.43646,1001.5697,6.7016277,28.048697,0.0,0.0
2021-06-05 02:00:00,33.07,298.09955,1001.1194,6.8415904,25.022606,0.0,0.0
2021-06-05 03:00:00,32.5,299.6974,1000.2706,6.7461824,22.620485,0.0,0.0
2021-06-05 04:00:00,31.94,300.66772,999.08093,6.5295267,21.299887,0.0,0.0
2021-06-05 05:00:00,31.76,300.9395,998.09265,6.449554,20.74236,0.0,0.0
2021-06-05 06:00:00,31.24,301.06757,997.54376,6.355027,20.260876,0.0,0.0
2021-06-05 07:00:00,31.2,300.15262,997.5364,6.174406,23.730831,0.0,0.0
2021-06-05 08:00:00,30.19,299.86322,997.812,5.8355246,24.043741,0.0,0.0
2021-06-05 09:00:00,29.26,299.17126,998.1944,5.0462885,25.425137,0.0,0.0
2021-06-05 10:00:00,28.56,298.57455,998.8857,4.3255277,26.916218,0.0,0.0
2021-06-05 11:00:00,27.89,298.1325,999.498,4.144514,27.696926,0.0,0.0
2021-06-05 12:00:00,26.96,297.37067,999.97626,4.0757895,28.762445,0.0,0.0
2021-06-05 13:00:00,26.31,296.774,999.98737,4.4389553,29.02008,0.0,0.0
2021-06-05 14:00:00,25.65,296.14807,999.85516,4.7855363,28.869946,0.0,0.0
2021-06-05 15:00:00,24.98,295.4613,999.6454,4.9459934,28.87862,0.0,0.0
2021-06-05 16:00:00,24.42,294.92914,999.39374,5.0553374,29.071634,0.0,0.0
2021-06-05 17:00:00,23.52,294.63123,999.3914,5.1746683,29.236492,0.0,0.0
2021-06-05 18:00:00,22.65,294.4743,999.178,5.137216,29.300722,0.0,0.0
2021-06-05 19:00:00,22.01,294.489,998.91064,5.2775183,29.464106,0.0,0.0
2021-06-05 20:00:00,21.31,294.30807,998.97314,5.3648844,29.568539,0.0,0.0
2021-06-05 21:00:00,20.9,294.05774,999.2434,5.2634645,29.785666,0.0,0.0
2021-06-05 22:00:00,20.64,293.53745,999.6094,5.197072,30.563375,0.0,0.0
2021-06-05 23:00:00,20.42,293.6776,1000.0516,5.02917,30.195545,0.0,0.0
2021-06-06 00:00:00,19.24,294.67902,1000.40265,6.343588,27.85903,0.0,0.0
2021-06-06 01:00:00,18.98,295.77747,1000.3416,6.437415,26.070911,0.0,0.0
2021-06-06 02:00:00,19.03,297.3329,999.8108,6.0316224,23.87676,0.0,0.0
2021-06-06 03:00:00,18.71,299.08704,998.51776,5.3866787,21.715975,0.0,0.0
2021-06-06 04:00:00,18.48,300.9065,997.2536,4.351655,20.187904,0.0,0.0
2021-06-06 05:00:00,18.59,302.03323,996.3218,3.0957813,19.957737,0.0,0.0
2021-06-06 06:00:00,18.65,302.61774,995.68134,2.5215132,20.193214,0.0,0.0
2021-06-06 07:00:00,18.78,302.71783,995.68994,2.9559557,22.039486,0.0,0.0
2021-06-06 08:00:00,18.47,302.62173,995.6334,3.299528,22.55357,0.0,0.0
2021-06-06 09:00:00,18.17,301.76312,996.1424,3.1641488,24.130112,0.0,0.0
2021-06-06 10:00:00,18.1,300.16254,996.5984,3.2895856,27.20803,0.0,0.0
2021-06-06 11:00:00,18.57,298.88666,997.17737,3.5536377,29.458567,0.0,0.0
2021-06-06 12:00:00,18.71,297.77094,997.73914,3.5828001,31.250721,0.0,0.0
2021-06-06 13:00:00,18.38,296.86328,998.04846,3.573872,32.59658,0.0,0.0
2021-06-06 14:00:00,18.61,296.2212,998.3178,3.6615026,33.17713,0.0,0.0
2021-06-06 15:00:00,18.84,295.42657,998.1333,3.7551796,33.683117,0.0,0.0
2021-06-06 16:00:00,19.35,294.79504,997.8206,3.7001338,33.7612,0.0,0.0
2021-06-06 17:00:00,19.02,294.0639,997.849,3.5985842,34.129818,0.0,0.0
2021-06-06 18:00:00,18.4,293.78265,997.65405,3.4490626,33.672855,0.0,0.0
2021-06-06 19:00:00,17.99,292.65482,997.6347,3.2861023,35.910255,0.0,0.0
2021-06-06 20:00:00,18.06,292.5573,997.74414,3.2004604,35.223972,0.0,0.0
2021-06-06 21:00:00,18.69,292.51257,998.3336,3.2414489,34.360336,0.0,0.0
2021-06-06 22:00:00,19.04,292.5182,998.9889,3.2628667,33.398403,0.0,0.0
2021-06-06 23:00:00,19.11,293.0423,999.78076,3.2822015,31.510014,0.0,0.0
2021-06-07 00:00:00,18.5,294.39447,1000.22107,4.0328245,27.695295,0.0,0.0
2021-06-07 01:00:00,18.91,296.6026,1000.28394,4.4103355,23.467087,0.0,0.0
2021-06-07 02:00:00,19.46,298.77155,999.95935,3.9185388,20.258406,0.0,0.0
2021-06-07 03:00:00,20.57,300.49213,998.9321,3.268091,18.18637,0.0,0.0
2021-06-07 04:00:00,22.26,301.67062,997.7542,2.3240647,17.569979,0.0,0.0
2021-06-07 05:00:00,23.34,302.2885,996.81854,1.0784813,18.282076,0.0,0.0
2021-06-07 06:00:00,23.79,302.5847,996.308,0.5828072,19.318195,0.0,0.0
2021-06-07 07:00:00,24.28,303.08038,995.91626,0.97588,20.387669,0.0,0.0
2021-06-07 08:00:00,24.67,302.91943,996.1933,1.8001662,20.854612,0.0,0.0
2021-06-07 09:00:00,25.41,302.1596,996.7385,2.5832157,22.313995,0.0,0.0
2021-06-07 10:00:00,25.99,300.63568,997.4807,3.2862594,25.100794,0.0,0.0
2021-06-07 11:00:00,25.87,299.409,998.0594,3.7917252,26.921194,0.0,0.0
2021-06-07 12:00:00,26.28,298.36865,998.5211,4.017441,28.374084,0.0,0.0
2021-06-07 13:00:00,26.25,297.43628,998.8094,4.0826373,29.861948,0.0,0.0
2021-06-07 14:00:00,26.42,296.53394,998.8325,4.1924176,31.217102,0.0,0.0
2021-06-07 15:00:00,25.95,295.68506,998.8777,4.5270667,31.657188,0.0,0.0
2021-06-07 16:00:00,25.22,294.93057,998.60187,4.7258177,30.98882,0.0,0.0
2021-06-07 17:00:00,23.87,294.28815,998.5868,4.7314963,30.207449,0.0,0.0
2021-06-07 18:00:00,22.58,293.69348,998.4139,4.605604,29.875105,0.0,0.0
2021-06-07 19:00:00,21.63,292.49597,998.318,4.18754,32.642975,0.0,0.0
2021-06-07 20:00:00,20.93,291.77368,998.2286,4.105499,33.565037,0.0,0.0
2021-06-07 21:00:00,20.45,291.2932,998.5236,4.033217,34.308384,0.0,0.0
2021-06-07 22:00:00,20.41,290.8251,998.858,3.9995594,35.178684,0.0,0.0
2021-06-07 23:00:00,20.45,291.37946,999.58484,3.7043176,33.90009,0.0,0.0
2021-06-08 00:00:00,20.52,293.87238,1000.15204,4.591576,28.030447,0.0,0.0
2021-06-08 01:00:00,20.63,296.55414,1000.33673,5.2416854,23.173927,0.0,0.0
2021-06-08 02:00:00,20.7,299.06476,999.81836,5.491497,19.840302,0.0,0.0
2021-06-08 03:00:00,20.28,301.06683,998.96466,5.605129,17.9224,0.0,0.0
2021-06-08 04:00:00,19.54,302.2757,997.60803,5.232199,17.259893,0.0,0.0
2021-06-08 05:00:00,18.29,302.96063,996.71204,4.6861978,17.185865,0.0,0.0
2021-06-08 06:00:00,16.95,303.26904,996.09564,4.415233,17.087229,0.0,0.0
2021-06-08 07:00:00,15.48,303.1881,995.8269,4.658006,17.658005,0.0,0.0
2021-06-08 08:00:00,14.84,302.76117,995.9343,4.839722,17.800602,0.0,0.0
2021-06-08 09:00:00,14.85,301.47476,996.2491,4.2152896,19.182024,0.0,0.0
2021-06-08 10:00:00,14.82,299.7245,996.9433,4.2537827,21.17146,0.0,0.0
2021-06-08 11:00:00,14.63,298.45325,997.74603,4.345317,22.431475,0.0,0.0
2021-06-08 12:00:00,14.38,297.33585,998.34515,4.363,23.551,0.0,0.0
2021-06-08 13:00:00,14.55,296.30222,998.86206,4.4985504,24.55668,0.0,0.0
2021-06-08 14:00:00,14.58,295.33844,998.8622,4.7867064,25.171679,0.0,0.0
2021-06-08 15:00:00,14.28,294.505,998.65283,5.05574,25.182104,0.0,0.0
2021-06-08 16:00:00,13.81,293.83368,998.41266,5.194186,24.808327,0.0,0.0
2021-06-08 17:00:00,13.62,293.25995,998.22766,5.234776,24.539236,0.0,0.0
2021-06-08 18:00:00,13.17,292.70322,998.00006,5.2031264,24.604233,0.0,0.0
2021-06-08 19:00:00,13.14,291.31445,997.6223,4.7810173,26.662748,0.0,0.0
2021-06-08 20:00:00,13.42,290.70435,997.7328,4.729836,27.090416,0.0,0.0
2021-06-08 21:00:00,13.78,290.1679,997.8761,4.668654,27.526955,0.0,0.0
2021-06-08 22:00:00,14.0,289.73062,998.65314,4.697221,27.873123,0.0,0.0
2021-06-08 23:00:00,14.06,290.2763,999.5581,4.4966326,26.841583,0.0,0.0
2021-06-09 00:00:00,14.31,292.69647,1000.4268,5.570599,22.57444,0.0,0.0
2021-06-09 01:00:00,14.5,295.3293,1000.59344,6.4485154,19.067455,0.0,0.0
2021-06-09 02:00:00,14.42,297.86823,1000.1778,6.7351837,16.300772,0.0,0.0
2021-06-09 03:00:00,14.11,300.0636,998.8822,6.8098745,14.152941,0.0,0.0
2021-06-09 04:00:00,13.76,301.6679,997.66986,6.1781077,12.850245,0.0,0.0
2021-06-09 05:00:00,13.6,302.74713,996.5453,5.422304,12.506024,0.0,0.0
2021-06-09 06:00:00,13.68,303.27448,995.58484,5.022823,12.690632,0.0,0.0
2021-06-09 07:00:00,13.76,303.61475,995.60266,4.185094,13.03653,0.0,0.0
2021-06-09 08:00:00,13.82,303.2727,995.6384,4.010931,13.308315,0.0,0.0
2021-06-09 09:00:00,14.05,301.72372,995.78845,3.7236218,15.181726,0.0,0.0
2021-06-09 10:00:00,14.33,299.63324,996.4265,4.5145354,17.774687,0.0,0.0
2021-06-09 11:00:00,14.74,298.21237,997.03094,5.1078296,19.702223,0.0,0.0
2021-06-09 12:00:00,15.25,297.10583,997.7939,5.202926,21.279535,0.0,0.0
2021-06-09 13:00:00,15.75,296.11713,998.03467,5.239352,22.658981,0.0,0.0
2021-06-09 14:00:00,16.04,295.1878,998.36633,5.3484287,23.83953,0.0,0.0
2021-06-09 15:00:00,16.3,294.28818,998.08203,5.382307,24.738203,0.0,0.0
2021-06-09 16:00:00,16.47,293.47757,997.9816,5.3195705,25.292713,0.0,0.0
2021-06-09 17:00:00,16.18,292.7622,998.1199,5.347013,25.708809,0.0,0.0
2021-06-09 18:00:00,15.91,292.06427,997.7698,5.3444853,26.289845,0.0,0.0
2021-06-09 19:00:00,15.85,290.5649,997.5518,4.6805596,29.729435,0.0,0.0
2021-06-09 20:00:00,16.12,289.91193,997.29205,4.7707777,30.38133,0.0,0.0
2021-06-09 21:00:00,16.0,289.43835,997.6222,4.8436074,30.979038,0.0,0.0
2021-06-09 22:00:00,16.24,289.05237,998.0776,4.827866,31.63742,0.0,0.0
2021-06-09 23:00:00,16.74,289.6234,998.82404,4.500775,30.69545,0.0,0.0
2021-06-10 00:00:00,17.07,291.98962,999.497,5.53794,26.22376,0.0,0.0
2021-06-10 01:00:00,16.87,294.55322,999.59576,5.722143,22.466902,0.0,0.0
2021-06-10 02:00:00,16.56,297.07962,999.1895,5.579694,19.358864,0.0,0.0
2021-06-10 03:00:00,16.18,299.2292,997.80634,5.336255,16.979696,0.0,0.0
2021-06-10 04:00:00,16.05,300.75598,996.5114,4.5976243,15.58001,0.0,0.0
2021-06-10 05:00:00,16.44,301.7027,995.2947,3.6817856,14.830248,0.0,0.0
2021-06-10 06:00:00,16.82,302.21375,994.6403,2.8589773,14.482988,0.0,0.0
2021-06-10 07:00:00,16.85,302.51062,994.21564,2.0133092,15.064691,0.0,0.0
2021-06-10 08:00:00,16.73,302.2381,994.3769,2.1189337,15.356925,0.0,0.0
2021-06-10 09:00:00,16.72,301.18137,994.59564,2.6756225,17.008581,0.0,0.0
2021-06-10 10:00:00,16.64,299.2472,995.3173,3.545538,19.84595,0.0,0.0
2021-06-10 11:00:00,17.01,297.78345,996.049,4.1380706,21.898273,0.0,0.0
2021-06-10 12:00:00,16.79,296.5396,996.6379,4.3785524,23.382692,0.0,0.0
2021-06-10 13:00:00,17.25,295.46228,996.9358,4.283427,24.261349,0.0,0.0
2021-06-10 14:00:00,17.38,294.51276,997.01636,4.1091595,24.72391,0.0,0.0
2021-06-10 15:00:00,16.67,293.60437,996.7886,3.9542444,25.089437,0.0,0.0
2021-06-10 16:00:00,16.26,292.74634,996.4468,3.8775232,25.412518,0.0,0.0
2021-06-10 17:00:00,16.33,291.9947,996.2414,3.789543,25.66504,0.0,0.0
2021-06-10 18:00:00,16.64,291.30164,995.94476,3.7367206,25.99653,0.0,0.0
2021-06-10 19:00:00,16.54,290.18585,996.14935,3.516981,28.942684,0.0,0.0
2021-06-10 20:00:00,17.16,289.5021,996.3842,3.4784448,29.655418,0.0,0.0
2021-06-10 21:00:00,17.24,288.9993,996.8053,3.4671745,30.041153,0.0,0.0
2021-06-10 22:00:00,17.15,288.61343,997.3566,3.5484564,30.076918,0.0,0.0
2021-06-10 23:00:00,17.0,289.25696,998.0516,3.4593275,28.26687,0.0,0.0
2021-06-11 00:00:00,16.04,292.20468,998.71796,4.0119095,22.28426,0.0,0.0
2021-06-11 01:00:00,16.17,295.16653,999.04584,4.2883472,17.89572,0.0,0.0
2021-06-11 02:00:00,16.04,297.74567,998.6384,4.0639596,15.295204,0.0,0.0
2021-06-11 03:00:00,15.89,299.68057,997.6506,3.4633331,14.127935,0.0,0.0
2021-06-11 04:00:00,15.6,300.834,996.46844,2.5595713,13.950099,0.0,0.0
2021-06-11 05:00:00,15.45,301.56506,995.67126,2.040618,13.93364,0.0,0.0
2021-06-11 06:00:00,15.29,301.98694,995.1016,1.951954,13.915285,0.0,0.0
2021-06-11 07:00:00,15.05,302.10052,994.9495,1.6187388,14.889381,0.0,0.0
2021-06-11 08:00:00,15.1,301.9257,995.37366,1.8512719,14.894298,0.0,0.0
2021-06-11 09:00:00,15.33,301.10608,995.57623,2.0609257,15.868293,0.0,0.0
2021-06-11 10:00:00,15.59,299.58435,996.1142,2.5771227,18.065866,0.0,0.0
2021-06-11 11:00:00,15.43,297.99738,996.5499,2.9967625,20.10445,0.0,0.0
2021-06-11 12:00:00,15.58,296.60132,997.0991,3.2821784,21.430605,0.0,0.0
2021-06-11 13:00:00,16.13,295.38947,997.1635,3.3474028,22.386469,0.0,0.0
2021-06-11 14:00:00,16.75,294.3149,997.4634,3.2593243,23.296005,0.0,0.0
2021-06-11 15:00:00,17.29,293.34412,997.4959,3.1817575,24.147036,0.0,0.0
2021-06-11 16:00:00,17.7,292.48578,997.2861,3.1704695,24.703745,0.0,0.0
2021-06-11 17:00:00,17.54,291.76773,997.18,3.1754382,24.849241,0.0,0.0
2021-06-11 18:00:00,17.12,291.1115,996.786,3.1832273,24.9399,0.0,0.0
2021-06-11 19:00:00,16.72,289.7404,996.4906,3.5048387,25.37826,0.0,0.0
2021-06-11 20:00:00,16.74,289.0631,996.4367,3.3689957,26.169289,0.0,0.0
2021-06-11 21:00:00,16.83,288.59033,996.91327,3.2237918,27.158827,0.0,0.0
2021-06-11 22:00:00,17.15,288.24335,997.61804,3.1932542,28.046694,0.0,0.0
2021-06-11 23:00:00,17.39,288.98502,998.29987,2.9295475,27.2728,0.0,0.0
2021-06-12 00:00:00,17.61,292.71826,998.84595,2.9508452,21.23324,0.0,0.0
2021-06-12 01:00:00,18.36,296.50543,999.19037,3.3592904,16.185036,0.0,0.0
2021-06-12 02:00:00,18.57,299.26404,998.95514,3.5856974,13.563824,0.0,0.0
2021-06-12 03:00:00,18.58,301.2653,998.3097,3.1346524,12.6274805,0.0,0.0
2021-06-12 04:00:00,18.69,302.35403,997.5762,1.9758804,12.855211,0.0,0.0
2021-06-12 05:00:00,18.25,302.89124,996.54877,0.93769205,13.074401,0.0,0.0
2021-06-12 06:00:00,17.85,303.2716,996.09985,0.61530876,12.858369,0.0,0.0
2021-06-12 07:00:00,17.65,303.4591,995.6255,0.23008265,12.078469,0.0,0.0
2021-06-12 08:00:00,17.55,303.27786,995.7033,0.33139005,12.02851,0.0,0.0
2021-06-12 09:00:00,17.95,302.73196,995.9938,0.50016034,12.530997,0.0,0.0
2021-06-12 10:00:00,18.4,301.7678,996.5043,0.7336823,13.699949,0.0,0.0
2021-06-12 11:00:00,18.75,299.89117,997.1161,1.2326525,25.019587,0.0,0.0
2021-06-12 12:00:00,19.2,298.12488,997.7914,2.0132267,22.432999,0.0,0.0
2021-06-12 13:00:00,19.65,296.72534,998.0478,2.5583313,22.067259,0.0,0.0
2021-06-12 14:00:00,20.25,295.06927,998.2912,2.254236,26.431087,0.0,0.0
2021-06-12 15:00:00,20.68,293.8953,997.8567,1.8340694,30.209047,0.0,0.0
2021-06-12 16:00:00,21.08,293.24164,997.4228,1.447759,31.78609,0.0,0.0
2021-06-12 17:00:00,21.08,293.1234,997.26025,1.1231395,29.78666,0.0,0.0
2021-06-12 18:00:00,21.09,291.90433,996.87775,1.3453226,34.31398,0.0,0.0
2021-06-12 19:00:00,21.16,290.19482,996.66656,2.1135862,37.81033,0.0,0.0
2021-06-12 20:00:00,21.27,289.67795,996.5662,2.4883823,37.10548,0.0,0.0
2021-06-12 21:00:00,20.85,289.146,996.8808,2.5409768,37.665836,0.0,0.0
2021-06-12 22:00:00,20.5,288.5732,997.368,2.2032304,39.603233,0.0,0.0
2021-06-12 23:00:00,20.29,288.88904,997.8967,1.351254,45.285423,0.0,0.0
2021-06-13 00:00:00,19.18,292.99854,998.6978,0.8502903,30.2084,0.0,0.0
2021-06-13 01:00:00,19.44,296.42004,998.7581,0.6932879,23.89266,0.0,0.0
2021-06-13 02:00:00,19.24,299.37787,998.4356,0.8168768,19.322807,0.0,0.0
2021-06-13 03:00:00,19.36,301.55933,997.42444,0.88860834,16.00104,0.0,0.0
2021-06-13 04:00:00,19.92,302.9654,996.3553,0.9910207,14.9450035,0.0,0.0
2021-06-13 05:00:00,20.18,303.82324,995.22144,1.1729449,14.362818,0.0,0.0
2021-06-13 06:00:00,20.08,304.30383,994.6906,1.1323553,14.074998,0.0,0.0
2021-06-13 07:00:00,20.79,304.51947,994.41455,1.1960456,14.831246,0.0,0.0
2021-06-13 08:00:00,21.77,304.35962,994.7034,1.4562373,15.085912,0.0,0.0
2021-06-13 09:00:00,22.91,303.641,994.8564,1.9164149,16.319153,0.0,0.0
2021-06-13 10:00:00,23.57,302.2564,995.6905,2.4084694,18.616575,0.0,0.0
2021-06-13 11:00:00,23.67,300.8188,996.1503,2.5002532,21.115673,0.0,0.0
2021-06-13 12:00:00,23.77,299.4617,996.5592,2.1890197,24.47227,0.0,0.0
2021-06-13 13:00:00,24.09,298.10873,996.57336,1.6052927,31.472519,0.0,0.0
2021-06-13 14:00:00,25.52,298.46686,996.5731,0.91060656,27.204128,0.0,0.0
2021-06-13 15:00:00,26.87,298.26505,996.12787,0.18505292,25.858435,0.0,0.0
2021-06-13 16:00:00,28.15,296.6037,995.9914,1.1988724,31.415945,0.0,0.0
2021-06-13 17:00:00,29.29,294.7118,995.7276,1.5202782,38.62957,0.0,0.0
2021-06-13 18:00:00,29.84,293.42746,995.7532,1.8514055,43.08687,0.0,0.0
2021-06-13 19:00:00,30.56,292.42218,995.36725,2.6180758,48.25886,0.0,0.0
2021-06-13 20:00:00,31.03,291.5959,995.706,2.0965185,53.441936,0.0,0.0
2021-06-13 21:00:00,31.52,290.90192,995.8353,1.4309813,61.693253,0.0,0.0
2021-06-13 22:00:00,31.74,290.9145,996.35706,1.1581941,61.240814,0.0,0.0
2021-06-13 23:00:00,32.51,291.19305,996.92377,1.2688094,62.531567,0.0,0.0
2021-06-14 00:00:00,34.0,294.6317,997.5117,2.0181599,44.204594,0.0,0.0
2021-06-14 01:00:00,33.94,297.2331,997.6195,2.9978073,38.277424,0.0,0.0
2021-06-14 02:00:00,33.61,299.31827,997.0011,3.4934793,37.398678,0.0,0.0
2021-06-14 03:00:00,33.03,301.0548,996.28436,3.4475803,36.470943,0.0,0.0
2021-06-14 04:00:00,32.71,302.29736,995.20654,2.9958239,35.070698,0.0,0.0
2021-06-14 05:00:00,32.52,303.083,994.1437,2.5190842,34.172626,0.0,0.0
2021-06-14 06:00:00,32.64,303.56055,993.49646,2.4998586,33.718155,0.0,0.0
2021-06-14 07:00:00,32.85,303.00006,993.47534,2.5511537,34.871384,0.064224005,0.0
2021-06-14 08:00:00,32.4,302.73297,993.5428,2.4632447,35.557365,0.0,0.0
2021-06-14 09:00:00,32.07,302.32733,993.7606,2.613465,36.508194,0.0,0.0
2021-06-14 10:00:00,31.83,301.76355,994.45807,2.204594,37.919968,0.0,0.0
2021-06-14 11:00:00,31.78,300.90222,994.943,2.4048753,39.99794,0.0,0.0
2021-06-14 12:00:00,32.08,300.15887,995.3119,2.7006967,41.60003,0.0,0.0
2021-06-14 13:00:00,31.99,299.32834,995.45776,3.1085217,42.88538,0.0,0.0
2021-06-14 14:00:00,31.86,298.63025,995.47687,3.3851142,43.244717,0.0,0.0
2021-06-14 15:00:00,31.65,298.036,995.21857,3.5934124,42.885845,0.0,0.0
2021-06-14 16:00:00,31.34,297.6324,995.1122,3.749136,41.944508,0.0,0.0
2021-06-14 17:00:00,31.11,297.22302,995.0772,3.8255928,41.222713,0.0,0.0
2021-06-14 18:00:00,31.23,296.7782,994.9989,3.8483894,40.790554,0.0,0.0
2021-06-14 19:00:00,31.03,295.6277,995.03375,3.991307,39.988037,0.0,0.0
2021-06-14 20:00:00,31.0,295.28156,995.28436,3.7397614,39.685146,0.0,0.0
2021-06-14 21:00:00,30.71,294.91553,995.573,3.6165237,39.67956,0.0,0.0
2021-06-14 22:00:00,30.86,294.5831,996.03314,3.6337795,39.703484,0.0,0.0
2021-06-14 23:00:00,31.08,294.47693,996.67303,3.674088,39.154003,0.0,0.0
2021-06-15 00:00:00,31.57,295.64307,997.45026,4.634639,35.25504,0.064224005,0.0
2021-06-15 01:00:00,31.18,297.1859,997.55347,4.586379,31.583033,0.0,0.0
2021-06-15 02:00:00,30.57,299.305,997.09576,4.6612115,27.89252,0.0,0.0
2021-06-15 03:00:00,29.83,301.19843,996.1873,4.634199,26.009352,0.0,0.0
2021-06-15 04:00:00,29.04,302.31604,995.1436,4.200659,25.974348,0.0,0.0
2021-06-15 05:00:00,27.79,303.19196,994.2184,3.6388001,25.772255,0.0,0.0
2021-06-15 06:00:00,27.87,303.62958,993.6205,3.2623782,25.66351,0.0,0.0
2021-06-15 07:00:00,28.26,303.274,993.91376,2.8248475,26.614607,0.0,0.0
2021-06-15 08:00:00,28.31,303.04974,994.14343,2.8247235,27.129599,0.0,0.0
2021-06-15 09:00:00,28.29,302.5538,994.6884,2.821839,27.829802,0.0,0.0
2021-06-15 10:00:00,28.34,301.45538,995.3134,2.8300655,29.552347,0.0,0.0
2021-06-15 11:00:00,28.57,300.34845,996.05096,3.3850892,31.06708,0.0,0.0
2021-06-15 12:00:00,29.14,299.43927,996.32477,3.786265,31.84013,0.0,0.0
2021-06-15 13:00:00,29.77,298.5044,996.6551,4.1046553,32.33015,0.0,0.0
2021-06-15 14:00:00,29.46,297.5799,996.807,4.2564178,32.628517,0.0,0.0
2021-06-15 15:00:00,29.14,296.71027,996.8089,4.499817,32.700294,0.0,0.0
2021-06-15 16:00:00,28.92,295.95892,996.9469,4.500983,32.36763,0.0,0.0
2021-06-15 17:00:00,28.32,295.19226,996.8833,4.0689664,32.46194,0.0,0.0
2021-06-15 18:00:00,28.19,294.5318,996.8066,3.7348752,32.986305,0.0,0.0
2021-06-15 19:00:00,27.59,293.31567,996.68756,3.498107,37.50873,0.0,0.0
2021-06-15 20:00:00,27.54,292.69086,997.1168,3.457929,38.187813,0.0,0.0
2021-06-15 21:00:00,27.31,292.13297,997.7902,3.741382,37.557625,0.0,0.0
2021-06-15 22:00:00,27.3,291.68896,998.288,3.9953141,35.681164,0.0,0.0
2021-06-15 23:00:00,26.96,292.18048,999.15186,4.1458926,31.883156,0.0,0.0
2021-06-16 00:00:00,26.89,294.26407,999.84125,5.3195877,25.345867,0.0,0.0
2021-06-16 01:00:00,27.16,296.5865,1000.06604,5.6611547,20.970072,0.0,0.0
2021-06-16 02:00:00,26.68,298.92734,999.4018,5.543771,18.333744,0.0,0.0
2021-06-16 03:00:00,25.8,300.96814,998.3756,5.402125,17.366196,0.0,0.0
2021-06-16 04:00:00,24.93,302.4275,997.2319,5.0454946,17.835705,0.0,0.0
2021-06-16 05:00:00,24.34,303.34772,996.1568,4.5968494,18.28337,0.0,0.0
2021-06-16 06:00:00,23.55,303.83978,995.7319,4.3111014,18.297026,0.0,0.0
2021-06-16 07:00:00,22.62,303.62793,996.0574,3.371574,19.16837,0.0,0.0
2021-06-16 08:00:00,22.13,303.39844,996.1325,3.0539303,19.6564,0.0,0.0
2021-06-16 09:00:00,22.16,302.48877,996.75,3.0322623,20.925146,0.0,0.0
2021-06-16 10:00:00,21.98,300.80267,997.6736,4.0082245,23.20716,0.0,0.0
2021-06-16 11:00:00,21.59,299.4583,998.26984,4.989546,24.63804,0.0,0.0
2021-06-16 12:00:00,21.32,298.33136,998.8744,5.7612286,25.1218,0.0,0.0
2021-06-16 13:00:00,21.51,297.26337,999.3465,6.294917,25.185087,0.0,0.0
2021-06-16 14:00:00,21.43,296.26202,999.7301,6.251943,25.114594,0.0,0.0
2021-06-16 15:00:00,21.72,295.31537,999.6489,5.7642817,25.232136,0.0,0.0
2021-06-16 16:00:00,21.94,294.48267,999.5606,5.1807914,25.529312,0.0,0.0
2021-06-16 17:00:00,21.73,293.73077,999.4849,4.726927,25.950987,0.0,0.0
2021-06-16 18:00:00,21.96,293.03912,999.5006,4.44235,26.492989,0.0,0.0
2021-06-16 19:00:00,21.89,292.0653,999.5053,4.2579484,25.54633,0.0,0.0
2021-06-16 20:00:00,22.2,291.9041,999.83234,3.8895729,25.802824,0.0,0.0
2021-06-16 21:00:00,22.15,291.72107,1000.0176,3.5465024,26.279816,0.0,0.0
2021-06-16 22:00:00,22.25,291.76413,1000.7324,3.3712406,26.378122,0.0,0.0
2021-06-16 23:00:00,21.83,291.90417,1001.307,3.3021884,26.349512,0.0,0.0
2021-06-17 00:00:00,21.72,293.65277,1002.0574,4.53667,23.215252,0.0,0.0
2021-06-17 01:00:00,22.17,295.77844,1002.23737,5.2821918,20.115316,0.0,0.0
2021-06-17 02:00:00,21.95,298.0674,1001.71204,5.4657245,17.416798,0.0,0.0
2021-06-17 03:00:00,21.43,300.19604,1000.5745,5.4741826,15.461069,0.0,0.0
2021-06-17 04:00:00,20.99,301.9394,999.4621,5.412133,14.421749,0.0,0.0
2021-06-17 05:00:00,21.06,303.07605,998.0389,5.1865993,14.181511,0.0,0.0
2021-06-17 06:00:00,21.21,303.68005,997.3133,5.077115,14.251381,0.0,0.0
2021-06-17 07:00:00,21.31,303.45416,997.55,5.288888,15.176349,0.0,0.0
2021-06-17 08:00:00,21.37,303.0367,997.7029,5.761942,15.178023,0.0,0.0
2021-06-17 09:00:00,21.36,301.75848,998.2317,5.1725907,16.011602,0.0,0.0
2021-06-17 10:00:00,20.71,300.0688,998.9321,5.3568473,16.973595,0.0,0.0
2021-06-17 11:00:00,19.48,298.7869,999.6654,5.7981215,17.424965,0.0,0.0
2021-06-17 12:00:00,19.22,297.68433,1000.15704,6.024628,17.866999,0.0,0.0
2021-06-17 13:00:00,19.63,296.8056,1000.661,6.149746,18.178133,0.0,0.0
2021-06-17 14:00:00,20.33,296.07916,1000.5517,6.1967416,18.368143,0.0,0.0
2021-06-17 15:00:00,20.3,295.2693,1000.29724,6.0814342,18.77703,0.0,0.0
2021-06-17 16:00:00,20.48,294.57434,1000.0623,5.8611126,19.225866,0.0,0.0
2021-06-17 17:00:00,20.48,293.94995,1000.10876,5.5564375,19.817757,0.0,0.0
2021-06-17 18:00:00,20.37,293.5806,1000.1881,5.384989,20.225561,0.0,0.0
2021-06-17 19:00:00,20.15,292.15063,1000.78705,4.9987917,20.856531,0.0,0.0
2021-06-17 20:00:00,20.4,291.55115,1000.8907,4.8740873,21.669641,0.0,0.0
2021-06-17 21:00:00,20.45,291.07654,1001.28564,4.7520323,22.38338,0.0,0.0
2021-06-17 22:00:00,20.63,290.70184,1002.13617,4.69661,23.048267,0.0,0.0
2021-06-17 23:00:00,20.9,291.20746,1002.6311,4.7392273,22.531929,0.0,0.03
2021-06-18 00:00:00,22.13,292.64142,1003.0123,5.940946,20.511774,0.002142787,0.0
2021-06-18 01:00:00,22.73,294.57617,1003.02704,6.7989554,18.796072,0.0,0.0
2021-06-18 02:00:00,23.46,296.4784,1002.225,6.8345222,17.813107,0.0,0.0
2021-06-18 03:00:00,23.6,298.25748,1001.266,6.712556,17.070036,0.0,0.0
2021-06-18 04:00:00,23.57,299.6834,1000.1167,6.5009317,16.499748,0.0,0.0
2021-06-18 05:00:00,23.72,301.10336,999.0786,6.422425,15.810272,0.0,0.12
2021-06-18 06:00:00,24.19,301.77225,998.5879,6.368126,15.619371,0.0,0.0
2021-06-18 07:00:00,24.41,301.38815,999.01404,6.3102922,17.746782,0.0,0.0
2021-06-18 08:00:00,24.72,300.8475,999.0436,6.5707135,18.09691,0.0,0.0
2021-06-18 09:00:00,25.09,299.85706,999.40576,5.7348,19.049974,0.0,0.0
2021-06-18 10:00:00,24.85,298.68573,1000.2953,5.7962675,20.131907,0.0,0.0
2021-06-18 11:00:00,24.73,297.5912,1000.39294,6.006964,21.027508,0.0,0.0
2021-06-18 12:00:00,25.22,296.70642,1000.9498,6.1055994,21.67706,0.0,0.0
2021-06-18 13:00:00,25.94,295.96973,1000.85846,6.124178,22.237835,0.0,0.0
2021-06-18 14:00:00,26.0,295.34515,1000.90326,6.1047564,22.84337,0.0,0.0
2021-06-18 15:00:00,25.51,294.9135,1000.60516,5.946194,23.310497,0.016584992,0.0
2021-06-18 16:00:00,25.29,294.52814,1000.5836,5.6364064,24.024763,0.0,0.0
2021-06-18 17:00:00,25.0,293.89478,1000.70514,5.1017876,25.149117,0.0,0.0
2021-06-18 18:00:00,24.78,293.5119,1000.8267,4.88752,25.757301,0.0,0.0
2021-06-18 19:00:00,24.77,292.40997,999.9498,4.1464586,28.026337,0.0,0.0
2021-06-18 20:00:00,24.51,291.5799,1000.0878,4.057875,30.087498,0.0,0.0
2021-06-18 21:00:00,24.2,290.95038,1000.71893,4.4128804,32.09857,0.0,0.0
2021-06-18 22:00:00,24.25,290.4851,1001.5086,4.9979105,34.366627,0.011101365,0.0
2021-06-18 23:00:00,23.92,290.86774,1002.12537,5.249169,34.863834,0.032916665,0.0
2021-06-19 00:00:00,23.14,292.08173,1002.7166,6.619221,33.430447,0.09535253,0.0
2021-06-19 01:00:00,23.33,293.4462,1002.7519,6.9607387,31.433891,0.0,0.0
2021-06-19 02:00:00,23.05,295.53235,1002.21075,7.0843573,27.268219,0.0,0.0
2021-06-19 03:00:00,22.82,297.3477,1001.1704,7.1259823,24.290741,0.0,0.0
2021-06-19 04:00:00,22.58,298.84247,999.99963,6.666495,22.361698,0.0,0.0
2021-06-19 05:00:00,22.74,299.6158,999.07874,6.109669,21.41576,0.0,0.0
2021-06-19 06:00:00,22.36,300.5137,998.3198,5.7872806,20.430248,0.0,0.0
2021-06-19 07:00:00,21.97,301.68524,997.8091,4.165481,20.139112,0.0,0.0
2021-06-19 08:00:00,22.31,301.533,998.0927,4.0503645,20.672953,0.0,0.0
2021-06-19 09:00:00,22.82,300.5398,998.1259,3.5951502,22.647549,0.0,0.0
2021-06-19 10:00:00,22.52,299.24472,998.7307,4.2139573,24.96052,0.0,0.0
2021-06-19 11:00:00,22.43,298.20834,999.303,4.761249,26.365583,0.0,0.0
2021-06-19 12:00:00,22.5,297.43042,999.6306,4.964943,27.089027,0.0,0.0
2021-06-19 13:00:00,22.49,296.64178,999.7045,5.185163,27.512465,0.0,0.0
2021-06-19 14:00:00,22.19,296.17838,999.46796,5.470425,26.993519,0.0,0.0
2021-06-19 15:00:00,21.25,295.2732,999.15765,5.490942,27.265522,0.0,0.0
2021-06-19 16:00:00,20.31,294.823,998.95935,5.4590297,26.928923,0.0,0.0
2021-06-19 17:00:00,19.47,294.14935,999.0261,5.239235,26.945854,0.0,0.0
2021-06-19 18:00:00,19.58,293.735,998.7433,5.0383134,26.35259,0.0,0.0
2021-06-19 19:00:00,19.77,292.48776,998.6211,4.095033,29.519547,0.0,0.0
2021-06-19 20:00:00,19.43,291.8413,998.38403,3.920752,29.510323,0.0,0.0
2021-06-19 21:00:00,19.43,291.2334,998.59,3.790417,29.455376,0.0,0.0
2021-06-19 22:00:00,20.04,290.8741,998.9817,3.6697526,29.042187,0.0,0.0
2021-06-19 23:00:00,20.36,291.12796,999.5968,3.5599275,27.751228,0.0,0.0
2021-06-20 00:00:00,20.28,293.2906,1000.277,4.44908,22.725489,0.001283979,0.0
2021-06-20 01:00:00,20.29,295.44495,1000.1708,4.7233644,19.658213,0.0,0.0
2021-06-20 02:00:00,19.79,297.86,999.6788,4.381188,17.599478,0.0,0.0
2021-06-20 03:00:00,19.77,299.88037,998.60565,3.8817322,16.711897,0.0,0.0
2021-06-20 04:00:00,19.76,301.45355,997.35205,3.2109663,16.772383,0.0,0.0
2021-06-20 05:00:00,20.15,302.35123,996.29407,2.2960176,17.57883,0.0,0.0
2021-06-20 06:00:00,19.88,302.84167,995.6955,1.4127779,18.512062,0.0,0.0
2021-06-20 07:00:00,19.77,302.71277,995.9738,1.2310066,20.441053,0.0,0.0
2021-06-20 08:00:00,19.78,302.64093,995.9582,1.8530486,20.880718,0.0,0.0
2021-06-20 09:00:00,19.5,301.8506,996.3059,2.3608382,22.268204,0.0,0.0
2021-06-20 10:00:00,18.29,300.39154,996.7584,3.0177598,24.888893,0.0,0.0
2021-06-20 11:00:00,17.63,299.12433,997.02856,3.42256,27.030827,0.0,0.0
2021-06-20 12:00:00,17.19,298.03906,997.20844,3.585786,29.095713,0.0,0.0
2021-06-20 13:00:00,17.03,297.10284,997.4342,3.5911145,31.06743,0.0,0.0
2021-06-20 14:00:00,16.73,296.222,997.40466,3.532678,32.501175,0.0,0.0
2021-06-20 15:00:00,16.23,295.61993,997.57587,3.5018532,32.666504,0.0,0.0
2021-06-20 16:00:00,15.8,295.13104,997.53564,3.605517,31.803423,0.0,0.0
2021-06-20 17:00:00,14.74,295.03232,997.733,3.763537,30.067339,0.0,0.0
2021-06-20 18:00:00,14.19,294.4124,997.567,3.9416456,30.059374,0.0,0.0
2021-06-20 19:00:00,14.29,292.88373,996.8594,4.2665777,32.117825,0.0,0.0
2021-06-20 20:00:00,15.0,292.26306,996.91656,4.237462,32.73117,0.0,0.0
2021-06-20 21:00:00,15.67,291.7193,997.17773,4.1269035,33.369324,0.0,0.0
2021-06-20 22:00:00,15.95,291.2927,997.59204,3.978971,33.841732,0.0,0.0
2021-06-20 23:00:00,16.06,291.86346,998.15204,3.88402,32.41034,0.0,0.0
2021-06-21 00:00:00,16.5,294.76465,998.6381,4.4615097,26.495996,0.0017220586,0.0
2021-06-21 01:00:00,16.98,297.5041,998.39044,5.640182,21.506237,0.0,0.0
2021-06-21 02:00:00,17.63,299.95697,997.54456,5.9385924,18.413555,0.0,0.0
2021-06-21 03:00:00,18.27,302.09204,996.5215,5.9255795,17.177809,0.0,0.0
2021-06-21 04:00:00,18.35,303.58264,995.26245,5.2919674,17.669605,0.0,0.0
2021-06-21 05:00:00,18.44,304.50967,994.2232,4.3273315,17.582668,0.0,0.0
2021-06-21 06:00:00,18.87,305.04913,993.5055,3.7511115,16.788418,0.0,0.0
2021-06-21 07:00:00,19.92,305.3841,992.9197,3.1999288,17.40105,0.0,0.0
2021-06-21 08:00:00,20.79,305.25958,992.7854,3.0275297,17.227346,0.0,0.0
2021-06-21 09:00:00,22.13,304.15668,992.9456,2.3284705,18.83741,0.0,0.0
2021-06-21 10:00:00,22.23,302.6878,993.2681,2.5809069,21.29521,0.0,0.0
2021-06-21 11:00:00,22.12,301.14627,993.4247,3.1123288,23.717953,0.0,0.04
2021-06-21 12:00:00,22.2,299.96817,994.2428,3.7078335,25.261635,0.0,0.0
2021-06-21 13:00:00,23.58,299.0987,994.6872,4.2690234,26.981617,0.0,0.0
2021-06-21 14:00:00,26.18,298.17325,995.20013,4.2715635,30.104923,0.0,0.0
2021-06-21 15:00:00,28.96,297.2358,995.68445,4.0168056,35.430553,0.0,0.0
2021-06-21 16:00:00,30.31,296.05554,995.72705,3.6027255,42.62914,0.0,0.0
2021-06-21 17:00:00,29.75,295.07108,995.7774,3.195974,49.128033,0.0,0.0
2021-06-21 18:00:00,29.84,294.35004,995.5466,2.9025521,54.072422,0.0,0.0
2021-06-21 19:00:00,29.96,293.63934,994.9747,2.3563123,58.33795,0.0,0.0
2021-06-21 20:00:00,31.31,292.95197,995.0343,1.9553031,63.407845,0.0,0.0
2021-06-21 21:00:00,31.37,292.5398,995.28656,2.1341588,65.23308,0.0,0.0
2021-06-21 22:00:00,31.02,292.39362,996.15784,1.9476256,65.74626,0.0,0.0
2021-06-21 23:00:00,30.82,292.8354,996.9461,2.3001647,62.83175,0.0,0.0
2021-06-22 00:00:00,36.24,294.71674,997.35846,3.4888842,53.049625,0.0,0.0
2021-06-22 01:00:00,37.39,296.58124,997.29,4.9998446,44.624443,0.0,0.0
2021-06-22 02:00:00,38.9,298.83228,996.4451,6.518996,46.555645,0.0,0.0
2021-06-22 03:00:00,40.42,300.46112,995.2675,7.5831194,50.919033,0.0,0.0
2021-06-22 04:00:00,41.8,301.47925,994.0402,8.371418,49.422504,0.011913478,0.0
2021-06-22 05:00:00,44.43,302.0166,993.3795,9.308671,46.83784,0.05069375,1.0999999
2021-06-22 06:00:00,47.0,300.4154,993.5059,8.032328,53.358036,0.15031546,1.5999999
2021-06-22 07:00:00,45.61,296.76645,994.302,6.558167,71.400795,0.26337802,0.0
2021-06-22 08:00:00,43.94,295.38522,994.96045,5.5655665,73.348114,0.19387901,0.0
2021-06-22 09:00:00,43.71,294.3056,995.97546,5.218171,73.668304,0.6364137,0.0
2021-06-22 10:00:00,43.58,293.4715,996.7712,4.465474,74.12604,0.8391142,0.0
2021-06-22 11:00:00,43.43,293.0359,997.4535,3.9908469,74.097664,0.6791502,0.0
2021-06-22 12:00:00,42.76,292.68005,998.19653,4.3157053,74.58089,0.4425347,0.0
2021-06-22 13:00:00,40.7,292.2481,998.6305,4.136258,75.587296,0.2759397,0.0
2021-06-22 14:00:00,38.69,291.90033,999.0111,3.9946845,76.579704,0.039964914,0.0
2021-06-22 15:00:00,37.35,291.34613,998.9025,3.8024747,79.08624,0.05571544,0.0
2021-06-22 16:00:00,35.81,290.96057,998.7341,3.7149324,80.02641,0.0012665987,0.0
2021-06-22 17:00:00,33.86,290.5575,998.76373,3.6256545,80.949524,0.0,0.0
2021-06-22 18:00:00,31.87,290.22717,998.4925,3.4067311,81.46599,0.0012814999,0.0
2021-06-22 19:00:00,30.17,289.67203,998.46155,3.4411552,82.93518,0.0,0.0
2021-06-22 20:00:00,29.04,289.2862,998.4819,3.3685956,84.07489,0.0,0.0
2021-06-22 21:00:00,28.1,288.91226,998.9933,3.3710904,85.107956,0.0,0.0
2021-06-22 22:00:00,27.05,288.44388,999.378,3.5306656,86.28139,0.0,0.0
2021-06-22 23:00:00,25.68,288.74496,1000.5313,3.9233143,83.17713,0.0,0.0
2021-06-23 00:00:00,23.25,290.02063,1001.08734,5.1215677,74.25362,3.64241,0.0
2021-06-23 01:00:00,22.33,291.65546,1001.2444,5.3960137,66.3419,0.0,0.0
2021-06-23 02:00:00,21.66,293.33737,1001.099,5.3430367,59.64984,0.0,0.0
2021-06-23 03:00:00,20.61,294.98102,1000.0536,5.0800047,54.12253,0.0,0.0
2021-06-23 04:00:00,19.57,296.07062,999.0159,4.4270153,50.9952,0.0,0.0
2021-06-23 05:00:00,18.37,296.87073,998.1875,3.9032063,48.955032,0.0,0.0
2021-06-23 06:00:00,18.31,297.16327,997.6294,3.8547401,47.619686,0.0,0.0
2021-06-23 07:00:00,17.49,297.48672,997.585,3.6901999,47.834393,0.0,0.0
2021-06-23 08:00:00,16.18,297.28632,997.72656,4.188227,47.260674,0.0,0.0
2021-06-23 09:00:00,14.82,296.2021,998.4264,4.250848,50.206203,0.0,0.0
2021-06-23 10:00:00,13.47,294.35202,999.14154,5.0892153,53.835125,0.0,0.0
2021-06-23 11:00:00,12.07,293.0279,999.72,5.475983,54.55447,0.0,0.0
2021-06-23 12:00:00,11.12,291.92126,1000.16486,5.4989014,55.690395,0.0,0.0
2021-06-23 13:00:00,11.02,291.24585,1000.7955,5.7227893,55.94331,0.0,0.0
2021-06-23 14:00:00,11.31,290.31262,1001.1731,5.401518,57.65668,0.0,0.0
2021-06-23 15:00:00,11.23,289.7844,1000.89954,4.8525777,58.88302,0.0,0.0
2021-06-23 16:00:00,11.43,288.9873,1000.65906,4.566415,61.43571,0.0,0.0
2021-06-23 17:00:00,11.59,288.34387,1000.6822,4.556135,63.379276,0.0,0.0
2021-06-23 18:00:00,12.01,287.68265,1000.4118,4.5783772,65.30744,0.0,0.0
2021-06-23 19:00:00,11.74,286.33533,1000.33307,4.199417,70.21968,0.0,0.0
2021-06-23 20:00:00,11.26,285.85507,999.97534,4.4054694,71.59203,0.0,0.0
2021-06-23 21:00:00,11.47,285.42355,1000.1392,4.5985436,73.00292,0.0,0.0
2021-06-23 22:00:00,11.61,285.0052,1000.3564,4.626691,74.51745,0.0,0.0
2021-06-23 23:00:00,11.55,285.34702,1001.1728,4.6843324,72.92186,0.0,0.0
2021-06-24 00:00:00,12.22,286.92337,1001.9423,6.3006353,64.59287,0.0012852092,0.0
2021-06-24 01:00:00,12.22,288.96237,1002.18146,6.7741494,56.09878,0.0,0.0
2021-06-24 02:00:00,12.73,291.1453,1001.80646,6.863302,47.915283,0.0,0.0
2021-06-24 03:00:00,13.54,292.90985,1000.77124,6.8201294,41.79868,0.0,0.0
2021-06-24 04:00:00,13.24,294.5609,999.605,6.5952067,37.01568,0.0,0.0
2021-06-24 05:00:00,12.27,295.70728,998.39374,6.386509,33.970886,0.0,0.0
2021-06-24 06:00:00,11.92,296.31537,997.91876,6.2687254,31.982656,0.0,0.0
2021-06-24 07:00:00,10.99,296.79492,997.6446,5.644835,30.291445,0.0,0.0
2021-06-24 08:00:00,10.59,296.393,998.0703,6.062066,29.79234,0.0,0.0
2021-06-24 09:00:00,10.72,295.01324,998.64,5.3512425,32.86107,0.0,0.0
2021-06-24 10:00:00,10.52,293.4857,999.5683,5.4191017,36.78315,0.0,0.0
2021-06-24 11:00:00,10.21,292.49432,1000.0569,5.6936064,39.731705,0.0,0.0
2021-06-24 12:00:00,10.19,291.38043,1000.6188,5.7447844,43.11703,0.0,0.0
2021-06-24 13:00:00,10.19,290.60464,1000.80493,5.651388,45.49135,0.0,0.0
2021-06-24 14:00:00,10.21,289.7465,1001.08923,5.355546,47.983257,0.0,0.0
2021-06-24 15:00:00,10.49,289.00262,1001.16296,5.0671725,50.099712,0.0,0.0
2021-06-24 16:00:00,11.6,288.3451,1001.0207,4.7498426,51.93019,0.0,0.0
2021-06-24 17:00:00,12.95,287.76636,1000.78674,4.576876,53.524746,0.0,0.0
2021-06-24 18:00:00,14.09,287.26385,1000.5666,4.5705585,54.81255,0.0,0.0
2021-06-24 19:00:00,14.34,286.5664,1000.15094,4.3818097,57.02542,0.0,0.0
2021-06-24 20:00:00,14.19,286.50314,1000.21765,4.5251737,56.595196,0.0,0.0
2021-06-24 21:00:00,14.14,286.5959,1000.3328,4.655813,55.63767,0.0,0.0
2021-06-24 22:00:00,14.18,286.47498,1000.8515,4.8280907,55.62975,0.0,0.0
2021-06-24 23:00:00,14.29,286.8978,1001.35815,4.939849,54.087944,0.0,0.0
2021-06-25 00:00:00,14.67,288.17432,1002.03406,5.9913697,49.468956,0.001290784,0.0
2021-06-25 01:00:00,14.83,289.69562,1002.38696,6.1926174,45.4517,0.0,0.0
2021-06-25 02:00:00,14.7,291.99066,1001.90424,6.243778,40.08589,0.0,0.0
2021-06-25 03:00:00,14.91,293.9181,1001.07837,6.2641864,36.268223,0.0,0.0
2021-06-25 04:00:00,15.21,295.80792,999.8655,6.230133,33.319744,0.0,0.0
2021-06-25 05:00:00,14.82,297.0612,999.00867,6.048173,31.921717,0.0,0.0
2021-06-25 06:00:00,14.64,297.8278,998.3904,5.8767476,31.483427,0.0,0.0
2021-06-25 07:00:00,14.58,299.0395,997.6861,5.011431,29.971975,0.0,0.0
2021-06-25 08:00:00,14.83,298.87354,997.7405,5.115042,30.685606,0.0,0.0
2021-06-25 09:00:00,15.1,297.596,998.1181,4.46592,33.613834,0.0,0.0
2021-06-25 10:00:00,14.86,295.8437,998.84424,4.782969,37.459175,0.0,0.0
2021-06-25 11:00:00,14.53,294.6765,999.77734,5.239882,39.795,0.0,0.0
2021-06-25 12:00:00,14.42,293.63477,1000.41327,5.4761224,41.7412,0.0,0.0
2021-06-25 13:00:00,14.59,292.64612,1000.88226,5.4092956,43.71405,0.0,0.0
2021-06-25 14:00:00,14.77,291.89288,1000.8282,5.408978,45.20603,0.0,0.0
2021-06-25 15:00:00,15.52,291.22678,1000.7452,5.5085425,46.798206,0.0,0.0
2021-06-25 16:00:00,16.06,290.6067,1000.46704,5.5371118,48.712395,0.0,0.0
2021-06-25 17:00:00,16.15,290.4004,1000.423,5.469584,49.639206,0.0,0.0
2021-06-25 18:00:00,16.38,289.9683,1000.22424,5.2277884,51.017117,0.0,0.0
2021-06-25 19:00:00,16.35,289.07013,999.46826,4.520767,51.12419,0.0,0.0
2021-06-25 20:00:00,16.35,288.73846,999.72687,4.467339,51.43014,0.0,0.0
2021-06-25 21:00:00,16.4,288.46146,1000.0889,4.522055,51.40415,0.0,0.0
2021-06-25 22:00:00,16.82,288.29507,1000.611,4.7049284,50.808502,0.0,0.0
2021-06-25 23:00:00,17.01,288.8614,1001.52155,4.8713236,48.094795,0.0,0.0
2021-06-26 00:00:00,16.09,291.06305,1002.188,5.8952274,40.63874,0.0,0.0
2021-06-26 01:00:00,16.1,293.4445,1002.4897,7.12625,34.67198,0.0,0.0
2021-06-26 02:00:00,16.04,295.71423,1002.0859,7.2670903,30.776934,0.0,0.0
2021-06-26 03:00:00,16.06,297.76462,1001.2074,7.1348333,28.138474,0.0,0.0
2021-06-26 04:00:00,15.82,299.39215,1000.03564,6.8354177,26.703007,0.0,0.0
2021-06-26 05:00:00,15.7,300.5144,998.8425,6.3668494,26.219437,0.0,0.0
2021-06-26 06:00:00,15.94,301.13574,998.1141,5.8271365,26.353582,0.0,0.0
2021-06-26 07:00:00,16.07,301.8515,997.71265,5.3148737,26.888302,0.0,0.0
2021-06-26 08:00:00,16.36,301.49072,997.70013,5.0846677,27.459267,0.0,0.0
2021-06-26 09:00:00,16.54,300.14453,998.1806,4.405925,29.95019,0.0,0.0
2021-06-26 10:00:00,17.04,298.17578,999.05725,4.9781504,33.472282,0.0,0.0
2021-06-26 11:00:00,17.37,296.72,999.7512,5.8495827,35.428753,0.0,0.0
2021-06-26 12:00:00,17.52,295.34656,1000.21014,6.2837834,36.8985,0.0,0.0
2021-06-26 13:00:00,17.66,294.1621,1000.6657,6.4316998,37.913567,0.0,0.0
2021-06-26 14:00:00,17.94,293.22797,1000.90125,6.4915695,38.42282,0.0,0.0
2021-06-26 15:00:00,17.6,292.47827,1000.8375,6.431208,38.503067,0.0,0.0
2021-06-26 16:00:00,17.37,291.89307,1000.873,6.2936735,38.160698,0.0,0.0
2021-06-26 17:00:00,17.44,291.3897,1000.90955,6.1277485,37.55186,0.0,0.0
2021-06-26 18:00:00,17.43,290.86926,1000.58673,5.9937596,36.723324,0.0,0.0
2021-06-26 19:00:00,17.6,290.0928,1000.1348,5.28384,41.569973,0.0,0.0
2021-06-26 20:00:00,17.79,289.54327,1000.17126,5.141404,41.490726,0.0,0.0
2021-06-26 21:00:00,18.76,289.09964,1000.3214,4.9843254,41.18498,0.0,0.0
2021-06-26 22:00:00,19.07,288.81842,1000.8975,4.9515085,40.61865,0.0,0.0
2021-06-26 23:00:00,19.26,289.22583,1001.58923,4.8648252,38.617306,0.0,0.0
2021-06-27 00:00:00,18.77,291.27414,1002.1078,5.9131227,32.60206,0.0,0.0
2021-06-27 01:00:00,18.99,293.69012,1002.0852,6.4681554,28.403223,0.0,0.0
2021-06-27 02:00:00,19.51,296.15363,1001.46893,6.2147355,25.852459,0.0,0.0
2021-06-27 03:00:00,19.64,298.37537,1000.45953,5.890586,24.771818,0.0,0.0
2021-06-27 04:00:00,19.52,300.11185,999.1945,5.4347053,24.824123,0.0,0.0
2021-06-27 05:00:00,19.19,301.28668,998.1282,4.7875047,25.168848,0.0,0.0
2021-06-27 06:00:00,19.56,301.96262,997.525,4.2141304,25.349913,0.0,0.0
2021-06-27 07:00:00,20.11,302.61298,997.3671,3.6725607,24.977415,0.0,0.0
2021-06-27 08:00:00,20.79,302.40207,997.3816,4.02229,25.307056,0.0,0.0
2021-06-27 09:00:00,21.44,301.217,997.57153,3.6751125,27.793291,0.0,0.0
2021-06-27 10:00:00,21.86,299.4696,997.9183,4.1000624,31.255692,0.0,0.0
2021-06-27 11:00:00,22.13,298.31305,998.3514,4.738375,32.90211,0.0,0.0
2021-06-27 12:00:00,22.13,297.3941,998.8208,5.037275,33.49436,0.0,0.0
2021-06-27 13:00:00,22.17,296.74524,999.1521,5.0633426,33.402912,0.0,0.0
2021-06-27 14:00:00,21.93,296.40326,999.3791,5.090878,32.960243,0.0,0.0
2021-06-27 15:00:00,21.99,296.17252,999.33624,4.9836617,32.799667,0.0,0.0
2021-06-27 16:00:00,22.02,295.9306,999.1831,4.8341427,33.040005,0.0,0.0
2021-06-27 17:00:00,22.15,295.68015,999.10406,4.78366,33.435677,0.0,0.0
2021-06-27 18:00:00,22.52,295.33298,998.6744,4.76267,34.03911,0.0,0.0
2021-06-27 19:00:00,22.77,294.74274,998.3011,4.538505,37.30107,0.0,0.0
2021-06-27 20:00:00,22.14,294.36197,997.99023,4.818955,38.190502,0.0,0.0
2021-06-27 21:00:00,22.09,294.0432,998.12225,4.7315435,38.91846,0.0,0.0
2021-06-27 22:00:00,22.2,293.66776,998.54456,4.134475,39.798634,0.0,0.0
2021-06-27 23:00:00,22.84,293.69125,999.3957,3.539507,39.74496,0.0,0.0
2021-06-28 00:00:00,24.46,294.9677,1000.1893,3.7653913,35.819767,0.0,0.0
2021-06-28 01:00:00,24.7,296.40155,1000.5552,3.5538561,32.28669,0.0,0.0
2021-06-28 02:00:00,24.78,298.01245,1000.3339,2.8798456,29.252634,0.0,0.0
2021-06-28 03:00:00,24.94,299.54596,999.3226,2.474627,26.882082,0.0,0.0
2021-06-28 04:00:00,24.42,300.78192,998.0676,2.4460213,25.311249,0.0,0.0
2021-06-28 05:00:00,23.18,301.8968,996.59717,2.5196185,24.516396,0.0,0.0
2021-06-28 06:00:00,22.72,302.6712,995.8141,2.3228757,24.523186,0.0,0.0
2021-06-28 07:00:00,23.57,303.85263,995.41284,1.4118925,24.631859,0.0,0.0
2021-06-28 08:00:00,24.88,303.61267,995.58704,0.73393434,25.069609,0.0,0.0
2021-06-28 09:00:00,25.86,303.09784,995.9324,1.3967979,26.232454,0.0,0.0
2021-06-28 10:00:00,26.16,301.7156,996.5533,2.3506641,29.612583,0.0,0.0
2021-06-28 11:00:00,26.39,300.169,997.0659,2.830165,33.162464,0.0,0.0
2021-06-28 12:00:00,27.28,299.19867,997.35626,3.1680849,34.876675,0.0,0.0
2021-06-28 13:00:00,27.29,298.27173,997.64954,3.4679494,36.371136,0.0,0.0
2021-06-28 14:00:00,27.4,297.71124,997.8543,3.2645962,37.154408,0.0,0.0
2021-06-28 15:00:00,27.56,297.2884,997.80505,2.9674134,37.701355,0.0,0.0
2021-06-28 16:00:00,27.25,296.7162,997.7361,3.0359433,38.387253,0.0,0.0
2021-06-28 17:00:00,27.29,296.24146,997.633,3.1679525,38.454514,0.0,0.0
2021-06-28 18:00:00,26.57,295.72742,997.5586,3.3461287,38.296864,0.0,0.0
2021-06-28 19:00:00,26.09,293.9118,997.4402,3.4067094,44.812946,0.0,0.0
2021-06-28 20:00:00,25.58,293.4272,997.4309,3.4730847,44.953693,0.0,0.0
2021-06-28 21:00:00,25.51,292.82318,997.7617,3.5316439,45.482468,0.0,0.0
2021-06-28 22:00:00,25.13,292.33868,998.29095,3.6238084,45.78002,0.0,0.0
2021-06-28 23:00:00,25.33,292.68057,999.02313,3.5332596,43.949215,0.0,0.0
2021-06-29 00:00:00,27.75,295.3546,999.6025,3.8004525,36.25284,0.0,0.0
2021-06-29 01:00:00,28.16,298.04755,1000.07654,4.1245146,30.01907,0.0,0.0
2021-06-29 02:00:00,27.38,300.18018,999.6686,4.2080135,25.845055,0.0,0.0
2021-06-29 03:00:00,26.82,301.71484,998.9049,3.918545,23.409771,0.0,0.0
2021-06-29 04:00:00,26.22,302.77356,997.8019,3.3521767,22.487143,0.0,0.0
2021-06-29 05:00:00,25.86,303.40167,996.77094,2.9550078,22.91897,0.0,0.0
2021-06-29 06:00:00,24.89,303.74503,996.11237,2.7687745,23.337395,0.0,0.0
2021-06-29 07:00:00,23.99,303.94022,995.8167,2.3146436,24.220005,0.0,0.0
2021-06-29 08:00:00,24.32,303.7217,995.8999,2.2924995,24.475573,0.0,0.0
2021-06-29 09:00:00,24.69,303.06403,996.2392,1.9019965,25.464462,0.0,0.0
2021-06-29 10:00:00,24.95,301.87457,996.8566,2.123787,27.74727,0.0,0.0
2021-06-29 11:00:00,25.48,300.43515,997.6356,2.8894572,30.8172,0.0,0.0
2021-06-29 12:00:00,26.81,299.04712,998.22906,3.4786522,33.708218,0.0,0.0
2021-06-29 13:00:00,27.29,298.07538,998.37384,3.8481965,35.795177,0.0,0.0
2021-06-29 14:00:00,27.32,297.31378,998.6992,3.9293194,37.342224,0.0,0.0
2021-06-29 15:00:00,27.44,296.5344,998.5771,3.7209811,38.782482,0.0,0.0
2021-06-29 16:00:00,27.04,295.80548,998.5641,3.4021552,40.149185,0.0,0.0
2021-06-29 17:00:00,26.88,295.23962,998.7307,3.253418,41.173927,0.0,0.0
2021-06-29 18:00:00,26.21,294.44238,998.6301,3.1963255,42.777027,0.0,0.0
2021-06-29 19:00:00,25.65,293.83038,998.03094,3.3062057,44.75773,0.0,0.0
2021-06-29 20:00:00,25.28,293.17902,997.9534,3.0043619,45.892097,0.0,0.0
2021-06-29 21:00:00,25.26,292.54016,998.3008,2.699372,47.278297,0.0,0.0
2021-06-29 22:00:00,25.24,291.85864,998.859,2.7515566,48.859585,0.0,0.0
2021-06-29 23:00:00,25.51,292.0583,999.5614,2.7946467,47.834763,0.0,0.0
2021-06-30 00:00:00,26.93,294.8534,999.9754,3.2439096,39.236706,0.0,0.0
2021-06-30 01:00:00,26.78,298.17636,1000.0647,3.602448,30.765501,0.0,0.0
2021-06-30 02:00:00,26.61,300.98895,999.65686,3.9750826,24.613697,0.0,0.0
2021-06-30 03:00:00,26.66,302.74237,998.70734,4.0537868,21.472445,0.0,0.0
2021-06-30 04:00:00,26.82,303.83807,997.85693,3.7042708,20.373478,0.0,0.0
2021-06-30 05:00:00,27.06,304.53412,996.97534,3.5607703,19.524319,0.0,0.0
2021-06-30 06:00:00,27.24,304.91492,996.3561,3.691822,18.912247,0.0,0.0
2021-06-30 07:00:00,27.42,305.20496,996.1716,4.165704,18.603188,0.0,0.0
2021-06-30 08:00:00,28.04,304.82562,996.6297,4.36572,19.00423,0.0,0.0
2021-06-30 09:00:00,28.2,303.73636,996.90466,4.0034647,20.440315,0.0,0.0
2021-06-30 10:00:00,27.87,302.44983,997.91296,4.2634535,22.29844,0.0,0.0
2021-06-30 11:00:00,27.38,301.62018,998.4786,4.7183685,23.461823,0.0,0.0
2021-06-30 12:00:00,27.0,300.81305,998.8846,4.734103,24.532583,0.0,0.0
2021-06-30 13:00:00,26.4,300.00348,999.1189,4.669816,25.756868,0.0,0.0
2021-06-30 14:00:00,26.73,299.4511,999.155,4.8736305,26.731058,0.0,0.0
2021-06-30 15:00:00,27.26,298.94916,999.2353,5.2324367,27.629868,0.0,0.0
2021-06-30 16:00:00,26.76,298.2882,999.15985,5.508441,28.499784,0.0,0.0
2021-06-30 17:00:00,26.33,297.63794,999.41064,5.7474246,28.96269,0.0,0.0
2021-06-30 18:00:00,25.69,297.03375,999.0541,5.79789,29.16948,0.0,0.0
2021-06-30 19:00:00,24.58,296.27893,999.0121,5.110806,30.082056,0.0,0.0
2021-06-30 20:00:00,23.73,295.63095,999.2658,4.8391953,30.92895,0.0,0.0
2021-06-30 21:00:00,23.26,295.25366,999.5307,4.516834,31.55907,0.0,0.0
2021-06-30 22:00:00,23.06,294.50696,1000.035,4.2957425,33.140797,0.0,0.0
2021-06-30 23:00:00,22.95,294.55078,1000.8536,4.2607293,33.191784,0.0,0.0
2021-07-01 00:00:00,24.47,296.39594,1001.32544,5.091805,29.196898,0.0025808811,0.0
2021-07-01 01:00:00,24.4,298.3708,1001.3911,6.1049004,24.611668,0.0,0.0
2021-07-01 02:00:00,24.1,300.3012,1001.0705,6.5035586,20.821644,0.0,0.0
2021-07-01 03:00:00,23.66,301.86652,1000.2764,6.8984437,18.603062,0.0,0.0
2021-07-01 04:00:00,23.37,303.00327,999.0083,6.7331033,17.643625,0.0,0.0
2021-07-01 05:00:00,23.54,303.57965,998.00635,6.236894,17.27289,0.0,0.0
2021-07-01 06:00:00,24.06,303.97647,997.17096,5.9236293,17.04832,0.0,0.0
2021-07-01 07:00:00,24.01,304.05695,996.76843,5.18342,19.27599,0.0,0.0
2021-07-01 08:00:00,23.58,303.84683,996.8638,4.6526184,19.806421,0.0,0.0
2021-07-01 09:00:00,22.68,302.80832,997.3089,3.6225255,21.33847,0.0,0.0
2021-07-01 10:00:00,21.93,301.15335,998.10956,3.3742692,23.81875,0.0,0.0
2021-07-01 11:00:00,21.27,300.32,998.6316,3.4483297,25.163427,0.0,0.0
2021-07-01 12:00:00,20.71,299.53546,999.1105,3.5357556,26.365263,0.0,0.0
2021-07-01 13:00:00,20.86,298.79077,999.40857,3.8774896,27.43472,0.0,0.0
2021-07-01 14:00:00,20.33,298.13245,999.4258,4.4315557,28.156155,0.0,0.0
2021-07-01 15:00:00,20.05,297.44666,999.20593,4.8210087,28.574646,0.0,0.0
2021-07-01 16:00:00,19.48,296.88306,999.0634,4.8372655,28.715954,0.0,0.0
2021-07-01 17:00:00,19.07,296.37238,998.91766,4.7605143,28.84656,0.0,0.0
2021-07-01 18:00:00,19.02,295.8786,998.7025,4.7506742,28.969976,0.0,0.0
2021-07-01 19:00:00,18.46,294.0558,998.3583,4.063773,33.635193,0.0,0.0
2021-07-01 20:00:00,18.09,293.22327,998.45984,3.946054,34.921062,0.0,0.0
2021-07-01 21:00:00,17.83,292.55255,998.7568,3.799662,35.874237,0.0,0.0
2021-07-01 22:00:00,17.29,291.96942,999.20703,3.7484536,36.566936,0.0,0.0
2021-07-01 23:00:00,17.08,292.15765,1000.053,3.542938,35.491447,0.0,0.0
2021-07-02 00:00:00,17.72,294.43018,1000.60657,4.3861575,29.454502,0.0,0.0
2021-07-02 01:00:00,17.27,297.03595,1000.6248,5.2897186,23.90041,0.0,0.0
2021-07-02 02:00:00,16.64,299.6009,1000.17096,5.7488503,19.861351,0.0,0.0
2021-07-02 03:00:00,16.31,301.54034,999.29205,6.011681,17.719292,0.0,0.0
2021-07-02 04:00:00,15.81,302.69824,998.3731,5.658962,17.10922,0.0,0.0
2021-07-02 05:00:00,15.45,303.29233,997.404,5.1512094,16.89106,0.0,0.0
2021-07-02 06:00:00,15.06,303.5432,996.8525,4.970634,16.855387,0.0,0.0
2021-07-02 07:00:00,14.55,303.5036,995.9445,4.8865376,17.583553,0.0,0.0
2021-07-02 08:00:00,14.23,303.0738,996.20685,5.0960836,17.919056,0.0,0.0
2021-07-02 09:00:00,14.1,301.92383,996.66205,4.464438,18.942127,0.0,0.0
2021-07-02 10:00:00,13.95,300.15894,997.51764,4.227226,20.682398,0.0,0.0
2021-07-02 11:00:00,13.67,298.82123,998.4775,4.4711123,21.797258,0.0,0.0
2021-07-02 12:00:00,13.32,297.74448,999.15967,5.0135007,22.546038,0.0,0.0
2021-07-02 13:00:00,12.95,296.6781,999.4775,5.6514354,23.477394,0.0,0.0
2021-07-02 14:00:00,12.59,295.73962,999.54095,5.8113856,24.474924,0.0,0.0
2021-07-02 15:00:00,12.81,294.82892,999.39044,5.6530323,25.41987,0.0,0.0
2021-07-02 16:00:00,12.4,294.0137,999.36945,5.548682,25.96886,0.0,0.0
2021-07-02 17:00:00,11.64,293.27448,999.37585,5.467621,25.988548,0.0,0.0
2021-07-02 18:00:00,10.86,292.57764,999.4517,5.3256516,25.614326,0.0,0.0
2021-07-02 19:00:00,10.53,290.81104,999.3536,4.792381,29.655674,0.0,0.0
2021-07-02 20:00:00,10.16,290.03415,999.63654,4.844609,29.64531,0.0,0.0
2021-07-02 21:00:00,10.01,289.44745,999.90186,4.7642417,29.305124,0.0,0.0
2021-07-02 22:00:00,9.87,288.97638,1000.4154,4.600211,29.001558,0.0,0.0
2021-07-02 23:00:00,9.57,289.3355,1001.392,4.413655,27.568705,0.0,0.0
2021-07-03 00:00:00,9.39,291.89676,1002.0718,4.990098,22.640041,0.0,0.0
2021-07-03 01:00:00,9.02,294.94775,1002.33545,6.1202197,18.324942,0.0,0.0
2021-07-03 02:00:00,8.67,297.4829,1001.6438,7.572275,15.658982,0.0,0.0
2021-07-03 03:00:00,8.29,298.78992,1000.6752,7.9067574,13.786257,0.0,0.0
2021-07-03 04:00:00,6.97,299.60645,999.5563,7.326802,12.64636,0.0,0.0
2021-07-03 05:00:00,6.09,300.13074,998.21533,6.880483,11.911518,0.0,0.0
2021-07-03 06:00:00,5.96,300.39233,997.3633,6.5804043,11.584774,0.0,0.0
2021-07-03 07:00:00,5.69,300.61972,996.6399,6.704819,10.860227,0.0,0.0
2021-07-03 08:00:00,5.67,300.16876,997.02856,6.524979,10.971234,0.0,0.0
2021-07-03 09:00:00,6.1,298.93176,997.45154,5.1924176,11.969939,0.0,0.0
2021-07-03 10:00:00,6.58,297.0959,997.9618,4.5108747,13.765344,0.0,0.0
2021-07-03 11:00:00,7.11,295.68204,998.8234,4.303631,15.618679,0.0,0.0
2021-07-03 12:00:00,7.5,294.44638,999.4361,4.327587,17.569986,0.0,0.0
2021-07-03 13:00:00,7.6,293.31927,999.78375,4.4834332,19.650269,0.0,0.0
2021-07-03 14:00:00,7.6,292.3118,999.85846,4.560276,21.707443,0.0,0.0
2021-07-03 15:00:00,7.96,291.4557,999.6554,4.6722207,23.55407,0.0,0.0
2021-07-03 16:00:00,7.75,290.8188,999.7289,4.7848105,25.01714,0.0,0.0
2021-07-03 17:00:00,7.66,290.2581,999.7584,4.7758207,26.245314,0.0,0.0
2021-07-03 18:00:00,7.15,289.73746,1000.0514,4.742593,27.331934,0.0,0.0
2021-07-03 19:00:00,6.93,288.2697,999.856,4.2842526,30.163198,0.0,0.0
2021-07-03 20:00:00,6.51,287.5343,1000.04517,4.3073254,31.951103,0.0,0.0
2021-07-03 21:00:00,6.24,287.03748,999.8025,4.3962126,33.1729,0.0,0.0
2021-07-03 22:00:00,6.12,286.67957,1000.17,4.4021983,34.2172,0.0,0.0
2021-07-03 23:00:00,6.25,287.16837,1000.7537,4.4035854,33.66626,0.0,0.0
2021-07-04 00:00:00,7.11,289.90527,1001.57916,5.227771,28.65172,0.0025868414,0.0
2021-07-04 01:00:00,7.18,292.69147,1001.52655,6.882399,24.636124,0.0,0.0
2021-07-04 02:00:00,6.98,295.094,1001.0703,7.9101043,22.048292,0.0,0.0
2021-07-04 03:00:00,6.83,296.89148,999.944,8.371686,19.545252,0.0,0.0
2021-07-04 04:00:00,6.71,298.12286,998.52826,7.897804,17.411718,0.0,0.0
2021-07-04 05:00:00,6.76,299.04776,997.3683,7.230474,15.760433,0.0,0.0
2021-07-04 06:00:00,6.84,299.60092,997.1582,6.4302225,14.74305,0.0,0.0
2021-07-04 07:00:00,6.51,299.61444,997.2517,5.5648875,14.158527,0.0,0.0
2021-07-04 08:00:00,7.06,299.25952,997.7612,5.278131,14.334983,0.0,0.0
2021-07-04 09:00:00,7.67,298.0091,998.2165,4.3627434,15.7915325,0.0,0.0
2021-07-04 10:00:00,7.69,296.0657,998.6674,4.5286727,18.23268,0.0,0.0
2021-07-04 11:00:00,7.52,294.72992,998.99756,4.815208,20.21711,0.0,0.0
2021-07-04 12:00:00,7.5,293.59338,999.13513,4.820614,22.132215,0.0,0.0
2021-07-04 13:00:00,7.61,292.56842,999.2472,4.7688036,24.027584,0.0,0.0
2021-07-04 14:00:00,7.66,291.62115,999.27094,4.808332,25.710827,0.0,0.0
2021-07-04 15:00:00,7.65,290.73602,999.17633,4.76941,27.073298,0.0,0.0
2021-07-04 16:00:00,7.49,289.94604,999.2449,4.842078,28.031847,0.0,0.0
2021-07-04 17:00:00,7.43,289.25916,999.23206,4.904006,28.582405,0.0,0.0
2021-07-04 18:00:00,7.19,288.60986,999.39594,4.8752337,29.002321,0.0,0.0
2021-07-04 19:00:00,7.13,287.2033,998.6945,4.770581,31.366762,0.0,0.0
2021-07-04 20:00:00,7.47,286.53976,998.88947,4.7205286,31.89932,0.0,0.0
2021-07-04 21:00:00,7.64,286.00732,999.1672,4.4889,32.42471,0.0,0.0
2021-07-04 22:00:00,7.81,285.50314,999.8375,4.271525,33.262127,0.0,0.0
2021-07-04 23:00:00,8.01,285.85757,1000.6777,4.198665,32.4672,0.0,0.0
2021-07-05 00:00:00,8.35,288.3943,1001.3493,5.0756693,26.941868,0.0017206944,0.0
2021-07-05 01:00:00,8.0,291.22876,1000.80756,5.6927934,22.038782,0.0,0.0
2021-07-05 02:00:00,7.55,293.96484,1000.23944,5.4873013,18.542124,0.0,0.0
2021-07-05 03:00:00,7.08,296.2152,998.7979,4.952651,16.307947,0.0,0.0
2021-07-05 04:00:00,6.79,297.68,997.7728,3.7174792,15.386917,0.0,0.0
2021-07-05 05:00:00,6.68,298.424,996.76794,2.571378,14.7453785,0.0,0.0
2021-07-05 06:00:00,6.36,298.88983,996.2686,2.365982,14.08321,0.0,0.0
2021-07-05 07:00:00,6.08,299.47772,995.47034,2.7391052,14.057043,0.0,0.0
2021-07-05 08:00:00,5.99,299.24396,995.92725,2.9370298,14.124918,0.0,0.0
2021-07-05 09:00:00,5.82,298.1601,996.2644,2.8989184,15.666527,0.0,0.0
2021-07-05 10:00:00,6.01,296.22308,996.8889,3.423707,18.631754,0.0,0.0
2021-07-05 11:00:00,6.68,294.688,997.3474,3.7423005,21.139124,0.0,0.0
2021-07-05 12:00:00,7.47,293.46707,997.83966,3.827815,23.259323,0.0,0.0
2021-07-05 13:00:00,8.11,292.42444,997.9864,3.8640478,24.963907,0.0,0.0
2021-07-05 14:00:00,8.21,291.44675,998.0608,3.9128196,26.127901,0.0,0.0
2021-07-05 15:00:00,8.52,290.46194,997.6783,3.9393003,26.743656,0.0,0.0
2021-07-05 16:00:00,8.54,289.5295,997.8511,3.8923554,26.921867,0.0,0.0
2021-07-05 17:00:00,8.41,288.65765,997.90393,3.8217604,26.90223,0.0,0.0
2021-07-05 18:00:00,7.89,287.89032,998.02576,3.8616977,26.77217,0.0,0.0
2021-07-05 19:00:00,7.29,286.7113,997.74854,3.7627218,29.269197,0.0,0.0
2021-07-05 20:00:00,6.89,285.87976,997.3491,3.787831,29.964283,0.0,0.0
2021-07-05 21:00:00,6.47,285.32562,997.6025,3.838477,30.236542,0.0,0.0
2021-07-05 22:00:00,6.51,284.8977,998.14703,3.927471,30.515512,0.0,0.0
2021-07-05 23:00:00,6.73,285.35648,998.76404,3.8378258,29.410904,0.0,0.0
2021-07-06 00:00:00,6.27,288.20465,999.1139,4.3186574,23.922401,0.0,0.0
2021-07-06 01:00:00,5.98,291.44333,999.1493,4.8820086,19.204334,0.0,0.0
2021-07-06 02:00:00,5.97,294.37915,998.5499,5.1639557,15.930587,0.0,0.0
2021-07-06 03:00:00,6.01,296.5979,997.67065,5.3644805,13.051644,0.0,0.0
2021-07-06 04:00:00,5.73,298.14258,996.55115,4.950578,10.868476,0.0,0.0
2021-07-06 05:00:00,5.53,299.23596,995.72595,4.45003,9.557155,0.0,0.0
2021-07-06 06:00:00,4.92,299.91782,995.29706,4.0298305,9.004261,0.0,0.0
2021-07-06 07:00:00,4.9,300.3112,994.86774,3.8043418,8.798649,0.0,0.0
2021-07-06 08:00:00,5.06,300.1299,994.97675,3.8838408,9.220087,0.0,0.0
2021-07-06 09:00:00,5.29,298.78104,995.24335,3.2835636,10.97505,0.0,0.0
2021-07-06 10:00:00,5.8,296.60208,995.86255,3.7843559,13.927789,0.0,0.0
2021-07-06 11:00:00,6.3,295.00848,996.2568,4.109586,16.720575,0.0,0.0
2021-07-06 12:00:00,6.79,293.7599,996.7097,4.1742644,19.007227,0.0,0.0
2021-07-06 13:00:00,7.65,292.67267,996.7393,4.101214,20.792603,0.0,0.0
2021-07-06 14:00:00,8.27,291.70663,997.1188,4.0054226,22.257912,0.0,0.0
2021-07-06 15:00:00,8.65,290.76172,996.97516,3.877528,23.631437,0.0,0.0
2021-07-06 16:00:00,8.89,289.92944,996.7597,3.7126944,24.760828,0.0,0.0
2021-07-06 17:00:00,8.81,289.20425,996.72675,3.5730166,25.537708,0.0,0.0
2021-07-06 18:00:00,8.46,288.5493,996.4982,3.5293853,26.053911,0.0,0.0
2021-07-06 19:00:00,8.4,287.4552,995.9398,3.3914907,28.448559,0.0,0.0
2021-07-06 20:00:00,8.49,286.60934,995.78046,3.3305783,30.184242,0.0,0.0
2021-07-06 21:00:00,9.02,285.96933,995.66986,3.2825027,31.489944,0.0,0.0
2021-07-06 22:00:00,9.46,285.50104,996.2672,3.1486955,32.496853,0.0,0.0
2021-07-06 23:00:00,9.86,285.89722,997.09454,2.8793576,31.95616,0.0,0.0
2021-07-07 00:00:00,10.49,289.34183,998.03577,3.0321493,25.020832,0.0,0.0
2021-07-07 01:00:00,10.96,293.30518,998.2761,3.2532508,19.665777,0.0,0.0
2021-07-07 02:00:00,11.11,296.69138,997.71533,3.3967423,16.792013,0.0,0.0
2021-07-07 03:00:00,11.11,299.14175,996.87366,3.3433695,15.503681,0.0,0.0
2021-07-07 04:00:00,10.99,300.77155,995.7654,3.0117004,14.578229,0.0,0.0
2021-07-07 05:00:00,11.18,301.72678,994.8022,2.747012,14.657715,0.0,0.0
2021-07-07 06:00:00,11.57,302.3087,994.27295,2.938679,15.149632,0.0,0.0
2021-07-07 07:00:00,11.77,302.85815,993.4963,3.4590018,15.65526,0.0,0.0
2021-07-07 08:00:00,11.82,302.51093,993.81036,3.6726263,15.817393,0.0,0.0
2021-07-07 09:00:00,11.76,301.27563,994.16486,3.248448,16.905277,0.0,0.0
2021-07-07 10:00:00,12.17,299.18384,995.0661,3.43133,19.025328,0.0,0.0
2021-07-07 11:00:00,12.38,297.58148,995.9478,3.4145544,20.652355,0.0,0.0
2021-07-07 12:00:00,13.37,296.18652,996.53436,3.2219343,22.102882,0.0,0.0
2021-07-07 13:00:00,13.68,294.91156,996.82135,3.087397,23.519444,0.0,0.0
2021-07-07 14:00:00,13.53,293.7033,996.8896,3.198947,24.676292,0.0,0.0
2021-07-07 15:00:00,13.84,292.72498,996.7826,3.431773,24.932194,0.0,0.0
2021-07-07 16:00:00,13.98,291.7886,996.83374,3.2684298,25.152138,0.0,0.0
2021-07-07 17:00:00,14.41,290.73752,996.8614,2.8325787,26.575766,0.0,0.0
2021-07-07 18:00:00,14.96,289.6162,996.53235,2.4528477,29.422712,0.0,0.0
2021-07-07 19:00:00,15.03,288.45795,996.43134,2.0217388,34.00533,0.0,0.0
2021-07-07 20:00:00,15.12,287.9114,996.64655,1.4429806,36.275967,0.0,0.0
2021-07-07 21:00:00,15.29,287.68134,996.9275,1.2112987,35.24496,0.0,0.0
2021-07-07 22:00:00,15.39,286.50635,997.2864,1.5500083,39.68358,0.0,0.0
2021-07-07 23:00:00,15.64,286.3166,997.95703,1.8439413,40.172447,0.0,0.0
2021-07-08 00:00:00,15.65,290.1588,998.7502,2.3153512,26.491243,0.0,0.0
2021-07-08 01:00:00,14.68,293.78967,999.0518,3.3874636,20.288273,0.0,0.0
2021-07-08 02:00:00,13.6,297.21243,998.7355,4.3407288,16.13668,0.0,0.0
2021-07-08 03:00:00,11.95,299.8659,997.58716,5.4744773,13.193478,0.0,0.0
2021-07-08 04:00:00,10.3,301.35406,996.6875,5.5894203,11.728997,0.0,0.0
2021-07-08 05:00:00,8.94,302.11783,995.7196,5.0835524,10.802284,0.0,0.0
2021-07-08 06:00:00,7.86,302.53302,994.94977,4.732243,10.005651,0.0,0.0
2021-07-08 07:00:00,7.34,302.57822,994.5842,4.155465,10.856947,0.0,0.0
2021-07-08 08:00:00,6.63,302.28705,994.6202,4.0985637,10.7784195,0.0,0.0
2021-07-08 09:00:00,6.23,300.91898,995.0745,3.3718677,11.944046,0.0,0.0
2021-07-08 10:00:00,6.13,298.6432,995.557,3.5927644,14.051994,0.0,0.0
2021-07-08 11:00:00,6.22,296.89163,996.1029,3.808393,15.6840105,0.0,0.0
2021-07-08 12:00:00,6.29,295.444,996.6259,3.9891915,17.00908,0.0,0.0
2021-07-08 13:00:00,6.57,294.24957,997.1001,4.2171054,18.030914,0.0,0.0
2021-07-08 14:00:00,7.48,293.28568,997.2823,4.412719,18.63701,0.0,0.0
2021-07-08 15:00:00,8.41,292.47214,996.895,4.5136485,18.936888,0.0,0.0
2021-07-08 16:00:00,9.27,291.75787,996.75665,4.452766,19.207804,0.0,0.0
2021-07-08 17:00:00,9.72,291.0735,996.7985,4.29504,19.771057,0.0,0.0
2021-07-08 18:00:00,9.68,290.4173,996.58734,4.155378,20.704247,0.0,0.0
2021-07-08 19:00:00,9.75,289.03293,996.4571,3.970737,23.74011,0.0,0.0
2021-07-08 20:00:00,10.31,288.42505,996.3847,3.8916197,25.31794,0.0,0.0
2021-07-08 21:00:00,10.75,288.04877,996.4772,3.8339162,26.621172,0.0,0.0
2021-07-08 22:00:00,11.35,287.80692,996.5578,3.8666983,27.57712,0.0,0.0
2021-07-08 23:00:00,12.32,288.44513,997.42194,3.720233,26.945192,0.0,0.0
2021-07-09 00:00:00,13.89,291.64264,998.1806,4.041303,21.949196,0.0,0.0
2021-07-09 01:00:00,14.38,295.1137,998.31195,5.088412,17.582573,0.0,0.0
2021-07-09 02:00:00,15.27,298.28082,997.7185,5.6705155,15.119299,0.0,0.0
2021-07-09 03:00:00,15.86,300.92752,996.7745,5.8393745,14.114273,0.0,0.0
2021-07-09 04:00:00,16.28,302.87292,995.70166,5.7157993,14.012403,0.0,0.0
2021-07-09 05:00:00,16.25,304.15125,994.53516,5.2993975,14.430292,0.0,0.0
2021-07-09 06:00:00,16.4,304.9099,993.59393,4.7051606,14.990258,0.0,0.0
2021-07-09 07:00:00,17.32,305.3856,993.2953,4.1878123,17.400322,0.0,0.0
2021-07-09 08:00:00,17.79,305.23474,993.2947,3.6329515,18.29124,0.0,0.0
2021-07-09 09:00:00,18.13,304.08044,993.41766,2.4020872,20.131508,0.0,0.0
2021-07-09 10:00:00,18.75,302.25494,994.0265,2.6671216,22.717493,0.0,0.0
2021-07-09 11:00:00,19.37,300.2759,994.545,3.1330242,25.400082,0.0,0.0
2021-07-09 12:00:00,20.01,298.90253,995.07764,3.5807037,26.839024,0.0,0.0
2021-07-09 13:00:00,19.4,297.9109,995.38055,3.8573258,27.673807,0.0,0.0
2021-07-09 14:00:00,19.96,297.3006,995.3703,3.798491,28.298586,0.0,0.0
2021-07-09 15:00:00,20.57,296.6538,995.4398,3.432049,29.471746,0.0,0.0
2021-07-09 16:00:00,20.92,295.86,995.27905,2.8232825,31.665352,0.0,0.0
2021-07-09 17:00:00,21.01,294.80536,995.511,2.3745146,35.902897,0.0,0.0
2021-07-09 18:00:00,21.34,293.84454,995.33453,2.3672926,41.556755,0.0,0.0
2021-07-09 19:00:00,22.21,292.41574,995.5644,1.9732838,48.985046,0.0,0.0
2021-07-09 20:00:00,22.96,291.4985,995.76483,1.386106,56.806458,0.0,0.0
2021-07-09 21:00:00,22.81,291.1532,996.00854,1.2318066,57.78037,0.0,0.0
2021-07-09 22:00:00,22.62,290.70667,996.4553,1.4409646,58.52091,0.0,0.0
2021-07-09 23:00:00,22.34,290.70984,997.4553,1.6182678,56.63793,0.0,0.0
2021-07-10 00:00:00,21.85,294.35013,998.20807,1.772412,41.43673,0.0012814997,0.0
2021-07-10 01:00:00,21.63,298.03143,998.4297,2.2620628,30.957714,0.0,0.0
2021-07-10 02:00:00,21.31,300.76886,998.02185,2.2186048,24.975508,0.0,0.0
2021-07-10 03:00:00,20.98,302.43726,997.00165,1.974234,21.895514,0.0,0.0
2021-07-10 04:00:00,21.45,303.80887,995.6622,2.062028,20.675295,0.0,0.0
2021-07-10 05:00:00,22.31,304.82465,994.645,2.1536756,20.604134,0.0,0.0
2021-07-10 06:00:00,22.7,305.40134,993.6872,1.9509065,20.908342,0.0,0.0
2021-07-10 07:00:00,22.47,305.83954,993.5744,1.7876796,21.269026,0.0,0.0
2021-07-10 08:00:00,23.36,305.64264,993.7765,1.598817,22.109814,0.0,0.0
2021-07-10 09:00:00,23.9,304.91486,994.4574,2.1992872,23.742065,0.0,0.0
2021-07-10 10:00:00,24.35,302.96222,994.9929,3.4535837,27.278536,0.0,0.0
2021-07-10 11:00:00,25.49,301.78433,995.3567,4.1238794,29.506165,0.0,0.0
2021-07-10 12:00:00,26.74,300.74664,995.95435,4.203828,31.872538,0.0,0.0
2021-07-10 13:00:00,27.08,299.8938,996.3655,3.7565444,34.10616,0.0,0.0
2021-07-10 14:00:00,27.49,298.98035,996.5196,3.1064465,36.475216,0.0,0.0
2021-07-10 15:00:00,28.04,298.0111,996.5055,2.8796303,38.719704,0.0,0.0
2021-07-10 16:00:00,28.34,297.04742,996.5839,2.8597698,40.44471,0.0,0.0
2021-07-10 17:00:00,27.7,296.27942,996.50555,2.7829008,41.59845,0.0,0.0
2021-07-10 18:00:00,27.14,295.596,996.65344,2.5473917,43.003963,0.0,0.0
2021-07-10 19:00:00,27.22,294.54407,996.9772,1.4702178,49.52367,0.0,0.0
2021-07-10 20:00:00,27.38,294.64008,997.2087,0.36209068,48.449684,0.0,0.0
2021-07-10 21:00:00,27.52,293.65906,997.47797,0.82029164,53.50787,0.0,0.0
2021-07-10 22:00:00,27.76,293.27286,997.91907,0.6880911,56.573277,0.0,0.0
2021-07-10 23:00:00,28.02,293.03326,998.46,1.3301405,58.698772,0.0,0.0
2021-07-11 00:00:00,28.63,296.27176,998.76544,1.8639566,44.567932,0.0,0.0
2021-07-11 01:00:00,28.15,299.37033,998.7488,2.4907818,36.26845,0.0,0.0
2021-07-11 02:00:00,27.78,301.95422,998.341,2.9111176,31.675669,0.0,0.0
2021-07-11 03:00:00,27.13,303.89856,997.73016,3.4977846,28.439354,0.0,0.0
2021-07-11 04:00:00,27.04,305.17645,996.53,3.6313846,25.923958,0.0,0.0
2021-07-11 05:00:00,26.84,305.92426,995.473,3.150296,24.262629,0.0,0.0
2021-07-11 06:00:00,26.31,306.32385,994.65,2.4413614,23.081404,0.0,0.0
2021-07-11 07:00:00,26.6,306.50446,994.683,1.3328333,24.357819,0.0,0.0
2021-07-11 08:00:00,26.62,306.29828,994.68604,0.7053563,24.28409,0.0,0.0
2021-07-11 09:00:00,26.74,305.78198,995.051,0.22638804,24.864058,0.0,0.0
2021-07-11 10:00:00,27.3,304.65115,995.48486,1.6605183,27.110056,0.0,0.0
2021-07-11 11:00:00,28.15,302.94693,995.96576,2.6736047,30.84489,0.0,0.0
2021-07-11 12:00:00,28.95,301.35703,996.3541,2.895782,34.32188,0.0,0.0
2021-07-11 13:00:00,28.18,300.07208,996.64923,2.9623842,36.882244,0.0,0.0
2021-07-11 14:00:00,28.12,298.90738,996.8978,3.2397163,38.369144,0.0,0.0
2021-07-11 15:00:00,27.5,297.92645,997.01544,3.4215944,37.49682,0.0,0.0
2021-07-11 16:00:00,25.13,297.15717,996.9183,3.3113692,34.713436,0.0,0.0
2021-07-11 17:00:00,23.29,296.4566,996.9299,3.1951194,32.671898,0.0,0.0
2021-07-11 18:00:00,21.92,295.73273,996.666,3.2174463,32.195656,0.0,0.0
2021-07-11 19:00:00,21.49,294.5794,996.8176,3.466987,33.967728,0.0,0.0
2021-07-11 20:00:00,21.04,293.85004,996.70825,3.3572154,35.662125,0.0,0.0
2021-07-11 21:00:00,21.4,293.2923,996.9563,3.1619291,37.52746,0.0,0.0
2021-07-11 22:00:00,22.38,292.62097,997.21313,2.7986126,39.98306,0.0,0.0
2021-07-11 23:00:00,23.09,292.4725,997.9077,2.0931764,42.215054,0.0,0.0
2021-07-12 00:00:00,22.69,295.9917,998.532,1.7048532,33.90755,0.0,0.0
2021-07-12 01:00:00,22.31,299.5942,998.6703,1.8904493,27.375069,0.0,0.0
2021-07-12 02:00:00,21.96,302.49213,998.3911,2.370666,22.686308,0.0,0.0
2021-07-12 03:00:00,20.77,304.5204,997.405,3.2575893,17.900324,0.0,0.0
2021-07-12 04:00:00,19.84,305.84686,996.1747,3.4947646,16.24836,0.0,0.0
2021-07-12 05:00:00,19.83,306.53784,995.08014,3.0665536,16.523108,0.0,0.0
2021-07-12 06:00:00,19.71,306.84534,994.40283,2.4361033,16.8008,0.0,0.0
2021-07-12 07:00:00,19.99,307.0161,994.35693,1.4550401,17.919224,0.0,0.0
2021-07-12 08:00:00,20.16,306.75827,994.35986,1.0435507,18.334433,0.0,0.0
2021-07-12 09:00:00,20.2,306.13962,994.3511,0.40297273,19.118141,0.0,0.0
2021-07-12 10:00:00,20.78,305.05914,994.8292,1.0844532,20.859282,0.0,0.0
2021-07-12 11:00:00,21.53,303.33328,995.3791,2.0548716,24.18692,0.0,0.0
2021-07-12 12:00:00,21.9,301.62158,996.00995,2.6718104,26.9456,0.0,0.0
2021-07-12 13:00:00,22.05,300.0121,996.3014,3.139313,29.883204,0.0,0.0
2021-07-12 14:00:00,22.08,298.73395,996.3336,3.4715931,32.06101,0.0,0.0
2021-07-12 15:00:00,21.87,297.72995,996.18884,3.438292,33.7802,0.0,0.0
2021-07-12 16:00:00,21.57,296.80112,995.9842,3.165578,35.168358,0.0,0.0
2021-07-12 17:00:00,21.39,296.0007,995.8424,2.9821024,35.902927,0.0,0.0
2021-07-12 18:00:00,21.5,295.16895,995.3808,2.8287685,36.569927,0.0,0.0
2021-07-12 19:00:00,21.23,294.01575,995.26117,2.9513717,41.369076,0.0,0.0
2021-07-12 20:00:00,21.25,293.06512,995.27814,3.0408468,42.85632,0.0,0.0
2021-07-12 21:00:00,20.65,292.54095,995.46216,3.0409045,43.273003,0.0,0.0
2021-07-12 22:00:00,20.15,292.01483,995.7385,2.9447174,43.886585,0.0,0.0
2021-07-12 23:00:00,19.95,292.23328,996.41235,2.4933715,43.058224,0.0,0.0
2021-07-13 00:00:00,20.04,295.67834,996.96594,2.2272444,34.05923,0.0017195939,0.0
2021-07-13 01:00:00,19.93,299.59668,997.33344,2.221667,25.850456,0.0,0.0
2021-07-13 02:00:00,19.88,302.583,997.1566,2.5841227,20.435968,0.0,0.0
2021-07-13 03:00:00,19.85,304.46423,996.14044,3.119794,17.371054,0.0,0.0
2021-07-13 04:00:00,19.94,305.50848,995.0112,3.0437636,16.171247,0.0,0.0
2021-07-13 05:00:00,19.82,306.02798,993.9761,2.3874867,16.427446,0.0,0.0
2021-07-13 06:00:00,20.15,306.1654,993.3592,1.5295271,17.269316,0.0,0.0
2021-07-13 07:00:00,20.82,306.12024,992.94617,1.0158548,16.50844,0.0,0.0
2021-07-13 08:00:00,21.6,305.85992,992.9735,1.0948706,17.082348,0.0,0.0
2021-07-13 09:00:00,22.03,305.28625,993.2381,1.375964,18.081444,0.0,0.0
2021-07-13 10:00:00,22.49,304.03036,993.8043,1.8289334,20.268206,0.0,0.0
2021-07-13 11:00:00,22.86,302.48193,994.2619,2.1029222,23.347937,0.0,0.0
2021-07-13 12:00:00,23.05,300.8695,994.7383,2.4286144,26.669392,0.0,0.0
2021-07-13 13:00:00,23.16,299.49768,994.965,2.829421,29.26905,0.0,0.0
2021-07-13 14:00:00,23.06,298.38803,995.1752,2.8958094,31.469688,0.0,0.0
2021-07-13 15:00:00,22.98,297.22403,994.7816,2.483633,34.34457,0.0,0.0
2021-07-13 16:00:00,23.45,296.35416,994.8172,1.473773,38.45098,0.0,0.0
2021-07-13 17:00:00,23.82,295.84875,994.8655,1.4472457,37.8011,0.0,0.0
2021-07-13 18:00:00,24.36,294.12268,994.9107,2.6080263,40.406803,0.0,0.0
2021-07-13 19:00:00,24.3,292.93057,994.9458,1.8978277,46.40463,0.0,0.0
2021-07-13 20:00:00,24.52,292.09668,994.9381,2.1769097,46.72077,0.0,0.0
2021-07-13 21:00:00,24.54,291.25305,995.0879,1.8059008,49.96988,0.0,0.0
2021-07-13 22:00:00,24.78,290.641,995.48584,1.3923573,54.780262,0.0,0.0
2021-07-13 23:00:00,24.96,291.03638,995.99097,1.0242424,55.612087,0.0,0.0
2021-07-14 00:00:00,24.49,294.90015,996.4916,0.6027221,40.239857,0.0017136334,0.0
2021-07-14 01:00:00,24.74,298.5674,996.52704,0.43489504,31.090815,0.0,0.0
2021-07-14 02:00:00,25.0,301.41635,996.03015,0.6986185,27.393383,0.0,0.0
2021-07-14 03:00:00,24.59,303.02893,995.08704,0.94258016,29.773998,0.0,0.0
2021-07-14 04:00:00,24.27,304.1184,993.8572,1.2406912,29.814693,0.0,0.0
2021-07-14 05:00:00,24.01,304.93805,992.8808,1.595153,27.914137,0.0,0.0
2021-07-14 06:00:00,23.87,305.43347,992.3063,2.1779766,26.98883,0.0,0.0
2021-07-14 07:00:00,24.06,305.82428,991.7363,2.6806638,26.934105,0.0,0.0
2021-07-14 08:00:00,24.72,305.5879,992.02563,2.8860261,27.621798,0.0,0.0
2021-07-14 09:00:00,25.16,304.81378,992.3013,2.7160518,29.63323,0.0,0.0
2021-07-14 10:00:00,25.85,303.6096,992.78046,2.2720227,32.914703,0.0,0.0
2021-07-14 11:00:00,26.33,302.7823,993.34796,1.6415732,35.63112,0.0,0.0
2021-07-14 12:00:00,27.11,302.07922,993.8789,0.62273103,40.19315,0.0,0.0
2021-07-14 13:00:00,28.19,300.9085,994.10187,0.91697836,43.662697,0.0,0.0
2021-07-14 14:00:00,29.28,299.35742,994.405,1.4291564,48.79767,0.0,0.0
2021-07-14 15:00:00,29.5,298.18753,994.41425,1.6920534,51.63482,0.0,0.0
2021-07-14 16:00:00,30.17,297.21136,994.47546,1.9470437,53.574383,0.0,0.0
2021-07-14 17:00:00,30.45,296.5447,994.7999,2.1098466,55.716003,0.0,0.0
2021-07-14 18:00:00,31.26,296.0755,994.92017,2.2883434,57.836563,0.0,0.0
2021-07-14 19:00:00,32.33,295.6271,994.6525,2.4748623,63.639824,0.0,0.0
2021-07-14 20:00:00,32.79,294.99915,994.67664,2.2610865,68.37628,0.0,0.0
2021-07-14 21:00:00,33.1,294.45673,995.34296,1.988116,72.84603,0.0,0.0
2021-07-14 22:00:00,33.69,293.91626,995.66846,1.7528116,77.00297,0.0,0.0
2021-07-14 23:00:00,34.43,294.14154,996.4441,1.4224348,77.68692,0.0,0.0
2021-07-15 00:00:00,34.08,297.13446,997.21423,1.7289774,64.22976,0.0,0.0
2021-07-15 01:00:00,33.92,299.37457,997.39624,2.3966935,55.387543,0.0,0.0
2021-07-15 02:00:00,34.07,301.53055,996.97687,3.1258307,47.208767,0.0,0.0
2021-07-15 03:00:00,33.6,303.14832,996.2805,3.649395,42.541866,0.0,0.0
2021-07-15 04:00:00,34.25,304.17514,994.8734,3.5628388,39.09496,0.0,0.0
2021-07-15 05:00:00,34.43,304.9253,993.91846,3.4383783,36.32952,0.0,0.0
2021-07-15 06:00:00,34.67,305.38342,993.3703,3.4781337,34.444557,0.0,0.0
2021-07-15 07:00:00,35.25,305.48517,993.26416,3.354807,33.00353,0.0,0.0
2021-07-15 08:00:00,35.27,305.25653,993.66266,3.627974,33.024113,0.0,0.0
2021-07-15 09:00:00,34.48,304.5393,993.85156,3.5584629,34.123215,0.0,0.0
2021-07-15 10:00:00,33.8,303.37225,994.5139,3.0150669,36.526882,0.0,0.0
2021-07-15 11:00:00,33.42,302.36865,995.0453,3.1926413,38.629925,0.0,0.0
2021-07-15 12:00:00,33.41,301.4126,995.73627,3.7643309,40.054157,0.0,0.0
2021-07-15 13:00:00,32.94,300.56586,996.2168,5.0587406,38.49748,0.0,0.0
2021-07-15 14:00:00,32.9,299.64117,996.8225,6.332464,33.883057,0.0,0.0
2021-07-15 15:00:00,32.21,298.59442,997.0553,6.7091746,30.994839,0.0,0.0
2021-07-15 16:00:00,31.89,297.6186,997.28284,6.525959,30.875174,0.0,0.0
2021-07-15 17:00:00,31.7,296.8056,997.5436,6.0600967,31.803762,0.0,0.0
2021-07-15 18:00:00,31.22,296.0401,997.45154,5.591337,33.066574,0.0,0.0
2021-07-15 19:00:00,30.46,294.7633,997.53,5.3651958,35.53138,0.0,0.0
2021-07-15 20:00:00,30.02,294.09424,998.03925,5.3967786,36.897976,0.0,0.0
2021-07-15 21:00:00,29.27,293.43683,998.3119,5.474012,38.11318,0.0,0.0
2021-07-15 22:00:00,28.76,292.82538,998.99945,5.6221237,38.697334,0.0,0.0
2021-07-15 23:00:00,28.28,292.79498,999.4325,5.3247175,37.267162,0.0,0.0
2021-07-16 00:00:00,27.08,293.81598,1000.23047,7.2237873,32.172832,0.0,0.0
2021-07-16 01:00:00,26.9,295.2335,1000.48944,7.352025,27.712368,0.0,0.0
2021-07-16 02:00:00,26.31,296.8327,1000.2872,7.2043033,23.979965,0.0,0.0
2021-07-16 03:00:00,25.29,298.3639,999.2619,6.8133507,21.517454,0.0,0.0
2021-07-16 04:00:00,24.92,299.68048,998.0875,6.391443,20.111027,0.0,0.0
2021-07-16 05:00:00,24.22,300.69165,997.09534,6.072299,19.425669,0.0,0.0
2021-07-16 06:00:00,23.71,301.28845,996.37164,5.7850113,19.0263,0.0,0.0
2021-07-16 07:00:00,23.19,301.49442,996.1891,5.7242646,19.177626,0.0,0.0
2021-07-16 08:00:00,23.2,301.2482,996.40326,5.687597,18.955088,0.0,0.0
2021-07-16 09:00:00,22.38,300.39893,996.6911,5.1808267,18.661366,0.0,0.0
2021-07-16 10:00:00,21.77,298.9721,997.1326,4.7615724,18.657772,0.0,0.0
2021-07-16 11:00:00,21.09,297.7683,997.55853,4.987616,18.050432,0.0,0.0
2021-07-16 12:00:00,20.33,296.66467,998.2623,5.163656,17.742071,0.0,0.0
2021-07-16 13:00:00,19.05,295.61072,998.3845,5.2466073,18.218115,0.0,0.0
2021-07-16 14:00:00,18.18,294.6408,998.8253,5.1249905,19.153002,0.0,0.0
2021-07-16 15:00:00,17.0,293.72183,998.8306,4.9564466,20.309893,0.0,0.0
2021-07-16 16:00:00,16.45,292.91125,998.8853,4.776767,21.472416,0.0,0.0
2021-07-16 17:00:00,15.65,292.18402,999.1381,4.6627326,22.49182,0.0,0.0
2021-07-16 18:00:00,15.09,291.48444,998.78674,4.5656967,23.415003,0.0,0.0
2021-07-16 19:00:00,15.7,290.17822,998.3084,4.299908,26.428722,0.0,0.0
2021-07-16 20:00:00,16.39,289.49533,998.1741,4.070375,27.61096,0.0,0.0
2021-07-16 21:00:00,16.37,288.9494,998.65186,3.9866638,28.59815,0.0,0.0
2021-07-16 22:00:00,16.43,288.49536,999.28143,4.0727005,29.210373,0.0,0.0
2021-07-16 23:00:00,17.41,288.88507,1000.0695,4.0001683,27.961319,0.0,0.0
2021-07-17 00:00:00,18.76,290.97293,1000.4119,5.0636067,23.115734,0.0,0.0
2021-07-17 01:00:00,19.2,293.50793,1000.28595,5.437419,18.910336,0.0,0.0
2021-07-17 02:00:00,19.63,296.09613,999.525,5.43808,16.005579,0.0,0.0
2021-07-17 03:00:00,19.96,298.3755,998.54,5.2013664,14.7045765,0.0,0.0
2021-07-17 04:00:00,20.27,300.03082,997.407,4.4882126,15.022877,0.0,0.0
2021-07-17 05:00:00,20.36,301.16623,996.5121,3.6254795,15.891415,0.0,0.0
2021-07-17 06:00:00,20.53,301.87842,995.59735,3.0519316,16.839897,0.0,0.0
2021-07-17 07:00:00,20.47,302.3653,995.3072,2.6479824,16.979454,0.0,0.0
2021-07-17 08:00:00,19.98,302.23962,995.3111,3.0143652,16.977097,0.0,0.0
2021-07-17 09:00:00,19.23,301.47217,995.7589,3.0882165,16.790747,0.0,0.0
2021-07-17 10:00:00,17.88,299.78302,996.5527,3.3853662,17.095747,0.0,0.0
2021-07-17 11:00:00,16.51,298.41254,997.1454,3.7685,16.316172,0.0,0.0
2021-07-17 12:00:00,15.27,297.20248,997.6703,4.0576158,15.182106,0.0,0.0
2021-07-17 13:00:00,14.92,296.0932,997.81354,4.1137595,14.574727,0.0,0.0
2021-07-17 14:00:00,14.56,295.09058,998.0092,4.065838,14.699559,0.0,0.0
2021-07-17 15:00:00,13.83,294.17487,997.6334,3.9910522,15.17929,0.0,0.0
2021-07-17 16:00:00,13.72,293.36774,997.2545,3.8264256,15.828111,0.0,0.0
2021-07-17 17:00:00,14.27,292.62305,996.9307,3.5863397,16.6703,0.0,0.0
2021-07-17 18:00:00,15.01,291.92712,996.8936,3.3603091,17.653057,0.0,0.0
2021-07-17 19:00:00,15.2,290.65906,996.2697,3.1432557,19.604105,0.0,0.0
2021-07-17 20:00:00,15.35,289.8355,996.36383,3.0229197,20.937998,0.0,0.0
2021-07-17 21:00:00,15.66,289.20663,996.9508,3.0419338,22.058504,0.0,0.0
2021-07-17 22:00:00,15.96,288.6823,997.3183,3.1149554,23.12627,0.0,0.0
2021-07-17 23:00:00,16.49,289.10458,997.90234,2.9368775,23.247871,0.0,0.0
2021-07-18 00:00:00,17.17,292.31223,998.2356,3.281505,19.64861,0.0,0.0
2021-07-18 01:00:00,16.95,295.72217,998.2381,3.5234222,17.166594,0.0,0.0
2021-07-18 02:00:00,16.92,298.75836,997.8258,3.126553,15.489125,0.0,0.0
2021-07-18 03:00:00,16.59,301.2749,997.05963,2.552492,14.414437,0.0,0.0
2021-07-18 04:00:00,16.04,302.99594,995.90686,2.0230472,14.380357,0.0,0.0
2021-07-18 05:00:00,15.78,303.87006,994.78827,1.3603889,14.976915,0.0,0.0
2021-07-18 06:00:00,15.85,304.34985,994.1,1.2136192,15.228464,0.0,0.0
2021-07-18 07:00:00,15.85,304.90103,993.79877,1.2105451,14.5701885,0.0,0.0
2021-07-18 08:00:00,16.16,304.77744,994.0299,1.5629201,14.440462,0.0,0.0
2021-07-18 09:00:00,16.21,304.09143,994.6499,2.1691794,15.1454735,0.0,0.0
2021-07-18 10:00:00,16.3,302.15497,995.2232,3.272152,17.251192,0.0,0.0
2021-07-18 11:00:00,16.16,300.5299,995.7283,3.7707653,18.648737,0.0,0.0
2021-07-18 12:00:00,15.88,299.194,996.3441,3.9157119,19.427082,0.0,0.0
2021-07-18 13:00:00,15.66,297.96338,996.5225,3.7475605,20.038622,0.0,0.0
2021-07-18 14:00:00,16.2,296.79803,996.79456,3.459034,20.895193,0.0,0.0
2021-07-18 15:00:00,16.37,295.7522,996.98315,3.3196201,22.018518,0.0,0.0
2021-07-18 16:00:00,16.54,294.8191,996.89514,3.284347,23.13934,0.0,0.0
2021-07-18 17:00:00,16.81,293.9882,997.0452,3.216609,24.023891,0.0,0.0
2021-07-18 18:00:00,16.68,293.1925,997.10736,3.2063775,24.677662,0.0,0.0
2021-07-18 19:00:00,16.47,292.05505,997.0583,3.049451,27.04775,0.0,0.0
2021-07-18 20:00:00,16.57,291.0614,997.3125,3.136422,27.964214,0.0,0.0
2021-07-18 21:00:00,16.63,290.3006,997.7922,3.2634294,28.419107,0.0,0.0
2021-07-18 22:00:00,16.76,289.78723,998.1719,3.4448202,28.475946,0.0,0.0
2021-07-18 23:00:00,16.82,290.3189,998.90533,3.2970421,27.129517,0.0,0.0
2021-07-19 00:00:00,16.19,293.67944,999.2555,3.3721879,21.55674,0.0017106532,0.0
2021-07-19 01:00:00,16.0,297.5308,999.428,3.740533,16.72492,0.0,0.0
2021-07-19 02:00:00,15.63,300.57526,998.88983,3.874789,13.879625,0.0,0.0
2021-07-19 03:00:00,15.31,302.96057,998.09656,3.7971106,12.044344,0.0,0.0
2021-07-19 04:00:00,15.11,304.55243,997.1948,3.4634967,10.998482,0.0,0.0
2021-07-19 05:00:00,14.52,305.48944,996.3053,3.0927367,10.631063,0.0,0.0
2021-07-19 06:00:00,14.22,306.057,995.7578,3.063129,10.220018,0.0,0.0
2021-07-19 07:00:00,14.0,306.5322,995.0128,3.4880702,9.641147,0.0,0.0
2021-07-19 08:00:00,13.59,306.31454,995.1022,3.6094825,9.448131,0.0,0.0
2021-07-19 09:00:00,13.2,305.14893,995.7703,3.0275824,10.100872,0.0,0.0
2021-07-19 10:00:00,13.16,303.0313,996.4902,3.4256117,11.536613,0.0,0.0
2021-07-19 11:00:00,12.87,301.23218,997.33954,3.8374062,12.738371,0.0,0.0
2021-07-19 12:00:00,12.71,299.80637,997.80304,4.148058,13.690569,0.0,0.0
2021-07-19 13:00:00,13.24,298.66617,998.09875,4.2501907,14.588507,0.0,0.0
2021-07-19 14:00:00,13.92,297.62097,998.2198,4.2090707,15.575999,0.0,0.0
2021-07-19 15:00:00,13.59,296.58725,998.0709,4.1362524,16.639866,0.0,0.0
2021-07-19 16:00:00,13.48,295.6176,998.0582,4.1119328,17.64744,0.0,0.0
2021-07-19 17:00:00,13.27,294.80536,998.2514,4.1566334,18.437143,0.0,0.0
2021-07-19 18:00:00,13.2,294.135,998.21326,4.250052,19.05891,0.0,0.0
2021-07-19 19:00:00,13.16,292.41364,998.01404,3.7925167,21.202993,0.0,0.0
2021-07-19 20:00:00,13.15,291.60208,998.1295,3.743581,22.314423,0.0,0.0
2021-07-19 21:00:00,13.04,291.0697,998.3164,3.791488,23.099194,0.0,0.0
2021-07-19 22:00:00,13.06,290.70825,998.8971,3.8636029,23.776323,0.0,0.0
2021-07-19 23:00:00,13.53,291.26276,999.3982,3.7902153,23.449139,0.0,0.0
2021-07-20 00:00:00,13.87,294.53928,999.88446,4.093132,19.716402,0.0,0.0
2021-07-20 01:00:00,13.98,298.0852,1000.2034,4.9745603,16.892447,0.0,0.0
2021-07-20 02:00:00,13.81,301.10056,999.7125,5.252591,14.9745035,0.0,0.0
2021-07-20 03:00:00,13.4,303.3969,998.77435,5.336345,12.949303,0.0,0.0
2021-07-20 04:00:00,13.18,304.90054,997.62524,4.757442,11.390745,0.0,0.0
2021-07-20 05:00:00,12.86,305.87094,996.6604,4.2083383,10.42154,0.0,0.0
2021-07-20 06:00:00,12.69,306.4244,996.2163,3.823561,9.890131,0.0,0.0
2021-07-20 07:00:00,12.68,306.8178,995.8628,3.984994,9.291121,0.0,0.0
2021-07-20 08:00:00,12.87,306.49387,996.3306,3.9372547,9.475299,0.0,0.0
2021-07-20 09:00:00,13.1,305.15363,996.91064,3.343942,10.654795,0.0,0.0
2021-07-20 10:00:00,13.03,302.8689,997.8251,3.7795656,12.718469,0.0,0.0
2021-07-20 11:00:00,13.04,301.1814,998.46375,4.1455607,14.495619,0.0,0.0
2021-07-20 12:00:00,13.01,299.86102,999.14624,4.289331,16.012695,0.0,0.0
2021-07-20 13:00:00,12.77,298.7032,999.40704,4.197866,17.385527,0.0,0.0
2021-07-20 14:00:00,13.21,297.6286,999.562,4.0946927,18.560556,0.0,0.0
2021-07-20 15:00:00,13.28,296.5857,999.03925,4.1044397,19.451094,0.0,0.0
2021-07-20 16:00:00,13.56,295.66394,998.77704,4.0602036,19.98845,0.0,0.0
2021-07-20 17:00:00,13.61,294.8626,998.38586,4.0157647,20.29341,0.0,0.0
2021-07-20 18:00:00,13.99,294.23016,998.2547,4.065092,20.421637,0.0,0.0
2021-07-20 19:00:00,14.02,292.51855,998.37756,3.9194417,21.886745,0.0,0.0
2021-07-20 20:00:00,13.86,291.77338,998.5176,3.8933544,22.630836,0.0,0.0
2021-07-20 21:00:00,13.46,291.2674,999.27515,3.8428864,23.208408,0.0,0.0
2021-07-20 22:00:00,13.49,290.8003,999.8638,3.8646688,23.811882,0.0,0.0
2021-07-20 23:00:00,13.45,291.2953,1000.60474,3.7254772,23.165247,0.0,0.0
2021-07-21 00:00:00,13.08,294.69296,1000.7791,3.8370855,18.722092,0.0,0.0
2021-07-21 01:00:00,13.24,298.4045,1000.59955,4.4149413,14.930376,0.0,0.0
2021-07-21 02:00:00,13.28,301.32977,1000.09357,5.0206203,12.616277,0.0,0.0
2021-07-21 03:00:00,12.56,303.38428,998.7714,5.2965903,10.697865,0.0,0.0
2021-07-21 04:00:00,12.27,304.77356,997.35095,4.5898128,9.206373,0.0,0.0
2021-07-21 05:00:00,11.86,305.78964,996.36053,3.776511,8.167212,0.0,0.0
2021-07-21 06:00:00,11.51,306.37878,995.35736,3.0385845,7.5729856,0.0,0.0
2021-07-21 07:00:00,11.59,306.6569,994.8681,1.86748,7.837432,0.0,0.0
2021-07-21 08:00:00,11.54,306.43613,994.9317,1.128459,7.8222623,0.0,0.0
2021-07-21 09:00:00,11.29,305.7246,995.28424,0.49372166,8.920681,0.0,0.0
2021-07-21 10:00:00,11.02,304.0893,995.8901,1.387381,11.452952,0.0,0.0
2021-07-21 11:00:00,10.99,301.62555,996.47437,2.1271257,15.015918,0.0,0.0
2021-07-21 12:00:00,11.21,299.63348,996.807,2.4887524,17.327745,0.0,0.0
2021-07-21 13:00:00,11.74,297.78815,997.11743,2.4550512,20.38031,0.0,0.0
2021-07-21 14:00:00,12.14,296.05453,996.95264,1.9888362,24.955427,0.0,0.0
2021-07-21 15:00:00,12.1,296.77103,996.70056,0.6349193,20.0854,0.0,0.0
2021-07-21 16:00:00,12.28,293.30066,996.80634,1.7195596,30.047855,0.0,0.0
2021-07-21 17:00:00,12.93,292.5282,996.67804,3.1156201,29.8839,0.0,0.0
2021-07-21 18:00:00,13.39,291.83206,996.5497,3.1965857,35.812527,0.0,0.0
2021-07-21 19:00:00,14.15,291.06647,996.5889,3.2730985,48.97879,0.0,0.0
2021-07-21 20:00:00,14.25,290.41446,996.628,2.9942842,58.466393,0.0,0.0
2021-07-21 21:00:00,14.34,289.73724,997.0932,2.5099015,66.09258,0.0,0.0
2021-07-21 22:00:00,14.25,289.089,997.49927,2.2529383,71.46003,0.0,0.0
2021-07-21 23:00:00,14.6,289.33813,998.12335,2.0851,71.64427,0.0,0.0
2021-07-22 00:00:00,14.2,293.2518,998.6033,1.8692082,56.308853,0.0,0.0
2021-07-22 01:00:00,14.03,296.71008,998.4856,2.028431,44.078625,0.0,0.0
2021-07-22 02:00:00,13.69,299.6008,998.0298,2.1134613,33.392097,0.0,0.0
2021-07-22 03:00:00,13.35,302.05133,996.88763,2.202325,26.15386,0.0,0.0
2021-07-22 04:00:00,13.25,304.0697,995.5164,2.4899166,21.099693,0.0,0.0
2021-07-22 05:00:00,12.63,305.43518,994.25256,2.9491868,17.677364,0.0,0.0
2021-07-22 06:00:00,12.47,306.09717,993.3909,3.2366354,15.898011,0.0,0.0
2021-07-22 07:00:00,13.27,306.26553,992.9537,2.5902796,15.473697,0.0,0.0
2021-07-22 08:00:00,13.41,306.03763,992.8864,2.6601791,15.429846,0.0,0.0
2021-07-22 09:00:00,13.45,305.14987,993.3465,2.2315238,16.46755,0.0,0.0
2021-07-22 10:00:00,13.75,303.6115,994.0706,2.106973,18.709839,0.0,0.0
2021-07-22 11:00:00,14.22,301.90692,994.7713,1.8210167,22.38602,0.0,0.0
2021-07-22 12:00:00,14.72,299.82666,995.12036,1.6654913,29.38741,0.0,0.0
2021-07-22 13:00:00,15.28,298.1886,995.0772,1.8257828,32.180035,0.0,0.0
2021-07-22 14:00:00,15.69,296.75766,995.0142,2.1736712,33.858517,0.0,0.0
2021-07-22 15:00:00,16.0,295.42215,994.77875,2.3775895,35.988773,0.0,0.0
2021-07-22 16:00:00,16.29,294.40918,994.6694,2.459188,38.338272,0.0,0.0
2021-07-22 17:00:00,16.5,293.73047,994.5419,2.60382,39.721725,0.0,0.0
2021-07-22 18:00:00,17.13,293.26398,994.5684,2.812548,40.27803,0.0,0.0
2021-07-22 19:00:00,17.63,292.6759,994.8978,3.6270933,41.401165,0.0,0.0
2021-07-22 20:00:00,18.14,291.93668,994.928,3.416618,46.45654,0.0,0.0
2021-07-22 21:00:00,18.41,291.2193,995.3853,2.858348,53.862095,0.0,0.0
2021-07-22 22:00:00,18.7,290.52286,996.1144,2.3591814,61.729233,0.0,0.0
2021-07-22 23:00:00,18.53,290.57703,996.71515,1.7465353,67.18438,0.0,0.0
2021-07-23 00:00:00,17.61,293.87134,997.54626,1.7871946,59.040268,0.0,0.0
2021-07-23 01:00:00,17.8,296.69635,997.51263,1.7985969,52.98179,0.0,0.0
2021-07-23 02:00:00,17.37,299.29712,997.142,1.5947095,44.20132,0.0,0.0
2021-07-23 03:00:00,17.45,301.7284,996.3575,1.8182061,36.549763,0.0,0.0
2021-07-23 04:00:00,17.98,303.81915,995.17194,2.643261,30.175165,0.0,0.0
2021-07-23 05:00:00,18.33,305.25787,994.11334,3.5510213,26.199144,0.0,0.0
2021-07-23 06:00:00,19.03,306.04248,993.4253,4.175834,24.257973,0.0,0.0
2021-07-23 07:00:00,19.73,306.75565,992.9868,4.4254284,21.475298,0.0,0.0
2021-07-23 08:00:00,19.52,306.4402,992.9222,4.529972,21.47858,0.0,0.0
2021-07-23 09:00:00,20.11,305.46097,993.71985,3.7932494,22.728897,0.0,0.0
2021-07-23 10:00:00,20.88,303.461,994.5563,3.3676128,25.832859,0.0,0.0
2021-07-23 11:00:00,21.49,301.9936,995.183,3.0687954,28.49766,0.0,0.0
2021-07-23 12:00:00,22.06,300.70154,995.88904,2.6393654,31.243294,0.0,0.0
2021-07-23 13:00:00,22.97,299.3947,995.9334,2.4093387,34.43464,0.0,0.0
2021-07-23 14:00:00,23.99,298.15436,996.2262,2.3965702,37.56924,0.0,0.0
2021-07-23 15:00:00,23.64,297.0797,996.2497,2.5350997,39.9576,0.0,0.0
2021-07-23 16:00:00,23.0,295.996,996.3525,2.1548827,43.37389,0.0,0.0
2021-07-23 17:00:00,22.6,295.6819,996.3049,1.1970171,45.002018,0.0,0.0
2021-07-23 18:00:00,22.35,296.03055,996.6555,0.7546978,41.293407,0.0,0.0
2021-07-23 19:00:00,22.32,293.0349,996.4355,1.7447995,51.91726,0.0,0.0
2021-07-23 20:00:00,21.93,292.429,996.7434,2.393694,50.50125,0.0,0.0
2021-07-23 21:00:00,21.6,291.91803,997.1892,2.9845264,49.99468,0.0,0.0
2021-07-23 22:00:00,21.45,291.4802,997.7999,3.5387535,49.56884,0.0,0.0
2021-07-23 23:00:00,21.44,292.0217,998.8491,3.9044545,46.34242,0.0,0.0
2021-07-24 00:00:00,21.3,294.50375,999.6282,5.180939,37.428852,0.0,0.0
2021-07-24 01:00:00,21.39,296.82916,1000.0598,6.196068,30.089882,0.0,0.0
2021-07-24 02:00:00,20.88,299.17493,999.77563,6.2266855,24.835133,0.0,0.0
2021-07-24 03:00:00,20.35,301.19498,998.97845,6.1069436,21.696083,0.0,0.0
2021-07-24 04:00:00,19.95,302.61792,997.7739,5.6352077,20.27808,0.0,0.0
2021-07-24 05:00:00,19.61,303.53064,996.8343,5.262302,19.46685,0.0,0.0
2021-07-24 06:00:00,19.53,304.02032,996.3281,5.2090774,18.803102,0.0,0.0
2021-07-24 07:00:00,19.36,303.83847,996.0519,5.000637,18.437628,0.0,0.0
2021-07-24 08:00:00,18.75,303.5343,996.15894,4.3400426,18.446167,0.0,0.0
2021-07-24 09:00:00,17.54,302.64124,996.2573,3.3172314,19.350588,0.0,0.0
2021-07-24 10:00:00,16.69,300.75702,996.61017,3.217731,21.803165,0.0,0.0
2021-07-24 11:00:00,16.28,299.208,996.9453,3.8435345,23.467987,0.0,0.0
2021-07-24 12:00:00,16.02,297.93292,997.5162,4.279415,24.384567,0.0,0.0
2021-07-24 13:00:00,16.09,296.81152,997.7699,4.5931644,24.892832,0.0,0.0
2021-07-24 14:00:00,15.9,295.81448,998.23987,4.804008,25.00215,0.0,0.0
2021-07-24 15:00:00,15.42,294.87933,998.23987,4.794626,24.895243,0.0,0.0
2021-07-24 16:00:00,15.31,294.03995,998.39624,4.6380377,24.839405,0.0,0.0
2021-07-24 17:00:00,15.31,293.26984,998.43896,4.429199,24.912954,0.0,0.0
2021-07-24 18:00:00,15.0,292.5433,998.2019,4.263317,25.111616,0.0,0.0
2021-07-24 19:00:00,14.69,291.40842,997.9558,4.03696,28.293213,0.0,0.0
2021-07-24 20:00:00,14.67,290.7415,998.1008,4.003898,28.566391,0.0,0.0
2021-07-24 21:00:00,14.79,290.22205,998.4764,3.903208,28.534906,0.0,0.0
2021-07-24 22:00:00,14.98,289.7806,998.8947,3.8387012,28.33477,0.0,0.0
2021-07-24 23:00:00,15.33,290.23486,999.4267,3.4988518,26.707682,0.0,0.0
2021-07-25 00:00:00,16.71,292.80945,1000.3178,4.3095493,21.323637,0.0,0.0
2021-07-25 01:00:00,17.23,295.62073,1000.508,4.739716,17.469309,0.0,0.0
2021-07-25 02:00:00,17.62,298.46997,1000.4911,4.6405935,14.992565,0.0,0.0
2021-07-25 03:00:00,17.48,300.9251,999.5112,4.4541917,13.923253,0.0,0.0
2021-07-25 04:00:00,17.76,302.64117,998.3237,3.781932,14.077165,0.0,0.0
2021-07-25 05:00:00,17.96,303.67395,997.1389,2.8345656,14.429042,0.0,0.0
2021-07-25 06:00:00,18.22,304.2694,996.13354,2.1024232,14.69543,0.0,0.0
2021-07-25 07:00:00,18.69,304.82977,995.5173,1.2682526,15.835339,0.0,0.0
2021-07-25 08:00:00,19.33,304.7195,995.557,1.2170701,16.152893,0.0,0.0
2021-07-25 09:00:00,19.51,304.19186,995.9361,1.661729,16.90211,0.0,0.0
2021-07-25 10:00:00,19.94,302.3791,996.3123,3.121239,19.33962,0.0,0.0
2021-07-25 11:00:00,20.5,300.7323,996.6142,3.7705426,20.724283,0.0,0.0
2021-07-25 12:00:00,20.99,299.53223,997.22626,3.8769863,21.239058,0.0,0.0
2021-07-25 13:00:00,21.32,298.41736,997.32764,3.7935467,21.695024,0.0,0.0
2021-07-25 14:00:00,21.57,297.40723,997.427,3.545653,22.326479,0.0,0.0
2021-07-25 15:00:00,21.6,296.4271,997.1778,3.1860993,23.417068,0.0,0.0
2021-07-25 16:00:00,21.93,295.45905,996.9458,2.9736867,24.799498,0.0,0.0
2021-07-25 17:00:00,22.51,294.59467,996.84546,3.0474637,25.817486,0.0,0.0
2021-07-25 18:00:00,22.73,293.83948,996.1758,3.2028594,26.513815,0.0,0.0
2021-07-25 19:00:00,22.2,292.591,995.7689,3.1090748,30.120653,0.0,0.0
2021-07-25 20:00:00,21.75,291.81567,995.8377,3.1108418,32.02123,0.0,0.0
2021-07-25 21:00:00,21.35,291.21094,995.98627,3.1019359,34.087242,0.0,0.0
2021-07-25 22:00:00,21.03,290.74133,996.2929,3.1933784,36.376934,0.0,0.0
2021-07-25 23:00:00,21.59,291.33676,996.7264,3.0018728,36.757538,0.0,0.0
2021-07-26 00:00:00,23.13,294.84613,997.3285,3.2118583,30.867504,0.0,0.0
2021-07-26 01:00:00,23.44,298.92145,997.59607,3.6630616,25.16255,0.0,0.0
2021-07-26 02:00:00,23.86,301.95734,997.4208,4.1151433,23.970211,0.0,0.0
2021-07-26 03:00:00,22.95,304.10376,996.47437,4.2823553,23.582256,0.0,0.0
2021-07-26 04:00:00,22.5,305.58893,995.13196,4.3181767,22.060873,0.0,0.0
2021-07-26 05:00:00,21.89,306.38788,994.2289,3.8534768,21.230722,0.0,0.0
2021-07-26 06:00:00,22.42,306.82855,993.5188,3.5003917,21.027615,0.0,0.0
2021-07-26 07:00:00,23.11,307.5134,992.9154,3.5710175,18.667585,0.0,0.0
2021-07-26 08:00:00,23.32,307.20728,992.7275,3.5832517,19.02126,0.0,0.0
2021-07-26 09:00:00,23.41,306.2508,992.9567,2.8826253,20.359077,0.0,0.0
2021-07-26 10:00:00,23.73,304.3708,993.1828,2.7519357,23.117207,0.0,0.0
2021-07-26 11:00:00,24.0,302.76447,993.7302,2.9014556,25.926136,0.0,0.0
2021-07-26 12:00:00,24.69,301.35397,994.1836,3.2712636,28.723454,0.0,0.0
2021-07-26 13:00:00,25.35,300.29758,994.75696,3.8085601,31.374662,0.0,0.0
2021-07-26 14:00:00,25.61,299.44617,994.9764,4.25737,34.731956,0.0,0.0
2021-07-26 15:00:00,25.78,298.593,995.3608,4.0475273,38.962936,0.0,0.0
2021-07-26 16:00:00,26.06,297.66165,995.608,3.7495856,43.45821,0.0,0.0
2021-07-26 17:00:00,26.71,296.7067,995.82874,3.6701672,48.58605,0.0,0.0
2021-07-26 18:00:00,26.96,295.8225,995.7872,3.5505848,54.507214,0.0,0.0
2021-07-26 19:00:00,27.18,294.49536,996.132,3.4274366,63.38523,0.0,0.0
2021-07-26 20:00:00,27.1,293.72882,996.23474,3.266383,69.784,0.0,0.0
2021-07-26 21:00:00,26.78,293.11365,996.4442,3.2591367,75.54167,0.0,0.0
2021-07-26 22:00:00,26.89,292.6678,996.78784,3.1206617,79.76068,0.0,0.0
2021-07-26 23:00:00,26.51,293.1219,997.33704,2.7261736,78.911385,0.0,0.0
2021-07-27 00:00:00,24.91,295.78174,997.97015,3.2282083,68.98334,0.0,0.0
2021-07-27 01:00:00,24.41,298.34613,998.29193,3.6459846,58.736904,0.0,0.0
2021-07-27 02:00:00,24.09,300.80115,997.94006,3.6952348,46.18627,0.0,0.0
2021-07-27 03:00:00,24.54,302.95978,997.2611,4.0212693,35.993816,0.0,0.0
2021-07-27 04:00:00,24.37,304.53897,995.89294,4.491569,30.35378,0.0,0.0
2021-07-27 05:00:00,23.69,305.669,995.0304,4.883113,26.997938,0.0,0.0
2021-07-27 06:00:00,23.37,306.2792,994.2477,5.1228375,25.198915,0.0,0.0
2021-07-27 07:00:00,23.23,306.18317,993.66736,4.3548045,24.037752,0.0,0.0
2021-07-27 08:00:00,23.07,305.89862,993.6705,4.277854,24.31294,0.0,0.0
2021-07-27 09:00:00,23.92,305.0918,994.2575,3.609554,25.793701,0.0,0.0
2021-07-27 10:00:00,24.0,303.36792,994.77875,2.8503885,28.975481,0.0,0.0
2021-07-27 11:00:00,23.98,302.02264,995.30225,2.7858,31.937746,0.0,0.0
2021-07-27 12:00:00,23.66,300.74902,995.9789,2.9932168,35.1091,0.0,0.0
2021-07-27 13:00:00,23.45,299.63562,996.0666,3.3158548,38.241642,0.0,0.0
2021-07-27 14:00:00,21.74,298.7309,996.46313,3.6084585,41.12449,0.0,0.0
2021-07-27 15:00:00,20.86,297.8452,996.4211,3.5312018,43.864105,0.0,0.0
2021-07-27 16:00:00,21.36,296.9629,996.22217,3.417644,46.359055,0.0,0.0
2021-07-27 17:00:00,21.81,296.11285,995.9646,3.4696527,48.76281,0.0,0.0
2021-07-27 18:00:00,22.9,295.29584,995.82513,3.546414,51.962166,0.0,0.0
2021-07-27 19:00:00,22.14,294.0501,996.06274,3.5335195,62.618465,0.0,0.0
2021-07-27 20:00:00,21.34,293.2666,996.2449,2.634378,69.72733,0.0,0.0
2021-07-27 21:00:00,20.68,292.49158,996.43274,2.030961,75.84302,0.0,0.0
2021-07-27 22:00:00,20.22,291.80505,996.91437,2.1266084,80.648895,0.0,0.0
2021-07-27 23:00:00,20.51,292.0069,997.5772,1.8346975,80.88921,0.0,0.0
2021-07-28 00:00:00,20.61,295.03442,998.0864,1.8748813,66.83599,0.0,0.0
2021-07-28 01:00:00,20.82,297.5774,998.6646,1.4620316,51.713253,0.0,0.0
2021-07-28 02:00:00,21.16,299.8269,998.53735,1.2397412,39.411892,0.0,0.0
2021-07-28 03:00:00,20.64,301.82635,997.7977,1.4253076,30.53031,0.0,0.0
2021-07-28 04:00:00,19.31,303.36066,996.3956,1.4473488,25.559055,0.0,0.0
2021-07-28 05:00:00,17.96,304.63843,995.35266,1.7230902,22.22142,0.0,0.0
2021-07-28 06:00:00,16.98,305.5896,994.6398,2.255389,19.83615,0.0,0.0
2021-07-28 07:00:00,16.89,306.22153,993.9255,2.8917425,18.116264,0.0,0.0
2021-07-28 08:00:00,16.35,306.07013,994.0058,3.210462,17.854713,0.0,0.0
2021-07-28 09:00:00,16.01,305.36774,994.3837,2.9621363,17.868374,0.0,0.0
2021-07-28 10:00:00,15.99,303.65253,994.9455,2.8466547,19.00227,0.0,0.0
2021-07-28 11:00:00,16.14,302.07874,995.4815,3.0115244,19.878729,0.0,0.0
2021-07-28 12:00:00,16.25,300.63245,996.0234,3.068629,20.773184,0.0,0.0
2021-07-28 13:00:00,16.41,299.37622,996.63873,3.0433753,21.852,0.0,0.0
2021-07-28 14:00:00,16.59,298.20523,996.7992,2.8464668,23.431051,0.0,0.0
2021-07-28 15:00:00,16.91,296.9845,996.873,2.4767337,26.080904,0.0,0.0
2021-07-28 16:00:00,16.52,295.69122,996.48016,2.225273,29.97644,0.0,0.0
2021-07-28 17:00:00,16.13,294.55228,996.2587,2.1600769,33.605606,0.0,0.0
2021-07-28 18:00:00,15.44,293.55383,995.95154,2.1259665,37.017746,0.0,0.0
2021-07-28 19:00:00,15.35,292.88354,996.16724,2.7773812,39.88083,0.0,0.0
2021-07-28 20:00:00,15.64,292.2423,996.3815,2.782037,42.872925,0.0,0.0
2021-07-28 21:00:00,15.69,291.57196,996.7764,2.602393,47.337635,0.0,0.0
2021-07-28 22:00:00,15.79,290.82,997.2491,2.2666903,53.45549,0.0,0.0
2021-07-28 23:00:00,15.98,290.98312,997.92633,1.6971291,57.937603,0.0,0.0
2021-07-29 00:00:00,16.92,294.67935,998.62585,1.5837355,45.94899,0.0017195939,0.0
2021-07-29 01:00:00,17.09,297.4832,999.05237,1.5484303,38.723,0.0,0.0
2021-07-29 02:00:00,17.13,300.0372,998.58014,1.5420057,32.601826,0.0,0.0
2021-07-29 03:00:00,16.76,302.2705,997.66876,1.5613377,27.823809,0.0,0.0
2021-07-29 04:00:00,16.42,303.95343,996.3717,1.5369582,24.060678,0.0,0.0
2021-07-29 05:00:00,16.8,305.15347,995.5014,1.6220689,21.89543,0.0,0.0
2021-07-29 06:00:00,17.2,305.92462,994.762,2.019578,21.004204,0.0,0.0
2021-07-29 07:00:00,16.77,306.16534,994.48627,2.7740602,22.118082,0.0,0.0
2021-07-29 08:00:00,16.03,305.97766,994.5393,2.7860765,22.406403,0.0,0.0
2021-07-29 09:00:00,16.05,305.30035,994.86255,2.5233264,23.495617,0.0,0.0
2021-07-29 10:00:00,15.99,303.81232,995.2047,2.3563056,26.009787,0.0,0.0
2021-07-29 11:00:00,15.31,302.42053,995.4168,2.5157678,28.679735,0.0,0.0
2021-07-29 12:00:00,14.88,300.98386,996.01984,2.660399,31.6618,0.0,0.0
2021-07-29 13:00:00,15.23,299.6233,996.2073,2.7497172,34.52491,0.0,0.0
2021-07-29 14:00:00,15.66,298.41653,996.1864,2.7680469,37.205868,0.0,0.0
2021-07-29 15:00:00,15.82,297.38446,996.17017,2.834825,39.550095,0.0,0.0
2021-07-29 16:00:00,15.94,296.44147,995.84033,2.831025,41.744873,0.0,0.0
2021-07-29 17:00:00,15.6,295.6089,995.7635,2.893384,43.72915,0.0,0.0
2021-07-29 18:00:00,15.58,294.89456,995.38495,3.0623696,45.36422,0.0,0.0
2021-07-29 19:00:00,16.2,293.73022,995.7364,3.3623028,49.522224,0.0,0.0
2021-07-29 20:00:00,16.14,292.87244,995.96625,3.054683,53.015972,0.0,0.0
2021-07-29 21:00:00,16.33,292.04773,996.5248,2.5078123,56.58014,0.0,0.0
2021-07-29 22:00:00,16.98,291.12097,997.3195,1.9311061,61.495907,0.0,0.0
2021-07-29 23:00:00,17.06,291.23608,998.22,1.5117342,63.202454,0.0,0.0
2021-07-30 00:00:00,17.54,294.54004,998.84106,1.4484242,48.02905,0.0012819844,0.0
2021-07-30 01:00:00,17.66,296.86377,999.0747,1.3623463,40.154247,0.0,0.0
2021-07-30 02:00:00,17.64,299.17108,998.79736,1.4581722,34.165142,0.0,0.0
2021-07-30 03:00:00,17.2,301.4464,997.845,1.8939458,28.883827,0.0,0.0
2021-07-30 04:00:00,16.49,303.30655,996.4266,2.31669,24.98779,0.0,0.0
2021-07-30 05:00:00,16.04,304.73468,995.5481,2.706636,22.0105,0.0,0.0
2021-07-30 06:00:00,15.8,305.57867,994.7467,2.8447914,19.99023,0.0,0.0
2021-07-30 07:00:00,15.51,305.87402,994.1513,2.2083945,20.953228,0.0,0.0
2021-07-30 08:00:00,14.83,305.7729,994.42126,2.333224,20.651443,0.0,0.0
2021-07-30 09:00:00,14.23,305.11084,994.77686,2.3340592,21.116903,0.0,0.0
2021-07-30 10:00:00,14.0,303.52594,995.66205,2.7317843,22.916489,0.0,0.0
2021-07-30 11:00:00,13.8,301.97687,996.21826,2.9893517,24.761982,0.0,0.0
2021-07-30 12:00:00,13.89,300.6081,996.6981,3.2006588,26.648808,0.0,0.0
2021-07-30 13:00:00,14.29,299.412,996.97095,3.2213473,28.59594,0.0,0.0
2021-07-30 14:00:00,14.61,298.34564,997.0505,3.0750928,30.731052,0.0,0.0
2021-07-30 15:00:00,15.46,297.27148,996.7344,2.7606115,33.42875,0.0,0.0
2021-07-30 16:00:00,15.49,296.1144,996.70654,2.4396522,37.03385,0.0,0.0
2021-07-30 17:00:00,15.31,295.00446,996.39844,2.2480724,40.990635,0.0,0.0
2021-07-30 18:00:00,15.03,294.03336,996.3691,2.1393967,44.687748,0.0,0.0
2021-07-30 19:00:00,15.32,293.65955,996.4255,3.2959423,45.26192,0.0,0.0
2021-07-30 20:00:00,15.45,292.98975,996.74884,3.2904284,48.708546,0.0,0.0
2021-07-30 21:00:00,15.8,292.11456,997.2622,2.5533693,53.01072,0.0,0.0
2021-07-30 22:00:00,16.61,291.1024,997.90076,1.8745311,59.211224,0.0,0.0
2021-07-30 23:00:00,16.9,291.3314,998.70386,1.607423,60.78592,0.0,0.0
2021-07-31 00:00:00,18.11,294.57642,999.1984,1.6655004,48.70144,0.0,0.0
2021-07-31 01:00:00,18.61,296.66705,999.34796,2.0959492,44.855476,0.0,0.0
2021-07-31 02:00:00,18.82,298.8583,998.9101,2.7963793,39.856007,0.0,0.0
2021-07-31 03:00:00,18.86,301.00897,998.1997,3.3480446,34.033592,0.0,0.0
2021-07-31 04:00:00,18.9,302.70917,996.97125,3.5423648,29.27852,0.0,0.0
2021-07-31 05:00:00,19.41,303.95343,996.07837,3.6601887,26.703072,0.0,0.0
2021-07-31 06:00:00,20.08,304.74274,995.23315,3.9765756,25.295973,0.0,0.0
2021-07-31 07:00:00,20.21,305.28284,994.5398,4.2536664,24.635923,0.0,0.0
2021-07-31 08:00:00,19.93,305.05713,994.656,4.35843,25.187775,0.0,0.0
2021-07-31 09:00:00,19.76,304.23996,994.89453,3.981403,26.785835,0.0,0.0
2021-07-31 10:00:00,20.21,302.6772,995.6767,3.131088,29.861599,0.0,0.0
2021-07-31 11:00:00,20.43,301.45898,996.2974,2.9159632,32.71365,0.0,0.0
2021-07-31 12:00:00,20.43,300.33008,996.8193,2.890428,35.73259,0.0,0.0
2021-07-31 13:00:00,21.03,299.24652,997.0115,3.102281,38.870846,0.0,0.0
2021-07-31 14:00:00,20.3,298.22632,996.99786,3.289533,41.79233,0.0,0.0
2021-07-31 15:00:00,19.03,297.3059,996.81104,3.4416082,44.13825,0.0,0.0
2021-07-31 16:00:00,17.97,296.5106,996.8248,3.5543664,45.87966,0.0,0.0
2021-07-31 17:00:00,17.19,295.79858,996.5167,3.4524941,47.338356,0.0,0.0
2021-07-31 18:00:00,17.02,295.10156,996.26636,3.1438055,48.963196,0.0,0.0
2021-07-31 19:00:00,16.98,293.89703,995.9172,2.7260656,53.241867,0.0,0.0
2021-07-31 20:00:00,17.04,293.0894,996.0405,2.261643,55.95935,0.0,0.0
2021-07-31 21:00:00,17.78,292.1527,996.5988,1.6208355,61.065697,0.0,0.0
2021-07-31 22:00:00,19.34,291.45593,997.2294,1.6940649,63.698376,0.0,0.0
2021-07-31 23:00:00,20.17,291.79153,997.81146,1.4821116,63.59086,0.0,0.0
2021-08-01 00:00:00,21.76,295.5094,997.91345,1.3601325,47.82831,0.0025938642,0.0
2021-08-01 01:00:00,21.89,298.40158,998.13794,1.3318675,39.396126,0.0,0.0
2021-08-01 02:00:00,21.76,300.89786,997.5747,1.2428204,33.516754,0.0,0.0
2021-08-01 03:00:00,21.42,302.8622,996.71124,0.97315145,29.96841,0.0,0.0
2021-08-01 04:00:00,21.25,304.39032,995.2371,1.1639712,26.957508,0.0,0.0
2021-08-01 05:00:00,20.73,305.64426,994.18774,1.9491376,24.314888,0.0,0.0
2021-08-01 06:00:00,20.5,306.40402,993.4966,2.5652628,23.108368,0.0,0.0
2021-08-01 07:00:00,21.33,306.78796,992.5717,2.771573,23.171896,0.0,0.0
2021-08-01 08:00:00,22.28,306.5843,993.02893,3.0646527,23.429377,0.0,0.0
2021-08-01 09:00:00,22.55,305.82007,993.1814,3.4384475,24.718697,0.0,0.0
2021-08-01 10:00:00,22.75,304.12082,993.8942,3.9450376,27.779997,0.0,0.0
2021-08-01 11:00:00,23.04,302.69397,994.3897,4.584857,30.412773,0.0,0.0
2021-08-01 12:00:00,23.73,301.59564,995.27795,4.508565,32.307537,0.0,0.0
2021-08-01 13:00:00,23.98,300.4663,995.40454,4.0079565,34.199177,0.0,0.0
2021-08-01 14:00:00,23.75,299.4792,995.8443,3.8699899,35.74304,0.0,0.0
2021-08-01 15:00:00,23.32,298.5166,995.72876,3.835683,37.014908,0.0,0.0
2021-08-01 16:00:00,23.1,297.63367,995.78455,3.7873266,38.0081,0.0,0.0
2021-08-01 17:00:00,23.78,296.82706,995.8136,3.7235057,38.940845,0.0,0.0
2021-08-01 18:00:00,24.31,296.08215,995.8027,3.6588511,39.97083,0.0,0.0
2021-08-01 19:00:00,24.76,294.87128,996.23047,3.5142696,43.302345,0.0,0.0
2021-08-01 20:00:00,24.97,294.16846,996.5825,3.2815506,44.76423,0.0,0.0
2021-08-01 21:00:00,24.82,293.52765,997.1682,3.1995971,46.296085,0.0,0.0
2021-08-01 22:00:00,24.89,292.96606,997.97205,3.7990222,47.495605,0.0,0.0
2021-08-01 23:00:00,24.65,293.34503,998.9803,4.4694633,45.52271,0.0,0.0
2021-08-02 00:00:00,24.2,294.8032,999.53296,6.622267,39.03821,0.0,0.0
2021-08-02 01:00:00,24.68,296.7603,999.74506,6.892789,32.785492,0.0,0.0
2021-08-02 02:00:00,24.63,298.88245,999.4919,7.110642,27.724318,0.0,0.0
2021-08-02 03:00:00,24.82,300.70123,998.8211,7.0731473,24.498262,0.0,0.0
2021-08-02 04:00:00,24.17,302.12024,997.42236,6.2839184,22.84957,0.0,0.0
2021-08-02 05:00:00,23.96,303.19983,996.4203,5.311392,22.009398,0.0,0.0
2021-08-02 06:00:00,24.13,303.88757,995.6661,4.8437376,21.523153,0.0,0.0
2021-08-02 07:00:00,24.17,303.88498,995.4668,4.3660326,22.114641,0.0,0.0
2021-08-02 08:00:00,24.16,303.7497,995.70233,4.262424,22.382793,0.0,0.0
2021-08-02 09:00:00,24.22,303.12543,996.08234,4.0583673,22.926916,0.0,0.0
2021-08-02 10:00:00,24.24,301.69843,997.07,3.7611759,24.452644,0.0,0.0
2021-08-02 11:00:00,23.87,300.5155,997.7185,4.4894795,25.188065,0.0,0.0
2021-08-02 12:00:00,23.13,299.51038,998.44507,5.303215,25.159641,0.0,0.0
2021-08-02 13:00:00,22.52,298.6027,998.6166,5.810371,24.771858,0.0,0.0
2021-08-02 14:00:00,21.81,297.8767,998.77094,6.022029,24.159204,0.0,0.0
2021-08-02 15:00:00,21.75,297.05606,998.87463,5.8022656,23.923868,0.0,0.0
2021-08-02 16:00:00,21.78,296.30206,998.65155,5.5899115,23.79678,0.0,0.0
2021-08-02 17:00:00,21.8,295.61667,998.82,5.4537735,23.75095,0.0,0.0
2021-08-02 18:00:00,22.01,294.99252,998.6992,5.392472,23.81155,0.0,0.0
2021-08-02 19:00:00,22.17,293.8739,998.9275,5.287377,25.05345,0.0,0.0
2021-08-02 20:00:00,22.02,293.34845,999.22766,4.897508,25.086876,0.0,0.0
2021-08-02 21:00:00,21.87,292.8047,999.5087,4.7117147,25.06032,0.0,0.0
2021-08-02 22:00:00,22.15,292.32843,1000.392,4.6217055,24.699205,0.0,0.0
2021-08-02 23:00:00,22.28,292.77478,1001.1194,4.4332256,22.82779,0.0,0.0
2021-08-03 00:00:00,22.63,294.55664,1002.0887,6.0662484,18.621052,0.0,0.0
2021-08-03 01:00:00,22.96,296.59714,1002.3528,6.2466164,16.09328,0.0,0.0
2021-08-03 02:00:00,22.37,298.87714,1002.0542,6.046974,14.698241,0.0,0.0
2021-08-03 03:00:00,22.19,301.0279,1001.1514,5.964977,14.476487,0.0,0.0
2021-08-03 04:00:00,22.23,302.65448,999.8169,5.813299,14.86418,0.0,0.0
2021-08-03 05:00:00,22.63,303.84683,998.8847,5.5959363,15.358866,0.0,0.0
2021-08-03 06:00:00,23.07,304.5318,997.96466,5.4073277,15.751973,0.0,0.0
2021-08-03 07:00:00,23.19,304.19522,997.74475,5.26219,16.084097,0.0,0.0
2021-08-03 08:00:00,23.26,303.68646,998.33624,5.3409657,16.568209,0.0,0.0
2021-08-03 09:00:00,23.62,302.94006,998.5925,5.2402773,16.258352,0.0,0.0
2021-08-03 10:00:00,23.03,301.57123,999.2583,5.3505297,16.351175,0.0,0.0
2021-08-03 11:00:00,21.96,300.3403,999.7383,5.950044,16.307217,0.0,0.0
2021-08-03 12:00:00,21.17,299.27545,1000.14703,6.377382,16.388866,0.0,0.0
2021-08-03 13:00:00,21.01,298.25726,1000.5017,6.653593,16.87949,0.0,0.0
2021-08-03 14:00:00,19.95,297.39154,1000.4489,6.6319113,17.497002,0.0,0.0
2021-08-03 15:00:00,19.16,296.5829,1000.33734,6.3290777,18.201733,0.0,0.0
2021-08-03 16:00:00,18.92,295.91864,1000.2135,5.9105253,18.883133,0.0,0.0
2021-08-03 17:00:00,18.91,295.31573,1000.40686,5.494506,19.790379,0.0,0.0
2021-08-03 18:00:00,18.7,294.75793,1000.4723,5.347489,20.73308,0.0,0.0
2021-08-03 19:00:00,18.74,293.71542,1000.60547,4.8465366,20.336617,0.0,0.0
2021-08-03 20:00:00,18.65,293.2414,1000.48627,4.8399196,21.103067,0.0,0.0
2021-08-03 21:00:00,18.88,292.85657,1000.89813,4.835978,21.969711,0.0,0.0
2021-08-03 22:00:00,18.97,292.56525,1001.435,4.773771,22.932333,0.0,0.0
2021-08-03 23:00:00,18.64,293.2751,1002.4176,4.546363,22.748362,0.0,0.0
2021-08-04 00:00:00,18.6,295.55643,1002.9972,5.937775,20.402822,0.0017174431,0.0
2021-08-04 01:00:00,18.87,297.80408,1003.1521,7.279192,18.496414,0.0,0.0
2021-08-04 02:00:00,19.56,299.96762,1002.8379,7.313594,16.816965,0.0,0.0
2021-08-04 03:00:00,19.81,301.83215,1001.85034,7.055341,15.558553,0.0,0.0
2021-08-04 04:00:00,19.7,303.24713,1000.997,6.526965,14.8574505,0.0,0.0
2021-08-04 05:00:00,19.82,304.11234,999.9702,6.1284738,14.603794,0.0,0.0
2021-08-04 06:00:00,19.72,304.61755,999.1934,5.909885,14.547078,0.0,0.0
2021-08-04 07:00:00,19.62,305.64447,998.5447,4.848566,15.515046,0.0,0.0
2021-08-04 08:00:00,19.43,305.30737,998.4799,5.1888804,15.876762,0.0,0.0
2021-08-04 09:00:00,19.09,304.4284,998.8808,5.1388726,16.418821,0.0,0.0
2021-08-04 10:00:00,19.09,302.80957,999.70844,5.7947702,17.263641,0.0,0.0
2021-08-04 11:00:00,19.0,301.42114,1000.13837,6.8971453,17.153517,0.0,0.0
2021-08-04 12:00:00,19.23,299.9403,1001.0186,7.6762953,17.021551,0.0,0.0
2021-08-04 13:00:00,19.75,298.43384,1001.6651,7.937028,17.48082,0.0,0.0
2021-08-04 14:00:00,19.7,297.0572,1002.1752,7.7781696,18.501587,0.0,0.0
2021-08-04 15:00:00,20.0,295.84122,1002.34033,7.464773,19.826841,0.0,0.0
2021-08-04 16:00:00,19.92,294.95612,1002.27234,6.9888706,20.923435,0.0,0.0
2021-08-04 17:00:00,19.76,294.16583,1002.23596,6.3502073,21.927309,0.0,0.0
2021-08-04 18:00:00,19.72,293.46393,1002.30237,5.677255,22.78602,0.0,0.0
2021-08-04 19:00:00,19.46,292.7428,1002.0541,5.736137,24.129473,0.0,0.0
2021-08-04 20:00:00,18.86,292.36673,1002.1248,5.683121,24.46071,0.0,0.0
2021-08-04 21:00:00,18.63,291.84332,1002.2502,5.47926,24.99723,0.0,0.0
2021-08-04 22:00:00,18.45,291.57495,1002.7584,5.2113767,25.12606,0.0,0.0
2021-08-04 23:00:00,18.19,292.11285,1003.5701,4.7740335,24.030022,0.0,0.0
2021-08-05 00:00:00,18.79,293.9517,1004.3786,6.1224213,20.62516,0.0,0.0
2021-08-05 01:00:00,18.86,295.94574,1004.85266,6.792605,17.822105,0.0,0.0
2021-08-05 02:00:00,18.64,297.92175,1004.5061,6.9391246,15.853299,0.0,0.0
2021-08-05 03:00:00,18.52,299.77957,1003.35187,6.995371,14.651269,0.0,0.0
2021-08-05 04:00:00,18.1,301.2442,1001.915,6.775753,14.16498,0.0,0.0
2021-08-05 05:00:00,17.75,302.23987,1000.8448,6.4882994,14.0529375,0.0,0.0
2021-08-05 06:00:00,17.27,302.80276,1000.0775,6.2594137,14.236333,0.0,0.0
2021-08-05 07:00:00,17.5,302.8508,1000.03296,6.0797973,15.256673,0.0,0.0
2021-08-05 08:00:00,17.75,302.33783,1000.23456,6.4471664,15.5984745,0.0,0.0
2021-08-05 09:00:00,18.39,301.3353,1001.09674,6.4402065,15.465042,0.0,0.0
2021-08-05 10:00:00,19.36,299.51868,1002.0552,7.2048936,15.417297,0.0,0.0
2021-08-05 11:00:00,20.41,297.28955,1002.92236,8.165397,16.637056,0.0,0.0
2021-08-05 12:00:00,20.28,295.86005,1003.6389,8.146609,17.072613,0.0,0.0
2021-08-05 13:00:00,20.46,294.8255,1004.40186,8.060998,17.563046,0.0,0.0
2021-08-05 14:00:00,19.83,293.83777,1004.39404,7.621969,19.963562,0.0,0.0
2021-08-05 15:00:00,19.29,293.41443,1004.3619,6.6839437,21.502758,0.0,0.0
2021-08-05 16:00:00,18.89,293.33102,1003.9905,5.940514,21.000463,0.0,0.0
2021-08-05 17:00:00,18.93,293.0489,1003.7942,5.5115414,20.400963,0.0,0.0
2021-08-05 18:00:00,18.15,292.52887,1003.58325,5.1378384,20.42486,0.0,0.0
2021-08-05 19:00:00,16.39,291.34137,1003.35876,4.163188,21.890793,0.0,0.0
2021-08-05 20:00:00,15.32,290.67517,1003.3446,4.1766453,22.80844,0.0,0.0
2021-08-05 21:00:00,14.61,290.15814,1003.8364,4.209205,23.405499,0.0,0.0
2021-08-05 22:00:00,14.37,289.6994,1004.195,4.2797275,23.890451,0.0,0.0
2021-08-05 23:00:00,13.68,290.403,1005.0236,4.485893,22.86852,0.0,0.0
2021-08-06 00:00:00,13.48,292.6412,1005.4614,6.0848036,19.930101,0.0,0.0
2021-08-06 01:00:00,13.2,294.90485,1005.2862,7.5234222,17.715378,0.0,0.0
2021-08-06 02:00:00,12.46,297.0973,1004.6453,7.9107747,15.42396,0.0,0.0
2021-08-06 03:00:00,12.05,298.96655,1003.29517,7.6131144,13.52764,0.0,0.0
2021-08-06 04:00:00,11.59,300.4101,1001.94586,6.960104,12.618349,0.0,0.0
2021-08-06 05:00:00,11.7,301.38892,1000.805,6.3158517,12.504704,0.0,0.0
2021-08-06 06:00:00,11.86,301.9306,999.8786,5.800211,12.782957,0.0,0.0
2021-08-06 07:00:00,11.8,302.25214,999.84045,5.3132477,12.147821,0.0,0.0
2021-08-06 08:00:00,11.77,301.96625,1000.0725,5.303406,12.391545,0.0,0.0
2021-08-06 09:00:00,11.45,301.03958,1000.1945,4.879583,12.713859,0.0,0.0
2021-08-06 10:00:00,10.87,299.22495,1001.0302,4.4360347,13.702067,0.0,0.0
2021-08-06 11:00:00,10.21,297.8267,1001.64795,4.7794824,14.144217,0.0,0.0
2021-08-06 12:00:00,9.57,296.63788,1002.38403,5.179582,14.328943,0.0,0.0
2021-08-06 13:00:00,8.82,295.5365,1002.52893,5.467207,14.66009,0.0,0.0
2021-08-06 14:00:00,7.75,294.525,1002.5853,5.621401,15.312417,0.0,0.0
2021-08-06 15:00:00,7.49,293.6333,1002.82654,5.6799393,16.172104,0.0,0.0
2021-08-06 16:00:00,7.44,292.85425,1002.5426,5.7712903,16.966316,0.0,0.0
2021-08-06 17:00:00,7.21,292.1742,1002.47577,5.750478,17.580791,0.0,0.0
2021-08-06 18:00:00,7.09,291.52643,1002.33875,5.6429524,18.127693,0.0,0.0
2021-08-06 19:00:00,6.78,290.3752,1002.55414,5.238196,19.479046,0.0,0.0
2021-08-06 20:00:00,6.44,289.72668,1002.7428,5.2071605,20.325388,0.0,0.0
2021-08-06 21:00:00,6.11,289.15558,1002.9147,5.1149287,21.48095,0.0,0.0
2021-08-06 22:00:00,5.9,288.66885,1003.71295,5.11676,22.910864,0.0,0.0
2021-08-06 23:00:00,5.62,289.37885,1004.40955,5.0941133,22.828388,0.0,0.0
2021-08-07 00:00:00,6.02,291.80234,1004.9473,6.429957,20.319124,0.0,0.0
2021-08-07 01:00:00,6.07,294.2436,1004.8245,7.7135925,17.951117,0.0,0.0
2021-08-07 02:00:00,5.6,296.53796,1004.14795,7.921529,15.459317,0.0,0.0
2021-08-07 03:00:00,5.54,298.43994,1002.8415,7.379276,13.157943,0.0,0.0
2021-08-07 04:00:00,5.35,299.89044,1001.62164,6.4542136,11.5749,0.0,0.0
2021-08-07 05:00:00,5.18,300.87228,1000.39813,5.516944,10.702342,0.0,0.0
2021-08-07 06:00:00,5.38,301.4439,999.7351,4.8120656,10.280092,0.0,0.0
2021-08-07 07:00:00,4.95,301.92844,999.1936,4.603332,9.696721,0.0,0.0
2021-08-07 08:00:00,5.0,301.68402,999.317,4.5978355,9.553243,0.0,0.0
2021-08-07 09:00:00,4.97,300.76785,999.4913,3.9383054,9.932295,0.0,0.0
2021-08-07 10:00:00,4.97,298.73837,1000.2516,3.7016873,11.232578,0.0,0.0
2021-08-07 11:00:00,4.97,297.18976,1000.90796,4.0223083,12.297323,0.0,0.0
2021-08-07 12:00:00,5.34,295.87418,1001.64844,4.3159313,13.273155,0.0,0.0
2021-08-07 13:00:00,5.51,294.7115,1001.9289,4.4770308,14.352218,0.0,0.0
2021-08-07 14:00:00,5.6,293.6256,1002.1881,4.6517677,15.672024,0.0,0.0
2021-08-07 15:00:00,5.71,292.65033,1002.2364,4.9342976,17.209717,0.0,0.0
2021-08-07 16:00:00,5.66,291.8453,1002.05,5.308687,18.646795,0.0,0.0
2021-08-07 17:00:00,5.56,291.29663,1002.0209,5.657306,19.58347,0.0,0.0
2021-08-07 18:00:00,5.43,290.81018,1001.8627,5.7671533,20.275137,0.0,0.0
2021-08-07 19:00:00,5.27,289.22565,1002.2875,4.8497515,23.357592,0.0,0.0
2021-08-07 20:00:00,4.99,288.51123,1002.0803,4.765539,24.923561,0.0,0.0
2021-08-07 21:00:00,5.03,287.96417,1002.34564,4.5511465,26.488981,0.0,0.0
2021-08-07 22:00:00,5.72,287.49072,1002.8621,4.4003687,28.067047,0.0,0.0
2021-08-07 23:00:00,5.85,288.3297,1003.59644,4.158849,27.373102,0.0,0.0
2021-08-08 00:00:00,6.36,291.4568,1004.202,5.170659,22.900045,0.0,0.0
2021-08-08 01:00:00,6.31,294.66583,1003.9543,6.0676775,19.283518,0.0,0.0
2021-08-08 02:00:00,6.03,297.49243,1003.5158,6.3155065,16.898005,0.0,0.0
2021-08-08 03:00:00,5.87,299.55182,1002.4074,5.738802,14.53525,0.0,0.0
2021-08-08 04:00:00,5.58,300.72382,1000.99664,4.2147055,11.588332,0.0,0.0
2021-08-08 05:00:00,5.39,301.27747,999.98065,2.7980032,9.797851,0.0,0.0
2021-08-08 06:00:00,5.23,301.54437,998.9453,2.1947358,9.16536,0.0,0.0
2021-08-08 07:00:00,4.89,301.94678,998.8086,2.8010437,8.725119,0.0,0.0
2021-08-08 08:00:00,4.78,301.72858,998.39404,2.9771647,8.824161,0.0,0.0
2021-08-08 09:00:00,4.72,301.03168,998.45624,2.8021297,9.357199,0.0,0.0
2021-08-08 10:00:00,4.81,299.32184,998.9879,2.8959532,10.705322,0.0,0.0
2021-08-08 11:00:00,4.88,297.59708,999.4384,3.252748,12.194036,0.0,0.0
2021-08-08 12:00:00,5.16,296.0965,1000.22144,3.512008,13.611381,0.0,0.0
2021-08-08 13:00:00,5.55,294.78412,1000.41064,3.6963584,15.022879,0.0,0.0
2021-08-08 14:00:00,5.6,293.71698,1000.459,3.8202717,16.392597,0.0,0.0
2021-08-08 15:00:00,5.7,292.82532,1000.3909,3.8297176,17.704674,0.0,0.0
2021-08-08 16:00:00,5.72,291.9544,1000.25226,3.717724,19.077677,0.0,0.0
2021-08-08 17:00:00,5.91,291.02527,1000.0678,3.601589,20.616236,0.0,0.0
2021-08-08 18:00:00,6.27,290.13104,999.96466,3.62487,22.195473,0.0,0.0
2021-08-08 19:00:00,6.06,288.71097,999.5586,3.5215507,24.288303,0.0,0.0
2021-08-08 20:00:00,5.69,287.75555,999.4038,3.4858294,26.255692,0.0,0.0
2021-08-08 21:00:00,5.98,287.07806,1000.01953,3.35406,27.917618,0.0,0.0
2021-08-08 22:00:00,6.15,286.52814,1000.5059,3.3163018,29.353268,0.0,0.0
2021-08-08 23:00:00,6.06,287.39966,1001.45844,2.9770045,28.168139,0.0,0.0
2021-08-09 00:00:00,6.91,291.23074,1001.9342,3.3079169,21.654816,0.0012866481,0.0
2021-08-09 01:00:00,6.8,295.2237,1002.22156,3.9548247,16.79927,0.0,0.0
2021-08-09 02:00:00,7.06,298.58997,1001.7124,4.6864967,13.861903,0.0,0.0
2021-08-09 03:00:00,7.26,300.86926,1000.6141,4.884124,11.934343,0.0,0.0
2021-08-09 04:00:00,7.34,301.91025,999.3797,3.8596354,11.467612,0.0,0.0
2021-08-09 05:00:00,7.47,302.56085,998.2594,3.176631,10.888303,0.0,0.0
2021-08-09 06:00:00,7.29,302.90747,997.3208,2.5336256,10.533535,0.0,0.0
2021-08-09 07:00:00,7.2,303.2522,996.6015,1.9385704,10.394118,0.0,0.0
2021-08-09 08:00:00,7.38,302.9977,996.5069,1.3141401,10.538758,0.0,0.0
2021-08-09 09:00:00,7.58,302.51184,996.71344,0.69331574,10.916729,0.0,0.0
2021-08-09 10:00:00,7.68,301.46533,997.0119,1.4738256,12.026455,0.0,0.0
2021-08-09 11:00:00,7.87,299.68073,997.373,2.5408068,14.047623,0.0,0.0
2021-08-09 12:00:00,7.92,297.6849,997.77423,3.0159647,16.31639,0.0,0.0
2021-08-09 13:00:00,8.29,296.0088,998.12427,3.2144356,18.439783,0.0,0.0
2021-08-09 14:00:00,8.39,294.72522,998.5027,3.3190005,20.300129,0.0,0.0
2021-08-09 15:00:00,8.26,293.5852,998.2955,3.2887213,22.119415,0.0,0.0
2021-08-09 16:00:00,8.24,292.57397,998.2391,3.1606166,23.696548,0.0,0.0
2021-08-09 17:00:00,8.26,291.66412,998.0767,3.071446,25.188818,0.0,0.0
2021-08-09 18:00:00,8.38,290.84583,997.83966,3.0295804,26.50159,0.0,0.0
2021-08-09 19:00:00,8.05,289.70947,997.96735,3.0543187,27.577845,0.0,0.0
2021-08-09 20:00:00,7.79,288.82892,998.03015,2.8250794,29.487234,0.0,0.0
2021-08-09 21:00:00,7.97,288.0927,998.437,2.6421542,31.280771,0.0,0.0
2021-08-09 22:00:00,8.08,287.4323,998.78094,2.5029144,32.98904,0.0,0.0
2021-08-09 23:00:00,8.25,288.09848,999.3122,2.0957263,32.626366,0.0,0.0
2021-08-10 00:00:00,9.17,292.56677,1000.06696,2.1611097,22.970888,0.0,0.0
2021-08-10 01:00:00,9.18,296.87683,1000.2993,2.4281957,17.42027,0.0,0.0
2021-08-10 02:00:00,9.16,300.32605,1000.1125,3.0169725,14.36059,0.0,0.0
2021-08-10 03:00:00,8.74,302.74234,999.0817,3.7129936,12.817753,0.0,0.0
2021-08-10 04:00:00,8.49,303.74744,997.8793,3.1830022,12.150581,0.0,0.0
2021-08-10 05:00:00,8.57,304.34808,996.91327,2.567502,11.686085,0.0,0.0
2021-08-10 06:00:00,8.98,304.73352,996.27686,2.268679,11.377391,0.0,0.0
2021-08-10 07:00:00,8.96,305.29626,995.66315,2.29741,11.432742,0.0,0.0
2021-08-10 08:00:00,8.85,305.086,995.77954,1.9205226,11.763881,0.0,0.0
2021-08-10 09:00:00,8.83,304.5012,995.9484,1.2075526,12.488047,0.0,0.0
2021-08-10 10:00:00,9.09,303.29395,996.5119,1.6808894,13.794433,0.0,0.0
2021-08-10 11:00:00,9.36,301.38348,997.4864,2.7182972,15.731353,0.0,0.0
2021-08-10 12:00:00,9.89,299.29803,998.1587,2.8544471,17.727015,0.0,0.0
2021-08-10 13:00:00,10.23,297.6223,998.9377,2.8108053,19.42869,0.0,0.0
2021-08-10 14:00:00,10.34,296.23608,999.33875,2.8437972,21.017742,0.0,0.0
2021-08-10 15:00:00,10.44,295.00543,999.36194,2.637908,22.773438,0.0,0.0
2021-08-10 16:00:00,10.4,293.62653,999.39575,1.9981033,27.2238,0.0,0.0
2021-08-10 17:00:00,10.16,294.22705,999.4972,1.0531946,23.966257,0.0,0.0
2021-08-10 18:00:00,10.38,293.60532,999.4395,1.0433484,24.387106,0.0,0.0
2021-08-10 19:00:00,10.28,292.64612,999.53735,0.7997783,28.795954,0.0,0.0
2021-08-10 20:00:00,10.34,291.50366,999.5036,0.9936481,31.869867,0.0,0.0
2021-08-10 21:00:00,10.3,290.526,999.8097,1.1575478,34.816475,0.0,0.0
2021-08-10 22:00:00,10.16,290.31317,1000.51245,1.0941694,35.037296,0.0,0.0
2021-08-10 23:00:00,9.9,290.78418,1001.185,0.6963302,33.486897,0.0,0.0
2021-08-11 00:00:00,10.08,293.63007,1001.8917,2.077209,27.233511,0.0,0.0
2021-08-11 01:00:00,10.16,297.04602,1002.3364,4.6583657,19.540638,0.0,0.0
2021-08-11 02:00:00,9.8,299.66644,1002.258,5.9286776,15.5392275,0.0,0.0
2021-08-11 03:00:00,9.43,301.90125,1001.14905,6.474097,13.263975,0.0,0.0
2021-08-11 04:00:00,9.39,303.69897,1000.2851,6.4282374,11.901305,0.0,0.0
2021-08-11 05:00:00,9.4,304.82336,999.2695,6.0413637,11.331998,0.0,0.0
2021-08-11 06:00:00,9.44,305.3514,998.72156,5.5722013,11.472686,0.0,0.0
2021-08-11 07:00:00,10.01,305.7024,998.324,4.8319116,11.134588,0.0,0.0
2021-08-11 08:00:00,10.81,305.43896,998.8239,5.0732026,11.582286,0.0,0.0
2021-08-11 09:00:00,11.65,304.37488,999.20044,4.861546,12.84189,0.0,0.0
2021-08-11 10:00:00,12.57,302.1801,999.8792,5.288528,15.561726,0.0,0.0
2021-08-11 11:00:00,13.6,300.66232,1000.4524,6.191331,18.209343,0.0,0.0
2021-08-11 12:00:00,14.56,299.51102,1001.1357,6.6460695,20.445204,0.0,0.0
2021-08-11 13:00:00,15.07,298.52307,1001.4883,6.770082,22.301481,0.0,0.0
2021-08-11 14:00:00,16.02,297.6156,1001.76666,6.6395793,23.945963,0.0,0.0
2021-08-11 15:00:00,16.33,296.75824,1001.89044,6.4442177,25.463512,0.0,0.0
2021-08-11 16:00:00,15.89,295.9344,1001.8617,6.1135974,26.998127,0.0,0.0
2021-08-11 17:00:00,15.08,295.10693,1001.7897,5.7090025,28.661102,0.0,0.0
2021-08-11 18:00:00,14.39,294.32306,1001.53314,5.43198,30.373001,0.0,0.0
2021-08-11 19:00:00,13.72,292.89734,1001.70905,5.13964,33.927746,0.0,0.0
2021-08-11 20:00:00,13.44,292.1744,1001.50024,4.9206443,35.848083,0.0,0.0
2021-08-11 21:00:00,13.36,291.54083,1001.6372,4.660816,37.60501,0.0,0.0
2021-08-11 22:00:00,13.15,290.99713,1002.3097,4.394983,39.13722,0.0,0.0
2021-08-11 23:00:00,12.9,291.6595,1002.77344,4.240639,37.630226,0.0,0.0
2021-08-12 00:00:00,13.01,293.8001,1003.26733,5.6958895,32.301746,0.0017163177,0.0
2021-08-12 01:00:00,13.14,296.2967,1003.0081,6.0666122,27.576408,0.0,0.0
2021-08-12 02:00:00,13.76,299.07843,1002.26935,5.6472893,23.287674,0.0,0.0
2021-08-12 03:00:00,14.38,301.75275,1001.10077,5.3585896,19.675875,0.0,0.0
2021-08-12 04:00:00,14.97,303.98822,999.5095,5.15803,17.220554,0.0,0.0
2021-08-12 05:00:00,15.31,305.5525,998.315,4.807372,16.293428,0.0,0.0
2021-08-12 06:00:00,15.81,306.4386,997.58234,4.3941274,16.272173,0.0,0.0
2021-08-12 07:00:00,16.13,307.2218,997.3038,3.2826715,15.925034,0.0,0.0
2021-08-12 08:00:00,16.07,307.1162,997.26,3.1490178,16.265736,0.0,0.0
2021-08-12 09:00:00,16.21,306.27094,997.4242,2.9090433,17.43535,0.0,0.0
2021-08-12 10:00:00,16.43,303.9975,997.9055,3.6665623,20.362005,0.0,0.0
2021-08-12 11:00:00,16.8,302.33655,998.34216,4.115893,22.487236,0.0,0.0
2021-08-12 12:00:00,17.12,301.01038,998.76874,4.393573,24.279463,0.0,0.0
2021-08-12 13:00:00,17.41,299.87094,998.887,4.551596,25.96077,0.0,0.0
2021-08-12 14:00:00,18.42,298.88477,998.87085,4.7524714,27.470741,0.0,0.0
2021-08-12 15:00:00,19.45,298.046,998.69055,4.9687304,28.799597,0.0,0.0
2021-08-12 16:00:00,20.14,297.36432,998.39966,5.0508304,30.168074,0.0,0.0
2021-08-12 17:00:00,20.63,296.8768,998.3164,5.0243998,31.808033,0.0,0.0
2021-08-12 18:00:00,21.61,296.58432,997.85455,5.1469727,33.6188,0.0,0.0
2021-08-12 19:00:00,21.55,295.41754,997.8631,4.663734,36.394196,0.0,0.0
2021-08-12 20:00:00,22.31,295.2157,997.73627,4.8694506,38.68928,0.0,0.0
2021-08-12 21:00:00,23.02,295.30002,998.0577,5.1427927,40.39701,0.0,0.0
2021-08-12 22:00:00,23.12,295.41043,998.4637,5.1243773,41.39078,0.0,0.0
2021-08-12 23:00:00,23.01,296.67966,999.22327,4.9507103,39.02484,0.0,0.0
2021-08-13 00:00:00,22.55,299.49646,999.71674,5.5466256,33.29349,0.0017228327,0.0
2021-08-13 01:00:00,22.54,302.00415,999.9082,7.4293847,28.510035,0.0,0.0
2021-08-13 02:00:00,22.49,304.21564,999.30237,8.279058,24.261675,0.0,0.0
2021-08-13 03:00:00,22.28,305.96213,998.41406,8.223426,21.356726,0.0,0.0
2021-08-13 04:00:00,21.76,307.085,997.13763,7.473969,20.064201,0.0,0.0
2021-08-13 05:00:00,21.47,307.74182,995.8733,6.434539,19.512884,0.0,0.0
2021-08-13 06:00:00,21.61,308.04633,995.19867,4.9286795,18.733624,0.0,0.0
2021-08-13 07:00:00,21.07,308.11505,994.58276,4.21861,17.825047,0.0,0.0
2021-08-13 08:00:00,20.9,307.68753,995.10016,3.8824785,17.781729,0.0,0.0
2021-08-13 09:00:00,21.29,306.93787,995.33936,3.447783,18.425966,0.0,0.0
2021-08-13 10:00:00,21.24,305.22934,996.1548,3.6874492,20.529057,0.0,0.0
2021-08-13 11:00:00,20.63,303.73944,996.65454,4.5513535,22.40493,0.0,0.0
2021-08-13 12:00:00,19.94,302.73315,997.2322,5.227291,23.388916,0.0,0.0
2021-08-13 13:00:00,19.64,301.92407,997.7154,5.5741053,23.529976,0.0,0.0
2021-08-13 14:00:00,19.75,300.90704,997.76654,5.5848885,23.657112,0.0,0.0
2021-08-13 15:00:00,20.0,300.3476,997.8153,5.4493165,23.20499,0.0,0.0
2021-08-13 16:00:00,19.74,299.40247,997.5428,5.1950183,23.555548,0.0,0.0
2021-08-13 17:00:00,19.14,298.73944,997.40576,5.1146965,23.839144,0.0,0.0
2021-08-13 18:00:00,19.2,298.1933,997.1964,5.1523156,24.175957,0.0,0.0
2021-08-13 19:00:00,18.95,297.02554,997.45734,3.8836563,27.039703,0.0,0.0
2021-08-13 20:00:00,18.38,296.4558,997.8708,3.5683193,27.821991,0.0,0.0
2021-08-13 21:00:00,18.09,295.95032,998.52185,3.4246747,28.437153,0.0,0.0
2021-08-13 22:00:00,17.67,295.53906,999.2307,3.3681946,28.75368,0.0,0.0
2021-08-13 23:00:00,17.27,296.2909,1000.015,3.0930908,27.14954,0.0,0.0
2021-08-14 00:00:00,17.45,299.16943,1000.512,3.5827713,21.903198,0.0,0.0
2021-08-14 01:00:00,16.96,301.263,1000.79297,4.520893,18.914942,0.0,0.0
2021-08-14 02:00:00,16.88,303.19995,1000.4125,4.828014,16.969456,0.0,0.0
2021-08-14 03:00:00,16.12,304.94986,999.29376,5.33316,15.67217,0.0,0.0
2021-08-14 04:00:00,15.86,306.06763,997.83716,4.8356504,15.229121,0.0,0.0
2021-08-14 05:00:00,15.81,306.64957,996.65643,3.8322582,15.134963,0.0,0.0
2021-08-14 06:00:00,15.52,306.96027,995.9983,3.1072083,15.193774,0.0,0.0
2021-08-14 07:00:00,15.53,306.9994,995.4617,2.5809174,15.362641,0.0,0.0
2021-08-14 08:00:00,15.58,306.7738,995.68805,2.6434114,15.551572,0.0,0.0
2021-08-14 09:00:00,15.52,306.1975,996.2631,2.7456524,16.044651,0.0,0.0
2021-08-14 10:00:00,15.31,304.62238,997.00507,2.7630563,17.760632,0.0,0.0
2021-08-14 11:00:00,15.2,303.13214,997.60706,3.1864138,19.518806,0.0,0.0
2021-08-14 12:00:00,15.42,301.77313,998.0775,3.6266978,21.162788,0.0,0.0
2021-08-14 13:00:00,15.23,300.62787,998.4625,3.9146376,22.525131,0.0,0.0
2021-08-14 14:00:00,15.46,299.61017,998.6683,4.191313,23.52294,0.0,0.0
2021-08-14 15:00:00,15.29,298.7174,998.8972,4.5935836,23.959356,0.0,0.0
2021-08-14 16:00:00,15.19,297.93695,998.76733,4.9086986,23.943638,0.0,0.0
2021-08-14 17:00:00,14.72,297.2059,998.7993,5.05437,24.238482,0.0,0.0
2021-08-14 18:00:00,14.64,296.65198,998.483,5.067637,24.96691,0.0,0.0
2021-08-14 19:00:00,14.32,295.73785,998.9589,5.2894163,25.941063,0.0,0.0
2021-08-14 20:00:00,14.22,295.34796,998.91974,5.195053,26.734158,0.0,0.0
2021-08-14 21:00:00,14.98,294.93414,999.5266,5.013217,27.79245,0.0,0.0
2021-08-14 22:00:00,15.61,294.47934,1000.26874,4.8936324,29.068243,0.0,0.0
2021-08-14 23:00:00,16.03,295.35156,1001.113,4.6668425,28.212257,0.0,0.0
2021-08-15 00:00:00,16.67,298.38574,1001.89154,5.8018465,24.140709,0.002162506,0.0
2021-08-15 01:00:00,17.14,301.2495,1002.1392,7.0517755,21.058691,0.0,0.0
2021-08-15 02:00:00,17.82,303.65894,1002.01013,8.143728,18.725899,0.0,0.0
2021-08-15 03:00:00,17.76,305.11682,1001.16046,7.733062,17.343424,0.0,0.0
2021-08-15 04:00:00,17.45,305.99863,999.8281,6.7586446,17.02266,0.0,0.0
2021-08-15 05:00:00,17.3,306.58868,998.67267,6.2691374,16.413706,0.0,0.0
2021-08-15 06:00:00,16.8,306.89185,997.9956,6.049895,15.836151,0.0,0.0
2021-08-15 07:00:00,15.89,307.12387,997.3872,5.176796,15.088651,0.0,0.0
2021-08-15 08:00:00,15.54,306.76715,997.52936,5.2078567,15.15033,0.0,0.0
2021-08-15 09:00:00,15.47,305.89572,997.90533,4.694121,15.901049,0.0,0.0
2021-08-15 10:00:00,15.14,304.05823,998.86646,3.827743,17.90891,0.0,0.0
2021-08-15 11:00:00,15.07,302.68738,999.6319,3.7192628,19.665798,0.0,0.0
2021-08-15 12:00:00,15.05,301.48392,1000.34674,3.7766647,21.335754,0.0,0.0
2021-08-15 13:00:00,14.57,300.4776,1000.99994,3.7134717,22.817434,0.0,0.0
2021-08-15 14:00:00,14.85,299.48712,1001.04095,3.6246686,24.330906,0.0,0.0
2021-08-15 15:00:00,15.17,298.49023,1001.22406,3.6284835,25.968525,0.0,0.0
2021-08-15 16:00:00,15.19,297.6904,1001.0421,3.9255636,27.386337,0.0,0.0
2021-08-15 17:00:00,14.67,297.03534,1001.0168,4.242014,28.640514,0.0,0.0
2021-08-15 18:00:00,14.3,296.66614,1000.74536,4.5560555,29.289051,0.0,0.0
2021-08-15 19:00:00,13.99,294.68396,1000.9236,3.8418183,34.230713,0.0,0.0
2021-08-15 20:00:00,13.78,293.8236,1000.81244,3.9023771,36.65271,0.0,0.0
2021-08-15 21:00:00,13.78,293.274,1001.2523,4.0047345,37.941315,0.0,0.0
2021-08-15 22:00:00,13.51,292.89893,1001.8181,4.1019483,38.569275,0.0,0.0
2021-08-15 23:00:00,13.23,294.04266,1002.6147,4.010506,35.92813,0.0,0.0
2021-08-16 00:00:00,14.06,297.36276,1003.10767,5.037329,28.945127,0.0,0.0
2021-08-16 01:00:00,14.17,300.5833,1003.66266,6.427456,23.698689,0.0,0.0
2021-08-16 02:00:00,14.26,303.0655,1003.0037,7.8004394,20.221958,0.0,0.0
2021-08-16 03:00:00,14.32,304.6433,1002.18774,9.315985,17.638134,0.0,0.0
2021-08-16 04:00:00,14.44,305.57422,1000.8649,9.236469,15.955893,0.0,0.0
2021-08-16 05:00:00,14.4,306.2469,1000.05725,8.421268,15.039097,0.0,0.0
2021-08-16 06:00:00,14.75,306.5876,999.4492,7.555138,14.576099,0.0,0.0
2021-08-16 07:00:00,14.15,306.42664,999.11743,6.312163,15.684954,0.0,0.0
2021-08-16 08:00:00,13.92,306.0708,999.2414,6.020821,15.629705,0.0,0.0
2021-08-16 09:00:00,13.83,305.2114,999.72144,5.2677875,16.024803,0.0,0.0
2021-08-16 10:00:00,13.33,303.35474,1000.35,4.4776163,17.436474,0.0,0.0
2021-08-16 11:00:00,12.38,301.98853,1001.0197,4.929592,17.88749,0.0,0.0
2021-08-16 12:00:00,11.22,300.88947,1001.6143,5.6124935,17.163116,0.0,0.0
2021-08-16 13:00:00,10.07,299.96295,1002.0616,6.3165884,15.782703,0.0,0.0
2021-08-16 14:00:00,9.98,299.0985,1002.3003,6.6467957,15.196448,0.0,0.0
2021-08-16 15:00:00,10.09,298.2758,1002.51337,6.664516,15.890408,0.0,0.0
2021-08-16 16:00:00,9.85,297.5535,1002.45,6.804921,16.976143,0.0,0.0
2021-08-16 17:00:00,9.29,296.93848,1002.47375,6.985217,17.730507,0.0,0.0
2021-08-16 18:00:00,8.66,296.33264,1002.2933,6.952621,17.653187,0.0,0.0
2021-08-16 19:00:00,8.1,294.8007,1001.84717,5.755594,18.67025,0.0,0.0
2021-08-16 20:00:00,7.74,294.02832,1001.53156,5.50338,17.581009,0.0,0.0
2021-08-16 21:00:00,7.84,293.487,1002.10706,5.453878,15.7019825,0.0,0.0
2021-08-16 22:00:00,7.72,292.9525,1002.5652,5.293759,13.617259,0.0,0.0
2021-08-16 23:00:00,7.67,293.59256,1003.10297,5.0364842,11.066249,0.0,0.0
2021-08-17 00:00:00,8.59,295.681,1003.5721,6.25069,7.9476247,0.0017046927,0.0
2021-08-17 01:00:00,8.45,297.8648,1003.48065,7.061874,6.917413,0.0,0.0
2021-08-17 02:00:00,8.71,299.94733,1002.968,6.9236355,6.5689607,0.0,0.0
2021-08-17 03:00:00,9.27,301.63635,1001.705,7.24005,6.1947713,0.0,0.0
2021-08-17 04:00:00,9.48,302.86676,1000.1967,7.8817105,6.474366,0.0,0.0
2021-08-17 05:00:00,9.25,303.67493,999.2269,8.513726,7.1851535,0.0,0.0
2021-08-17 06:00:00,8.67,303.86774,998.4201,8.819514,7.717549,0.0,0.0
2021-08-17 07:00:00,8.27,303.79803,997.9341,9.2701235,8.368251,0.0,0.0
2021-08-17 08:00:00,8.0,303.0819,997.8964,8.859747,8.525961,0.0,0.0
2021-08-17 09:00:00,7.68,301.9643,998.531,7.1994104,8.829966,0.0,0.0
2021-08-17 10:00:00,7.22,300.35895,999.2394,6.021769,9.46822,0.0,0.0
2021-08-17 11:00:00,6.86,298.92294,1000.0143,5.44885,10.050489,0.0,0.0
2021-08-17 12:00:00,6.32,297.67053,1000.548,5.0817623,10.602074,0.0,0.0
2021-08-17 13:00:00,5.48,296.30298,1000.41046,4.798564,11.264163,0.0,0.0
2021-08-17 14:00:00,5.24,295.0456,1000.3804,4.460787,11.880747,0.0,0.0
2021-08-17 15:00:00,4.97,293.88013,1000.34406,4.2685304,12.405404,0.0,0.0
2021-08-17 16:00:00,4.63,292.7906,1000.0117,4.0873895,12.836957,0.0,0.0
2021-08-17 17:00:00,4.33,291.76398,999.89966,3.977531,13.23696,0.0,0.0
2021-08-17 18:00:00,3.93,290.83105,999.51514,3.9326024,13.60484,0.0,0.0
2021-08-17 19:00:00,3.56,289.1568,999.09985,3.9907017,15.411526,0.0,0.0
2021-08-17 20:00:00,3.35,288.32263,999.0857,3.9496818,15.918277,0.0,0.0
2021-08-17 21:00:00,3.84,287.69363,999.5831,3.8739052,16.507767,0.0,0.0
2021-08-17 22:00:00,3.81,287.16113,999.949,3.8418913,17.197975,0.0,0.0
2021-08-17 23:00:00,3.58,288.3771,1000.59644,3.5472155,16.316626,0.0,0.0
2021-08-18 00:00:00,3.68,291.9638,1000.99725,4.4207587,13.262386,0.0,0.0
2021-08-18 01:00:00,3.98,295.4583,1000.9099,5.3778033,11.7131,0.0,0.0
2021-08-18 02:00:00,4.56,298.48663,1000.0497,6.1708336,11.083301,0.0,0.0
2021-08-18 03:00:00,5.33,300.75067,998.7776,6.554375,10.47619,0.0,0.0
2021-08-18 04:00:00,5.99,302.1266,997.1866,5.8733864,9.640857,0.0,0.0
2021-08-18 05:00:00,6.52,303.09113,995.99475,5.231477,9.386756,0.0,0.0
2021-08-18 06:00:00,7.24,303.70844,995.1692,4.7550225,9.4917965,0.0,0.0
2021-08-18 07:00:00,7.53,304.08237,994.43335,4.4735084,9.612179,0.0,0.0
2021-08-18 08:00:00,7.67,303.88977,994.1825,4.273938,10.187951,0.0,0.0
2021-08-18 09:00:00,8.46,303.10938,994.53577,3.3848643,11.305001,0.0,0.0
2021-08-18 10:00:00,9.05,301.16797,995.1083,3.0366805,13.416919,0.0,0.0
2021-08-18 11:00:00,9.36,299.4557,995.8908,3.3291664,15.507391,0.0,0.0
2021-08-18 12:00:00,9.75,298.01105,996.59393,3.5758393,17.372707,0.0,0.0
2021-08-18 13:00:00,9.9,296.77203,996.6721,3.7423985,19.05476,0.0,0.0
2021-08-18 14:00:00,10.17,295.7143,996.70294,3.9382098,20.5154,0.0,0.0
2021-08-18 15:00:00,10.66,294.8256,996.79596,4.142595,21.745401,0.0017166138,0.0
2021-08-18 16:00:00,10.63,294.0545,996.54987,4.273052,22.891644,0.0,0.0
2021-08-18 17:00:00,10.66,293.39465,996.585,4.332786,23.99852,0.0,0.0
2021-08-18 18:00:00,10.77,292.76617,996.08704,4.243013,25.112326,0.0,0.0
2021-08-18 19:00:00,10.62,290.66742,996.04,3.4537594,29.835596,0.0,0.0
2021-08-18 20:00:00,10.44,289.8083,996.3582,3.307535,31.695053,0.0,0.0
2021-08-18 21:00:00,10.66,289.1446,996.84155,3.2594812,33.20245,0.0,0.0
2021-08-18 22:00:00,10.51,288.6524,997.60876,3.2411234,34.365486,0.0,0.0
2021-08-18 23:00:00,10.19,289.91428,998.4122,2.9540153,31.94953,0.0,0.0
2021-08-19 00:00:00,10.82,293.9767,999.1155,3.6192582,24.690275,0.002157688,0.0
2021-08-19 01:00:00,10.73,298.0686,999.048,4.406776,19.689146,0.0,0.0
2021-08-19 02:00:00,10.96,301.55585,998.45154,5.1500406,16.61842,0.0,0.0
2021-08-19 03:00:00,10.49,303.68073,997.31635,5.0622406,14.24108,0.0,0.0
2021-08-19 04:00:00,10.1,304.65115,995.8248,4.093056,12.625928,0.0,0.0
2021-08-19 05:00:00,9.93,305.3955,994.82416,3.652591,11.709613,0.0,0.0
2021-08-19 06:00:00,9.56,305.87592,993.96643,3.4207118,11.168308,0.0,0.0
2021-08-19 07:00:00,9.63,306.39148,993.31885,3.1094856,11.439447,0.0,0.0
2021-08-19 08:00:00,9.94,306.2329,993.54443,2.9177217,11.789217,0.0,0.0
2021-08-19 09:00:00,10.39,305.58252,993.84845,2.251946,12.654254,0.0,0.0
2021-08-19 10:00:00,10.42,304.1083,994.44727,2.1778333,14.298809,0.0,0.0
2021-08-19 11:00:00,10.48,302.28708,995.1217,2.7384844,16.529995,0.0,0.0
2021-08-19 12:00:00,11.03,300.40985,995.91956,3.2108297,18.992516,0.0,0.0
2021-08-19 13:00:00,11.65,298.87646,996.2653,3.3071337,21.3401,0.0,0.0
2021-08-19 14:00:00,12.15,297.6506,996.41626,3.3593276,23.538788,0.0,0.0
2021-08-19 15:00:00,12.52,296.59543,996.47217,3.36534,25.644037,0.0,0.0
2021-08-19 16:00:00,12.5,295.7177,996.23517,3.4539633,27.442186,0.0,0.0
2021-08-19 17:00:00,12.8,294.98267,996.02966,3.4736583,28.814804,0.0,0.0
2021-08-19 18:00:00,13.21,294.32376,995.8807,3.4529037,30.076561,0.0,0.0
2021-08-19 19:00:00,13.24,292.30286,996.06134,2.8691857,34.12342,0.0,0.0
2021-08-19 20:00:00,13.48,291.36798,996.295,2.5816128,36.61756,0.0,0.0
2021-08-19 21:00:00,13.65,290.56702,996.77905,2.3934417,38.89662,0.0,0.0
2021-08-19 22:00:00,13.67,289.89752,997.64087,2.45212,40.53825,0.0,0.0
2021-08-19 23:00:00,13.84,290.9032,998.48364,2.0478716,38.63205,0.0,0.0
2021-08-20 00:00:00,14.37,295.1625,999.03046,2.130923,28.41594,0.0,0.0
2021-08-20 01:00:00,14.33,299.08994,999.1529,2.2522454,22.432959,0.0,0.0
2021-08-20 02:00:00,14.15,302.26288,998.6647,2.3351796,18.763514,0.0,0.0
2021-08-20 03:00:00,14.04,304.5548,997.6546,2.6965425,16.559692,0.0,0.0
2021-08-20 04:00:00,13.61,305.8822,996.2594,2.823717,15.094053,0.0,0.0
2021-08-20 05:00:00,13.2,306.50903,995.3036,2.36113,13.929966,0.0,0.0
2021-08-20 06:00:00,12.77,306.81644,994.4732,1.9044248,13.409412,0.0,0.0
2021-08-20 07:00:00,12.48,307.00208,994.2492,1.3037033,13.562133,0.0,0.0
2021-08-20 08:00:00,12.33,306.77356,994.14984,1.0547009,13.641646,0.0,0.0
2021-08-20 09:00:00,12.38,306.3369,994.46515,0.52085525,13.9886055,0.0,0.0
2021-08-20 10:00:00,12.26,305.35565,995.0111,1.4222361,15.059574,0.0,0.0
2021-08-20 11:00:00,12.52,303.71875,995.6736,2.712541,16.87478,0.0,0.0
2021-08-20 12:00:00,12.76,301.75858,996.27057,3.147952,19.04874,0.0,0.0
2021-08-20 13:00:00,13.09,300.26178,996.443,3.2216446,20.712646,0.0,0.0
2021-08-20 14:00:00,13.68,298.96832,996.73047,3.2569273,22.341988,0.0,0.0
2021-08-20 15:00:00,14.13,297.72217,996.7358,3.1991289,24.277458,0.0,0.0
2021-08-20 16:00:00,14.34,296.5667,996.47546,2.9467413,26.494873,0.0,0.0
2021-08-20 17:00:00,14.44,295.47668,996.0527,2.733032,28.945696,0.0,0.0
2021-08-20 18:00:00,14.75,294.54385,995.86096,2.8242495,31.118202,0.0,0.0
2021-08-20 19:00:00,14.26,293.30786,995.73834,2.5509145,34.684536,0.0,0.0
2021-08-20 20:00:00,14.38,292.36472,996.0231,2.3461964,37.663696,0.0,0.0
2021-08-20 21:00:00,14.45,291.66553,996.3219,2.3405967,39.743607,0.0,0.0
2021-08-20 22:00:00,14.25,291.11453,996.97076,2.5075288,41.088703,0.0,0.0
2021-08-20 23:00:00,13.96,292.33423,997.592,2.1410878,38.47839,0.0,0.0
2021-08-21 00:00:00,13.65,296.84085,997.9861,2.1795385,28.449434,0.0017225742,0.0
2021-08-21 01:00:00,14.04,301.22394,998.07446,2.37875,22.324844,0.0,0.0
2021-08-21 02:00:00,14.27,304.42606,997.58966,2.530688,19.623983,0.0,0.0
2021-08-21 03:00:00,14.58,306.1354,996.56354,2.7313695,18.722898,0.0,0.0
2021-08-21 04:00:00,14.65,307.0915,995.41077,2.9195986,17.499506,0.0,0.0
2021-08-21 05:00:00,14.85,307.57236,994.3468,2.598132,16.691269,0.0,0.0
2021-08-21 06:00:00,14.99,307.84064,993.71906,2.202816,16.14303,0.0,0.0
2021-08-21 07:00:00,15.17,308.16647,993.2503,2.2013335,15.953882,0.0,0.0
2021-08-21 08:00:00,15.6,307.8908,993.2661,1.7448257,16.061714,0.0,0.0
2021-08-21 09:00:00,16.12,307.3681,993.5016,0.9625655,16.471453,0.0,0.0
2021-08-21 10:00:00,16.13,306.3649,994.0634,0.5716831,17.66377,0.0,0.0
2021-08-21 11:00:00,16.11,305.05896,994.72705,1.6979138,19.655209,0.0,0.0
2021-08-21 12:00:00,16.31,303.38266,995.31195,2.5525067,21.706917,0.0,0.0
2021-08-21 13:00:00,16.57,301.7599,995.38654,2.7856917,23.835224,0.0,0.0
2021-08-21 14:00:00,17.31,300.27994,995.5971,3.1703904,25.612392,0.0,0.0
2021-08-21 15:00:00,17.91,299.33298,995.5823,3.4171612,26.5439,0.0,0.0
2021-08-21 16:00:00,17.64,298.3855,995.24915,3.1170444,27.469471,0.0,0.0
2021-08-21 17:00:00,16.97,297.45374,995.08,2.484424,29.142847,0.0,0.0
2021-08-21 18:00:00,16.7,296.44366,994.747,2.5267606,30.975952,0.0,0.0
2021-08-21 19:00:00,16.15,294.79855,994.98065,3.056741,37.187786,0.0,0.0
2021-08-21 20:00:00,16.09,293.88007,995.0559,3.1913664,39.695972,0.0,0.0
2021-08-21 21:00:00,16.43,293.18527,995.53876,3.3983974,42.33259,0.0,0.0
2021-08-21 22:00:00,16.56,292.6911,996.2826,3.226559,45.281963,0.0,0.0
2021-08-21 23:00:00,16.79,293.95953,996.9969,2.6907203,44.025475,0.0,0.0
2021-08-22 00:00:00,16.55,297.56244,997.46655,3.1102087,36.506824,0.0,0.0
2021-08-22 01:00:00,16.93,300.88855,997.6089,3.3204746,29.288792,0.0,0.0
2021-08-22 02:00:00,17.14,303.37256,997.087,3.0283952,23.103737,0.0,0.0
2021-08-22 03:00:00,17.26,305.2076,996.4277,2.475592,19.901241,0.0,0.0
2021-08-22 04:00:00,17.13,306.5368,995.01227,2.138205,17.898127,0.0,0.0
2021-08-22 05:00:00,17.01,307.38477,994.02264,1.7832909,16.547318,0.0,0.0
2021-08-22 06:00:00,17.43,307.7089,993.20654,1.6017249,15.756221,0.0,0.0
2021-08-22 07:00:00,17.39,307.91486,992.7949,1.0702688,15.524973,0.0,0.0
2021-08-22 08:00:00,17.78,307.732,992.9942,1.4551939,15.460465,0.0,0.0
2021-08-22 09:00:00,17.82,307.26007,993.3867,1.9247866,15.799623,0.0,0.0
2021-08-22 10:00:00,17.84,305.864,993.992,2.3778691,17.517782,0.0,0.0
2021-08-22 11:00:00,17.91,304.5163,994.557,2.6482885,19.247917,0.0,0.0
2021-08-22 12:00:00,18.02,303.30835,995.0875,2.8244784,20.873161,0.0,0.0
2021-08-22 13:00:00,18.13,302.14462,995.33124,2.9613457,22.457897,0.0,0.0
2021-08-22 14:00:00,18.24,301.05533,995.3694,2.958411,24.049797,0.0,0.0
2021-08-22 15:00:00,18.18,299.91125,995.13165,2.8156223,25.942114,0.0,0.0
2021-08-22 16:00:00,18.05,298.59497,994.85986,2.3567343,28.923422,0.0,0.0
2021-08-22 17:00:00,17.72,297.87094,994.61444,1.3761718,31.265965,0.0,0.0
2021-08-22 18:00:00,17.26,297.5044,994.572,0.6868808,30.52443,0.0,0.0
2021-08-22 19:00:00,16.8,294.78876,994.52655,1.3724868,36.448387,0.0,0.0
2021-08-22 20:00:00,16.68,294.0276,994.78766,1.2861286,38.298668,0.0,0.0
2021-08-22 21:00:00,16.89,292.9162,995.02954,1.6125,41.629242,0.0,0.0
2021-08-22 22:00:00,16.67,292.37857,995.33813,2.2999194,40.804684,0.0,0.0
2021-08-22 23:00:00,16.9,293.48364,995.9857,1.5989203,40.33431,0.0,0.0
2021-08-23 00:00:00,17.94,298.10284,996.90076,1.216827,27.095354,0.0,0.0
2021-08-23 01:00:00,18.03,300.91635,997.3022,1.2309523,22.768358,0.0,0.0
2021-08-23 02:00:00,17.92,303.43802,997.0865,1.4094577,19.730042,0.0,0.0
2021-08-23 03:00:00,17.75,305.6786,996.07623,1.3427538,17.053793,0.0,0.0
2021-08-23 04:00:00,17.78,307.40118,994.8354,1.3616358,14.627622,0.0,0.0
2021-08-23 05:00:00,17.84,308.417,993.8645,1.5962664,12.939854,0.0,0.0
2021-08-23 06:00:00,17.78,308.8891,993.1305,1.5517379,12.011986,0.0,0.0
2021-08-23 07:00:00,17.82,309.47864,992.8793,1.1540011,11.383818,0.0,0.0
2021-08-23 08:00:00,18.19,309.23965,992.79083,0.79761446,11.363303,0.0,0.0
2021-08-23 09:00:00,18.69,308.83795,993.1834,0.90508974,11.604988,0.0,0.0
2021-08-23 10:00:00,18.91,307.5379,993.6373,2.4791784,13.032868,0.0,0.0
2021-08-23 11:00:00,19.35,305.4272,994.1141,3.1863997,15.294799,0.0,0.0
2021-08-23 12:00:00,19.8,303.82584,994.84467,3.4987411,17.26794,0.0,0.0
2021-08-23 13:00:00,19.78,302.42783,994.8923,3.547065,19.26754,0.0,0.0
2021-08-23 14:00:00,19.24,301.1509,995.0692,3.3426208,21.012432,0.0,0.0
2021-08-23 15:00:00,18.4,299.86102,994.91986,3.0357208,22.317867,0.0,0.0
2021-08-23 16:00:00,17.63,298.6251,994.8102,3.4529989,22.988718,0.0,0.0
2021-08-23 17:00:00,17.14,297.8573,994.6687,4.5828366,22.272495,0.0,0.0
2021-08-23 18:00:00,16.42,297.43597,994.64514,5.742119,21.235891,0.0,0.0
2021-08-23 19:00:00,15.52,297.3412,994.8306,6.1312647,22.04678,0.0,0.0
2021-08-23 20:00:00,15.2,296.70102,994.99884,5.897164,22.929052,0.0,0.0
2021-08-23 21:00:00,14.82,296.0949,995.39813,5.771248,24.048748,0.0,0.0
2021-08-23 22:00:00,14.4,295.59976,996.09,5.917435,25.233593,0.0,0.0
2021-08-23 23:00:00,14.37,296.5933,996.96075,5.516913,24.038872,0.0,0.0
2021-08-24 00:00:00,14.61,298.84973,997.86,7.4700956,20.58309,0.0,0.0
2021-08-24 01:00:00,14.77,301.01038,997.9916,8.800042,17.686384,0.0,0.0
2021-08-24 02:00:00,15.38,303.0973,997.6467,8.592766,15.265176,0.0,0.0
2021-08-24 03:00:00,15.09,305.06964,996.6639,8.103109,13.18384,0.0,0.0
2021-08-24 04:00:00,14.27,306.70163,995.45374,7.5787587,11.557978,0.0,0.0
2021-08-24 05:00:00,14.0,307.79794,994.30096,6.831882,10.492243,0.0,0.0
2021-08-24 06:00:00,13.36,308.36798,993.47345,5.8307166,10.032893,0.0,0.0
2021-08-24 07:00:00,13.1,308.7204,992.80524,4.7624044,9.600063,0.0,0.0
2021-08-24 08:00:00,13.11,308.38147,992.85187,3.9185476,9.795456,0.0,0.0
2021-08-24 09:00:00,13.48,307.5339,993.15063,3.0131526,10.373945,0.0,0.0
2021-08-24 10:00:00,14.15,305.52853,993.7407,3.230867,11.89543,0.0,0.0
2021-08-24 11:00:00,15.01,303.66278,994.41327,3.910125,13.572663,0.0,0.0
2021-08-24 12:00:00,15.67,302.3029,995.0926,4.8428445,15.055733,0.0,0.0
2021-08-24 13:00:00,15.85,301.21515,995.39166,5.6056867,16.50346,0.0,0.0
2021-08-24 14:00:00,15.84,300.3835,995.6692,6.064177,18.060938,0.0,0.0
2021-08-24 15:00:00,16.07,299.6223,995.87,6.3229914,19.719597,0.0,0.0
2021-08-24 16:00:00,16.63,299.03412,995.9797,6.471508,20.588188,0.0,0.0
2021-08-24 17:00:00,17.48,298.44342,995.9872,6.452142,20.351624,0.0,0.0
2021-08-24 18:00:00,17.32,297.98315,995.74097,6.1664257,19.301548,0.0,0.0
2021-08-24 19:00:00,16.62,296.79303,995.738,4.67787,21.81606,0.0,0.0
2021-08-24 20:00:00,16.32,295.998,996.0878,4.1841383,21.45517,0.0,0.0
2021-08-24 21:00:00,16.52,295.17462,996.4164,4.0907774,21.116777,0.0,0.0
2021-08-24 22:00:00,16.71,295.2224,997.1033,4.5119905,19.537384,0.0,0.0
2021-08-24 23:00:00,16.92,296.00867,997.97534,4.543134,17.523918,0.0,0.0
2021-08-25 00:00:00,16.42,297.8031,998.53564,6.2369213,14.930809,0.0017105872,0.0
2021-08-25 01:00:00,16.3,299.991,998.6328,6.8866487,13.532569,0.0,0.0
2021-08-25 02:00:00,15.73,302.4171,997.8647,6.838646,13.12586,0.0,0.0
2021-08-25 03:00:00,15.79,304.63226,996.78595,6.3880367,13.480529,0.0,0.0
2021-08-25 04:00:00,15.78,306.25293,995.3772,5.437027,14.007002,0.0,0.0
2021-08-25 05:00:00,15.76,307.2973,994.2389,4.1591725,14.2899275,0.0,0.0
2021-08-25 06:00:00,15.54,307.73706,993.4881,2.7741375,14.398603,0.0,0.0
2021-08-25 07:00:00,15.11,307.57602,992.86127,0.47643477,14.0804825,0.0,0.0
2021-08-25 08:00:00,14.93,307.4342,992.66064,0.7505455,14.095202,0.0,0.0
2021-08-25 09:00:00,15.0,307.09668,993.2325,2.0188017,14.314055,0.0,0.0
2021-08-25 10:00:00,15.25,305.3806,993.5128,3.402692,15.923683,0.0,0.0
2021-08-25 11:00:00,15.8,303.76483,994.28705,4.6854873,17.06205,0.0,0.0
2021-08-25 12:00:00,15.92,302.44745,995.10864,5.787222,17.1933,0.0,0.0
2021-08-25 13:00:00,15.74,301.32678,995.6484,5.964861,16.722187,0.0,0.0
2021-08-25 14:00:00,15.6,300.2979,996.1217,5.5264525,16.857058,0.0,0.0
2021-08-25 15:00:00,15.19,299.3778,996.1746,5.237913,17.363626,0.0,0.0
2021-08-25 16:00:00,14.55,298.2801,996.1767,5.1646185,18.168522,0.0,0.0
2021-08-25 17:00:00,13.9,297.52148,995.9252,5.207645,18.58512,0.0,0.0
2021-08-25 18:00:00,12.76,296.73297,995.8709,5.3649116,19.018082,0.0,0.0
2021-08-25 19:00:00,12.33,294.82715,995.815,4.3112597,21.59523,0.0,0.0
2021-08-25 20:00:00,12.34,294.01825,995.97925,4.2733803,22.776398,0.0,0.0
2021-08-25 21:00:00,12.24,293.4201,996.55237,4.1979446,23.67396,0.0,0.0
2021-08-25 22:00:00,12.87,292.94025,997.3502,4.1382403,24.221647,0.0,0.0
2021-08-25 23:00:00,13.75,294.3573,998.0645,4.03704,21.786165,0.0,0.0
2021-08-26 00:00:00,14.25,297.45346,998.58655,5.0284443,16.841345,0.0025961506,0.0
2021-08-26 01:00:00,14.57,300.2251,998.5797,5.472524,13.617428,0.0,0.0
2021-08-26 02:00:00,14.68,302.6756,998.35376,5.3647113,12.408394,0.0,0.0
2021-08-26 03:00:00,15.29,304.28058,997.1752,4.587391,13.943013,0.0,0.0
2021-08-26 04:00:00,15.75,305.42706,995.72015,3.6394372,14.485201,0.0,0.0
2021-08-26 05:00:00,15.85,306.21878,994.4741,2.8063357,14.397508,0.0,0.0
2021-08-26 06:00:00,15.97,306.59155,993.62506,2.0060198,14.179405,0.0,0.0
2021-08-26 07:00:00,16.08,306.56396,993.1575,1.174426,15.377763,0.0,0.0
2021-08-26 08:00:00,16.11,306.2685,992.8575,0.6882889,15.75408,0.0,0.0
2021-08-26 09:00:00,16.07,305.88873,993.24396,0.41638702,16.21746,0.0,0.0
2021-08-26 10:00:00,16.17,304.89978,993.34595,1.8739971,17.110567,0.0,0.0
2021-08-26 11:00:00,16.86,303.6245,994.0307,2.7384357,18.139898,0.0,0.0
2021-08-26 12:00:00,17.01,302.42603,994.6694,3.0776908,19.147682,0.0,0.0
2021-08-26 13:00:00,17.07,301.35394,994.7498,2.9832618,20.126743,0.0,0.0
2021-08-26 14:00:00,17.16,300.10876,995.0608,2.6649666,21.561892,0.0,0.0
2021-08-26 15:00:00,17.38,299.13507,995.1867,2.4145222,22.804354,0.0,0.0
2021-08-26 16:00:00,17.33,298.353,994.8499,2.24179,23.77849,0.0,0.0
2021-08-26 17:00:00,17.05,297.27344,994.9327,1.8143504,26.061762,0.0,0.0
2021-08-26 18:00:00,15.71,296.79642,994.5997,1.0584695,25.588486,0.0,0.0
2021-08-26 19:00:00,14.72,296.8833,995.0536,1.4408863,28.674715,0.0,0.0
2021-08-26 20:00:00,14.19,296.85266,995.1746,0.55931336,28.77201,0.0,0.0
2021-08-26 21:00:00,13.59,295.83093,995.5807,1.1154563,33.655838,0.0,0.0
2021-08-26 22:00:00,13.35,295.39368,996.34827,0.82944643,35.685654,0.0,0.0
2021-08-26 23:00:00,14.04,295.8613,996.96533,1.1110134,35.018192,0.0,0.0
2021-08-27 00:00:00,15.74,298.1062,997.69916,1.4714214,26.534874,0.0012981261,0.0
2021-08-27 01:00:00,16.05,300.0227,997.7367,1.2990433,25.7193,0.0,0.0
2021-08-27 02:00:00,16.99,301.9945,997.6358,1.050856,23.560242,0.0,0.0
2021-08-27 03:00:00,18.18,303.8649,996.7361,0.8622527,20.860466,0.0,0.0
2021-08-27 04:00:00,18.91,305.04288,995.6819,0.5966445,18.823605,0.0,0.0
2021-08-27 05:00:00,18.67,305.92715,994.7121,0.43281567,17.247787,0.0,0.0
2021-08-27 06:00:00,18.5,306.27637,994.0264,0.22082882,16.451523,0.0,0.0
2021-08-27 07:00:00,18.17,306.8739,993.09125,0.52121776,15.013584,0.0,0.0
2021-08-27 08:00:00,17.99,306.65942,993.21326,0.4873932,14.886406,0.0,0.0
2021-08-27 09:00:00,17.8,306.24054,993.47345,0.74387085,15.112555,0.0,0.0
2021-08-27 10:00:00,17.84,305.43973,994.1305,1.7680268,15.90514,0.0,0.0
2021-08-27 11:00:00,18.1,304.27634,994.7419,2.6485739,17.029608,0.0,0.0
2021-08-27 12:00:00,18.0,303.14948,995.46484,3.2663338,18.088152,0.0,0.0
2021-08-27 13:00:00,18.42,302.1748,995.33795,3.5830262,19.03514,0.0,0.0
2021-08-27 14:00:00,18.54,301.40604,995.5471,3.6861203,19.80685,0.0,0.0
2021-08-27 15:00:00,18.44,300.7309,995.79486,3.4962966,20.52431,0.0,0.0
2021-08-27 16:00:00,18.11,299.97272,995.4119,3.0457962,21.496801,0.0,0.0
2021-08-27 17:00:00,17.53,298.97333,995.1775,2.554884,23.148586,0.0,0.0
2021-08-27 18:00:00,16.82,298.05182,994.85944,2.5165598,24.88525,0.0,0.0
2021-08-27 19:00:00,16.08,296.43744,994.84827,1.8192272,30.226261,0.0,0.0
2021-08-27 20:00:00,15.77,295.81824,994.7518,1.7070258,32.135002,0.0,0.0
2021-08-27 21:00:00,15.56,295.5987,994.93945,0.7426425,32.53597,0.0,0.0
2021-08-27 22:00:00,15.08,294.666,995.5489,0.5422512,34.205044,0.0,0.0
2021-08-27 23:00:00,15.13,295.2765,996.11487,0.6718084,34.953915,0.0,0.0
2021-08-28 00:00:00,14.73,298.25958,996.52405,0.82858896,25.95645,0.0017169986,0.0
2021-08-28 01:00:00,14.97,301.24878,996.47925,1.2871097,21.346657,0.0,0.0
2021-08-28 02:00:00,15.14,303.9886,996.0222,1.5032305,17.747375,0.0,0.0
2021-08-28 03:00:00,15.54,305.85736,995.1058,1.4576482,15.295826,0.0,0.0
2021-08-28 04:00:00,15.66,306.95532,994.03094,1.6912787,14.167038,0.0,0.0
2021-08-28 05:00:00,15.8,307.52954,993.08044,1.4849452,13.548897,0.0,0.0
2021-08-28 06:00:00,15.63,307.77432,992.5414,1.0405023,13.061413,0.0,0.0
2021-08-28 07:00:00,15.33,308.32672,992.13226,1.8807328,13.347112,0.0,0.0
2021-08-28 08:00:00,15.12,308.01428,991.91797,1.8028634,13.620573,0.0,0.0
2021-08-28 09:00:00,15.24,307.48798,992.4578,1.8947039,14.133366,0.0,0.0
2021-08-28 10:00:00,15.13,306.26566,992.9394,2.4208667,15.433909,0.0,0.0
2021-08-28 11:00:00,15.17,304.8297,993.59344,3.0398843,16.880325,0.0,0.0
2021-08-28 12:00:00,15.51,303.48596,994.2581,3.3855202,18.084753,0.0,0.0
2021-08-28 13:00:00,15.86,302.2591,994.5075,3.3493128,19.080778,0.0,0.0
2021-08-28 14:00:00,16.21,301.03198,994.65857,3.0776427,20.102987,0.0,0.0
2021-08-28 15:00:00,16.44,299.7473,994.92224,2.648486,21.355698,0.0,0.0
2021-08-28 16:00:00,16.15,298.36188,994.6975,2.1597428,23.240137,0.0,0.0
2021-08-28 17:00:00,16.12,297.102,994.40625,1.8155403,26.115604,0.0,0.0
2021-08-28 18:00:00,15.26,296.3475,994.1342,1.7275392,26.28451,0.0,0.0
2021-08-28 19:00:00,14.79,296.0366,994.5923,4.4474926,22.02866,0.0,0.0
2021-08-28 20:00:00,14.72,295.47882,994.7358,5.1921496,22.669828,0.0,0.0
2021-08-28 21:00:00,14.54,295.02808,995.2439,5.5009427,23.350399,0.0,0.0
2021-08-28 22:00:00,14.13,294.5928,995.8575,5.4580894,24.06887,0.0,0.0
2021-08-28 23:00:00,14.03,295.83337,996.6431,4.827216,22.355042,0.0,0.0
2021-08-29 00:00:00,13.63,298.30377,997.16046,6.273881,18.885008,0.0,0.0
2021-08-29 01:00:00,13.66,300.89917,997.09216,6.3298388,16.25392,0.0,0.0
2021-08-29 02:00:00,13.45,303.48676,996.46924,5.7392755,14.1983,0.0,0.0
2021-08-29 03:00:00,13.34,305.6219,995.2294,4.8026047,12.990771,0.0,0.0
2021-08-29 04:00:00,13.52,306.96906,993.9778,3.3056555,12.503129,0.0,0.0
2021-08-29 05:00:00,13.75,307.67798,992.96405,1.8432938,12.360469,0.0,0.0
2021-08-29 06:00:00,13.97,307.9509,992.52014,0.65400726,12.341917,0.0,0.0
2021-08-29 07:00:00,14.04,308.42584,991.97577,1.252271,12.008834,0.0,0.0
2021-08-29 08:00:00,13.81,308.24286,991.88556,1.7827487,12.016746,0.0,0.0
2021-08-29 09:00:00,13.74,307.71082,992.4196,2.3599296,12.30561,0.0,0.0
2021-08-29 10:00:00,14.11,306.122,993.1543,2.9408746,13.656325,0.0,0.0
2021-08-29 11:00:00,14.41,304.58893,993.9442,3.5042634,15.001896,0.0,0.0
2021-08-29 12:00:00,14.28,303.23956,994.7058,3.861839,16.267317,0.0,0.0
2021-08-29 13:00:00,13.69,301.9895,995.1013,4.050739,17.508715,0.0,0.0
2021-08-29 14:00:00,13.67,300.85257,995.23596,4.3265896,18.48392,0.0,0.0
2021-08-29 15:00:00,13.35,299.8509,995.3311,4.480433,19.118628,0.0,0.0
2021-08-29 16:00:00,13.0,298.93408,995.252,4.52776,19.654474,0.0,0.0
2021-08-29 17:00:00,12.99,298.1671,995.16455,4.666263,20.093765,0.0,0.0
2021-08-29 18:00:00,12.7,297.45575,994.98724,4.6476927,20.636835,0.0,0.0
2021-08-29 19:00:00,12.43,296.0075,995.49585,3.9119265,23.144678,0.0,0.0
2021-08-29 20:00:00,12.84,295.16553,995.71045,3.955033,24.62916,0.0,0.0
2021-08-29 21:00:00,12.75,294.57764,996.1297,4.1138964,25.612959,0.0,0.0
2021-08-29 22:00:00,12.32,294.1896,996.6746,4.299734,26.199097,0.0,0.0
2021-08-29 23:00:00,12.2,295.78082,997.2551,4.0999722,23.838629,0.0,0.0
2021-08-30 00:00:00,11.6,299.11438,997.6044,5.3667073,18.607231,0.0030126593,0.0
2021-08-30 01:00:00,11.98,302.2973,997.3105,6.278006,14.960098,0.0,0.0
2021-08-30 02:00:00,12.24,305.00177,996.5998,7.106832,12.720984,0.0,0.0
2021-08-30 03:00:00,12.13,306.8223,995.451,7.1339025,11.569953,0.0,0.0
2021-08-30 04:00:00,11.82,307.91833,994.21423,6.212022,10.988396,0.0,0.0
2021-08-30 05:00:00,11.97,308.52625,993.04846,5.185451,10.681716,0.0,0.0
2021-08-30 06:00:00,11.45,308.8582,992.77234,4.329431,10.383945,0.0,0.0
2021-08-30 07:00:00,10.82,308.78143,992.55194,3.401348,10.10131,0.0,0.0
2021-08-30 08:00:00,11.06,308.47998,992.58234,2.9236937,10.008688,0.0,0.0
2021-08-30 09:00:00,11.1,307.80795,993.02094,2.424427,10.320826,0.0,0.0
2021-08-30 10:00:00,11.17,306.06952,993.6116,2.8201342,11.678811,0.0,0.0
2021-08-30 11:00:00,11.54,304.1421,993.9945,3.1964502,13.284712,0.0,0.0
2021-08-30 12:00:00,11.91,302.51294,994.7561,3.547475,14.71089,0.0,0.0
2021-08-30 13:00:00,12.42,301.16083,994.8948,3.7561517,15.949476,0.0,0.0
2021-08-30 14:00:00,13.36,300.01172,995.04016,3.7610781,17.051865,0.0,0.0
2021-08-30 15:00:00,13.98,298.91763,994.96625,3.6520426,18.140028,0.0,0.0
2021-08-30 16:00:00,14.27,297.90884,994.9542,3.5425074,19.167469,0.0,0.0
2021-08-30 17:00:00,14.22,296.93005,994.59186,3.3719804,20.20539,0.0,0.0
2021-08-30 18:00:00,13.66,296.02246,994.47925,3.1984577,21.225151,0.0,0.0
2021-08-30 19:00:00,12.77,294.46582,994.67096,2.9322538,23.910181,0.0,0.0
2021-08-30 20:00:00,12.29,293.40717,994.93524,2.809114,25.535097,0.0,0.0
2021-08-30 21:00:00,11.89,292.5856,995.52966,2.7770212,26.775085,0.0,0.0
2021-08-30 22:00:00,11.53,291.92307,996.3839,2.851204,27.538256,0.0,0.0
2021-08-30 23:00:00,11.88,293.7298,997.09875,2.5884254,24.0917,0.0,0.0
2021-08-31 00:00:00,12.83,298.49945,997.4272,2.882011,17.21001,0.0,0.0
2021-08-31 01:00:00,13.63,302.91644,997.1639,3.1529896,13.287059,0.0,0.0
2021-08-31 02:00:00,14.76,306.1803,996.46045,3.4855847,11.550104,0.0,0.0
2021-08-31 03:00:00,15.2,308.2652,995.5732,4.4790287,9.598023,0.0,0.0
2021-08-31 04:00:00,15.29,309.33786,994.2459,4.644714,9.297359,0.0,0.0
2021-08-31 05:00:00,15.03,309.93497,993.1568,4.194825,9.249839,0.0,0.0
2021-08-31 06:00:00,14.83,310.22107,992.5123,3.5831244,9.160101,0.0,0.0
2021-08-31 07:00:00,14.89,310.338,992.42865,3.5280614,9.158352,0.0,0.0
2021-08-31 08:00:00,15.28,310.08093,992.3276,3.2729967,9.088258,0.0,0.0
2021-08-31 09:00:00,15.47,309.39453,992.8097,2.677583,9.264013,0.0,0.0
2021-08-31 10:00:00,15.76,307.7215,993.2757,2.6525843,10.190894,0.0,0.0
2021-08-31 11:00:00,16.34,305.769,994.03937,3.2505772,11.231401,0.0,0.0
2021-08-31 12:00:00,16.49,303.8986,994.47345,3.8063567,12.005736,0.0,0.0
2021-08-31 13:00:00,15.44,302.47284,994.66705,4.2297397,12.419718,0.0,0.0
2021-08-31 14:00:00,14.33,301.4181,994.85156,4.391506,12.763567,0.0,0.0
2021-08-31 15:00:00,13.63,300.28976,994.7395,3.840286,13.482589,0.0,0.0
2021-08-31 16:00:00,13.61,298.75363,994.67737,2.979325,15.060634,0.0,0.0
2021-08-31 17:00:00,14.01,297.31024,994.805,2.949395,17.528147,0.0,0.0
2021-08-31 18:00:00,13.89,296.2268,994.5513,3.0496633,20.461796,0.0,0.0
2021-08-31 19:00:00,14.1,294.74573,995.0634,3.1269217,26.478216,0.0,0.0
2021-08-31 20:00:00,14.35,293.9819,995.30023,3.4082203,29.780235,0.0,0.0
2021-08-31 21:00:00,14.74,293.62103,995.4398,3.3156433,32.414967,0.0,0.0
2021-08-31 22:00:00,15.03,293.1972,996.4713,2.8109856,35.824867,0.0,0.0
2021-08-31 23:00:00,15.37,294.77896,996.91095,2.1097524,34.86457,0.0,0.0
2021-09-01 00:00:00,14.32,299.16144,997.67194,2.1690223,27.454248,0.0,0.0
2021-09-01 01:00:00,14.74,302.551,997.4197,1.962341,22.905771,0.0,0.0
2021-09-01 02:00:00,15.46,305.44836,996.9286,1.8111533,18.01117,0.0,0.0
2021-09-01 03:00:00,15.67,307.48224,995.9153,1.8709949,14.552175,0.0,0.0
2021-09-01 04:00:00,15.7,308.74484,994.74603,2.3554857,11.77478,0.0,0.0
2021-09-01 05:00:00,15.52,309.588,994.0055,3.0679796,10.249405,0.0,0.0
2021-09-01 06:00:00,15.63,309.89587,993.13446,2.9893832,9.572212,0.0,0.0
2021-09-01 07:00:00,15.31,310.09906,992.35864,2.6666646,8.988113,0.0,0.0
2021-09-01 08:00:00,14.91,309.75824,992.4174,1.6905738,8.86932,0.0,0.0
2021-09-01 09:00:00,14.62,309.2099,992.76984,0.49132338,8.993735,0.0,0.0
2021-09-01 10:00:00,14.73,308.09058,993.46124,1.1927577,9.893888,0.0,0.0
2021-09-01 11:00:00,15.1,306.313,993.919,2.2878323,11.581031,0.0,0.0
2021-09-01 12:00:00,14.77,304.45416,994.59436,2.9478426,13.460718,0.0,0.0
2021-09-01 13:00:00,14.85,302.62848,994.40533,3.1418767,15.554637,0.0,0.0
2021-09-01 14:00:00,15.23,301.07373,994.6461,2.8944468,17.537464,0.0,0.0
2021-09-01 15:00:00,15.39,299.22034,994.6503,1.9419369,21.182362,0.0,0.0
2021-09-01 16:00:00,15.78,299.02625,994.7138,0.6586924,20.729681,0.0,0.0
2021-09-01 17:00:00,16.46,297.00812,995.1753,2.9033256,23.422401,0.0,0.0
2021-09-01 18:00:00,16.64,296.3444,995.0575,3.3389688,25.895277,0.0,0.0
2021-09-01 19:00:00,17.0,295.13986,995.07623,3.0894716,30.102085,0.0,0.0
2021-09-01 20:00:00,17.05,294.2002,995.35046,2.564235,33.811985,0.0,0.0
2021-09-01 21:00:00,16.81,293.39014,995.6905,2.6648355,37.033253,0.0,0.0
2021-09-01 22:00:00,16.57,292.62494,996.78815,2.418071,40.586124,0.0,0.0
2021-09-01 23:00:00,16.77,294.2077,997.4381,1.5469475,40.10786,0.0,0.0
2021-09-02 00:00:00,17.06,298.73535,997.78845,1.6926471,26.578999,0.0,0.0
2021-09-02 01:00:00,17.1,301.42422,997.60315,2.0366118,19.426949,0.0,0.0
2021-09-02 02:00:00,17.68,303.7649,996.8836,2.4222445,14.876078,0.0,0.0
2021-09-02 03:00:00,18.29,305.87607,995.8053,3.047301,12.2490635,0.0,0.0
2021-09-02 04:00:00,18.26,307.37878,994.48315,3.594761,11.824188,0.0,0.0
2021-09-02 05:00:00,17.95,308.25537,993.3059,3.7633126,11.750396,0.0,0.0
2021-09-02 06:00:00,17.92,308.67365,992.6831,3.588393,11.511817,0.0,0.0
2021-09-02 07:00:00,18.19,308.88812,992.32086,2.938364,11.756491,0.0,0.0
2021-09-02 08:00:00,18.06,308.5608,992.4353,2.4601972,11.841928,0.0,0.0
2021-09-02 09:00:00,18.07,307.94006,992.7544,2.3085582,12.168542,0.0,0.0
2021-09-02 10:00:00,17.61,306.48825,993.3939,2.3829908,13.454326,0.0,0.0
2021-09-02 11:00:00,17.79,304.97528,994.05994,2.8534768,14.87715,0.0,0.0
2021-09-02 12:00:00,17.98,303.52698,994.76764,3.3368309,16.185843,0.0,0.0
2021-09-02 13:00:00,18.68,302.34344,994.96155,3.7046506,17.126389,0.0,0.0
2021-09-02 14:00:00,19.23,301.41577,994.64044,3.8759882,17.828411,0.0,0.0
2021-09-02 15:00:00,19.65,300.5683,994.5008,3.8313594,18.609484,0.0,0.0
2021-09-02 16:00:00,20.11,299.6951,994.0814,3.627047,19.625965,0.0,0.0
2021-09-02 17:00:00,20.35,298.70074,993.6461,3.4719384,21.017725,0.0,0.0
2021-09-02 18:00:00,20.4,297.63354,993.58905,3.1109076,23.003117,0.0,0.0
2021-09-02 19:00:00,20.33,296.22223,993.60565,1.4605948,29.115217,0.0,0.0
2021-09-02 20:00:00,20.73,296.86798,994.02325,0.3606109,24.898884,0.0,0.0
2021-09-02 21:00:00,20.23,295.69684,994.4567,0.86503834,27.727041,0.0,0.0
2021-09-02 22:00:00,19.8,294.8857,995.5121,1.0467973,29.963593,0.0,0.0
2021-09-02 23:00:00,19.68,295.54102,996.31213,0.9284858,31.784954,0.0,0.0
2021-09-03 00:00:00,18.88,299.04523,996.66595,2.2106016,21.534937,0.0017190739,0.0
2021-09-03 01:00:00,18.79,301.35284,996.6197,3.6330845,18.367846,0.0,0.0
2021-09-03 02:00:00,18.83,303.58954,996.22876,4.193753,16.37679,0.0,0.0
2021-09-03 03:00:00,18.89,305.7646,995.3306,4.542344,14.76645,0.0,0.0
2021-09-03 04:00:00,19.02,307.47644,993.9871,4.652213,13.597769,0.0,0.0
2021-09-03 05:00:00,18.87,308.53952,992.70953,4.3764396,12.975058,0.0,0.0
2021-09-03 06:00:00,18.82,309.0697,991.8803,3.97158,12.72621,0.0,0.0
2021-09-03 07:00:00,18.56,309.3161,991.3675,4.109959,12.9197855,0.0,0.0
2021-09-03 08:00:00,18.22,309.00027,991.3161,3.947031,13.350822,0.0,0.0
2021-09-03 09:00:00,17.92,308.26874,991.8843,3.8970606,14.0052185,0.0,0.0
2021-09-03 10:00:00,18.02,306.3308,992.58923,3.8906362,15.907825,0.0,0.0
2021-09-03 11:00:00,18.07,304.8302,993.2325,4.573562,17.460718,0.0,0.0
2021-09-03 12:00:00,18.44,303.623,993.73456,5.0535593,18.709702,0.0,0.0
2021-09-03 13:00:00,18.82,302.59692,993.99146,5.428401,19.861198,0.0,0.0
2021-09-03 14:00:00,19.17,301.67413,994.3415,6.037617,21.076147,0.0017264404,0.0
2021-09-03 15:00:00,19.22,300.7559,994.3909,6.6073656,22.492088,0.0,0.0
2021-09-03 16:00:00,19.69,299.89832,994.0204,6.5461965,23.888979,0.0,0.0
2021-09-03 17:00:00,20.2,299.1477,993.88727,5.976119,25.161854,0.0,0.0
2021-09-03 18:00:00,20.47,298.40027,993.8147,4.970655,26.496136,0.0,0.0
2021-09-03 19:00:00,20.73,297.09598,994.65216,4.203194,29.004818,0.0,0.0
2021-09-03 20:00:00,20.35,296.283,994.81635,3.914834,30.65075,0.0,0.0
2021-09-03 21:00:00,19.75,295.7395,995.22626,4.031204,31.67361,0.0,0.0
2021-09-03 22:00:00,19.26,295.12347,996.1378,4.0776815,32.679916,0.0,0.0
2021-09-03 23:00:00,18.92,296.3299,996.8217,4.2179174,30.017206,0.0,0.0
2021-09-04 00:00:00,19.22,298.51593,997.1884,5.5405126,26.928408,0.004287681,0.0
2021-09-04 01:00:00,19.44,300.922,996.85455,5.774041,26.298635,0.0,0.0
2021-09-04 02:00:00,19.5,303.49835,996.0877,5.593291,25.28551,0.0,0.0
2021-09-04 03:00:00,19.88,305.81723,994.9366,5.5122476,24.107986,0.0,0.0
2021-09-04 04:00:00,20.58,307.5724,993.7567,5.4567657,22.521526,0.0,0.0
2021-09-04 05:00:00,21.28,308.71735,992.71796,5.416625,20.597233,0.0,0.0
2021-09-04 06:00:00,21.76,309.31894,992.3445,5.429736,19.598665,0.0,0.0
2021-09-04 07:00:00,21.97,309.34027,992.3155,5.8827934,17.02764,0.0,0.0
2021-09-04 08:00:00,22.29,308.93027,992.3801,6.2654834,17.40106,0.0,0.0
2021-09-04 09:00:00,22.33,308.03665,992.9927,6.3304844,18.160187,0.0,0.0
2021-09-04 10:00:00,22.31,306.41547,993.73627,5.9219117,19.588018,0.0,0.0
2021-09-04 11:00:00,22.25,305.16025,994.41876,6.3675556,20.904472,0.0,0.0
2021-09-04 12:00:00,23.01,304.14764,995.36346,6.35842,22.548138,0.0,0.0
2021-09-04 13:00:00,25.27,303.18,995.6325,5.971967,25.884937,0.0,0.0
2021-09-04 14:00:00,27.7,302.2446,996.1223,6.071702,35.665337,0.0,0.0
2021-09-04 15:00:00,31.11,300.92072,996.2586,6.152526,50.13909,0.0,0.0
2021-09-04 16:00:00,33.81,299.80853,996.409,6.5380373,57.67571,0.0,0.0
2021-09-04 17:00:00,34.68,298.9876,996.57697,7.2821593,59.843235,0.0,0.0
2021-09-04 18:00:00,35.1,298.1353,996.8141,8.192618,61.57362,0.0,0.0
2021-09-04 19:00:00,33.25,297.35632,996.92,8.483477,58.978016,0.0,0.0
2021-09-04 20:00:00,32.02,296.2483,997.3236,8.006157,59.8366,0.0,0.0
2021-09-04 21:00:00,31.69,295.28876,998.13794,7.3478694,60.05854,0.0,0.0
2021-09-04 22:00:00,31.33,294.5899,999.27203,7.214138,59.323822,0.0,0.0
2021-09-04 23:00:00,30.65,294.74072,1000.0882,8.507672,55.99198,0.0,0.0
2021-09-05 00:00:00,30.49,296.01215,1000.5424,9.078161,50.77392,0.0,0.0
2021-09-05 01:00:00,30.59,297.88083,1000.7279,9.172807,45.273434,0.0,0.0
2021-09-05 02:00:00,31.21,299.64108,1000.4148,9.196716,41.104668,0.0,0.0
2021-09-05 03:00:00,31.46,300.87308,999.5709,9.229839,38.567074,0.0,0.0
2021-09-05 04:00:00,31.3,301.70767,998.5437,9.270339,36.95865,0.0,0.0
2021-09-05 05:00:00,31.12,302.16357,997.6951,9.424317,35.990257,0.0,0.0
2021-09-05 06:00:00,30.26,302.2118,997.40857,9.5924015,35.71864,0.0,0.0
2021-09-05 07:00:00,29.37,304.19992,996.415,8.971321,32.65203,0.0,0.0
2021-09-05 08:00:00,28.74,303.13608,997.02734,9.365463,34.265068,0.0,0.0
2021-09-05 09:00:00,28.13,301.2713,998.1415,9.251493,37.40092,0.0,0.0
2021-09-05 10:00:00,27.99,299.1184,999.42596,8.878849,41.57887,0.0,0.0
2021-09-05 11:00:00,27.93,297.27386,1000.8219,8.79498,45.858894,0.0,0.0
2021-09-05 12:00:00,27.94,295.62308,1001.71014,8.544274,50.128372,0.0,0.0
2021-09-05 13:00:00,28.37,294.22995,1002.253,8.5706625,53.123962,0.0,0.0
2021-09-05 14:00:00,28.56,293.17078,1002.5925,8.233407,54.246338,0.0,0.0
2021-09-05 15:00:00,27.93,292.47394,1002.74084,7.632903,53.425957,0.0,0.0
2021-09-05 16:00:00,26.11,292.00867,1002.5679,6.667659,51.389294,0.0,0.0
2021-09-05 17:00:00,23.82,291.67145,1002.44147,6.1007533,48.391693,0.0,0.0
2021-09-05 18:00:00,21.59,291.38263,1002.573,6.9102006,44.737206,0.0,0.0
2021-09-05 19:00:00,19.58,290.96375,1002.26526,6.579103,47.007324,0.0,0.0
2021-09-05 20:00:00,18.72,290.73755,1002.3183,6.640152,44.673473,0.0,0.0
2021-09-05 21:00:00,18.31,290.5164,1002.9878,7.015147,42.959976,0.0,0.0
2021-09-05 22:00:00,17.7,290.33704,1003.85565,7.3021607,42.244274,0.0,0.0
2021-09-05 23:00:00,17.28,291.08307,1004.8352,8.455224,39.912228,0.0,0.0
2021-09-06 00:00:00,17.36,292.7579,1005.10297,9.489574,35.14156,0.0,0.0
2021-09-06 01:00:00,17.28,295.01715,1005.0062,9.439652,29.921124,0.0,0.0
2021-09-06 02:00:00,17.3,297.3957,1004.13635,9.192312,25.63503,0.0,0.0
2021-09-06 03:00:00,16.82,299.58423,1003.04,9.0625515,22.780724,0.0,0.0
2021-09-06 04:00:00,15.39,301.2906,1001.4139,8.98852,21.15467,0.0,0.0
2021-09-06 05:00:00,13.37,302.50385,1000.1838,8.908247,20.143492,0.0,0.0
2021-09-06 06:00:00,12.03,303.16516,999.085,8.794322,19.477156,0.0,0.0
2021-09-06 07:00:00,10.96,303.534,998.76624,8.778461,17.692518,0.0,0.0
2021-09-06 08:00:00,10.57,302.9916,998.60986,8.7032175,17.569386,0.0,0.0
2021-09-06 09:00:00,10.37,301.85736,999.5027,8.190765,18.234432,0.0,0.0
2021-09-06 10:00:00,10.22,300.2131,1000.32697,7.0317645,20.225677,0.0,0.0
2021-09-06 11:00:00,9.88,298.81653,1001.3591,7.0541506,22.619421,0.0,0.0
2021-09-06 12:00:00,9.31,297.45764,1002.21936,7.002668,25.63396,0.0,0.0
2021-09-06 13:00:00,8.74,296.13373,1002.58936,6.8974557,29.13883,0.0,0.0
2021-09-06 14:00:00,8.26,294.9217,1002.8363,6.720918,32.50284,0.0,0.0
2021-09-06 15:00:00,7.8,293.8728,1002.9925,6.550863,34.811176,0.0,0.0
2021-09-06 16:00:00,7.45,292.9765,1002.8964,6.4999785,35.630695,0.0,0.0
2021-09-06 17:00:00,6.82,292.23114,1002.67303,6.575531,35.137783,0.0,0.0
2021-09-06 18:00:00,6.48,291.62402,1002.5656,6.6622787,33.957092,0.0,0.0
2021-09-06 19:00:00,6.69,291.50656,1002.0709,6.507291,32.375427,0.0,0.0
2021-09-06 20:00:00,6.37,290.96844,1002.3164,6.8122187,31.441025,0.0,0.0
2021-09-06 21:00:00,6.48,290.5062,1003.0066,7.2019634,30.699724,0.0,0.0
2021-09-06 22:00:00,6.35,290.15305,1003.8591,7.5262938,30.317623,0.0,0.0
2021-09-06 23:00:00,6.42,291.13425,1004.7689,7.825963,28.151142,0.0,0.0
2021-09-07 00:00:00,6.1,292.72314,1005.15125,9.65844,25.328218,0.0017201012,0.0
2021-09-07 01:00:00,6.37,294.922,1005.1106,9.5838375,21.350851,0.0,0.0
2021-09-07 02:00:00,6.87,297.3683,1004.44666,9.148057,17.46554,0.0,0.0
2021-09-07 03:00:00,6.87,299.68213,1003.1082,8.773619,14.234842,0.0,0.0
2021-09-07 04:00:00,6.65,301.529,1001.55347,8.463322,12.046102,0.0,0.0
2021-09-07 05:00:00,5.92,302.8286,1000.2603,8.164733,10.582824,0.0,0.0
2021-09-07 06:00:00,5.53,303.51785,999.19244,7.9665213,9.653947,0.0,0.0
2021-09-07 07:00:00,5.35,304.0219,999.1397,7.9954343,8.787467,0.0,0.0
2021-09-07 08:00:00,5.12,303.44012,998.93146,7.892922,8.82523,0.0,0.0
2021-09-07 09:00:00,4.36,302.23718,999.4344,7.051966,9.476622,0.0,0.0
2021-09-07 10:00:00,4.05,300.21228,1000.1308,6.147359,10.866568,0.0,0.0
2021-09-07 11:00:00,3.52,298.63748,1000.7875,6.397944,12.2187805,0.0,0.0
2021-09-07 12:00:00,2.98,297.33362,1001.6205,6.7878065,13.842193,0.0,0.0
2021-09-07 13:00:00,3.23,296.1568,1001.9281,7.0633173,16.255318,0.0,0.0
2021-09-07 14:00:00,3.85,295.06134,1002.2815,7.0999427,19.993196,0.0,0.0
2021-09-07 15:00:00,4.34,294.1077,1002.31165,6.963073,23.917788,0.0,0.0
2021-09-07 16:00:00,5.2,293.36935,1001.64984,6.812999,26.250994,0.0,0.0
2021-09-07 17:00:00,5.89,292.8911,1001.28314,6.631663,26.907162,0.0,0.0
2021-09-07 18:00:00,6.28,292.53052,1000.8652,6.4489045,26.934246,0.0,0.0
2021-09-07 19:00:00,6.45,292.05377,1000.997,6.124043,28.356699,0.0,0.0
2021-09-07 20:00:00,6.94,291.57794,1001.2303,6.10278,29.761522,0.0,0.0
2021-09-07 21:00:00,7.8,291.14972,1001.76733,6.114929,31.723064,0.0,0.0
2021-09-07 22:00:00,8.96,290.87817,1002.13745,6.1931143,33.32177,0.0,0.0
2021-09-07 23:00:00,10.01,292.43747,1002.90656,6.2759824,30.577713,0.0,0.0
2021-09-08 00:00:00,10.95,294.96127,1003.4012,8.222026,25.372305,0.0,0.0
2021-09-08 01:00:00,11.41,297.7214,1003.12805,8.881219,20.59155,0.0,0.0
2021-09-08 02:00:00,12.18,300.36578,1002.2438,9.052625,17.441929,0.0,0.0
2021-09-08 03:00:00,12.99,302.60803,1001.27594,8.961061,15.758257,0.0,0.0
2021-09-08 04:00:00,13.56,304.21585,999.8053,8.512616,15.218456,0.0,0.0
2021-09-08 05:00:00,13.93,305.2935,998.6878,7.6249356,14.902069,0.0,0.0
2021-09-08 06:00:00,13.91,305.8744,997.73376,6.9818144,14.641267,0.0,0.0
2021-09-08 07:00:00,13.99,306.13177,997.7642,6.466359,14.053424,0.0,0.0
2021-09-08 08:00:00,14.06,305.8413,997.54047,6.2545195,14.355877,0.0,0.0
2021-09-08 09:00:00,13.69,305.07547,997.9743,5.437607,15.1547165,0.0,0.0
2021-09-08 10:00:00,13.51,303.2428,998.30853,4.305236,17.185677,0.0,0.0
2021-09-08 11:00:00,12.95,301.8331,999.09283,4.7183013,18.970078,0.0,0.0
2021-09-08 12:00:00,12.82,300.80008,999.70514,5.8057756,20.252966,0.0,0.0
2021-09-08 13:00:00,12.74,299.97382,1000.2653,6.931751,21.030422,0.0,0.0
2021-09-08 14:00:00,12.77,299.15228,1000.66016,7.303647,21.857475,0.0,0.0
2021-09-08 15:00:00,12.79,298.33685,1000.7511,6.935281,22.806496,0.0,0.0
2021-09-08 16:00:00,12.98,297.47437,1000.4967,6.3740864,23.836052,0.0,0.0
2021-09-08 17:00:00,13.15,296.6172,1000.2569,5.8181214,24.75455,0.0,0.0
2021-09-08 18:00:00,13.21,295.82336,1000.22876,5.386408,25.196943,0.0,0.0
2021-09-08 19:00:00,12.53,294.6054,1000.1663,4.493273,27.2199,0.0,0.0
2021-09-08 20:00:00,11.82,293.83817,1000.3437,4.4276953,27.06863,0.0,0.0
2021-09-08 21:00:00,11.37,293.24866,1000.8083,4.5208473,26.361752,0.0,0.0
2021-09-08 22:00:00,11.05,292.9277,1001.442,4.7222943,25.592903,0.0,0.0
2021-09-08 23:00:00,11.04,294.75116,1002.15796,4.947463,22.369688,0.0,0.0
2021-09-09 00:00:00,10.76,297.56635,1002.6945,6.586339,18.294714,0.0,0.0
2021-09-09 01:00:00,10.81,300.72824,1002.47906,7.585488,14.12158,0.0,0.0
2021-09-09 02:00:00,10.71,303.44324,1001.6488,8.149688,11.129278,0.0,0.0
2021-09-09 03:00:00,10.41,305.55737,1000.62695,8.018578,10.248553,0.0,0.0
2021-09-09 04:00:00,10.26,306.8662,999.1418,7.1026406,10.818414,0.0,0.0
2021-09-09 05:00:00,9.73,307.47412,998.28796,5.8570247,11.354543,0.0,0.0
2021-09-09 06:00:00,9.41,307.77698,997.3608,5.424969,10.922568,0.0,0.0
2021-09-09 07:00:00,9.4,307.9449,996.70776,5.437941,10.316802,0.0,0.0
2021-09-09 08:00:00,9.21,307.56616,996.4489,5.335774,10.268183,0.0,0.0
2021-09-09 09:00:00,8.92,306.73425,996.77124,4.7686577,10.527697,0.0,0.0
2021-09-09 10:00:00,8.74,304.68427,997.41797,3.8733487,11.764125,0.0,0.0
2021-09-09 11:00:00,8.59,303.08783,998.21405,4.081785,12.810676,0.0,0.0
2021-09-09 12:00:00,8.98,301.70374,999.1083,4.4424915,13.793999,0.0,0.0
2021-09-09 13:00:00,9.37,300.52768,999.47144,4.834651,14.744893,0.0,0.0
2021-09-09 14:00:00,9.58,299.55914,999.6713,5.2260547,15.632044,0.0,0.0
2021-09-09 15:00:00,9.26,298.72516,999.7009,5.405389,16.444977,0.0,0.0
2021-09-09 16:00:00,9.26,297.87946,999.50555,5.3165956,17.201496,0.0,0.0
2021-09-09 17:00:00,8.96,297.09412,999.1995,5.2842216,17.895452,0.0,0.0
2021-09-09 18:00:00,8.61,296.29688,998.89813,5.089665,18.736454,0.0,0.0
2021-09-09 19:00:00,8.51,294.72696,999.0561,4.609717,22.436886,0.0,0.0
2021-09-09 20:00:00,8.55,294.02704,999.2555,4.4887576,23.548061,0.0,0.0
2021-09-09 21:00:00,8.59,293.39856,999.2595,4.3705606,24.43974,0.0,0.0
2021-09-09 22:00:00,8.58,293.02454,999.7689,4.4040275,24.849524,0.0,0.0
2021-09-09 23:00:00,8.59,295.15527,1000.3336,4.4800696,21.590885,0.0,0.0
2021-09-10 00:00:00,7.75,299.00125,1000.7302,5.88543,16.380001,0.0,0.0
2021-09-10 01:00:00,7.56,302.6211,1000.4786,6.998817,12.999277,0.0,0.0
2021-09-10 02:00:00,7.83,305.1692,999.9448,7.770734,11.31838,0.0,0.0
2021-09-10 03:00:00,7.9,306.35254,998.96533,6.164929,10.516884,0.0,0.0
2021-09-10 04:00:00,8.14,306.94965,997.7299,4.3896503,10.191684,0.0,0.0
2021-09-10 05:00:00,8.13,307.36005,996.6486,3.2764347,9.906502,0.0,0.0
2021-09-10 06:00:00,8.06,307.5772,996.0575,2.469793,9.76137,0.0,0.0
2021-09-10 07:00:00,8.2,307.64978,995.6306,1.7560875,9.116726,0.0,0.0
2021-09-10 08:00:00,8.52,307.37897,995.5728,1.3802768,9.289944,0.0,0.0
2021-09-10 09:00:00,8.74,306.8943,995.63275,1.2944753,9.620574,0.0,0.0
2021-09-10 10:00:00,8.96,305.7132,996.00903,2.1874523,10.587387,0.0,0.0
2021-09-10 11:00:00,9.14,303.87512,996.26086,2.960703,11.991579,0.0,0.0
2021-09-10 12:00:00,9.38,302.1399,996.83734,3.3328574,13.300872,0.0,0.0
2021-09-10 13:00:00,9.83,300.74,996.82544,3.4649353,14.38987,0.0,0.0
2021-09-10 14:00:00,10.06,299.4574,997.00555,3.342069,15.601213,0.0,0.0
2021-09-10 15:00:00,10.25,298.18143,996.8819,3.2910748,17.034893,0.0,0.0
2021-09-10 16:00:00,10.23,296.97333,996.4663,3.2416768,18.647957,0.0,0.0
2021-09-10 17:00:00,10.02,295.93695,996.19025,3.1754315,20.214079,0.0,0.0
2021-09-10 18:00:00,9.61,295.11218,995.6337,3.155143,21.517439,0.0,0.0
2021-09-10 19:00:00,9.75,293.81113,995.5659,2.745704,26.880592,0.0,0.0
2021-09-10 20:00:00,9.9,292.84967,995.3017,2.7171555,29.471325,0.0,0.0
2021-09-10 21:00:00,9.73,292.24124,995.87115,2.757869,31.189713,0.0,0.0
2021-09-10 22:00:00,9.9,291.91223,996.59344,2.9737105,31.914896,0.0,0.0
2021-09-10 23:00:00,9.83,294.45392,997.1248,2.6783473,27.629519,0.0,0.0
2021-09-11 00:00:00,9.27,299.201,997.5149,3.0797374,21.45316,0.0,0.0
2021-09-11 01:00:00,9.66,302.64127,997.09033,3.687296,20.189598,0.0,0.0
2021-09-11 02:00:00,9.92,305.258,996.32776,4.652191,15.887099,0.0,0.0
2021-09-11 03:00:00,10.16,306.72913,995.35834,4.4005156,14.494787,0.0,0.0
2021-09-11 04:00:00,10.87,307.3576,993.8961,2.8886201,12.987307,0.0,0.0
2021-09-11 05:00:00,11.63,307.79437,992.7964,2.1167681,12.521401,0.0,0.0
2021-09-11 06:00:00,12.68,308.08972,992.21313,1.7468398,12.468776,0.0,0.0
2021-09-11 07:00:00,13.64,308.1859,991.70337,1.3259345,12.402928,0.0,0.0
2021-09-11 08:00:00,14.36,307.932,991.7442,1.0245752,12.742925,0.0,0.0
2021-09-11 09:00:00,14.74,307.46466,991.8745,0.9013279,13.20219,0.0,0.0
2021-09-11 10:00:00,15.06,306.56384,992.46063,1.4687321,14.125744,0.0,0.0
2021-09-11 11:00:00,14.98,305.14404,992.75006,2.1897628,15.590407,0.0,0.0
2021-09-11 12:00:00,14.02,303.32895,993.60065,2.2868726,17.564955,0.0,0.0
2021-09-11 13:00:00,13.25,301.4958,993.80743,2.3464408,19.423227,0.0,0.0
2021-09-11 14:00:00,12.82,299.94095,994.07904,2.4732182,20.71131,0.0,0.0
2021-09-11 15:00:00,12.89,298.58478,994.11646,2.5004513,21.529608,0.0,0.0
2021-09-11 16:00:00,13.4,297.26395,993.57336,2.1718569,23.44149,0.0,0.0
2021-09-11 17:00:00,12.92,296.5456,993.21094,1.639788,24.567137,0.0,0.0
2021-09-11 18:00:00,12.75,295.3074,993.0616,2.7164352,23.474077,0.0,0.0
2021-09-11 19:00:00,12.67,294.39172,993.40796,3.6186092,27.292465,0.0,0.0
2021-09-11 20:00:00,12.77,293.53186,993.5245,3.3934271,31.045141,0.0,0.0
2021-09-11 21:00:00,12.46,292.81436,993.983,3.2257564,34.41438,0.0,0.0
2021-09-11 22:00:00,12.24,292.2991,994.62915,3.0162177,37.256916,0.0,0.0
2021-09-11 23:00:00,12.15,294.62323,995.3109,2.5896752,33.155777,0.0,0.0
2021-09-12 00:00:00,11.17,298.44556,995.5609,3.0850093,24.542103,0.0,0.0
2021-09-12 01:00:00,11.28,301.38824,995.51013,3.2367225,18.242321,0.0,0.0
2021-09-12 02:00:00,11.16,304.0654,994.8846,3.3957324,13.697332,0.0,0.0
2021-09-12 03:00:00,10.75,306.23035,994.0847,3.898739,10.56006,0.0,0.0
2021-09-12 04:00:00,10.24,307.51276,992.7835,3.8702667,9.368125,0.0,0.0
2021-09-12 05:00:00,10.28,308.13403,991.8947,3.29432,8.943076,0.0,0.0
2021-09-12 06:00:00,10.27,308.44553,991.4225,3.0473216,8.765821,0.0,0.0
2021-09-12 07:00:00,9.96,308.76877,991.03424,2.205138,8.87858,0.0,0.0
2021-09-12 08:00:00,9.74,308.51935,990.85956,2.1894438,8.864545,0.0,0.0
2021-09-12 09:00:00,9.78,307.92188,991.2358,2.0284178,9.194042,0.0,0.0
2021-09-12 10:00:00,10.54,306.67096,991.8688,1.6208962,10.191182,0.0,0.0
2021-09-12 11:00:00,10.91,305.1437,992.57794,1.3062865,12.37161,0.0,0.0
2021-09-12 12:00:00,11.31,303.10938,993.3272,1.3006552,16.160254,0.0,0.0
2021-09-12 13:00:00,11.5,301.2708,993.38135,1.5719788,17.58718,0.0,0.0
2021-09-12 14:00:00,11.94,299.39612,993.6142,1.9535294,19.776325,0.0,0.0
2021-09-12 15:00:00,12.71,298.0735,993.84033,2.5151205,20.39484,0.0,0.0
2021-09-12 16:00:00,14.22,297.58832,993.8211,3.7312107,20.79633,0.0,0.0
2021-09-12 17:00:00,14.63,297.1197,993.8156,4.6255774,24.14258,0.0,0.0
2021-09-12 18:00:00,15.25,296.69647,993.6909,4.430443,28.376621,0.0,0.0
2021-09-12 19:00:00,16.34,295.5721,994.0082,3.4514258,33.593906,0.0,0.0
2021-09-12 20:00:00,17.26,294.62268,994.4366,2.8129885,37.04661,0.0,0.0
2021-09-12 21:00:00,17.47,293.5879,995.0613,2.0443418,41.700302,0.0,0.0
2021-09-12 22:00:00,17.43,293.9648,995.8653,1.0453413,41.595432,0.0,0.0
2021-09-12 23:00:00,17.6,295.58054,996.3764,0.5108704,40.29598,0.0,0.0
2021-09-13 00:00:00,17.65,298.7763,996.9536,0.9123905,30.233442,0.0,0.0
2021-09-13 01:00:00,18.08,301.20935,997.0056,0.7344633,26.239964,0.0,0.0
2021-09-13 02:00:00,18.88,303.24924,996.7433,0.5543759,23.478678,0.0,0.0
2021-09-13 03:00:00,19.32,305.1162,995.8108,1.2737455,21.239782,0.0,0.0
2021-09-13 04:00:00,19.46,306.56177,994.5553,1.7543335,19.454374,0.0,0.0
2021-09-13 05:00:00,19.42,307.50977,993.64545,1.66461,17.869747,0.0,0.0
2021-09-13 06:00:00,19.75,308.0521,993.1239,1.5133586,16.850393,0.0,0.0
2021-09-13 07:00:00,20.16,308.42566,992.8972,1.4809438,16.050772,0.0,0.0
2021-09-13 08:00:00,20.36,308.25894,993.0991,1.3567121,16.08552,0.0,0.0
2021-09-13 09:00:00,20.51,307.77502,993.4519,1.1760361,16.477266,0.0,0.0
2021-09-13 10:00:00,21.19,306.96637,993.89874,0.6336248,17.419882,0.0,0.0
2021-09-13 11:00:00,21.6,306.11047,994.47235,0.7524994,18.60548,0.0,0.0
2021-09-13 12:00:00,21.93,304.4823,995.2204,1.5224086,22.307116,0.0,0.0
2021-09-13 13:00:00,21.85,302.9308,995.5277,1.978107,24.12447,0.0,0.0
2021-09-13 14:00:00,21.45,301.74506,995.7467,2.4347732,25.377184,0.0,0.0
2021-09-13 15:00:00,20.83,300.85803,995.46,2.8722947,26.161766,0.0,0.0
2021-09-13 16:00:00,20.74,299.9949,994.7961,3.4169536,26.868057,0.0,0.0
2021-09-13 17:00:00,20.88,299.46918,994.53125,4.4679537,27.54614,0.0,0.0
2021-09-13 18:00:00,20.9,298.86435,994.69147,4.917682,30.971073,0.0,0.0
2021-09-13 19:00:00,20.57,297.65448,994.738,4.4684467,35.072933,0.0,0.0
2021-09-13 20:00:00,20.17,297.00922,995.40015,3.5015297,36.606342,0.0,0.0
2021-09-13 21:00:00,20.01,295.95142,996.0393,2.2007086,39.764004,0.0,0.0
2021-09-13 22:00:00,19.87,295.713,997.42694,1.0998008,41.873245,0.0,0.0
2021-09-13 23:00:00,19.31,297.30792,998.3239,1.3848332,37.657856,0.0,0.0
2021-09-14 00:00:00,18.29,299.9662,998.8784,0.6455886,30.947176,0.0021517277,0.0
2021-09-14 01:00:00,18.57,302.29694,998.8986,1.2631992,26.708427,0.0,0.0
2021-09-14 02:00:00,18.77,304.8415,998.0555,2.4590461,22.882162,0.0,0.0
2021-09-14 03:00:00,18.76,306.97192,996.6756,3.3071227,20.29967,0.0,0.0
2021-09-14 04:00:00,18.2,308.38892,995.22174,3.2225828,18.359417,0.0,0.0
2021-09-14 05:00:00,17.48,309.3,994.0494,2.6896276,16.757622,0.0,0.0
2021-09-14 06:00:00,16.66,309.76166,993.6135,1.9595106,15.644823,0.0,0.0
2021-09-14 07:00:00,16.44,310.1106,993.33545,1.3120558,14.841,0.0,0.0
2021-09-14 08:00:00,16.35,309.96066,993.085,1.1994299,14.405929,0.0,0.0
2021-09-14 09:00:00,16.66,309.59076,993.3736,1.4831779,14.339477,0.0,0.0
2021-09-14 10:00:00,17.11,308.42484,993.9547,2.3225787,15.595177,0.0,0.0
2021-09-14 11:00:00,17.11,306.8394,994.66235,3.1772325,17.52524,0.0,0.0
2021-09-14 12:00:00,17.0,305.4782,995.0341,3.656229,19.29502,0.0,0.0
2021-09-14 13:00:00,17.16,304.31195,995.2488,4.0236716,20.962234,0.0,0.0
2021-09-14 14:00:00,17.02,303.35938,995.42773,4.103289,22.407543,0.0,0.0
2021-09-14 15:00:00,17.0,302.4941,994.97516,4.190215,23.663355,0.0,0.0
2021-09-14 16:00:00,17.46,301.63586,994.56995,4.1183476,24.899202,0.0,0.0
2021-09-14 17:00:00,17.71,300.80823,994.1961,4.2897463,26.035782,0.0,0.0
2021-09-14 18:00:00,17.4,300.0334,994.03735,4.4314747,27.080276,0.0,0.0
2021-09-14 19:00:00,17.6,298.20215,994.6511,2.30334,31.810406,0.0,0.0
2021-09-14 20:00:00,18.45,298.02307,995.08966,0.3212204,32.362602,0.0,0.0
2021-09-14 21:00:00,19.1,296.16052,996.4249,2.9875803,37.67074,0.0,0.0
2021-09-14 22:00:00,19.26,295.34653,997.4564,2.4439414,40.487183,0.0,0.0
2021-09-14 23:00:00,19.19,297.9409,998.09686,1.8199592,35.582657,0.0,0.0
2021-09-15 00:00:00,18.56,302.13727,998.1297,2.668762,25.078672,0.0,0.0
2021-09-15 01:00:00,19.3,305.14026,997.81757,3.3565903,20.161251,0.0,0.0
2021-09-15 02:00:00,19.2,307.57254,997.068,3.5709558,16.769703,0.0,0.0
2021-09-15 03:00:00,18.91,309.40424,995.6986,3.9215553,14.424933,0.0,0.0
2021-09-15 04:00:00,18.67,310.6755,994.1817,3.7802863,12.955488,0.0,0.0
2021-09-15 05:00:00,18.29,311.2788,993.0265,2.7526882,12.3105955,0.0,0.0
2021-09-15 06:00:00,18.67,311.46515,992.33954,1.7031493,12.404174,0.0,0.0
2021-09-15 07:00:00,18.91,311.63983,992.10425,1.4205444,12.734014,0.0,0.0
2021-09-15 08:00:00,19.33,311.3699,992.11664,0.6352482,12.931848,0.0,0.0
2021-09-15 09:00:00,19.55,310.92648,992.2972,0.76392746,13.273936,0.0,0.0
2021-09-15 10:00:00,20.2,309.77588,992.7578,2.8727899,14.382474,0.0,0.0
2021-09-15 11:00:00,20.93,307.8954,993.3839,3.5926397,16.030502,0.0,0.0
2021-09-15 12:00:00,21.44,306.5568,993.7586,3.7701924,17.130411,0.0,0.0
2021-09-15 13:00:00,22.54,305.37073,993.7861,3.8298,18.25203,0.0,0.0
2021-09-15 14:00:00,23.26,304.3742,993.9308,3.7076945,19.31427,0.0,0.0
2021-09-15 15:00:00,23.77,303.21808,993.8264,3.1140401,20.729366,0.0,0.0
2021-09-15 16:00:00,24.27,302.13232,993.42346,2.4936345,22.822294,0.0,0.0
2021-09-15 17:00:00,24.31,300.96277,993.3892,2.4687138,25.747955,0.0,0.0
2021-09-15 18:00:00,24.7,300.56284,993.3803,1.1604421,29.623604,0.0,0.0
2021-09-15 19:00:00,24.24,298.62537,993.34296,1.5219127,31.797493,0.0,0.0
2021-09-15 20:00:00,23.84,298.04822,993.83923,2.8333478,30.851015,0.0,0.0
2021-09-15 21:00:00,24.08,297.4187,994.25903,3.1133423,32.219048,0.0,0.0
2021-09-15 22:00:00,25.12,297.06226,995.03296,3.361967,33.08332,0.0,0.0
2021-09-15 23:00:00,25.66,299.6126,995.7547,3.8176079,28.520739,0.0,0.0
2021-09-16 00:00:00,26.19,302.91956,996.0722,4.9546576,24.14833,0.0017225742,0.0
2021-09-16 01:00:00,26.21,305.77164,995.8486,5.32558,21.149149,0.0,0.0
2021-09-16 02:00:00,26.54,308.08093,995.1925,5.142644,18.574928,0.0,0.0
2021-09-16 03:00:00,27.28,309.7082,994.0403,4.524351,17.019842,0.0,0.0
2021-09-16 04:00:00,27.99,310.68555,992.60046,3.6372807,16.420002,0.0,0.0
2021-09-16 05:00:00,28.29,311.28174,991.3844,2.8363316,16.120457,0.0,0.0
2021-09-16 06:00:00,28.39,311.59888,990.72797,2.4533215,15.753463,0.0,0.0
2021-09-16 07:00:00,27.92,311.8938,990.3795,3.0043602,15.850018,0.0,0.0
2021-09-16 08:00:00,27.46,311.646,990.382,3.1169727,15.897322,0.0,0.0
2021-09-16 09:00:00,26.99,311.02335,990.9157,3.1655467,16.2674,0.0,0.0
2021-09-16 10:00:00,26.95,309.6101,991.7482,3.050768,17.5622,0.0,0.0
2021-09-16 11:00:00,27.39,308.47577,992.7636,3.5460658,18.690535,0.0,0.0
2021-09-16 12:00:00,28.37,307.2534,993.40594,3.9848073,20.090395,0.0,0.0
2021-09-16 13:00:00,30.21,305.92725,993.21735,4.315872,21.966038,0.0,0.0
2021-09-16 14:00:00,31.5,305.07666,993.52435,4.2973385,23.702183,0.0,0.0
2021-09-16 15:00:00,32.52,304.27423,993.28467,4.0276284,25.559723,0.0,0.0
2021-09-16 16:00:00,33.86,303.26123,993.28815,3.9751198,27.929947,0.0,0.0
2021-09-16 17:00:00,34.84,302.49268,993.39545,4.0619187,31.23044,0.0,0.0
2021-09-16 18:00:00,36.01,301.84412,993.5412,3.0490336,34.842487,0.0,0.0
2021-09-16 19:00:00,35.8,301.39618,993.7578,3.6332872,38.560356,0.0,0.0
2021-09-16 20:00:00,35.29,300.68866,994.47015,3.6859,43.119633,0.0,0.0
2021-09-16 21:00:00,35.05,299.80963,994.9639,3.5588095,48.93198,0.0,0.0
2021-09-16 22:00:00,34.82,299.34198,995.88947,3.2173433,53.479977,0.0,0.0
2021-09-16 23:00:00,34.72,300.1775,996.66876,3.4135249,53.116806,0.0,0.0
2021-09-17 00:00:00,34.83,302.42996,997.09283,3.3201857,44.128494,0.0017225742,0.0
2021-09-17 01:00:00,35.0,304.4394,997.0023,2.8540702,35.311085,0.0,0.0
2021-09-17 02:00:00,35.38,306.17047,996.4252,2.880679,29.879087,0.0,0.0
2021-09-17 03:00:00,35.42,307.69748,995.5625,3.1347995,25.93489,0.0,0.0
2021-09-17 04:00:00,35.31,308.8703,994.1312,3.2692223,23.298813,0.0,0.0
2021-09-17 05:00:00,35.33,309.58026,993.05975,3.0511527,21.869547,0.0,0.0
2021-09-17 06:00:00,35.33,309.8732,992.56384,2.774237,21.135872,0.0,0.0
2021-09-17 07:00:00,35.48,310.09924,992.2939,2.2607834,19.482965,0.0,0.0
2021-09-17 08:00:00,35.03,309.94434,992.4406,2.406941,19.451376,0.0,0.0
2021-09-17 09:00:00,34.24,309.41992,992.98846,2.6480787,19.925669,0.0,0.0
2021-09-17 10:00:00,34.21,308.59665,993.9986,2.3726833,20.982256,0.0,0.0
2021-09-17 11:00:00,34.23,307.64215,994.6889,2.495838,22.332357,0.0,0.0
2021-09-17 12:00:00,34.85,306.75925,995.3189,2.5997615,23.714302,0.0,0.0
2021-09-17 13:00:00,35.24,305.86804,995.16565,2.597404,25.193134,0.0,0.0
2021-09-17 14:00:00,34.6,304.97192,994.89935,2.395242,26.923084,0.0,0.0
2021-09-17 15:00:00,33.75,304.0335,994.4183,2.0585423,29.388857,0.0,0.0
2021-09-17 16:00:00,32.3,303.48248,993.8186,2.0460193,30.571476,0.0,0.0
2021-09-17 17:00:00,30.41,302.66412,993.5517,2.6748405,31.893644,0.0,0.0
2021-09-17 18:00:00,29.09,302.1302,993.64044,3.2250896,32.799744,0.0,0.0
2021-09-17 19:00:00,28.67,300.88602,994.7656,4.776003,24.704508,0.0,0.0
2021-09-17 20:00:00,28.46,300.2558,995.0728,5.0358243,23.098145,0.0,0.0
2021-09-17 21:00:00,28.07,299.85416,995.74976,4.9764843,21.715826,0.0,0.0
2021-09-17 22:00:00,28.22,299.75143,996.6384,5.014526,20.744034,0.0,0.0
2021-09-17 23:00:00,27.94,301.0776,997.41876,5.3018055,18.60471,0.0,0.0
2021-09-18 00:00:00,28.01,302.9167,997.68884,6.765759,16.600529,0.0,0.0
2021-09-18 01:00:00,28.22,305.4297,997.53436,6.7475348,15.004006,0.0,0.0
2021-09-18 02:00:00,28.88,307.70538,996.5861,5.9231095,14.603165,0.0,0.0
2021-09-18 03:00:00,29.27,309.74072,995.6267,4.9830256,14.5663,0.0,0.0
2021-09-18 04:00:00,29.83,310.71893,994.3091,4.2722216,15.308222,0.0,0.0
2021-09-18 05:00:00,30.51,311.2631,993.3172,3.9390745,15.803584,0.0,0.0
2021-09-18 06:00:00,31.23,311.57898,992.53986,3.766702,16.009912,0.0,0.0
2021-09-18 07:00:00,31.52,311.5316,992.21173,3.6092613,16.577087,0.0,0.0
2021-09-18 08:00:00,31.42,311.14932,992.22675,3.3301582,17.35669,0.0,0.0
2021-09-18 09:00:00,31.6,310.7801,992.27734,2.7812562,17.97666,0.0,0.0
2021-09-18 10:00:00,31.62,310.14148,993.0403,2.4218757,18.812216,0.0,0.0
2021-09-18 11:00:00,31.67,309.67645,993.94763,3.1280425,19.12013,0.0,0.0
2021-09-18 12:00:00,32.37,308.6644,994.71844,3.950583,20.551975,0.0,0.0
2021-09-18 13:00:00,33.43,307.7882,994.8618,4.240317,22.137552,0.0,0.0
2021-09-18 14:00:00,35.23,306.49387,995.01483,4.6523805,25.310186,0.0,0.0
2021-09-18 15:00:00,37.48,305.5143,994.89954,4.719262,28.456623,0.0018179417,0.0
2021-09-18 16:00:00,38.95,304.71118,994.5762,4.593648,30.344004,0.0,0.0
2021-09-18 17:00:00,40.07,304.2712,994.52966,4.1995153,31.097994,0.0,0.52
2021-09-18 18:00:00,40.92,303.7673,994.6912,4.2025385,31.863182,0.005930662,0.0
2021-09-18 19:00:00,40.79,302.3418,995.1956,2.2313643,35.179268,0.0,1.3399999
2021-09-18 20:00:00,39.91,301.71118,995.71686,3.5618155,36.93351,0.0,0.0
2021-09-18 21:00:00,39.61,300.8301,996.1211,4.3485923,44.239395,0.0,0.48
2021-09-18 22:00:00,39.86,300.26825,996.34186,3.6516826,51.248795,0.0,0.0
2021-09-18 23:00:00,39.6,301.17822,997.41693,3.2976646,51.547104,0.0,0.0
2021-09-19 00:00:00,35.79,303.22714,997.877,3.1221104,45.001835,0.009506941,0.0
2021-09-19 01:00:00,35.44,305.41553,997.8364,2.821872,35.163517,0.0,0.0
2021-09-19 02:00:00,35.1,307.149,997.35406,2.0589874,29.622519,0.0,0.0
2021-09-19 03:00:00,34.77,308.575,996.6967,1.2974138,26.109001,0.0,0.0
2021-09-19 04:00:00,34.22,309.77518,995.63763,0.6735916,22.97194,0.0,0.0
2021-09-19 05:00:00,34.44,310.57904,994.60315,1.2539867,20.326979,0.0,0.0
2021-09-19 06:00:00,34.74,310.9751,993.85266,1.1715612,19.253899,0.0,0.0
2021-09-19 07:00:00,34.28,310.48492,993.7061,0.74937075,19.617342,0.0,0.0
2021-09-19 08:00:00,33.92,310.28107,993.66235,0.7067508,19.651274,0.0,0.0
2021-09-19 09:00:00,33.98,309.93402,994.06,0.8929876,19.919472,0.0,0.0
2021-09-19 10:00:00,33.94,309.39703,994.8313,1.2676628,20.583395,0.0,0.0
2021-09-19 11:00:00,33.17,308.85513,995.45435,1.6066364,21.38728,0.0,0.0
2021-09-19 12:00:00,32.98,307.97427,995.9814,2.1477888,22.554214,0.0,0.0
2021-09-19 13:00:00,33.02,306.63284,995.8786,3.3853793,23.975138,0.0,0.0
2021-09-19 14:00:00,32.81,305.71832,996.5041,4.978513,24.515121,0.0,0.0
2021-09-19 15:00:00,32.82,304.65643,996.863,5.501616,25.465187,0.0,0.0
2021-09-19 16:00:00,32.18,304.00327,996.87836,5.612698,25.38586,0.0,0.0
2021-09-19 17:00:00,31.66,303.6522,996.7604,5.784263,24.875183,0.0,0.0
2021-09-19 18:00:00,31.7,303.13397,996.2191,5.752721,25.076952,0.0,0.0
2021-09-19 19:00:00,31.46,301.70496,996.36224,3.3098483,28.983679,0.0,0.0
2021-09-19 20:00:00,31.35,301.24915,996.5839,2.8797238,29.496496,0.0,0.0
2021-09-19 21:00:00,31.38,300.60495,996.9141,2.1878307,30.640444,0.0,0.0
2021-09-19 22:00:00,31.84,299.80103,997.5557,1.7903484,32.957764,0.0,0.0
2021-09-19 23:00:00,31.72,301.99835,998.1669,2.325557,27.216461,0.0,0.0
2021-09-20 00:00:00,32.75,304.40524,998.54095,4.029196,23.4019,0.0,0.0
2021-09-20 01:00:00,33.06,306.9281,998.2592,5.0087585,20.92169,0.0,0.0
2021-09-20 02:00:00,32.85,308.9441,997.74255,5.278577,19.631329,0.0,0.0
2021-09-20 03:00:00,32.98,310.37384,996.697,5.0511937,17.99784,0.0,0.0
2021-09-20 04:00:00,32.8,311.36713,995.48773,4.815113,16.525372,0.0,0.0
2021-09-20 05:00:00,32.12,312.24985,994.0553,4.9953647,15.264742,0.0,0.0
2021-09-20 06:00:00,31.76,312.71918,993.13513,5.42937,14.933353,0.0,0.0
2021-09-20 07:00:00,31.39,312.70142,992.72675,5.554659,15.189446,0.0,0.0
2021-09-20 08:00:00,30.97,312.233,992.6937,5.6433067,15.123674,0.0,0.0
2021-09-20 09:00:00,30.44,311.62103,992.9099,5.584712,15.203862,0.0,0.0
2021-09-20 10:00:00,30.21,310.35892,993.7104,4.4630823,16.063152,0.0,0.0
2021-09-20 11:00:00,30.01,309.3299,994.4308,4.5084558,16.755928,0.0,0.0
2021-09-20 12:00:00,30.37,308.43317,995.0828,4.914068,17.322971,0.0,0.0
2021-09-20 13:00:00,30.65,307.91412,995.2537,5.1302233,17.569105,0.0,0.0
2021-09-20 14:00:00,30.35,307.4062,995.60034,6.087988,17.847462,0.0,0.0
2021-09-20 15:00:00,29.96,306.699,995.9886,8.471349,18.794043,0.0,0.0
2021-09-20 16:00:00,29.66,305.6231,995.6828,9.760183,21.140306,0.0,0.0
2021-09-20 17:00:00,29.12,304.81967,995.7364,9.661062,22.639448,0.0,0.0
2021-09-20 18:00:00,28.62,304.02707,995.60095,9.212047,23.869379,0.0,0.0
2021-09-20 19:00:00,28.09,303.26544,995.6002,7.8344727,24.277563,0.0,0.0
2021-09-20 20:00:00,27.89,302.63327,995.54095,8.380685,25.530895,0.0,0.0
2021-09-20 21:00:00,27.58,301.9632,996.47424,8.984637,26.963032,0.0,0.0
2021-09-20 22:00:00,26.97,301.44934,997.4721,9.578451,26.864063,0.0,0.0
2021-09-20 23:00:00,26.43,302.25708,999.0045,10.788094,23.263805,0.0,0.0
2021-09-21 00:00:00,26.6,303.44073,999.9952,12.220989,20.030094,0.0,0.0
2021-09-21 01:00:00,26.38,305.12378,1000.2157,12.3186035,17.290848,0.0,0.0
2021-09-21 02:00:00,26.08,306.8597,999.5569,12.2484,14.98861,0.0,0.0
2021-09-21 03:00:00,25.68,308.38635,998.64264,11.833501,13.429436,0.0,0.0
2021-09-21 04:00:00,24.85,309.53467,997.24634,11.086926,12.492718,0.0,0.0
2021-09-21 05:00:00,24.0,310.2902,996.4423,10.287253,11.87936,0.0,0.0
2021-09-21 06:00:00,22.98,310.62994,995.6083,9.645316,11.475525,0.0,0.0
2021-09-21 07:00:00,22.16,310.5646,995.7425,8.818339,11.984745,0.0,0.0
2021-09-21 08:00:00,21.65,310.04108,995.7308,8.383774,12.093986,0.0,0.0
2021-09-21 09:00:00,21.85,309.08624,996.5658,7.6132226,12.517654,0.0,0.0
2021-09-21 10:00:00,22.34,307.4964,997.442,6.1289268,13.622868,0.0,0.0
2021-09-21 11:00:00,22.23,306.23114,998.46564,6.1246104,14.665169,0.0,0.0
2021-09-21 12:00:00,22.43,305.11972,999.115,6.4677906,15.840958,0.0,0.0
2021-09-21 13:00:00,22.39,304.12274,999.5627,6.9187202,17.263292,0.0,0.0
2021-09-21 14:00:00,22.33,303.2611,999.83984,7.2439933,18.557814,0.0,0.0
2021-09-21 15:00:00,21.67,302.41217,999.71,7.2584214,19.521412,0.0,0.0
2021-09-21 16:00:00,20.68,301.57455,999.385,7.2699966,19.735144,0.0,0.0
2021-09-21 17:00:00,19.32,300.74,999.2644,7.1822605,18.610939,0.0,0.0
2021-09-21 18:00:00,17.96,299.92957,999.101,6.971333,16.364065,0.0,0.0
2021-09-21 19:00:00,16.7,298.9251,999.0528,6.399795,16.983673,0.0,0.0
2021-09-21 20:00:00,15.95,298.0984,999.2014,6.390795,14.444312,0.0,0.0
2021-09-21 21:00:00,15.37,297.40265,1000.0879,6.5730786,12.522168,0.0,0.0
2021-09-21 22:00:00,14.83,296.95453,1000.84436,6.872609,11.346031,0.0,0.0
2021-09-21 23:00:00,14.35,298.0001,1001.80524,8.19534,9.95702,0.0,0.0
2021-09-22 00:00:00,15.1,299.3506,1002.1792,9.546124,9.47007,0.0,0.0
2021-09-22 01:00:00,14.93,301.1004,1002.0659,9.200299,9.141579,0.0,0.0
2021-09-22 02:00:00,14.82,302.9548,1001.22546,8.735048,8.880828,0.0,0.0
2021-09-22 03:00:00,14.76,304.64166,1000.2459,8.186582,8.787453,0.0,0.0
2021-09-22 04:00:00,14.25,305.95697,998.78796,7.622937,8.879846,0.0,0.0
2021-09-22 05:00:00,13.53,306.8493,997.7996,7.1167483,9.0764675,0.0,0.0
2021-09-22 06:00:00,13.31,307.26114,997.0321,6.813442,9.258978,0.0,0.0
2021-09-22 07:00:00,12.71,307.8661,996.5048,6.8624287,9.377184,0.0,0.0
2021-09-22 08:00:00,12.07,307.24036,996.595,6.9256544,9.486523,0.0,0.0
2021-09-22 09:00:00,11.1,306.1031,997.23334,6.8208194,9.450124,0.0,0.0
2021-09-22 10:00:00,10.01,304.3675,998.3402,5.8182917,9.7335205,0.0,0.0
2021-09-22 11:00:00,9.38,302.9222,999.291,5.8008327,9.664462,0.0,0.0
2021-09-22 12:00:00,8.65,301.5929,1000.0661,5.811648,9.369222,0.0,0.0
2021-09-22 13:00:00,8.21,300.29388,1000.34204,5.948406,8.905113,0.0,0.0
2021-09-22 14:00:00,7.53,299.04846,1000.502,6.1537437,8.504143,0.0,0.0
2021-09-22 15:00:00,6.39,297.89682,1000.54626,6.123763,8.549121,0.0,0.0
2021-09-22 16:00:00,5.13,296.78687,1000.2058,5.9074063,9.030429,0.0,0.0
2021-09-22 17:00:00,4.18,295.7503,999.97076,5.7478623,9.689608,0.0,0.0
2021-09-22 18:00:00,4.13,294.79663,999.62573,5.660752,10.439087,0.0,0.0
2021-09-22 19:00:00,3.97,293.19952,999.3256,5.4082828,12.882343,0.0,0.0
2021-09-22 20:00:00,3.8,292.29926,999.59924,5.1721263,14.100928,0.0,0.0
2021-09-22 21:00:00,4.05,291.53125,1000.08875,4.822133,15.342009,0.0,0.0
2021-09-22 22:00:00,4.41,291.21393,1000.62866,4.5317245,16.1377,0.0,0.0
2021-09-22 23:00:00,4.15,293.3224,1001.3031,5.072894,14.180444,0.0,0.0
2021-09-23 00:00:00,3.88,295.8859,1001.5143,6.45343,11.723988,0.0,0.0
2021-09-23 01:00:00,4.22,298.4466,1001.29565,7.000651,9.690742,0.0,0.0
2021-09-23 02:00:00,4.47,300.6886,1000.40533,7.000544,8.057729,0.0,0.0
2021-09-23 03:00:00,4.54,302.55872,999.2991,6.513221,6.7655897,0.0,0.0
2021-09-23 04:00:00,4.41,303.97943,997.7278,5.805035,5.8071623,0.0,0.0
2021-09-23 05:00:00,4.33,304.93237,996.47186,5.0290837,5.2305264,0.0,0.0
2021-09-23 06:00:00,4.27,305.466,995.65765,4.441033,4.940892,0.0,0.0
2021-09-23 07:00:00,4.25,305.52472,995.29,3.6907947,4.9606943,0.0,0.0
2021-09-23 08:00:00,4.3,305.3193,995.4194,3.4710796,5.047582,0.0,0.0
2021-09-23 09:00:00,4.66,304.69952,995.78876,3.246069,5.2773714,0.0,0.0
2021-09-23 10:00:00,4.81,303.0962,996.50305,2.7662897,6.032598,0.0,0.0
2021-09-23 11:00:00,4.68,301.4416,997.136,3.0354328,6.8550973,0.0,0.0
2021-09-23 12:00:00,5.07,299.7841,997.5609,3.3659186,7.7085505,0.0,0.0
2021-09-23 13:00:00,5.36,298.33435,997.7336,3.6744137,8.480945,0.0,0.0
2021-09-23 14:00:00,5.54,297.1046,997.6669,3.8560095,9.172233,0.0,0.0
2021-09-23 15:00:00,5.62,296.01605,997.5492,3.913544,9.823032,0.0,0.0
2021-09-23 16:00:00,5.49,295.0253,997.1433,3.8537676,10.488928,0.0,0.0
2021-09-23 17:00:00,5.2,294.0677,996.75024,3.7549746,11.178993,0.0,0.0
2021-09-23 18:00:00,5.09,293.15988,996.17694,3.7477963,11.863295,0.0,0.0
2021-09-23 19:00:00,4.74,291.0668,996.09033,3.272096,15.070597,0.0,0.0
2021-09-23 20:00:00,4.88,289.9973,996.14923,3.0292897,16.39778,0.0,0.0
2021-09-23 21:00:00,5.0,289.16223,996.88104,2.769273,17.656301,0.0,0.0
2021-09-23 22:00:00,5.3,288.74353,997.3693,2.6422846,18.40373,0.0,0.0
2021-09-23 23:00:00,5.21,291.85834,998.4464,2.7760637,14.497762,0.0,0.0
2021-09-24 00:00:00,4.92,296.25598,998.6932,3.330734,10.59957,0.0012874043,0.0
2021-09-24 01:00:00,5.09,300.27118,998.40405,3.8226097,8.008893,0.0,0.0
2021-09-24 02:00:00,5.16,303.00162,997.5737,4.172876,6.589198,0.0,0.0
2021-09-24 03:00:00,5.22,304.3577,996.60297,3.130868,5.939326,0.0,0.0
2021-09-24 04:00:00,5.35,305.21106,995.238,2.1344085,5.5102296,0.0,0.0
2021-09-24 05:00:00,5.61,305.8681,994.0739,1.5889134,5.1792917,0.0,0.0
2021-09-24 06:00:00,5.98,306.3496,993.2397,1.3969796,4.9154615,0.0,0.0
2021-09-24 07:00:00,6.22,306.92627,992.75635,1.7644447,4.8344793,0.0,0.0
2021-09-24 08:00:00,6.61,306.66046,992.8995,1.3005071,4.8666553,0.0,0.0
2021-09-24 09:00:00,7.38,306.16983,993.32623,0.8258347,4.9991984,0.0,0.0
2021-09-24 10:00:00,7.64,305.3908,993.9464,2.0036945,5.483727,0.0,0.0
2021-09-24 11:00:00,8.14,303.79276,994.34937,2.7860403,6.305333,0.0,0.0
2021-09-24 12:00:00,8.68,302.37372,994.7137,3.0221102,7.025653,0.0,0.0
2021-09-24 13:00:00,9.23,300.96735,994.6875,3.193176,7.751147,0.0,0.0
2021-09-24 14:00:00,9.44,299.7604,994.9486,3.0840652,8.487776,0.0,0.0
2021-09-24 15:00:00,9.25,298.24768,994.5273,2.7165985,9.684946,0.0,0.0
2021-09-24 16:00:00,9.12,296.64398,994.2609,2.6909802,11.023745,0.0,0.0
2021-09-24 17:00:00,9.24,295.2966,993.71844,2.8430343,12.108502,0.0,0.0
2021-09-24 18:00:00,9.71,294.21802,993.51904,2.4552755,13.755679,0.0,0.0
2021-09-24 19:00:00,10.61,292.75824,993.96826,1.9355129,15.816299,0.0,0.0
2021-09-24 20:00:00,11.26,291.40833,993.92755,2.130754,16.93859,0.0,0.0
2021-09-24 21:00:00,12.06,290.45096,994.3611,2.4579782,18.25572,0.0,0.0
2021-09-24 22:00:00,12.93,289.9816,995.0246,2.4026303,21.46294,0.0,0.0
2021-09-24 23:00:00,13.16,293.29333,995.82904,2.6227925,23.077961,0.0,0.0
2021-09-25 00:00:00,13.06,296.95374,996.5627,3.1666296,32.16706,0.0,0.0
2021-09-25 01:00:00,13.31,300.26535,996.47156,3.1506238,30.84197,0.0,0.0
2021-09-25 02:00:00,13.13,303.05,995.84827,2.7289097,22.480337,0.0,0.0
2021-09-25 03:00:00,12.28,305.3191,994.8781,2.639801,16.683723,0.0,0.0
2021-09-25 04:00:00,11.55,307.0376,993.79297,3.0480483,11.565037,0.0,0.0
2021-09-25 05:00:00,11.7,307.88065,992.5125,2.7675486,9.501367,0.0,0.0
2021-09-25 06:00:00,12.44,308.3267,991.93524,2.3447933,8.738659,0.0,0.0
2021-09-25 07:00:00,12.52,308.59546,991.4487,2.0354617,8.395224,0.0,0.0
2021-09-25 08:00:00,12.97,308.35422,991.2003,1.6452001,8.334101,0.0,0.0
2021-09-25 09:00:00,13.27,307.89578,991.6976,1.2929083,8.543797,0.0,0.0
2021-09-25 10:00:00,13.43,306.92685,992.09955,0.76101816,9.329547,0.0,0.0
2021-09-25 11:00:00,13.65,305.57623,992.76544,1.1180106,12.498724,0.0,0.0
2021-09-25 12:00:00,13.68,303.4009,993.09015,1.7043613,14.353986,0.0,0.0
2021-09-25 13:00:00,13.94,301.73984,993.3591,2.3856404,14.869136,0.0,0.0
2021-09-25 14:00:00,14.18,300.1582,993.63806,2.6452296,16.575258,0.0,0.0
2021-09-25 15:00:00,14.49,298.92526,993.47345,2.8745441,18.133648,0.0,0.0
2021-09-25 16:00:00,14.41,297.9354,993.0012,3.2548435,19.627964,0.0,0.0
2021-09-25 17:00:00,14.56,296.97504,993.04834,3.4693084,22.099653,0.0,0.0
2021-09-25 18:00:00,15.11,295.8935,993.4525,3.5065622,27.20472,0.0,0.0
2021-09-25 19:00:00,15.99,294.47363,993.66016,3.8604429,39.767277,0.0,0.0
2021-09-25 20:00:00,16.78,293.69107,994.04626,3.567002,47.329494,0.0,0.0
2021-09-25 21:00:00,17.02,293.1056,994.6136,3.4236841,54.168556,0.0,0.0
2021-09-25 22:00:00,17.19,293.05396,995.2737,3.1686633,59.10652,0.0,0.0
2021-09-25 23:00:00,17.03,295.7539,995.92615,3.3716726,54.191154,0.0,0.0
2021-09-26 00:00:00,16.47,299.09766,996.46515,3.858702,42.28793,0.0,0.0
2021-09-26 01:00:00,17.19,302.16882,996.3191,4.143546,27.953407,0.0,0.0
2021-09-26 02:00:00,17.75,304.58514,995.7569,4.408831,21.247309,0.0,0.0
2021-09-26 03:00:00,17.69,306.19986,994.914,4.120063,18.309736,0.0,0.0
2021-09-26 04:00:00,18.0,307.27548,993.5803,3.5420468,16.26446,0.0,0.0
2021-09-26 05:00:00,18.32,307.97742,992.47144,2.973858,15.177484,0.0,0.0
2021-09-26 06:00:00,18.74,308.33453,991.7715,2.4774055,14.741399,0.0,0.0
2021-09-26 07:00:00,19.37,308.68323,991.3175,1.7328359,13.8319435,0.0,0.0
2021-09-26 08:00:00,20.08,308.4923,991.2463,1.5877793,13.879244,0.0,0.0
2021-09-26 09:00:00,20.91,308.0253,991.4662,1.6822801,14.139912,0.0,0.0
2021-09-26 10:00:00,21.09,306.97565,991.8873,2.1790395,15.0884075,0.0,0.0
2021-09-26 11:00:00,21.07,305.55304,992.21967,2.9005976,16.37292,0.0,0.0
2021-09-26 12:00:00,20.52,304.24353,992.91876,3.350708,17.473965,0.0,0.0
2021-09-26 13:00:00,20.33,303.04095,992.8125,3.6540678,18.391727,0.0,0.0
2021-09-26 14:00:00,20.56,302.0493,993.09766,3.654044,19.101465,0.0,0.0
2021-09-26 15:00:00,20.94,301.1314,992.82263,3.433405,19.827477,0.0,0.0
2021-09-26 16:00:00,20.62,300.04114,992.4361,2.8044689,21.124277,0.0,0.0
2021-09-26 17:00:00,20.64,298.82758,992.2589,2.7992418,23.21961,0.0,0.0
2021-09-26 18:00:00,20.97,297.93213,992.68835,4.304128,27.101357,0.0,0.0
2021-09-26 19:00:00,20.93,296.36505,993.164,4.389967,39.85892,0.0,0.0
2021-09-26 20:00:00,20.49,295.65045,993.2168,3.7027364,43.799408,0.0,0.0
2021-09-26 21:00:00,19.99,295.0135,994.0751,3.359499,46.262966,0.0,0.0
2021-09-26 22:00:00,19.07,294.81647,994.79047,2.8938127,47.29152,0.0,0.0
2021-09-26 23:00:00,17.9,297.54834,995.4546,2.8237455,38.768364,0.0,0.0
2021-09-27 00:00:00,17.59,300.82254,996.0179,3.290649,25.671568,0.0,0.0
2021-09-27 01:00:00,18.17,303.3993,995.83875,3.4681044,17.606901,0.0,0.0
2021-09-27 02:00:00,18.55,305.74875,995.08405,4.0443816,14.054184,0.0,0.0
2021-09-27 03:00:00,18.56,307.508,993.9816,4.918146,13.645922,0.0,0.0
2021-09-27 04:00:00,18.55,308.50226,992.4949,4.752957,13.500293,0.0,0.0
2021-09-27 05:00:00,18.56,309.11664,991.3158,4.0932097,13.289939,0.0,0.0
2021-09-27 06:00:00,18.73,309.4463,990.6447,3.4508986,13.327519,0.0,0.0
2021-09-27 07:00:00,18.78,309.7088,989.8161,2.0014412,13.239535,0.0,0.0
2021-09-27 08:00:00,18.68,309.5367,990.1298,1.9933211,13.493793,0.0,0.0
2021-09-27 09:00:00,19.63,309.03497,990.3956,2.2190864,14.01674,0.0,0.0
2021-09-27 10:00:00,20.23,307.86176,990.92346,2.123528,15.265804,0.0,0.0
2021-09-27 11:00:00,20.48,306.57574,991.59766,2.4729745,16.752607,0.0,0.0
2021-09-27 12:00:00,19.99,305.1786,992.17664,2.784328,18.45595,0.0,0.0
2021-09-27 13:00:00,19.52,303.8487,992.1926,3.0620384,20.158348,0.0,0.0
2021-09-27 14:00:00,19.29,302.76898,992.3194,3.2667189,21.689,0.0,0.0
2021-09-27 15:00:00,19.06,301.8449,992.02,3.4799066,23.143446,0.0,0.0
2021-09-27 16:00:00,18.98,301.04956,991.5709,3.882874,24.715553,0.0,0.0
2021-09-27 17:00:00,19.21,300.2484,991.4358,4.599638,27.681694,0.0,0.0
2021-09-27 18:00:00,19.42,299.3555,991.4236,4.7179623,32.714985,0.0,0.0
2021-09-27 19:00:00,18.68,297.8606,991.8854,3.5155423,37.75307,0.0,0.0
2021-09-27 20:00:00,18.7,296.8731,992.1859,3.3253505,40.850246,0.0,0.0
2021-09-27 21:00:00,18.76,296.07043,992.7453,3.164928,43.745487,0.0,0.0
2021-09-27 22:00:00,18.6,295.79962,993.39685,2.7557528,44.559692,0.0,0.0
2021-09-27 23:00:00,18.14,298.731,994.20734,2.5954018,34.5187,0.0,0.0
2021-09-28 00:00:00,17.84,301.9713,994.85803,3.0188582,22.136665,0.0,0.0
2021-09-28 01:00:00,18.11,304.61667,994.54376,3.5873704,16.635159,0.0,0.0
2021-09-28 02:00:00,18.2,307.01825,993.9908,4.25926,13.571586,0.0,0.0
2021-09-28 03:00:00,17.83,308.75012,992.98627,4.501704,12.285684,0.0,0.0
2021-09-28 04:00:00,17.64,309.8578,991.92737,4.2350225,12.1038265,0.0,0.0
2021-09-28 05:00:00,17.56,310.5474,990.81384,3.8195953,11.98592,0.0,0.0
2021-09-28 06:00:00,17.61,310.9206,990.27795,3.4044688,11.776125,0.0,0.0
2021-09-28 07:00:00,17.54,310.65518,990.0667,2.289245,12.754506,0.0,0.0
2021-09-28 08:00:00,16.93,310.42355,990.2612,2.2166016,12.840058,0.0,0.0
2021-09-28 09:00:00,16.59,309.84384,990.40326,2.1807573,13.187329,0.0,0.0
2021-09-28 10:00:00,16.44,308.66306,990.8953,2.0183277,14.299585,0.0,0.0
2021-09-28 11:00:00,16.73,307.451,991.84796,2.3645198,15.612846,0.0,0.0
2021-09-28 12:00:00,17.03,306.07025,992.3911,2.645467,17.200994,0.0,0.0
2021-09-28 13:00:00,17.77,304.69745,992.8591,3.0575006,18.83812,0.0,0.0
2021-09-28 14:00:00,18.04,303.5508,992.58923,3.3844876,20.36356,0.0,0.0
2021-09-28 15:00:00,18.23,302.6554,992.38165,3.6204324,21.75924,0.0,0.0
2021-09-28 16:00:00,18.93,301.67474,991.84143,3.7813096,23.409996,0.0,0.0
2021-09-28 17:00:00,20.4,300.89062,991.6761,4.4766216,26.48121,0.0,0.0
2021-09-28 18:00:00,21.04,300.23587,991.58276,4.4988356,31.454336,0.0,0.0
2021-09-28 19:00:00,20.9,298.8067,992.47534,1.9927006,35.373676,0.0,0.0
2021-09-28 20:00:00,20.34,298.70074,992.8603,0.8501202,35.213913,0.0,0.0
2021-09-28 21:00:00,19.8,296.7417,993.6403,2.2547705,41.437225,0.0,0.0
2021-09-28 22:00:00,19.12,296.17477,994.3805,2.1631513,45.048,0.0,0.0
2021-09-28 23:00:00,18.19,299.2323,995.3153,1.6514498,37.31599,0.0,0.0
2021-09-29 00:00:00,17.95,301.80045,995.70294,0.8560479,29.737291,0.0025727276,0.0
2021-09-29 01:00:00,18.28,304.1582,995.6831,1.0361195,24.169891,0.0,0.0
2021-09-29 02:00:00,18.42,306.5934,995.0974,2.047995,19.449057,0.0,0.0
2021-09-29 03:00:00,17.85,308.4935,994.1259,1.8418193,16.349922,0.0,0.0
2021-09-29 04:00:00,17.24,309.59497,992.9475,1.002321,14.938827,0.0,0.0
2021-09-29 05:00:00,16.94,310.4839,992.01874,1.481823,14.074222,0.0,0.0
2021-09-29 06:00:00,16.86,310.98035,991.3812,1.7270092,13.539802,0.0,0.0
2021-09-29 07:00:00,16.53,311.22556,990.87244,1.2732008,13.89996,0.0,0.0
2021-09-29 08:00:00,16.75,311.0257,990.6256,1.6112858,13.852094,0.0,0.0
2021-09-29 09:00:00,17.38,310.56985,991.0831,1.8560004,14.01445,0.0,0.0
2021-09-29 10:00:00,16.88,309.58905,991.53455,2.027634,14.805898,0.0,0.0
2021-09-29 11:00:00,16.58,308.42596,992.2903,2.5338962,15.819643,0.0,0.0
2021-09-29 12:00:00,16.48,307.07806,992.52124,3.0226495,16.895285,0.0,0.0
2021-09-29 13:00:00,16.47,305.7663,992.8681,3.4382913,17.758204,0.0,0.0
2021-09-29 14:00:00,16.39,304.64142,992.8158,3.7180426,18.290564,0.0,0.0
2021-09-29 15:00:00,16.7,303.66138,992.3864,4.0718822,18.540503,0.0,0.0
2021-09-29 16:00:00,16.56,302.6488,991.81085,3.9955044,18.783104,0.0,0.0
2021-09-29 17:00:00,16.74,301.3512,991.5203,2.9176712,19.834585,0.0,0.0
2021-09-29 18:00:00,17.02,300.19263,992.00726,1.0842046,23.571856,0.0,0.0
2021-09-29 19:00:00,17.22,298.52002,992.8764,3.2006817,34.237755,0.0,0.0
2021-09-29 20:00:00,17.34,297.66144,993.5261,3.4121406,42.073887,0.0,0.0
2021-09-29 21:00:00,17.69,297.07327,994.22766,3.6328819,48.87625,0.0,0.0
2021-09-29 22:00:00,17.89,297.05984,994.8909,3.478687,52.013718,0.0,0.0
2021-09-29 23:00:00,17.54,299.5234,995.8594,3.7021585,43.34966,0.0,0.0
2021-09-30 00:00:00,17.57,302.41663,996.4908,3.542955,30.301424,0.0,0.0
2021-09-30 01:00:00,17.57,304.97955,996.45013,3.024522,21.540154,0.0,0.0
2021-09-30 02:00:00,17.48,307.13528,995.81464,2.4811118,16.159,0.0,0.0
2021-09-30 03:00:00,16.95,309.0069,995.0296,2.8930454,13.529844,0.0,0.0
2021-09-30 04:00:00,16.59,310.43454,993.668,3.0818055,11.866646,0.0,0.0
2021-09-30 05:00:00,16.15,311.21454,992.38495,2.7820203,11.240579,0.0,0.0
2021-09-30 06:00:00,16.07,311.52625,991.6789,2.20668,11.292736,0.0,0.0
2021-09-30 07:00:00,15.77,311.36398,991.37787,1.3824254,11.283185,0.0,0.0
2021-09-30 08:00:00,15.55,311.1021,991.3239,1.3500687,11.275792,0.0,0.0
2021-09-30 09:00:00,15.4,310.66556,991.5643,1.7040058,11.444462,0.0,0.0
2021-09-30 10:00:00,15.23,309.62866,992.0634,2.2217731,12.287683,0.0,0.0
2021-09-30 11:00:00,15.25,308.20367,992.7297,2.8753817,13.474359,0.0,0.0
2021-09-30 12:00:00,15.4,306.8472,993.4825,3.3029768,14.632872,0.0,0.0
2021-09-30 13:00:00,15.39,305.58203,993.27686,3.789884,15.740754,0.0,0.0
2021-09-30 14:00:00,15.21,304.61108,993.295,4.0856695,16.627413,0.0,0.0
2021-09-30 15:00:00,15.29,303.73724,992.818,3.936978,17.493315,0.0,0.0
2021-09-30 16:00:00,15.0,302.76,992.3789,3.6047516,18.595945,0.0,0.0
2021-09-30 17:00:00,15.0,301.57983,992.1078,3.0858366,20.108673,0.0,0.0
2021-09-30 18:00:00,14.84,300.33655,992.1845,2.9234946,21.815125,0.0,0.0
2021-09-30 19:00:00,15.02,298.82632,992.02655,1.3222777,26.630978,0.0,0.0
2021-09-30 20:00:00,15.25,298.67816,992.2301,0.73959196,25.915298,0.0,0.0
2021-09-30 21:00:00,15.33,296.41663,993.1639,1.8518895,32.36686,0.0,0.0
2021-09-30 22:00:00,14.6,297.1512,994.0818,0.8328435,30.796682,0.0,0.0
2021-09-30 23:00:00,13.9,299.76556,995.34595,1.9795425,25.058313,0.0,0.0
2021-10-01 00:00:00,13.96,303.6872,995.6239,3.747447,17.81527,0.0,0.0
2021-10-01 01:00:00,14.03,306.68393,995.1992,5.2573485,13.015387,0.0,0.0
2021-10-01 02:00:00,13.86,309.151,994.4472,5.5146046,10.655746,0.0,0.0
2021-10-01 03:00:00,13.49,310.7384,993.2303,4.552327,9.76707,0.0,0.0
2021-10-01 04:00:00,13.15,311.4757,991.8308,2.9052005,9.807945,0.0,0.0
2021-10-01 05:00:00,13.11,311.89258,990.52954,1.988972,9.842118,0.0,0.0
2021-10-01 06:00:00,13.17,312.12802,989.6735,1.4871165,9.6623955,0.0,0.0
2021-10-01 07:00:00,13.22,312.43854,988.6261,1.1286873,8.800787,0.0,0.0
2021-10-01 08:00:00,13.27,312.18774,988.5647,0.89159685,8.797503,0.0,0.0
2021-10-01 09:00:00,13.59,311.7119,989.0433,0.5298429,8.952016,0.0,0.0
2021-10-01 10:00:00,13.89,310.84293,989.4939,1.3276279,9.602192,0.0,0.0
2021-10-01 11:00:00,14.37,309.44794,990.1839,2.4245784,10.709737,0.0,0.0
2021-10-01 12:00:00,14.81,307.53598,990.6312,3.0679078,12.274825,0.0,0.0
2021-10-01 13:00:00,15.33,305.87018,990.8075,3.42306,13.804894,0.0,0.0
2021-10-01 14:00:00,15.93,304.57556,990.5831,3.520447,15.247117,0.0,0.0
2021-10-01 15:00:00,16.57,303.4021,990.45795,3.4611855,16.668194,0.0,0.0
2021-10-01 16:00:00,17.37,302.4053,990.16095,4.2692866,18.980963,0.0,0.0
2021-10-01 17:00:00,18.35,301.51337,990.4528,4.253928,22.135786,0.0,0.0
2021-10-01 18:00:00,19.08,300.5998,990.5977,3.608808,24.394697,0.0,0.0
2021-10-01 19:00:00,19.14,299.37747,990.7611,4.1113563,27.157393,0.0,0.0
2021-10-01 20:00:00,19.2,298.5417,991.224,3.8099532,27.855677,0.0,0.0
2021-10-01 21:00:00,19.01,297.83752,992.0508,3.558922,27.914917,0.0,0.0
2021-10-01 22:00:00,18.84,297.67987,992.73236,3.2407544,26.875957,0.0,0.0
2021-10-01 23:00:00,18.96,300.41638,993.71515,3.5545807,20.515665,0.0,0.0
2021-10-02 00:00:00,16.71,302.93365,993.9479,4.336085,14.103457,0.0017225742,0.0
2021-10-02 01:00:00,17.12,304.83124,993.7947,4.5414186,11.548074,0.0,0.0
2021-10-02 02:00:00,17.52,306.74106,992.91187,4.689478,10.525162,0.0,0.0
2021-10-02 03:00:00,17.36,308.48877,991.818,5.06584,10.392294,0.0,0.0
2021-10-02 04:00:00,17.12,309.8151,990.2453,5.5374312,10.892372,0.0,0.0
2021-10-02 05:00:00,17.61,310.6952,989.1838,5.874241,11.720729,0.0,0.0
2021-10-02 06:00:00,19.15,311.12048,988.3752,6.0950646,12.687781,0.0,0.0
2021-10-02 07:00:00,19.92,311.16962,987.802,6.253735,13.453686,0.0,0.0
2021-10-02 08:00:00,21.14,310.72424,987.8914,6.34073,14.824274,0.0,0.0
2021-10-02 09:00:00,22.23,309.9063,988.3547,6.070143,16.188663,0.0,0.0
2021-10-02 10:00:00,22.73,308.5622,988.9994,4.397041,17.692717,0.0,0.0
2021-10-02 11:00:00,23.03,307.36847,989.795,3.6957264,19.018375,0.0,0.0
2021-10-02 12:00:00,22.84,306.26776,990.33545,3.8511875,20.286133,0.0,0.0
2021-10-02 13:00:00,22.47,305.36823,990.77594,5.160107,21.48908,0.0,0.0
2021-10-02 14:00:00,22.82,304.4718,991.0786,5.9349513,23.019562,0.0,0.0
2021-10-02 15:00:00,22.63,303.40594,990.9886,5.305378,24.385885,0.0,0.0
2021-10-02 16:00:00,21.87,302.25504,990.64453,4.5108433,25.639265,0.0,0.0
2021-10-02 17:00:00,21.49,301.1667,990.5544,4.0383444,27.143366,0.0,0.0
2021-10-02 18:00:00,20.54,300.19147,990.1573,3.899221,28.833025,0.0,0.0
2021-10-02 19:00:00,20.11,298.8995,990.49243,4.435174,33.24253,0.0,0.0
2021-10-02 20:00:00,19.73,298.0813,990.96765,4.6730103,36.95007,0.0,0.0
2021-10-02 21:00:00,19.45,297.21118,991.7683,4.567197,41.343975,0.0,0.0
2021-10-02 22:00:00,18.96,296.92853,992.652,3.9864013,43.609455,0.0,0.0
2021-10-02 23:00:00,18.17,298.7173,993.5539,4.365842,37.49461,0.0,0.0
2021-10-03 00:00:00,18.08,301.0443,994.11743,3.2464793,28.280857,0.0,0.0
2021-10-03 01:00:00,17.97,303.13733,994.0997,2.2680416,23.099535,0.0,0.0
2021-10-03 02:00:00,17.88,305.06738,993.4175,1.7607937,19.981283,0.0,0.0
2021-10-03 03:00:00,17.1,306.65118,992.32336,1.2372602,17.132935,0.0,0.0
2021-10-03 04:00:00,16.72,308.04315,991.00024,1.6254481,15.022575,0.0,0.0
2021-10-03 05:00:00,17.02,309.20654,989.6914,2.758981,13.913276,0.0,0.0
2021-10-03 06:00:00,16.96,309.90192,988.883,3.6105978,13.442161,0.0,0.0
2021-10-03 07:00:00,16.65,310.16974,988.2237,4.008764,13.654489,0.0,0.0
2021-10-03 08:00:00,17.05,309.87827,988.14124,4.0737605,13.827172,0.0,0.0
2021-10-03 09:00:00,17.3,309.18726,988.5351,3.9330862,14.360876,0.0,0.0
2021-10-03 10:00:00,16.94,307.9784,989.445,3.0778174,15.505817,0.0,0.0
2021-10-03 11:00:00,16.98,306.68942,990.0797,2.980401,16.820097,0.0,0.0
2021-10-03 12:00:00,17.36,305.35443,990.52576,3.168324,18.255285,0.0,0.0
2021-10-03 13:00:00,17.8,304.10535,990.87195,3.2239249,19.666666,0.0,0.0
2021-10-03 14:00:00,18.36,302.96857,991.00037,3.1498005,21.02841,0.0,0.0
2021-10-03 15:00:00,18.76,301.8278,990.66736,3.1301308,22.644993,0.0,0.0
2021-10-03 16:00:00,19.0,300.7456,990.1376,3.559777,25.471104,0.0,0.0
2021-10-03 17:00:00,19.61,299.65552,989.8917,4.163249,33.189995,0.0,0.0
2021-10-03 18:00:00,20.29,298.63196,989.9506,4.482425,45.197083,0.0,0.0
2021-10-03 19:00:00,20.6,297.2494,990.20685,4.3871274,59.260986,0.0,0.0
2021-10-03 20:00:00,19.87,296.5216,990.50116,3.65521,62.38516,0.0,0.0
2021-10-03 21:00:00,19.33,295.8534,991.15845,2.9729621,64.05705,0.0,0.0
2021-10-03 22:00:00,19.2,295.75665,991.9192,2.3560884,63.206703,0.0,0.0
2021-10-03 23:00:00,19.69,297.922,992.82733,2.5995104,52.46187,0.0,0.0
2021-10-04 00:00:00,20.14,300.36597,993.3711,1.9359549,40.255085,0.0,0.0
2021-10-04 01:00:00,19.84,302.6386,993.0465,0.8482469,30.915075,0.0,0.0
2021-10-04 02:00:00,19.3,304.87848,992.36237,0.15392719,24.260344,0.0,0.0
2021-10-04 03:00:00,19.03,306.9589,991.3831,0.25318336,19.197468,0.0,0.0
2021-10-04 04:00:00,19.25,308.44617,989.9853,0.76047343,16.56026,0.0,0.0
2021-10-04 05:00:00,19.51,309.708,988.9776,1.9513663,15.043345,0.0,0.0
2021-10-04 06:00:00,19.72,310.46445,988.30237,2.718579,14.425868,0.0,0.0
2021-10-04 07:00:00,19.75,310.7851,987.61017,2.993375,14.853138,0.0,0.0
2021-10-04 08:00:00,19.81,310.54907,987.7375,2.9583714,15.115185,0.0,0.0
2021-10-04 09:00:00,19.67,309.9479,988.0511,2.8128166,15.635562,0.0,0.0
2021-10-04 10:00:00,19.61,308.98706,988.9197,2.2141669,16.593773,0.0,0.0
2021-10-04 11:00:00,20.02,307.8977,989.6563,2.2529879,17.794971,0.0,0.0
2021-10-04 12:00:00,20.29,306.57397,990.511,2.6240582,19.27082,0.0,0.0
2021-10-04 13:00:00,20.3,305.19513,990.7525,3.296591,20.568165,0.0,0.0
2021-10-04 14:00:00,20.19,303.94583,990.853,4.2451143,21.072361,0.0,0.0
2021-10-04 15:00:00,20.23,302.66296,990.2103,4.7401104,22.110321,0.0,0.0
2021-10-04 16:00:00,20.55,301.27124,989.5684,4.7809033,25.79502,0.0,0.0
2021-10-04 17:00:00,22.63,299.91968,989.3499,4.7401953,34.025352,0.0,0.0
2021-10-04 18:00:00,24.19,298.82623,989.65894,4.542866,45.090683,0.0,0.0
2021-10-04 19:00:00,24.51,297.73096,990.46484,4.1855206,55.81557,0.0,0.0
2021-10-04 20:00:00,24.55,296.96655,990.87006,3.6870275,62.486,0.0,0.0
2021-10-04 21:00:00,24.14,296.38174,991.3469,3.2131577,66.83954,0.0,0.0
2021-10-04 22:00:00,22.84,296.44873,992.15845,2.8646755,67.4392,0.0,0.0
2021-10-04 23:00:00,21.47,297.95203,993.07623,3.1556306,59.396183,0.0,0.0
2021-10-05 00:00:00,20.35,300.46222,993.5689,2.8899727,45.772484,0.0,0.0
2021-10-05 01:00:00,20.48,303.3258,993.1258,2.7346482,33.292885,0.0,0.0
2021-10-05 02:00:00,20.73,305.96838,992.46014,2.5827563,24.411345,0.0,0.0
2021-10-05 03:00:00,20.31,308.05005,991.0764,2.2123425,19.094238,0.0,0.0
2021-10-05 04:00:00,19.85,309.53345,989.7628,1.8967922,16.417576,0.0,0.0
2021-10-05 05:00:00,19.46,310.46512,988.4458,1.8569328,15.250267,0.0,0.0
2021-10-05 06:00:00,18.8,311.05237,987.4906,2.13503,14.572577,0.0,0.0
2021-10-05 07:00:00,18.13,311.30466,987.2308,2.5056086,13.736473,0.0,0.0
2021-10-05 08:00:00,17.99,311.1213,987.19763,2.7023752,13.790997,0.0,0.0
2021-10-05 09:00:00,18.13,310.54913,987.54297,2.6733327,14.248647,0.0,0.0
2021-10-05 10:00:00,18.41,309.44223,988.28235,2.450481,15.28876,0.0,0.0
2021-10-05 11:00:00,18.77,308.16803,988.97455,2.9892118,16.589277,0.0,0.0
2021-10-05 12:00:00,18.97,306.79575,989.71606,3.590971,18.063017,0.0,0.0
2021-10-05 13:00:00,19.65,305.52313,990.03467,4.113141,19.57852,0.0,0.0
2021-10-05 14:00:00,20.61,304.32373,989.96783,4.778006,21.196892,0.0,0.0
2021-10-05 15:00:00,21.88,303.10217,989.855,5.7808337,24.729061,0.0,0.0
2021-10-05 16:00:00,23.4,301.89294,989.34125,6.1784134,31.553576,0.0,0.0
2021-10-05 17:00:00,24.13,300.98206,989.15356,5.6807847,36.410305,0.0,0.0
2021-10-05 18:00:00,24.52,300.22736,989.0588,5.1333942,38.331264,0.0,0.0
2021-10-05 19:00:00,24.68,298.88556,989.3027,4.535762,42.28206,0.0,0.0
2021-10-05 20:00:00,24.74,298.12326,989.6756,4.140407,43.775497,0.0,0.0
2021-10-05 21:00:00,25.61,297.39047,990.54877,3.6850836,46.030144,0.0,0.0
2021-10-05 22:00:00,26.12,297.32166,991.64294,3.2240663,47.17382,0.0,0.0
2021-10-05 23:00:00,26.33,299.05637,992.585,3.9416394,42.040653,0.0,0.0
2021-10-06 00:00:00,27.13,301.4405,993.322,4.0878534,33.711926,0.0017195939,0.0
2021-10-06 01:00:00,27.01,304.01953,993.08734,4.251651,26.665762,0.0,0.0
2021-10-06 02:00:00,27.52,306.32288,992.53705,4.007663,22.808704,0.0,0.0
2021-10-06 03:00:00,27.2,308.2265,991.5668,3.5240667,20.202745,0.0,0.0
2021-10-06 04:00:00,27.35,309.7827,990.4328,3.5205429,18.355026,0.0,0.0
2021-10-06 05:00:00,27.36,310.9417,989.34674,4.032196,17.35446,0.0,0.0
2021-10-06 06:00:00,27.15,311.62762,988.7534,4.465539,16.714985,0.0,0.0
2021-10-06 07:00:00,26.53,311.6908,988.4941,4.4748645,17.590742,0.0,0.0
2021-10-06 08:00:00,26.23,311.3272,988.4048,4.5024815,17.733297,0.0,0.0
2021-10-06 09:00:00,26.14,310.61237,989.04297,4.3437076,18.240791,0.0,0.0
2021-10-06 10:00:00,25.52,309.43744,989.6549,3.525167,19.304274,0.0,0.0
2021-10-06 11:00:00,25.35,308.24072,990.27924,3.5858896,20.479942,0.0,0.0
2021-10-06 12:00:00,25.51,307.06897,991.1244,3.9754968,21.689959,0.0,0.0
2021-10-06 13:00:00,26.22,305.96112,991.28375,4.563222,22.96786,0.0,0.0
2021-10-06 14:00:00,27.02,304.94098,991.3691,4.86381,24.57962,0.0,0.0
2021-10-06 15:00:00,28.0,303.91742,991.23096,5.2685976,27.290249,0.0,0.0
2021-10-06 16:00:00,29.4,302.93494,990.7428,5.547617,31.907919,0.0,0.0
2021-10-06 17:00:00,30.41,302.0401,990.7527,4.855694,36.17398,0.0,0.0
2021-10-06 18:00:00,30.04,301.16852,990.6711,3.9924946,39.192875,0.0,0.0
2021-10-06 19:00:00,29.18,299.87604,990.95917,4.365434,46.146587,0.0,0.0
2021-10-06 20:00:00,29.03,299.17944,991.5428,4.145714,48.511517,0.0,0.0
2021-10-06 21:00:00,28.59,298.55237,992.3922,3.901964,49.817417,0.0,0.0
2021-10-06 22:00:00,27.89,298.57367,993.2541,3.6515887,49.162556,0.0,0.0
2021-10-06 23:00:00,27.31,300.52203,994.0533,4.413251,41.58153,0.0,0.0
2021-10-07 00:00:00,26.73,302.82983,994.65063,3.8060985,31.029436,0.0,0.0
2021-10-07 01:00:00,26.59,305.09354,994.4217,2.9139678,23.231539,0.0,0.0
2021-10-07 02:00:00,27.07,307.47812,993.9825,2.4388611,17.08028,0.0,0.0
2021-10-07 03:00:00,27.73,309.59906,993.1008,2.3781571,12.922605,0.0,0.0
2021-10-07 04:00:00,27.9,310.97174,992.27014,2.6173298,12.80756,0.0,0.0
2021-10-07 05:00:00,28.16,311.82492,991.2274,2.960899,13.047154,0.0,0.0
2021-10-07 06:00:00,28.27,312.34906,990.5493,3.3064697,13.134088,0.0,0.0
2021-10-07 07:00:00,27.71,312.27896,990.18665,2.4309368,13.649914,0.0,0.0
2021-10-07 08:00:00,26.92,311.9223,989.8684,2.0277138,13.880253,0.0,0.0
2021-10-07 09:00:00,26.56,311.42685,990.42206,1.8593746,14.154153,0.0,0.0
2021-10-07 10:00:00,26.33,310.5855,990.7317,1.7118969,14.836839,0.0,0.0
2021-10-07 11:00:00,26.4,309.66193,991.5557,2.254425,15.716797,0.0,0.0
2021-10-07 12:00:00,26.62,308.49744,991.959,2.954508,16.759289,0.0,0.0
2021-10-07 13:00:00,26.42,307.12677,992.2567,3.6986156,18.01833,0.0,0.0
2021-10-07 14:00:00,26.18,306.14246,992.04205,4.1611133,18.968636,0.0,0.0
2021-10-07 15:00:00,26.09,305.29584,991.85297,4.1917815,19.892235,0.0,0.0
2021-10-07 16:00:00,26.24,304.45337,991.29047,4.0574713,20.892296,0.0,0.0
2021-10-07 17:00:00,26.68,303.4507,991.1912,3.9647574,22.4802,0.0,0.0
2021-10-07 18:00:00,26.21,302.5697,991.26843,3.8069558,25.027296,0.0,0.0
2021-10-07 19:00:00,25.3,301.1779,991.8095,2.459884,26.059494,0.0,0.0
2021-10-07 20:00:00,24.34,299.9248,992.19257,2.069377,28.305418,0.0,0.0
2021-10-07 21:00:00,23.33,298.8316,992.7889,2.10967,30.736584,0.0,0.0
2021-10-07 22:00:00,22.52,298.5029,993.4216,1.9826784,32.496155,0.0,0.0
2021-10-07 23:00:00,22.3,302.07928,994.2773,1.8173777,23.880539,0.0,0.0
2021-10-08 00:00:00,22.31,304.81976,994.6926,1.3942205,16.415958,0.0,0.0
2021-10-08 01:00:00,22.23,307.12628,994.4225,1.7658055,12.674069,0.0,0.0
2021-10-08 02:00:00,22.46,309.45074,993.63135,2.6184416,10.498233,0.0,0.0
2021-10-08 03:00:00,22.42,311.30603,992.73267,3.108427,10.020404,0.0,0.0
2021-10-08 04:00:00,22.17,312.4737,991.84534,3.023385,10.338965,0.0,0.0
2021-10-08 05:00:00,21.82,313.16376,990.8173,2.888566,10.527919,0.0,0.0
2021-10-08 06:00:00,21.01,313.49078,990.09564,2.7760468,10.712421,0.0,0.0
2021-10-08 07:00:00,20.4,313.7886,989.2095,1.8195517,11.063466,0.0,0.0
2021-10-08 08:00:00,20.65,313.5211,989.1881,1.692878,11.263879,0.0,0.0
2021-10-08 09:00:00,20.69,313.02518,989.2753,2.0259418,11.552537,0.0,0.0
2021-10-08 10:00:00,20.83,311.86395,989.7019,2.4968708,12.436607,0.0,0.0
2021-10-08 11:00:00,21.08,310.43414,990.3808,3.172872,13.56892,0.0,0.0
2021-10-08 12:00:00,20.98,309.0741,990.7058,3.62453,14.656269,0.0,0.0
2021-10-08 13:00:00,21.13,307.83917,990.9639,3.8326607,15.702349,0.0,0.0
2021-10-08 14:00:00,21.57,306.7123,991.03156,3.9079654,16.738901,0.0,0.0
2021-10-08 15:00:00,21.72,305.6223,990.82263,3.8624954,17.862883,0.0,0.0
2021-10-08 16:00:00,21.67,304.65265,990.54315,3.7687047,18.9444,0.0,0.0
2021-10-08 17:00:00,22.08,303.77557,990.14545,3.5071323,19.937508,0.0,0.0
2021-10-08 18:00:00,22.85,302.64127,989.96674,2.6632285,21.52634,0.0,0.0
2021-10-08 19:00:00,23.3,300.84692,990.5871,1.9797828,25.736412,0.0,0.0
2021-10-08 20:00:00,24.0,299.90375,991.2003,2.7376466,27.2437,0.0,0.0
2021-10-08 21:00:00,24.25,299.10242,991.77716,2.8257437,29.926968,0.0,0.0
2021-10-08 22:00:00,24.05,299.2209,992.4192,2.8452728,31.666845,0.0,0.0
2021-10-08 23:00:00,24.3,302.65247,993.21936,3.4877436,27.145327,0.0,0.0
2021-10-09 00:00:00,25.51,304.97534,993.5821,3.2217855,23.6151,0.0,0.0
2021-10-09 01:00:00,25.82,306.7981,993.6069,2.3904054,21.163076,0.0,0.0
2021-10-09 02:00:00,26.0,308.57764,992.9543,1.9726864,19.073982,0.0,0.0
2021-10-09 03:00:00,25.77,310.32187,992.2314,1.9914342,17.167196,0.0,0.0
2021-10-09 04:00:00,25.86,311.74713,991.0613,2.0790753,15.502888,0.0,0.0
2021-10-09 05:00:00,25.73,312.6458,989.7972,2.0616486,14.25239,0.0,0.0
2021-10-09 06:00:00,25.27,313.1052,988.96484,1.9638261,13.460363,0.0,0.0
2021-10-09 07:00:00,24.29,313.508,988.7382,2.3921323,12.722705,0.0,0.0
2021-10-09 08:00:00,23.8,313.1793,988.4828,2.4029605,12.8139925,0.0,0.0
2021-10-09 09:00:00,23.17,312.5191,988.302,2.5753062,13.257414,0.0,0.0
2021-10-09 10:00:00,23.54,311.44855,989.06396,2.6541283,14.227382,0.0,0.0
2021-10-09 11:00:00,23.91,310.33734,989.58154,3.5396748,15.288801,0.0,0.0
2021-10-09 12:00:00,23.98,309.2359,990.0006,4.1031914,16.328808,0.0,0.0
2021-10-09 13:00:00,23.66,308.25043,989.8908,4.9923787,17.445274,0.0,0.0
2021-10-09 14:00:00,24.63,307.37424,989.6622,6.004719,19.411688,0.0,0.0
2021-10-09 15:00:00,26.39,306.51447,989.73627,6.171751,21.371908,0.0,0.0
2021-10-09 16:00:00,27.45,305.6811,989.4347,5.5374007,22.710464,0.0,0.0
2021-10-09 17:00:00,28.41,304.6617,989.7342,4.0088,24.363663,0.0,0.0
2021-10-09 18:00:00,28.97,303.54224,990.0676,2.4850023,26.406479,0.0,0.0
2021-10-09 19:00:00,28.29,302.27786,990.8795,3.1269398,27.41676,0.0,0.0
2021-10-09 20:00:00,27.47,301.3934,991.1747,3.1316104,28.14163,0.0,0.0
2021-10-09 21:00:00,26.85,300.6577,991.4844,3.2653427,28.345543,0.0,0.0
2021-10-09 22:00:00,25.43,300.85995,992.47406,3.3342066,26.57919,0.0,0.0
2021-10-09 23:00:00,24.78,303.29245,993.0277,4.3982954,20.613642,0.0,0.0
2021-10-10 00:00:00,24.24,304.89804,993.39966,4.198312,18.579792,0.0,0.0
2021-10-10 01:00:00,23.86,306.62018,993.34595,3.5876856,16.958721,0.0,0.0
2021-10-10 02:00:00,23.44,308.5092,992.86584,3.6594262,15.0168,0.0,0.0
2021-10-10 03:00:00,22.93,310.25262,992.01624,4.240051,13.3568735,0.0,0.0
2021-10-10 04:00:00,22.01,311.48804,990.7455,4.7604427,12.555061,0.0,0.0
2021-10-10 05:00:00,21.45,312.22357,989.6844,5.056659,12.220337,0.0,0.0
2021-10-10 06:00:00,21.21,312.4932,988.69366,5.169519,12.0575,0.0,0.0
2021-10-10 07:00:00,20.68,312.50946,988.01654,5.0527387,11.589084,0.0,0.0
2021-10-10 08:00:00,20.88,312.06473,987.95087,5.0806313,11.843803,0.0,0.0
2021-10-10 09:00:00,20.46,311.26105,988.1647,5.04868,12.312607,0.0,0.0
2021-10-10 10:00:00,20.17,309.83893,988.6672,4.2493,13.301224,0.0,0.0
2021-10-10 11:00:00,18.74,308.50146,989.3485,4.374913,14.25653,0.0,0.0
2021-10-10 12:00:00,17.46,307.2427,989.97986,4.700791,15.093207,0.0,0.0
2021-10-10 13:00:00,16.68,306.077,990.20135,4.999377,15.691684,0.0,0.0
2021-10-10 14:00:00,16.4,304.9733,990.48706,5.195563,16.122517,0.0,0.0
2021-10-10 15:00:00,15.68,303.86023,990.4333,5.441731,16.669163,0.0,0.0
2021-10-10 16:00:00,14.9,302.77707,990.11096,5.4298735,17.462341,0.0,0.0
2021-10-10 17:00:00,14.64,301.77023,989.9147,5.3017097,18.376728,0.0,0.0
2021-10-10 18:00:00,14.61,300.8203,989.90094,5.201849,19.255854,0.0,0.0
2021-10-10 19:00:00,14.79,299.19733,990.4567,4.624951,21.19675,0.0,0.0
2021-10-10 20:00:00,15.31,298.3456,991.13007,4.3496127,22.113087,0.0,0.0
2021-10-10 21:00:00,16.07,297.5629,991.9603,3.999447,23.058388,0.0,0.0
2021-10-10 22:00:00,16.4,297.6303,993.07733,3.5600622,23.021837,0.0,0.0
2021-10-10 23:00:00,16.54,299.48636,993.89624,4.686202,20.614824,0.0,0.0
2021-10-11 00:00:00,15.85,301.62372,994.2408,4.807318,18.446594,0.0,0.0
2021-10-11 01:00:00,16.37,303.9884,993.9398,4.211289,16.24638,0.0,0.0
2021-10-11 02:00:00,16.68,306.21234,993.23267,3.5104132,14.442688,0.0,0.0
2021-10-11 03:00:00,17.0,307.92664,992.28925,2.548196,13.297985,0.0,0.0
2021-10-11 04:00:00,17.18,309.23517,990.9561,1.9924263,12.463822,0.0,0.0
2021-10-11 05:00:00,16.98,310.42218,989.9417,2.6461906,11.65698,0.0,0.0
2021-10-11 06:00:00,16.75,311.2105,989.0558,3.7721622,11.28534,0.0,0.0
2021-10-11 07:00:00,16.62,311.41788,988.613,4.3864355,11.033281,0.0,0.0
2021-10-11 08:00:00,16.56,311.12503,988.4841,5.010228,11.257373,0.0,0.0
2021-10-11 09:00:00,17.08,310.291,988.7832,5.1361103,11.600235,0.0,0.0
2021-10-11 10:00:00,17.84,308.86108,989.41876,4.1764293,12.352718,0.0,0.0
2021-10-11 11:00:00,18.24,307.49133,990.06244,4.0374665,13.150803,0.0,0.0
2021-10-11 12:00:00,18.2,306.20633,990.96265,4.073255,13.986169,0.0,0.0
2021-10-11 13:00:00,17.06,304.94873,991.1732,4.3368115,14.837692,0.0,0.0
2021-10-11 14:00:00,16.32,303.8775,991.1998,4.766958,15.354911,0.0,0.0
2021-10-11 15:00:00,15.47,302.8921,990.66315,4.965476,15.452584,0.0,0.0
2021-10-11 16:00:00,14.49,301.9862,990.30164,4.97334,15.378693,0.0,0.0
2021-10-11 17:00:00,13.34,301.06833,989.85815,4.889514,15.550427,0.0,0.0
2021-10-11 18:00:00,12.41,300.16208,989.8378,4.6263275,16.133427,0.0,0.0
2021-10-11 19:00:00,12.15,298.35306,990.003,3.5406172,19.161072,0.0,0.0
2021-10-11 20:00:00,11.48,297.2342,990.3903,3.3019886,21.03607,0.0,0.0
2021-10-11 21:00:00,10.89,296.28308,991.0923,2.9521914,22.643623,0.0,0.0
2021-10-11 22:00:00,10.65,296.05304,991.89056,2.105158,23.766705,0.0,0.0
2021-10-11 23:00:00,10.47,299.1089,992.8678,1.7104369,18.703444,0.0,0.0
2021-10-12 00:00:00,11.38,302.05698,993.46826,1.9746958,15.335269,0.0,0.0
2021-10-12 01:00:00,11.67,304.75607,993.2511,1.9568632,12.627695,0.0,0.0
2021-10-12 02:00:00,12.33,306.78128,992.58905,1.7892363,10.397232,0.0,0.0
2021-10-12 03:00:00,12.53,308.3627,991.7718,1.8085597,9.137088,0.0,0.0
2021-10-12 04:00:00,11.75,309.9143,990.6193,2.9461555,7.9535933,0.0,0.0
2021-10-12 05:00:00,10.69,311.15222,989.6367,4.220595,6.7874684,0.0,0.0
2021-10-12 06:00:00,10.09,311.7776,988.72266,5.1005635,6.0120544,0.0,0.0
2021-10-12 07:00:00,9.7,311.99985,988.2372,5.297562,6.7390385,0.0,0.0
2021-10-12 08:00:00,9.48,311.61203,988.3652,5.405422,6.2784357,0.0,0.0
2021-10-12 09:00:00,8.32,310.7202,988.7289,5.086675,6.098909,0.0,0.0
2021-10-12 10:00:00,8.04,308.86456,989.61,3.8632362,6.5858946,0.0,0.0
2021-10-12 11:00:00,7.77,307.16068,990.53394,3.7514095,7.1656003,0.0,0.0
2021-10-12 12:00:00,7.41,305.58496,990.84204,3.6885717,7.843975,0.0,0.0
2021-10-12 13:00:00,7.32,304.14673,991.1194,3.7969167,8.603456,0.0,0.0
2021-10-12 14:00:00,7.6,302.9314,991.10626,3.9208536,9.306896,0.0,0.0
2021-10-12 15:00:00,7.71,301.9038,990.7289,4.1299925,9.9028,0.0,0.0
2021-10-12 16:00:00,7.99,301.02835,990.24255,4.650693,10.367989,0.0,0.0
2021-10-12 17:00:00,8.26,300.31198,990.08325,4.913518,10.812068,0.0,0.0
2021-10-12 18:00:00,8.57,299.5727,989.9344,4.4047613,11.513096,0.0,0.0
2021-10-12 19:00:00,8.75,298.39453,990.3297,3.8907616,12.600284,0.0,0.0
2021-10-12 20:00:00,9.03,297.39526,990.8373,3.0685377,13.928233,0.0,0.0
2021-10-12 21:00:00,9.03,296.38245,991.9507,2.8652942,15.358263,0.0,0.0
2021-10-12 22:00:00,8.99,295.96622,992.9732,1.8501284,18.154842,0.0,0.0
2021-10-12 23:00:00,9.19,299.97415,993.9494,2.5015063,12.414424,0.0,0.0
2021-10-13 00:00:00,10.1,303.14987,994.30554,3.808976,10.397794,0.0,0.0
2021-10-13 01:00:00,10.41,305.99335,994.2594,4.838037,9.1159525,0.0,0.0
2021-10-13 02:00:00,10.74,308.42325,993.42993,5.4503684,8.030914,0.0,0.0
2021-10-13 03:00:00,10.92,310.08978,992.6277,4.9856586,7.2105923,0.0,0.0
2021-10-13 04:00:00,11.37,311.10086,991.38904,4.099468,6.662385,0.0,0.0
2021-10-13 05:00:00,11.97,311.79376,990.2049,3.7167296,6.4414144,0.0,0.0
2021-10-13 06:00:00,11.89,312.19775,989.5826,3.6058304,6.50857,0.0,0.0
2021-10-13 07:00:00,11.84,312.24576,989.1208,3.1761298,7.1357503,0.0,0.0
2021-10-13 08:00:00,11.99,311.94678,989.30975,3.3964634,7.300846,0.0,0.0
2021-10-13 09:00:00,11.52,311.23627,989.40906,3.6251624,7.513314,0.0,0.0
2021-10-13 10:00:00,11.57,309.46915,990.0467,3.512966,8.275586,0.0,0.0
2021-10-13 11:00:00,11.35,307.82736,990.6753,4.014604,8.95303,0.0,0.0
2021-10-13 12:00:00,11.35,306.4114,991.0613,4.4619784,9.543898,0.0,0.0
2021-10-13 13:00:00,11.16,305.17764,991.5123,4.828169,10.1453705,0.0,0.0
2021-10-13 14:00:00,11.3,304.04114,991.4603,5.068,10.7851095,0.0,0.0
2021-10-13 15:00:00,11.05,303.01428,991.1859,5.564669,11.376477,0.0,0.0
2021-10-13 16:00:00,10.92,302.09088,990.80963,5.9380064,11.758057,0.0,0.0
2021-10-13 17:00:00,10.7,301.25092,990.6827,5.9223638,11.789772,0.0,0.0
2021-10-13 18:00:00,10.74,300.42737,990.8217,5.344317,11.574447,0.0,0.0
2021-10-13 19:00:00,10.91,298.93274,991.4473,5.4061017,11.728408,0.0,0.0
2021-10-13 20:00:00,10.84,298.0469,992.1514,4.7019696,11.853893,0.0,0.0
2021-10-13 21:00:00,10.88,297.16284,992.92206,4.0893283,12.260622,0.0,0.0
2021-10-13 22:00:00,10.77,297.25546,993.83795,3.621076,12.205351,0.0,0.0
2021-10-13 23:00:00,10.54,299.91144,994.5764,4.7784395,9.925026,0.0,0.0
2021-10-14 00:00:00,9.85,302.69824,994.7459,5.721077,7.925946,0.0,0.0
2021-10-14 01:00:00,10.05,305.61615,994.6841,5.855687,6.409665,0.0,0.0
2021-10-14 02:00:00,10.67,308.1611,993.78876,5.815437,5.628835,0.0,0.0
2021-10-14 03:00:00,11.15,309.9198,992.96265,5.065403,5.5563154,0.0,0.0
2021-10-14 04:00:00,11.14,311.01642,991.81165,4.077983,5.6301026,0.0,0.0
2021-10-14 05:00:00,11.06,311.66675,990.6259,3.3019707,5.8456492,0.0,0.0
2021-10-14 06:00:00,10.63,311.99677,989.89514,2.9465544,6.039226,0.0,0.0
2021-10-14 07:00:00,10.3,311.77234,989.52734,2.7904265,6.4641557,0.0,0.0
2021-10-14 08:00:00,10.07,311.51263,989.64966,2.772471,6.668206,0.0,0.0
2021-10-14 09:00:00,9.86,310.8512,989.9775,2.9931428,6.921776,0.0,0.0
2021-10-14 10:00:00,10.0,309.19986,990.7619,3.46019,7.6921067,0.0,0.0
2021-10-14 11:00:00,10.98,307.58206,991.32587,4.3761635,8.377546,0.0,0.0
2021-10-14 12:00:00,11.97,306.24002,991.6467,5.04568,8.707331,0.0,0.0
2021-10-14 13:00:00,12.7,305.10114,991.9891,5.4759207,8.749541,0.0,0.0
2021-10-14 14:00:00,13.66,304.01465,992.19336,5.290942,8.7922945,0.0,0.0
2021-10-14 15:00:00,14.53,302.90173,992.04767,4.6618285,9.018484,0.0,0.0
2021-10-14 16:00:00,14.56,301.7658,991.66956,4.1665273,9.394774,0.0,0.0
2021-10-14 17:00:00,13.77,300.66705,991.5253,3.8353953,9.836808,0.0,0.0
2021-10-14 18:00:00,13.06,299.61548,991.385,3.446175,10.355672,0.0,0.0
2021-10-14 19:00:00,12.9,297.62408,991.98517,3.5218627,13.462903,0.0,0.0
2021-10-14 20:00:00,12.88,296.78497,992.3353,3.6498206,13.7812805,0.0,0.0
2021-10-14 21:00:00,12.61,296.1798,992.85864,3.6456852,13.883742,0.0,0.0
2021-10-14 22:00:00,12.44,296.60904,993.68365,3.454011,13.238149,0.0,0.0
2021-10-14 23:00:00,12.65,300.0353,994.3384,4.293902,10.135724,0.0,0.0
2021-10-15 00:00:00,13.36,303.62033,994.5441,5.1107035,7.6589527,0.0017243454,0.0
2021-10-15 01:00:00,13.17,306.95868,994.2249,5.286996,6.0688214,0.0,0.0
2021-10-15 02:00:00,13.49,309.47186,993.53906,5.013535,5.296463,0.0,0.0
2021-10-15 03:00:00,14.2,310.9726,992.5069,4.429565,5.3416333,0.0,0.0
2021-10-15 04:00:00,14.76,311.93127,991.28125,4.0230107,5.549918,0.0,0.0
2021-10-15 05:00:00,14.72,312.4284,990.15784,3.4929547,5.8738594,0.0,0.0
2021-10-15 06:00:00,14.61,312.66245,989.35376,3.1149998,6.193773,0.0,0.0
2021-10-15 07:00:00,14.23,312.667,988.86237,2.2079728,6.6851616,0.0,0.0
2021-10-15 08:00:00,14.12,312.3726,988.8703,2.1238546,6.91951,0.0,0.0
2021-10-15 09:00:00,14.02,311.80658,989.29614,2.2201447,7.123048,0.0,0.0
2021-10-15 10:00:00,14.09,310.44,990.0525,2.7945817,7.6850877,0.0,0.0
2021-10-15 11:00:00,14.33,308.6615,990.6575,3.519389,8.345263,0.0,0.0
2021-10-15 12:00:00,14.31,307.10022,991.0644,4.1446795,8.891591,0.0,0.0
2021-10-15 13:00:00,14.14,305.7625,991.1033,4.8516245,9.466173,0.0,0.0
2021-10-15 14:00:00,14.26,304.69885,991.26843,4.8800526,10.02892,0.0,0.0
2021-10-15 15:00:00,14.15,303.5943,991.16,4.541794,10.605824,0.0,0.0
2021-10-15 16:00:00,13.86,302.50226,990.6898,4.555965,11.088319,0.0,0.0
2021-10-15 17:00:00,13.38,301.6384,990.5867,4.2562776,11.459403,0.0,0.0
2021-10-15 18:00:00,13.28,300.70877,990.4956,3.0603867,12.2019,0.0,0.0
2021-10-15 19:00:00,13.24,298.39188,991.21796,1.3942276,16.426601,0.0,0.0
2021-10-15 20:00:00,13.45,297.0792,991.64825,1.4997408,18.822338,0.0,0.0
2021-10-15 21:00:00,13.59,296.43655,992.3077,1.4970946,20.256712,0.0,0.0
2021-10-15 22:00:00,13.26,296.1607,992.95667,1.8698983,20.697945,0.0,0.0
2021-10-15 23:00:00,13.15,300.96967,993.7297,2.6739473,12.6211195,0.0,0.0
2021-10-16 00:00:00,12.45,305.19098,994.10333,4.4652843,8.834487,0.0,0.0
2021-10-16 01:00:00,12.74,308.5345,993.71967,6.1753836,7.0810704,0.0,0.0
2021-10-16 02:00:00,12.65,311.07428,992.74744,7.4279356,6.2549577,0.0,0.0
2021-10-16 03:00:00,12.7,312.53156,991.5691,6.865256,6.0850315,0.0,0.0
2021-10-16 04:00:00,13.14,313.41467,990.158,5.7321606,6.1687226,0.0,0.0
2021-10-16 05:00:00,13.36,313.99908,989.03534,4.82163,6.359786,0.0,0.0
2021-10-16 06:00:00,13.72,314.2676,988.02563,4.095217,6.6961846,0.0,0.0
2021-10-16 07:00:00,13.39,314.5246,987.34546,3.1930335,6.4696302,0.0,0.0
2021-10-16 08:00:00,13.33,314.25632,987.27185,2.7049074,6.739404,0.0,0.0
2021-10-16 09:00:00,13.52,313.72052,987.574,2.0087106,7.1521835,0.0,0.0
2021-10-16 10:00:00,14.71,312.50964,988.02856,0.71701145,7.9514494,0.0,0.0
2021-10-16 11:00:00,16.5,311.2516,988.6058,0.22138615,8.673407,0.0,0.0
2021-10-16 12:00:00,19.81,308.44073,989.40405,2.153432,11.54524,0.0,0.0
2021-10-16 13:00:00,21.88,307.0824,989.9927,4.228116,13.356543,0.0,0.0
2021-10-16 14:00:00,22.64,305.66644,990.54736,4.963397,15.815719,0.0,0.0
2021-10-16 15:00:00,23.74,304.45172,990.245,5.1467175,18.793655,0.0,0.0
2021-10-16 16:00:00,24.87,303.21973,989.9205,5.1606956,26.159492,0.0,0.0
2021-10-16 17:00:00,24.18,302.15073,989.93365,4.751901,33.426945,0.0,0.0
2021-10-16 18:00:00,23.62,301.20398,990.02435,4.5102406,38.325455,0.0,0.0
2021-10-16 19:00:00,23.1,299.98444,990.58923,4.4249377,45.69136,0.0,0.0
2021-10-16 20:00:00,23.39,299.32877,991.16205,3.8339567,47.799103,0.0,0.0
2021-10-16 21:00:00,23.9,298.68472,991.8278,3.4030766,49.669483,0.0,0.0
2021-10-16 22:00:00,24.03,299.0866,992.5758,2.9478145,48.500477,0.0,0.0
2021-10-16 23:00:00,23.83,301.88043,993.30347,3.6232054,38.58838,0.0,0.0
2021-10-17 00:00:00,22.6,304.99728,994.1216,4.0831623,26.226583,0.0,0.0
2021-10-17 01:00:00,22.76,307.67078,993.86475,4.44715,19.336237,0.0,0.0
2021-10-17 02:00:00,23.34,309.78754,993.15155,4.7713943,16.689096,0.0,0.0
2021-10-17 03:00:00,23.95,311.36224,992.03534,5.095179,15.839854,0.0,0.0
2021-10-17 04:00:00,24.47,312.4536,991.12506,5.1974583,15.164639,0.0,0.0
2021-10-17 05:00:00,24.9,313.12115,990.2078,5.135274,14.755619,0.0,0.0
2021-10-17 06:00:00,25.32,313.39883,989.33655,4.85635,14.562408,0.0,0.0
2021-10-17 07:00:00,25.47,313.55838,988.8705,4.2373347,13.643344,0.0,0.0
2021-10-17 08:00:00,25.94,313.25388,988.8928,4.133916,13.677895,0.0,0.0
2021-10-17 09:00:00,25.5,312.5635,989.1577,3.8373108,14.222613,0.0,0.0
2021-10-17 10:00:00,25.61,311.61185,989.9537,2.8948936,15.257589,0.0,0.0
2021-10-17 11:00:00,25.46,310.31567,990.58435,2.7220123,16.816174,0.0,0.0
2021-10-17 12:00:00,25.93,309.01172,991.34344,3.0674114,18.582064,0.0,0.0
2021-10-17 13:00:00,25.81,307.7583,991.8175,4.7547145,21.235195,0.0,0.0
2021-10-17 14:00:00,25.12,305.90778,992.4403,6.3883862,27.661934,0.0,0.0
2021-10-17 15:00:00,24.71,304.11023,992.4419,6.449659,33.93165,0.0,0.0
2021-10-17 16:00:00,25.58,302.85828,992.40875,6.4572973,38.026352,0.0,0.0
2021-10-17 17:00:00,25.99,301.92633,992.33966,6.0611777,41.761963,0.0,0.0
2021-10-17 18:00:00,25.61,300.93704,992.57104,5.4052105,46.86603,0.0,0.0
2021-10-17 19:00:00,24.98,300.0075,993.5175,4.1749873,51.805096,0.0,0.0
2021-10-17 20:00:00,24.82,299.3188,993.8925,3.4615135,57.3365,0.0,0.0
2021-10-17 21:00:00,25.8,298.77643,994.7461,2.9746575,62.749527,0.0,0.0
2021-10-17 22:00:00,28.13,298.91953,995.3784,2.9622579,65.764305,0.0,0.0
2021-10-17 23:00:00,29.43,300.64807,996.41077,3.8004315,58.556896,0.0,0.0
2021-10-18 00:00:00,31.14,302.9206,996.85876,3.685684,45.930325,0.0017106533,0.0
2021-10-18 01:00:00,31.58,305.51813,996.51056,3.736499,35.71473,0.0,0.0
2021-10-18 02:00:00,31.85,307.93222,995.89,3.880163,29.10669,0.0,0.0
2021-10-18 03:00:00,30.82,309.90613,994.93823,4.2102165,25.697723,0.0,0.0
2021-10-18 04:00:00,30.02,311.2497,993.661,3.8460073,22.705647,0.0,0.0
2021-10-18 05:00:00,30.49,311.72577,992.7097,3.3812444,20.566242,0.0,0.0
2021-10-18 06:00:00,30.65,311.93585,992.0172,3.2035735,19.765018,0.0,0.0
2021-10-18 07:00:00,31.59,312.31873,991.49854,2.219741,18.773355,0.0,0.0
2021-10-18 08:00:00,32.17,312.27786,991.6744,2.183546,18.734543,0.0,0.0
2021-10-18 09:00:00,32.31,311.9288,991.83905,2.370643,19.078403,0.0,0.0
2021-10-18 10:00:00,32.69,311.05188,992.80725,2.8950484,20.42683,0.0,0.0
2021-10-18 11:00:00,32.84,310.09973,993.4281,3.4372337,22.105963,0.0,0.0
2021-10-18 12:00:00,32.77,308.8833,993.96844,3.498654,24.08781,0.0,0.0
2021-10-18 13:00:00,33.28,307.81494,994.28156,3.5540967,25.785532,0.0,0.0
2021-10-18 14:00:00,33.68,307.00348,994.5696,3.557361,27.03715,0.0,0.0
2021-10-18 15:00:00,33.93,306.2105,994.2735,3.8256726,28.502851,0.0,0.0
2021-10-18 16:00:00,34.56,305.2168,993.96204,4.4603357,31.566065,0.0,0.0
2021-10-18 17:00:00,35.01,304.24994,993.9572,5.030334,36.341343,0.0,0.0
2021-10-18 18:00:00,35.01,303.4401,994.0058,5.0338125,40.024338,0.0,0.0
2021-10-18 19:00:00,34.23,301.8855,994.64276,4.3317266,45.824127,0.0,0.0
2021-10-18 20:00:00,33.87,301.19037,995.1033,4.0416183,47.848484,0.0,0.0
2021-10-18 21:00:00,33.86,300.65768,995.65564,3.752143,49.21376,0.0,0.0
2021-10-18 22:00:00,33.22,301.12253,996.52344,3.3607142,47.54772,0.0,0.0
2021-10-18 23:00:00,32.24,303.7142,997.16064,3.7902195,37.695236,0.0,0.0
2021-10-19 00:00:00,31.34,306.3451,997.6664,3.776266,28.954319,0.0,0.0
2021-10-19 01:00:00,31.0,308.6352,997.28424,3.8521836,24.979921,0.0,0.0
2021-10-19 02:00:00,31.04,310.45624,996.45264,3.8513327,22.497032,0.0,0.0
2021-10-19 03:00:00,31.12,311.85654,995.4797,3.7721276,20.546822,0.0,0.0
2021-10-19 04:00:00,30.95,312.8955,994.4094,3.5017104,18.976768,0.0,0.0
2021-10-19 05:00:00,30.86,313.61536,993.21906,3.2453709,17.79337,0.0,0.0
2021-10-19 06:00:00,30.44,314.04144,992.39813,3.1645017,16.999046,0.0,0.0
2021-10-19 07:00:00,30.54,314.39136,992.1436,3.4063919,15.461424,0.0,0.0
2021-10-19 08:00:00,30.65,314.03983,991.9942,3.6040223,15.429646,0.0,0.0
2021-10-19 09:00:00,30.74,313.45056,992.4153,3.6963375,15.816577,0.0,0.0
2021-10-19 10:00:00,30.55,312.34613,993.22186,3.1402185,16.928055,0.0,0.0
2021-10-19 11:00:00,29.95,311.08545,993.92377,3.2389812,18.32946,0.0,0.0
2021-10-19 12:00:00,29.46,309.91724,994.5666,4.1768947,19.723986,0.0,0.0
2021-10-19 13:00:00,29.66,308.65344,995.04126,6.14458,21.745882,0.0,0.0
2021-10-19 14:00:00,30.86,307.18372,995.20544,7.9835544,26.750422,0.0,0.0
2021-10-19 15:00:00,31.62,306.04443,994.95404,8.566858,30.872446,0.0,0.0
2021-10-19 16:00:00,31.67,305.0614,994.5759,7.8624425,32.55756,0.0,0.0
2021-10-19 17:00:00,32.16,304.03958,994.43945,6.904609,34.584618,0.0,0.0
2021-10-19 18:00:00,33.58,303.0619,994.47235,6.1744933,36.434967,0.0,0.0
2021-10-19 19:00:00,34.65,301.82364,995.1239,5.0199766,40.258724,0.0,0.0
2021-10-19 20:00:00,35.06,300.94934,995.67773,4.0072827,44.415848,0.0,0.0
2021-10-19 21:00:00,34.64,300.2866,996.1961,2.8724859,48.4556,0.0,0.0
2021-10-19 22:00:00,34.0,300.58295,996.72485,2.3807557,49.611187,0.0,0.0
2021-10-19 23:00:00,34.47,302.21927,997.12286,2.4363706,46.694878,0.0,0.0
2021-10-20 00:00:00,33.69,304.36176,996.8766,2.5592809,41.0609,0.0012993813,0.0
2021-10-20 01:00:00,33.38,306.8098,996.365,2.8914006,34.241123,0.0,0.0
2021-10-20 02:00:00,33.3,309.27286,995.4375,3.2069433,27.241282,0.0,0.0
2021-10-20 03:00:00,33.45,311.34454,994.14484,4.0929747,21.990261,0.0,0.0
2021-10-20 04:00:00,33.71,312.72028,992.9815,4.8367214,19.59666,0.0,0.0
2021-10-20 05:00:00,33.8,313.52112,991.8148,5.2184377,18.56631,0.0,0.0
2021-10-20 06:00:00,33.74,313.89825,990.7491,5.3233814,18.019127,0.0,0.0
2021-10-20 07:00:00,34.71,314.0274,989.91986,4.609327,17.345892,0.0,0.0
2021-10-20 08:00:00,34.97,313.77188,990.08014,4.669427,17.648134,0.0,0.0
2021-10-20 09:00:00,35.08,313.11237,990.3217,4.692954,18.327171,0.0,0.0
2021-10-20 10:00:00,35.28,312.08783,991.0323,3.7120793,19.452156,0.0,0.0
2021-10-20 11:00:00,35.35,311.07996,991.7294,3.0971143,20.642494,0.0,0.0
2021-10-20 12:00:00,34.85,310.03247,992.2202,2.9666457,21.941038,0.0,0.0
2021-10-20 13:00:00,34.19,308.9892,992.6188,3.190725,23.311552,0.0,0.0
2021-10-20 14:00:00,33.74,308.10587,992.5581,3.631998,24.556055,0.0,0.0
2021-10-20 15:00:00,33.24,307.30695,992.09436,4.2272773,25.809399,0.0,0.0
2021-10-20 16:00:00,32.3,306.59036,991.476,4.5217347,26.973175,0.0,0.0
2021-10-20 17:00:00,31.57,305.8336,990.89557,4.469769,28.036352,0.0,0.0
2021-10-20 18:00:00,31.15,305.21765,990.4215,4.4640894,28.785042,0.0,0.0
2021-10-20 19:00:00,30.86,303.65155,990.6029,3.6243525,29.740265,0.0,0.0
2021-10-20 20:00:00,29.85,302.79056,991.1783,3.6104193,31.053225,0.0,0.0
2021-10-20 21:00:00,28.19,301.99503,992.19086,3.4500022,31.923649,0.0,0.0
2021-10-20 22:00:00,26.71,302.31326,993.10315,2.887054,29.843456,0.0,0.0
2021-10-20 23:00:00,25.26,304.47107,993.9162,3.8869617,22.022041,0.0,0.0
2021-10-21 00:00:00,23.28,306.6358,994.3603,4.1180706,17.21699,0.0,0.0
2021-10-21 01:00:00,23.01,309.01306,994.2439,4.1660786,14.237599,0.0,0.0
2021-10-21 02:00:00,23.04,310.9741,993.54706,4.1496787,13.350667,0.0,0.0
2021-10-21 03:00:00,22.85,312.47662,992.55096,3.8892772,12.600448,0.0,0.0
2021-10-21 04:00:00,22.79,313.66196,991.29456,3.9473202,11.627975,0.0,0.0
2021-10-21 05:00:00,22.45,314.5144,990.3084,4.2558875,11.0179405,0.0,0.0
2021-10-21 06:00:00,22.01,314.95477,989.53186,4.5720205,10.59329,0.0,0.0
2021-10-21 07:00:00,21.66,314.9746,989.0284,4.447931,10.090038,0.0,0.0
2021-10-21 08:00:00,20.98,314.63696,989.0698,4.508416,10.163162,0.0,0.0
2021-10-21 09:00:00,20.79,313.89996,989.3631,4.433851,10.481796,0.0,0.0
2021-10-21 10:00:00,20.76,312.4472,990.3862,3.3823066,11.411382,0.0,0.0
2021-10-21 11:00:00,20.24,311.05652,991.3455,3.207451,12.406841,0.0,0.0
2021-10-21 12:00:00,19.24,309.62924,991.78284,3.257955,13.497853,0.0,0.0
2021-10-21 13:00:00,18.96,308.23987,991.9126,3.4814672,14.607409,0.0,0.0
2021-10-21 14:00:00,18.25,307.01178,991.812,3.7834837,15.576402,0.0,0.0
2021-10-21 15:00:00,17.07,305.972,991.78546,4.238853,16.142515,0.0,0.0
2021-10-21 16:00:00,15.83,305.05408,991.4917,4.6738663,15.636102,0.0,0.0
2021-10-21 17:00:00,14.69,304.1902,991.28467,4.8018346,13.835798,0.0,0.0
2021-10-21 18:00:00,14.01,303.3351,991.2132,4.713105,12.110969,0.0,0.0
2021-10-21 19:00:00,14.41,302.2671,991.4864,4.1203623,11.35357,0.0,0.0
2021-10-21 20:00:00,14.46,301.37436,992.18616,3.9134815,11.386216,0.0,0.0
2021-10-21 21:00:00,13.91,300.52847,992.64294,3.553866,11.767624,0.0,0.0
2021-10-21 22:00:00,13.42,300.72363,993.5661,2.9701183,11.774562,0.0,0.0
2021-10-21 23:00:00,13.25,303.67828,994.59735,3.5475323,9.6465225,0.0,0.0
2021-10-22 00:00:00,12.63,306.68176,994.8039,4.0630817,8.2711935,0.0,0.0
2021-10-22 01:00:00,12.4,309.72003,994.7753,4.491995,7.073241,0.0,0.0
2021-10-22 02:00:00,12.5,311.98953,993.9333,4.765869,6.1799383,0.0,0.0
2021-10-22 03:00:00,12.37,313.33362,992.9116,4.429612,6.311031,0.0,0.0
2021-10-22 04:00:00,12.07,314.24445,991.802,4.6943808,6.2591767,0.0,0.0
2021-10-22 05:00:00,11.86,314.91452,990.71124,5.2085133,5.756391,0.0,0.0
2021-10-22 06:00:00,11.84,315.17505,989.95294,5.4396524,5.3679924,0.0,0.0
2021-10-22 07:00:00,12.13,315.01752,989.61304,5.017173,5.8261476,0.0,0.0
2021-10-22 08:00:00,11.76,314.5802,989.67334,5.129369,5.6784067,0.0,0.0
2021-10-22 09:00:00,11.36,313.75433,990.37427,5.062314,5.5956388,0.0,0.0
2021-10-22 10:00:00,11.12,311.82764,991.156,4.02923,6.0388966,0.0,0.0
2021-10-22 11:00:00,10.27,310.02466,991.9891,3.8546426,6.4657702,0.0,0.0
2021-10-22 12:00:00,9.47,308.36035,992.5549,3.9928634,6.9041877,0.0,0.0
2021-10-22 13:00:00,9.76,306.88684,992.8655,4.265939,7.412671,0.0,0.0
2021-10-22 14:00:00,9.87,305.6462,992.8553,4.4056635,8.047258,0.0,0.0
2021-10-22 15:00:00,10.25,304.5528,992.6319,4.588169,8.871268,0.0,0.0
2021-10-22 16:00:00,10.93,303.60413,992.1783,4.878855,9.873383,0.0,0.0
2021-10-22 17:00:00,11.46,302.74493,991.7316,4.822355,10.9901705,0.0,0.0
2021-10-22 18:00:00,11.85,301.8645,991.52155,4.4491343,12.1711035,0.0,0.0
2021-10-22 19:00:00,12.22,300.77475,992.0106,3.3763077,13.2027,0.0,0.0
2021-10-22 20:00:00,12.52,299.7447,992.50024,2.7276273,14.639488,0.0,0.0
2021-10-22 21:00:00,13.0,298.6222,993.09924,2.2657158,16.800549,0.0,0.0
2021-10-22 22:00:00,13.29,298.82526,993.90717,1.6130676,18.369913,0.0,0.0
2021-10-22 23:00:00,13.47,302.81183,994.78375,1.7837204,12.559668,0.0,0.0
2021-10-23 00:00:00,13.79,305.67102,995.1392,2.3430517,10.800097,0.0017195939,0.0
2021-10-23 01:00:00,14.16,308.4256,994.9261,2.4572437,9.454998,0.0,0.0
2021-10-23 02:00:00,14.69,310.9442,994.28156,2.3138459,8.264816,0.0,0.0
2021-10-23 03:00:00,14.74,312.7503,993.2531,1.6951919,7.1049824,0.0,0.0
2021-10-23 04:00:00,14.75,313.66296,992.12994,0.9447799,6.5291038,0.0,0.0
2021-10-23 05:00:00,14.71,314.53497,991.11487,2.0027597,6.1176987,0.0,0.0
2021-10-23 06:00:00,14.73,315.00867,990.30554,2.7120893,5.969949,0.0,0.0
2021-10-23 07:00:00,15.05,315.2995,989.86993,2.9991734,6.020647,0.0,0.0
2021-10-23 08:00:00,15.22,314.935,989.64874,3.1489828,6.1854367,0.0,0.0
2021-10-23 09:00:00,15.25,314.2797,989.79407,3.3475235,6.3537574,0.0,0.0
2021-10-23 10:00:00,15.55,312.7329,990.4395,3.299692,6.8954864,0.0,0.0
2021-10-23 11:00:00,15.61,311.0473,990.9581,3.7868204,7.445537,0.0,0.0
2021-10-23 12:00:00,15.29,309.47626,991.1947,3.9641383,7.9290175,0.0,0.0
2021-10-23 13:00:00,15.48,308.10214,991.3906,3.900988,8.416135,0.0,0.0
2021-10-23 14:00:00,15.33,306.7876,991.57983,3.773956,9.023859,0.0,0.0
2021-10-23 15:00:00,15.43,305.65887,991.2328,3.8220787,9.695265,0.0,0.0
2021-10-23 16:00:00,16.11,304.78845,990.73944,4.0012674,10.447897,0.0,0.0
2021-10-23 17:00:00,16.13,303.98615,990.692,3.8237834,11.686078,0.0,0.0
2021-10-23 18:00:00,16.35,302.8636,990.96423,2.4858067,13.703548,0.0,0.0
2021-10-23 19:00:00,16.48,301.5727,991.683,1.3752389,13.907589,0.0,0.0
2021-10-23 20:00:00,17.63,300.29465,991.87537,3.1024702,15.266257,0.0,0.0
2021-10-23 21:00:00,18.98,298.89337,992.3089,2.4097152,18.593246,0.0,0.0
2021-10-23 22:00:00,19.59,299.90375,993.2261,0.85038316,19.187967,0.0,0.0
2021-10-23 23:00:00,20.03,302.3344,993.9519,0.14910471,16.266027,0.0,0.0
2021-10-24 00:00:00,19.38,304.5878,994.21655,0.12141785,14.003465,0.0,0.0
2021-10-24 01:00:00,20.27,306.82526,994.0034,0.81758803,12.424536,0.0,0.0
2021-10-24 02:00:00,22.93,309.13983,993.5701,1.6908495,11.334367,0.0,0.0
2021-10-24 03:00:00,24.32,311.18146,992.6937,2.5456312,10.408277,0.0,0.0
2021-10-24 04:00:00,25.2,312.73938,991.7099,3.0484798,9.900863,0.0,0.0
2021-10-24 05:00:00,26.44,313.7308,990.7036,3.198125,9.511661,0.0,0.0
2021-10-24 06:00:00,27.38,314.273,989.77075,3.2823248,9.241541,0.0,0.0
2021-10-24 07:00:00,27.28,314.74213,989.3956,3.8996775,9.045594,0.0,0.0
2021-10-24 08:00:00,26.19,314.38873,988.9952,4.1777186,9.268742,0.0,0.0
2021-10-24 09:00:00,24.94,313.7019,989.4444,4.353087,9.575663,0.0,0.0
2021-10-24 10:00:00,24.2,312.34555,990.0044,3.775348,10.413744,0.0,0.0
2021-10-24 11:00:00,23.93,310.92038,990.71906,4.136946,11.836977,0.0,0.0
2021-10-24 12:00:00,24.77,309.59186,991.02466,5.420996,15.170011,0.0,0.0
2021-10-24 13:00:00,28.02,307.8548,991.3871,6.671712,23.82885,0.0,0.0
2021-10-24 14:00:00,30.19,306.14798,991.90906,6.3060923,30.788092,0.0,0.0
2021-10-24 15:00:00,31.46,304.84454,991.70447,5.642257,33.965347,0.0,0.0
2021-10-24 16:00:00,32.73,303.78467,991.9264,4.170442,36.2656,0.0,0.0
2021-10-24 17:00:00,32.71,302.89932,992.3228,3.8686283,39.186745,0.0,0.0
2021-10-24 18:00:00,31.21,302.0678,992.1806,4.2195153,43.04683,0.0,0.0
2021-10-24 19:00:00,30.29,300.75928,992.3876,4.524589,51.68258,0.0,0.0
2021-10-24 20:00:00,30.3,299.77832,992.81195,4.464781,58.87485,0.0,0.0
2021-10-24 21:00:00,30.05,298.925,993.3801,4.1228333,66.47471,0.0,0.0
2021-10-24 22:00:00,29.96,299.03278,993.97235,4.217211,70.82707,0.0,0.0
2021-10-24 23:00:00,29.79,300.71252,994.51483,4.5201716,64.55364,0.0,0.0
2021-10-25 00:00:00,27.78,303.3188,994.5414,4.480472,50.71589,0.0,0.0
2021-10-25 01:00:00,27.85,306.30817,994.4819,4.596604,36.19116,0.0,0.0
2021-10-25 02:00:00,28.09,308.8237,993.4267,4.4236526,26.675219,0.0,0.0
2021-10-25 03:00:00,27.93,310.64124,992.2047,3.8332427,21.202806,0.0,0.0
2021-10-25 04:00:00,27.75,311.98108,990.9964,3.318802,18.061169,0.0,0.0
2021-10-25 05:00:00,27.6,312.95023,989.90814,3.1970847,16.163136,0.0,0.0
2021-10-25 06:00:00,27.46,313.30746,989.11725,3.0717504,15.221201,0.0,0.0
2021-10-25 07:00:00,27.97,313.92346,988.1064,2.581981,13.830098,0.0,0.0
2021-10-25 08:00:00,27.91,313.8789,987.8486,3.23357,13.670442,0.0,0.0
2021-10-25 09:00:00,28.29,313.22363,988.33795,4.816021,14.399619,0.0,0.0
2021-10-25 10:00:00,29.37,311.77948,988.9833,5.698133,16.877535,0.0,0.0
2021-10-25 11:00:00,31.4,310.3006,989.9236,7.178464,20.48645,0.0,0.0
2021-10-25 12:00:00,34.98,308.33215,990.47314,8.066043,27.44956,0.0,0.0
2021-10-25 13:00:00,35.49,306.55273,991.22626,7.961165,35.126762,0.0,0.0
2021-10-25 14:00:00,36.43,305.07092,991.59015,7.3967695,40.554592,0.0,0.0
2021-10-25 15:00:00,37.17,303.75507,991.7131,6.8488894,45.118233,0.0,0.0
2021-10-25 16:00:00,38.0,302.66797,991.7012,6.2845364,49.126423,0.0,0.0
2021-10-25 17:00:00,37.9,301.784,991.83936,5.598807,53.00135,0.0,0.0
2021-10-25 18:00:00,37.95,301.00934,992.09595,4.4163065,57.82218,0.0,0.0
2021-10-25 19:00:00,38.89,300.36655,993.1133,4.236198,65.69,0.0,0.0
2021-10-25 20:00:00,38.83,299.84567,993.5198,3.7484467,70.80191,0.0,0.0
2021-10-25 21:00:00,38.47,299.49365,994.09454,3.2938175,74.82751,0.0,0.0
2021-10-25 22:00:00,38.97,299.73386,994.622,3.7521951,74.45457,0.0,0.0
2021-10-25 23:00:00,39.89,301.28775,995.25214,3.8778205,65.12679,0.0,0.0
2021-10-26 00:00:00,40.42,303.42688,995.6195,3.7510471,54.01568,0.0042928103,0.0
2021-10-26 01:00:00,40.03,305.9332,995.45294,3.9571378,42.912342,0.0,0.0
2021-10-26 02:00:00,40.68,308.32748,994.2007,4.353505,33.429398,0.0,0.0
2021-10-26 03:00:00,40.94,310.2071,993.11053,4.5704327,27.663723,0.00641495,0.0
2021-10-26 04:00:00,41.09,311.3891,991.90375,4.359898,24.905,0.007688999,0.0
2021-10-26 05:00:00,41.57,311.8046,991.07837,3.92321,23.487305,0.0012665987,0.0
2021-10-26 06:00:00,42.39,312.19177,990.5167,3.7219753,22.851217,0.0,0.0
2021-10-26 07:00:00,43.15,311.8562,990.2431,3.3194952,22.479588,0.0,0.0
2021-10-26 08:00:00,43.43,311.9245,990.2218,3.2544806,22.367664,0.0,0.099999994
2021-10-26 09:00:00,43.88,311.2624,990.1303,3.1294215,23.15341,0.0,15.629999
2021-10-26 10:00:00,43.96,310.4384,991.03284,4.7410183,24.41227,0.0,0.01
2021-10-26 11:00:00,43.43,309.03864,992.0469,5.6462955,27.51192,0.0,0.0
2021-10-26 12:00:00,43.26,308.0061,992.53955,5.3009276,29.936943,0.0,0.0
2021-10-26 13:00:00,42.59,307.42218,992.8794,4.7786384,31.201223,0.0,0.0
2021-10-26 14:00:00,42.5,306.8744,992.9818,4.770066,32.636353,0.0,0.0
2021-10-26 15:00:00,42.84,306.00446,992.86365,5.69969,36.222847,0.009149313,0.0
2021-10-26 16:00:00,41.75,304.82297,992.72455,6.0688677,42.033047,0.002771616,0.0
2021-10-26 17:00:00,38.76,303.7576,992.84393,5.819898,47.264523,0.0,0.0
2021-10-26 18:00:00,36.79,302.8669,992.6044,5.502607,51.137127,0.0,0.0
2021-10-26 19:00:00,37.06,301.42255,992.6944,4.9910035,56.23824,0.0,0.0
2021-10-26 20:00:00,37.47,300.99823,993.1574,4.210449,58.583294,0.0,0.0
2021-10-26 21:00:00,37.77,300.61847,994.0645,3.6102588,59.421844,0.0,0.0
2021-10-26 22:00:00,37.9,300.89868,995.1336,3.52128,56.98626,0.0,0.0
2021-10-26 23:00:00,38.02,301.87354,995.9958,3.4363637,50.323902,0.0,0.0
2021-10-27 00:00:00,38.61,303.68427,996.24994,3.2703173,39.967766,0.02900064,0.0
2021-10-27 01:00:00,37.71,305.37817,995.91455,3.1581452,31.094213,0.0,0.0
2021-10-27 02:00:00,37.21,307.1949,995.2025,3.2943738,25.399784,0.0,0.0
2021-10-27 03:00:00,35.42,308.83652,994.39594,3.8106487,22.731075,0.0,0.0
2021-10-27 04:00:00,32.58,309.73563,993.64874,3.9526765,21.940855,0.0,0.0
2021-10-27 05:00:00,30.25,310.2978,992.7739,3.907244,21.523935,0.0,0.0
2021-10-27 06:00:00,28.23,310.94156,992.06396,3.7892976,20.975046,0.0,0.0
2021-10-27 07:00:00,27.33,311.93042,991.2955,3.3148048,17.424328,0.0,0.0
2021-10-27 08:00:00,26.11,311.68585,991.2882,3.3390212,17.582767,0.0,0.0
2021-10-27 09:00:00,25.55,311.18726,991.41766,3.243402,18.107752,0.0,0.0
2021-10-27 10:00:00,25.6,310.16986,992.16425,2.583267,19.386013,0.0,0.0
2021-10-27 11:00:00,25.93,309.27112,992.733,2.2471657,20.67497,0.0,0.0
2021-10-27 12:00:00,27.05,308.3891,993.2699,1.8944966,22.05509,0.0,0.0
2021-10-27 13:00:00,27.91,307.133,993.52374,1.2735401,25.955645,0.0,0.0
2021-10-27 14:00:00,28.71,306.17572,993.65955,2.2772076,25.94695,0.0,0.0
2021-10-27 15:00:00,29.96,305.46017,993.6511,4.437441,29.768265,0.0,0.0
2021-10-27 16:00:00,29.95,304.2481,993.28986,5.495752,38.467278,0.0,0.0
2021-10-27 17:00:00,29.09,303.41638,993.0146,5.276817,43.183407,0.0,0.0
2021-10-27 18:00:00,28.05,302.8024,992.77783,4.854743,43.378864,0.0,0.0
2021-10-27 19:00:00,27.42,301.45578,992.84576,4.2868466,42.376587,0.0,0.0
2021-10-27 20:00:00,26.35,300.6571,993.2659,3.7480793,42.406597,0.0,0.0
2021-10-27 21:00:00,25.56,299.94574,993.785,3.339767,42.83463,0.0,0.0
2021-10-27 22:00:00,25.05,300.5275,994.4978,3.0617676,40.533615,0.0,0.0
2021-10-27 23:00:00,24.6,302.85394,995.2097,3.7095842,32.72385,0.0,0.0
2021-10-28 00:00:00,25.14,305.25574,995.3057,3.7097006,25.333235,0.0,0.0
2021-10-28 01:00:00,25.14,307.6274,994.9997,3.8298645,20.772575,0.0,0.0
2021-10-28 02:00:00,25.21,309.67896,994.2408,4.139786,19.09354,0.0,0.0
2021-10-28 03:00:00,24.99,311.23465,993.3645,4.0833707,17.849312,0.0,0.0
2021-10-28 04:00:00,24.9,312.23236,992.0142,3.6012933,16.968098,0.0,0.0
2021-10-28 05:00:00,24.65,312.8943,990.83264,3.3148563,16.457478,0.0,0.0
2021-10-28 06:00:00,24.58,313.36523,990.0239,3.448949,15.51161,0.0,0.0
2021-10-28 07:00:00,24.96,313.27283,989.6514,2.5749214,15.177403,0.0,0.0
2021-10-28 08:00:00,25.23,313.10718,989.5808,2.8506882,15.032916,0.0,0.0
2021-10-28 09:00:00,25.88,312.58032,989.6887,3.0919905,15.275064,0.0,0.0
2021-10-28 10:00:00,26.3,311.64648,990.40485,2.9696586,16.131874,0.0,0.0
2021-10-28 11:00:00,26.45,310.65747,990.91034,2.8049476,17.248144,0.0,0.0
2021-10-28 12:00:00,27.41,309.6095,991.4049,2.8447578,18.559772,0.0,0.0
2021-10-28 13:00:00,28.22,308.63727,992.0389,3.6958728,20.280235,0.0,0.0
2021-10-28 14:00:00,29.88,307.4663,992.22876,4.6533666,23.63705,0.0,0.0
2021-10-28 15:00:00,32.57,306.44342,991.91077,4.643582,27.06624,0.0,0.0
2021-10-28 16:00:00,34.38,305.55292,991.43713,4.353173,29.51997,0.0,0.0
2021-10-28 17:00:00,34.66,304.8059,991.3242,4.371297,31.62205,0.0,0.0
2021-10-28 18:00:00,34.27,304.00024,991.47034,4.350312,34.29461,0.0,0.0
2021-10-28 19:00:00,34.27,302.50195,991.8175,4.2004757,41.274853,0.0,0.0
2021-10-28 20:00:00,34.17,301.70575,992.7619,3.9671276,44.285152,0.0,0.0
2021-10-28 21:00:00,32.91,301.02585,993.7246,3.9209611,46.442177,0.0,0.0
2021-10-28 22:00:00,30.78,301.5893,994.5598,4.472481,44.568523,0.0,0.0
2021-10-28 23:00:00,29.1,303.58112,994.8858,5.6611366,37.34254,0.0,0.0
2021-10-29 00:00:00,25.85,305.7663,994.993,5.276599,30.441463,0.0,0.0
2021-10-29 01:00:00,24.99,307.96542,994.6344,4.6603746,24.991007,0.0,0.0
2021-10-29 02:00:00,24.17,309.8941,993.78656,4.16988,21.335676,0.0,0.0
2021-10-29 03:00:00,23.1,311.34653,992.9338,3.9955974,19.719774,0.0,0.0
2021-10-29 04:00:00,22.15,312.31482,991.96,3.6159425,18.473116,0.0,0.0
2021-10-29 05:00:00,21.64,312.78317,990.92847,3.2848818,17.827467,0.0,0.0
2021-10-29 06:00:00,21.35,313.20212,990.26685,3.1318083,17.184427,0.0,0.0
2021-10-29 07:00:00,22.42,313.60776,989.7791,3.055265,15.362224,0.0,0.0
2021-10-29 08:00:00,22.83,313.3382,989.5815,3.2768738,15.592268,0.0,0.0
2021-10-29 09:00:00,24.0,312.68542,989.7087,3.3865864,16.258078,0.0,0.0
2021-10-29 10:00:00,24.85,311.77014,990.47095,3.373859,17.527863,0.0,0.53
2021-10-29 11:00:00,25.51,310.70587,991.3564,3.6881409,19.197603,0.0,0.0
2021-10-29 12:00:00,26.29,309.57166,991.6638,4.231063,20.90786,0.0,0.0
2021-10-29 13:00:00,27.13,308.5605,992.207,5.01946,22.685722,0.0,0.0
2021-10-29 14:00:00,27.96,307.59906,992.4345,5.3392687,24.736969,0.0,0.0
2021-10-29 15:00:00,29.31,306.52686,992.0108,5.7522135,28.628927,0.0,0.0
2021-10-29 16:00:00,30.1,305.43527,991.6131,6.3551326,36.1976,0.0,0.0
2021-10-29 17:00:00,31.41,304.4486,991.3133,6.44583,41.65315,0.0,0.0
2021-10-29 18:00:00,34.27,303.6196,991.4506,5.7198243,43.329742,0.0,0.0
2021-10-29 19:00:00,37.25,302.08856,992.5206,4.770572,49.944096,0.0,0.0
2021-10-29 20:00:00,39.16,301.34717,993.59094,3.4783635,52.572395,0.0,0.0
2021-10-29 21:00:00,39.71,300.8471,994.5736,2.8632307,55.14844,0.0,0.0
2021-10-29 22:00:00,38.98,301.02533,995.58685,3.669882,55.112904,0.0,0.0
2021-10-29 23:00:00,37.46,302.2318,996.0491,4.070896,49.308735,0.0,0.0
2021-10-30 00:00:00,36.49,304.03433,996.1345,4.3306336,41.48947,0.0,0.0
2021-10-30 01:00:00,37.16,305.9931,995.65625,4.4293137,34.957905,0.0,0.0
2021-10-30 02:00:00,37.49,307.56598,994.83405,4.3903675,30.991932,0.0,0.0
2021-10-30 03:00:00,37.46,308.98615,993.7447,4.2299185,28.00721,0.0,0.0
2021-10-30 04:00:00,38.13,310.14142,992.58014,4.2079873,25.69988,0.0,0.0
2021-10-30 05:00:00,39.48,310.90656,991.4918,3.9929645,24.236847,0.0,0.0
2021-10-30 06:00:00,40.6,311.2279,990.7232,3.7505338,23.504383,0.0,0.0
2021-10-30 07:00:00,40.65,311.68054,990.4484,4.2624035,21.570835,0.0,0.0
2021-10-30 08:00:00,40.11,311.42902,990.072,4.6224165,21.788849,0.0,0.0
2021-10-30 09:00:00,39.99,310.6574,990.55664,4.184275,22.474152,0.0,0.0
2021-10-30 10:00:00,41.17,309.8089,991.6408,3.7586403,23.733719,0.0,0.01
2021-10-30 11:00:00,42.68,308.80566,993.0064,6.0264697,27.127245,0.003233552,0.0
2021-10-30 12:00:00,42.53,306.3581,994.3021,8.110935,37.420624,0.021398067,0.0
2021-10-30 13:00:00,41.21,304.6184,994.6856,7.4594574,45.20298,0.0,0.69
2021-10-30 14:00:00,39.87,303.85596,995.0842,7.040025,48.144325,0.0,0.0
2021-10-30 15:00:00,38.8,303.46967,995.0017,5.57813,43.871777,0.08916855,0.0
2021-10-30 16:00:00,37.59,302.4251,994.8222,7.06109,32.973854,0.0,0.0
2021-10-30 17:00:00,37.69,300.7236,994.42487,6.7293506,36.3888,0.0,0.0
2021-10-30 18:00:00,38.43,299.89398,994.1937,5.631231,40.592228,0.0,0.0
2021-10-30 19:00:00,39.07,297.04907,994.83716,6.440995,50.627327,0.003412366,0.0
2021-10-30 20:00:00,39.64,296.84766,994.72546,5.391205,52.519,0.0,0.0
2021-10-30 21:00:00,40.01,296.70554,995.41455,4.2709713,54.844177,0.0,0.0
2021-10-30 22:00:00,40.13,297.20422,996.11096,5.0390134,55.925728,0.0,0.0
2021-10-30 23:00:00,40.2,299.01605,996.4553,5.250903,53.38759,0.0,0.0
2021-10-31 00:00:00,39.6,301.66473,996.3653,5.335212,47.17054,0.11854172,0.0
2021-10-31 01:00:00,39.32,304.5622,996.08374,5.319831,38.67225,0.0,0.0
2021-10-31 02:00:00,38.63,306.95337,995.146,4.4814463,32.674152,0.0,0.0
2021-10-31 03:00:00,38.13,308.66687,994.0694,3.2041101,29.465067,0.0,0.0
2021-10-31 04:00:00,38.52,309.84732,992.91626,2.2232332,26.809967,0.0,0.0
2021-10-31 05:00:00,38.82,310.7641,991.8834,2.0968533,24.556355,0.0,0.0
2021-10-31 06:00:00,39.37,311.58612,991.0122,2.2210276,22.86697,0.0,0.0
2021-10-31 07:00:00,40.21,312.22034,990.6289,2.7138283,21.880074,0.0,0.0
2021-10-31 08:00:00,40.93,311.88312,989.8603,2.4021695,22.191856,0.0,0.0
2021-10-31 09:00:00,42.44,311.15656,990.3169,2.3788226,22.67686,0.0064074993,0.0
2021-10-31 10:00:00,44.0,309.91547,991.98486,4.926647,25.108576,0.0089854,0.90999997
2021-10-31 11:00:00,44.93,305.35883,994.7317,5.782734,40.44213,0.3453195,0.0
2021-10-31 12:00:00,45.4,305.23245,994.3084,1.4663427,39.887627,0.023514032,0.0
2021-10-31 13:00:00,45.06,304.7834,994.4921,1.0379744,40.9773,0.08031726,0.0
2021-10-31 14:00:00,44.35,304.0066,994.60345,3.336541,43.766914,0.43156743,0.0
2021-10-31 15:00:00,44.68,302.55072,994.7748,4.780011,49.73937,0.15385449,0.0
2021-10-31 16:00:00,45.85,301.94138,994.29047,4.166971,52.0014,0.053599477,0.0
2021-10-31 17:00:00,46.14,301.61908,993.49963,3.4366858,53.975815,0.0,0.0
2021-10-31 18:00:00,46.75,301.37744,993.21313,3.007482,55.860435,0.0,0.0
2021-10-31 19:00:00,46.78,301.1808,993.6143,2.6343048,56.17076,0.0,0.0
2021-10-31 20:00:00,45.62,300.45667,994.0725,2.4205577,60.66317,0.0,0.0
2021-10-31 21:00:00,45.2,299.88446,995.0433,2.0052576,66.17455,0.0,0.0
2021-10-31 22:00:00,44.96,300.39993,996.1373,2.0490074,65.42694,0.0,0.0
2021-10-31 23:00:00,44.7,301.71814,996.6975,2.01822,60.094337,0.0,0.0
2021-11-01 00:00:00,43.2,303.26624,996.8378,1.5814008,53.399487,1.10358,0.0
2021-11-01 01:00:00,42.25,304.90332,996.31085,1.880341,47.93769,0.0,0.0
2021-11-01 02:00:00,41.25,306.5897,995.2492,2.4720294,42.51107,0.0,0.0
2021-11-01 03:00:00,40.76,308.00464,994.3807,2.8431182,38.243183,0.0,0.0
2021-11-01 04:00:00,40.66,309.10608,993.322,3.082365,35.17541,0.0,0.0
2021-11-01 05:00:00,40.12,309.6463,992.37476,3.1154125,33.558697,0.0,0.0
2021-11-01 06:00:00,39.05,310.05606,991.49445,2.9019322,32.487144,0.0,0.0
2021-11-01 07:00:00,38.62,311.1533,990.455,3.167088,27.175453,0.0,0.0
2021-11-01 08:00:00,38.08,311.30212,990.0435,3.32659,26.642218,0.0,0.0
2021-11-01 09:00:00,38.16,311.13644,990.1069,3.8917089,26.628191,0.0,0.0
2021-11-01 10:00:00,37.89,309.57996,991.79767,5.7981467,29.34807,0.16286969,0.0
2021-11-01 11:00:00,37.85,308.01813,993.1845,4.8115015,32.33274,0.04695356,0.0
2021-11-01 12:00:00,38.59,307.5857,993.84827,2.504053,32.668392,0.06248057,0.0
2021-11-01 13:00:00,39.28,306.63345,994.6119,1.83749,35.432446,0.014528632,0.0
2021-11-01 14:00:00,39.9,305.54114,994.84436,2.4543674,38.33843,0.0,0.0
2021-11-01 15:00:00,40.83,304.54852,994.7509,3.0451636,41.47501,0.0,0.0
2021-11-01 16:00:00,42.83,303.80017,994.6811,3.6060474,44.141327,0.0,0.0
2021-11-01 17:00:00,42.26,303.16013,994.4524,4.096737,46.117268,0.0,0.0
2021-11-01 18:00:00,41.75,302.49084,994.4341,4.458044,49.275036,0.0,0.0
2021-11-01 19:00:00,42.27,301.95184,994.2481,3.6664038,52.734108,0.0,0.0
2021-11-01 20:00:00,43.74,301.46158,994.7264,3.26432,55.70215,0.0,0.0
2021-11-01 21:00:00,44.54,301.14343,995.228,3.0385072,57.251793,0.0,0.0
2021-11-01 22:00:00,45.23,301.47305,995.9972,3.1619835,55.69588,0.0,0.0
2021-11-01 23:00:00,45.48,302.55463,996.91956,3.1042273,51.39442,0.0,0.0
2021-11-02 00:00:00,43.88,304.01147,997.02814,2.7822104,46.4717,0.28774142,0.0
2021-11-02 01:00:00,43.55,305.25336,996.72406,2.758107,41.525784,0.0,0.0
2021-11-02 02:00:00,43.07,306.7508,995.7966,2.9293108,36.308727,0.0,0.0
2021-11-02 03:00:00,43.34,308.38742,994.6083,3.031815,31.996101,0.0,0.0
2021-11-02 04:00:00,43.66,309.6861,993.37,2.80523,28.977993,0.0,0.0
2021-11-02 05:00:00,43.43,310.61377,992.35,2.39161,27.081352,0.0,0.0
2021-11-02 06:00:00,43.68,310.99237,991.605,2.1906397,26.2162,0.0,0.0
2021-11-02 07:00:00,43.36,311.44977,991.1778,1.6447858,25.548225,0.0019297004,0.0
2021-11-02 08:00:00,42.79,311.3971,990.8072,1.9582224,25.544008,0.0021457672,0.0
2021-11-02 09:00:00,43.01,310.83438,990.8744,1.8665066,26.127869,0.07575899,0.0
2021-11-02 10:00:00,43.89,310.39008,991.63776,1.9253037,26.218405,0.10211765,0.0
2021-11-02 11:00:00,44.78,309.77374,992.4215,2.1247096,27.55457,0.0,0.0
2021-11-02 12:00:00,44.94,309.40588,993.34296,2.483535,28.811888,0.010199845,0.0
2021-11-02 13:00:00,45.26,308.61267,994.3544,2.9181104,30.00198,0.23911893,0.0
2021-11-02 14:00:00,46.0,307.31366,994.9998,1.952172,34.422222,0.042766333,0.0
2021-11-02 15:00:00,47.17,306.7522,994.52563,1.4875247,36.276024,0.008806586,0.0
2021-11-02 16:00:00,49.39,306.18115,994.0795,0.3104574,41.040813,0.04389885,0.0
2021-11-02 17:00:00,49.87,305.3587,993.7042,1.1468736,41.859985,0.07669628,0.0
2021-11-02 18:00:00,49.96,305.0422,993.2997,0.6176792,44.017494,0.0,0.0
2021-11-02 19:00:00,49.49,304.1231,993.2622,3.4179313,42.060833,0.0,0.06
2021-11-02 20:00:00,48.94,303.40793,993.7728,3.4385748,44.50112,0.0,0.089999996
2021-11-02 21:00:00,49.32,302.8683,994.6848,3.7099743,46.495674,0.0,0.0
2021-11-02 22:00:00,49.62,303.44702,995.51,4.104807,45.74239,0.0,0.0
2021-11-02 23:00:00,49.4,305.02643,996.1039,4.9821286,41.938446,0.0,0.0
2021-11-03 00:00:00,48.36,307.16595,995.9995,5.2173853,36.072796,0.60518706,0.0
2021-11-03 01:00:00,48.0,309.1391,995.7444,5.3568807,31.008783,0.0,0.0
2021-11-03 02:00:00,47.17,310.70993,994.87384,5.1111226,27.242453,0.0,0.0
2021-11-03 03:00:00,46.83,311.94855,993.8883,4.589761,24.756327,0.0,0.0
2021-11-03 04:00:00,46.98,313.1186,992.7992,3.9328897,22.833223,0.0,0.0
2021-11-03 05:00:00,46.78,313.84198,991.65436,3.4648778,21.64256,0.0,0.0
2021-11-03 06:00:00,45.79,314.35785,990.6994,3.3889976,20.76885,0.0,0.0
2021-11-03 07:00:00,45.65,313.57635,990.7961,4.2060604,23.25218,0.0060871243,0.02
2021-11-03 08:00:00,45.96,313.12003,989.96,3.869918,24.02528,0.19377023,0.85
2021-11-03 09:00:00,47.45,311.68152,990.7748,5.2097697,26.541754,0.002580884,3.32
2021-11-03 10:00:00,48.35,309.74506,992.1908,5.082724,31.255692,0.0,0.0
2021-11-03 11:00:00,46.69,309.39972,993.1278,4.5412946,32.047386,0.0,0.0
2021-11-03 12:00:00,45.44,309.00098,994.2136,5.2620845,32.61985,0.025093555,0.0
2021-11-03 13:00:00,46.09,307.385,995.5428,6.0672503,37.797268,0.029876828,0.0
2021-11-03 14:00:00,48.48,304.78564,996.35,6.169021,47.52439,0.06766617,0.0
2021-11-03 15:00:00,52.21,302.69745,996.5164,5.6981864,56.752193,0.33248958,0.0
2021-11-03 16:00:00,55.01,300.73175,996.1881,3.8765152,68.04115,1.0256618,0.0
2021-11-03 17:00:00,55.98,300.71356,995.47455,2.6466591,67.95566,0.28537226,0.0
2021-11-03 18:00:00,56.18,300.7264,994.8964,2.63597,67.7475,0.0021457672,0.22
2021-11-03 19:00:00,55.47,300.37762,994.9525,3.3176389,73.19031,0.062197447,2.86
2021-11-03 20:00:00,53.2,300.2473,994.96216,2.8696072,74.70266,0.0047683716,2.9499998
2021-11-03 21:00:00,50.42,300.21008,995.845,3.1520674,75.855125,0.0,3.4499998
2021-11-03 22:00:00,48.36,300.40857,996.65643,4.566018,75.46004,0.002771616,2.1399999
2021-11-03 23:00:00,47.75,301.0703,997.4878,5.0146313,71.95738,0.003516674,0.31
2021-11-04 00:00:00,47.73,302.4903,997.60065,4.6913247,64.83803,2.047106,0.089999996
2021-11-04 01:00:00,47.16,304.21454,997.5422,4.679947,57.036304,0.0,0.14999999
2021-11-04 02:00:00,47.25,305.58258,996.7548,4.2316294,50.739693,0.02846308,0.0
2021-11-04 03:00:00,47.33,306.8413,995.5825,3.9924643,45.498405,0.008918345,0.0
2021-11-04 04:00:00,47.29,307.9215,994.21765,3.6897104,41.45766,0.003963709,0.0
2021-11-04 05:00:00,45.76,308.9093,993.21844,3.6912208,38.235138,0.02489239,0.0
2021-11-04 06:00:00,43.76,309.29462,992.47845,3.8537562,37.194454,0.020354986,0.0
2021-11-04 07:00:00,42.01,309.42297,991.7683,4.3691597,36.52603,0.00946522,0.0
2021-11-04 08:00:00,40.44,309.3708,991.2533,4.08792,34.99988,0.0021487502,0.0
2021-11-04 09:00:00,39.88,308.78174,991.70276,3.4597292,35.32902,0.0,0.0
2021-11-04 10:00:00,40.2,308.23886,992.20514,3.2495227,36.06285,0.0,0.0
2021-11-04 11:00:00,41.78,307.71576,992.89056,3.2145212,37.15108,0.0,0.0
2021-11-04 12:00:00,43.19,307.06635,993.34406,3.6611993,38.536663,0.0,0.0
2021-11-04 13:00:00,44.5,306.2625,993.9324,3.8858519,40.64956,0.0,0.0
2021-11-04 14:00:00,45.32,305.3571,994.17224,3.8281739,43.782227,0.0,0.0
2021-11-04 15:00:00,45.72,304.42575,993.877,3.5260012,47.70533,0.0,0.0
2021-11-04 16:00:00,46.26,303.75903,993.3642,3.193421,51.01983,0.0,0.0
2021-11-04 17:00:00,46.68,303.12115,992.796,2.663776,54.08147,0.0,0.0
2021-11-04 18:00:00,47.11,302.77213,992.2358,2.0826952,56.081997,0.0,0.0
2021-11-04 19:00:00,47.4,302.7481,992.1911,3.4446805,53.257866,0.0,0.0
2021-11-04 20:00:00,47.68,302.43732,992.5204,3.8175464,53.087627,0.0,0.0
2021-11-04 21:00:00,47.45,302.18524,993.135,3.1841013,53.318127,0.0,0.0
2021-11-04 22:00:00,47.83,302.9289,994.08765,2.0756433,51.579117,0.0,0.0
2021-11-04 23:00:00,48.45,304.27765,994.8567,1.6133674,47.00145,0.023946166,0.0
2021-11-05 00:00:00,,305.6651,995.15656,0.84851056,43.19934,0.15590191,0.0
2021-11-05 01:00:00,,307.38678,994.98865,0.5820806,38.75131,0.0,0.0
2021-11-05 02:00:00,,308.77344,993.8764,0.7535716,34.964577,0.001706183,0.0
2021-11-05 03:00:00,,309.83618,992.5687,1.0855802,32.468914,0.004693866,0.0
2021-11-05 04:00:00,,311.09418,991.2408,1.5564262,29.692196,0.0045225024,0.0
2021-11-05 05:00:00,,312.07428,990.02576,1.9814587,27.629358,0.0,0.0
2021-11-05 06:00:00,,312.44214,988.9967,1.7964232,26.593983,0.0,0.0
2021-11-05 07:00:00,,309.75128,989.77295,3.5500672,34.488564,0.0,2.79
2021-11-05 08:00:00,,309.17902,989.1692,2.454989,34.9259,0.0,4.89
2021-11-05 09:00:00,,309.3402,989.5017,1.6061926,34.28273,0.0,7.5599995
2021-11-05 10:00:00,,308.91895,989.8942,2.1346984,35.100258,0.0,8.1
2021-11-05 11:00:00,,308.56296,990.64185,2.710537,36.304646,0.0,8.68
2021-11-05 12:00:00,,307.7565,991.1946,3.7576318,39.43303,0.0,1.13
2021-11-05 13:00:00,,306.69052,991.89185,4.13277,43.96205,0.0,1.16
2021-11-05 14:00:00,,305.68365,991.8631,4.193789,47.921223,0.0,1.89
2021-11-05 15:00:00,,304.77283,991.19147,4.1991997,51.371773,0.0,0.06
2021-11-05 16:00:00,,304.12262,990.72174,3.8589697,54.038303,0.0,0.0
2021-11-05 17:00:00,,303.6649,990.25745,3.4726415,56.44921,0.0,0.0
2021-11-05 18:00:00,,303.1176,990.0005,3.0343704,59.72879,0.0,0.01
2021-11-05 19:00:00,,299.4442,992.062,0.99180037,73.91415,1.0293722,0.16999999
2021-11-05 20:00:00,,299.0535,991.82513,1.4347572,76.38918,1.2258291,0.32
2021-11-05 21:00:00,,298.8508,992.64343,1.3340001,77.32753,1.1249065,0.14999999
2021-11-05 22:00:00,,298.74762,992.9623,0.7806108,76.75574,1.5511659,0.14999999
2021-11-05 23:00:00,,299.15375,993.5865,0.7218117,72.75626,0.32131374,0.37
2021-11-06 00:00:00,47.23,299.77228,993.6117,0.9917682,69.274,5.592796,0.0
2021-11-06 01:00:00,47.28,300.71143,993.46606,1.2028056,65.84566,0.0,0.0
2021-11-06 02:00:00,48.06,301.94955,992.78064,1.5793493,61.78916,0.0136345625,0.0
2021-11-06 03:00:00,48.73,302.92303,991.9227,1.6184645,58.632153,0.0,0.0
2021-11-06 04:00:00,48.61,303.4391,990.7396,1.5540555,56.519463,0.0,0.0
2021-11-06 05:00:00,48.19,304.17065,989.60046,1.2621224,53.978165,0.0,0.0
2021-11-06 06:00:00,47.69,304.3471,988.75507,0.72522455,53.577415,0.075519085,0.0
2021-11-06 07:00:00,45.88,307.33063,987.08673,2.5466924,46.693615,0.0,0.0
2021-11-06 08:00:00,43.96,307.10803,986.47736,2.2988126,47.114017,0.0,0.0
2021-11-06 09:00:00,42.77,306.71063,986.88873,2.382006,48.63725,0.0,0.0
2021-11-06 10:00:00,41.92,305.42603,987.45514,2.7848814,56.261314,0.0,0.0
2021-11-06 11:00:00,41.35,304.4512,988.44653,2.8700085,61.51351,0.0,0.0
2021-11-06 12:00:00,40.43,303.6596,989.26843,2.7643886,65.85666,0.0,0.0
2021-11-06 13:00:00,40.79,303.02942,989.54767,3.1936412,68.297295,0.0,0.0
2021-11-06 14:00:00,41.63,302.36777,989.3522,3.2075276,70.89292,0.0,0.0
2021-11-06 15:00:00,42.82,301.73486,989.2492,3.0271266,73.97029,0.0,0.0
2021-11-06 16:00:00,44.49,301.36127,988.96515,3.3374176,75.65633,0.039592385,0.0
2021-11-06 17:00:00,46.09,300.86786,989.14813,2.5610588,77.63223,0.49814582,0.0
2021-11-06 18:00:00,48.41,300.41315,989.03827,2.458075,78.17019,1.9016266,0.0
2021-11-06 19:00:00,49.9,300.3854,989.50867,0.82014096,76.77002,0.015377998,0.0
2021-11-06 20:00:00,50.7,300.0772,989.8988,1.5657341,78.579384,0.08323184,0.0
2021-11-06 21:00:00,51.49,299.92816,990.46234,1.66692,80.404884,0.0,0.0
2021-11-06 22:00:00,51.99,300.47284,990.65826,1.8363858,76.9697,0.0,0.0
2021-11-06 23:00:00,52.24,301.65088,991.44617,2.8150654,70.66943,0.0,0.0
2021-11-07 00:00:00,48.89,303.14447,991.47284,2.7924078,64.140526,2.745965,0.0
2021-11-07 01:00:00,48.07,304.55502,991.317,2.1178446,58.03227,0.0,0.0
2021-11-07 02:00:00,46.55,305.739,990.6157,1.7277225,53.867268,0.00834465,0.0
2021-11-07 03:00:00,45.24,306.8642,989.6833,1.624411,49.527103,0.00949204,0.0
2021-11-07 04:00:00,45.08,307.97162,988.83044,1.8670062,45.34741,0.0,0.0
2021-11-07 05:00:00,45.06,308.9024,987.5446,2.0084562,41.740482,0.0,0.0
2021-11-07 06:00:00,44.92,309.51556,986.6298,1.9175655,38.98579,0.0,0.0
2021-11-07 07:00:00,45.27,309.9213,986.03687,1.1795126,37.97139,0.003406405,0.0
2021-11-07 08:00:00,45.92,309.87402,985.71857,1.0585296,37.421944,0.0,0.0
2021-11-07 09:00:00,46.59,308.3086,986.0825,2.719919,40.373867,0.66000223,0.0
2021-11-07 10:00:00,47.48,306.87628,987.4553,2.2449074,46.2817,0.0,0.0
2021-11-07 11:00:00,48.53,306.04083,988.0589,2.03794,51.68494,0.01656264,1.89
2021-11-07 12:00:00,49.81,303.54535,989.21075,2.5077188,59.8567,0.66161156,2.21
2021-11-07 13:00:00,50.04,303.93958,989.8691,0.9944335,59.4965,0.014106859,0.0
2021-11-07 14:00:00,50.73,303.50256,989.92346,1.1446958,63.70064,0.004604459,0.0
2021-11-07 15:00:00,51.22,303.37927,989.58374,2.8014817,62.065792,0.0,0.0
2021-11-07 16:00:00,51.15,303.09537,989.3879,3.9251428,58.590656,0.0,0.0
2021-11-07 17:00:00,51.76,302.669,989.22833,4.246079,59.186714,0.0,0.0
2021-11-07 18:00:00,52.28,302.16458,989.44025,4.638074,62.185287,0.04540384,0.0
2021-11-07 19:00:00,52.23,301.66104,989.65765,3.1414945,69.66731,0.027805567,0.0
2021-11-07 20:00:00,51.65,301.33173,990.03564,3.7347915,72.76085,0.06738305,0.0
2021-11-07 21:00:00,50.8,301.3062,990.5561,3.776183,73.80608,0.0,0.0
2021-11-07 22:00:00,50.35,301.94208,991.3374,3.8561351,70.40298,0.0,0.0
2021-11-07 23:00:00,49.75,303.19244,992.0799,4.7815814,59.233368,0.0,0.0
2021-11-08 00:00:00,48.92,304.64862,992.3611,4.295887,51.01297,1.5221753,0.0
2021-11-08 01:00:00,49.3,306.0569,992.4743,3.8650265,45.518906,0.0,0.0
2021-11-08 02:00:00,49.6,307.29526,991.6454,3.6252923,41.57278,0.009395182,0.0
2021-11-08 03:00:00,49.4,308.36478,990.887,3.372969,38.21729,0.0,0.0
2021-11-08 04:00:00,48.77,309.3397,989.8884,3.0161848,35.907635,0.005237758,0.0
2021-11-08 05:00:00,47.6,309.89722,988.9442,2.9363313,34.07105,0.025652349,0.0
2021-11-08 06:00:00,47.07,310.0213,987.96,3.0310702,32.974785,0.024028122,0.0
2021-11-08 07:00:00,46.73,310.27036,987.58,3.142054,31.491856,0.0,0.0
2021-11-08 08:00:00,47.46,309.96753,987.2177,3.3621848,31.629389,0.0,0.0
2021-11-08 09:00:00,49.15,309.4311,987.7617,3.8049955,32.219566,0.0,0.0
2021-11-08 10:00:00,50.76,307.77783,988.9111,5.2177253,36.737022,0.0136345625,0.0
2021-11-08 11:00:00,51.49,305.94836,990.07733,5.658019,43.628685,0.027731061,0.0
2021-11-08 12:00:00,52.41,304.6662,990.9536,4.5054073,50.02606,0.047239665,0.0
2021-11-08 13:00:00,53.42,304.06,991.3722,2.8499255,53.886414,0.0,0.0
2021-11-08 14:00:00,53.8,303.67,991.5405,1.7340382,56.83055,0.0,0.0
2021-11-08 15:00:00,54.25,303.3124,991.1323,1.2922044,59.731514,0.0,0.0
2021-11-08 16:00:00,54.21,302.81543,990.81146,0.8825287,63.090122,0.05930662,0.0
2021-11-08 17:00:00,53.36,302.3485,990.71564,2.0652282,64.71477,0.031376388,0.0
2021-11-08 18:00:00,52.53,301.9259,990.5039,2.579635,65.74646,0.0,0.0
2021-11-08 19:00:00,50.92,300.61935,990.6478,2.944035,69.211784,0.0,0.0
2021-11-08 20:00:00,49.49,300.39288,990.6323,2.5665255,70.41461,0.0,0.0
2021-11-08 21:00:00,48.12,300.19263,991.0631,2.6077785,71.6825,0.0,0.0
2021-11-08 22:00:00,46.68,301.08612,991.5453,2.8516521,68.09016,0.0,0.0
2021-11-08 23:00:00,46.23,302.41882,991.9814,3.699132,62.702267,0.0,0.0
2021-11-09 00:00:00,44.21,304.04626,992.0885,3.7360322,56.22713,0.24850236,0.0
2021-11-09 01:00:00,43.88,305.87595,991.7887,4.053447,48.02522,0.0,0.0
2021-11-09 02:00:00,43.8,307.76172,990.91766,4.4617624,39.28143,0.0,0.0
2021-11-09 03:00:00,43.38,309.37756,989.7914,4.891931,33.18779,0.0,0.0
2021-11-09 04:00:00,42.66,310.73135,988.6516,5.232154,29.326704,0.0,0.0
2021-11-09 05:00:00,42.03,311.6849,987.5204,5.512601,26.92453,0.0,0.0
2021-11-09 06:00:00,42.06,312.45956,986.6897,5.7575603,25.758585,0.0,0.0
2021-11-09 07:00:00,41.86,312.65094,985.82416,5.8156133,25.48761,0.0,0.0
2021-11-09 08:00:00,41.87,311.70422,985.5737,6.703696,27.231064,0.0,0.0
2021-11-09 09:00:00,42.07,309.49512,986.67236,8.120074,30.595917,0.004708767,0.0
2021-11-09 10:00:00,42.56,308.2921,987.365,6.6254845,32.206234,0.0,0.0
2021-11-09 11:00:00,43.59,307.567,988.0246,5.692291,33.866074,0.0,0.0
2021-11-09 12:00:00,45.12,306.8208,988.7776,5.1872506,36.710342,0.0,0.0
2021-11-09 13:00:00,45.26,306.0667,989.1716,5.242804,40.44725,0.0,0.0
2021-11-09 14:00:00,45.88,305.41254,989.6929,5.278792,43.793915,0.0,0.0
2021-11-09 15:00:00,46.28,304.68222,989.3689,5.434926,46.566723,0.0,0.0
2021-11-09 16:00:00,44.66,303.76715,989.15936,5.515495,49.983765,0.0,0.0
2021-11-09 17:00:00,42.48,302.8009,989.096,5.301816,54.206245,0.0,0.0
2021-11-09 18:00:00,41.25,301.8631,988.8642,5.010685,58.582924,0.0,0.0
2021-11-09 19:00:00,40.87,301.20782,988.6789,5.2197795,62.17971,0.0,0.0
2021-11-09 20:00:00,40.56,300.45972,989.0861,5.0696635,65.608376,0.0,0.0
2021-11-09 21:00:00,40.63,299.8307,990.07245,4.884998,68.45437,0.0,0.0
2021-11-09 22:00:00,40.92,300.04407,990.6291,5.548795,67.21084,0.0,0.0
2021-11-09 23:00:00,41.74,301.54095,991.33844,5.7878633,60.082024,0.0,0.0
2021-11-10 00:00:00,41.37,303.55835,991.2728,6.074663,51.76305,0.007071357,0.0
2021-11-10 01:00:00,41.45,305.60907,991.08984,6.4563622,44.601772,0.0,0.0
2021-11-10 02:00:00,42.3,307.44965,990.3674,6.7602115,38.72812,0.0,0.0
2021-11-10 03:00:00,42.94,308.96155,989.50104,7.1484404,34.465332,0.0,0.0
2021-11-10 04:00:00,43.86,310.2776,988.3703,7.6451874,31.044027,0.0,0.0
2021-11-10 05:00:00,44.95,311.2878,987.3515,8.074962,29.053652,0.0,0.0
2021-11-10 06:00:00,46.67,311.33124,986.32983,8.266457,29.297007,0.0,0.0
2021-11-10 07:00:00,47.07,311.6731,985.4547,8.264754,28.3003,0.0,0.0
2021-11-10 08:00:00,48.11,310.50253,985.51483,8.460741,31.403288,0.018492341,0.0
2021-11-10 09:00:00,48.66,308.0939,986.0584,7.543944,37.54016,0.9352118,0.0
2021-11-10 10:00:00,48.49,307.7043,987.0984,7.005246,36.945038,0.0,0.0
2021-11-10 11:00:00,47.66,307.23502,987.6325,5.831373,38.092396,0.0,0.0
2021-11-10 12:00:00,46.72,306.74988,988.0811,5.3600826,38.865295,0.0,0.0
2021-11-10 13:00:00,43.86,306.26074,988.6269,5.489487,38.74961,0.0,0.0
2021-11-10 14:00:00,40.14,305.49722,988.9183,5.559675,38.33106,0.0,0.0
2021-11-10 15:00:00,35.5,304.6493,988.6407,5.5023055,37.752487,0.0,0.0
2021-11-10 16:00:00,29.43,303.59607,988.3723,5.470977,37.376095,0.0,0.0
2021-11-10 17:00:00,24.16,302.748,988.2581,5.54492,36.480133,0.0,0.0
2021-11-10 18:00:00,21.1,301.6579,988.2517,5.3936925,36.25352,0.0,0.0
2021-11-10 19:00:00,19.44,300.12805,988.5687,4.690039,34.668415,0.0,0.0
2021-11-10 20:00:00,17.99,298.9764,989.05804,4.6157107,34.958836,0.0,0.0
2021-11-10 21:00:00,16.35,297.9206,989.9165,4.5176826,34.12391,0.0,0.0
2021-11-10 22:00:00,15.16,298.194,990.99884,4.667657,31.514349,0.0,0.0
2021-11-10 23:00:00,14.6,299.28647,991.86127,6.77174,30.539408,0.0,0.0
2021-11-11 00:00:00,12.34,300.91806,991.97156,7.397912,28.978577,0.95564085,0.0
2021-11-11 01:00:00,12.38,302.89038,992.10547,7.409451,25.535828,0.0,0.0
2021-11-11 02:00:00,12.53,304.81464,991.52576,6.858515,21.787828,0.0,0.0
2021-11-11 03:00:00,13.07,306.477,990.9487,6.1412396,18.975359,0.0,0.0
2021-11-11 04:00:00,12.5,307.77997,990.20233,5.5851235,17.050323,0.0,0.0
2021-11-11 05:00:00,12.44,308.73438,989.53265,5.213878,15.617211,0.0,0.0
2021-11-11 06:00:00,12.43,309.24548,988.7717,4.971084,14.460227,0.0,0.0
2021-11-11 07:00:00,12.43,309.52048,988.1716,4.8856254,13.387145,0.0,0.0
2021-11-11 08:00:00,12.58,309.20862,988.23096,5.1904297,13.003126,0.0,0.0
2021-11-11 09:00:00,12.8,308.38382,988.6836,5.594115,13.227947,0.0,0.0
2021-11-11 10:00:00,12.74,306.83984,989.2667,5.2810616,14.651869,0.0,0.0
2021-11-11 11:00:00,12.63,305.39624,990.21893,5.742449,16.199081,0.0,0.0
2021-11-11 12:00:00,12.56,304.14166,991.04236,6.2454515,17.628056,0.0,0.0
2021-11-11 13:00:00,12.18,302.97168,991.5678,6.869642,18.907627,0.0,0.0
2021-11-11 14:00:00,11.99,301.85223,991.9129,7.2404895,19.544655,0.0,0.0
2021-11-11 15:00:00,11.29,300.8045,991.97174,7.2519827,19.277582,0.0,0.0
2021-11-11 16:00:00,11.27,299.7774,991.9486,6.9303317,19.46263,0.0,0.0
2021-11-11 17:00:00,10.91,298.7862,992.1672,6.4884477,20.823265,0.0,0.0
2021-11-11 18:00:00,11.14,297.83643,992.3789,6.039969,22.975971,0.0,0.0
2021-11-11 19:00:00,11.3,296.2097,992.9428,6.156765,25.33768,0.0,0.0
2021-11-11 20:00:00,10.94,295.44672,993.53656,5.574691,27.152214,0.0,0.0
2021-11-11 21:00:00,10.7,294.7989,994.4025,4.9587727,28.449463,0.0,0.0
2021-11-11 22:00:00,10.52,295.47888,994.8561,4.9025474,27.184864,0.0,0.0
2021-11-11 23:00:00,9.99,297.20703,995.541,6.65792,24.622015,0.0,0.0
2021-11-12 00:00:00,10.31,299.3483,995.5365,6.821666,21.896114,0.0017131406,0.0
2021-11-12 01:00:00,10.18,301.6571,995.4927,6.639252,18.905514,0.0,0.0
2021-11-12 02:00:00,10.18,303.6949,994.9153,6.0717607,16.38484,0.0,0.0
2021-11-12 03:00:00,10.31,305.4147,993.9387,5.5522785,14.293771,0.0,0.0
2021-11-12 04:00:00,10.26,306.8424,992.87476,5.126703,12.398864,0.0,0.0
2021-11-12 05:00:00,10.3,307.91675,991.77594,4.914754,10.861455,0.0,0.0
2021-11-12 06:00:00,10.18,308.63278,990.8182,4.910599,9.684263,0.0,0.0
2021-11-12 07:00:00,9.39,308.6355,990.53516,4.222721,9.95176,0.0,0.0
2021-11-12 08:00:00,9.36,308.47095,990.1107,4.2163706,9.458401,0.0,0.0
2021-11-12 09:00:00,8.84,307.89502,990.4302,4.3371983,9.304703,0.0,0.0
2021-11-12 10:00:00,8.5,306.5739,991.2608,3.9779909,9.7765465,0.0,0.0
2021-11-12 11:00:00,8.74,305.05774,992.20026,4.5632715,10.404186,0.0,0.0
2021-11-12 12:00:00,8.78,303.75653,993.1208,5.2698007,10.911244,0.0,0.0
2021-11-12 13:00:00,8.96,302.62286,993.63165,5.648731,11.485917,0.0,0.0
2021-11-12 14:00:00,9.49,301.60202,994.0261,5.6708035,12.143241,0.0,0.0
2021-11-12 15:00:00,9.43,300.63016,993.79706,5.5588646,12.9313545,0.0,0.0
2021-11-12 16:00:00,10.37,299.7235,993.6298,5.309299,13.761434,0.0,0.0
2021-11-12 17:00:00,11.55,298.9126,993.1724,5.1538725,14.56938,0.0,0.0
2021-11-12 18:00:00,12.72,298.27344,992.9508,5.207384,15.288382,0.0,0.0
2021-11-12 19:00:00,13.42,296.63217,993.2215,4.9846926,16.458439,0.0,0.0
2021-11-12 20:00:00,13.49,295.96698,993.5959,4.7287226,17.465424,0.0,0.0
2021-11-12 21:00:00,13.56,295.36218,994.46625,4.4830995,18.39902,0.0,0.0
2021-11-12 22:00:00,13.75,296.38885,995.3328,4.462224,17.479301,0.0,0.0
2021-11-12 23:00:00,13.93,298.75604,995.9947,6.278217,15.243074,0.0,0.0
2021-11-13 00:00:00,14.06,301.37662,996.14966,6.8909473,13.429676,0.0012928153,0.0
2021-11-13 01:00:00,14.3,304.09204,996.02454,6.829261,11.588954,0.0,0.0
2021-11-13 02:00:00,14.43,306.28833,995.07806,6.021297,10.46796,0.0,0.0
2021-11-13 03:00:00,14.84,307.91565,993.895,5.0102096,10.044284,0.0,0.0
2021-11-13 04:00:00,14.66,309.04236,992.8028,4.059793,9.9613085,0.0,0.0
2021-11-13 05:00:00,14.64,309.76257,991.8106,3.2721612,10.007305,0.0,0.0
2021-11-13 06:00:00,14.18,310.17166,990.883,2.8864183,10.046925,0.0,0.0
2021-11-13 07:00:00,13.5,310.3164,990.39124,2.4445233,10.820346,0.0,0.0
2021-11-13 08:00:00,13.66,310.17493,989.9172,2.7405636,10.578275,0.0,0.0
2021-11-13 09:00:00,13.74,309.726,990.04626,3.0389397,10.592725,0.0,0.0
2021-11-13 10:00:00,13.49,308.5829,990.8145,3.3509545,11.137657,0.0,0.0
2021-11-13 11:00:00,13.62,307.10846,991.5225,4.1181254,11.832549,0.0,0.0
2021-11-13 12:00:00,13.52,305.75867,992.07794,4.744263,12.130671,0.0,0.0
2021-11-13 13:00:00,13.72,304.57117,992.53705,5.0087667,11.982748,0.0,0.0
2021-11-13 14:00:00,14.38,303.50226,993.09357,5.0900097,11.742146,0.0,0.0
2021-11-13 15:00:00,15.03,302.45282,992.89014,5.005353,11.822032,0.0,0.0
2021-11-13 16:00:00,15.57,301.4299,992.47437,4.726475,12.203686,0.0,0.0
2021-11-13 17:00:00,15.62,300.47815,992.1136,4.39992,12.741995,0.0,0.0
2021-11-13 18:00:00,16.43,299.60706,992.0475,4.2999725,13.454737,0.0,0.0
2021-11-13 19:00:00,17.41,298.05392,992.9779,3.427775,15.306812,0.0,0.0
2021-11-13 20:00:00,18.27,297.12073,993.622,3.4862118,16.451748,0.0,0.0
2021-11-13 21:00:00,19.22,296.4696,994.3282,3.486023,18.046522,0.0,0.0
2021-11-13 22:00:00,19.58,297.78583,995.1053,3.4975317,18.324373,0.0,0.0
2021-11-13 23:00:00,19.09,301.15076,995.57935,4.555733,17.1351,0.0,0.0
2021-11-14 00:00:00,18.51,304.09232,995.647,5.120611,15.552809,0.0017136335,0.0
2021-11-14 01:00:00,18.72,306.69327,995.1756,5.1811714,13.951,0.0,0.0
2021-11-14 02:00:00,18.9,308.6779,994.3769,4.71382,12.959094,0.0,0.0
2021-11-14 03:00:00,18.99,309.99597,993.37524,3.8556714,12.37131,0.0,0.0
2021-11-14 04:00:00,19.11,310.83795,992.20795,2.998318,12.031972,0.0,0.0
2021-11-14 05:00:00,19.51,311.4063,991.2276,2.3746514,11.673813,0.0,0.0
2021-11-14 06:00:00,20.15,311.75403,990.3245,2.167779,11.221666,0.0,0.0
2021-11-14 07:00:00,19.84,311.98773,989.90875,2.1729743,10.976025,0.0,0.0
2021-11-14 08:00:00,19.96,311.781,989.5187,2.35756,10.8843,0.0,0.0
2021-11-14 09:00:00,20.07,311.32153,989.63837,2.5590768,11.036533,0.0,0.0
2021-11-14 10:00:00,19.95,310.4002,990.3068,2.4929652,11.619197,0.0,0.0
2021-11-14 11:00:00,20.44,309.14264,991.04736,2.922682,12.535614,0.0,0.0
2021-11-14 12:00:00,20.64,307.80286,991.63196,3.530267,13.3961525,0.0,0.0
2021-11-14 13:00:00,21.37,306.5905,992.123,4.08074,14.009915,0.0,0.0
2021-11-14 14:00:00,21.5,305.5622,992.31445,4.3622327,14.44913,0.0,0.0
2021-11-14 15:00:00,21.16,304.8337,992.0128,4.435834,14.814113,0.0,0.0
2021-11-14 16:00:00,20.8,303.89676,991.8514,4.1637297,15.684655,0.0,0.0
2021-11-14 17:00:00,20.26,303.03662,991.46704,3.963013,16.702396,0.0,0.0
2021-11-14 18:00:00,19.85,301.96857,991.54376,3.6818233,17.878126,0.0,0.0
2021-11-14 19:00:00,20.14,300.45886,992.293,3.5576675,18.909538,0.0,0.0
2021-11-14 20:00:00,20.5,299.42194,992.6638,3.8364742,20.468872,0.0,0.0
2021-11-14 21:00:00,21.41,298.66895,993.4075,4.2398252,22.183523,0.0,0.0
2021-11-14 22:00:00,23.11,299.9256,993.9623,4.122498,21.619032,0.0,0.0
2021-11-14 23:00:00,25.58,303.21918,994.6398,4.4410834,19.68126,0.0,0.0
2021-11-15 00:00:00,26.63,305.61176,994.9164,3.9930592,23.110441,0.0012844801,0.0
2021-11-15 01:00:00,26.68,307.50073,994.46075,3.972262,23.81876,0.0,0.0
2021-11-15 02:00:00,26.85,309.2531,993.7431,4.857354,21.387444,0.0,0.0
2021-11-15 03:00:00,27.3,310.4718,992.6248,4.5010705,19.620285,0.0,0.0
2021-11-15 04:00:00,27.19,311.29352,991.55896,3.5558152,18.24549,0.0,0.0
2021-11-15 05:00:00,27.2,311.77493,990.4327,2.052716,16.724213,0.0,0.0
2021-11-15 06:00:00,27.11,311.97586,989.5104,1.4062455,15.913065,0.0,0.0
2021-11-15 07:00:00,26.28,311.82635,989.33966,2.0801678,16.581236,0.0,0.0
2021-11-15 08:00:00,25.66,311.59848,988.97266,2.4783597,16.565077,0.0,0.0
2021-11-15 09:00:00,25.32,311.34988,989.1848,2.7527916,16.39801,0.0,0.0
2021-11-15 10:00:00,25.03,310.7358,989.46606,2.6098287,16.409775,0.0,0.0
2021-11-15 11:00:00,25.38,310.0772,990.22546,2.4580483,16.603037,0.0,0.0
2021-11-15 12:00:00,25.2,309.35815,990.7928,2.8006585,16.48366,0.0,0.0
2021-11-15 13:00:00,25.58,308.4746,990.9517,3.244427,16.016792,0.0,0.0
2021-11-15 14:00:00,26.08,307.06143,991.3105,3.7743251,15.773357,0.0,0.0
2021-11-15 15:00:00,25.89,306.32935,991.0679,4.3299675,15.109438,0.0,0.0
2021-11-15 16:00:00,26.09,305.67767,990.9778,4.7612667,14.946887,0.0,0.0
2021-11-15 17:00:00,27.09,305.20435,990.77704,4.6242366,15.219209,0.0,0.0
2021-11-15 18:00:00,28.99,304.76385,991.00073,4.2184505,15.615074,0.0,0.0
2021-11-15 19:00:00,30.86,302.53497,992.0397,4.337459,31.766357,0.0,0.0
2021-11-15 20:00:00,33.22,301.5197,992.6922,4.2450676,48.794468,0.0,0.0
2021-11-15 21:00:00,36.42,300.8164,993.5669,3.5805166,56.479763,0.0,0.0
2021-11-15 22:00:00,38.27,301.42014,994.3808,3.3503413,57.898987,0.0,0.0
2021-11-15 23:00:00,38.9,303.15424,995.1097,3.6176333,51.987873,0.0,0.0
2021-11-16 00:00:00,31.4,305.09753,995.61237,2.8815577,43.88002,0.0,0.0
2021-11-16 01:00:00,31.46,306.7642,995.23706,1.7271291,36.895252,0.0,0.0
2021-11-16 02:00:00,30.22,308.26556,994.7125,1.4438671,29.730585,0.0,0.0
2021-11-16 03:00:00,26.77,309.2854,993.77765,1.8625897,25.44864,0.0,0.0
2021-11-16 04:00:00,24.12,310.16043,992.72046,1.6396284,22.67773,0.0,0.0
2021-11-16 05:00:00,22.99,310.7481,991.7914,1.2698022,20.609356,0.0,0.0
2021-11-16 06:00:00,22.91,311.05798,991.00726,1.0985881,19.402205,0.0,0.0
2021-11-16 07:00:00,21.67,312.11536,990.6863,2.1064672,13.811535,0.0,0.0
2021-11-16 08:00:00,21.46,312.19644,990.3214,2.0675654,12.278,0.0,0.0
2021-11-16 09:00:00,22.03,311.85672,990.4998,1.9836394,11.299,0.0,0.0
2021-11-16 10:00:00,22.88,311.26007,991.46265,1.620552,11.0871725,0.0,0.0
2021-11-16 11:00:00,23.36,310.41245,992.2099,1.7363088,11.792378,0.0,0.0
2021-11-16 12:00:00,23.3,309.06348,992.71704,2.0042577,13.048464,0.0,0.0
2021-11-16 13:00:00,24.09,307.51587,992.9409,2.3477407,14.364275,0.0,0.0
2021-11-16 14:00:00,23.9,306.1629,993.2784,2.9872093,14.999609,0.0,0.0
2021-11-16 15:00:00,23.34,304.9943,992.8834,3.4379327,15.033478,0.0,0.0
2021-11-16 16:00:00,23.25,304.0907,992.52563,3.659421,15.031573,0.0,0.0
2021-11-16 17:00:00,24.24,303.48236,992.22064,4.239619,15.256399,0.0,0.0
2021-11-16 18:00:00,26.21,302.95435,992.295,4.7249737,15.440886,0.0,0.0
2021-11-16 19:00:00,26.98,300.73083,993.6764,2.889696,19.983528,0.0,0.0
2021-11-16 20:00:00,27.21,299.69598,994.07697,2.658537,26.353899,0.0,0.0
2021-11-16 21:00:00,27.95,298.9305,994.7955,2.531562,36.120438,0.0,0.0
2021-11-16 22:00:00,28.45,300.08566,995.55884,2.018019,45.42257,0.0,0.0
2021-11-16 23:00:00,28.72,302.7234,996.4956,1.960563,52.136612,0.0,0.0
2021-11-17 00:00:00,,304.90924,996.56494,0.9769873,43.3078,0.0012904406,0.0
2021-11-17 01:00:00,,307.49225,995.9881,2.315649,25.696379,0.0,0.0
2021-11-17 02:00:00,,309.49323,995.18604,3.0248168,17.84652,0.0,0.0
2021-11-17 03:00:00,,311.01007,994.0542,3.200862,13.114893,0.0,0.0
2021-11-17 04:00:00,,312.21484,992.9746,3.3930662,10.301575,0.0,0.0
2021-11-17 05:00:00,,313.08328,991.8489,3.5905967,8.50193,0.0,0.0
2021-11-17 06:00:00,,313.64786,990.8836,3.6909976,7.514922,0.0,0.0
2021-11-17 07:00:00,,314.20615,989.9414,4.350223,7.1682544,0.0,0.0
2021-11-17 08:00:00,,314.17993,989.2736,4.4418545,6.9763174,0.0,0.0
2021-11-17 09:00:00,,313.78564,989.4961,4.58968,6.854821,0.0,0.0
2021-11-17 10:00:00,,312.4425,990.16846,3.8817835,7.1618476,0.0,0.0
2021-11-17 11:00:00,,310.83667,990.89954,3.9177318,7.6454496,0.0,0.0
2021-11-17 12:00:00,,309.31116,991.70056,4.61705,8.026836,0.0,0.0
2021-11-17 13:00:00,,308.0287,992.0428,5.324305,8.343361,0.0,0.0
2021-11-17 14:00:00,,306.9574,992.38983,5.3879123,8.788145,0.0,0.0
2021-11-17 15:00:00,,305.91016,992.0287,5.196511,9.32146,0.0,0.0
2021-11-17 16:00:00,,304.91028,991.5797,5.141394,9.815083,0.0,0.0
2021-11-17 17:00:00,,304.00854,991.3884,5.117941,10.230309,0.0,0.0
2021-11-17 18:00:00,,303.14215,991.27783,5.147701,10.550743,0.0,0.0
2021-11-17 19:00:00,,301.06403,991.69,4.134883,11.582632,0.0,0.0
2021-11-17 20:00:00,,299.80695,991.8498,3.1468241,12.481501,0.0,0.0
2021-11-17 21:00:00,,298.53333,992.73376,2.7165976,13.820024,0.0,0.0
2021-11-17 22:00:00,,299.31958,993.4825,2.326037,15.777263,0.0,0.0
2021-11-17 23:00:00,,302.17633,994.19904,2.4502487,25.983343,0.0,0.0
2021-11-18 00:00:00,,304.81592,994.247,2.3547072,28.768835,0.0,0.0
2021-11-18 01:00:00,,307.7769,993.95685,3.290562,17.576738,0.0,0.0
2021-11-18 02:00:00,,310.15506,993.05475,4.145982,11.02067,0.0,0.0
2021-11-18 03:00:00,,311.7358,991.65845,4.101963,7.65321,0.0,0.0
2021-11-18 04:00:00,,312.7517,990.5974,3.554199,6.1093106,0.0,0.0
2021-11-18 05:00:00,,313.41837,989.5082,2.9880123,5.284905,0.0,0.0
2021-11-18 06:00:00,,313.76956,988.47906,2.5174935,4.8806953,0.0,0.0
2021-11-18 07:00:00,,314.09958,987.5059,2.4264526,5.129678,0.0,0.0
2021-11-18 08:00:00,,313.90912,987.02856,2.2247286,5.112795,0.0,0.0
2021-11-18 09:00:00,,313.46875,987.21295,2.005802,5.1972833,0.0,0.0
2021-11-18 10:00:00,,312.5998,987.7684,1.0910338,5.5618634,0.0,0.0
2021-11-18 11:00:00,,311.3286,988.42017,0.20873603,8.644079,0.0,0.0
2021-11-18 12:00:00,,309.7984,988.80334,0.30293605,7.6195316,0.0,0.0
2021-11-18 13:00:00,,307.88202,989.17377,1.2676423,8.731481,0.0,0.0
2021-11-18 14:00:00,,305.28482,989.5915,2.5455127,9.801348,0.0,0.0
2021-11-18 15:00:00,,303.97635,989.428,3.0509665,10.436395,0.0,0.0
2021-11-18 16:00:00,,303.02924,988.8013,3.5893714,10.965104,0.0,0.0
2021-11-18 17:00:00,,302.2841,988.6184,3.9010584,11.369746,0.0,0.0
2021-11-18 18:00:00,,301.511,988.8017,4.915717,14.998515,0.0,0.0
2021-11-18 19:00:00,,299.86307,989.3855,4.2683654,44.0627,0.0,0.0
2021-11-18 20:00:00,,299.17493,989.79846,4.130094,58.04867,0.0,0.0
2021-11-18 21:00:00,,298.82394,990.36334,3.97495,63.056625,0.0,0.0
2021-11-18 22:00:00,,300.13147,991.2272,3.7871175,59.740078,0.0,0.0
2021-11-18 23:00:00,,302.94882,991.91327,4.761703,49.451633,0.0,0.0
2021-11-19 00:00:00,,305.66547,991.77234,4.8689413,38.680096,0.0,0.0
2021-11-19 01:00:00,,308.2845,991.5588,4.7090716,30.26791,0.0,0.0
2021-11-19 02:00:00,,310.4936,990.9961,4.716432,23.5781,0.0,0.0
2021-11-19 03:00:00,,312.03027,990.08234,4.2429147,18.63784,0.0,0.0
2021-11-19 04:00:00,,313.00916,989.1848,3.5638676,15.627125,0.0,0.0
2021-11-19 05:00:00,,313.61646,988.28174,3.005473,14.151083,0.0,0.0
2021-11-19 06:00:00,,313.95795,987.5402,2.73011,13.453484,0.0,0.0
2021-11-19 07:00:00,,314.1565,987.03534,2.527592,12.766154,0.0,0.0
2021-11-19 08:00:00,,313.95743,986.72015,2.5042672,12.848142,0.0,0.0
2021-11-19 09:00:00,,313.38037,986.6718,2.3402305,13.301553,0.0,0.0
2021-11-19 10:00:00,,312.54388,987.40344,2.007524,14.09111,0.0,0.0
2021-11-19 11:00:00,,311.4239,988.02795,2.2610357,15.268776,0.0,0.0
2021-11-19 12:00:00,,310.1425,988.8159,2.6495855,16.631702,0.0,0.0
2021-11-19 13:00:00,,308.8308,989.1622,3.0897005,17.96419,0.0,0.0
2021-11-19 14:00:00,,307.6997,989.14935,3.4118752,19.015331,0.0,0.0
2021-11-19 15:00:00,,306.7292,988.933,4.002455,19.87669,0.0,0.0
2021-11-19 16:00:00,,305.701,988.78284,4.8929806,21.838322,0.0,0.0
2021-11-19 17:00:00,,304.3978,989.1609,5.549728,27.65429,0.0,0.0
2021-11-19 18:00:00,,303.25867,989.58826,5.649155,34.108963,0.0,0.0
2021-11-19 19:00:00,,302.1642,989.855,4.6550307,41.464077,0.0,0.0
2021-11-19 20:00:00,,301.25836,990.27594,3.9583175,47.50755,0.0,0.0
2021-11-19 21:00:00,,300.5204,991.14343,3.324963,52.551373,0.0,0.0
2021-11-19 22:00:00,,301.35394,992.05255,3.0564978,52.158844,0.0,0.0
2021-11-19 23:00:00,,303.6372,992.8463,3.3046837,44.27389,0.0,0.0
2021-11-20 00:00:00,,306.07953,993.0814,3.0493717,33.830788,0.0,0.0
2021-11-20 01:00:00,,308.29633,992.54846,2.9640443,26.712275,0.0,0.0
2021-11-20 02:00:00,,310.41626,991.8512,3.2553692,20.844543,0.0,0.0
2021-11-20 03:00:00,,312.0384,991.012,3.430231,17.738012,0.0,0.0
2021-11-20 04:00:00,,313.20175,989.9253,3.1897361,16.085644,0.0,0.0
2021-11-20 05:00:00,,313.9417,988.98065,2.6316907,14.861168,0.0,0.0
2021-11-20 06:00:00,,314.31354,987.9732,1.9464818,14.0081625,0.0,0.0
2021-11-20 07:00:00,,314.64133,987.71796,1.9774271,13.066467,0.0,0.0
2021-11-20 08:00:00,,314.46777,987.65674,1.9576502,12.902981,0.0,0.0
2021-11-20 09:00:00,,314.03067,987.6818,2.1352305,12.969953,0.0,0.0
2021-11-20 10:00:00,,313.2908,988.34174,1.8434926,13.369618,0.0,0.0
2021-11-20 11:00:00,,312.43137,989.3504,1.4668205,14.173799,0.0,0.0
2021-11-20 12:00:00,,311.23785,989.985,1.3958125,15.885743,0.0,0.0
2021-11-20 13:00:00,,309.92694,990.4682,1.3013759,17.576525,0.0,0.0
2021-11-20 14:00:00,,308.22867,990.4925,1.9766504,18.931156,0.0,0.0
2021-11-20 15:00:00,,307.2494,990.08295,2.8431947,19.390388,0.0,0.0
2021-11-20 16:00:00,,306.48047,989.5786,4.6159735,20.490942,0.0,0.0
2021-11-20 17:00:00,,304.48267,989.84607,7.9126782,34.180363,0.0,0.0
2021-11-20 18:00:00,,303.21356,989.75494,7.611032,43.81797,0.0,0.0
2021-11-20 19:00:00,,301.85486,990.3367,6.929645,51.00814,0.0,0.0
2021-11-20 20:00:00,,301.66077,990.9612,5.9549184,48.53578,0.0,0.0
2021-11-20 21:00:00,,301.37268,991.63763,5.2858667,47.344692,0.0,0.0
2021-11-20 22:00:00,,302.23886,992.7372,5.0830154,44.172623,0.0,0.0
2021-11-20 23:00:00,,304.4198,992.9913,6.125787,36.555458,0.0,0.0
2021-11-21 00:00:00,26.2,306.89136,992.7042,6.4330754,28.56834,0.0012885698,0.0
2021-11-21 01:00:00,26.32,309.11133,991.97015,6.326789,23.808104,0.0,0.0
2021-11-21 02:00:00,26.17,311.15796,991.09607,5.7272677,20.378654,0.0,0.0
2021-11-21 03:00:00,26.08,312.95892,990.16705,5.0318623,17.601007,0.0,0.0
2021-11-21 04:00:00,26.22,314.20508,988.8113,3.9726694,15.636599,0.0,0.0
2021-11-21 05:00:00,27.02,314.75845,987.66064,2.5345786,14.514714,0.0,0.0
2021-11-21 06:00:00,27.47,315.0741,986.6503,1.4774922,13.852859,0.0,0.0
2021-11-21 07:00:00,27.95,315.22742,986.90045,1.8706474,13.534392,0.0,0.0
2021-11-21 08:00:00,28.46,315.0268,986.7508,1.7470078,13.605703,0.0,0.0
2021-11-21 09:00:00,29.24,314.5629,986.97455,1.9641547,13.91308,0.0,0.0
2021-11-21 10:00:00,29.29,313.90137,987.84546,2.5330472,14.524205,0.0,0.0
2021-11-21 11:00:00,29.7,312.87186,988.26794,3.0462542,15.665955,0.0,0.0
2021-11-21 12:00:00,30.19,311.93344,988.6156,4.19623,16.687855,0.0,0.0
2021-11-21 13:00:00,32.53,309.58215,989.46594,8.593216,25.142748,0.0,0.0
2021-11-21 14:00:00,34.45,306.6297,989.8162,8.939778,38.977875,0.0,0.0
2021-11-21 15:00:00,34.83,306.11682,989.48157,8.36291,37.22865,0.0,0.0
2021-11-21 16:00:00,35.32,305.74573,989.0957,8.091631,32.238422,0.0,0.0
2021-11-21 17:00:00,35.95,304.99298,988.6772,7.3724813,30.66801,0.0,0.0
2021-11-21 18:00:00,36.73,304.17963,988.77563,6.594656,31.831804,0.0,1.27
2021-11-21 19:00:00,37.3,303.36972,989.40704,6.4192724,34.820652,0.0,0.0
2021-11-21 20:00:00,37.2,302.7426,989.7514,5.827723,36.8661,0.0,0.68
2021-11-21 21:00:00,37.17,302.17148,990.2851,5.078299,38.826744,0.0,0.84
2021-11-21 22:00:00,37.37,302.5989,990.73737,4.894519,38.35537,0.0,0.0
2021-11-21 23:00:00,37.82,304.36658,991.08704,5.869679,34.25197,0.0,0.0
2021-11-22 00:00:00,36.25,306.537,991.05133,6.2661386,29.321762,0.0,0.0
2021-11-22 01:00:00,36.57,308.8639,990.7589,5.790384,24.691101,0.0,0.0
2021-11-22 02:00:00,37.35,310.839,990.0083,5.123913,21.445171,0.0,0.0
2021-11-22 03:00:00,37.75,312.65964,988.91156,4.8451366,18.863762,0.0,0.0
2021-11-22 04:00:00,38.45,314.3015,987.8267,4.7496758,16.700306,0.0,0.0
2021-11-22 05:00:00,39.54,315.35178,986.60156,4.6047554,15.238321,0.0,0.0
2021-11-22 06:00:00,39.69,315.80084,985.8011,4.2807765,14.650568,0.0,0.0
2021-11-22 07:00:00,39.65,315.651,985.3262,4.095882,15.468203,0.0,0.0
2021-11-22 08:00:00,39.88,315.54575,985.1599,3.7501936,15.32317,0.0,0.0
2021-11-22 09:00:00,40.41,314.86948,985.4778,4.508661,15.939856,0.0,0.0
2021-11-22 10:00:00,40.88,314.24414,986.20044,4.9223633,16.662867,0.0,0.0
2021-11-22 11:00:00,41.61,313.49875,987.07587,4.5847707,17.495255,0.0,0.0
2021-11-22 12:00:00,42.42,312.63348,987.57336,4.8036494,18.388504,0.0,0.0
2021-11-22 13:00:00,43.2,310.70605,988.2433,8.882166,24.193308,0.0,0.0
2021-11-22 14:00:00,44.97,308.5497,988.47437,9.270818,33.16034,0.0,0.03
2021-11-22 15:00:00,46.37,307.92538,988.5403,8.420836,34.88147,0.0,0.0
2021-11-22 16:00:00,45.11,307.60245,988.6209,9.764675,36.376076,0.0,0.0
2021-11-22 17:00:00,43.94,306.6133,988.92236,9.611801,33.308067,0.0,0.0
2021-11-22 18:00:00,43.02,304.36084,988.95435,9.470397,35.07714,0.0,0.0
2021-11-22 19:00:00,42.84,303.6166,989.5669,7.0701423,33.964878,0.0,0.0
2021-11-22 20:00:00,43.27,303.33588,989.8434,7.5826583,35.743687,0.0,0.0
2021-11-22 21:00:00,44.29,303.22076,990.3269,7.1552052,36.681576,0.0,0.0
2021-11-22 22:00:00,45.03,303.86346,991.11096,6.6222296,36.41472,0.0,0.0
2021-11-22 23:00:00,45.5,305.3047,991.8482,6.8119063,34.84874,0.0,0.0
2021-11-23 00:00:00,45.58,306.9669,991.7922,6.194842,32.044746,0.0021457672,0.0
2021-11-23 01:00:00,45.75,308.72455,991.3486,5.108342,28.348547,0.0,0.0
2021-11-23 02:00:00,46.23,310.18515,990.63416,3.8443067,25.311207,0.0,0.0
2021-11-23 03:00:00,46.25,311.35065,989.5864,3.0898092,23.17457,0.0,0.0
2021-11-23 04:00:00,46.49,312.35547,988.63354,2.9882982,21.839783,0.0,0.0
2021-11-23 05:00:00,46.95,313.2334,987.7372,3.3994842,20.913755,0.0,0.0
2021-11-23 06:00:00,47.2,313.82416,987.10846,3.9654992,20.235067,0.0,0.0
2021-11-23 07:00:00,47.26,313.25992,986.90485,5.7569556,20.717546,0.0,0.0
2021-11-23 08:00:00,47.64,312.73074,986.9614,6.370708,21.253023,0.0,0.0
2021-11-23 09:00:00,47.95,310.9251,987.4666,6.4199176,25.096188,0.0,0.0
2021-11-23 10:00:00,48.03,310.01483,988.22455,5.406237,27.133612,0.0,0.0
2021-11-23 11:00:00,47.57,309.31543,989.05524,5.4085007,28.779274,0.0,0.0
2021-11-23 12:00:00,46.96,308.809,989.69904,5.047688,30.172762,0.0,0.0
2021-11-23 13:00:00,46.91,308.4018,989.90265,3.805229,31.261805,0.0,0.0
2021-11-23 14:00:00,47.46,307.9051,990.1672,3.342705,32.353218,0.0,0.0
2021-11-23 15:00:00,48.16,307.41345,989.5617,3.3379326,33.244576,0.0,0.0
2021-11-23 16:00:00,48.03,307.1669,989.09985,3.1912544,33.482533,0.0,0.0
2021-11-23 17:00:00,47.66,306.72543,988.66235,2.5289576,34.108654,0.0,0.0
2021-11-23 18:00:00,47.26,306.1367,988.51526,2.1893137,35.187374,0.0,0.0
2021-11-23 19:00:00,45.28,304.8092,989.3738,1.5307481,36.213207,0.002735853,0.0
2021-11-23 20:00:00,43.79,304.11447,989.84174,1.2714564,38.13868,0.0064343214,0.0
2021-11-23 21:00:00,42.07,303.80774,990.43744,1.482598,38.70699,0.0,0.0
2021-11-23 22:00:00,40.51,304.473,991.1443,3.3011532,36.86209,0.0,0.0
2021-11-23 23:00:00,38.51,305.71875,991.76013,6.453091,31.965273,0.0,0.0
2021-11-24 00:00:00,36.89,307.03036,991.81195,7.2713084,28.170473,0.009632111,0.0
2021-11-24 01:00:00,36.37,308.53937,991.63055,6.7676654,25.455921,0.0,0.0
2021-11-24 02:00:00,35.92,309.7905,990.9865,5.9242215,23.543005,0.0,0.0
2021-11-24 03:00:00,35.22,310.96887,990.12085,5.124646,21.844389,0.0,0.0
2021-11-24 04:00:00,34.03,311.9301,989.09106,4.7377186,20.414404,0.0,0.0
2021-11-24 05:00:00,33.29,312.53693,988.13,4.6305375,19.321758,0.0,0.0
2021-11-24 06:00:00,32.35,312.8812,987.4478,4.812735,18.585005,0.0,0.0
2021-11-24 07:00:00,31.15,312.98465,986.9018,4.272306,18.13829,0.0,0.0
2021-11-24 08:00:00,29.64,312.78848,986.50397,4.8826294,18.006424,0.0,0.0
2021-11-24 09:00:00,28.22,312.12302,986.59283,5.1577306,18.271763,0.0,0.0
2021-11-24 10:00:00,27.83,310.92627,987.39825,4.9951615,18.792711,0.0,0.0
2021-11-24 11:00:00,28.46,310.0841,988.2629,4.783502,18.697624,0.0,0.0
2021-11-24 12:00:00,27.56,309.08502,989.1058,4.839767,18.07019,0.0,0.0
2021-11-24 13:00:00,26.36,308.03662,989.5516,5.3664083,17.037779,0.0,0.0
2021-11-24 14:00:00,24.83,307.09882,990.0733,6.1106796,15.807337,0.0,0.0
2021-11-24 15:00:00,23.85,306.09772,989.78674,6.7746058,14.958414,0.0,0.0
2021-11-24 16:00:00,23.15,305.16833,989.57446,7.185582,14.395316,0.0,0.0
2021-11-24 17:00:00,22.56,304.31195,989.4291,6.953766,14.376094,0.0,0.0
2021-11-24 18:00:00,21.73,303.47656,989.48804,6.476766,15.021621,0.0,0.0
2021-11-24 19:00:00,20.99,302.1718,990.31213,5.8967347,16.561085,0.0,0.0
2021-11-24 20:00:00,20.67,301.3711,990.76764,5.357875,17.458511,0.0,0.0
2021-11-24 21:00:00,20.64,300.74344,991.5707,5.021222,18.497532,0.0,0.0
2021-11-24 22:00:00,20.13,301.28516,992.21204,5.063109,18.504044,0.0,0.0
2021-11-24 23:00:00,19.53,302.88263,992.7564,6.6819386,18.379316,0.0,0.0
2021-11-25 00:00:00,19.07,304.79184,992.6478,6.958524,19.023472,0.0012844801,0.0
2021-11-25 01:00:00,19.32,306.91986,992.2057,6.5188375,17.918644,0.0,0.0
2021-11-25 02:00:00,19.62,308.79144,991.4565,5.558875,16.270536,0.0,0.0
2021-11-25 03:00:00,19.93,310.26352,990.4137,4.5233583,14.877233,0.0,0.0
2021-11-25 04:00:00,20.21,311.31387,989.3904,3.8070855,14.131019,0.0,0.0
2021-11-25 05:00:00,20.22,312.02847,988.4553,3.6165173,13.858472,0.0,0.0
2021-11-25 06:00:00,20.18,312.4847,987.5581,3.850333,13.748999,0.0,0.0
2021-11-25 07:00:00,19.76,312.30463,987.507,3.5593102,13.826525,0.0,0.0
2021-11-25 08:00:00,19.87,312.03424,987.02203,4.0097017,14.1924515,0.0,0.0
2021-11-25 09:00:00,20.01,311.4435,987.2177,4.353109,14.666038,0.0,0.0
2021-11-25 10:00:00,20.17,310.4589,988.03394,3.9603486,15.253724,0.0,0.0
2021-11-25 11:00:00,20.13,309.3604,988.7163,3.8869798,15.791782,0.0,0.0
2021-11-25 12:00:00,19.48,308.2043,989.35376,4.2409825,15.995371,0.0,0.0
2021-11-25 13:00:00,19.09,307.12228,989.9224,4.9151635,15.811101,0.0,0.0
2021-11-25 14:00:00,18.8,306.21906,990.2053,5.3798294,15.598099,0.0,0.0
2021-11-25 15:00:00,19.02,305.43408,989.9406,5.867865,15.549371,0.0,0.0
2021-11-25 16:00:00,19.94,304.57068,989.5586,5.8493814,15.660869,0.0,0.0
2021-11-25 17:00:00,21.12,303.7704,989.5455,5.4012556,15.91302,0.0,0.0
2021-11-25 18:00:00,21.66,303.05707,989.59283,5.1342363,16.382381,0.0,0.0
2021-11-25 19:00:00,21.81,301.47864,990.21716,4.3426194,18.109468,0.0,0.0
2021-11-25 20:00:00,21.52,300.96045,990.4261,4.614898,18.623947,0.0,0.0
2021-11-25 21:00:00,21.33,300.44806,991.4559,4.969076,19.436874,0.0,0.0
2021-11-25 22:00:00,20.75,301.3536,992.0614,5.2454348,19.09465,0.0,0.0
2021-11-25 23:00:00,20.69,303.30884,992.5714,7.496543,18.198275,0.0,0.0
2021-11-26 00:00:00,20.7,305.4234,992.3807,8.105365,17.487917,0.0,0.0
2021-11-26 01:00:00,20.84,307.72668,992.1919,7.8425817,16.30745,0.0,0.0
2021-11-26 02:00:00,21.7,309.5036,991.5064,6.8127213,15.749176,0.0,0.0
2021-11-26 03:00:00,22.23,310.91498,990.5602,5.4196362,15.128058,0.0,0.0
2021-11-26 04:00:00,22.51,311.87137,989.46234,4.0707073,14.582636,0.0,0.0
2021-11-26 05:00:00,23.16,312.46588,988.7416,2.9511023,14.219698,0.0,0.0
2021-11-26 06:00:00,23.16,312.82266,987.8713,2.322611,13.673389,0.0,0.0
2021-11-26 07:00:00,22.34,313.19077,986.7569,1.8418709,12.434159,0.0,0.0
2021-11-26 08:00:00,20.78,313.17545,986.5851,2.343676,12.158402,0.0,0.0
2021-11-26 09:00:00,19.43,312.7929,987.08936,2.7626,12.246163,0.0,0.0
2021-11-26 10:00:00,18.9,311.97592,987.5637,2.738342,12.8195915,0.0,0.0
2021-11-26 11:00:00,19.25,310.73358,988.1284,3.1332307,13.759668,0.0,0.0
2021-11-26 12:00:00,20.01,309.5586,988.6809,3.764286,14.550276,0.0,0.0
2021-11-26 13:00:00,21.62,308.59558,989.1912,4.183431,15.2072115,0.0,0.0
2021-11-26 14:00:00,22.37,307.78015,989.5545,4.718451,15.960232,0.0,0.0
2021-11-26 15:00:00,22.87,307.29492,989.21,5.670908,16.450634,0.0,0.0
2021-11-26 16:00:00,22.67,306.5832,989.20044,5.919031,16.969307,0.0,0.0
2021-11-26 17:00:00,22.62,306.22803,989.2954,5.4471188,17.69146,0.0,0.0
2021-11-26 18:00:00,22.2,305.47675,989.56665,4.4981065,19.581266,0.0,0.0
2021-11-26 19:00:00,22.51,303.6962,990.8602,2.73442,20.979967,0.0,0.0
2021-11-26 20:00:00,23.27,302.528,991.1635,2.5502062,23.872034,0.0,0.0
2021-11-26 21:00:00,25.05,301.48383,992.2351,2.5088663,28.273327,0.0,0.0
2021-11-26 22:00:00,25.9,302.35406,993.00916,2.278944,30.400473,0.0,0.0
2021-11-26 23:00:00,27.53,304.44794,993.68005,3.0294275,32.444115,0.0,0.0
2021-11-27 00:00:00,25.77,306.50818,993.6579,4.1958885,29.105604,0.0,0.0
2021-11-27 01:00:00,25.05,308.55328,993.0584,5.6410985,25.063572,0.0,0.0
2021-11-27 02:00:00,25.18,310.20895,992.2313,5.545113,22.068651,0.0,0.0
2021-11-27 03:00:00,23.89,311.3546,991.1725,4.8254485,19.49625,0.0,0.0
2021-11-27 04:00:00,22.6,312.48972,990.01843,4.1188173,17.028032,0.0,0.0
2021-11-27 05:00:00,21.87,312.8152,989.15204,3.5711868,15.758772,0.0,0.0
2021-11-27 06:00:00,21.55,313.1999,988.49194,3.2853613,14.879031,0.0,0.0
2021-11-27 07:00:00,21.61,313.62082,987.91174,4.145891,14.507254,0.0,0.0
2021-11-27 08:00:00,20.64,313.47748,987.4429,4.0439305,13.690749,0.0,0.0
2021-11-27 09:00:00,20.73,312.8258,987.6611,3.611879,13.505904,0.0,0.0
2021-11-27 10:00:00,20.75,312.04712,988.3705,2.7343462,13.58143,0.0,0.0
2021-11-27 11:00:00,20.93,311.1203,989.2008,2.161757,14.11856,0.0,0.0
2021-11-27 12:00:00,21.56,309.96176,989.6594,2.4527986,14.770922,0.0,0.0
2021-11-27 13:00:00,22.44,308.6681,989.9702,3.2634637,15.2006035,0.0,0.0
2021-11-27 14:00:00,23.47,307.68222,990.4959,4.3264003,15.238294,0.0,0.0
2021-11-27 15:00:00,23.91,307.0605,990.3513,5.4755306,15.525319,0.0,0.0
2021-11-27 16:00:00,23.91,306.3629,990.0652,5.0572214,16.488026,0.0,0.0
2021-11-27 17:00:00,24.76,305.14917,990.2936,3.1962316,18.816324,0.0,0.0
2021-11-27 18:00:00,26.89,303.4663,990.84326,3.788503,29.427725,0.0,0.0
2021-11-27 19:00:00,28.03,301.67673,991.28937,3.5402057,48.250584,0.0,0.0
2021-11-27 20:00:00,29.6,300.9957,991.60095,3.0817075,61.227272,0.0,0.0
2021-11-27 21:00:00,31.46,300.57547,992.3883,2.524904,67.03814,0.0,0.0
2021-11-27 22:00:00,32.57,301.37302,993.3622,2.4041955,67.494865,0.0,0.0
2021-11-27 23:00:00,33.08,302.9917,993.6614,3.231275,62.855644,0.0,0.0
2021-11-28 00:00:00,32.95,304.76038,993.6683,2.287667,52.262592,0.0,0.0
2021-11-28 01:00:00,32.29,306.51263,993.2914,0.9316621,43.508675,0.0,0.0
2021-11-28 02:00:00,31.8,308.4922,992.7712,2.0391111,34.979557,0.0,0.0
2021-11-28 03:00:00,31.04,309.95126,991.7804,2.5801125,29.021173,0.0,0.0
2021-11-28 04:00:00,30.91,310.70764,990.84576,1.8180823,25.737593,0.0,0.0
2021-11-28 05:00:00,30.31,311.4439,989.8853,0.8915824,23.153343,0.0,0.0
2021-11-28 06:00:00,28.76,311.83887,989.08875,0.49295333,21.324526,0.0,0.0
2021-11-28 07:00:00,28.17,312.16785,988.7127,0.23753151,18.172417,0.0,0.0
2021-11-28 08:00:00,28.52,311.7751,988.4112,0.55163586,17.514076,0.0,0.0
2021-11-28 09:00:00,29.67,311.42728,988.6789,0.63455683,17.101748,0.0,0.0
2021-11-28 10:00:00,30.54,310.9986,989.1442,0.47741273,17.111582,0.0,0.0
2021-11-28 11:00:00,29.98,310.34265,989.6143,2.8537865,18.183739,0.0,0.0
2021-11-28 12:00:00,29.38,309.28162,989.9578,3.74164,20.138832,0.0,0.0
2021-11-28 13:00:00,29.25,308.157,990.20874,4.029359,23.058023,0.0,0.0
2021-11-28 14:00:00,29.18,306.95798,990.3561,3.7250993,27.361492,0.0,0.0
2021-11-28 15:00:00,29.73,306.05072,989.97815,3.5781221,31.599459,0.0,0.0
2021-11-28 16:00:00,30.26,305.16266,989.5567,3.447681,35.76282,0.0,0.0
2021-11-28 17:00:00,30.99,304.4263,989.3826,3.4178624,39.458897,0.0,0.0
2021-11-28 18:00:00,31.15,303.72427,989.3069,3.4579554,42.422535,0.0,0.0
2021-11-28 19:00:00,31.57,301.7677,989.8223,4.315883,57.04006,0.0,0.0
2021-11-28 20:00:00,32.04,301.23627,990.5652,3.6320517,59.666992,0.0,0.0
2021-11-28 21:00:00,31.83,300.66806,991.34393,3.8077826,61.703976,0.0,0.0
2021-11-28 22:00:00,30.56,301.3993,992.2876,4.7850623,59.78353,0.0,0.0
2021-11-28 23:00:00,29.6,303.2685,992.6117,5.426783,55.49606,0.0,0.0
2021-11-29 00:00:00,27.78,305.5529,992.683,4.6592364,45.779194,0.0,0.0
2021-11-29 01:00:00,27.15,307.68347,992.1192,3.4934855,37.368332,0.0,0.0
2021-11-29 02:00:00,26.67,309.62628,991.47986,2.5031097,29.663935,0.0,0.0
2021-11-29 03:00:00,26.01,310.88147,990.4356,1.8565682,23.136677,0.0,0.0
2021-11-29 04:00:00,26.36,311.3982,989.7573,1.0671126,19.998363,0.0,0.0
2021-11-29 05:00:00,26.97,312.20532,988.95123,0.5639347,17.796213,0.0,0.0
2021-11-29 06:00:00,27.2,312.63828,988.2283,0.90933627,16.735449,0.0,0.0
2021-11-29 07:00:00,26.95,312.70694,987.85016,0.93509793,16.90587,0.0,0.0
2021-11-29 08:00:00,26.6,312.77414,987.59875,0.89173645,16.369194,0.0,0.0
2021-11-29 09:00:00,26.09,312.32877,987.85864,0.851911,16.146093,0.0,0.0
2021-11-29 10:00:00,26.0,311.72012,988.6646,0.80040854,16.525341,0.0,0.0
2021-11-29 11:00:00,25.81,311.19913,989.498,1.953795,17.35757,0.0,0.0
2021-11-29 12:00:00,24.81,310.03134,989.9666,2.9046335,19.22831,0.0,0.0
2021-11-29 13:00:00,25.08,308.7431,990.3347,3.2505891,21.385187,0.0,0.0
2021-11-29 14:00:00,26.74,307.54474,990.40344,3.0340052,23.28382,0.0,0.0
2021-11-29 15:00:00,28.32,306.40094,990.10205,5.238553,27.241655,0.0,0.0
2021-11-29 16:00:00,28.9,304.37378,989.9403,7.748934,45.360653,0.0,0.0
2021-11-29 17:00:00,28.45,303.32715,989.4964,7.48894,55.60332,0.0,0.0
2021-11-29 18:00:00,27.97,303.0817,989.0679,6.6094127,55.45493,0.0,0.0
2021-11-29 19:00:00,27.71,302.39502,989.36945,5.4825387,55.314766,0.0,0.0
2021-11-29 20:00:00,26.99,301.9343,989.96674,4.213512,54.29307,0.0,0.0
2021-11-29 21:00:00,25.72,301.32657,991.03094,3.1941943,55.329906,0.0,0.0
2021-11-29 22:00:00,25.4,301.8614,992.1161,3.9445817,54.61504,0.0,0.0
2021-11-29 23:00:00,24.71,303.31982,992.66486,4.290714,48.17121,0.0,0.0
2021-11-30 00:00:00,23.28,305.31934,992.8484,4.453431,39.548855,0.0,0.0
2021-11-30 01:00:00,22.34,307.53918,991.97125,4.535855,31.3246,0.0,0.0
2021-11-30 02:00:00,21.3,309.82712,991.1128,4.3748484,24.339958,0.0,0.0
2021-11-30 03:00:00,20.45,311.76318,989.9908,3.8610635,19.495504,0.0,0.0
2021-11-30 04:00:00,20.35,313.07816,989.1089,2.9846306,16.923204,0.0,0.0
2021-11-30 05:00:00,20.38,313.64893,987.9375,2.1904578,15.134734,0.0,0.0
2021-11-30 06:00:00,20.12,313.90918,987.18024,1.6324096,13.99063,0.0,0.0
2021-11-30 07:00:00,19.53,314.21704,986.4487,1.0851563,13.436821,0.0,0.0
2021-11-30 08:00:00,19.47,314.03046,986.3883,0.86529726,13.265744,0.0,0.0
2021-11-30 09:00:00,19.41,313.67972,986.6282,0.85298866,13.321398,0.0,0.0
2021-11-30 10:00:00,19.48,313.19724,987.22174,1.4134117,13.628263,0.0,0.0
2021-11-30 11:00:00,19.98,312.58417,987.90515,2.0149524,14.267816,0.0,0.0
2021-11-30 12:00:00,21.02,311.4633,988.4217,2.5780442,15.458086,0.0,0.0
2021-11-30 13:00:00,22.71,310.2839,988.6167,2.8494923,16.715342,0.0,0.0
2021-11-30 14:00:00,24.4,309.33173,988.6758,4.379448,17.579006,0.0,0.0
2021-11-30 15:00:00,26.62,306.94135,988.7636,7.84879,31.482748,0.0,0.0
2021-11-30 16:00:00,29.32,304.7365,988.3856,7.148366,46.28419,0.0,0.0
2021-11-30 17:00:00,30.87,304.12613,988.1277,6.527522,47.324688,0.0,0.0
2021-11-30 18:00:00,30.95,303.66718,987.9938,5.9483147,46.90995,0.0,0.0
2021-11-30 19:00:00,31.08,302.8449,988.6004,4.823083,48.55156,0.0,0.0
2021-11-30 20:00:00,31.66,302.26123,988.8884,4.278931,50.05879,0.0,0.0
2021-11-30 21:00:00,31.69,301.88104,990.08203,3.794122,51.540493,0.0,0.0
2021-11-30 22:00:00,32.04,302.24786,991.10095,3.7999814,51.116405,0.0,0.0
2021-11-30 23:00:00,32.57,303.6565,992.0411,4.305569,46.511776,0.0,0.0
2021-12-01 00:00:00,33.47,305.6732,992.1661,4.39709,39.351086,0.0017225742,0.0
2021-12-01 01:00:00,33.29,307.65942,991.7653,4.321578,32.86257,0.0,0.0
2021-12-01 02:00:00,33.15,309.54785,991.17377,4.154901,27.231249,0.0,0.0
2021-12-01 03:00:00,32.43,311.3269,990.2508,3.986383,22.372606,0.0,0.0
2021-12-01 04:00:00,31.48,313.1233,989.0831,3.5177414,18.311241,0.0,0.0
2021-12-01 05:00:00,31.09,313.79147,988.2537,2.8072863,16.603285,0.0,0.0
2021-12-01 06:00:00,30.32,314.30716,987.42456,2.2172842,15.121059,0.0,0.0
2021-12-01 07:00:00,30.05,314.5865,986.4636,1.451756,14.676842,0.0,0.0
2021-12-01 08:00:00,29.94,314.41687,986.2902,1.5006311,14.522234,0.0,0.0
2021-12-01 09:00:00,29.45,314.09686,986.61945,1.7657251,14.707549,0.0,0.0
2021-12-01 10:00:00,29.66,313.6094,987.2528,2.5581563,15.180358,0.0,0.0
2021-12-01 11:00:00,29.99,312.67166,987.8155,2.936887,16.265556,0.0,0.0
2021-12-01 12:00:00,30.28,311.7523,988.27435,3.1542609,17.311035,0.0,0.0
2021-12-01 13:00:00,30.9,310.71085,988.5703,3.3741071,18.44694,0.0,0.0
2021-12-01 14:00:00,31.56,309.2729,988.97235,6.20557,23.368553,0.0,0.0
2021-12-01 15:00:00,32.74,306.6929,989.19055,7.9805245,36.65618,0.0,0.0
2021-12-01 16:00:00,33.26,305.57703,989.1406,6.2983007,39.82658,0.0,0.0
2021-12-01 17:00:00,33.17,304.82416,989.0167,5.3488,40.175835,0.0,0.0
2021-12-01 18:00:00,32.5,303.88483,988.9866,4.8429675,42.31047,0.0,0.0
2021-12-01 19:00:00,32.12,302.5196,989.86163,4.6005535,51.353764,0.0,0.0
2021-12-01 20:00:00,32.06,301.78876,990.4517,3.4657407,54.05903,0.0,0.0
2021-12-01 21:00:00,32.15,301.20844,991.5184,2.7095773,56.76013,0.0,0.0
2021-12-01 22:00:00,32.86,301.69824,992.7136,2.9710376,56.354897,0.0,0.0
2021-12-01 23:00:00,32.72,303.09824,993.4553,3.4521677,51.613976,0.0,0.0
2021-12-02 00:00:00,31.24,305.05066,993.6839,3.3250813,43.82707,0.0017225741,0.0
2021-12-02 01:00:00,31.63,307.25116,993.27094,3.0219784,35.664017,0.0,0.0
2021-12-02 02:00:00,32.55,309.58087,992.8091,2.8245614,28.030622,0.0,0.0
2021-12-02 03:00:00,33.18,311.6672,991.5792,2.753909,22.20237,0.0,0.0
2021-12-02 04:00:00,32.97,313.26364,990.8064,2.5201719,18.823732,0.0,0.0
2021-12-02 05:00:00,32.25,314.08014,989.7469,1.7767475,17.103655,0.0,0.0
2021-12-02 06:00:00,30.73,314.4914,988.90314,1.2998351,15.622791,0.0,0.0
2021-12-02 07:00:00,30.95,314.8435,988.1261,1.8249382,15.227734,0.0,0.0
2021-12-02 08:00:00,31.14,314.56628,987.7428,1.4801184,14.921959,0.0,0.0
2021-12-02 09:00:00,30.5,314.3169,987.86163,1.2661843,14.8910675,0.0,0.0
2021-12-02 10:00:00,29.76,313.9032,988.3834,1.6043233,15.148462,0.0,0.0
2021-12-02 11:00:00,29.4,313.06793,988.8042,2.6866174,16.091827,0.0,0.0
2021-12-02 12:00:00,29.14,311.938,989.053,3.34805,17.264814,0.0,0.0
2021-12-02 13:00:00,28.95,310.91745,989.29443,3.3595371,18.295078,0.0,0.0
2021-12-02 14:00:00,28.47,309.88214,989.33624,3.1657512,19.355232,0.0,0.0
2021-12-02 15:00:00,28.09,308.8199,988.9186,2.913151,20.510542,0.0,0.0
2021-12-02 16:00:00,28.64,307.79065,988.24713,2.5507913,21.787367,0.0,0.0
2021-12-02 17:00:00,31.07,306.42728,987.79803,2.0579066,23.955711,0.0,0.0
2021-12-02 18:00:00,32.26,305.15964,988.08765,2.341662,27.694073,0.0,0.0
2021-12-02 19:00:00,32.27,303.38574,989.4425,3.224488,47.889793,0.0,0.0
2021-12-02 20:00:00,31.95,302.48096,989.96906,2.3765156,53.168564,0.0,0.0
2021-12-02 21:00:00,31.28,301.7941,991.0182,2.4201114,57.55614,0.0,0.0
2021-12-02 22:00:00,30.03,302.5991,991.77905,2.1034913,56.881832,0.0,0.0
2021-12-02 23:00:00,29.78,304.99756,992.29095,2.780265,47.36637,0.0,0.0
2021-12-03 00:00:00,27.78,307.5986,992.4835,2.9083858,37.4398,0.0,0.0
2021-12-03 01:00:00,27.69,310.06378,992.2751,2.6302502,30.336254,0.0,0.0
2021-12-03 02:00:00,26.61,312.2525,991.6286,2.0145063,24.455109,0.0,0.0
2021-12-03 03:00:00,25.7,313.86755,990.71765,0.65459985,18.730715,0.0,0.0
2021-12-03 04:00:00,26.38,314.985,989.59937,0.81490344,15.1241865,0.0,0.0
2021-12-03 05:00:00,27.46,315.72253,988.735,1.0779845,13.3586035,0.0,0.0
2021-12-03 06:00:00,27.63,316.2702,987.72736,1.4654646,12.298852,0.0,0.0
2021-12-03 07:00:00,27.52,316.67706,986.7534,1.6178497,12.263651,0.0,0.0
2021-12-03 08:00:00,28.13,316.5876,986.5094,1.3471525,11.901415,0.0,0.0
2021-12-03 09:00:00,28.06,316.33685,986.5516,1.1310947,11.509753,0.0,0.0
2021-12-03 10:00:00,27.63,315.90805,987.1358,0.4075602,11.279457,0.0,0.0
2021-12-03 11:00:00,26.97,314.95856,987.6992,1.2890328,12.183828,0.0,0.0
2021-12-03 12:00:00,25.89,313.4969,988.37585,1.5384296,13.756208,0.0,0.0
2021-12-03 13:00:00,24.78,311.59204,989.0631,1.590463,16.404005,0.0,0.0
2021-12-03 14:00:00,24.0,310.05927,989.2054,2.2255747,17.20931,0.0,0.0
2021-12-03 15:00:00,23.94,308.69025,989.0499,1.5140281,19.084522,0.0,0.0
2021-12-03 16:00:00,24.9,307.16885,988.85657,2.6725662,20.610935,0.0,0.0
2021-12-03 17:00:00,26.78,305.92224,988.8859,5.459743,33.575638,0.0,0.0
2021-12-03 18:00:00,26.49,304.8474,988.89703,5.7609177,48.337826,0.0,0.0
2021-12-03 19:00:00,27.84,303.22977,989.7981,3.7438443,56.102276,0.0,0.0
2021-12-03 20:00:00,29.2,302.47516,990.11206,3.7693067,58.81579,0.0,0.0
2021-12-03 21:00:00,29.05,301.97583,990.6808,3.7738028,60.36358,0.0,0.0
2021-12-03 22:00:00,27.83,302.85266,991.3808,3.9790373,57.291267,0.0,0.0
2021-12-03 23:00:00,27.93,305.117,991.8819,4.566345,47.87414,0.0,0.0
2021-12-04 00:00:00,28.89,307.58035,991.95123,4.227861,38.270878,0.0,0.0
2021-12-04 01:00:00,29.22,309.77716,991.5572,3.5269356,31.938675,0.0,0.0
2021-12-04 02:00:00,29.06,311.7615,990.59784,2.7562535,26.437164,0.0,0.0
2021-12-04 03:00:00,28.64,313.5275,989.6625,2.0726047,21.417696,0.0,0.0
2021-12-04 04:00:00,28.39,314.72885,988.52466,1.3936305,17.21738,0.0,0.0
2021-12-04 05:00:00,28.41,315.45575,987.3585,1.0573671,14.393189,0.0,0.0
2021-12-04 06:00:00,28.8,315.92773,986.33514,0.7531921,12.929174,0.0,0.0
2021-12-04 07:00:00,29.12,316.41675,985.52765,0.9617595,12.273537,0.0,0.0
2021-12-04 08:00:00,29.82,316.31665,985.15735,1.2230725,12.198024,0.0,0.0
2021-12-04 09:00:00,30.32,316.04712,985.3588,0.8972846,12.263555,0.0,0.0
2021-12-04 10:00:00,31.59,315.65298,985.6909,1.2672333,12.455542,0.0,0.0
2021-12-04 11:00:00,32.82,314.747,986.4895,2.489836,13.325663,0.0,0.0
2021-12-04 12:00:00,33.56,313.87735,986.7046,2.9931254,14.057821,0.0,0.0
2021-12-04 13:00:00,34.29,312.59955,986.9437,3.2907243,15.063986,0.0,0.0
2021-12-04 14:00:00,34.15,311.52405,986.89954,3.2407074,15.874356,0.0,0.0
2021-12-04 15:00:00,34.6,310.09808,986.7074,4.844574,18.701693,0.0,0.0
2021-12-04 16:00:00,35.74,307.2636,986.8282,7.3089466,36.421608,0.0,0.0
2021-12-04 17:00:00,37.55,305.17612,986.9872,6.825392,50.146843,0.0,0.0
2021-12-04 18:00:00,37.99,304.27426,987.34564,6.7557387,53.421444,0.0,0.0
2021-12-04 19:00:00,37.64,303.09833,988.44055,5.6826243,57.030582,0.0,0.0
2021-12-04 20:00:00,38.1,302.3944,988.72,4.810462,61.77693,0.0,0.0
2021-12-04 21:00:00,39.52,301.956,989.40985,4.77707,66.20308,0.0,0.0
2021-12-04 22:00:00,40.6,302.2804,990.40094,5.6593604,66.41594,0.0,0.0
2021-12-04 23:00:00,40.46,303.8957,990.8717,6.1219807,58.584858,0.0,0.0
2021-12-05 00:00:00,36.92,306.27002,990.68,6.213036,47.45308,0.0042863633,0.0
2021-12-05 01:00:00,36.16,309.05426,990.15405,6.391778,36.032097,0.0,0.0
2021-12-05 02:00:00,34.86,311.62445,989.1353,6.472556,27.91155,0.0,0.0
2021-12-05 03:00:00,34.03,313.68292,987.9639,6.216725,23.051376,0.0,0.0
2021-12-05 04:00:00,34.25,315.20752,986.7771,5.689821,19.870241,0.0,0.0
2021-12-05 05:00:00,33.96,315.9693,985.6934,4.560967,17.25268,0.0,0.0
2021-12-05 06:00:00,33.35,316.1619,984.9367,3.838933,15.654103,0.0,0.0
2021-12-05 07:00:00,33.12,316.55408,983.8568,3.9639518,14.051752,0.0,0.0
2021-12-05 08:00:00,33.22,316.49783,983.2341,3.598249,13.648346,0.0,0.0
2021-12-05 09:00:00,33.67,316.04282,983.53455,3.5158868,13.819416,0.0,0.0
2021-12-05 10:00:00,34.73,315.18378,983.8778,3.5704153,14.496483,0.0,0.0
2021-12-05 11:00:00,35.69,313.96118,984.6926,2.5412838,15.673998,0.0,0.0
2021-12-05 12:00:00,37.54,312.44244,985.18945,3.703511,17.619385,0.0,0.0
2021-12-05 13:00:00,40.53,310.6477,985.72455,5.1432567,21.96563,0.0,0.0
2021-12-05 14:00:00,40.53,309.2756,986.58734,6.4439187,28.999949,0.0,0.0
2021-12-05 15:00:00,39.64,307.18774,986.71094,7.9209023,42.43394,0.0,0.0
2021-12-05 16:00:00,38.97,305.2788,986.2681,7.7181287,53.261143,0.0,0.0
2021-12-05 17:00:00,38.51,304.03357,985.8486,7.6381764,58.825375,0.0,0.0
2021-12-05 18:00:00,38.71,303.05252,985.8443,7.215941,64.02554,0.0,0.0
2021-12-05 19:00:00,39.88,302.48004,987.2092,6.4361453,70.7315,0.0,0.0
2021-12-05 20:00:00,40.34,301.97617,987.5882,6.4494534,74.479416,0.0,0.0
2021-12-05 21:00:00,39.94,301.68082,988.5814,5.781619,76.49788,0.0,0.0
2021-12-05 22:00:00,39.57,302.09604,989.16876,6.0580606,73.766205,0.0,0.0
2021-12-05 23:00:00,38.07,303.63333,989.02466,6.465773,63.750893,0.0,0.0
2021-12-06 00:00:00,32.32,306.00717,988.55,6.3902583,50.90921,0.0,0.0
2021-12-06 01:00:00,32.39,308.64117,987.97705,5.5683856,39.710598,0.0,0.0
2021-12-06 02:00:00,32.79,310.8947,987.49585,4.266956,32.263912,0.0,0.0
2021-12-06 03:00:00,33.43,312.62576,986.3789,3.260563,27.536245,0.0,0.0
2021-12-06 04:00:00,34.94,314.11066,985.5664,2.767169,23.835249,0.0,0.0
2021-12-06 05:00:00,36.09,315.08078,984.71844,2.3828335,21.103437,0.0044852495,0.0
2021-12-06 06:00:00,35.89,315.8706,984.0531,2.0862248,18.916542,0.00513345,0.0
2021-12-06 07:00:00,34.33,315.3581,983.59216,1.5043006,17.172722,0.0,0.0
2021-12-06 08:00:00,32.31,314.31824,984.09283,2.7103114,16.08655,0.0,0.0
2021-12-06 09:00:00,32.05,313.59985,984.0664,1.2047448,16.283596,0.0,0.0
2021-12-06 10:00:00,34.99,312.96973,984.6348,1.2150508,16.88727,0.0,0.0
2021-12-06 11:00:00,37.6,312.71118,985.2697,0.3873757,17.220385,0.0,1.16
2021-12-06 12:00:00,40.32,311.7569,986.3082,1.3553814,18.696924,0.034987926,0.66999996
2021-12-06 13:00:00,44.97,310.39148,986.9447,2.822054,21.31536,0.024311248,3.2599998
2021-12-06 14:00:00,47.96,308.82812,987.2319,5.5317116,30.196291,0.0,5.8999996
2021-12-06 15:00:00,49.44,306.73187,987.39685,6.4110446,46.756207,0.0,5.35
2021-12-06 16:00:00,49.36,305.2893,987.68634,6.224007,55.20568,0.0,0.91999996
2021-12-06 17:00:00,47.85,304.18195,987.698,6.0757704,60.015045,0.0,0.0
2021-12-06 18:00:00,45.14,303.2143,987.8469,5.6596146,64.177124,0.0,0.0
2021-12-06 19:00:00,43.26,302.03314,987.9143,5.324947,68.847046,0.0,0.0
2021-12-06 20:00:00,41.52,301.53644,988.492,4.265696,71.47371,0.0,0.0
2021-12-06 21:00:00,39.94,301.22784,989.442,3.2617676,73.6959,0.0,0.0
2021-12-06 22:00:00,38.99,301.59143,990.3892,3.6875265,72.94228,0.0,0.0
2021-12-06 23:00:00,37.87,302.98077,990.8345,3.8962126,66.6565,0.0,0.0
2021-12-07 00:00:00,36.85,304.89893,990.8804,3.701438,57.82939,0.07063197,0.0
2021-12-07 01:00:00,35.8,307.0821,990.3772,3.1680942,48.65608,0.0,0.0
2021-12-07 02:00:00,35.3,309.17673,989.8895,2.5484347,40.677837,0.0,0.0
2021-12-07 03:00:00,34.86,310.92798,988.83154,1.9532516,34.62412,0.003937632,0.0
2021-12-07 04:00:00,34.77,312.33356,988.02716,1.255846,29.804626,0.0,0.0
2021-12-07 05:00:00,34.78,313.26526,987.0714,0.54525805,26.15678,0.0,0.0
2021-12-07 06:00:00,34.36,313.72562,986.29456,1.134194,23.98282,0.0,0.0
2021-12-07 07:00:00,33.64,314.14282,985.64484,1.0461359,21.859482,0.0,0.0
2021-12-07 08:00:00,33.18,313.56924,985.2366,0.92713714,22.435198,0.1241073,0.0
2021-12-07 09:00:00,33.81,311.68518,986.265,4.9080153,26.40488,0.34508854,0.0
2021-12-07 10:00:00,35.24,309.3212,987.22906,6.5388823,36.76664,0.0,0.0
2021-12-07 11:00:00,37.07,308.24744,988.1778,4.283894,39.47961,0.0,0.0
2021-12-07 12:00:00,38.45,308.08154,988.96265,3.3599112,39.544388,0.0027418137,0.0
2021-12-07 13:00:00,39.94,307.4232,989.9575,4.5956154,41.375698,0.00461936,0.0
2021-12-07 14:00:00,41.24,305.8241,990.76636,6.6145573,46.864502,0.0022947788,0.0
2021-12-07 15:00:00,42.59,304.96997,990.5773,6.5538073,50.42833,0.0,0.0
2021-12-07 16:00:00,44.67,304.34772,990.3014,5.2807527,52.907475,0.0,0.0
2021-12-07 17:00:00,47.02,303.91986,989.8844,3.4196334,54.899033,0.0,0.0
2021-12-07 18:00:00,48.51,303.60895,989.8074,2.4692237,56.604874,0.0,0.0
2021-12-07 19:00:00,47.63,303.1267,989.8055,3.6949642,62.95969,0.0,0.0
2021-12-07 20:00:00,44.94,302.67163,989.9272,2.9055288,65.97621,0.0,0.0
2021-12-07 21:00:00,42.87,302.3107,990.46124,2.5895946,68.757454,0.0,0.0
2021-12-07 22:00:00,42.8,302.81616,991.34595,3.04268,67.55883,0.0,0.0
2021-12-07 23:00:00,44.74,304.45938,991.6824,3.4989843,59.823845,0.0,0.0
2021-12-08 00:00:00,46.48,306.61108,991.6191,3.1230123,49.638783,0.48391056,0.0
2021-12-08 01:00:00,45.51,308.4719,991.47986,1.6339896,40.168346,0.0,0.0
2021-12-08 02:00:00,44.69,310.00272,990.7801,1.1087345,33.953423,0.016232952,0.0
2021-12-08 03:00:00,44.49,311.3885,989.812,1.0098518,29.502716,0.011919066,0.0
2021-12-08 04:00:00,45.25,312.5047,988.8116,0.8424149,26.007,0.008542091,0.0
2021-12-08 05:00:00,45.12,313.32617,987.71313,1.0161028,23.4816,0.006839633,0.0
2021-12-08 06:00:00,44.56,314.01544,986.8862,1.0301104,21.92154,0.0,0.0
2021-12-08 07:00:00,44.72,313.67734,986.7605,1.7208903,22.99461,0.0,0.0
2021-12-08 08:00:00,45.54,313.6784,986.53094,2.1641755,22.703371,0.0,0.0
2021-12-08 09:00:00,46.75,313.1195,986.7235,2.234983,23.062563,0.0,0.06
2021-12-08 10:00:00,49.58,312.56665,987.7022,2.1298268,23.826094,0.0,1.99
2021-12-08 11:00:00,52.73,310.8305,989.1814,2.3094375,27.008757,0.19795448,6.0
2021-12-08 12:00:00,53.3,307.94522,991.5491,4.5664206,36.234436,0.6946027,2.58
2021-12-08 13:00:00,51.41,306.4875,992.27716,6.785687,41.00687,0.05429983,1.5
2021-12-08 14:00:00,49.97,306.3459,992.1692,4.802985,42.17605,0.0,0.72999996
2021-12-08 15:00:00,50.3,305.92532,992.00305,2.396784,44.5171,0.0,0.79999995
2021-12-08 16:00:00,51.66,305.31766,991.5164,1.4403033,48.318157,0.0,0.0
2021-12-08 17:00:00,51.42,304.761,990.998,1.4096699,52.374344,0.0,0.0
2021-12-08 18:00:00,50.07,304.13934,990.9331,1.7569458,56.979794,0.0,0.0
2021-12-08 19:00:00,48.76,302.17358,991.1357,2.3536367,62.569386,0.0,0.0
2021-12-08 20:00:00,47.93,301.7132,991.4812,2.076403,66.12772,0.0,0.0
2021-12-08 21:00:00,47.1,301.46204,992.0144,2.145489,68.54731,0.0,0.0
2021-12-08 22:00:00,47.35,302.1707,992.6397,2.431211,66.17651,0.0,0.0
2021-12-08 23:00:00,47.91,303.7518,993.0479,1.9098476,59.14689,0.0,0.0
2021-12-09 00:00:00,47.66,305.26782,993.13403,0.7050289,51.0319,0.9903908,0.0
2021-12-09 01:00:00,45.88,306.8582,992.4819,1.0866103,44.787556,0.0,0.0
2021-12-09 02:00:00,43.32,308.518,991.77,1.6092837,39.509575,0.0,0.0
2021-12-09 03:00:00,41.04,309.86578,990.7062,1.5911311,35.935326,0.0,0.0
2021-12-09 04:00:00,37.85,310.7445,989.95703,1.5511297,33.26782,0.0,0.0
2021-12-09 05:00:00,34.79,311.57977,989.13196,1.7749852,31.192715,0.0,0.0
2021-12-09 06:00:00,32.77,311.80414,988.3091,1.5553992,30.555994,0.001758337,0.0
2021-12-09 07:00:00,32.67,311.2448,987.652,0.5611127,31.670921,0.0,0.0
2021-12-09 08:00:00,33.25,311.30682,987.42737,0.63176286,30.834507,0.0,0.0
2021-12-09 09:00:00,35.0,311.16724,987.4483,1.2795736,30.483547,0.0,0.0
2021-12-09 10:00:00,37.27,310.77417,987.9444,1.6419551,30.569414,0.01873076,0.0
2021-12-09 11:00:00,38.14,309.96075,988.4927,1.454297,32.068233,0.008299947,0.0
2021-12-09 12:00:00,38.96,309.87057,989.3702,1.047714,32.17537,0.0,0.0
2021-12-09 13:00:00,40.4,309.6286,989.9877,0.7834731,32.589592,0.0,0.0
2021-12-09 14:00:00,40.12,308.86005,990.335,1.1437258,34.874813,0.0,0.0
2021-12-09 15:00:00,40.0,308.10217,990.12744,2.372899,36.911663,0.0,0.0
2021-12-09 16:00:00,41.91,307.32074,989.7967,2.6708484,38.671227,0.036746267,0.0
2021-12-09 17:00:00,43.79,305.67535,989.7438,4.271687,43.39734,0.29225647,0.0
2021-12-09 18:00:00,44.57,304.48352,989.354,6.6827683,51.97362,0.0,0.0
2021-12-09 19:00:00,44.56,303.43652,989.4586,4.7558613,61.182617,0.0,0.0
2021-12-09 20:00:00,44.53,302.8152,990.1507,4.370232,65.5871,0.0,0.0
2021-12-09 21:00:00,44.37,302.32,990.91797,3.8630528,69.09407,0.0,0.0
2021-12-09 22:00:00,43.97,302.5749,991.65704,4.307196,69.07135,0.0,0.0
2021-12-09 23:00:00,43.54,303.9817,992.12134,4.245236,62.756878,0.0,0.0
2021-12-10 00:00:00,41.9,305.901,991.90546,3.5352156,54.030544,0.3595158,0.0
2021-12-10 01:00:00,41.01,308.04572,991.4989,3.0623603,45.490337,0.0,0.0
2021-12-10 02:00:00,40.06,310.02264,990.5475,2.5478284,37.397144,0.0,0.0
2021-12-10 03:00:00,39.88,311.5271,989.7402,1.8448657,31.308533,0.0,0.0
2021-12-10 04:00:00,39.59,312.6349,988.5572,1.2909709,27.361063,0.0,0.0
2021-12-10 05:00:00,38.91,313.53778,987.6211,0.43743512,23.967419,0.0,0.0
2021-12-10 06:00:00,38.6,314.19815,986.81274,1.0021267,21.984447,0.0,0.0
2021-12-10 07:00:00,40.46,314.1958,986.0411,1.7394925,22.568222,0.0,1.8299999
2021-12-10 08:00:00,42.85,313.95285,985.8155,1.2578576,22.75003,0.0,0.29
2021-12-10 09:00:00,44.35,313.17715,986.02716,1.1691338,23.443527,0.41252375,0.28
2021-12-10 10:00:00,44.31,312.67944,986.9564,0.9088105,23.899643,0.001291919,0.45999998
2021-12-10 11:00:00,44.54,311.3627,988.3725,2.2723968,26.638052,0.5251318,0.0
2021-12-10 12:00:00,44.9,308.61713,989.5639,6.154033,34.743164,0.20262605,0.0
2021-12-10 13:00:00,43.13,306.8853,990.3805,7.1526036,41.140778,0.13574213,0.0
2021-12-10 14:00:00,42.55,305.94852,990.13196,7.837008,46.420906,0.0,0.0
2021-12-10 15:00:00,43.12,305.06824,989.9747,7.2758245,52.480854,0.0,0.0
2021-12-10 16:00:00,43.58,304.46976,990.03174,5.708397,56.504185,0.0,0.0
2021-12-10 17:00:00,43.18,303.95563,989.88477,4.2074084,59.69142,0.0,0.0
2021-12-10 18:00:00,41.83,303.54037,989.8489,3.6779852,62.369347,0.0,0.0
2021-12-10 19:00:00,41.52,302.2275,990.3691,3.5856023,64.94337,0.0,0.0
2021-12-10 20:00:00,41.59,301.84967,990.47906,3.30151,68.415955,0.0,0.0
2021-12-10 21:00:00,41.12,301.6117,991.5094,2.9217765,71.402245,0.0,0.0
2021-12-10 22:00:00,40.67,302.0739,992.2707,3.166997,70.8236,0.0,0.0
2021-12-10 23:00:00,40.21,303.5782,992.5641,2.9763162,64.60059,0.0,0.0
2021-12-11 00:00:00,39.48,305.54517,992.4182,2.388151,56.668808,1.2773156,0.0
2021-12-11 01:00:00,39.45,307.51764,991.98865,1.7165588,49.447144,0.0,0.0
2021-12-11 02:00:00,39.11,309.35785,991.4384,1.0611383,39.961166,0.015651807,0.0
2021-12-11 03:00:00,38.68,310.84424,990.3211,1.1250232,33.72422,0.0051259995,0.0
2021-12-11 04:00:00,39.19,312.02185,989.16943,1.4137508,29.448986,0.0,0.0
2021-12-11 05:00:00,39.12,312.8723,988.1208,1.1065189,26.317442,0.0,0.0
2021-12-11 06:00:00,37.64,313.51254,987.29175,0.6208174,24.02549,0.0,0.0
2021-12-11 07:00:00,38.89,313.6075,986.9913,1.3080361,21.759727,0.0,0.41
2021-12-11 08:00:00,40.02,313.4254,986.44214,1.0149661,21.561369,0.0,0.14
2021-12-11 09:00:00,41.1,313.10956,986.4817,1.0345246,21.346617,0.0,0.16
2021-12-11 10:00:00,40.82,312.58643,986.98346,0.82103044,21.6885,0.0,0.14
2021-12-11 11:00:00,39.25,312.0111,988.2042,1.046673,22.360046,0.0,0.0
2021-12-11 12:00:00,38.56,311.51105,988.59283,0.87994623,23.48554,0.0,0.0
2021-12-11 13:00:00,39.19,310.88483,989.0644,0.3747083,24.98667,0.0,0.0
2021-12-11 14:00:00,40.36,309.88184,989.50476,2.6339521,27.19406,0.0,0.0
2021-12-11 15:00:00,42.84,308.4363,989.6039,5.1765966,34.369705,0.0,0.0
2021-12-11 16:00:00,45.35,306.66333,989.2441,5.798962,46.388493,0.0,0.0
2021-12-11 17:00:00,46.95,305.57922,988.90063,5.5964527,54.012264,0.0,0.0
2021-12-11 18:00:00,48.33,304.90497,988.8106,5.1646357,58.275352,0.0,0.0
2021-12-11 19:00:00,49.91,303.7284,990.1306,4.0792255,63.998413,0.028222797,0.0
2021-12-11 20:00:00,48.74,303.39722,990.32227,4.257237,65.793465,0.0,0.0
2021-12-11 21:00:00,46.42,303.02368,990.8364,4.4719996,67.7328,0.0,0.0
2021-12-11 22:00:00,44.91,303.15082,991.5859,4.4379964,67.24306,0.0,0.0
2021-12-11 23:00:00,43.43,304.32196,992.197,4.051125,61.705803,0.0,0.0
2021-12-12 00:00:00,42.15,306.18042,992.3709,3.9649308,53.577667,0.05353093,0.0
2021-12-12 01:00:00,42.09,308.32288,992.03,3.9263513,45.263477,0.0,0.0
2021-12-12 02:00:00,41.99,310.1266,991.34344,3.6112733,37.664486,0.0349693,0.0
2021-12-12 03:00:00,41.18,311.63812,990.2148,3.2673297,31.66594,0.0,0.0
2021-12-12 04:00:00,39.37,312.94308,989.1116,3.2149746,27.11145,0.0012628734,0.0
2021-12-12 05:00:00,37.28,313.8492,988.15173,2.8888214,24.180824,0.0,0.0
2021-12-12 06:00:00,35.1,314.13885,987.3755,2.2718558,23.113626,0.0,0.0
2021-12-12 07:00:00,35.05,313.3211,986.73096,2.0435383,22.412186,0.0,0.0
2021-12-12 08:00:00,36.02,313.5423,985.9725,1.1156783,21.794268,0.0,0.0
2021-12-12 09:00:00,37.69,312.7215,986.3268,1.1302959,22.643179,0.0,0.0
2021-12-12 10:00:00,39.98,310.93604,987.58026,4.448407,26.77877,0.18623471,0.0
2021-12-12 11:00:00,41.83,308.96472,988.8527,5.208904,33.344555,0.0,0.0
2021-12-12 12:00:00,43.36,307.8982,989.6088,6.712509,37.852238,0.0,0.0
2021-12-12 13:00:00,45.29,307.41504,989.8207,6.714181,39.10301,0.0,0.0
2021-12-12 14:00:00,46.5,306.85452,989.9586,6.870143,40.416916,0.0,0.0
2021-12-12 15:00:00,46.3,306.02243,989.7265,6.88472,43.324955,0.0,0.0
2021-12-12 16:00:00,46.56,305.1938,989.14514,6.692285,46.44051,0.0,0.0
2021-12-12 17:00:00,47.0,304.3673,988.6175,6.333279,49.459415,0.0,0.0
2021-12-12 18:00:00,46.97,303.89648,988.3086,5.50482,50.827873,0.0,0.0
2021-12-12 19:00:00,45.76,302.66306,988.6317,3.9281964,58.221394,0.0,0.0
2021-12-12 20:00:00,44.96,302.74817,988.68854,3.5566556,58.303772,0.0,0.0
2021-12-12 21:00:00,43.68,302.66217,989.31757,2.997055,59.726883,0.0,0.0
2021-12-12 22:00:00,42.56,303.21332,989.88165,3.1828592,59.540005,0.0,0.0
2021-12-12 23:00:00,41.45,304.7462,990.2942,3.1502006,56.518997,0.0,0.0
2021-12-13 00:00:00,44.32,306.66345,990.3406,2.8339436,49.35174,0.22402406,0.0
2021-12-13 01:00:00,44.73,308.53186,990.15765,2.4374657,41.404346,0.0,0.0
2021-12-13 02:00:00,43.45,310.33093,989.4931,2.281701,35.039295,0.010371208,0.0
2021-12-13 03:00:00,42.23,311.87338,988.6911,2.3083339,30.26043,0.030901283,0.0
2021-12-13 04:00:00,41.37,313.0594,987.7512,1.9556587,26.274664,0.030770898,0.0
2021-12-13 05:00:00,38.96,313.97528,986.95435,1.5345575,24.047283,0.01277402,0.0
2021-12-13 06:00:00,36.68,314.24603,985.8855,1.213741,22.53731,0.011496246,0.0
2021-12-13 07:00:00,35.3,314.59915,984.8677,3.248045,21.3782,0.0097975135,0.0
2021-12-13 08:00:00,35.06,314.56653,984.6733,3.1765084,21.018763,0.003412366,0.0
2021-12-13 09:00:00,35.9,313.3937,985.32837,3.4914443,21.750969,0.02849847,0.0
2021-12-13 10:00:00,38.01,311.888,986.3677,3.7168758,24.223475,0.11175871,0.0
2021-12-13 11:00:00,40.84,311.46356,986.77814,6.5120177,25.120073,0.0037178397,1.05
2021-12-13 12:00:00,43.45,307.25052,987.78986,9.453357,45.668114,0.0,2.74
2021-12-13 13:00:00,45.07,305.96057,988.2152,8.2968645,52.539707,0.0,3.82
2021-12-13 14:00:00,46.39,305.70233,988.6354,7.005449,53.82367,0.0,3.83
2021-12-13 15:00:00,46.23,305.2475,988.52905,5.4087744,56.09439,0.0,1.9399999
2021-12-13 16:00:00,44.16,304.72015,988.3962,4.963252,58.384674,0.0,0.0
2021-12-13 17:00:00,42.29,304.06982,988.23126,4.588933,60.675663,0.0,0.0
2021-12-13 18:00:00,41.84,303.56833,988.07794,4.958782,62.285786,0.0,0.0
2021-12-13 19:00:00,41.6,302.74713,988.17914,4.2224255,66.55754,0.0,0.0
2021-12-13 20:00:00,43.14,302.50375,988.456,4.1996994,68.26225,0.0,0.0
2021-12-13 21:00:00,45.41,302.19562,989.51654,3.431914,70.36938,0.0,0.0
2021-12-13 22:00:00,45.87,302.49493,990.1898,4.01638,69.91371,0.0,0.0
2021-12-13 23:00:00,44.68,303.88812,990.70154,4.2634363,64.017136,0.0,0.0
2021-12-14 00:00:00,42.53,305.86353,990.7441,4.3132353,54.40316,0.25436878,0.0
2021-12-14 01:00:00,41.6,308.0061,990.5682,4.321224,44.687675,0.0,0.0
2021-12-14 02:00:00,40.71,309.9945,989.84735,4.209368,37.27254,0.0,0.0
2021-12-14 03:00:00,40.58,311.7408,988.8083,3.9029655,31.257511,0.0,0.0
2021-12-14 04:00:00,40.39,313.06165,987.6783,3.308634,26.482126,0.0,0.0
2021-12-14 05:00:00,39.43,314.0292,986.6964,2.6474538,22.835987,0.0,0.0
2021-12-14 06:00:00,38.91,314.56165,985.71857,2.3402941,20.934452,0.0,0.0
2021-12-14 07:00:00,39.73,314.99817,985.04553,2.1062777,19.4693,0.0,0.0
2021-12-14 08:00:00,39.81,314.92242,984.67865,1.9273856,18.857613,0.0,0.0
2021-12-14 09:00:00,39.16,314.45123,984.9871,1.7039446,18.943981,0.0,0.0
2021-12-14 10:00:00,38.97,313.91373,985.63416,2.3169296,18.973228,0.0,0.0
2021-12-14 11:00:00,39.62,313.12244,986.8692,3.853432,20.539944,0.0,0.0
2021-12-14 12:00:00,41.44,312.1654,987.5669,4.785146,22.955675,0.0,0.0
2021-12-14 13:00:00,42.19,310.8881,988.4074,5.298195,27.232834,0.0,0.0
2021-12-14 14:00:00,43.18,309.31882,989.30096,5.0684996,34.725605,0.0,0.0
2021-12-14 15:00:00,45.19,307.8365,989.2509,4.7282267,41.382168,0.06435507,0.0
2021-12-14 16:00:00,46.17,307.06976,987.6942,6.7832,44.90104,0.0,0.0
2021-12-14 17:00:00,45.57,306.4179,986.62164,7.1939845,47.873573,0.0,0.0
2021-12-14 18:00:00,45.13,305.7674,986.8102,6.22494,51.78535,0.0,0.0
2021-12-14 19:00:00,44.76,304.7768,987.5346,5.999978,59.598732,0.0,0.0
2021-12-14 20:00:00,44.73,304.2959,987.90393,5.694838,60.52332,0.0,0.0
2021-12-14 21:00:00,44.98,303.90448,989.1616,4.7991977,60.463535,0.0,0.0
2021-12-14 22:00:00,45.05,304.01343,990.2992,4.7216005,58.312172,0.0,0.0
2021-12-14 23:00:00,44.76,305.26776,991.1448,5.02524,50.575302,0.0,0.0
2021-12-15 00:00:00,42.71,307.3354,991.427,5.5148473,39.680603,0.065642595,0.0
2021-12-15 01:00:00,42.07,309.66507,991.17487,6.007294,30.9207,0.0,0.0
2021-12-15 02:00:00,41.55,311.8471,990.50256,6.2872915,25.339249,0.0,0.0
2021-12-15 03:00:00,40.78,313.5695,989.62427,6.013346,22.16379,0.0,0.0
2021-12-15 04:00:00,40.7,314.39642,988.5682,5.163546,20.347376,0.0,0.0
2021-12-15 05:00:00,39.96,315.24213,987.7048,4.707215,18.582947,0.0,0.0
2021-12-15 06:00:00,39.92,315.6888,986.8335,4.497094,17.491346,0.0,0.0
2021-12-15 07:00:00,39.59,314.94666,986.60815,4.15941,18.093803,0.0,0.0
2021-12-15 08:00:00,38.4,314.90912,986.2533,3.8540502,17.901342,0.0,0.0
2021-12-15 09:00:00,37.99,314.62866,986.4654,3.4183218,17.958801,0.0,0.0
2021-12-15 10:00:00,38.95,314.1915,987.0667,2.863635,18.233124,0.0,0.0
2021-12-15 11:00:00,39.13,313.45575,987.82764,1.6082214,19.080564,0.0,0.0
2021-12-15 12:00:00,40.3,312.63898,988.06976,1.9251236,20.16461,0.0,0.0
2021-12-15 13:00:00,41.3,311.8865,988.1655,2.694388,21.247906,0.0,0.0
2021-12-15 14:00:00,41.7,311.2373,988.1041,3.561294,21.99518,0.0,0.0
2021-12-15 15:00:00,42.09,310.04584,987.84717,6.082796,25.162086,0.0,0.0
2021-12-15 16:00:00,42.75,307.54596,987.88763,7.6672697,40.200825,0.0,0.0
2021-12-15 17:00:00,42.31,306.25082,987.96173,6.402106,47.256996,0.0,0.0
2021-12-15 18:00:00,41.16,305.7162,987.9316,5.7051964,48.37337,0.0,0.0
2021-12-15 19:00:00,41.2,304.36676,988.70984,4.4638405,58.885586,0.0,0.0
2021-12-15 20:00:00,41.09,303.9795,989.4687,3.4378998,59.067284,0.0,0.0
2021-12-15 21:00:00,40.26,303.63342,990.18805,3.3127744,57.47388,0.0,0.0
2021-12-15 22:00:00,39.44,304.0525,991.15375,4.6015315,50.617634,0.0,0.0
2021-12-15 23:00:00,37.92,305.52557,991.7075,5.778044,40.78602,0.0,0.0
2021-12-16 00:00:00,34.98,307.5654,991.6914,5.999056,32.432903,0.0,0.0
2021-12-16 01:00:00,34.63,309.90805,991.40155,5.9167123,25.641716,0.0,0.0
2021-12-16 02:00:00,34.53,312.19415,990.59186,6.169046,20.756655,0.0,0.0
2021-12-16 03:00:00,34.85,314.0066,989.61346,6.1701016,17.552404,0.0,0.0
2021-12-16 04:00:00,35.04,315.377,988.32025,5.7852435,15.717459,0.0,0.0
2021-12-16 05:00:00,34.66,316.26935,987.1111,5.0365167,14.820073,0.0,0.0
2021-12-16 06:00:00,34.77,316.7725,986.15485,4.3819523,14.254316,0.0,0.0
2021-12-16 07:00:00,34.83,316.31073,985.74835,4.618713,15.1614,0.0,0.0
2021-12-16 08:00:00,34.26,316.13562,985.199,4.500962,15.171346,0.0,0.0
2021-12-16 09:00:00,33.95,315.7732,985.2317,4.605823,15.342714,0.0,0.0
2021-12-16 10:00:00,33.77,315.05115,985.6944,4.489652,15.883203,0.0,0.0
2021-12-16 11:00:00,34.22,313.85544,986.4568,4.1251655,17.073217,0.0,0.0
2021-12-16 12:00:00,34.62,312.68622,986.61896,4.1936674,18.33701,0.0,0.0
2021-12-16 13:00:00,34.59,311.6628,986.96216,4.3714128,19.563766,0.0,0.0
2021-12-16 14:00:00,35.08,310.18408,987.1764,6.531522,23.685955,0.0,0.0
2021-12-16 15:00:00,36.13,308.11612,987.37384,8.63073,36.22984,0.0,0.0
2021-12-16 16:00:00,36.66,307.15106,987.36993,7.5449867,39.587708,0.0,0.0
2021-12-16 17:00:00,37.02,306.3731,987.33093,6.691579,40.520103,0.0,0.0
2021-12-16 18:00:00,37.35,305.61465,987.3705,6.2293043,41.508026,0.0,0.0
2021-12-16 19:00:00,37.41,304.7735,987.5517,5.3795652,43.957497,0.0,0.0
2021-12-16 20:00:00,37.37,304.17474,987.83234,4.5231953,45.145287,0.0,0.0
2021-12-16 21:00:00,37.01,303.59677,988.6611,4.0465746,46.733974,0.0,0.0
2021-12-16 22:00:00,37.24,304.006,989.3909,4.505977,45.925503,0.0,0.0
2021-12-16 23:00:00,37.28,305.68256,989.95795,5.3687897,40.863907,0.0,0.0
2021-12-17 00:00:00,37.14,307.91498,989.93726,5.520207,34.651947,0.0,0.0
2021-12-17 01:00:00,36.76,310.42206,989.5577,5.4882674,28.67216,0.0,0.0
2021-12-17 02:00:00,36.31,312.72278,988.97125,5.415074,23.922039,0.0,0.0
2021-12-17 03:00:00,36.01,314.70123,987.86597,5.4727488,20.311646,0.0,0.0
2021-12-17 04:00:00,36.08,316.32315,986.5298,5.102919,17.467203,0.0,0.0
2021-12-17 05:00:00,35.97,317.01453,985.58405,3.5289207,15.47237,0.0,0.0
2021-12-17 06:00:00,34.96,317.0985,984.87854,2.0662272,14.341921,0.0,0.0
2021-12-17 07:00:00,33.76,316.98834,984.5153,1.9276154,14.084519,0.0,0.0
2021-12-17 08:00:00,33.49,317.08655,984.005,2.4763813,13.868988,0.0,0.0
2021-12-17 09:00:00,33.81,316.7647,984.08765,2.960805,14.071262,0.0,0.0
2021-12-17 10:00:00,35.23,316.02167,985.1183,3.8450494,14.8892145,0.0,0.0
2021-12-17 11:00:00,36.77,314.48047,985.9219,4.1838264,16.700071,0.0,0.0
2021-12-17 12:00:00,37.79,313.25494,986.6078,5.357905,18.668692,0.0,0.0
2021-12-17 13:00:00,38.9,310.63782,987.40405,7.799354,30.557037,0.0,0.0
2021-12-17 14:00:00,41.93,308.72577,987.8569,7.322337,41.688137,0.0,0.0
2021-12-17 15:00:00,44.85,308.0249,987.80383,6.865037,45.01862,0.0,0.0
2021-12-17 16:00:00,46.72,307.28088,987.41125,6.6451693,47.425377,0.0,0.0
2021-12-17 17:00:00,49.09,306.50928,987.6809,5.7631164,50.45321,0.0,0.0
2021-12-17 18:00:00,50.99,305.645,988.0675,5.502552,54.56043,0.0,0.0
2021-12-17 19:00:00,50.18,303.89224,988.2175,7.6273723,69.58687,0.017911196,0.0
2021-12-17 20:00:00,47.73,303.29272,988.41315,7.6053834,72.27014,0.0,0.0
2021-12-17 21:00:00,45.59,303.1126,988.70306,6.349066,71.36596,0.0,0.0
2021-12-17 22:00:00,42.93,303.60132,989.5399,4.972839,66.566536,0.0,0.0
2021-12-17 23:00:00,41.12,305.20593,990.2347,4.620261,56.468975,0.0,0.0
2021-12-18 00:00:00,40.16,307.4677,990.4205,4.8788767,45.491642,0.01834631,0.0
2021-12-18 01:00:00,39.57,310.36908,990.0831,5.4834566,34.35707,0.0,0.0
2021-12-18 02:00:00,39.27,312.84607,989.3814,5.8571124,26.694511,0.0,0.0
2021-12-18 03:00:00,38.45,314.88278,988.2356,5.8443193,21.603624,0.0,0.0
2021-12-18 04:00:00,37.74,316.27484,987.26733,4.8704057,18.476566,0.0,0.0
2021-12-18 05:00:00,36.34,316.84338,986.51685,2.6946096,16.482058,0.0,0.0
2021-12-18 06:00:00,35.74,316.81726,985.93335,2.0260782,15.949416,0.0,0.0
2021-12-18 07:00:00,36.55,316.9353,985.3617,1.6906939,16.074905,0.0,0.0
2021-12-18 08:00:00,37.39,316.07605,985.33325,1.2967374,16.301943,0.0,0.0
2021-12-18 09:00:00,37.58,315.75323,985.2868,0.67670906,16.514278,0.0,0.0
2021-12-18 10:00:00,38.83,315.5418,986.0639,1.1183538,16.758465,0.0,0.08
2021-12-18 11:00:00,40.84,314.90384,986.97076,1.7704129,17.510414,0.0,0.0
2021-12-18 12:00:00,42.55,314.27933,987.84436,2.8490822,18.311153,0.0,0.0
2021-12-18 13:00:00,43.57,312.97675,988.64594,5.3890014,21.404465,0.0,0.0
2021-12-18 14:00:00,45.28,310.85663,989.41205,6.0431533,31.122458,0.0,0.96999997
2021-12-18 15:00:00,46.19,309.0902,989.1738,5.378883,40.741383,0.0,4.5499997
2021-12-18 16:00:00,46.67,307.89435,989.1819,5.2413983,47.544174,0.0,1.6099999
2021-12-18 17:00:00,46.51,306.7303,989.1697,5.2414255,53.633545,0.0,0.97
2021-12-18 18:00:00,47.25,305.6596,989.33655,5.102849,58.399643,0.0,0.43
2021-12-18 19:00:00,48.84,304.7787,989.608,4.4619913,59.693455,0.011563301,0.19999999
2021-12-18 20:00:00,49.24,304.0897,990.002,4.823241,63.135487,0.0,2.67
2021-12-18 21:00:00,47.97,303.60974,990.8592,4.5256596,66.13678,0.0,2.6799998
2021-12-18 22:00:00,46.98,303.7639,991.9353,4.0841274,65.74379,0.0064373016,1.6499999
2021-12-18 23:00:00,45.98,304.8703,992.61584,2.32385,60.377377,0.007390976,0.089999996
2021-12-19 00:00:00,45.47,306.61737,993.0848,1.5256631,52.347065,0.036418438,0.0
2021-12-19 01:00:00,45.17,308.52612,992.438,1.852887,44.284935,0.0,0.0
2021-12-19 02:00:00,45.14,310.69135,991.8158,2.4062767,35.724556,0.0,0.0
2021-12-19 03:00:00,44.88,312.53107,990.9197,2.5316525,29.253002,0.0,0.0
2021-12-19 04:00:00,44.44,314.216,990.0211,1.7542163,24.889996,0.0034347177,0.0
2021-12-19 05:00:00,44.17,315.2505,988.96423,0.4350389,22.230396,0.0021457672,0.0
2021-12-19 06:00:00,43.98,315.87894,988.10596,0.72421384,20.770506,0.0,0.0
2021-12-19 07:00:00,44.81,316.40497,987.09705,1.3236098,18.36215,0.006698072,0.0
2021-12-19 08:00:00,45.63,316.3081,986.77094,1.5545676,16.700918,0.16886741,0.0
2021-12-19 09:00:00,46.69,315.8894,986.6827,0.8334812,17.879253,0.0,0.32
2021-12-19 10:00:00,48.61,314.9611,988.2358,4.374805,19.84323,0.04695356,0.43
2021-12-19 11:00:00,50.76,310.14874,991.6344,3.3731318,33.296795,0.108107924,0.12
2021-12-19 12:00:00,52.92,307.2943,992.4783,3.6099682,45.076294,0.7644743,0.0
2021-12-19 13:00:00,52.72,307.6989,992.368,5.5842896,45.941708,0.010669231,0.0
2021-12-19 14:00:00,51.88,306.99146,992.0226,7.67592,52.10194,0.0,0.0
2021-12-19 15:00:00,49.74,306.03024,991.4009,6.929437,57.3399,0.0,0.0
2021-12-19 16:00:00,48.76,305.35052,991.0683,5.2533298,60.16262,0.0,0.0
2021-12-19 17:00:00,47.69,304.7189,990.8605,5.178946,62.416344,0.0,0.049999997
2021-12-19 18:00:00,46.61,304.13986,990.72675,4.3985457,63.960625,0.0,0.11
2021-12-19 19:00:00,44.89,303.6902,991.79736,2.6270666,59.61758,0.0,0.0
2021-12-19 20:00:00,44.64,303.11847,992.18634,4.046666,63.66929,0.0,0.0
2021-12-19 21:00:00,44.65,302.60846,992.5598,4.725667,67.104065,0.0,0.0
2021-12-19 22:00:00,43.97,302.7655,993.27563,5.5382,66.92762,0.0,0.0
2021-12-19 23:00:00,42.89,303.8871,993.80585,5.537139,62.535114,0.0,0.0
2021-12-20 00:00:00,41.32,305.68076,994.0158,5.2020683,55.6116,1.1118054,0.0
2021-12-20 01:00:00,40.42,307.79932,993.9492,5.163835,48.195248,0.0,0.0
2021-12-20 02:00:00,39.82,309.84723,993.4441,5.340703,41.538223,0.0,0.0
2021-12-20 03:00:00,39.48,311.8109,992.5975,5.4074783,35.10794,0.0055134296,0.0
2021-12-20 04:00:00,38.24,313.1419,991.38104,4.783643,30.527815,0.023499131,0.0
2021-12-20 05:00:00,37.4,314.00076,990.24115,3.8502092,27.486069,0.041686,0.0
2021-12-20 06:00:00,36.32,314.80167,989.31805,3.2958474,25.155035,0.033520162,0.0
2021-12-20 07:00:00,36.05,315.82428,988.3507,1.5312893,21.181389,0.0040784506,0.0
2021-12-20 08:00:00,36.96,315.91852,987.66187,1.4865017,19.230757,0.06467849,0.0
2021-12-20 09:00:00,36.59,315.4904,987.86884,3.2623022,18.924225,0.060282648,0.0
2021-12-20 10:00:00,35.84,312.26505,989.4336,6.7949295,26.990759,0.050596878,0.0
2021-12-20 11:00:00,36.27,309.0138,990.1653,6.8757195,37.49593,0.0,0.0
2021-12-20 12:00:00,39.03,308.3051,990.0436,5.2360325,40.4672,0.0,0.0
2021-12-20 13:00:00,42.73,307.23932,990.1005,5.2650743,48.03405,0.0,0.0
2021-12-20 14:00:00,45.04,306.28668,991.1731,4.6906443,54.233265,0.0,0.0
2021-12-20 15:00:00,46.76,305.45642,991.54016,4.4074416,58.081615,0.0,0.0
2021-12-20 16:00:00,47.47,304.73737,991.53033,5.488539,60.568832,0.0,0.0
2021-12-20 17:00:00,47.86,303.88434,990.8259,6.378764,66.24754,0.0,0.0
2021-12-20 18:00:00,46.82,303.178,990.9789,5.9879737,72.13501,0.0,0.0
2021-12-20 19:00:00,44.5,302.308,991.83484,5.2736835,75.31053,0.0,0.0
2021-12-20 20:00:00,41.18,301.89847,991.9512,4.957155,76.86107,0.0,0.0
2021-12-20 21:00:00,39.41,301.60907,992.40875,4.661823,77.77854,0.0,0.0
2021-12-20 22:00:00,38.16,302.00824,993.0444,5.217985,74.586174,0.0,0.0
2021-12-20 23:00:00,36.73,303.53387,993.4657,5.556363,65.06321,0.0,0.0
2021-12-21 00:00:00,35.65,305.67657,993.54767,5.624534,53.85794,0.2847135,0.0
2021-12-21 01:00:00,35.88,308.0483,992.97766,5.7981634,43.72393,0.0,0.0
2021-12-21 02:00:00,35.83,310.33118,992.39154,5.9173236,35.6609,0.0,0.0
2021-12-21 03:00:00,35.64,312.33963,991.1141,5.8476605,29.51411,0.0,0.0
2021-12-21 04:00:00,35.64,313.9806,989.9281,5.2737713,24.874016,0.0,0.0
2021-12-21 05:00:00,36.72,315.1264,988.54,4.035726,20.951103,0.0,0.0
2021-12-21 06:00:00,37.28,315.51453,987.59216,2.6400578,17.688421,0.0,0.0
2021-12-21 07:00:00,38.71,315.78452,986.79626,2.2146206,17.502813,0.0,0.0
2021-12-21 08:00:00,39.37,315.43542,986.31866,1.9814943,16.248726,0.0,0.0
2021-12-21 09:00:00,41.04,315.35373,986.3328,1.952763,15.428066,0.0,0.0
2021-12-21 10:00:00,43.09,314.64996,987.01086,1.0165285,16.472546,0.0,1.1899999
2021-12-21 11:00:00,43.06,311.80832,987.692,6.5705104,25.453943,0.0,0.96
2021-12-21 12:00:00,42.94,306.69104,989.034,9.098849,49.28587,0.0,1.27
2021-12-21 13:00:00,42.17,304.6289,989.8644,8.382674,58.97065,0.0,0.37
2021-12-21 14:00:00,42.26,304.2307,990.59644,6.818257,60.418247,0.0,0.099999994
2021-12-21 15:00:00,41.74,303.9241,990.6767,6.646576,61.955368,0.0,2.29
2021-12-21 16:00:00,40.04,303.53433,990.6989,5.6894298,63.77535,0.0,0.0
2021-12-21 17:00:00,39.15,303.0994,990.4949,5.7635717,65.91246,0.0,0.0
2021-12-21 18:00:00,39.09,302.63428,990.2209,5.5549793,68.537636,0.0,0.01
2021-12-21 19:00:00,39.34,301.78256,990.5128,4.181615,71.25902,0.0,0.0
2021-12-21 20:00:00,38.47,301.4121,990.60657,4.0565066,74.58376,0.0,0.0
2021-12-21 21:00:00,37.26,301.16183,990.98517,4.1254005,76.60409,0.0,0.0
2021-12-21 22:00:00,36.23,301.59756,991.7969,5.4745994,73.95734,0.0,0.0
2021-12-21 23:00:00,35.84,302.93137,992.2527,6.325489,67.08501,0.0,0.0
2021-12-22 00:00:00,36.89,304.84595,992.20526,6.176381,58.17973,0.0,0.0
2021-12-22 01:00:00,37.09,307.1385,991.4952,6.028751,48.511654,0.0,0.0
2021-12-22 02:00:00,37.64,309.4928,990.6281,5.8545628,39.969856,0.0,0.0
2021-12-22 03:00:00,38.26,311.52304,989.2759,5.729364,33.731026,0.0,0.0
2021-12-22 04:00:00,38.78,313.19147,987.96533,5.6378846,29.158926,0.0040754676,0.0
2021-12-22 05:00:00,39.16,314.2933,986.6931,5.1314845,25.725163,0.008106232,0.0
2021-12-22 06:00:00,39.07,315.1538,985.48627,4.329239,22.489544,0.0,0.0
2021-12-22 07:00:00,39.69,314.59796,985.78784,3.2215965,22.222576,0.0,0.0
2021-12-22 08:00:00,39.98,314.67346,985.0133,2.6689043,21.088242,0.0,0.0
2021-12-22 09:00:00,40.83,314.23825,984.94885,2.006383,20.915823,0.0,0.0
2021-12-22 10:00:00,42.17,313.9336,985.5517,1.3419821,20.36866,0.0,0.0
2021-12-22 11:00:00,44.53,313.3424,986.48065,2.8367047,20.536648,0.08893758,0.51
2021-12-22 12:00:00,47.47,311.4593,987.678,2.5253584,23.591368,0.49018115,1.5999999
2021-12-22 13:00:00,49.17,309.97662,988.11755,4.7954135,28.907686,0.03606081,2.42
2021-12-22 14:00:00,50.34,308.03787,988.1384,6.082417,42.088783,0.0,11.959999
2021-12-22 15:00:00,50.23,307.09155,988.2392,5.3325744,49.181602,0.0,5.83
2021-12-22 16:00:00,50.57,306.49396,987.50085,5.4205484,51.686623,0.0,4.41
2021-12-22 17:00:00,50.91,305.7422,986.9896,5.802931,55.036503,0.0,6.41
2021-12-22 18:00:00,50.71,304.93506,986.6948,5.4356875,59.22572,0.0,5.87
2021-12-22 19:00:00,50.27,303.08154,988.7145,3.6904786,60.62845,0.0,6.98
2021-12-22 20:00:00,49.48,302.55078,988.7533,4.1637464,64.31698,0.0,5.55
2021-12-22 21:00:00,46.87,302.0652,989.3092,3.9157164,69.10989,0.0,1.5699999
2021-12-22 22:00:00,42.01,302.13678,989.9467,4.224881,71.93186,0.0,0.0
2021-12-22 23:00:00,37.79,303.17645,990.11487,4.360848,68.51615,0.0,0.0
2021-12-23 00:00:00,34.35,305.0916,989.86237,4.023784,59.365536,0.62842965,0.0
2021-12-23 01:00:00,34.76,307.13583,989.5131,3.4244263,50.380527,0.0,0.0
2021-12-23 02:00:00,36.66,309.2271,988.8733,2.850836,42.02835,0.002739951,0.0
2021-12-23 03:00:00,39.81,310.91895,988.15967,2.565262,34.904324,0.047614798,0.0
2021-12-23 04:00:00,41.49,311.854,987.4998,2.028049,30.987667,0.027466565,0.0
2021-12-23 05:00:00,41.79,312.8346,986.4851,1.7357019,28.109816,0.024013221,0.0
2021-12-23 06:00:00,41.29,313.22354,985.42834,1.4017475,26.866808,0.013306737,0.0
2021-12-23 07:00:00,41.65,314.32532,982.7357,0.6718267,22.4933,0.0090152025,0.0
2021-12-23 08:00:00,42.05,312.06876,984.0985,1.006495,26.21939,0.31079352,0.0
2021-12-23 09:00:00,43.02,303.94165,988.01514,4.66903,55.241947,1.3940856,0.0
2021-12-23 10:00:00,43.84,302.76144,987.7989,3.08902,62.53317,1.2563393,0.0
2021-12-23 11:00:00,44.37,303.5876,987.44086,3.237881,58.72484,0.03235042,0.0
2021-12-23 12:00:00,45.52,303.86334,988.22076,1.6372901,58.68648,0.0042766333,0.0
2021-12-23 13:00:00,45.8,304.03302,988.7671,2.8185678,59.177917,0.06209314,0.0
2021-12-23 14:00:00,47.12,303.1557,990.0136,4.250191,62.850414,0.36148727,0.0
2021-12-23 15:00:00,48.33,302.89935,989.9783,4.147463,64.41222,0.019848347,0.0
2021-12-23 16:00:00,49.49,302.45743,989.01013,3.796341,67.61648,0.046014786,0.0
2021-12-23 17:00:00,50.55,302.0796,988.4844,3.3058064,70.56435,0.02965331,0.0
2021-12-23 18:00:00,51.3,301.80698,988.6153,2.2101927,72.932144,0.05787611,0.0
2021-12-23 19:00:00,52.67,301.19287,988.32904,4.1079755,75.43319,0.0,0.0
2021-12-23 20:00:00,53.19,300.89282,988.53705,3.2245295,77.04371,0.0,0.0
2021-12-23 21:00:00,53.36,300.80048,989.57733,2.6598902,77.83268,0.0,0.0
2021-12-23 22:00:00,53.71,301.04865,990.06665,2.8411136,76.25471,0.0,0.0
2021-12-23 23:00:00,53.83,301.80774,991.12146,2.364072,72.63925,0.0,0.0
2021-12-24 00:00:00,52.84,302.95813,991.77026,2.1133332,67.08403,3.8262308,0.0
2021-12-24 01:00:00,52.71,303.7879,991.72314,2.6471448,63.960766,0.0,0.0
2021-12-24 02:00:00,51.82,304.96948,990.76544,1.661204,60.00927,0.065118074,0.0
2021-12-24 03:00:00,50.91,306.11038,989.9291,1.7453488,55.927807,0.016249716,0.0
2021-12-24 04:00:00,50.37,306.93152,989.1195,1.874313,52.95077,0.019896775,0.0
2021-12-24 05:00:00,50.09,307.765,988.05084,2.190211,49.672203,0.018689781,0.0
2021-12-24 06:00:00,50.46,308.12714,987.29047,2.0589492,47.260864,0.021733344,0.0
2021-12-24 07:00:00,50.55,308.87012,986.92596,2.7351134,39.172455,0.0,0.0
2021-12-24 08:00:00,50.45,308.88113,986.03705,2.9112842,38.578545,0.0,0.0
2021-12-24 09:00:00,50.22,308.53378,986.443,3.3038747,40.156147,0.0,0.0
2021-12-24 10:00:00,50.12,307.8175,987.1449,2.5010808,44.20294,0.0,0.0
2021-12-24 11:00:00,50.21,305.37662,988.97125,2.5569723,52.549595,0.4548952,0.0
2021-12-24 12:00:00,50.13,304.95813,989.33093,2.4541566,53.3481,0.0,0.0
2021-12-24 13:00:00,49.33,304.66315,989.9547,2.1864555,54.416702,0.0,0.0
2021-12-24 14:00:00,47.64,304.38226,990.3045,1.7505087,56.38185,0.0,0.39
2021-12-24 15:00:00,46.85,303.96912,990.0637,1.291751,60.060223,0.0,0.089999996
2021-12-24 16:00:00,46.18,303.38904,989.5544,0.8887009,68.28241,0.0,0.0
2021-12-24 17:00:00,45.85,303.21866,989.0557,1.5685881,63.390778,0.0,0.0
2021-12-24 18:00:00,45.98,302.66708,988.6046,2.2505944,64.538605,0.0,0.0
2021-12-24 19:00:00,44.85,301.83948,988.1372,1.1134841,70.28392,0.0,0.0
2021-12-24 20:00:00,43.97,301.35516,988.26624,0.7942687,73.97879,0.0,0.0
2021-12-24 21:00:00,44.21,301.0246,988.90533,1.2595872,72.387535,0.0,0.0
2021-12-24 22:00:00,44.18,301.6851,989.5,2.7160373,68.08297,0.0,0.0
2021-12-24 23:00:00,43.48,303.17297,990.03656,4.71885,62.04685,0.0,0.0
2021-12-25 00:00:00,43.94,304.60025,990.1439,5.469371,55.48479,0.7268369,0.0
2021-12-25 01:00:00,43.74,305.95886,989.83923,5.165407,50.086548,0.0,0.0
2021-12-25 02:00:00,44.11,307.73914,989.31494,5.0294414,44.157326,0.0033844262,0.0
2021-12-25 03:00:00,44.36,308.68906,988.4963,4.9013414,41.068817,0.0071153045,0.0
2021-12-25 04:00:00,44.74,309.49127,987.767,4.3972983,39.162228,0.008050352,0.0
2021-12-25 05:00:00,45.41,310.07153,986.5728,3.787822,35.750988,0.0056661665,0.0
2021-12-25 06:00:00,45.87,310.53833,985.6768,3.5636668,32.756607,0.021517277,0.0
2021-12-25 07:00:00,47.25,309.5915,984.5547,4.8165455,36.78758,0.9613037,0.0
2021-12-25 08:00:00,47.91,306.36005,986.6414,7.6861405,50.51167,2.0451097,0.0
2021-12-25 09:00:00,48.72,304.61386,987.3247,6.270698,59.779655,0.37427247,0.0
2021-12-25 10:00:00,49.87,303.94922,987.54266,4.010371,63.170155,0.0,1.02
2021-12-25 11:00:00,51.3,303.4256,987.96765,2.7259655,66.81725,0.0,1.73
2021-12-25 12:00:00,52.47,303.10895,988.6786,2.4050782,69.73091,0.0,0.0
2021-12-25 13:00:00,52.16,302.87872,989.2774,2.0189292,71.94738,0.0,0.0
2021-12-25 14:00:00,52.05,302.63882,989.67584,1.5959895,73.95183,0.0,0.0
2021-12-25 15:00:00,52.47,302.32162,988.95544,0.89626694,76.31663,0.0,0.0
2021-12-25 16:00:00,52.12,302.02777,988.71313,0.77864486,79.45272,0.0,0.0
2021-12-25 17:00:00,50.36,301.7232,988.6183,1.5751547,79.5867,0.0,0.0
2021-12-25 18:00:00,49.14,301.2874,988.5753,2.0282743,80.74797,0.0,0.0
2021-12-25 19:00:00,47.59,300.548,988.39124,3.0259783,72.352585,0.0,0.0
2021-12-25 20:00:00,46.2,300.20047,988.4182,3.413663,72.640594,0.0,0.0
2021-12-25 21:00:00,44.46,299.89517,989.117,3.278977,72.789375,0.0,0.0
2021-12-25 22:00:00,43.21,300.3672,989.62573,2.749413,70.24897,0.0,0.0
2021-12-25 23:00:00,42.25,301.88135,990.05304,3.7900913,59.60917,0.0,0.0
2021-12-26 00:00:00,39.44,303.3498,990.0851,3.9140024,54.310913,3.4272969,0.0
2021-12-26 01:00:00,38.19,305.07254,989.57544,4.0371184,48.57986,0.0,0.0
2021-12-26 02:00:00,36.76,306.91574,988.85315,4.434819,41.76914,0.0,0.0
2021-12-26 03:00:00,36.15,308.67905,987.96704,4.882672,35.986404,0.0,0.0
2021-12-26 04:00:00,36.35,310.29443,987.193,5.7182255,30.60286,0.0,0.0
2021-12-26 05:00:00,36.4,311.52048,986.0698,6.392442,26.440224,0.0,0.0
2021-12-26 06:00:00,34.25,312.64743,985.20764,7.193195,22.597235,0.0,0.0
2021-12-26 07:00:00,32.86,313.15845,984.44507,7.733177,19.56121,0.0,0.0
2021-12-26 08:00:00,31.43,313.0666,984.46173,7.768912,18.92682,0.0,0.0
2021-12-26 09:00:00,30.95,312.651,984.6869,7.2898097,19.283047,0.0,0.0
2021-12-26 10:00:00,30.8,311.07355,985.4367,5.205636,23.246107,0.0,0.0
2021-12-26 11:00:00,30.67,308.9734,986.30383,4.0269365,29.039822,0.0,0.0
2021-12-26 12:00:00,31.15,307.4672,986.89905,3.4050434,33.522247,0.0,0.0
2021-12-26 13:00:00,32.18,306.43845,987.7597,2.856105,37.001793,0.0,0.0
2021-12-26 14:00:00,32.21,305.50134,987.98944,2.3778312,40.516247,0.0,0.0
2021-12-26 15:00:00,31.95,304.53714,987.8098,2.3521101,43.923737,0.0,0.0
2021-12-26 16:00:00,32.11,303.4666,987.35266,2.6024668,47.13171,0.0,0.0
2021-12-26 17:00:00,31.46,302.52142,987.2061,2.529624,50.257812,0.0,0.0
2021-12-26 18:00:00,30.52,301.7756,986.9494,2.3448048,53.081734,0.0,0.0
2021-12-26 19:00:00,29.42,300.93604,986.5496,1.8314451,56.459915,0.0,0.0
2021-12-26 20:00:00,29.04,300.11285,986.7403,1.8025686,60.051136,0.0,0.0
2021-12-26 21:00:00,29.64,299.34927,987.2944,1.5727178,64.91649,0.0,0.0
2021-12-26 22:00:00,30.19,300.00543,988.1247,0.8061686,67.61043,0.0,0.0
2021-12-26 23:00:00,30.6,303.10077,988.8777,1.1148108,49.8248,0.0,0.0
2021-12-27 00:00:00,32.55,305.89127,989.3956,2.3868308,40.8109,0.0026017425,0.0
2021-12-27 01:00:00,32.2,307.99658,989.09814,2.6243382,33.820053,0.0,0.0
2021-12-27 02:00:00,31.98,309.89996,988.64954,2.630991,29.36501,0.0,0.0
2021-12-27 03:00:00,30.88,312.24634,987.674,4.8721647,22.211432,0.0,0.0
2021-12-27 04:00:00,29.79,313.3389,986.595,5.596789,18.896833,0.0,0.0
2021-12-27 05:00:00,29.54,313.9078,985.5592,5.2015553,17.308672,0.0,0.0
2021-12-27 06:00:00,29.19,315.0622,984.5684,5.3064346,14.901893,0.0,0.0
2021-12-27 07:00:00,29.42,315.55237,984.201,5.972732,13.263482,0.0,0.0
2021-12-27 08:00:00,29.95,315.43066,983.548,5.288323,12.689124,0.0,0.0
2021-12-27 09:00:00,30.7,315.01263,983.6295,4.344628,12.242401,0.0,0.0
2021-12-27 10:00:00,31.05,314.3593,984.1344,2.6883826,12.513871,0.0,0.0
2021-12-27 11:00:00,31.23,312.7586,984.69604,1.8665909,14.449385,0.0,0.0
2021-12-27 12:00:00,30.81,310.99683,984.90955,1.9955238,17.043987,0.0,0.0
2021-12-27 13:00:00,30.97,309.4711,985.58923,1.7104666,19.660067,0.0,0.0
2021-12-27 14:00:00,30.59,308.01074,985.6122,1.2780873,23.81914,0.0,0.0
2021-12-27 15:00:00,30.49,306.60803,985.2672,1.4435303,25.842724,0.0,0.0
2021-12-27 16:00:00,30.92,305.54352,984.7994,1.2287972,26.911386,0.0,0.0
2021-12-27 17:00:00,31.23,304.5926,984.92236,2.9984694,28.586596,0.0,0.0
2021-12-27 18:00:00,32.55,303.18433,985.4777,5.517251,43.321087,0.0,0.0
2021-12-27 19:00:00,34.83,301.5541,985.8425,4.2064304,75.85566,0.0,0.0
2021-12-27 20:00:00,35.85,301.10327,986.0888,3.743258,81.410995,0.0,0.0
2021-12-27 21:00:00,35.58,300.83783,986.5506,3.4311872,84.46333,0.0,0.0
2021-12-27 22:00:00,36.03,301.36542,987.5142,4.096655,82.530334,0.0,0.0
2021-12-27 23:00:00,35.94,303.08685,988.0481,5.390078,73.32987,0.0,0.0
2021-12-28 00:00:00,33.54,305.16208,988.0878,5.1462817,62.414978,0.0,0.0
2021-12-28 01:00:00,33.32,307.43353,987.9758,4.759949,51.517326,0.0,0.0
2021-12-28 02:00:00,33.51,309.68942,987.1692,4.4153023,41.7698,0.0,0.0
2021-12-28 03:00:00,34.02,311.79285,986.34576,4.098114,32.801517,0.0,0.0
2021-12-28 04:00:00,33.98,313.167,985.5037,2.9529681,25.32005,0.0,0.0
2021-12-28 05:00:00,34.44,313.66644,984.71625,1.622976,21.234768,0.0,0.0
2021-12-28 06:00:00,34.41,313.7771,984.2826,1.4602913,19.945171,0.0,0.08
2021-12-28 07:00:00,35.23,314.67456,983.4037,1.8916597,16.093359,0.0,0.24
2021-12-28 08:00:00,37.23,314.60443,982.7301,2.174623,15.561088,0.0,0.63
2021-12-28 09:00:00,40.69,314.54016,983.08234,2.2115166,15.228394,0.0,0.71999997
2021-12-28 10:00:00,43.34,314.14456,983.8894,1.5367362,15.11916,0.0,2.4199998
2021-12-28 11:00:00,44.92,313.14276,984.47485,2.9984412,16.282671,0.0,2.28
2021-12-28 12:00:00,46.17,309.04633,985.877,8.358401,38.243515,0.0,0.63
2021-12-28 13:00:00,42.94,305.86847,986.4459,9.751891,59.21806,0.0,0.17999999
2021-12-28 14:00:00,40.69,305.34027,986.512,9.289592,61.336716,0.0,0.68
2021-12-28 15:00:00,38.94,304.3603,986.63306,7.333354,65.37671,0.0,0.01
2021-12-28 16:00:00,37.77,303.38455,986.6233,6.0378385,69.14404,0.0,0.0
2021-12-28 17:00:00,36.13,302.72473,986.4478,5.6535335,71.70629,0.0,0.0
2021-12-28 18:00:00,35.39,302.1627,986.3906,5.883356,74.31363,0.0,0.0
2021-12-28 19:00:00,35.87,301.3481,986.8067,6.0962324,76.71502,0.0,0.0
2021-12-28 20:00:00,36.52,301.165,987.24,6.5159817,77.7539,0.0,0.0
2021-12-28 21:00:00,38.09,301.21143,988.285,5.9892097,77.46775,0.008925796,0.0
2021-12-28 22:00:00,39.57,301.6527,989.0453,6.6903596,74.968,0.017598271,0.0
2021-12-28 23:00:00,40.15,302.96808,989.59937,7.3272314,68.17037,0.01499057,0.0
2021-12-29 00:00:00,41.42,304.68573,989.4129,7.2418094,60.027332,0.044107437,0.0
2021-12-29 01:00:00,41.78,306.60406,989.0602,6.759809,51.856186,0.0,0.0
2021-12-29 02:00:00,41.73,308.4361,988.5927,6.445035,45.104443,0.0,0.0
2021-12-29 03:00:00,42.29,310.27832,987.47546,6.153519,38.42054,0.04928559,0.0
2021-12-29 04:00:00,42.47,311.62836,986.8147,5.555993,33.38507,0.06132573,0.0
2021-12-29 05:00:00,42.65,312.78665,985.7919,5.3657293,29.556286,0.027894974,0.0
2021-12-29 06:00:00,42.17,313.40106,985.21783,5.5579114,27.32828,0.027827919,0.0
2021-12-29 07:00:00,41.33,313.7211,984.40906,5.726498,24.57551,0.0,0.0
2021-12-29 08:00:00,41.05,313.49194,983.93835,5.6961384,24.833746,0.0,0.0
2021-12-29 09:00:00,40.87,310.91956,985.33936,7.7497435,28.983883,0.18073915,0.0
2021-12-29 10:00:00,41.18,309.41846,986.51306,7.679025,32.06522,0.040605664,0.0
2021-12-29 11:00:00,41.25,308.6947,987.36487,6.5029163,35.37297,0.0,0.0
2021-12-29 12:00:00,41.01,307.8772,988.29065,6.2581797,40.585865,0.0,0.0
2021-12-29 13:00:00,42.99,306.64154,989.122,6.041003,47.065773,0.0,0.0
2021-12-29 14:00:00,45.52,305.38727,989.5516,6.6587,52.78277,0.0,0.37
2021-12-29 15:00:00,47.26,304.30347,989.60767,6.5717454,57.97422,0.0,4.15
2021-12-29 16:00:00,48.24,303.45605,989.6741,5.344603,62.78829,0.040620565,7.5899997
2021-12-29 17:00:00,47.52,302.9102,989.54407,4.7246337,66.2766,0.044009242,9.2699995
2021-12-29 18:00:00,44.98,302.3247,989.1418,5.322212,69.3647,0.0,7.6099997
2021-12-29 19:00:00,40.15,297.78387,990.9942,4.28999,88.87488,6.236404,2.6
2021-12-29 20:00:00,36.64,297.18634,990.78015,4.1245074,87.83362,1.5722215,0.0
2021-12-29 21:00:00,36.03,297.64728,990.71704,3.5076127,85.27752,0.0,0.0
2021-12-29 22:00:00,36.94,298.29208,991.3917,3.75439,83.80605,0.0,0.0
2021-12-29 23:00:00,38.19,299.85223,991.345,4.4045296,78.82694,0.0,0.0
2021-12-30 00:00:00,41.14,301.78564,991.36163,4.771785,72.94749,8.284374,0.0
2021-12-30 01:00:00,40.74,303.817,990.92914,4.508967,65.05543,0.0,0.0
2021-12-30 02:00:00,41.87,305.6445,990.4739,4.0296254,57.615547,0.0059604645,0.0
2021-12-30 03:00:00,42.82,306.90298,989.5575,3.8372643,53.385387,0.0021532178,0.0
2021-12-30 04:00:00,42.03,308.1679,988.42,3.998287,48.271324,0.0021234155,0.0
2021-12-30 05:00:00,42.04,309.2641,987.3457,4.2974424,41.623222,0.0,0.0
2021-12-30 06:00:00,41.2,310.00656,986.40424,4.404674,38.140015,0.0,0.0
2021-12-30 07:00:00,41.47,310.03018,985.8536,4.240717,37.946964,0.015111268,0.0
2021-12-30 08:00:00,42.56,309.98535,985.0371,4.355518,37.942795,0.0012814999,0.0
2021-12-30 09:00:00,42.99,309.07867,985.42847,4.196974,39.65161,0.029288234,0.0
2021-12-30 10:00:00,43.49,307.87958,986.58984,3.0322573,45.68173,0.0,0.0
2021-12-30 11:00:00,43.45,305.80273,987.8727,4.5613213,53.312008,0.060722232,0.0
2021-12-30 12:00:00,43.65,303.96393,988.6105,4.528185,60.41833,0.032991163,0.0
2021-12-30 13:00:00,44.37,303.52548,989.05725,4.0583205,62.128246,0.0,0.0
2021-12-30 14:00:00,45.65,303.54742,989.39655,4.2287436,61.19371,0.0,0.0
2021-12-30 15:00:00,47.01,303.13632,989.35626,4.879489,62.541836,0.0,0.0
2021-12-30 16:00:00,45.8,302.35333,989.6923,4.9604087,66.96817,0.0,0.0
2021-12-30 17:00:00,43.9,301.51865,989.56,4.5334234,72.40665,0.0,0.0
2021-12-30 18:00:00,43.57,300.91852,989.344,4.3979154,76.67296,0.0,0.0
2021-12-30 19:00:00,44.64,300.62958,989.60565,5.3868923,78.43643,0.0017105631,0.0
2021-12-30 20:00:00,45.35,300.47037,989.8337,4.9979286,80.12185,0.011909011,0.0
2021-12-30 21:00:00,45.94,300.41476,990.5795,4.5953517,80.44245,0.04814565,0.0
2021-12-30 22:00:00,44.93,300.77768,991.23737,4.4883227,78.70254,0.020555438,0.0
2021-12-30 23:00:00,43.54,301.81604,991.4869,5.162687,73.11089,0.020606153,0.0
2021-12-31 00:00:00,38.44,303.2752,991.48065,5.1766853,65.71994,0.27750584,0.0
2021-12-31 01:00:00,37.79,304.58105,991.0773,4.8978753,59.307384,0.0,0.0
2021-12-31 02:00:00,38.18,306.2266,990.2954,4.439407,52.41853,0.003842637,0.0
2021-12-31 03:00:00,39.89,307.5395,989.3181,4.0956626,46.074944,0.0,0.0
2021-12-31 04:00:00,41.37,308.86627,988.5806,4.188565,41.190273,0.0,0.0
2021-12-31 05:00:00,42.62,310.0432,987.65454,4.430906,37.583878,0.0,0.0
2021-12-31 06:00:00,42.38,310.487,987.1478,4.5893025,36.281414,0.0,0.0
2021-12-31 07:00:00,42.92,311.04056,986.2163,3.5777328,31.938171,0.0072717667,0.0
2021-12-31 08:00:00,43.74,310.5149,985.92975,3.0852506,32.09631,0.00461936,0.0
2021-12-31 09:00:00,44.02,310.41772,985.909,3.0547264,31.975735,0.0,0.0
2021-12-31 10:00:00,43.93,304.86322,988.3968,8.509247,52.71852,2.013117,0.0
2021-12-31 11:00:00,43.72,302.86932,989.15,5.68531,61.361237,0.037382588,0.0
2021-12-31 12:00:00,43.12,303.29474,989.2692,3.5832078,60.47428,0.0,0.0
2021-12-31 13:00:00,42.76,303.498,989.68463,3.236898,60.88508,0.0,0.0
2021-12-31 14:00:00,43.18,303.63153,990.1223,3.79161,60.504307,0.0,0.0
2021-12-31 15:00:00,43.47,303.44202,990.0783,5.2472286,60.82398,0.0,0.0
2021-12-31 16:00:00,44.27,302.76642,989.8713,6.429241,65.032455,0.0,0.0
2021-12-31 17:00:00,44.03,302.01392,989.8528,6.503829,70.2175,0.0,0.0
2021-12-31 18:00:00,44.82,301.47192,989.66565,6.012409,73.9645,0.0,0.0
2021-12-31 19:00:00,44.34,300.8408,989.70935,4.868602,77.37646,0.0,0.0
2021-12-31 20:00:00,44.43,300.59442,990.01654,4.437103,79.19858,0.0,0.0
2021-12-31 21:00:00,44.99,300.43857,990.71295,4.188427,80.14228,0.0,0.0
2021-12-31 22:00:00,45.31,300.7776,991.45264,4.4876657,78.09461,0.0034868717,0.0
2021-12-31 23:00:00,46.02,301.72968,991.8486,4.7972665,73.173325,0.008761883,0.0
2022-01-01 00:00:00,46.34,303.00125,991.9817,4.815605,66.733696,2.101171,0.0
2022-01-01 01:00:00,46.69,304.51233,991.9139,4.648945,59.48781,0.0,0.0
2022-01-01 02:00:00,46.77,305.7935,991.5153,4.078022,53.752403,0.0022053719,0.0
2022-01-01 03:00:00,46.58,307.3071,990.5486,3.6653783,47.262943,0.0,0.0
2022-01-01 04:00:00,46.51,308.5315,989.71796,3.4325638,42.429585,0.0,0.0
2022-01-01 05:00:00,46.26,309.818,988.7569,3.3770218,38.05969,0.0,0.0
2022-01-01 06:00:00,45.63,310.74762,987.8809,3.4507492,34.706306,0.0,0.0
2022-01-01 07:00:00,44.83,310.9158,987.10767,3.2020905,34.4689,0.0,0.0
2022-01-01 08:00:00,44.9,310.97253,987.08154,3.1492743,33.55378,0.0,0.0
2022-01-01 09:00:00,45.34,310.72662,986.78033,2.9646828,32.9065,0.021152198,0.0
2022-01-01 10:00:00,46.23,309.9343,987.65265,3.6833482,33.764576,0.0,0.0
2022-01-01 11:00:00,46.91,309.02277,988.2364,4.355544,36.2542,0.0,0.0
2022-01-01 12:00:00,47.4,307.84705,989.2609,5.079982,40.16528,0.0,0.0
2022-01-01 13:00:00,47.88,306.9208,989.96173,5.454216,43.576252,0.0,0.0
2022-01-01 14:00:00,48.71,306.18152,990.53143,6.1464157,46.783752,0.0,0.0
2022-01-01 15:00:00,50.23,305.02454,990.5211,6.5534368,51.574444,0.0,0.0
2022-01-01 16:00:00,49.91,303.82736,990.525,6.088148,56.887276,0.0,0.0
2022-01-01 17:00:00,50.31,302.82788,990.1283,5.636528,61.965405,0.0,0.0
2022-01-01 18:00:00,50.62,302.15277,990.11993,5.4051147,66.15816,0.0,0.0
2022-01-01 19:00:00,51.03,301.682,990.6929,5.0727806,67.88239,0.0,0.0
2022-01-01 20:00:00,51.16,301.30353,990.69196,4.4365606,70.53613,0.0,0.0
2022-01-01 21:00:00,51.29,301.06317,991.2464,3.7979937,72.16935,0.0,0.0
2022-01-01 22:00:00,51.43,301.3426,992.01685,4.2298083,71.16597,0.0,0.0
2022-01-01 23:00:00,50.65,302.6031,992.62427,4.574437,65.12278,0.0,0.0
2022-01-02 00:00:00,51.09,304.2485,992.7874,4.197486,57.883995,0.04338622,0.0
2022-01-02 01:00:00,51.2,306.0288,992.3871,3.8193138,50.847034,0.0,0.0
2022-01-02 02:00:00,51.48,307.609,991.798,3.5230854,45.29484,0.0013113022,0.0
2022-01-02 03:00:00,50.97,309.19946,990.7329,3.1335244,40.20968,0.018052757,0.0
2022-01-02 04:00:00,49.4,310.43768,989.7646,2.6822991,36.397564,0.026918948,0.0
2022-01-02 05:00:00,48.3,311.6551,988.6828,2.215323,33.271534,0.009536743,0.0
2022-01-02 06:00:00,46.8,312.3443,987.7547,1.782381,31.344404,0.0036656857,0.0
2022-01-02 07:00:00,45.29,312.36578,987.33563,1.3739746,30.111277,0.022225082,0.0
2022-01-02 08:00:00,44.08,312.18732,986.6908,1.5107756,29.983536,0.010251999,0.0
2022-01-02 09:00:00,44.05,311.56323,986.6002,1.3269117,31.593222,0.1623109,0.0
2022-01-02 10:00:00,45.08,310.45685,987.6384,2.9041169,34.489555,0.0106319785,0.0
2022-01-02 11:00:00,46.38,308.45892,988.69507,2.1529675,41.279827,0.051900744,0.0
2022-01-02 12:00:00,47.64,308.41284,989.6461,0.95189786,41.628334,0.01565367,0.0
2022-01-02 13:00:00,48.73,308.21918,989.8057,0.6178078,42.23252,0.0,0.0
2022-01-02 14:00:00,50.23,307.99026,989.9977,1.858754,43.438305,0.0,0.0
2022-01-02 15:00:00,51.14,307.34824,989.4997,2.9722605,45.491913,0.0,0.0
2022-01-02 16:00:00,50.83,306.4585,989.2389,4.3752418,48.412193,0.0,0.0
2022-01-02 17:00:00,50.89,305.38922,989.08374,5.4722557,52.02378,0.0,0.0
2022-01-02 18:00:00,51.72,304.39746,989.1051,5.235445,56.352528,0.0,0.0
2022-01-02 19:00:00,52.54,303.6733,989.11255,5.5966916,60.637856,0.0,0.0
2022-01-02 20:00:00,53.38,302.95648,989.4208,4.9741826,64.834785,0.0,0.0
2022-01-02 21:00:00,54.0,302.54852,990.109,4.180482,67.217896,0.0,0.0
2022-01-02 22:00:00,54.19,302.74847,990.925,4.5991054,66.054184,0.0,0.0
2022-01-02 23:00:00,54.51,304.11517,991.84406,5.0330687,59.271698,0.0,0.0
2022-01-03 00:00:00,55.69,305.83768,991.7275,5.3353434,51.715694,0.3324598,0.0
2022-01-03 01:00:00,55.37,307.72662,991.65576,5.2331753,45.033596,0.0,0.0
2022-01-03 02:00:00,54.01,309.1986,990.8847,4.8332167,40.39406,0.0,0.0
2022-01-03 03:00:00,53.0,310.63904,989.91345,4.0315924,36.298077,0.041808933,0.0
2022-01-03 04:00:00,51.52,311.7665,989.01666,3.1905613,33.320747,0.026594847,0.0
2022-01-03 05:00:00,50.77,312.81378,987.77155,2.8554056,30.820618,0.011004508,0.0
2022-01-03 06:00:00,49.7,313.6508,986.9367,2.728787,28.68915,0.013940036,0.0
2022-01-03 07:00:00,50.04,314.9696,985.40155,3.7741303,24.72508,0.002168119,0.0
2022-01-03 08:00:00,50.55,311.7093,986.04016,3.8891647,31.420013,0.74088573,0.0
2022-01-03 09:00:00,49.86,310.49207,986.5068,0.6238434,33.70479,0.15258789,0.0
2022-01-03 10:00:00,50.35,309.25858,987.0023,4.448128,38.052635,0.02670288,0.42999998
2022-01-03 11:00:00,52.45,307.86298,987.8084,5.379811,43.53531,0.0,3.71
2022-01-03 12:00:00,55.81,306.55334,989.1064,6.7827406,49.41984,0.0073193805,4.92
2022-01-03 13:00:00,56.26,304.99677,989.76733,7.747064,57.273907,0.0,1.8399999
2022-01-03 14:00:00,55.69,304.53638,989.785,6.9538164,60.986633,0.0,5.3199997
2022-01-03 15:00:00,54.86,304.24554,989.44635,7.4035974,63.979485,0.0,4.48
2022-01-03 16:00:00,52.96,303.6513,988.9796,6.37081,65.9044,0.0,0.17
2022-01-03 17:00:00,50.97,303.21616,988.2985,5.185727,66.5469,0.0,0.0
2022-01-03 18:00:00,49.73,302.9033,988.1308,4.1649747,67.122536,0.0,0.0
2022-01-03 19:00:00,50.84,300.97,989.5847,4.690133,69.9539,0.0,0.0
2022-01-03 20:00:00,51.36,300.78857,989.29517,4.790082,69.815674,0.0,0.0
2022-01-03 21:00:00,50.02,300.7115,989.53406,5.14307,69.70507,0.0,0.08
2022-01-03 22:00:00,47.49,300.97757,989.97314,5.0808377,68.65309,0.0,0.38
2022-01-03 23:00:00,46.42,301.9374,990.4883,5.1626573,64.694115,0.0,0.0
2022-01-04 00:00:00,44.54,303.246,990.7955,4.8458924,59.616154,1.0238502,0.0
2022-01-04 01:00:00,44.62,304.96246,990.5466,4.605597,53.269154,0.0,0.0
2022-01-04 02:00:00,44.99,306.36594,990.2609,4.1554546,48.245274,0.0,0.0
2022-01-04 03:00:00,45.73,308.9858,989.43604,4.0321603,40.09908,0.0,0.0
2022-01-04 04:00:00,45.86,310.0291,988.77374,3.985269,36.00408,0.0,0.0
2022-01-04 05:00:00,44.71,312.02173,987.8205,3.969758,30.851221,0.0,0.0
2022-01-04 06:00:00,43.67,312.84473,986.9869,3.4515302,28.037655,0.0,0.0
2022-01-04 07:00:00,43.15,314.4397,986.16547,2.9910367,24.544966,0.013329089,0.0
2022-01-04 08:00:00,42.7,314.51575,985.4288,2.4015841,23.716808,0.010348856,0.0
2022-01-04 09:00:00,41.72,314.33145,985.5236,2.0231452,23.457764,0.0064074993,0.0
2022-01-04 10:00:00,40.67,313.89642,985.53345,1.3421893,23.905165,0.004671514,0.0
2022-01-04 11:00:00,41.17,312.93854,986.4215,2.6626391,24.635675,0.0,0.0
2022-01-04 12:00:00,42.37,311.0895,988.27936,3.7111533,27.27058,0.23007393,0.0
2022-01-04 13:00:00,43.94,309.7182,989.0416,5.0515733,31.03151,0.057950616,0.0
2022-01-04 14:00:00,46.42,308.45712,989.3201,3.502262,36.07473,0.0,0.0
2022-01-04 15:00:00,49.21,307.44946,988.89233,5.5836287,39.463676,0.0,0.0
2022-01-04 16:00:00,50.07,307.20728,987.5427,7.9097905,38.101784,0.0,10.66
2022-01-04 17:00:00,49.29,306.74664,986.6362,5.0908303,40.499386,0.0,3.98
2022-01-04 18:00:00,47.94,305.96588,986.5539,2.6854618,43.45,0.0,2.52
2022-01-04 19:00:00,47.94,303.36517,988.5721,5.138114,68.23661,0.0,4.06
2022-01-04 20:00:00,47.03,302.8639,988.5793,5.175428,72.15617,0.0,3.6699998
2022-01-04 21:00:00,45.48,302.5342,989.5145,5.1901116,74.541046,0.0,0.02
2022-01-04 22:00:00,44.22,302.7567,990.04944,5.318215,73.41158,0.0,0.0
2022-01-04 23:00:00,43.05,304.1876,990.2102,5.9573073,64.338844,0.0,0.0
2022-01-05 00:00:00,41.31,306.2246,990.0888,5.354534,53.752815,0.32281876,0.0
2022-01-05 01:00:00,41.57,308.32086,989.86096,4.698471,45.324142,0.0,0.0
2022-01-05 02:00:00,40.95,310.4173,989.54315,4.634582,38.543175,0.0,0.0
2022-01-05 03:00:00,40.4,312.30023,988.5109,4.9814234,33.107018,0.0,0.0
2022-01-05 04:00:00,40.17,313.78668,987.73865,5.062492,28.98254,0.025987625,0.0
2022-01-05 05:00:00,40.48,314.8258,987.02484,4.492912,25.306372,0.017665327,0.0
2022-01-05 06:00:00,40.91,315.5797,986.27673,3.6748455,22.69728,0.01912564,0.0
2022-01-05 07:00:00,39.9,314.24603,986.0415,3.2793658,25.23765,0.0314638,0.0
2022-01-05 08:00:00,38.95,314.12616,985.3672,2.5974634,24.478355,0.009842217,0.0
2022-01-05 09:00:00,38.3,313.75986,985.1319,2.6359825,23.938625,0.0,0.0
2022-01-05 10:00:00,37.78,312.88232,986.02454,3.2236552,24.277227,0.018306077,0.0
2022-01-05 11:00:00,37.69,311.16144,987.8289,3.5820122,26.74303,0.35917014,0.0
2022-01-05 12:00:00,39.66,309.65546,988.8008,2.841528,30.56854,0.18255413,0.0
2022-01-05 13:00:00,42.16,309.0849,989.07404,2.175836,32.68503,0.0,0.0
2022-01-05 14:00:00,45.93,308.0963,990.30585,4.039509,36.751102,0.023931265,0.48999998
2022-01-05 15:00:00,49.4,305.65204,990.975,4.954696,44.293224,0.13069063,6.54
2022-01-05 16:00:00,51.98,304.87634,990.7344,2.9911194,46.98538,0.0,9.43
2022-01-05 17:00:00,52.78,304.31995,990.8089,3.412904,49.833508,0.0,7.6099997
2022-01-05 18:00:00,52.65,303.6522,990.6689,3.1228564,53.240334,0.0,6.13
2022-01-05 19:00:00,50.78,301.14532,991.7221,1.8916564,72.396324,1.9398332,5.2
2022-01-05 20:00:00,49.02,300.43878,991.9166,1.8678961,76.32843,0.88888407,2.34
2022-01-05 21:00:00,46.76,300.09528,992.60974,0.6339505,76.84543,0.27419627,0.08
2022-01-05 22:00:00,44.71,300.28766,992.707,3.5143235,74.27486,0.1591891,0.0
2022-01-05 23:00:00,43.03,300.9853,992.3211,5.6505523,72.17893,0.018388033,0.0
2022-01-06 00:00:00,40.78,301.3852,992.3045,5.4293585,72.58495,4.09925,0.0
2022-01-06 01:00:00,41.11,301.6663,992.03326,3.5505815,72.055984,0.0,0.0
2022-01-06 02:00:00,40.66,304.05826,991.4236,2.097264,60.788067,0.0,0.0
2022-01-06 03:00:00,40.61,305.78827,990.94104,1.2643481,53.901897,0.0,0.0
2022-01-06 04:00:00,40.68,307.13354,990.3036,1.8008382,48.71357,0.0,0.0
2022-01-06 05:00:00,40.34,308.37286,989.6623,1.9054577,43.91735,0.0,0.0
2022-01-06 06:00:00,40.24,308.91864,989.2886,1.8713672,40.869797,0.0,0.0
2022-01-06 07:00:00,39.68,309.1513,989.26385,0.64751184,33.054153,0.0,0.0
2022-01-06 08:00:00,38.9,309.44565,988.9175,1.6138455,31.549093,0.0,0.0
2022-01-06 09:00:00,37.7,309.39233,988.9381,2.352703,31.35871,0.0,0.0
2022-01-06 10:00:00,36.74,308.6059,989.2693,2.7138336,34.267437,0.0,0.0
2022-01-06 11:00:00,35.98,306.95755,989.637,3.0372558,40.8032,0.0,0.0
2022-01-06 12:00:00,35.29,305.7834,990.3325,3.2588742,45.435383,0.0,0.0
2022-01-06 13:00:00,35.28,304.74384,991.03,3.4400783,49.71307,0.0,0.0
2022-01-06 14:00:00,36.14,304.05054,991.66174,3.540087,53.195328,0.0,0.0
2022-01-06 15:00:00,37.73,303.48077,991.42834,3.6815736,55.714863,0.0,0.0
2022-01-06 16:00:00,39.3,303.1501,991.0503,4.775067,56.909115,0.0,0.0
2022-01-06 17:00:00,39.79,301.95984,990.4539,5.7393546,66.40049,0.0,0.0
2022-01-06 18:00:00,40.56,300.90964,990.2622,5.7849917,76.29508,0.0,0.0
2022-01-06 19:00:00,42.95,300.32605,991.15204,5.0684724,77.56275,0.0,0.0
2022-01-06 20:00:00,44.34,300.197,991.3133,3.990905,79.51157,0.0,0.0
2022-01-06 21:00:00,42.5,299.91113,991.79376,3.2704709,82.65423,0.0,0.59
2022-01-06 22:00:00,41.94,300.2783,992.39874,3.911449,82.04814,0.0,0.0
2022-01-06 23:00:00,42.72,301.78986,992.84515,5.333021,76.37686,0.0,0.0
2022-01-07 00:00:00,43.86,303.7698,992.73315,5.908672,67.1453,0.0,0.0
2022-01-07 01:00:00,43.42,305.95032,992.8014,6.085671,56.593376,0.0,0.0
2022-01-07 02:00:00,42.9,307.7848,992.46906,5.958423,48.510532,0.0,0.0
2022-01-07 03:00:00,42.15,308.93677,991.77814,5.908344,43.64435,0.0,0.0
2022-01-07 04:00:00,40.73,310.2222,991.15643,5.58249,39.168396,0.04053116,0.0
2022-01-07 05:00:00,39.11,310.90784,990.4539,5.1967454,36.459892,0.052712858,0.0
2022-01-07 06:00:00,37.16,311.41705,989.7031,5.288642,34.829308,0.049225986,0.0
2022-01-07 07:00:00,34.85,312.07104,988.8,4.578521,30.55447,0.005330148,0.0
2022-01-07 08:00:00,34.18,311.91986,988.3156,4.68415,30.567926,0.0,0.0
2022-01-07 09:00:00,35.67,310.9472,988.4353,4.9776373,32.68415,0.045850873,0.0
2022-01-07 10:00:00,38.29,309.86746,989.5711,5.1982245,35.719345,0.0,0.0
2022-01-07 11:00:00,41.09,308.214,989.91156,6.556926,40.790638,0.0,0.0
2022-01-07 12:00:00,43.16,306.64154,990.35986,7.227815,45.19946,0.0,0.0
2022-01-07 13:00:00,42.69,305.70486,990.5492,6.888354,47.59217,0.0,0.0
2022-01-07 14:00:00,41.97,305.047,990.72125,6.245221,49.845398,0.0,0.26
2022-01-07 15:00:00,40.31,304.308,990.6668,6.221548,53.735172,0.0,0.59
2022-01-07 16:00:00,39.3,303.49792,990.2953,5.537695,58.9355,0.0,0.0
2022-01-07 17:00:00,40.12,302.73383,990.59296,4.8319244,64.66886,0.0,0.0
2022-01-07 18:00:00,41.28,302.15045,990.9383,3.6750844,69.9303,0.0,0.0
2022-01-07 19:00:00,44.37,301.35938,991.2983,3.785316,71.64776,0.0,0.0
2022-01-07 20:00:00,44.73,300.84265,991.7919,3.5673203,76.03245,0.0,0.0
2022-01-07 21:00:00,44.6,300.46042,992.4459,3.9060128,80.0874,0.0,0.0
2022-01-07 22:00:00,43.98,300.7157,993.3119,4.670676,81.368355,0.0,0.0
2022-01-07 23:00:00,43.99,302.22577,993.3144,6.093017,72.6875,0.0,0.0
2022-01-08 00:00:00,,304.26852,993.20654,5.764171,59.751816,0.19364357,0.0
2022-01-08 01:00:00,,306.67474,992.8147,5.8008494,48.0542,0.0,0.0
2022-01-08 02:00:00,,308.97702,992.2328,6.03038,39.077404,0.0,0.0
2022-01-08 03:00:00,,310.82318,991.0482,5.99773,32.84809,0.0,0.0
2022-01-08 04:00:00,,312.2314,989.9255,5.7658243,28.80197,0.0,0.0
2022-01-08 05:00:00,,313.1916,988.7548,5.305621,25.55773,0.0,0.0
2022-01-08 06:00:00,,313.90536,987.9451,4.6968555,22.576988,0.0,0.0
2022-01-08 07:00:00,,312.88373,987.60876,3.9809327,24.91326,0.0,0.0
2022-01-08 08:00:00,,312.84113,987.28296,3.839264,23.33656,0.0,0.0
2022-01-08 09:00:00,,312.66095,987.1064,3.7847207,22.529814,0.0,0.0
2022-01-08 10:00:00,,311.9558,987.8167,3.9411533,23.37091,0.0,0.0
2022-01-08 11:00:00,,310.7494,988.6175,4.429106,26.723312,0.0,0.0
2022-01-08 12:00:00,,309.18744,989.4205,5.8648486,33.16361,0.0,0.0
2022-01-08 13:00:00,,307.88458,989.9797,5.970903,39.071045,0.0,0.0
2022-01-08 14:00:00,,306.90143,989.997,7.4334455,42.8868,0.0,0.0
2022-01-08 15:00:00,,305.3418,990.14655,8.229048,51.940273,0.0,0.0
2022-01-08 16:00:00,,303.71887,989.71545,7.456214,62.826736,0.0,0.0
2022-01-08 17:00:00,,302.6621,989.7625,6.8294587,71.08854,0.0,0.0
2022-01-08 18:00:00,,301.98605,989.73376,6.129806,76.388336,0.0,0.0
2022-01-08 19:00:00,,301.53937,990.1116,6.0415816,78.94996,0.0,0.0
2022-01-08 20:00:00,,301.33762,990.49475,5.6110544,80.0177,0.0,0.0
2022-01-08 21:00:00,,301.09,991.47266,5.25014,80.881645,0.0,0.0
2022-01-08 22:00:00,,301.22852,992.4539,5.9107094,79.503265,0.0,0.0
2022-01-08 23:00:00,,302.48923,992.59125,6.132328,71.57045,0.0,0.0
2022-01-09 00:00:00,46.64,304.464,992.2303,5.8340573,60.907734,0.0017285347,0.0
2022-01-09 01:00:00,47.03,306.84338,991.84283,5.635554,50.56414,0.0,0.0
2022-01-09 02:00:00,47.26,309.06104,991.12787,5.2571297,41.90289,0.024102628,0.0
2022-01-09 03:00:00,47.29,310.61963,990.0489,4.789101,35.825333,0.047646463,0.0
2022-01-09 04:00:00,46.65,311.9068,989.13873,4.328003,31.376791,0.023789704,0.0
2022-01-09 05:00:00,46.16,312.92145,988.03815,4.111682,28.203678,0.0032559037,0.0
2022-01-09 06:00:00,46.25,312.98145,987.3822,3.9281888,26.982086,0.0,0.0
2022-01-09 07:00:00,46.58,312.58768,986.88556,3.398384,29.381687,0.013262033,0.0
2022-01-09 08:00:00,46.38,312.31714,986.4266,3.8368044,28.741186,0.013500452,0.0
2022-01-09 09:00:00,45.51,311.81247,986.5811,4.06733,29.680431,0.2502501,0.0
2022-01-09 10:00:00,45.3,309.94455,988.1369,4.301729,34.402138,0.20220876,0.0
2022-01-09 11:00:00,45.72,308.94922,988.9875,4.1877213,38.072674,0.0,0.0
2022-01-09 12:00:00,46.01,308.3045,990.0105,2.0593274,40.21387,0.0,0.0
2022-01-09 13:00:00,46.96,307.79633,990.18134,2.5252745,42.668457,0.0,0.0
2022-01-09 14:00:00,47.1,307.06638,990.6184,4.6733847,44.886566,0.0,0.0
2022-01-09 15:00:00,47.21,305.9021,990.52734,6.681707,46.757793,0.0,0.02
2022-01-09 16:00:00,46.65,304.7505,990.365,6.8791757,49.44413,0.0,0.0
2022-01-09 17:00:00,46.01,303.85724,989.97345,6.856713,55.38421,0.0,0.0
2022-01-09 18:00:00,46.38,302.988,989.9547,6.081963,63.218517,0.0,0.0
2022-01-09 19:00:00,47.12,302.25616,990.37616,4.1516314,67.80385,0.0,0.0
2022-01-09 20:00:00,48.19,301.85797,990.97797,3.8197153,71.20449,0.0,0.0
2022-01-09 21:00:00,48.09,301.541,991.8036,3.4198713,73.83396,0.0,0.0
2022-01-09 22:00:00,47.61,301.59518,992.8033,3.5820158,74.07953,0.0,0.0
2022-01-09 23:00:00,47.87,302.4512,993.63416,3.4888566,69.77529,0.0,0.0
2022-01-10 00:00:00,48.68,303.86258,994.11633,2.8670347,62.30309,0.5788863,0.56
2022-01-10 01:00:00,48.38,305.37238,993.8576,3.0851197,54.885094,0.0,0.38
2022-01-10 02:00:00,48.31,307.35065,993.42944,3.6793618,45.6406,0.0,0.0
2022-01-10 03:00:00,48.56,309.30652,992.22095,4.0223722,37.280766,0.0,0.0
2022-01-10 04:00:00,48.11,310.96854,991.29456,3.6388953,31.112015,0.006392598,0.0
2022-01-10 05:00:00,45.08,311.84814,990.6447,2.9033237,27.78056,0.01077354,0.0
2022-01-10 06:00:00,42.51,312.60706,990.02435,2.435491,25.672165,0.0060498714,0.0
2022-01-10 07:00:00,40.56,311.55246,989.70685,1.4208045,29.274443,0.014290214,0.0
2022-01-10 08:00:00,40.26,311.64105,989.34875,1.1532186,28.201538,0.019721687,0.0
2022-01-10 09:00:00,41.17,311.47925,989.28577,0.78504235,28.044724,0.00641495,0.0
2022-01-10 10:00:00,41.31,311.28046,989.5332,0.90436083,28.141203,0.0,0.0
2022-01-10 11:00:00,40.36,310.86087,990.37634,0.6297909,28.754572,0.0,0.0
2022-01-10 12:00:00,40.13,310.59296,990.84467,1.515041,29.282804,0.0,0.0
2022-01-10 13:00:00,40.86,309.909,991.4356,1.7302358,31.060432,0.0,0.0
2022-01-10 14:00:00,41.09,309.25403,992.00555,2.0442271,32.831867,0.0,0.0
2022-01-10 15:00:00,40.4,307.8905,992.0595,3.9033682,36.818497,0.029563904,0.0
2022-01-10 16:00:00,40.7,306.4233,991.7079,5.920755,44.966,0.026419759,0.0
2022-01-10 17:00:00,41.27,305.41315,991.4602,5.9971566,50.858128,0.0,0.0
2022-01-10 18:00:00,41.96,304.90567,991.2942,5.710472,53.363045,0.0,0.0
2022-01-10 19:00:00,42.8,303.7068,991.1972,5.229823,58.155163,0.0,0.0
2022-01-10 20:00:00,45.51,303.40552,991.74744,4.6250663,59.259384,0.0,0.0
2022-01-10 21:00:00,46.86,303.2419,992.4648,4.051175,60.151047,0.0,0.0
2022-01-10 22:00:00,47.5,303.48062,993.25464,3.7950256,60.122616,0.0,0.0
2022-01-10 23:00:00,47.83,304.9917,993.8922,4.804671,54.92099,0.0,0.0
2022-01-11 00:00:00,45.73,306.8764,993.733,5.280909,47.023506,0.12177663,0.0
2022-01-11 01:00:00,43.68,309.14026,993.46716,5.713384,38.641922,0.0,0.0
2022-01-11 02:00:00,41.03,311.13803,992.645,5.6425138,32.51259,0.0,0.0
2022-01-11 03:00:00,37.96,312.92194,991.63,5.2242794,27.72412,0.0,0.0
2022-01-11 04:00:00,35.37,314.4044,990.34174,4.475588,23.898157,0.0,0.0
2022-01-11 05:00:00,33.55,314.98346,989.69006,2.6071897,21.060108,0.0,0.0
2022-01-11 06:00:00,31.85,314.96713,989.1311,1.5898956,19.662249,0.0,0.0
2022-01-11 07:00:00,32.0,315.39825,988.37085,2.0712805,17.002537,0.0,0.0
2022-01-11 08:00:00,33.51,315.57654,987.79706,2.361346,16.624878,0.0,0.0
2022-01-11 09:00:00,34.71,315.32346,987.5614,2.8014834,16.697062,0.0,0.0
2022-01-11 10:00:00,35.41,314.7676,988.20233,2.948489,17.143711,0.0,0.0
2022-01-11 11:00:00,35.45,313.66693,988.4524,2.9234905,18.758778,0.0,0.0
2022-01-11 12:00:00,36.66,312.5993,989.0989,3.282485,20.076262,0.0,0.0
2022-01-11 13:00:00,38.56,311.58444,989.3621,3.1923926,21.321354,0.0,0.0
2022-01-11 14:00:00,39.52,310.84204,989.5541,3.0889707,22.213722,0.0,0.0
2022-01-11 15:00:00,40.31,309.94214,988.82166,3.4432678,23.114841,0.0,0.0
2022-01-11 16:00:00,40.51,308.747,988.2073,5.000024,25.988213,0.0,0.0
2022-01-11 17:00:00,40.39,307.03943,987.6886,6.6825843,39.455612,0.0,0.0
2022-01-11 18:00:00,41.05,306.01306,987.3589,6.4167166,48.283012,0.0,0.0
2022-01-11 19:00:00,40.95,304.71094,987.6916,7.1322217,56.393284,0.0,0.0
2022-01-11 20:00:00,40.27,304.33093,988.0507,6.4879556,55.83957,0.0,0.0
2022-01-11 21:00:00,38.88,303.91364,988.53424,5.765163,56.009304,0.0,0.0
2022-01-11 22:00:00,36.94,304.10028,989.1128,5.0161953,54.804092,0.0,0.0
2022-01-11 23:00:00,36.0,305.6873,989.95044,5.903325,48.585453,0.0,0.0
2022-01-12 00:00:00,32.64,307.82742,989.8536,5.563193,41.242115,0.0012904404,0.0
2022-01-12 01:00:00,31.98,310.1576,989.60046,4.9782314,34.636673,0.0,0.0
2022-01-12 02:00:00,31.74,312.4043,988.9186,4.1777396,29.184067,0.0,0.0
2022-01-12 03:00:00,32.42,314.3227,987.72485,3.076152,24.64923,0.0,0.0
2022-01-12 04:00:00,33.58,315.3346,986.96124,1.9239384,21.374708,0.0,0.0
2022-01-12 05:00:00,33.81,316.32187,986.14044,2.4036088,17.794401,0.0,0.0
2022-01-12 06:00:00,35.04,317.11902,985.3386,3.1209583,15.638778,0.0,0.0
2022-01-12 07:00:00,36.82,317.40186,984.6183,3.3713083,14.277011,0.0,0.0
2022-01-12 08:00:00,38.52,317.8758,983.95435,3.6119664,12.631321,0.0,0.90999997
2022-01-12 09:00:00,39.21,318.1441,983.79156,4.4702597,11.357943,0.0,0.0
2022-01-12 10:00:00,39.96,317.57214,984.45984,4.612434,10.98228,0.0,1.1999999
2022-01-12 11:00:00,39.92,316.40222,985.1789,3.5880246,11.470404,0.0,1.56
2022-01-12 12:00:00,39.57,315.2962,985.931,3.0219803,12.095524,0.0,2.4299998
2022-01-12 13:00:00,39.67,313.83667,986.70703,5.379206,13.767193,0.0,0.0
2022-01-12 14:00:00,40.65,311.94122,987.80835,7.8349767,19.498379,0.0,0.0
2022-01-12 15:00:00,42.9,310.20496,988.03906,5.5460615,25.140059,0.0,0.02
2022-01-12 16:00:00,44.62,308.81348,987.568,4.9916368,29.308,0.0,0.72999996
2022-01-12 17:00:00,46.24,306.8293,987.26013,5.4347773,44.41156,0.0,1.1
2022-01-12 18:00:00,47.26,305.32254,987.2687,5.388634,59.773743,0.0,0.0
2022-01-12 19:00:00,47.27,303.55518,988.21924,4.9707828,73.880325,0.0,0.33999997
2022-01-12 20:00:00,47.02,302.9497,988.34454,4.8678284,77.59718,0.0,0.22999999
2022-01-12 21:00:00,47.64,302.62292,988.3603,4.940937,78.83157,0.0,0.0
2022-01-12 22:00:00,47.4,302.79242,988.9003,5.1171317,76.6334,0.0,0.04
2022-01-12 23:00:00,47.06,304.04803,989.8286,4.598602,69.6527,0.0,0.0
2022-01-13 00:00:00,47.56,306.23538,990.2818,3.7369053,59.16673,0.0,0.0
2022-01-13 01:00:00,47.03,308.50714,990.08795,3.5786846,49.407856,0.0,0.0
2022-01-13 02:00:00,47.23,310.83755,989.19836,3.8535283,39.237785,0.0028982759,0.0
2022-01-13 03:00:00,48.56,312.4593,988.05,3.4718525,31.792358,0.007688999,0.01
2022-01-13 04:00:00,49.08,313.5438,986.8603,5.345008,27.804852,0.012811273,0.0
2022-01-13 05:00:00,47.8,314.8853,985.488,7.1207385,22.10708,0.010851771,0.58
2022-01-13 06:00:00,45.49,316.12738,984.0067,8.533045,17.166075,0.0,0.35
2022-01-13 07:00:00,43.89,316.07672,983.0125,10.036747,17.600494,0.0,0.17999999
2022-01-13 08:00:00,43.11,314.46112,983.0226,11.06117,17.679495,0.19891113,0.0
2022-01-13 09:00:00,42.03,313.16345,983.58923,9.771135,19.38708,0.0,0.0
2022-01-13 10:00:00,41.65,311.9117,984.78766,8.576877,22.697344,0.0,0.0
2022-01-13 11:00:00,42.02,310.76227,985.7104,7.5746293,26.42435,0.0,0.42999998
2022-01-13 12:00:00,42.42,309.45108,986.7424,7.486307,31.374079,0.0,0.44
2022-01-13 13:00:00,43.86,308.0962,987.5634,7.272864,36.71215,0.0,0.0
2022-01-13 14:00:00,45.88,306.8884,988.2441,7.281971,41.4594,0.0,0.0
2022-01-13 15:00:00,46.28,305.5307,987.6255,6.4793878,47.02112,0.0,0.0
2022-01-13 16:00:00,46.66,304.39044,987.0975,5.9801445,51.899963,0.0,0.0
2022-01-13 17:00:00,48.39,303.44052,986.39966,6.3031845,56.11906,0.0,0.0
2022-01-13 18:00:00,48.9,302.77948,985.85236,6.0876455,59.239304,0.0,0.0
2022-01-13 19:00:00,49.32,302.2851,985.275,5.3770785,60.869694,0.0,0.0
2022-01-13 20:00:00,49.85,301.99368,985.39233,5.0363936,62.533306,0.0,0.0
2022-01-13 21:00:00,50.28,301.63947,985.9112,5.20918,64.675934,0.0,0.0
2022-01-13 22:00:00,51.65,301.58252,986.6333,6.7619367,65.54312,0.0,0.0
2022-01-13 23:00:00,53.51,302.52753,987.0315,9.064976,61.813927,0.0040233135,0.0
2022-01-14 00:00:00,58.22,303.47705,986.81757,8.994971,58.42784,0.25025377,0.0
2022-01-14 01:00:00,59.3,304.355,986.1978,8.917334,55.805313,0.0,0.17999999
2022-01-14 02:00:00,61.0,305.52063,985.8314,9.820649,52.317726,0.022802502,0.0
2022-01-14 03:00:00,62.03,303.14496,985.4747,9.566068,61.147903,1.9155182,0.0
2022-01-14 04:00:00,62.43,304.88486,984.33484,8.904349,55.297375,0.27243793,0.0
2022-01-14 05:00:00,62.56,306.68726,983.1728,9.501351,49.42147,0.0,0.26999998
2022-01-14 06:00:00,63.24,306.86212,982.3524,11.325383,45.517002,0.017806888,0.32999998
2022-01-14 07:00:00,61.85,303.66718,983.4395,10.5481205,55.78805,0.43652952,0.08
2022-01-14 08:00:00,61.12,301.60794,982.7019,10.228942,65.91668,1.2474656,0.43
2022-01-14 09:00:00,60.7,300.66763,982.67737,10.08415,71.71797,1.832731,0.24
2022-01-14 10:00:00,62.06,300.21494,983.38654,9.569969,73.937294,0.90037286,0.13
2022-01-14 11:00:00,64.43,299.95728,984.3683,8.746455,75.96516,0.28496236,1.16
2022-01-14 12:00:00,65.87,299.83002,985.11127,7.267739,77.18627,0.30390173,4.5099998
2022-01-14 13:00:00,67.05,299.7113,984.9264,6.516577,78.45285,0.1045838,6.94
2022-01-14 14:00:00,66.43,299.35492,985.0515,6.8161526,79.60792,0.4216954,6.45
2022-01-14 15:00:00,65.41,298.86612,984.5076,6.770874,82.73924,1.0744631,4.83
2022-01-14 16:00:00,65.28,298.80185,983.1182,7.306716,83.09676,2.6584716,5.6
2022-01-14 17:00:00,65.62,298.37225,981.52374,8.361616,86.96296,5.260963,5.26
2022-01-14 18:00:00,65.45,298.18024,980.3008,9.915196,87.33026,9.009525,2.87
2022-01-14 19:00:00,64.87,297.88235,981.8013,5.084523,89.43099,2.8248727,1.0
2022-01-14 20:00:00,64.03,297.90967,981.4123,5.5554533,88.7592,2.2054462,0.08
2022-01-14 21:00:00,64.44,297.88202,981.68756,6.8717403,88.31083,0.66262484,1.31
2022-01-14 22:00:00,64.36,298.00726,981.4933,6.967015,87.199554,0.60637665,2.5099998
2022-01-14 23:00:00,63.7,297.84332,981.4508,7.9594035,87.56721,1.982022,1.13
2022-01-15 00:00:00,62.97,297.88733,981.3245,9.838657,88.61698,37.86758,2.15
2022-01-15 01:00:00,64.28,298.03107,981.1501,10.591408,88.711655,0.0,2.34
2022-01-15 02:00:00,65.54,298.833,980.65485,9.6051855,88.49796,1.1393521,2.62
2022-01-15 03:00:00,65.76,299.6286,979.9297,7.0719423,84.50501,0.94392896,3.71
2022-01-15 04:00:00,66.19,299.6552,979.8093,8.303321,80.423164,1.7459095,4.13
2022-01-15 05:00:00,65.57,300.45126,979.9673,8.872964,77.114784,0.45845658,1.24
2022-01-15 06:00:00,64.84,301.1558,979.97095,8.166925,75.84546,0.33464655,1.21
2022-01-15 07:00:00,65.58,298.93585,980.7631,8.189146,87.03376,6.3840446,4.2400002
2022-01-15 08:00:00,66.52,299.04205,980.6831,7.601785,89.29668,4.781544,5.2
2022-01-15 09:00:00,67.01,299.05988,981.10706,7.4086475,90.31595,3.7124083,12.34
2022-01-15 10:00:00,66.82,298.5025,981.6027,7.2258754,91.36194,7.51669,4.6099997
2022-01-15 11:00:00,65.52,298.57367,982.1139,8.171803,90.18549,6.4773855,1.81
2022-01-15 12:00:00,65.11,298.70233,982.505,9.569844,90.27608,3.8495586,0.0
2022-01-15 13:00:00,64.84,298.56323,983.09454,11.134377,91.13324,4.252285,0.19999999
2022-01-15 14:00:00,65.12,298.12338,983.70026,10.589366,93.061295,3.4437032,0.0
2022-01-15 15:00:00,65.01,297.7025,983.8547,8.891896,95.08356,2.7194471,0.45
2022-01-15 16:00:00,64.6,297.38654,983.4945,7.654592,96.37425,4.086077,2.27
2022-01-15 17:00:00,64.15,297.44058,982.9643,8.111747,96.839294,6.2042027,5.83
2022-01-15 18:00:00,64.04,297.5884,982.6877,8.376158,95.85916,6.493598,4.48
2022-01-15 19:00:00,63.41,297.65213,982.9867,7.615873,94.20437,5.214855,3.54
2022-01-15 20:00:00,63.07,297.81464,982.9232,8.691021,93.41991,4.8591795,3.27
2022-01-15 21:00:00,62.4,297.7187,983.83716,8.5809355,93.33603,6.5070243,2.56
2022-01-15 22:00:00,61.51,297.4494,984.78204,8.151123,93.66808,6.633386,2.9099998
2022-01-15 23:00:00,60.8,297.27615,985.96375,6.5319057,94.239395,4.8934817,0.39999998
2022-01-16 00:00:00,57.77,297.1595,986.23694,5.555384,95.18967,98.13085,0.0
2022-01-16 01:00:00,55.71,297.82422,986.4897,5.187114,94.51964,0.0,0.0
2022-01-16 02:00:00,53.63,298.83633,986.0522,6.789786,91.14501,1.2293048,0.0
2022-01-16 03:00:00,53.29,301.3968,985.16345,7.3822155,81.69685,2.3891964,0.0
2022-01-16 04:00:00,52.84,301.23782,984.6703,9.674873,77.24837,7.629629,0.0
2022-01-16 05:00:00,51.42,302.1085,984.242,9.98341,74.02898,1.55247,0.0
2022-01-16 06:00:00,50.26,302.81622,983.9866,9.198487,73.56712,0.044316053,0.19999999
2022-01-16 07:00:00,50.71,302.84976,984.01624,8.0118,75.0353,0.28850138,0.28
2022-01-16 08:00:00,51.19,301.89398,984.2683,7.4128323,76.26437,0.93526393,0.0
2022-01-16 09:00:00,51.34,301.18146,984.6164,5.2251725,80.36657,0.27929246,0.0
2022-01-16 10:00:00,51.44,300.8963,985.4995,5.708499,82.69248,0.0,0.0
2022-01-16 11:00:00,51.13,300.6121,986.0119,5.5350246,84.89887,0.0230968,0.0
2022-01-16 12:00:00,51.26,300.6504,986.7986,6.2117033,84.99313,0.0,0.0
2022-01-16 13:00:00,50.63,300.72736,987.4495,6.832119,84.62629,0.00897795,0.0
2022-01-16 14:00:00,50.93,300.5959,987.9292,7.1203213,85.629005,0.0042766333,0.0
2022-01-16 15:00:00,49.74,300.2608,987.27313,6.852682,87.76481,0.0,0.0
2022-01-16 16:00:00,48.41,300.10202,986.9747,6.4053297,89.07583,0.0,0.0
2022-01-16 17:00:00,47.58,299.8681,986.64954,5.7602916,90.35071,0.0,0.0
2022-01-16 18:00:00,47.63,299.77173,986.7358,5.4451995,91.05154,0.0059604645,0.0
2022-01-16 19:00:00,47.43,299.72314,986.96014,5.6157994,90.53754,0.016257167,0.0
2022-01-16 20:00:00,47.63,299.8637,987.47595,5.0763693,90.25205,0.03376603,0.0
2022-01-16 21:00:00,46.96,299.88702,988.031,4.305588,90.54381,0.067964196,0.0
2022-01-16 22:00:00,45.58,299.81223,988.89954,3.9333367,90.88406,0.3492087,0.0
2022-01-16 23:00:00,44.06,300.36,989.6234,3.8054945,89.47432,0.22999942,0.0
2022-01-17 00:00:00,43.98,301.22443,989.5795,4.0139265,86.69528,16.722933,0.0
2022-01-17 01:00:00,43.69,301.83167,989.7812,3.8197527,84.919586,0.0,0.0
2022-01-17 02:00:00,43.39,302.67633,989.67554,3.4700086,82.88003,0.074899755,0.0
2022-01-17 03:00:00,42.07,303.5452,988.9158,3.390995,79.411896,0.030996278,0.0
2022-01-17 04:00:00,41.12,304.2583,988.2396,4.1389203,75.28923,0.21088868,0.0
2022-01-17 05:00:00,41.52,304.65063,987.3857,4.7734666,72.45031,0.11309609,0.0
2022-01-17 06:00:00,41.56,305.21124,986.71674,5.5006304,69.25718,0.058617443,0.0
2022-01-17 07:00:00,40.16,305.13593,986.4819,5.508541,60.932613,0.027920295,0.0
2022-01-17 08:00:00,38.8,305.25568,986.1247,5.1249423,59.514557,0.0056140125,0.0
2022-01-17 09:00:00,38.21,304.88824,986.60095,4.264785,61.186554,0.0,0.0
2022-01-17 10:00:00,37.86,303.80515,987.2583,3.3918111,67.80051,0.0,0.0
2022-01-17 11:00:00,37.11,302.40784,988.01685,3.1072145,74.06833,0.0,0.0
2022-01-17 12:00:00,36.66,301.56512,988.6884,3.2076714,77.20215,0.0,0.0
2022-01-17 13:00:00,36.27,300.962,989.2339,3.5356586,78.89042,0.0,0.0
2022-01-17 14:00:00,37.05,300.36255,989.6406,3.8995605,80.54912,0.0,0.0
2022-01-17 15:00:00,37.43,299.82758,989.57983,4.0138354,82.45064,0.0,0.0
2022-01-17 16:00:00,38.17,299.3646,989.47516,3.864327,84.485176,0.0,0.0
2022-01-17 17:00:00,39.36,298.90265,989.1789,3.6732635,86.579414,0.0,0.0
2022-01-17 18:00:00,40.02,298.5048,989.1411,3.4863582,88.70223,0.0,0.0
2022-01-17 19:00:00,40.84,298.28613,989.1325,3.5671275,89.66257,0.0,0.0
2022-01-17 20:00:00,41.05,297.98016,989.21454,3.1735728,91.42449,0.0,0.0
2022-01-17 21:00:00,40.76,297.7057,989.9517,2.7830026,92.50726,0.0,0.0
2022-01-17 22:00:00,40.75,297.90143,990.7223,2.6968212,91.663345,0.0,0.0
2022-01-17 23:00:00,40.53,299.0227,991.591,3.8210268,83.60914,0.0,0.0
2022-01-18 00:00:00,38.02,300.1032,991.3855,3.8908575,76.88722,0.6672609,0.0
2022-01-18 01:00:00,38.25,301.43182,991.1076,3.795508,70.51912,0.0,0.0
2022-01-18 02:00:00,38.42,302.61252,990.8081,3.336996,66.105095,0.002918765,0.0
2022-01-18 03:00:00,37.92,303.34314,990.1889,2.8215146,62.308365,0.0019446015,0.0
2022-01-18 04:00:00,37.52,304.33008,989.54376,2.5279357,58.67884,0.0,0.0
2022-01-18 05:00:00,37.34,304.8977,988.36365,2.3423026,55.787075,0.0,0.0
2022-01-18 06:00:00,37.6,305.39175,987.85034,2.139418,52.572937,0.0,0.0
2022-01-18 07:00:00,37.68,305.91943,987.5853,2.0145726,52.23745,0.0,0.0
2022-01-18 08:00:00,37.24,305.852,987.22174,1.5957578,51.78203,0.0,0.0
2022-01-18 09:00:00,36.09,305.6377,987.05646,1.2650651,52.152134,0.0,0.0
2022-01-18 10:00:00,35.16,304.92825,987.5719,0.9005988,57.44507,0.0,0.0
2022-01-18 11:00:00,35.02,303.01697,988.0611,0.99057186,77.15562,0.0,0.0
2022-01-18 12:00:00,36.35,302.5272,989.0614,1.364092,75.97195,0.0,0.0
2022-01-18 13:00:00,38.26,301.7885,989.7034,1.5416216,78.464905,0.0,0.0
2022-01-18 14:00:00,40.43,300.9937,990.23315,1.3584518,83.036354,0.0,0.0
2022-01-18 15:00:00,41.64,300.56534,989.9141,1.4807462,83.76207,0.0,0.32999998
2022-01-18 16:00:00,42.91,300.19714,989.6219,1.925472,83.24023,0.0051518953,0.0
2022-01-18 17:00:00,44.3,299.5529,989.20734,2.1090426,84.73852,0.12069195,0.29
2022-01-18 18:00:00,46.04,299.20206,989.0813,2.2811034,84.98012,0.05991012,0.72999996
2022-01-18 19:00:00,49.28,299.04205,988.22095,3.0582325,82.967834,0.0,0.21
2022-01-18 20:00:00,52.1,298.81213,988.58435,2.460427,85.29273,0.0,0.0
2022-01-18 21:00:00,54.52,298.6501,989.40063,1.910828,87.224106,0.0,0.0
2022-01-18 22:00:00,54.72,298.84308,989.8736,1.7958332,87.10483,0.0,0.0
2022-01-18 23:00:00,53.62,299.8783,990.4856,2.048066,81.01637,0.0,0.0
2022-01-19 00:00:00,50.71,301.03464,990.4391,2.0689104,75.63676,0.19367675,0.0
2022-01-19 01:00:00,50.2,302.2719,990.5645,1.8654994,70.9064,0.0,0.0
2022-01-19 02:00:00,49.16,303.19464,990.0633,1.7745024,68.06512,0.0,0.0
2022-01-19 03:00:00,48.29,304.17258,989.53564,1.7481833,65.06413,0.0,0.0
2022-01-19 04:00:00,48.44,304.9285,989.075,1.8561376,62.54618,0.0,0.0
2022-01-19 05:00:00,49.36,305.64868,988.5201,2.0312319,60.764217,0.0014938414,0.0
2022-01-19 06:00:00,49.48,306.13535,987.92847,2.4519382,59.583603,0.0,0.0
2022-01-19 07:00:00,49.6,306.36,986.9397,3.4809794,58.02485,0.0,0.0
2022-01-19 08:00:00,50.59,306.17905,986.7565,3.7462192,57.711212,0.051498413,0.53
2022-01-19 09:00:00,53.27,305.64417,986.967,2.6304774,59.33028,0.42844564,0.48
2022-01-19 10:00:00,55.81,303.63528,988.59186,2.8293457,70.872765,0.37232786,1.1999999
2022-01-19 11:00:00,57.14,301.84418,988.8578,3.5991478,81.58014,0.039815903,3.7599998
2022-01-19 12:00:00,57.61,301.0044,989.6211,3.4003973,85.60051,0.039421022,5.74
2022-01-19 13:00:00,55.78,300.6625,989.8639,2.501463,86.482346,0.0013336539,0.29999998
2022-01-19 14:00:00,54.45,300.46704,990.1099,1.5379989,87.550705,0.0,0.0
2022-01-19 15:00:00,53.6,300.19305,989.52484,0.7530847,91.22176,0.0,0.03
2022-01-19 16:00:00,53.0,300.18707,989.0986,0.4060243,91.2389,0.0,0.24
2022-01-19 17:00:00,53.1,300.04578,988.5061,1.2328528,90.90724,0.0,0.0
2022-01-19 18:00:00,52.98,299.82568,988.4628,1.5859972,91.65679,0.0,0.0
2022-01-19 19:00:00,50.46,299.46643,988.71,1.2475401,82.3777,0.0,0.0
2022-01-19 20:00:00,47.24,299.12314,988.8191,1.2696149,84.477905,0.0,0.0
2022-01-19 21:00:00,44.81,298.82785,989.12415,1.5226808,85.503456,0.0,0.0
2022-01-19 22:00:00,43.68,298.82385,990.13165,1.8408592,86.82544,0.0,0.0
2022-01-19 23:00:00,42.69,300.3496,990.89703,2.7577765,79.975845,0.0,0.0
2022-01-20 00:00:00,41.19,301.6711,991.1395,3.6230717,73.616844,0.9358376,0.0
2022-01-20 01:00:00,40.93,303.1894,991.0704,4.098995,67.234505,0.0,0.0
2022-01-20 02:00:00,41.31,304.70905,990.9135,4.360207,60.596107,0.0,0.0
2022-01-20 03:00:00,42.67,305.94623,990.25464,4.37636,55.281944,0.0,0.0
2022-01-20 04:00:00,42.69,307.0006,989.6223,4.2259455,50.663834,0.0022351742,0.0
2022-01-20 05:00:00,42.79,307.60696,988.64166,4.1296954,47.74392,0.0021904707,0.0
2022-01-20 06:00:00,42.77,307.8626,987.93146,3.853432,46.317596,0.0,0.0
2022-01-20 07:00:00,42.88,308.6667,987.21954,3.8541927,42.38064,0.0,0.0
2022-01-20 08:00:00,43.11,308.5467,986.4267,3.5352042,42.540882,0.0,0.0
2022-01-20 09:00:00,44.63,308.04907,986.5886,2.6699347,46.669064,0.0,0.0
2022-01-20 10:00:00,46.28,306.65643,987.4459,2.2361004,57.317688,0.0,0.0
2022-01-20 11:00:00,49.23,304.79395,988.7394,2.2588484,67.35109,0.0,0.16
2022-01-20 12:00:00,51.68,303.71838,989.27295,1.9351325,74.33058,0.0,2.35
2022-01-20 13:00:00,53.47,303.084,990.1464,1.8568723,77.276886,0.0,0.45999998
2022-01-20 14:00:00,55.0,302.71625,990.2974,2.2742534,76.57587,0.0,0.80999994
2022-01-20 15:00:00,56.47,301.9818,990.05005,2.139563,79.51244,0.0,4.58
2022-01-20 16:00:00,55.97,301.2334,989.6155,1.6338699,83.96412,0.0,4.81
2022-01-20 17:00:00,54.76,300.8302,988.88403,1.366511,86.19806,0.0,1.43
2022-01-20 18:00:00,55.28,300.78012,988.42413,1.5876534,85.12343,0.0,0.5
2022-01-20 19:00:00,55.7,299.81235,989.31024,3.9287517,83.075165,0.21985173,2.01
2022-01-20 20:00:00,55.9,299.15533,989.47534,4.768988,82.54,0.11783838,2.9899998
2022-01-20 21:00:00,55.2,298.7119,989.90857,3.835864,83.82025,0.105023384,0.59999996
2022-01-20 22:00:00,54.42,298.53653,991.03986,3.2076833,85.435356,0.061541826,0.25
2022-01-20 23:00:00,52.62,299.1156,991.6707,3.6017718,82.55748,0.23719668,0.04
2022-01-21 00:00:00,51.51,300.10846,991.4811,4.2314525,77.85408,0.74943304,0.0
2022-01-21 01:00:00,52.29,301.11566,991.4447,3.4516518,73.261024,0.0,0.0
2022-01-21 02:00:00,54.54,302.45673,991.26086,2.3446457,69.135124,0.0018849969,0.0
2022-01-21 03:00:00,56.27,303.68518,990.5558,2.1708717,65.54832,0.0,0.0
2022-01-21 04:00:00,56.91,304.73764,990.01,1.979705,61.890285,0.0027492642,0.0
2022-01-21 05:00:00,57.63,305.12433,989.09314,1.9327627,60.578484,0.052817166,0.0
2022-01-21 06:00:00,58.06,305.5794,988.28796,2.2550004,59.76367,0.060155988,1.01
2022-01-21 07:00:00,59.53,304.92932,987.47815,3.647845,67.29238,1.0393053,4.06
2022-01-21 08:00:00,60.62,304.67572,986.9189,2.6554363,68.378334,0.83999324,3.35
2022-01-21 09:00:00,60.89,304.44147,987.02826,2.1302161,69.61358,0.0,11.049999
2022-01-21 10:00:00,60.52,303.922,988.08813,2.5380664,74.256096,0.005044043,10.07
2022-01-21 11:00:00,59.1,302.85397,989.0203,2.9412255,80.206085,0.23281132,3.55
2022-01-21 12:00:00,58.57,301.9239,989.73126,3.0857599,83.575066,0.0013485551,0.0
2022-01-21 13:00:00,58.49,301.3307,989.7913,2.3444118,85.127045,0.002804445,0.0
2022-01-21 14:00:00,59.73,300.9535,990.1239,2.0524604,86.23504,0.0,0.0
2022-01-21 15:00:00,60.72,300.5882,989.8233,1.9033549,87.58175,0.0,0.0
2022-01-21 16:00:00,60.76,300.3034,989.62836,1.6199814,88.948456,0.0,0.32
2022-01-21 17:00:00,60.76,300.13794,988.86,1.5228213,89.863045,0.0,0.0
2022-01-21 18:00:00,61.4,300.00598,988.3511,1.2432064,91.12836,0.0,0.93999994
2022-01-21 19:00:00,62.31,299.83484,988.5849,2.4565556,90.16799,0.001714332,0.0
2022-01-21 20:00:00,61.31,299.4981,988.4423,1.9025284,91.49527,0.0,0.0
2022-01-21 21:00:00,59.85,299.3711,988.8591,1.7417066,91.78966,0.0,0.01
2022-01-21 22:00:00,59.97,299.48773,989.4861,1.999641,90.94657,0.0,0.0
2022-01-21 23:00:00,60.79,300.51202,989.82983,2.6598248,84.83123,0.0,0.0
2022-01-22 00:00:00,60.82,301.89874,989.9018,2.740725,78.59932,2.2424467,0.0
2022-01-22 01:00:00,60.7,303.27963,989.75354,2.8950589,73.736465,0.0,0.0
2022-01-22 02:00:00,60.77,304.6762,989.327,2.8047924,68.87709,0.0014081597,0.28
2022-01-22 03:00:00,60.09,305.86523,988.2966,2.9789202,63.27524,0.010993332,0.39999998
2022-01-22 04:00:00,59.84,306.53723,987.59174,3.5139732,59.83033,0.008609146,0.01
2022-01-22 05:00:00,59.69,306.9502,986.758,3.5612698,57.775288,0.0034198165,0.0
2022-01-22 06:00:00,59.45,306.70544,986.2261,3.5491302,59.04437,0.08700043,0.0
2022-01-22 07:00:00,58.33,306.20966,986.32904,3.8213081,60.179543,0.0,0.0
2022-01-22 08:00:00,57.1,305.5705,985.95416,3.9023497,64.11238,0.0011697412,0.0
2022-01-22 09:00:00,57.21,305.03778,986.3425,3.5640194,67.18144,0.0,0.32999998
2022-01-22 10:00:00,57.11,304.27496,987.01196,2.5261166,72.67363,0.0,0.0
2022-01-22 11:00:00,57.55,303.2683,987.5739,2.1305358,78.60806,0.0,0.0
2022-01-22 12:00:00,57.93,302.72284,988.1383,2.175335,81.630646,0.0,0.0
2022-01-22 13:00:00,57.72,302.27142,988.9239,2.0717893,83.71774,0.0,0.0
2022-01-22 14:00:00,56.53,302.0117,989.39795,1.8087671,85.2893,0.0,0.0
2022-01-22 15:00:00,55.41,301.73083,989.0427,1.9794813,85.97147,0.0,0.0
2022-01-22 16:00:00,56.05,301.37244,988.3141,2.905957,85.94803,0.0018179417,0.0
2022-01-22 17:00:00,57.37,300.91565,987.476,3.465813,85.43904,0.0,0.0
2022-01-22 18:00:00,58.71,300.50784,987.2136,2.7503676,85.80415,0.0,0.0
2022-01-22 19:00:00,58.37,300.16782,988.0359,1.7116699,86.547386,0.06501376,0.0
2022-01-22 20:00:00,59.04,299.88254,988.14575,1.6797014,88.816,0.02528727,0.0
2022-01-22 21:00:00,59.94,299.64923,988.1877,0.7959942,91.2619,0.0102669,0.0
2022-01-22 22:00:00,58.91,299.71173,989.09564,1.3098159,90.76169,0.0089854,0.0
2022-01-22 23:00:00,58.28,300.41846,989.3912,1.2288423,85.05361,0.09594858,0.0
2022-01-23 00:00:00,59.24,301.40564,989.4222,0.9945332,80.31845,0.3306657,0.0
2022-01-23 01:00:00,58.75,302.66595,989.46796,1.598928,77.43763,0.0,0.0
2022-01-23 02:00:00,58.35,303.53235,989.04315,1.5869607,74.96485,0.12721214,0.16
2022-01-23 03:00:00,57.58,304.0367,988.4425,1.6697856,73.41289,0.7427987,0.17999999
2022-01-23 04:00:00,56.42,304.58224,987.61554,1.9405644,70.21437,0.7218197,0.0
2022-01-23 05:00:00,55.15,304.5878,986.8264,1.2537338,68.719795,0.520017,0.0
2022-01-23 06:00:00,53.96,305.24652,985.819,1.0127368,65.07325,0.04889816,0.0
2022-01-23 07:00:00,53.83,306.20126,984.9725,0.8716409,56.77273,0.0030100346,0.0
2022-01-23 08:00:00,53.29,306.11694,984.66846,0.5458617,56.811832,0.002115965,0.0
2022-01-23 09:00:00,52.85,305.84674,985.00903,0.45417392,57.87342,0.0034570694,0.0
2022-01-23 10:00:00,52.25,304.0935,986.01544,0.96752524,66.28568,0.1566112,0.0
2022-01-23 11:00:00,52.24,303.19885,986.5838,1.3047125,74.03451,0.0054836273,0.0
2022-01-23 12:00:00,53.22,302.52667,986.84534,2.861292,79.207245,0.0,0.0
2022-01-23 13:00:00,55.01,301.66248,987.53577,2.9752731,82.81478,0.0,0.0
2022-01-23 14:00:00,56.69,301.16516,988.2319,2.8844986,84.94401,0.0031143427,0.0
2022-01-23 15:00:00,56.59,300.8183,987.89264,2.1110635,86.48058,0.024303794,0.0
2022-01-23 16:00:00,55.82,300.57675,987.4858,1.5065371,88.00753,0.007778406,0.0
2022-01-23 17:00:00,56.3,300.39236,986.58624,1.8296244,88.51584,0.0,0.0
2022-01-23 18:00:00,56.21,300.1684,985.8767,2.2314582,89.356895,0.0,0.0
2022-01-23 19:00:00,54.31,300.3263,985.9305,3.4620929,88.65055,0.0,0.0
2022-01-23 20:00:00,52.47,300.10095,985.7444,3.3403625,89.37707,0.0,0.0
2022-01-23 21:00:00,51.48,299.8988,986.54095,2.9082694,89.64532,0.0,0.0
2022-01-23 22:00:00,50.6,299.89587,987.0792,2.6014543,89.34662,0.0,0.0
2022-01-23 23:00:00,50.08,300.67126,987.65094,3.6318228,84.16469,0.0,0.0
2022-01-24 00:00:00,49.57,301.5373,987.74725,3.9160044,80.372025,2.4341524,0.0
2022-01-24 01:00:00,49.64,302.98712,987.49225,3.940831,74.260544,0.0,0.0
2022-01-24 02:00:00,50.84,304.3375,987.01874,3.6787305,70.269066,0.06892905,0.0
2022-01-24 03:00:00,51.38,304.87823,986.13525,3.1308098,69.24673,1.1565461,0.0
2022-01-24 04:00:00,50.4,305.57697,985.40625,3.106602,64.63703,0.36682934,0.0
2022-01-24 05:00:00,49.35,304.81335,984.3512,3.6218815,68.42748,0.9381622,0.0
2022-01-24 06:00:00,48.34,304.8166,983.9636,4.4048347,67.65486,2.1311865,0.0
2022-01-24 07:00:00,48.25,305.946,983.0554,1.0679721,57.989407,0.2271384,0.0
2022-01-24 08:00:00,48.01,305.84955,982.8092,1.205857,59.056156,0.044748187,0.0
2022-01-24 09:00:00,48.42,305.54672,982.9961,3.090327,61.231834,0.0,0.0
2022-01-24 10:00:00,49.54,304.01395,984.2576,3.0016658,69.850174,0.13065338,0.0
2022-01-24 11:00:00,50.35,302.68143,985.23846,3.7808378,76.90632,0.14869869,0.0
2022-01-24 12:00:00,52.5,301.60464,986.2382,4.4355364,81.17506,0.076815486,0.0
2022-01-24 13:00:00,55.26,300.87296,986.3521,3.8804047,83.91356,0.0,0.0
2022-01-24 14:00:00,56.03,300.43353,986.51404,2.9597514,85.71472,0.0,2.45
2022-01-24 15:00:00,54.59,300.18,985.71173,2.7268946,86.67492,0.0,7.21
2022-01-24 16:00:00,52.44,299.9228,985.47046,2.7519422,87.663704,0.0,4.6
2022-01-24 17:00:00,51.41,299.78726,985.29846,3.4463258,87.81704,0.0,1.9399999
2022-01-24 18:00:00,52.25,299.60138,985.332,4.073693,88.01429,0.0,3.11
2022-01-24 19:00:00,52.71,299.3651,984.97974,3.7588525,86.565544,0.0,0.0
2022-01-24 20:00:00,52.64,299.20758,984.9881,3.2598534,87.719795,0.0,0.0
2022-01-24 21:00:00,53.09,299.05624,985.5422,2.5819342,88.97121,0.0,0.22999999
2022-01-24 22:00:00,53.08,299.10272,986.12665,2.3666284,89.55839,0.0,0.0
2022-01-24 23:00:00,51.19,300.16983,986.6947,3.6312747,84.044655,0.0,0.0
2022-01-25 00:00:00,50.57,301.43784,986.7728,4.1238117,77.96822,5.318883,0.0
2022-01-25 01:00:00,51.39,302.80048,987.18164,4.038309,71.412605,0.0,0.0
2022-01-25 02:00:00,52.58,303.6407,986.73517,3.4378483,68.95552,0.04624948,0.0
2022-01-25 03:00:00,53.84,304.3117,985.97815,2.4373336,67.39988,0.04036352,0.0
2022-01-25 04:00:00,54.58,305.08188,985.0478,1.4481827,66.05903,0.017859042,0.0
2022-01-25 05:00:00,54.69,305.53445,984.21924,0.9921794,64.88224,0.01693517,0.0
2022-01-25 06:00:00,54.75,305.39984,983.9624,0.9459415,65.30743,0.37074834,0.0
2022-01-25 07:00:00,54.7,306.87384,983.7556,3.2980268,56.81949,0.03024342,0.0
2022-01-25 08:00:00,55.35,303.66125,983.5594,6.17914,67.53885,2.525465,0.0
2022-01-25 09:00:00,56.63,303.03705,984.08954,4.7473583,70.87834,0.06797165,0.81999993
2022-01-25 10:00:00,58.09,302.28668,985.62335,4.174967,73.79204,0.72013587,4.27
2022-01-25 11:00:00,58.83,301.29974,986.58,3.4610627,77.767944,1.3365371,4.92
2022-01-25 12:00:00,58.48,300.78308,986.5795,2.3747938,81.922554,0.14466792,11.059999
2022-01-25 13:00:00,57.34,300.36548,986.83234,2.4103987,85.15211,0.0,4.77
2022-01-25 14:00:00,56.39,300.07626,987.465,3.2854743,86.0472,0.0,0.03
2022-01-25 15:00:00,56.52,299.91486,987.4189,3.3279269,85.95286,0.0,0.01
2022-01-25 16:00:00,56.27,299.6836,986.728,2.5871885,86.71223,0.0,0.0
2022-01-25 17:00:00,56.71,299.43707,986.2042,1.8208886,88.17668,0.0,0.0
2022-01-25 18:00:00,57.12,299.17737,985.96576,1.4038508,89.77244,0.0,0.0
2022-01-25 19:00:00,55.74,299.19263,985.7466,1.9923445,88.236336,0.046238303,0.0
2022-01-25 20:00:00,54.15,299.0996,985.6969,2.365285,88.15035,0.004723668,0.0
2022-01-25 21:00:00,52.93,298.9118,986.239,3.0392523,88.708725,0.0038295984,0.0
2022-01-25 22:00:00,52.57,298.92316,986.943,3.3897192,88.62896,0.0,0.0
2022-01-25 23:00:00,53.05,299.514,987.13477,4.250934,85.578636,0.0,0.0
2022-01-26 00:00:00,52.5,300.60504,987.355,4.7221375,81.71217,5.3741217,0.0
2022-01-26 01:00:00,52.94,302.27798,987.5318,5.3741436,73.51425,0.0,0.0
2022-01-26 02:00:00,53.47,303.57074,987.211,5.244408,67.769356,0.005101785,0.0
2022-01-26 03:00:00,52.98,304.39447,986.6894,4.703742,65.61311,0.026298687,0.0
2022-01-26 04:00:00,52.52,305.05655,985.9874,4.677775,63.55154,0.044140965,0.0
2022-01-26 05:00:00,53.34,305.50055,985.53784,4.75648,62.116737,0.031176955,0.0
2022-01-26 06:00:00,54.06,305.66486,984.7313,4.2397513,61.533493,0.0052303076,0.0
2022-01-26 07:00:00,54.32,304.34674,985.3111,6.0489874,64.598175,0.59086454,0.0
2022-01-26 08:00:00,54.54,303.57635,985.1791,5.750288,65.91355,1.3968422,0.0
2022-01-26 09:00:00,55.43,302.99567,985.9242,4.9290633,68.312256,0.009045005,0.0
2022-01-26 10:00:00,56.93,302.38922,986.5189,3.3531687,72.84969,0.002168119,0.0
2022-01-26 11:00:00,57.07,301.55023,987.0692,3.192374,77.32242,0.0,0.0
2022-01-26 12:00:00,56.67,301.01685,987.30554,2.9977398,80.24177,0.0,0.0
2022-01-26 13:00:00,56.99,300.57452,987.4972,2.5549788,82.83347,0.0,0.0
2022-01-26 14:00:00,56.69,300.2342,987.8514,2.642098,84.5617,0.0,0.0
2022-01-26 15:00:00,56.43,299.96503,987.8762,2.9173644,85.47726,0.0,0.0
2022-01-26 16:00:00,57.64,299.63364,987.26733,2.582545,86.716545,0.0,0.0
2022-01-26 17:00:00,59.24,299.4244,987.0711,2.5767193,87.4187,0.0,0.0
2022-01-26 18:00:00,60.24,299.26752,986.9377,2.4168031,87.89076,0.028267503,0.0
2022-01-26 19:00:00,60.32,298.78088,986.7073,2.1797285,88.57355,1.5815347,0.0
2022-01-26 20:00:00,60.05,298.42828,986.65845,2.3055232,89.07068,1.1572838,0.0
2022-01-26 21:00:00,59.67,298.1997,986.97156,2.587595,90.33662,0.8517504,0.0
2022-01-26 22:00:00,60.5,298.28934,987.52484,2.977785,89.940346,0.25001168,0.0
2022-01-26 23:00:00,61.46,298.84833,988.2056,3.5919542,87.04601,0.46133995,0.0
2022-01-27 00:00:00,61.63,299.33423,988.76917,3.6364045,84.281654,8.155123,0.0
2022-01-27 01:00:00,61.89,299.33667,989.0605,3.1768024,83.85458,0.0,0.0
2022-01-27 02:00:00,62.27,299.48425,988.3223,3.0402443,84.85195,1.1700429,0.0
2022-01-27 03:00:00,63.69,301.08142,987.318,3.6993854,77.95643,0.24366379,0.24
2022-01-27 04:00:00,64.38,302.0615,986.5304,3.4109695,74.969124,0.1838319,2.53
2022-01-27 05:00:00,64.75,303.0622,985.7386,2.836887,73.71957,0.25546923,3.59
2022-01-27 06:00:00,65.19,303.17578,984.6101,2.0925777,73.91754,0.3874004,4.5299997
2022-01-27 07:00:00,66.04,301.23334,984.6939,0.8260946,78.87105,3.3655539,13.139999
2022-01-27 08:00:00,66.5,301.02023,984.08154,1.4150852,81.9238,3.997661,14.86
2022-01-27 09:00:00,66.35,300.47668,984.34827,2.9686666,86.75376,3.8077383,9.42
2022-01-27 10:00:00,66.48,299.3122,984.8812,4.311057,89.40535,9.6641035,3.4099998
2022-01-27 11:00:00,66.74,298.98303,985.33026,4.3111687,89.19924,9.272263,4.2999997
2022-01-27 12:00:00,66.98,298.5711,985.89233,4.4742904,91.1879,6.041817,8.15
2022-01-27 13:00:00,66.72,298.4144,986.12225,5.329862,92.41265,3.9730332,9.51
2022-01-27 14:00:00,66.04,298.32574,986.6912,5.662808,93.38637,2.1715462,6.49
2022-01-27 15:00:00,65.27,298.15195,986.22235,5.3421636,92.934784,1.9999444,2.01
2022-01-27 16:00:00,63.82,298.35138,985.83813,5.2195377,92.20844,1.4791973,0.0
2022-01-27 17:00:00,62.16,298.268,985.1937,4.9373784,91.0231,1.4216528,0.26999998
2022-01-27 18:00:00,61.07,298.036,984.8854,4.9427447,93.553314,1.2178421,0.38
2022-01-27 19:00:00,60.88,297.91873,985.60657,1.5111971,94.5968,0.044818968,0.21
2022-01-27 20:00:00,60.94,297.95895,985.6967,1.3602152,94.53358,0.008102506,0.0
2022-01-27 21:00:00,60.27,297.9112,986.5264,1.2640066,94.99227,0.0055730343,0.0
2022-01-27 22:00:00,59.65,298.08746,987.1883,1.0470637,93.58099,0.076688826,0.0
2022-01-27 23:00:00,59.92,298.93414,988.4171,1.9489644,89.02157,0.14160573,0.0
2022-01-28 00:00:00,59.36,299.48193,988.3525,2.8106449,85.77414,53.83026,0.0
2022-01-28 01:00:00,59.58,300.45825,988.3053,2.9488475,81.25481,0.0,0.0
2022-01-28 02:00:00,59.97,301.62494,987.65656,3.4916682,76.018364,0.10225549,1.36
2022-01-28 03:00:00,60.42,302.04037,987.17847,3.7265117,73.63891,0.11008978,1.42
2022-01-28 04:00:00,60.17,302.44098,985.8975,3.8293183,72.2474,0.3162101,0.59
2022-01-28 05:00:00,59.84,303.53125,985.17456,3.846786,68.63168,0.02412498,0.65
2022-01-28 06:00:00,60.6,304.24615,984.40717,4.2868195,66.00002,0.013768673,0.64
2022-01-28 07:00:00,60.76,303.44727,984.01166,5.4308434,70.418686,0.123515725,1.47
2022-01-28 08:00:00,60.16,301.3211,983.8236,5.9405565,78.182,1.4202148,1.17
2022-01-28 09:00:00,59.76,301.1347,984.40796,3.6147838,78.57343,0.029474497,0.0
2022-01-28 10:00:00,59.58,300.95816,985.51953,2.560796,80.3813,0.0018328428,0.0
2022-01-28 11:00:00,59.59,300.68103,986.52484,1.846175,82.95815,0.10071695,0.0
2022-01-28 12:00:00,59.98,300.4883,987.1693,1.8976389,84.51899,0.014364719,0.0
2022-01-28 13:00:00,60.36,300.22308,987.2621,2.1707582,86.06825,0.113368034,0.0
2022-01-28 14:00:00,60.47,299.98306,987.20624,2.6013813,86.752235,0.06259978,0.0
2022-01-28 15:00:00,61.37,299.74875,987.15216,2.7220287,87.707466,0.10240078,0.0
2022-01-28 16:00:00,62.03,299.5146,986.78326,3.227519,88.68617,0.3026724,0.25
2022-01-28 17:00:00,64.22,299.21848,986.01697,3.5045722,89.58886,0.63179433,0.0
2022-01-28 18:00:00,65.16,298.6765,985.8706,3.4759693,90.15297,2.2588313,1.14
2022-01-28 19:00:00,65.5,298.88,985.65955,4.1753955,92.01474,1.6354173,0.66999996
2022-01-28 20:00:00,66.6,298.66943,985.64905,4.963125,92.12285,3.1194394,3.76
2022-01-28 21:00:00,67.6,298.40695,986.0326,5.159352,92.17373,3.6052318,9.07
2022-01-28 22:00:00,66.51,298.2813,986.6926,4.763387,92.33613,1.7895997,13.19
2022-01-28 23:00:00,65.45,298.5197,987.39197,4.7310443,91.2097,1.6819537,5.95
2022-01-29 00:00:00,,298.71317,987.71606,4.4867945,88.78538,20.019556,6.5699997
2022-01-29 01:00:00,,298.7936,987.7154,4.151938,88.89137,0.0,7.99
2022-01-29 02:00:00,,298.92322,987.28937,4.167934,89.44052,2.8892496,3.69
2022-01-29 03:00:00,,299.11914,986.46216,4.6346445,87.21562,2.0849183,3.09
2022-01-29 04:00:00,,299.56927,985.75275,4.956961,86.05258,1.4235153,1.3199999
2022-01-29 05:00:00,,300.13486,985.0902,4.376378,85.070366,0.91996044,0.22999999
2022-01-29 06:00:00,,300.13263,984.02234,4.058884,84.67146,0.4884079,0.35999998
2022-01-29 07:00:00,,300.51886,983.8897,3.961253,80.58713,0.16222149,0.0
2022-01-29 08:00:00,,300.45657,983.5393,4.360076,80.63526,0.26821345,0.0
2022-01-29 09:00:00,,300.1332,983.8211,3.6965826,83.32117,0.3997758,0.0
2022-01-29 10:00:00,,299.73987,984.5642,3.5111306,86.29716,0.7748306,0.78
2022-01-29 11:00:00,,299.39697,985.3993,3.4100726,88.75415,0.6098151,4.98
2022-01-29 12:00:00,,298.97156,985.9135,2.821652,89.69164,2.1355896,10.34
2022-01-29 13:00:00,,298.59033,986.0593,2.4928966,91.975716,3.4738035,11.5
2022-01-29 14:00:00,,298.3315,986.1877,2.8583405,94.581535,5.2992554,6.3599997
2022-01-29 15:00:00,,298.32123,985.66266,3.3296564,94.57183,2.472386,2.4399998
2022-01-29 16:00:00,,298.30222,984.6292,3.949128,94.81823,0.7316023,5.67
2022-01-29 17:00:00,,298.21185,983.7562,4.6553335,93.89375,0.59499216,4.6099997
2022-01-29 18:00:00,,298.14752,983.34607,5.0937886,93.67187,0.9384006,1.9399999
2022-01-29 19:00:00,,298.15875,982.02405,5.674315,93.55572,11.358992,2.02
2022-01-29 20:00:00,,298.16016,982.1164,5.1005483,93.0712,6.774023,1.15
2022-01-29 21:00:00,,298.06824,982.3281,4.6806245,93.033394,2.3242161,1.73
2022-01-29 22:00:00,,297.9587,983.03534,4.2818904,92.398766,0.5991198,1.9399999
2022-01-29 23:00:00,,298.14163,983.3014,4.276795,91.02822,0.44238567,1.13
2022-01-30 00:00:00,,298.7899,983.71436,4.3205886,87.68548,50.834835,1.54
2022-01-30 01:00:00,,299.38452,983.97845,4.3405395,84.9828,0.0,1.3
2022-01-30 02:00:00,,299.66837,983.8544,4.2299285,83.38328,0.88689476,1.14
2022-01-30 03:00:00,,300.35413,983.3822,5.3529296,80.233955,1.0351651,1.9300001
2022-01-30 04:00:00,,300.63025,982.88763,6.207838,78.8,0.57047236,5.42
2022-01-30 05:00:00,,300.49112,981.937,6.4793224,79.90149,0.51289797,4.12
2022-01-30 06:00:00,,300.52014,981.26263,7.1271205,80.16379,0.4485771,5.4399996
2022-01-30 07:00:00,,300.42523,980.0261,6.559694,79.98541,0.16577542,2.77
2022-01-30 08:00:00,,300.76062,979.48596,6.917016,79.82454,0.1795888,1.06
2022-01-30 09:00:00,,300.79688,979.4111,6.6884212,80.404884,0.023640692,1.8199999
2022-01-30 10:00:00,,300.24045,980.3497,6.06818,83.86277,0.035092235,4.1
2022-01-30 11:00:00,,299.8333,980.8703,5.6184173,85.793,0.30343235,9.37
2022-01-30 12:00:00,,299.6151,981.23267,5.4958253,86.23544,1.7532855,13.71
2022-01-30 13:00:00,,298.88666,981.2342,5.759574,90.52776,1.8291771,10.21
2022-01-30 14:00:00,,298.39417,981.64813,6.1315494,93.84842,3.0008407,5.69
2022-01-30 15:00:00,,298.28293,981.1083,6.774124,94.49484,3.281325,2.09
2022-01-30 16:00:00,,298.34143,980.5197,6.7579083,93.945175,4.1874423,1.5999999
2022-01-30 17:00:00,,298.26007,979.03485,6.7898855,94.995544,3.7477949,2.9099998
2022-01-30 18:00:00,,298.53113,978.0422,7.5905223,93.118385,2.628386,2.36
2022-01-30 19:00:00,,297.99768,978.0151,8.297416,90.888794,2.0871758,0.82
2022-01-30 20:00:00,,298.0688,978.0569,7.371572,90.944374,1.0357946,1.02
2022-01-30 21:00:00,,298.39478,978.41595,6.1070213,90.52366,0.726372,2.1999998
2022-01-30 22:00:00,,298.5927,978.77594,5.0540905,91.151855,1.2081712,2.45
2022-01-30 23:00:00,,298.41968,978.9715,5.761447,93.42787,3.834322,2.32
2022-01-31 00:00:00,,298.389,979.16205,6.5343046,92.736244,37.904938,0.51
2022-01-31 01:00:00,,298.60828,978.98065,5.9438624,91.37564,0.0,0.0
2022-01-31 02:00:00,,298.82526,978.2939,5.846648,88.99729,1.7206613,1.5899999
2022-01-31 03:00:00,,299.2188,977.27814,5.863477,88.767914,0.6172992,0.29
2022-01-31 04:00:00,,299.737,976.47015,3.135549,86.64494,0.30104816,0.03
2022-01-31 05:00:00,,300.39682,975.6908,1.142428,84.20004,0.19841641,0.31
2022-01-31 06:00:00,,301.05273,975.2381,3.056412,82.47002,0.49176067,0.47
2022-01-31 07:00:00,,300.52368,976.02704,5.5510325,78.26608,0.09412598,0.31
2022-01-31 08:00:00,,299.91815,976.01056,5.999341,81.87693,0.27017295,0.22
2022-01-31 09:00:00,,299.0188,976.60547,6.9448376,85.72692,0.6069541,0.32
2022-01-31 10:00:00,,298.4657,977.6245,5.869091,88.75806,0.17955899,0.29999998
2022-01-31 11:00:00,,298.22748,978.10846,5.493391,91.15139,0.33789873,0.0
2022-01-31 12:00:00,,298.3474,978.3775,5.222707,91.08882,0.12513995,0.0
2022-01-31 13:00:00,,298.49115,978.0853,4.821578,91.12291,1.470807,0.0
2022-01-31 14:00:00,,298.5134,977.8432,5.197835,92.21935,3.0494816,0.0
2022-01-31 15:00:00,,298.3645,977.0863,4.4736657,93.91886,2.0084317,0.0
2022-01-31 16:00:00,,298.1388,975.6987,4.1622186,94.02199,2.8712387,0.34
2022-01-31 17:00:00,,298.11145,973.9455,3.5336144,94.473495,4.3110585,0.31
2022-01-31 18:00:00,,297.85052,972.8157,5.5017805,95.91964,5.5956244,0.0
2022-01-31 19:00:00,,297.9986,977.5985,7.551749,93.39882,4.8951807,0.0
2022-01-31 20:00:00,,297.89365,977.702,8.695029,93.793884,9.312868,0.0
2022-01-31 21:00:00,,297.97266,978.22687,9.521337,92.48149,13.711996,0.0
2022-01-31 22:00:00,,298.13196,978.7433,11.247973,92.65259,14.4203825,0.0
2022-01-31 23:00:00,,298.3841,979.6793,11.72031,91.84054,10.639906,0.0
2022-02-01 00:00:00,,298.56192,980.3036,12.021073,90.40096,88.03702,0.0
2022-02-01 01:00:00,,299.3795,980.5079,11.935817,89.01287,0.0,0.0
2022-02-01 02:00:00,,299.48834,980.66406,12.930908,85.41752,2.4733171,0.0
2022-02-01 03:00:00,,300.2215,980.49396,11.726915,86.17538,1.4832933,0.0
2022-02-01 04:00:00,,300.48273,980.2036,12.133335,82.5028,1.8692129,0.0
2022-02-01 05:00:00,,299.80652,980.1489,10.790892,83.92189,1.4604665,0.0
2022-02-01 06:00:00,,299.6587,980.1724,9.353343,83.80513,0.98665804,0.0
2022-02-01 07:00:00,,300.10165,978.34515,11.126365,83.64758,1.178421,0.07
2022-02-01 08:00:00,,299.66113,978.9495,11.074318,83.72103,0.86741894,0.0
2022-02-01 09:00:00,,299.32513,979.85706,10.179508,84.49431,0.29022247,0.0
2022-02-01 10:00:00,,298.8504,980.6922,10.338154,86.55338,0.29571635,0.0
2022-02-01 11:00:00,,298.48865,981.6127,10.538338,88.023094,0.4615113,0.0
2022-02-01 12:00:00,,298.39618,982.1233,9.551215,88.20619,0.4024962,0.0
2022-02-01 13:00:00,,298.26538,982.197,9.8585,90.507904,0.35472214,0.0
2022-02-01 14:00:00,,297.97644,982.5784,10.299969,93.53879,0.70139766,0.0
2022-02-01 15:00:00,,297.9361,982.3113,10.102553,92.23161,0.80415606,0.0
2022-02-01 16:00:00,,298.1353,982.02094,9.677826,89.48448,0.7034689,0.0
2022-02-01 17:00:00,,297.9568,981.97455,9.240136,86.700096,0.22052228,0.0
2022-02-01 18:00:00,,297.65753,981.85077,8.862932,86.041466,0.02385676,0.0
2022-02-01 19:00:00,,298.015,981.5609,8.62755,83.36497,0.044733286,0.0
2022-02-01 20:00:00,,297.9081,981.5916,8.735462,82.31075,0.0021457672,0.0
2022-02-01 21:00:00,,297.76,981.86206,8.685691,82.8198,0.0,0.0
2022-02-01 22:00:00,,297.60358,982.8097,8.724888,83.65001,0.006943941,0.0
2022-02-01 23:00:00,,297.53107,983.4881,8.671947,84.127335,0.008225441,0.0
2022-02-02 00:00:00,52.84,297.5689,983.85175,8.912662,83.35281,18.835266,0.0
2022-02-02 01:00:00,53.08,297.63538,984.33813,9.001637,81.64597,0.0,0.0
2022-02-02 02:00:00,53.31,297.7638,984.4844,8.843124,79.6006,0.010538846,0.0
2022-02-02 03:00:00,53.95,297.95703,984.41565,8.588018,78.20259,0.02580136,0.0
2022-02-02 04:00:00,54.74,298.05444,984.20013,8.645294,77.67612,0.033415854,0.0
2022-02-02 05:00:00,55.84,297.83096,983.9612,8.40486,78.263176,0.0038966537,0.0
2022-02-02 06:00:00,56.15,297.68115,983.85095,8.830591,79.16043,0.026226044,0.0
2022-02-02 07:00:00,56.15,298.272,983.6319,6.876209,81.59298,0.057958066,0.0
2022-02-02 08:00:00,56.49,298.09262,983.87994,7.036948,82.26103,0.10660291,0.0
2022-02-02 09:00:00,56.54,297.56897,984.0039,7.0057926,84.10204,0.30804425,0.0
2022-02-02 10:00:00,56.74,297.36398,984.7534,6.959777,84.55032,0.23937225,0.0
2022-02-02 11:00:00,57.36,297.1338,985.2006,6.9278526,85.505264,0.7032305,0.0
2022-02-02 12:00:00,58.34,296.8393,985.89124,6.775804,86.81542,0.8832067,0.0
2022-02-02 13:00:00,59.05,296.5161,986.3049,6.630665,88.24194,0.4044026,0.0
2022-02-02 14:00:00,58.86,296.25662,986.68805,6.5211854,89.02288,0.48165023,0.0
2022-02-02 15:00:00,57.92,296.07,986.1426,6.2636385,89.22325,0.2799034,0.0
2022-02-02 16:00:00,57.2,295.9762,985.59534,5.9510946,89.09218,0.035986304,0.0
2022-02-02 17:00:00,56.69,295.93536,985.1386,5.956155,88.87123,0.005558133,0.0
2022-02-02 18:00:00,55.76,295.88025,984.7886,5.9855556,88.85843,0.0010728836,0.0
2022-02-02 19:00:00,54.85,295.88187,984.37726,3.8606536,88.823006,0.0,0.0
2022-02-02 20:00:00,53.79,295.95914,984.53394,3.0644407,89.43679,0.04749,0.0
2022-02-02 21:00:00,53.65,296.03677,985.0734,3.004017,89.76368,0.21842122,0.0
2022-02-02 22:00:00,53.42,296.09705,985.7049,3.2398534,90.06084,0.7569045,0.0
2022-02-02 23:00:00,53.15,296.2942,986.5528,3.3622062,89.64155,0.944376,0.0
2022-02-03 00:00:00,52.54,296.5691,986.65094,3.375427,88.56747,6.4296274,0.0
2022-02-03 01:00:00,52.62,296.8979,987.05524,3.521724,87.361115,0.0,0.0
2022-02-03 02:00:00,52.9,297.57666,987.28705,3.9344304,83.989975,0.28714165,0.0
2022-02-03 03:00:00,53.65,298.33002,986.7489,3.7158291,80.336586,0.12830645,0.0
2022-02-03 04:00:00,53.97,298.80585,986.18384,3.0023003,79.15209,0.0018253922,0.0
2022-02-03 05:00:00,53.93,299.30847,985.3906,2.894018,77.50428,0.0029206276,0.0
2022-02-03 06:00:00,53.6,299.9176,984.78625,2.851958,74.677055,0.009171665,0.0
2022-02-03 07:00:00,53.53,300.74677,984.20483,3.2124343,71.63521,0.014200807,0.0
2022-02-03 08:00:00,53.5,300.84195,984.0,3.0161407,71.544624,0.021710992,0.0
2022-02-03 09:00:00,53.02,300.65866,984.3044,2.3495069,73.95082,0.0,0.0
2022-02-03 10:00:00,52.75,300.24017,984.90564,1.4294487,78.35976,0.0,0.0
2022-02-03 11:00:00,53.31,299.47284,985.55975,1.315969,84.411705,0.0,0.0
2022-02-03 12:00:00,54.87,299.29944,986.20917,1.7832435,83.657715,0.0,0.0
2022-02-03 13:00:00,55.77,298.9344,986.5044,2.1173882,84.81919,0.0,0.0
2022-02-03 14:00:00,55.41,298.53714,986.8111,2.0681586,86.42826,0.0,0.0
2022-02-03 15:00:00,55.02,298.19116,986.52924,2.1326592,87.48878,0.0,0.0
2022-02-03 16:00:00,55.19,298.08795,986.21924,2.3119776,87.7339,0.0,0.0
2022-02-03 17:00:00,55.38,298.09918,985.8166,2.4528637,87.60603,0.0019222498,0.0
2022-02-03 18:00:00,54.79,297.90314,985.512,2.6007686,88.002625,0.017517827,0.0
2022-02-03 19:00:00,54.26,298.47668,985.1202,2.8602927,86.25527,0.0,0.0
2022-02-03 20:00:00,54.29,298.29398,985.21826,2.890479,86.93797,0.0,0.0
2022-02-03 21:00:00,54.94,298.11475,985.867,2.9003437,87.807205,0.0,0.0
2022-02-03 22:00:00,55.47,298.1234,986.40015,2.8377728,88.473465,0.0,0.0
2022-02-03 23:00:00,56.14,299.35815,987.16846,3.049828,84.837166,0.0,0.0
2022-02-04 00:00:00,57.29,301.10437,987.4522,3.9235885,77.22121,1.0320634,0.0
2022-02-04 01:00:00,58.08,302.53522,987.42487,4.84662,70.32275,0.0,0.0
2022-02-04 02:00:00,59.03,303.42554,987.38495,6.05049,66.513824,0.08618459,0.0
2022-02-04 03:00:00,59.7,303.99103,987.0904,6.1744156,66.220436,0.013854355,0.0
2022-02-04 04:00:00,60.01,304.58133,986.2261,5.8771276,65.12151,0.004719943,0.22999999
2022-02-04 05:00:00,61.1,304.40936,985.72095,5.5361576,64.85908,0.0513345,0.54999995
2022-02-04 06:00:00,61.96,303.22772,985.298,5.6477437,69.84394,0.24578348,0.0
2022-02-04 07:00:00,61.03,303.72778,985.1758,6.607891,67.1101,0.0026926282,0.0
2022-02-04 08:00:00,59.96,303.7605,985.27344,6.5123262,67.32642,0.14954805,0.0
2022-02-04 09:00:00,59.23,302.39877,985.9389,4.8923526,74.96111,0.46527392,0.0
2022-02-04 10:00:00,59.09,301.86108,987.0798,3.8374004,77.115105,0.006392598,0.0
2022-02-04 11:00:00,58.89,301.11166,987.98315,4.238651,79.30348,0.016823411,0.0
2022-02-04 12:00:00,58.51,300.5244,988.91174,4.4425235,81.06119,0.051036477,0.0
2022-02-04 13:00:00,57.66,299.99332,989.0595,3.3655493,83.421364,0.067323446,0.0
2022-02-04 14:00:00,57.37,299.571,989.76654,2.8567016,85.719986,0.004887581,0.0
2022-02-04 15:00:00,57.78,298.98505,989.5172,3.1972332,87.62507,0.5106181,0.0
2022-02-04 16:00:00,58.09,298.75964,989.33203,3.4503767,88.306366,0.4222095,0.0
2022-02-04 17:00:00,57.49,298.534,988.79193,3.2245743,88.93377,0.04078448,0.0
2022-02-04 18:00:00,55.76,298.271,988.84143,2.729695,89.8004,0.16376376,0.0
2022-02-04 19:00:00,54.53,298.7977,988.65405,2.4750826,87.608795,0.02598227,0.0
2022-02-04 20:00:00,54.03,298.5379,988.85547,2.4534822,88.88321,0.0021450687,0.0
2022-02-04 21:00:00,53.64,298.28268,989.1026,2.694628,89.906425,0.0,0.0
2022-02-04 22:00:00,53.35,298.23932,989.5821,2.699245,90.43586,0.002115965,0.0
2022-02-04 23:00:00,53.09,299.41266,990.15796,3.2374282,85.599625,0.0,0.0
2022-02-05 00:00:00,54.52,300.74332,990.4319,3.7448401,79.58143,2.433014,0.0
2022-02-05 01:00:00,54.88,301.87396,990.34546,3.5848513,76.452225,0.0,0.0
2022-02-05 02:00:00,54.91,302.80228,990.0748,3.3025112,74.91641,0.030323863,0.0
2022-02-05 03:00:00,53.88,303.94315,989.2268,2.8290155,67.53964,0.05537644,0.0
2022-02-05 04:00:00,52.54,303.7952,988.72107,2.471938,65.492645,0.0089891255,0.0
2022-02-05 05:00:00,51.97,303.4264,988.3049,1.7621864,66.80917,0.05262345,0.0
2022-02-05 06:00:00,52.2,303.3155,988.35693,1.4093959,68.88991,0.52227825,0.0
2022-02-05 07:00:00,52.17,304.58624,987.4825,2.6389253,62.499374,0.37935376,0.0
2022-02-05 08:00:00,53.05,304.43268,987.1794,1.9999357,63.99836,0.052373156,0.0
2022-02-05 09:00:00,54.45,303.8993,987.1011,1.4177073,66.446556,0.15029311,0.0
2022-02-05 10:00:00,55.56,302.8408,988.4232,2.1815188,73.490234,0.41439384,0.0
2022-02-05 11:00:00,56.41,300.98505,989.4066,2.4403121,80.86593,2.1091475,0.0
2022-02-05 12:00:00,57.46,299.91522,990.2848,2.2729874,86.66875,4.15986,1.6199999
2022-02-05 13:00:00,57.63,299.23538,990.7318,2.0189583,90.507195,4.039779,2.36
2022-02-05 14:00:00,58.21,298.8717,991.4736,1.8209385,91.96163,3.251925,1.7099999
2022-02-05 15:00:00,58.12,298.27686,991.4764,1.4513328,92.81073,2.075338,0.21
2022-02-05 16:00:00,58.38,298.0121,990.9879,1.2246399,93.32976,0.4261881,1.8499999
2022-02-05 17:00:00,58.22,298.0,990.5097,1.09218,93.23784,0.30373037,1.14
2022-02-05 18:00:00,57.57,297.91095,990.2011,0.47240308,94.22779,0.22493303,0.03
2022-02-05 19:00:00,56.07,298.07758,989.8331,2.1190605,91.293755,0.0031888485,0.0
2022-02-05 20:00:00,54.6,298.10333,989.6768,2.103138,90.619286,0.0017881393,0.0
2022-02-05 21:00:00,53.23,297.85757,990.07556,2.1510136,91.10508,0.001296401,0.0
2022-02-05 22:00:00,51.54,297.82678,990.5748,1.7909694,91.67703,0.0,0.0
2022-02-05 23:00:00,50.07,299.1633,991.14294,1.7178833,84.99606,0.0,0.0
2022-02-06 00:00:00,50.96,300.48798,991.5698,1.8117877,81.218994,18.28586,0.0
2022-02-06 01:00:00,51.11,301.59103,991.4275,1.6951303,77.451935,0.0,0.0
2022-02-06 02:00:00,51.89,302.59512,991.3175,1.4936836,75.09916,0.11746213,0.0
2022-02-06 03:00:00,52.8,303.245,990.6146,1.4413786,73.81555,0.22184849,0.0
2022-02-06 04:00:00,52.3,303.6214,990.0288,0.8400509,67.148926,0.09152666,0.0
2022-02-06 05:00:00,51.05,304.01105,989.5757,0.8160248,66.90441,0.10345131,0.0
2022-02-06 06:00:00,50.48,304.1848,988.8917,0.6113394,65.02051,0.122874975,0.0
2022-02-06 07:00:00,50.97,305.1725,988.0706,0.31316575,59.22712,0.012937177,0.0
2022-02-06 08:00:00,51.43,304.49463,987.96686,1.8581206,62.136692,0.091306865,0.0
2022-02-06 09:00:00,51.25,302.19785,988.8113,4.1189804,75.41598,1.6670483,0.0
2022-02-06 10:00:00,51.82,301.21185,989.5811,3.1149185,78.589005,2.036817,0.0
2022-02-06 11:00:00,52.39,300.52588,990.54767,2.6335776,81.5718,2.3596213,0.0
2022-02-06 12:00:00,53.48,300.12952,991.0343,2.0523968,83.61458,0.93532586,0.0
2022-02-06 13:00:00,54.36,299.74292,991.5544,1.4889821,85.87731,0.14538504,0.0
2022-02-06 14:00:00,54.67,299.29846,992.24963,1.1735967,88.26476,0.052443705,0.0
2022-02-06 15:00:00,53.92,298.7375,992.03534,0.50852937,89.991135,1.6448647,0.0
2022-02-06 16:00:00,53.7,298.38977,991.955,0.8185474,91.64262,0.68866557,0.0
2022-02-06 17:00:00,52.88,298.0145,991.3663,1.219839,93.56637,0.8572042,0.0
2022-02-06 18:00:00,52.76,297.6361,990.9824,1.0889211,94.80891,0.93603134,0.0
2022-02-06 19:00:00,52.64,297.61578,991.5028,1.450335,93.9621,0.5595237,0.0
2022-02-06 20:00:00,52.01,297.49896,991.5206,1.5457746,92.92587,0.60508025,0.0
2022-02-06 21:00:00,51.89,297.4513,992.0602,1.7628922,92.78724,0.040203333,0.0
2022-02-06 22:00:00,51.83,297.59033,992.2625,1.2795259,92.32471,0.0045597553,0.0
2022-02-06 23:00:00,51.7,298.61276,992.5047,1.938313,87.31124,0.0,0.0
2022-02-07 00:00:00,,299.96103,992.6838,2.4267197,82.174126,13.372091,0.0
2022-02-07 01:00:00,,301.29962,992.33325,2.6384916,76.851906,0.0,0.0
2022-02-07 02:00:00,,302.19714,992.1782,2.3120937,75.39231,0.033408403,0.0
2022-02-07 03:00:00,,302.9181,991.4302,1.6105155,74.91285,0.04339032,0.0
2022-02-07 04:00:00,,303.81012,990.9219,1.2977785,74.194466,0.08930266,0.0
2022-02-07 05:00:00,,304.6587,990.04767,1.4741883,68.12836,0.085588545,0.0
2022-02-07 06:00:00,,305.35184,989.08575,1.6261868,62.99201,0.048793852,0.0
2022-02-07 07:00:00,,305.20465,988.63763,2.188638,65.24823,0.018466264,0.0
2022-02-07 08:00:00,,305.34875,988.28455,2.9505317,61.336823,0.022262335,0.0
2022-02-07 09:00:00,,302.78973,988.85236,3.6779969,67.70071,2.3685768,0.0
2022-02-07 10:00:00,,301.89325,990.16455,1.8233118,73.91571,0.5500391,0.0
2022-02-07 11:00:00,,301.10358,990.7544,1.339272,78.182,0.44160336,0.0
2022-02-07 12:00:00,,300.63925,991.6,1.8146923,81.572205,0.09920448,0.0
2022-02-07 13:00:00,,300.14856,992.22986,1.8882865,85.14166,0.0667125,0.0
2022-02-07 14:00:00,,299.60284,992.84875,1.2825072,86.64558,0.35803765,0.0
2022-02-07 15:00:00,,299.1304,993.17346,0.58807576,88.19112,0.8470267,0.0
2022-02-07 16:00:00,,298.35175,993.1436,1.2391447,91.75138,1.692608,0.0
2022-02-07 17:00:00,,297.68726,992.6192,0.39189005,94.83995,1.3387501,0.0
2022-02-07 18:00:00,,297.64676,991.8864,0.4559056,92.549675,0.6728023,0.0
2022-02-07 19:00:00,,298.79395,990.95734,1.9765356,92.14318,0.004368834,0.0
2022-02-07 20:00:00,,298.5005,991.3346,1.3830775,94.08299,0.0,0.0
2022-02-07 21:00:00,,298.3752,991.3272,1.7088244,93.334915,0.47433376,0.0
2022-02-07 22:00:00,,298.04642,992.183,2.4504855,92.613396,0.30359626,0.0
2022-02-07 23:00:00,,298.89847,992.91235,4.1077147,87.58549,0.016584992,0.0
2022-02-08 00:00:00,48.18,299.87054,993.0694,4.199051,83.19536,9.598407,0.0
2022-02-08 01:00:00,48.03,300.81604,993.025,4.0615063,80.8051,0.0,0.0
2022-02-08 02:00:00,48.12,301.7343,992.8543,4.007365,80.19077,0.10494795,0.0
2022-02-08 03:00:00,48.08,302.5384,992.1387,3.7546823,78.99383,0.13974495,0.0
2022-02-08 04:00:00,48.36,303.03397,991.53827,3.473874,77.30183,0.117875636,0.0
2022-02-08 05:00:00,48.3,303.9301,990.3244,3.186192,69.272766,0.10380149,0.0
2022-02-08 06:00:00,48.15,304.48743,989.3445,2.9189901,67.477325,0.032965094,0.0
2022-02-08 07:00:00,47.56,304.58984,988.1864,0.84337133,63.439857,0.04496053,0.0
2022-02-08 08:00:00,46.67,304.59982,988.2453,1.4121982,62.070038,0.04224776,0.0
2022-02-08 09:00:00,46.32,303.8099,988.33716,1.2565044,62.882435,0.11147931,0.0
2022-02-08 10:00:00,46.89,302.7691,989.4764,1.4591491,68.58737,0.036612153,0.0
2022-02-08 11:00:00,47.75,301.9181,990.1736,1.6032903,75.98121,0.0,0.0
2022-02-08 12:00:00,49.56,301.23593,990.6428,2.013792,80.732086,0.0,0.0
2022-02-08 13:00:00,51.23,300.52695,991.1258,2.6540644,82.754845,0.0,0.0
2022-02-08 14:00:00,51.57,299.97256,991.50165,2.4593334,84.91071,0.0,0.0
2022-02-08 15:00:00,51.56,299.4452,991.3028,1.6991118,88.056,0.0,0.0
2022-02-08 16:00:00,52.23,298.90747,991.031,0.9555433,92.2125,0.09813905,0.0
2022-02-08 17:00:00,52.14,298.60004,990.47687,0.49241766,93.89821,0.31308836,0.0
2022-02-08 18:00:00,52.9,298.60742,990.02,1.3847231,91.88029,0.18082559,0.0
2022-02-08 19:00:00,53.14,298.47043,990.05347,2.5495436,91.597305,0.47425926,0.0
2022-02-08 20:00:00,52.98,298.372,990.1222,2.292174,92.59715,0.053584576,0.0
2022-02-08 21:00:00,51.22,298.209,989.97437,1.4805934,93.847015,0.0035017729,0.0
2022-02-08 22:00:00,50.52,298.1693,990.6992,1.2158269,94.85654,0.0,0.0
2022-02-08 23:00:00,50.9,299.34827,991.08545,1.1866806,89.29041,0.0,0.0
2022-02-09 00:00:00,51.06,300.73135,991.33563,0.75219375,81.71917,1.9623518,0.0
2022-02-09 01:00:00,50.19,301.92236,991.4747,0.46018353,77.09836,0.0,0.35999998
2022-02-09 02:00:00,48.7,303.14673,991.0861,0.6090864,71.79406,0.022118911,0.099999994
2022-02-09 03:00:00,47.34,304.1734,990.70776,0.9869827,68.27729,0.016469508,0.0
2022-02-09 04:00:00,45.92,304.94373,989.9997,0.9906626,66.66971,0.007938594,0.0
2022-02-09 05:00:00,45.41,305.58362,989.2951,0.91613454,64.081474,0.0064596534,0.0
2022-02-09 06:00:00,44.96,305.80936,988.4992,0.9809083,59.3151,0.0077709556,0.0
2022-02-09 07:00:00,43.88,306.53513,988.0886,2.0062852,53.263832,0.0,0.0
2022-02-09 08:00:00,43.59,306.47833,987.4764,2.1128297,52.715374,0.0,0.0
2022-02-09 09:00:00,43.29,306.3146,987.72046,2.242981,52.919014,0.0,0.0
2022-02-09 10:00:00,43.17,305.06284,988.21265,2.251382,62.087017,0.014320016,0.0
2022-02-09 11:00:00,44.53,303.5826,989.4721,2.4435759,70.93832,0.0,0.0
2022-02-09 12:00:00,45.7,302.51752,990.3388,2.3556907,76.227036,0.0,0.0
2022-02-09 13:00:00,46.72,301.86597,990.3931,2.5646064,78.14983,0.0,0.0
2022-02-09 14:00:00,47.36,301.4082,990.95233,2.6913679,79.10919,0.0,0.0
2022-02-09 15:00:00,48.3,300.95056,990.8136,2.6153922,80.68959,0.0,0.0
2022-02-09 16:00:00,48.98,300.46988,990.64624,2.7444956,82.53369,0.0,0.0
2022-02-09 17:00:00,48.25,299.937,990.3674,2.7210839,84.07409,0.0,0.0
2022-02-09 18:00:00,47.59,299.442,989.8975,2.3917065,85.275116,0.0,0.0
2022-02-09 19:00:00,47.49,298.62515,989.98157,1.3804982,88.89327,0.0,0.0
2022-02-09 20:00:00,47.24,298.3578,990.1272,1.1720878,90.768456,0.0,0.0
2022-02-09 21:00:00,48.1,298.1673,990.6951,0.8974794,91.010796,0.0,0.0
2022-02-09 22:00:00,48.71,298.03598,991.372,0.83063644,92.617256,0.0,0.0
2022-02-09 23:00:00,48.66,299.97534,992.2204,0.60541975,82.813286,0.0,0.0
2022-02-10 00:00:00,46.27,301.59552,992.56854,0.6315436,75.04088,0.08047289,0.0
2022-02-10 01:00:00,46.62,302.9571,992.827,0.87168753,69.766525,0.0,0.0
2022-02-10 02:00:00,47.4,304.18793,992.60565,1.2490915,64.90404,0.0,0.0
2022-02-10 03:00:00,48.15,305.23883,991.8699,1.74737,60.31083,0.0,0.0
2022-02-10 04:00:00,49.09,305.85345,991.27576,2.455897,57.676346,0.033423305,0.0
2022-02-10 05:00:00,49.79,306.44232,990.39795,2.8836753,56.26029,0.0027865171,0.0
2022-02-10 06:00:00,50.69,306.6114,989.78357,3.0528193,55.879665,0.0,1.18
2022-02-10 07:00:00,50.65,307.11948,989.2029,2.9111242,50.58707,0.045382977,1.4599999
2022-02-10 08:00:00,49.15,305.64984,989.31415,3.5650265,55.3788,0.82594156,0.77
2022-02-10 09:00:00,47.74,304.50067,989.78656,2.6237462,61.0443,0.096052885,0.28
2022-02-10 10:00:00,46.5,303.79425,990.4478,1.1235237,65.65202,0.0,0.0
2022-02-10 11:00:00,46.13,303.00647,991.11194,0.5387765,72.3818,0.0,0.0
2022-02-10 12:00:00,45.36,302.65683,991.54065,0.6858434,74.00772,0.0,0.0
2022-02-10 13:00:00,44.16,301.97174,991.6951,0.8963184,79.18204,0.0,0.0
2022-02-10 14:00:00,44.6,301.4691,991.9112,1.0173131,81.45652,0.0,0.0
2022-02-10 15:00:00,46.23,301.48828,991.82385,0.78541535,78.00692,0.0,0.0
2022-02-10 16:00:00,48.18,301.1807,991.34186,0.7666268,77.98593,0.0,0.0
2022-02-10 17:00:00,49.37,300.52686,991.1326,0.8600621,82.97686,0.0,0.0
2022-02-10 18:00:00,50.69,300.06592,990.9357,1.5936395,86.41697,0.0,0.0
2022-02-10 19:00:00,51.29,299.80148,991.7901,0.82888764,87.146866,0.0,0.0
2022-02-10 20:00:00,51.4,299.71506,991.8691,0.394705,87.21627,0.0,0.0
2022-02-10 21:00:00,51.81,299.64746,992.6545,0.536001,90.17276,0.0,0.0
2022-02-10 22:00:00,52.5,299.58478,993.55505,1.1185044,90.8598,0.0029951334,0.0
2022-02-10 23:00:00,53.1,300.60223,993.8936,0.87906486,84.594666,0.002577901,0.0
2022-02-11 00:00:00,52.75,301.8661,993.9625,0.57166904,76.60061,1.0109782,0.0
2022-02-11 01:00:00,54.05,302.84625,993.84656,0.63450855,72.01441,0.0,0.0
2022-02-11 02:00:00,54.65,303.7742,993.8136,1.2403021,69.91151,0.21087751,0.0
2022-02-11 03:00:00,54.5,304.48022,993.20874,1.667453,69.01715,0.27153268,12.44
2022-02-11 04:00:00,53.96,304.39014,992.54065,1.8445504,69.52139,0.3351383,4.21
2022-02-11 05:00:00,53.19,304.74628,991.47156,1.8501062,68.367645,0.73421,3.7399998
2022-02-11 06:00:00,51.52,304.71005,990.7275,1.3791629,67.313866,0.91326237,3.31
2022-02-11 07:00:00,50.56,305.62207,989.81134,3.1596487,58.260925,0.0013932586,0.0
2022-02-11 08:00:00,51.79,305.7286,989.22217,2.8919578,57.140614,0.0,0.0
2022-02-11 09:00:00,53.13,305.72034,989.1333,2.1024463,57.04009,0.0,0.0
2022-02-11 10:00:00,53.75,305.03033,989.85034,1.0418586,63.354557,0.0,0.0
2022-02-11 11:00:00,53.46,303.99356,990.6094,0.6486544,70.03042,0.0,0.0
2022-02-11 12:00:00,54.11,303.867,991.28143,0.32108146,66.37275,0.0,0.0
2022-02-11 13:00:00,53.55,302.7403,991.5725,0.731069,77.70518,0.0,0.0
2022-02-11 14:00:00,52.47,301.8891,991.9455,1.22381,83.231674,0.0,0.0
2022-02-11 15:00:00,51.28,301.48303,991.5324,2.0421176,82.41708,0.0,0.0
2022-02-11 16:00:00,50.51,300.90118,991.10266,2.3507302,84.22492,0.0,0.0
2022-02-11 17:00:00,50.51,300.34314,990.6114,1.9493986,86.19633,0.0,0.0
2022-02-11 18:00:00,51.5,299.87643,990.28485,1.7034354,88.38223,0.0,0.0
2022-02-11 19:00:00,,299.31415,990.3231,0.90209883,92.007515,0.0,0.0
2022-02-11 20:00:00,,299.26917,990.28925,1.4574294,91.15693,0.0,0.0
2022-02-11 21:00:00,,299.1607,991.0591,1.3755783,91.27261,0.0,0.0
2022-02-11 22:00:00,,298.92227,991.5351,0.6579871,93.23333,0.0,0.0
2022-02-11 23:00:00,,300.5506,991.9625,0.68412334,82.7171,0.0,0.0
2022-02-12 00:00:00,49.51,302.18146,992.188,0.9534911,74.34729,2.4686308,0.0
2022-02-12 01:00:00,48.52,303.9061,991.8756,1.0112842,66.36457,0.0,0.0
2022-02-12 02:00:00,47.85,305.42773,991.7389,1.0948879,60.299747,0.0,0.0
2022-02-12 03:00:00,46.54,306.63757,990.93744,1.1036754,55.643337,0.0,0.0
2022-02-12 04:00:00,44.17,307.51678,990.3336,1.6653092,51.402973,0.0027902424,0.0
2022-02-12 05:00:00,41.31,307.93262,989.4111,1.8750066,47.867435,0.0,0.0
2022-02-12 06:00:00,40.0,308.31342,988.6206,1.7094806,44.94217,0.0,0.0
2022-02-12 07:00:00,40.94,308.34357,988.0178,1.7694874,43.536682,0.0,0.0
2022-02-12 08:00:00,41.74,308.3371,987.53125,1.602247,41.611393,0.0,0.0
2022-02-12 09:00:00,42.43,308.0781,987.59796,1.6193855,43.192345,0.0,0.0
2022-02-12 10:00:00,44.24,306.0284,988.29266,2.658339,58.96617,0.0,0.0
2022-02-12 11:00:00,46.04,303.70135,989.06104,3.4237623,70.626884,0.0,0.0
2022-02-12 12:00:00,46.95,302.54865,989.96576,3.4377522,75.75863,0.0,0.0
2022-02-12 13:00:00,46.5,301.79782,990.1064,3.3479033,79.07506,0.0,0.0
2022-02-12 14:00:00,44.9,301.16003,990.497,3.1259298,82.14197,0.0,0.0
2022-02-12 15:00:00,42.69,300.56342,990.4739,2.971385,84.949936,0.0,0.0
2022-02-12 16:00:00,41.7,300.0303,990.21716,2.9713082,87.28527,0.0,0.0
2022-02-12 17:00:00,40.33,299.52756,990.01025,3.0555782,89.39058,0.0,0.0
2022-02-12 18:00:00,38.6,299.0808,989.8853,2.9592,90.89321,0.0,0.0
2022-02-12 19:00:00,37.29,298.2992,990.59937,2.4447017,92.381,0.0,0.0
2022-02-12 20:00:00,37.43,298.0391,990.7925,2.032452,93.27179,0.0,0.0
2022-02-12 21:00:00,37.67,297.79077,991.25726,1.5575663,94.34556,0.0,0.0
2022-02-12 22:00:00,37.88,297.6389,991.9894,1.0200622,95.82924,0.0,0.0
2022-02-12 23:00:00,36.89,299.245,992.49634,1.0161089,87.484055,0.0,0.0
2022-02-13 00:00:00,34.5,300.91888,992.6722,1.2689855,78.887924,0.0027865171,0.0
2022-02-13 01:00:00,34.11,302.67285,992.5975,1.3107375,71.318405,0.0,0.0
2022-02-13 02:00:00,33.89,304.41333,992.21954,1.3859601,64.209595,0.0,0.0
2022-02-13 03:00:00,33.28,305.90558,991.4611,1.567699,58.468826,0.0,0.0
2022-02-13 04:00:00,32.22,307.04272,990.6996,1.6021347,54.077328,0.0,0.0
2022-02-13 05:00:00,31.88,307.8705,989.89685,1.4545585,50.013817,0.0,0.0
2022-02-13 06:00:00,31.6,308.4449,989.08545,1.2377772,45.982845,0.0,0.0
2022-02-13 07:00:00,30.04,309.12646,988.622,0.48805276,38.964302,0.0,0.0
2022-02-13 08:00:00,28.34,309.12723,988.19556,0.67956275,36.736633,0.0,0.0
2022-02-13 09:00:00,27.13,308.84857,988.3536,0.70772463,36.7464,0.0,0.0
2022-02-13 10:00:00,28.33,307.62637,989.0798,0.4101847,43.986996,0.0,0.0
2022-02-13 11:00:00,30.75,306.83432,989.622,0.13152057,45.13932,0.0,0.0
2022-02-13 12:00:00,32.1,306.2641,990.4817,0.40052316,46.66292,0.0,0.0
2022-02-13 13:00:00,32.94,304.09494,990.9448,1.3374856,62.26759,0.0,0.0
2022-02-13 14:00:00,33.26,302.93707,991.2408,2.754469,65.79456,0.0,0.0
2022-02-13 15:00:00,34.33,301.49365,991.1308,3.5532637,71.5197,0.0,0.0
2022-02-13 16:00:00,35.49,300.62878,990.73615,4.30378,76.95957,0.0,0.0
2022-02-13 17:00:00,35.53,299.96463,990.53296,4.277986,82.94822,0.0,0.0
2022-02-13 18:00:00,35.98,299.57977,990.22144,3.8853705,85.60762,0.0,0.0
2022-02-13 19:00:00,36.73,299.2813,990.80237,2.9047852,88.26075,0.0,0.0
2022-02-13 20:00:00,37.25,299.12347,991.2525,2.7444093,88.90861,0.0,0.0
2022-02-13 21:00:00,37.33,298.97333,991.6675,2.7253268,89.58013,0.0,0.0
2022-02-13 22:00:00,37.46,298.9501,992.3984,2.7409382,90.35054,0.0,0.0
2022-02-13 23:00:00,36.45,300.5376,992.85345,2.9769108,85.66837,0.0,0.0
2022-02-14 00:00:00,34.41,302.3158,993.3212,3.0679586,79.88708,0.0025732678,0.0
2022-02-14 01:00:00,35.18,303.90546,993.15155,2.5886111,75.0186,0.0,0.0
2022-02-14 02:00:00,37.16,305.31348,992.9306,2.0485098,70.31906,0.0,0.0
2022-02-14 03:00:00,38.76,306.58722,992.0447,1.7783637,64.61905,0.0,0.0
2022-02-14 04:00:00,38.67,307.77133,991.28674,1.8541098,57.91115,0.0,0.0
2022-02-14 05:00:00,38.18,308.70798,990.5645,2.0772028,51.66821,0.0,0.0
2022-02-14 06:00:00,38.76,309.46155,989.91437,2.3606126,45.686993,0.0,0.0
2022-02-14 07:00:00,40.54,309.88156,990.0128,2.468312,36.659084,0.0,6.34
2022-02-14 08:00:00,42.46,308.92355,989.97516,1.827405,37.949173,0.1636371,20.869999
2022-02-14 09:00:00,43.95,308.53436,990.60065,0.21825606,38.531776,0.032894313,2.3
2022-02-14 10:00:00,44.65,306.11652,991.4536,4.004636,53.192043,0.0,1.0799999
2022-02-14 11:00:00,44.08,303.0844,992.215,5.0581856,65.62407,0.0,0.0
2022-02-14 12:00:00,42.65,301.66125,992.95953,4.833932,73.327255,0.0,0.0
2022-02-14 13:00:00,43.08,300.6317,993.22314,3.8639395,79.98733,0.0,0.0
2022-02-14 14:00:00,46.2,300.06915,993.52515,3.168134,83.88366,0.0,0.0
2022-02-14 15:00:00,49.19,299.51956,993.2575,2.680424,86.92798,0.0,0.0
2022-02-14 16:00:00,50.14,299.09393,993.1289,1.9831337,89.647446,0.0,0.0
2022-02-14 17:00:00,48.61,298.68634,992.85565,1.3750087,92.54991,0.0,0.0
2022-02-14 18:00:00,46.61,298.56747,992.65594,1.3252591,93.41657,0.0,0.0
2022-02-14 19:00:00,43.57,297.9589,992.95294,0.977239,90.79245,0.0,0.0
2022-02-14 20:00:00,42.33,297.53406,992.9164,0.84882456,93.764206,0.0,0.0
2022-02-14 21:00:00,40.74,297.34274,993.46906,0.7122813,94.75178,0.0,0.0
2022-02-14 22:00:00,40.1,297.62143,994.25287,0.14748552,91.17893,0.0,0.0
2022-02-14 23:00:00,40.14,298.7078,994.8078,0.19911303,86.01127,0.0,0.0
2022-02-15 00:00:00,40.01,300.15088,995.11884,0.27894998,79.891045,0.19911008,0.0
2022-02-15 01:00:00,40.09,301.80942,994.8745,0.633836,74.175896,0.0,0.0
2022-02-15 02:00:00,40.85,303.50653,994.52454,1.1599746,67.83803,0.0,0.0
2022-02-15 03:00:00,42.57,305.03558,993.6814,1.6493698,61.536606,0.0,0.0
2022-02-15 04:00:00,43.4,306.25208,992.8354,1.9701984,56.42183,0.004388392,0.0
2022-02-15 05:00:00,42.99,307.1148,991.7383,2.1873453,51.90016,0.022359192,0.0
2022-02-15 06:00:00,42.8,307.64917,990.69025,2.2644346,49.513393,0.020489097,0.29
2022-02-15 07:00:00,43.63,308.61493,990.1104,3.554721,44.888832,0.021699075,1.0899999
2022-02-15 08:00:00,43.75,307.664,989.55133,4.253601,46.1223,0.211972,1.7199999
2022-02-15 09:00:00,44.55,304.72974,990.6291,2.9325254,57.438923,1.2695193,0.0
2022-02-15 10:00:00,44.98,304.34625,991.1472,0.42946488,61.180286,0.0,0.0
2022-02-15 11:00:00,45.9,303.0862,991.89514,1.7562183,68.9842,0.039219856,0.0
2022-02-15 12:00:00,46.75,301.4277,992.64197,4.218134,77.23508,0.019088387,0.0
2022-02-15 13:00:00,45.7,300.34033,992.7703,4.1787977,80.05157,0.0,0.0
2022-02-15 14:00:00,45.86,299.8194,992.51935,2.794893,81.556694,0.0,0.0
2022-02-15 15:00:00,46.22,299.44202,992.0586,2.1055782,83.934395,0.0,0.0
2022-02-15 16:00:00,45.3,299.00232,991.27673,1.7328353,86.647385,0.0,0.0
2022-02-15 17:00:00,44.34,298.5587,990.60126,1.4651338,89.36488,0.0,0.0
2022-02-15 18:00:00,43.15,298.17828,990.2751,1.1939746,91.87298,0.0,0.0
2022-02-15 19:00:00,42.46,298.15668,991.08844,1.9161996,89.45761,0.0,0.0
2022-02-15 20:00:00,41.25,297.6571,991.0374,1.7138542,92.64017,0.0,0.0
2022-02-15 21:00:00,40.19,297.19904,991.6234,1.0810425,95.57411,0.0,0.0
2022-02-15 22:00:00,38.61,297.5915,992.4839,0.44301492,93.0246,0.0,0.0
2022-02-15 23:00:00,37.98,299.22455,993.06555,1.0145179,87.12541,0.0,0.0
2022-02-16 00:00:00,37.7,301.57568,993.39594,1.6931529,70.98986,1.6087353,0.0
2022-02-16 01:00:00,37.53,303.31235,993.5198,1.7777804,59.48228,0.0,0.0
2022-02-16 02:00:00,36.41,304.80182,992.9895,1.8740084,51.104664,0.0,0.0
2022-02-16 03:00:00,35.42,306.20837,992.2372,2.2425745,44.598137,0.0,0.0
2022-02-16 04:00:00,34.82,307.425,991.1325,2.6231546,38.716858,0.0,0.0
2022-02-16 05:00:00,35.44,308.15042,989.9758,2.7811646,34.31762,0.0,0.0
2022-02-16 06:00:00,36.75,308.83124,989.09595,3.4741147,31.663122,0.0,0.0
2022-02-16 07:00:00,36.74,309.3213,988.4906,2.9811962,30.117363,0.0,0.0
2022-02-16 08:00:00,35.85,309.3603,988.09393,3.351755,29.536938,0.0,0.0
2022-02-16 09:00:00,34.7,308.08536,988.2672,2.9254832,38.72672,0.0,0.0
2022-02-16 10:00:00,33.8,306.055,988.8311,3.115792,48.76746,0.0,0.0
2022-02-16 11:00:00,33.32,303.68646,989.38135,3.0742745,57.993008,0.0,0.0
2022-02-16 12:00:00,33.23,302.3978,989.6436,3.3333166,62.12563,0.0,0.0
2022-02-16 13:00:00,32.98,301.54047,989.6825,3.7362344,62.6343,0.0,0.0
2022-02-16 14:00:00,32.49,300.86633,990.1806,3.8101542,62.342514,0.0,0.0
2022-02-16 15:00:00,32.09,300.53284,989.85596,3.205413,64.04084,0.0,0.0
2022-02-16 16:00:00,30.89,300.1301,989.5203,2.7300525,67.27871,0.0,0.0
2022-02-16 17:00:00,28.78,299.69983,989.1788,2.8574677,68.465225,0.0,0.0
2022-02-16 18:00:00,26.69,298.98807,989.0656,2.5292084,72.656235,0.0,0.0
2022-02-16 19:00:00,25.8,297.94086,989.3209,1.9952428,77.40123,0.0,0.0
2022-02-16 20:00:00,26.17,297.14783,989.52484,1.7780161,81.28064,0.0,0.0
2022-02-16 21:00:00,26.84,296.5952,989.86346,1.8476932,82.760635,0.0,0.0
2022-02-16 22:00:00,27.16,296.5285,990.6947,1.5211747,84.75699,0.0,0.0
2022-02-16 23:00:00,27.35,298.8882,991.3273,1.335678,71.775764,0.0,0.0
2022-02-17 00:00:00,26.13,301.43256,991.8607,1.8877064,59.758312,0.0,0.0
2022-02-17 01:00:00,26.25,304.29065,992.08044,2.471628,46.276836,0.0,0.0
2022-02-17 02:00:00,26.81,306.7312,991.6086,2.8052106,35.124702,0.0,0.0
2022-02-17 03:00:00,27.51,308.3125,990.7381,2.705532,28.835693,0.0,0.0
2022-02-17 04:00:00,28.08,309.25854,990.1131,2.410852,26.969433,0.0,0.0
2022-02-17 05:00:00,28.22,309.97885,989.2467,2.44801,25.94254,0.0,0.0
2022-02-17 06:00:00,28.14,310.6848,988.59985,3.3885036,24.4139,0.0,0.0
2022-02-17 07:00:00,28.28,311.4756,988.3494,5.761398,21.547438,0.0,0.0
2022-02-17 08:00:00,27.5,311.01788,987.895,5.184334,23.189926,0.0,0.0
2022-02-17 09:00:00,26.36,309.47498,987.9443,3.7826443,31.068779,0.0,0.0
2022-02-17 10:00:00,25.67,307.37302,988.20874,3.0262234,39.42685,0.0,0.0
2022-02-17 11:00:00,26.24,305.025,988.85767,2.284158,52.731567,0.0,0.0
2022-02-17 12:00:00,28.82,303.41193,989.1832,1.9960002,59.97656,0.0,0.0
2022-02-17 13:00:00,31.55,302.30994,989.51447,2.2257307,60.948814,0.0,0.0
2022-02-17 14:00:00,33.47,301.77853,990.16907,2.6813705,58.853214,0.0,0.0
2022-02-17 15:00:00,35.32,301.3532,990.2056,3.01148,58.485733,0.0,0.0
2022-02-17 16:00:00,36.46,301.01807,990.2632,3.3019743,58.289707,0.0,0.0
2022-02-17 17:00:00,37.94,300.73615,989.98047,3.1628494,60.43241,0.0,0.0
2022-02-17 18:00:00,39.04,300.41827,989.6203,3.058192,63.540123,0.0,0.25
2022-02-17 19:00:00,39.85,299.45013,989.9194,2.6116147,67.17764,0.0,0.22
2022-02-17 20:00:00,40.09,298.69733,990.2528,2.2053804,72.61122,0.0,0.0
2022-02-17 21:00:00,39.69,298.1156,990.665,1.885911,77.102715,0.0,0.0
2022-02-17 22:00:00,39.85,297.93756,991.5785,1.8208773,78.80989,0.0,0.0
2022-02-17 23:00:00,40.88,300.1515,992.3237,1.4613153,69.590675,0.0,0.0
2022-02-18 00:00:00,40.67,302.77307,992.8184,1.6298509,57.73453,0.0,0.0
2022-02-18 01:00:00,41.64,304.8899,992.8707,1.729273,50.519848,0.0,0.0
2022-02-18 02:00:00,42.32,306.63025,992.7227,1.6203368,44.812542,0.0,0.0
2022-02-18 03:00:00,43.42,307.72272,992.14514,1.2462397,40.874805,0.0,1.17
2022-02-18 04:00:00,43.92,308.91013,991.52484,1.6340703,37.808617,0.0,4.5
2022-02-18 05:00:00,44.68,310.02866,990.62115,2.983896,34.57377,0.0,1.8
2022-02-18 06:00:00,46.17,310.81586,989.6433,3.6743236,32.04213,0.0,0.0
2022-02-18 07:00:00,46.22,309.13647,989.65375,4.129338,37.149994,0.0013560057,0.0
2022-02-18 08:00:00,45.49,307.9677,990.47485,4.890152,40.699165,0.30380487,0.0
2022-02-18 09:00:00,45.6,306.5142,990.1022,4.0612454,46.675697,0.0018328428,0.0
2022-02-18 10:00:00,45.48,305.1764,990.64966,2.8022337,53.491776,0.0,0.0
2022-02-18 11:00:00,45.72,303.84735,991.2544,2.603307,60.285347,0.0,0.0
2022-02-18 12:00:00,46.21,302.96008,991.4355,3.342751,64.679886,0.0,0.0
2022-02-18 13:00:00,45.11,302.39948,991.66425,3.5874252,66.211525,0.0,0.0
2022-02-18 14:00:00,43.62,301.9049,992.16907,3.191658,68.17824,0.0,0.0
2022-02-18 15:00:00,41.88,301.16196,991.90656,2.9534078,71.42423,0.0,0.0
2022-02-18 16:00:00,40.42,300.51288,991.4369,2.6941154,74.62649,0.0,0.0
2022-02-18 17:00:00,40.24,299.8093,991.26025,2.20913,78.781265,0.0,0.0
2022-02-18 18:00:00,40.27,299.16022,991.1197,1.4228718,84.87965,0.0,0.0
2022-02-18 19:00:00,40.55,298.7831,991.02423,1.0121089,82.22639,0.0,0.0
2022-02-18 20:00:00,40.05,297.95023,991.50116,1.2153131,86.79179,0.0,0.0
2022-02-18 21:00:00,39.88,298.1161,991.96045,0.7904798,83.64954,0.0,0.0
2022-02-18 22:00:00,39.96,298.1992,992.53986,0.310898,82.59284,0.0,0.0
2022-02-18 23:00:00,38.8,299.6588,993.15625,0.2947322,77.81175,0.0,0.0
2022-02-19 00:00:00,36.34,301.83896,993.4659,0.9282957,68.31535,0.30702353,0.0
2022-02-19 01:00:00,36.44,303.76965,993.5157,1.578799,61.65527,0.0,0.0
2022-02-19 02:00:00,36.51,305.57886,993.0198,1.9427737,55.04372,0.0,0.0
2022-02-19 03:00:00,36.6,307.1515,992.3831,1.8200486,48.17526,0.0,0.0
2022-02-19 04:00:00,36.38,308.44897,991.4132,1.4037846,41.8431,0.0,0.0
2022-02-19 05:00:00,35.51,309.24017,990.49023,1.1129197,36.881416,0.0,0.0
2022-02-19 06:00:00,35.11,309.68787,989.8736,1.7145289,32.37589,0.0,0.0
2022-02-19 07:00:00,35.56,310.82693,988.9803,1.4114391,25.502449,0.0,0.0
2022-02-19 08:00:00,36.83,310.87146,988.4338,1.613941,24.357584,0.0,0.0
2022-02-19 09:00:00,38.35,310.58545,988.4881,1.6346463,24.726696,0.0,0.0
2022-02-19 10:00:00,38.4,308.9909,988.91156,0.34679344,31.922527,0.0,0.0
2022-02-19 11:00:00,38.48,306.8144,989.27234,1.0098796,54.79412,0.0,0.0
2022-02-19 12:00:00,39.59,305.40924,989.5627,1.4526932,51.88486,0.0,0.0
2022-02-19 13:00:00,40.37,303.62317,989.8882,1.6520953,64.29297,0.0,0.0
2022-02-19 14:00:00,39.12,302.47736,990.242,1.6737062,68.56955,0.0,0.0
2022-02-19 15:00:00,38.34,301.58313,990.08325,1.5299523,72.77902,0.0,0.0
2022-02-19 16:00:00,37.65,301.1668,989.72485,1.4861066,74.879005,0.0,0.0
2022-02-19 17:00:00,37.77,300.71375,989.2704,2.0689614,72.15644,0.0,0.0
2022-02-19 18:00:00,38.44,300.1929,989.11835,2.5446386,72.681526,0.0,0.0
2022-02-19 19:00:00,38.19,300.2992,989.65906,2.8140435,67.55177,0.0,0.0
2022-02-19 20:00:00,38.36,299.78436,989.90765,2.7391572,71.786316,0.0,0.0
2022-02-19 21:00:00,38.21,299.0553,990.3831,2.756214,76.74312,0.0,0.0
2022-02-19 22:00:00,37.06,298.6759,991.16266,2.6588178,81.03881,0.0,0.0
2022-02-19 23:00:00,36.64,300.27054,991.70294,2.7279828,77.946625,0.0,0.0
2022-02-20 00:00:00,35.06,302.49634,992.1833,3.4318392,72.28376,0.0,0.0
2022-02-20 01:00:00,34.29,304.87756,991.6937,4.1626015,59.694077,0.0,0.0
2022-02-20 02:00:00,33.62,307.02493,991.0287,4.079744,47.82659,0.0,0.0
2022-02-20 03:00:00,33.43,308.75272,989.97546,3.5670066,38.752426,0.0,0.0
2022-02-20 04:00:00,33.36,310.04114,989.04297,2.8107321,31.700596,0.0,0.0
2022-02-20 05:00:00,32.46,310.66553,988.0098,2.1198673,27.069477,0.0,0.0
2022-02-20 06:00:00,30.3,311.14954,987.10016,1.6838049,23.7872,0.0,0.0
2022-02-20 07:00:00,29.31,311.18585,986.61523,0.4187167,24.004627,0.0,0.0
2022-02-20 08:00:00,28.79,311.11365,985.7087,0.98891205,23.18217,0.0,0.0
2022-02-20 09:00:00,29.31,310.77234,986.0986,1.5539491,23.31447,0.0,0.0
2022-02-20 10:00:00,30.72,309.45435,986.1898,2.1651313,28.458038,0.0,0.0
2022-02-20 11:00:00,31.83,307.6434,986.9944,2.5734396,34.97216,0.0,0.0
2022-02-20 12:00:00,32.68,306.18704,987.3798,2.6274312,40.30086,0.0,0.0
2022-02-20 13:00:00,32.23,304.6063,987.7396,3.3088999,44.805126,0.0,0.0
2022-02-20 14:00:00,31.86,303.3813,988.10516,4.638943,50.82289,0.0,0.0
2022-02-20 15:00:00,32.06,302.40167,988.0351,5.0152574,63.166992,0.0,0.0
2022-02-20 16:00:00,32.23,301.75195,987.84546,4.6541224,70.02798,0.0,0.0
2022-02-20 17:00:00,33.37,301.3229,987.7556,4.959553,75.35555,0.0,0.0
2022-02-20 18:00:00,32.52,300.81677,987.52875,4.9973874,81.91129,0.0,0.0
2022-02-20 19:00:00,31.07,299.76477,988.09454,2.4443643,88.01298,0.0,0.0
2022-02-20 20:00:00,29.51,299.2502,988.11084,2.362862,91.83209,0.0,0.0
2022-02-20 21:00:00,28.35,298.84808,988.4102,2.465551,94.80211,0.0,0.0
2022-02-20 22:00:00,27.98,298.69336,988.8203,2.3355157,96.516815,0.0,0.0
2022-02-20 23:00:00,28.47,300.26147,989.3635,3.5695503,88.42363,0.0,0.0
2022-02-21 00:00:00,28.24,302.13666,989.71405,3.264737,76.94428,0.0,0.0
2022-02-21 01:00:00,28.35,303.99838,989.5079,2.8563888,64.566734,0.0,0.0
2022-02-21 02:00:00,28.44,305.92853,989.0067,2.1448607,53.19022,0.0,0.0
2022-02-21 03:00:00,28.45,307.6361,988.1189,1.5052441,44.783955,0.0,0.0
2022-02-21 04:00:00,27.23,309.1776,987.25854,1.1175977,37.988277,0.0,0.0
2022-02-21 05:00:00,25.54,310.23755,986.40314,0.79322535,32.567997,0.0,0.0
2022-02-21 06:00:00,24.83,311.07245,985.33875,0.67614824,27.856441,0.0,0.0
2022-02-21 07:00:00,25.41,311.84222,984.9955,1.389367,21.838415,0.0,0.0
2022-02-21 08:00:00,26.31,311.74133,984.4936,1.7033603,21.427834,0.0,0.0
2022-02-21 09:00:00,28.58,311.4478,984.9347,2.1770682,21.555712,0.0,0.0
2022-02-21 10:00:00,30.48,310.39645,985.5569,2.5834424,24.938158,0.0,0.0
2022-02-21 11:00:00,31.57,308.50565,986.1143,3.017259,30.51593,0.0,0.0
2022-02-21 12:00:00,31.6,306.96747,986.7861,3.267108,35.25963,0.0,0.0
2022-02-21 13:00:00,30.77,305.72083,987.1252,4.1451206,38.24807,0.0,0.0
2022-02-21 14:00:00,31.38,304.37134,987.495,5.026011,46.57083,0.0,0.0
2022-02-21 15:00:00,33.53,303.06415,987.6797,4.817367,56.93353,0.0,0.0
2022-02-21 16:00:00,34.68,302.3855,987.4986,4.517274,64.12348,0.0,0.0
2022-02-21 17:00:00,36.49,301.81152,987.52203,4.478228,70.12929,0.0,0.0
2022-02-21 18:00:00,37.51,301.29495,987.1945,4.5602503,74.781395,0.0,0.0
2022-02-21 19:00:00,38.03,299.9818,987.38983,3.3298016,73.66076,0.0,0.0
2022-02-21 20:00:00,36.96,299.48376,987.88116,2.5785956,78.95343,0.0,0.0
2022-02-21 21:00:00,37.08,299.03925,988.37006,1.5665661,84.29831,0.0,0.0
2022-02-21 22:00:00,,298.6153,989.38513,1.1216084,89.11355,0.0,0.0
2022-02-21 23:00:00,,300.37097,989.91797,1.2794455,80.11564,0.0,0.049999997
2022-02-22 00:00:00,29.71,302.13452,990.5062,1.9511445,74.092834,0.0,0.0
2022-02-22 01:00:00,30.64,304.44415,990.4321,2.728776,63.49112,0.0,0.0
2022-02-22 02:00:00,31.11,306.74493,989.9272,3.2282362,52.194847,0.0,0.0
2022-02-22 03:00:00,32.08,308.78876,989.0974,3.418086,42.114914,0.0,0.0
2022-02-22 04:00:00,33.5,310.21555,988.19885,3.1927404,34.67393,0.0,0.0
2022-02-22 05:00:00,34.18,310.73474,987.5511,2.07796,29.430017,0.0,0.0
2022-02-22 06:00:00,34.22,310.69366,986.878,1.3337735,28.197495,0.0,0.51
2022-02-22 07:00:00,33.58,310.4298,986.60156,2.6667612,28.968224,0.0,0.04
2022-02-22 08:00:00,34.11,310.0288,986.6155,2.9606102,30.473032,0.0,0.0
2022-02-22 09:00:00,35.25,308.8115,986.715,4.3720107,35.557014,0.01244247,0.0
2022-02-22 10:00:00,35.64,306.56094,987.74664,5.792846,46.308372,0.0,0.0
2022-02-22 11:00:00,35.78,304.97394,988.23724,5.4900737,53.787144,0.0,0.0
2022-02-22 12:00:00,36.37,304.18787,988.57135,5.4285116,56.81851,0.0,0.0
2022-02-22 13:00:00,36.84,303.63004,988.863,4.9601746,59.22502,0.0,0.0
2022-02-22 14:00:00,36.74,303.14386,989.42346,3.905816,62.919754,0.0,0.0
2022-02-22 15:00:00,38.11,302.6273,989.40173,3.4570925,67.068794,0.0,0.0
2022-02-22 16:00:00,40.05,302.10666,989.3261,3.35365,70.99141,0.0,0.0
2022-02-22 17:00:00,41.31,301.71252,989.22284,3.5674934,74.33253,0.0,0.0
2022-02-22 18:00:00,41.58,301.21973,989.16156,3.5703573,77.94423,0.0,0.0
2022-02-22 19:00:00,41.17,300.79358,988.5184,3.5464733,83.50069,0.0,0.0
2022-02-22 20:00:00,41.08,300.36127,989.0078,3.1367056,86.34678,0.0,0.0
2022-02-22 21:00:00,42.26,299.9981,989.35693,2.9331236,88.29937,0.0,0.0
2022-02-22 22:00:00,,299.87918,990.1794,2.6174903,88.96421,0.0,0.0
2022-02-22 23:00:00,,301.11884,990.7932,2.9696364,82.11864,0.0,0.0
2022-02-23 00:00:00,,302.8963,991.2333,2.885751,72.53684,0.014420424,0.0
2022-02-23 01:00:00,,305.11383,991.15564,3.0058234,60.68967,0.0,0.0
2022-02-23 02:00:00,,307.00858,990.7903,3.2340374,50.640114,0.0035092235,0.0
2022-02-23 03:00:00,,308.5266,989.74585,3.2241104,43.668427,0.0048577785,0.0
2022-02-23 04:00:00,,309.44592,989.0039,2.9955418,39.40689,0.0024437904,0.0
2022-02-23 05:00:00,,310.1356,988.2505,2.416046,36.428375,0.0,0.0
2022-02-23 06:00:00,,310.6643,987.2944,1.9916848,34.010605,0.0,0.0
2022-02-23 07:00:00,,310.66388,987.35345,4.529304,34.931286,0.0,0.0
2022-02-23 08:00:00,,309.89554,987.2272,4.7008953,36.136833,0.0,0.0
2022-02-23 09:00:00,,309.24997,988.3191,4.1195025,37.635452,0.028371809,0.0
2022-02-23 10:00:00,,304.4618,990.3842,4.3719354,55.500557,1.8406063,0.0
2022-02-23 11:00:00,,302.2871,991.35455,2.8573627,67.35183,1.5889109,0.0
2022-02-23 12:00:00,,302.55664,991.28,3.8095424,65.72125,0.0,0.0
2022-02-23 13:00:00,,302.1258,991.7595,4.033803,69.33571,0.018879771,0.0
2022-02-23 14:00:00,,301.48215,992.03107,4.599744,72.77751,0.18931925,0.0
2022-02-23 15:00:00,,300.6695,992.10455,5.064386,74.96797,0.25478005,0.0
2022-02-23 16:00:00,,300.00018,991.9192,4.168314,76.8095,0.1771301,0.0
2022-02-23 17:00:00,,299.83783,991.3111,2.1606576,77.90538,0.012770295,0.0
2022-02-23 18:00:00,,299.66315,990.6233,1.1578282,80.24236,0.017046928,0.0
2022-02-23 19:00:00,,300.3022,990.8706,2.7197924,82.75168,0.0034570694,0.0
2022-02-23 20:00:00,,300.068,990.64984,2.5105555,84.23027,0.0,0.0
2022-02-23 21:00:00,,299.74823,990.9489,2.1085389,86.19144,0.0,0.0
2022-02-23 22:00:00,,299.52325,991.575,1.8251407,88.106606,0.0,0.0
2022-02-23 23:00:00,,300.459,991.89685,3.064274,83.0346,0.0,3.9499998
2022-02-24 00:00:00,,301.94635,992.1972,4.0939503,74.39376,4.1436315,0.24
2022-02-24 01:00:00,,303.76822,992.1509,4.315182,62.83381,0.0,0.0
2022-02-24 02:00:00,,305.69226,991.6247,3.9830067,52.581924,0.0,0.0
2022-02-24 03:00:00,,307.30072,990.7981,3.3820155,45.744804,0.0,0.0
2022-02-24 04:00:00,,308.5204,989.95264,2.6471603,41.739006,0.0,0.0
2022-02-24 05:00:00,,309.43335,989.0327,1.9606323,38.65732,0.0,0.0
2022-02-24 06:00:00,,309.89722,988.28906,1.4203206,36.037956,0.0,0.0
2022-02-24 07:00:00,,309.88458,987.3337,1.7648356,36.96001,0.0,0.0
2022-02-24 08:00:00,,309.88153,987.3095,2.2043886,36.444263,0.003889203,0.0
2022-02-24 09:00:00,,309.15836,987.3767,1.9845186,38.158543,0.0075399876,0.0
2022-02-24 10:00:00,,305.0957,989.02795,3.7143886,51.72835,0.46601892,0.0
2022-02-24 11:00:00,,304.66754,989.5193,1.7314788,56.34171,0.0,0.0
2022-02-24 12:00:00,,304.16418,989.9054,1.7257392,60.905445,0.0,0.0
2022-02-24 13:00:00,,303.44336,989.909,2.573385,64.71816,0.0,0.0
2022-02-24 14:00:00,,302.66467,989.825,3.3374717,66.73643,0.0,0.0
2022-02-24 15:00:00,,302.10876,989.4325,4.015432,66.777885,0.0,3.04
2022-02-24 16:00:00,,301.7306,988.6314,4.689485,67.038956,0.0,11.73
2022-02-24 17:00:00,,301.1943,988.4373,4.85691,69.67481,0.0,2.12
2022-02-24 18:00:00,,300.7016,987.8836,4.3571577,73.254616,0.0,1.0899999
2022-02-24 19:00:00,,300.2126,988.3114,4.057228,73.57698,0.002115965,1.39
2022-02-24 20:00:00,,299.9929,988.7258,3.6120327,75.854416,0.0,1.5799999
2022-02-24 21:00:00,,299.61896,989.3875,2.6554856,79.989586,0.0,0.0
2022-02-24 22:00:00,,299.31433,990.02686,1.7869464,84.36704,0.0,0.0
2022-02-24 23:00:00,,300.73895,990.4599,2.1816468,79.501434,0.0,0.0
2022-02-25 00:00:00,44.7,302.48694,990.53546,3.2605865,74.413216,0.47956407,0.0
2022-02-25 01:00:00,44.24,304.44452,990.1266,3.1397405,67.096115,0.0,0.0
2022-02-25 02:00:00,44.1,306.15778,989.7481,2.5858462,58.90013,0.0063851476,0.0
2022-02-25 03:00:00,44.33,307.57825,989.1118,1.8894494,50.36958,0.007390976,0.0
2022-02-25 04:00:00,43.32,308.51712,988.27124,1.7529935,44.343773,0.0,0.0
2022-02-25 05:00:00,41.34,309.0056,987.69,2.2208278,39.812943,0.0,0.0
2022-02-25 06:00:00,39.38,309.4696,986.88367,2.5674677,37.508762,0.0,0.0
2022-02-25 07:00:00,38.0,308.6639,986.31085,3.2888298,42.36461,0.0,0.0
2022-02-25 08:00:00,36.91,308.63565,985.95795,3.087986,41.613235,0.0,0.0
2022-02-25 09:00:00,37.59,308.37628,986.161,2.6602843,41.41182,0.0,0.0
2022-02-25 10:00:00,38.53,307.48547,986.45,1.3015735,45.784424,0.0,0.0
2022-02-25 11:00:00,39.61,306.6153,987.20764,0.88790846,50.662308,0.0,0.0
2022-02-25 12:00:00,41.26,305.70874,987.5698,2.2803202,55.536842,0.0,0.0
2022-02-25 13:00:00,41.28,304.54187,987.6763,2.6960778,60.97394,0.0,0.0
2022-02-25 14:00:00,40.8,303.641,987.5681,2.5841906,64.702034,0.0,0.0
2022-02-25 15:00:00,41.95,303.03027,987.1827,2.4791007,67.29157,0.0,0.0
2022-02-25 16:00:00,42.32,302.25616,986.6131,2.2094827,70.57481,0.0,0.0
2022-02-25 17:00:00,41.36,301.40045,986.5173,1.6034304,76.904076,0.0,0.0
2022-02-25 18:00:00,39.73,301.12982,986.60455,3.30233,74.212364,0.0,0.0
2022-02-25 19:00:00,38.94,300.0912,986.20544,1.7228044,76.970566,0.0,0.0
2022-02-25 20:00:00,,299.22437,986.64374,1.7344561,81.07176,0.0,0.0
2022-02-25 21:00:00,,298.84546,987.1768,1.9564229,82.66922,0.0,0.0
2022-02-25 22:00:00,,298.55133,987.82,1.8083246,85.7261,0.0,0.0
2022-02-25 23:00:00,,300.23013,988.2436,1.9704708,78.35204,0.0,0.0
2022-02-26 00:00:00,34.7,302.36792,988.5181,2.6190748,66.523224,0.015515088,0.0
2022-02-26 01:00:00,33.78,304.5985,988.6775,2.69916,53.242958,0.0,0.0
2022-02-26 02:00:00,32.35,306.41217,988.2375,2.474779,41.689957,0.0,0.0
2022-02-26 03:00:00,31.47,308.0417,987.65985,2.1429784,34.72171,0.0,0.0
2022-02-26 04:00:00,31.61,309.31824,986.76013,2.226089,31.739012,0.0,0.0
2022-02-26 05:00:00,33.95,310.55176,986.09644,3.4334621,28.55552,0.0,0.0
2022-02-26 06:00:00,36.13,310.97147,985.44025,3.7977479,26.538906,0.0,0.0
2022-02-26 07:00:00,35.86,311.6016,984.4434,4.748139,25.503592,0.0,0.0
2022-02-26 08:00:00,34.82,311.72162,984.2444,4.900171,24.223862,0.0,0.0
2022-02-26 09:00:00,34.1,310.71976,984.4808,3.249919,26.95571,0.0,0.0
2022-02-26 10:00:00,34.25,309.30984,985.226,1.9361084,32.80431,0.0,0.0
2022-02-26 11:00:00,34.26,308.4543,985.7942,1.4273919,36.098392,0.0,0.0
2022-02-26 12:00:00,33.96,307.37704,986.56085,1.0192455,44.865944,0.0,0.0
2022-02-26 13:00:00,34.43,306.22614,986.77344,2.445954,43.92168,0.0,0.0
2022-02-26 14:00:00,35.33,304.17654,987.71216,4.8552213,52.01729,0.0,0.0
2022-02-26 15:00:00,36.38,302.4696,987.98267,5.2002306,67.415665,0.0,0.0
2022-02-26 16:00:00,,301.52002,988.0742,4.1699524,77.55211,0.0,0.0
2022-02-26 17:00:00,,301.08875,987.7672,3.6457841,81.71919,0.0,0.0
2022-02-26 18:00:00,,300.78278,987.19653,3.0991623,84.32273,0.0,0.0
2022-02-26 19:00:00,,300.7855,986.4333,1.7860255,70.59282,0.0,0.0
2022-02-26 20:00:00,,300.3188,986.28796,1.8873721,75.281746,0.0,0.0
2022-02-26 21:00:00,,300.0533,987.01935,1.5808346,79.986,0.0,0.0
2022-02-26 22:00:00,,299.64166,987.6097,1.0926858,86.470505,0.0,0.0
2022-02-26 23:00:00,,301.1446,988.4328,0.68369436,78.46864,0.0,0.0
2022-02-27 00:00:00,,303.13483,988.68304,1.3781005,68.59594,0.0,0.0
2022-02-27 01:00:00,,305.4809,988.5439,2.1327505,50.876278,0.0,0.0
2022-02-27 02:00:00,,307.0453,988.32404,2.825927,44.548237,0.0,0.0
2022-02-27 03:00:00,,308.26514,987.29565,3.401662,41.23165,0.0,0.0
2022-02-27 04:00:00,,309.37964,986.4391,4.7936745,37.94302,0.002346933,0.0
2022-02-27 05:00:00,,310.09125,985.3532,5.5953703,35.762093,0.0,0.0
2022-02-27 06:00:00,,310.52725,984.4953,6.049513,32.309265,0.0,0.0
2022-02-27 07:00:00,,309.99576,984.36646,7.73619,29.319817,0.005207956,0.0
2022-02-27 08:00:00,,308.65567,984.3077,6.214354,32.412323,0.0,0.0
2022-02-27 09:00:00,,307.6939,984.7324,4.2681403,35.550217,0.0,0.0
2022-02-27 10:00:00,,306.65607,985.61633,3.1424954,39.930202,0.0,0.0
2022-02-27 11:00:00,,305.50638,985.9905,2.9868329,44.40815,0.015750527,0.0
2022-02-27 12:00:00,,304.29453,986.5673,3.2136185,48.424038,0.0027865171,0.0
2022-02-27 13:00:00,,303.69678,986.53284,2.1145408,51.29632,0.0,0.0
2022-02-27 14:00:00,,303.48853,986.65533,1.5630102,53.69092,0.0,0.0
2022-02-27 15:00:00,,303.24335,986.65894,1.6441102,55.95039,0.0,0.0
2022-02-27 16:00:00,,302.92767,986.52124,1.7654092,57.237617,0.0,0.26
2022-02-27 17:00:00,,302.5165,986.26,1.5377656,61.283855,0.0,0.28
2022-02-27 18:00:00,,302.10034,986.09985,1.2396481,64.339775,0.0,1.16
2022-02-27 19:00:00,,300.33215,986.6678,2.5739422,72.87032,0.0,0.19
2022-02-27 20:00:00,,300.0528,987.0676,3.2048223,73.86024,0.05435944,0.53999996
2022-02-27 21:00:00,,299.9389,987.34216,3.1478703,74.48997,0.029802322,0.0
2022-02-27 22:00:00,,299.8462,988.077,3.2602472,75.35788,0.105559826,0.65999997
2022-02-27 23:00:00,,300.9397,988.3688,4.210514,70.567505,0.054270014,0.0
2022-02-28 00:00:00,,301.904,988.7344,4.940931,66.35307,0.2709508,0.0
2022-02-28 01:00:00,,302.7141,988.64435,5.5838194,63.356537,0.0,0.0
2022-02-28 02:00:00,,303.3501,988.58093,6.2664847,60.750217,0.022102147,0.0
2022-02-28 03:00:00,,303.73755,987.9998,6.1570992,59.10618,0.033456832,0.0
2022-02-28 04:00:00,,303.47473,987.3195,5.695337,60.504955,0.08976087,0.0
2022-02-28 05:00:00,,303.57645,986.23517,5.406655,60.749996,0.19824505,0.0
2022-02-28 06:00:00,,303.4749,985.83484,6.2464447,62.062614,0.3155917,0.0
2022-02-28 07:00:00,,302.7047,985.40466,4.5989804,62.97546,1.2559026,0.26999998
2022-02-28 08:00:00,,302.63174,985.4414,4.6957994,64.960464,0.98406523,0.29999998
2022-02-28 09:00:00,,302.3803,985.72876,4.490499,66.949356,0.19326061,1.4
2022-02-28 10:00:00,,301.71408,986.3781,4.800738,70.58244,0.21188706,3.27
2022-02-28 11:00:00,,300.99854,986.9275,5.955655,73.26536,0.21760911,6.2
2022-02-28 12:00:00,,300.4931,987.8664,6.537803,75.041435,1.2403873,11.98
2022-02-28 13:00:00,,300.1088,988.1164,6.6540046,77.181465,1.3603717,15.29
2022-02-28 14:00:00,,299.84048,988.30255,6.793204,79.431564,0.5285889,7.62
2022-02-28 15:00:00,,299.60294,987.8549,6.510852,80.67574,0.51504374,7.04
2022-02-28 16:00:00,,299.29333,987.5125,6.550985,81.98598,0.72444975,7.7699995
2022-02-28 17:00:00,,298.9829,986.96796,6.539847,83.281624,0.58598816,8.88
2022-02-28 18:00:00,,298.7901,986.7047,6.5717964,84.066536,0.7198155,7.7299995
2022-02-28 19:00:00,,298.32886,986.2046,6.2318325,88.31574,2.921507,9.709999
2022-02-28 20:00:00,,297.9389,986.20795,6.00156,90.715034,3.5117147,10.18
2022-02-28 21:00:00,,297.97598,986.67,5.968211,90.41134,4.401952,5.1899996
2022-02-28 22:00:00,,298.01315,987.55,5.9510965,90.13435,5.827293,0.67999995
2022-02-28 23:00:00,,298.2324,988.2378,5.9116464,89.653275,6.4625015,0.0
2022-03-01 00:00:00,,298.46213,988.78705,5.9167128,89.38362,37.481136,0.0
2022-03-01 01:00:00,57.79,298.79645,989.4003,6.138981,89.21647,0.0,0.16
2022-03-01 02:00:00,58.02,299.18265,989.28534,5.736234,88.42936,3.3594518,0.14
2022-03-01 03:00:00,58.13,299.63232,988.70935,5.800679,85.0473,1.7095022,0.77
2022-03-01 04:00:00,58.18,299.91623,987.82874,6.420993,83.49473,0.5780384,2.27
2022-03-01 05:00:00,57.6,300.85162,987.29297,7.0317044,78.59022,0.180237,2.81
2022-03-01 06:00:00,57.58,301.41138,986.71716,6.3301024,77.30117,0.07857382,0.77
2022-03-01 07:00:00,58.43,301.44843,986.6602,5.2638316,75.47088,0.6441027,0.45
2022-03-01 08:00:00,59.51,301.27466,986.71185,4.614372,78.261475,0.20711124,2.1399999
2022-03-01 09:00:00,59.99,300.69922,987.03937,5.627139,79.632774,0.468418,1.89
2022-03-01 10:00:00,60.61,300.06302,987.7023,5.9351516,80.106705,2.0647497,1.3499999
2022-03-01 11:00:00,61.26,299.38757,988.1364,5.9031534,82.64979,2.4033785,0.78
2022-03-01 12:00:00,61.2,298.94647,988.556,5.964686,84.71222,1.5849173,0.82
2022-03-01 13:00:00,,298.64337,989.2689,5.8964043,86.59714,0.5657226,1.0799999
2022-03-01 14:00:00,,298.56702,989.15015,5.8668427,87.56915,0.20559132,0.11
2022-03-01 15:00:00,,298.5562,989.25214,5.836135,87.65117,0.096321106,0.94
2022-03-01 16:00:00,,298.471,988.93335,5.4716573,88.06017,0.3800094,2.4099998
2022-03-01 17:00:00,,298.3581,988.3264,5.35426,88.07359,0.42167306,2.4899998
2022-03-01 18:00:00,,298.2033,987.9783,5.3389354,88.578766,0.068455935,0.84
2022-03-01 19:00:00,,297.99817,987.0825,5.2895284,88.98374,0.07599592,0.6
2022-03-01 20:00:00,,297.9654,987.62134,4.8939867,88.743034,1.0687709,0.21
2022-03-01 21:00:00,,297.97684,987.985,4.8397646,88.83783,0.123173,0.0
2022-03-01 22:00:00,,298.06152,988.76514,4.9323025,88.97301,0.0047385693,0.0
2022-03-01 23:00:00,,298.91156,989.60944,5.0018635,86.95805,0.029593706,0.0
2022-03-02 00:00:00,54.49,300.22314,990.0756,7.3177805,80.1266,20.672024,0.0
2022-03-02 01:00:00,55.18,301.52655,989.7567,7.7630916,73.74871,0.0,0.0
2022-03-02 02:00:00,55.61,302.5004,989.3826,7.139989,69.84664,0.026023947,0.0
2022-03-02 03:00:00,55.21,302.47125,989.12604,6.4973097,70.38583,0.07953495,0.0
2022-03-02 04:00:00,55.8,303.17096,988.59436,6.1250005,68.799614,0.13171136,0.0
2022-03-02 05:00:00,55.62,303.41962,987.6761,5.3367133,68.19451,0.07872656,0.0
2022-03-02 06:00:00,56.32,303.08627,986.88904,5.9234023,70.104164,0.7413291,0.0
2022-03-02 07:00:00,57.27,304.46594,986.2559,6.8570833,61.748833,0.13593212,0.0
2022-03-02 08:00:00,57.83,303.82083,986.52185,6.563891,65.126816,0.1584962,0.0
2022-03-02 09:00:00,57.88,302.3348,987.3557,5.895065,72.92238,0.011898577,0.0
2022-03-02 10:00:00,56.75,301.11407,988.1789,4.7389383,77.97583,0.0,0.0
2022-03-02 11:00:00,55.14,300.39462,988.4839,4.1684475,80.59126,0.0,0.0
2022-03-02 12:00:00,53.24,299.92145,989.14764,4.2886996,82.15041,0.0,0.0
2022-03-02 13:00:00,52.91,299.55252,989.74,4.2276635,83.47104,0.0,0.0
2022-03-02 14:00:00,53.26,299.2071,989.9302,4.26874,84.734566,0.0,0.0
2022-03-02 15:00:00,52.26,298.90775,989.7942,4.2878942,85.64827,0.0,0.0
2022-03-02 16:00:00,52.02,298.5691,989.1097,4.225999,86.500946,0.0,0.0
2022-03-02 17:00:00,51.32,298.32404,988.8119,4.100376,87.19061,0.0,0.0
2022-03-02 18:00:00,,298.1537,988.4791,4.0552015,87.79062,0.0,0.0
2022-03-02 19:00:00,,297.93982,988.71466,3.7505946,88.02013,0.0,0.0
2022-03-02 20:00:00,,297.76056,988.91156,3.627043,88.66958,0.0,0.0
2022-03-02 21:00:00,,297.72327,989.46234,3.7830362,88.88778,0.0,0.0
2022-03-02 22:00:00,,297.80624,990.1317,4.0526047,88.871086,0.0,0.0
2022-03-02 23:00:00,,298.87604,990.5503,4.311958,86.02588,0.0,0.0
2022-03-03 00:00:00,48.42,300.53723,990.83234,6.538232,78.343216,1.3738573,0.0
2022-03-03 01:00:00,48.66,301.78052,990.9517,6.591177,72.64434,0.0,0.0
2022-03-03 02:00:00,49.7,302.73184,991.062,6.591906,69.71106,0.15023537,0.0
2022-03-03 03:00:00,51.3,303.24023,990.38727,6.1600056,67.93939,0.05375594,0.0
2022-03-03 04:00:00,52.37,303.76123,989.4366,5.7005415,66.04821,0.009838492,0.0
2022-03-03 05:00:00,52.73,304.59406,988.3758,5.9644165,64.20931,0.080384314,0.0
2022-03-03 06:00:00,52.99,304.82178,987.6097,5.693866,64.20363,0.053986907,0.0
2022-03-03 07:00:00,52.78,303.7818,988.1646,6.9914865,65.03087,0.15087426,0.0
2022-03-03 08:00:00,52.98,301.52368,989.3906,6.420733,76.223305,0.57697296,0.0
2022-03-03 09:00:00,53.21,301.01605,989.0428,3.707184,78.98758,0.036689684,0.0
2022-03-03 10:00:00,52.74,300.79932,989.581,2.6135528,81.80171,0.0,0.0
2022-03-03 11:00:00,52.21,300.41663,990.2224,2.7919714,84.47378,0.0,0.0
2022-03-03 12:00:00,51.75,300.11523,990.8454,2.719412,85.68335,0.0,0.0
2022-03-03 13:00:00,50.66,299.77536,991.34076,2.418995,86.89939,0.0,0.0
2022-03-03 14:00:00,50.68,299.4497,991.3925,2.3578339,87.9889,0.0,0.0
2022-03-03 15:00:00,50.53,299.0866,991.32367,2.4661112,89.081085,0.0,0.0
2022-03-03 16:00:00,,298.7484,991.1742,2.6169853,90.14437,0.0,0.0
2022-03-03 17:00:00,,298.4389,990.6898,2.806549,91.13523,0.0,0.0
2022-03-03 18:00:00,,298.17273,990.42,2.7766395,92.17604,0.0,0.0
2022-03-03 19:00:00,,297.9263,990.7678,2.318878,93.251625,0.0,0.0
2022-03-03 20:00:00,,297.74872,991.1705,2.126424,94.334785,0.0,0.0
2022-03-03 21:00:00,,297.62976,991.7736,2.020675,95.081795,0.0,0.0
2022-03-03 22:00:00,,297.76947,992.41656,1.9762166,95.07172,0.0,0.0
2022-03-03 23:00:00,,298.91428,993.3103,2.9390574,90.29446,0.010639429,0.0
2022-03-04 00:00:00,47.89,300.51593,993.5164,3.9936552,82.036766,1.2526274,0.0
2022-03-04 01:00:00,48.31,301.64395,993.58813,3.806119,76.365944,0.0,0.0
2022-03-04 02:00:00,49.01,302.59018,993.21906,3.6483252,72.37624,0.14235266,0.0
2022-03-04 03:00:00,49.66,303.15253,992.53204,3.940444,70.21423,0.21518394,0.0
2022-03-04 04:00:00,50.03,303.80664,991.72516,3.8414423,68.77127,0.2689585,0.0
2022-03-04 05:00:00,50.19,304.14832,990.6197,3.57591,67.205635,0.09098649,0.0
2022-03-04 06:00:00,50.74,304.59586,989.98846,3.3963537,65.59667,0.112339854,0.0
2022-03-04 07:00:00,50.9,305.82983,989.6689,2.6783748,58.147358,0.0,0.0
2022-03-04 08:00:00,50.95,305.6408,989.37396,2.580132,59.24229,0.0,0.0
2022-03-04 09:00:00,50.97,305.1949,989.5344,2.4819453,61.44175,0.0,0.0
2022-03-04 10:00:00,50.29,304.07938,989.7516,1.870704,69.43831,0.0,0.0
2022-03-04 11:00:00,50.25,302.86154,990.4305,2.1031067,77.03855,0.0,0.0
2022-03-04 12:00:00,48.91,301.9298,991.2146,2.0480855,81.8714,0.0,0.0
2022-03-04 13:00:00,49.22,301.29626,991.5083,2.1284351,84.37496,0.0,0.0
2022-03-04 14:00:00,50.53,300.96478,991.72626,2.1284494,85.95954,0.0,0.0
2022-03-04 15:00:00,50.99,300.50366,991.1856,2.2275825,87.61279,0.0,0.0
2022-03-04 16:00:00,52.04,300.06155,990.7827,2.3257115,89.4296,0.0,0.0
2022-03-04 17:00:00,53.38,299.72104,990.35126,2.5225697,90.933586,0.0,0.0
2022-03-04 18:00:00,,299.42072,990.0421,2.7568705,92.24921,0.0,0.0
2022-03-04 19:00:00,,299.1357,990.075,2.8373415,92.02391,0.0,0.0
2022-03-04 20:00:00,,298.82098,990.5415,3.0034423,91.631226,0.0,0.0
2022-03-04 21:00:00,,298.3521,990.7927,2.9766092,89.4957,0.0,0.0
2022-03-04 22:00:00,,297.8566,991.3306,2.8564806,87.71335,0.0,0.0
2022-03-04 23:00:00,,298.56134,991.5811,3.2891617,81.21073,0.0,0.0
2022-03-05 00:00:00,46.16,299.7628,991.9136,3.2095807,76.671104,0.92484653,0.0
2022-03-05 01:00:00,45.57,301.23785,991.8918,2.7662246,72.7271,0.0,0.0
2022-03-05 02:00:00,45.9,302.80084,991.54083,2.5049632,67.75727,0.0,0.0
2022-03-05 03:00:00,45.86,304.1513,990.7489,2.2991543,62.955486,0.0,0.0
2022-03-05 04:00:00,46.68,305.22552,989.795,2.1927655,59.73295,0.0,0.0
2022-03-05 05:00:00,45.94,306.04474,988.9811,2.383408,57.808792,0.0,0.0
2022-03-05 06:00:00,44.91,306.61563,988.24786,2.528738,55.844624,0.0,0.0
2022-03-05 07:00:00,43.91,307.5423,987.79956,2.3921187,50.136364,0.0,0.0
2022-03-05 08:00:00,44.04,307.3084,987.9384,2.8723195,50.895023,0.0,0.0
2022-03-05 09:00:00,45.17,306.36096,987.8167,3.0179877,57.26797,0.0,0.0
2022-03-05 10:00:00,46.71,304.69617,988.4554,3.3368754,65.97349,0.0,0.0
2022-03-05 11:00:00,48.81,303.3615,988.91876,3.4382033,70.89815,0.0,0.0
2022-03-05 12:00:00,48.22,302.55005,989.33417,3.697956,72.856606,0.0,0.0
2022-03-05 13:00:00,47.54,301.82355,989.53,4.145936,74.00705,0.0,0.0
2022-03-05 14:00:00,46.68,301.31018,989.67615,4.3933086,74.438,0.0,0.0
2022-03-05 15:00:00,45.66,300.79288,989.4045,4.50151,74.94875,0.0,0.0
2022-03-05 16:00:00,44.66,300.3164,989.04456,4.401637,75.60635,0.0,0.0
2022-03-05 17:00:00,44.34,299.8688,988.5189,3.8084466,76.705246,0.0,0.0
2022-03-05 18:00:00,44.63,299.31076,988.69476,2.9076762,78.95863,0.0,0.0
2022-03-05 19:00:00,,298.6979,989.33276,2.317905,81.24636,0.0,0.0
2022-03-05 20:00:00,,298.37036,989.35455,2.1819432,82.24549,0.0,0.0
2022-03-05 21:00:00,,298.02356,989.8021,1.9817332,83.45076,0.0,0.0
2022-03-05 22:00:00,,297.79684,990.21924,1.8076943,84.38693,0.0,0.0
2022-03-05 23:00:00,,299.95172,990.84106,1.4551578,75.030914,0.0,0.0
2022-03-06 00:00:00,37.95,302.30814,991.15094,1.7893952,62.359364,0.0017225742,0.0
2022-03-06 01:00:00,37.94,304.0155,991.258,1.9864998,55.014767,0.0,0.0
2022-03-06 02:00:00,36.91,305.6418,990.7086,1.9914527,50.851524,0.0,0.0
2022-03-06 03:00:00,35.62,307.2918,989.9239,1.5788999,47.398785,0.0,0.0
2022-03-06 04:00:00,34.13,308.72842,988.96155,1.0728027,44.750645,0.0,0.0
2022-03-06 05:00:00,33.35,309.66223,987.90436,1.2110208,42.98944,0.0,0.0
2022-03-06 06:00:00,33.63,310.15198,987.05023,2.3066196,42.261147,0.0,0.0
2022-03-06 07:00:00,33.35,312.25836,986.13416,1.0351421,30.645126,0.0,0.0
2022-03-06 08:00:00,32.72,311.5849,986.0057,3.122246,36.11777,0.0,0.0
2022-03-06 09:00:00,32.01,309.01593,986.076,4.768772,52.049393,0.0,0.0
2022-03-06 10:00:00,31.41,305.96613,986.4291,5.2987304,62.898808,0.0,0.0
2022-03-06 11:00:00,31.95,304.17102,986.9758,5.071613,69.274925,0.0,0.0
2022-03-06 12:00:00,32.52,303.20386,987.7799,4.8004785,71.77039,0.0,0.0
2022-03-06 13:00:00,32.87,302.69186,988.2926,4.304304,72.01707,0.0,0.0
2022-03-06 14:00:00,32.34,301.664,988.75494,2.4338992,76.72202,0.0,0.0
2022-03-06 15:00:00,31.39,301.5343,989.37146,2.7244718,75.72009,0.0,0.0
2022-03-06 16:00:00,31.39,300.86017,989.5756,3.739485,80.92897,0.0,0.0
2022-03-06 17:00:00,31.55,300.5246,988.95056,3.4553018,82.42272,0.0,0.0
2022-03-06 18:00:00,31.99,300.20966,988.65045,3.0790758,84.11818,0.0,0.0
2022-03-06 19:00:00,,298.66205,988.4752,2.1102967,89.96468,0.0,0.0
2022-03-06 20:00:00,,298.33093,989.2317,2.046312,91.98611,0.0,0.0
2022-03-06 21:00:00,,298.1327,989.1877,2.0888693,92.90396,0.0,0.0
2022-03-06 22:00:00,,298.07147,989.9264,2.2879179,93.13299,0.0,0.0
2022-03-06 23:00:00,,300.04105,990.22565,2.3722048,86.80898,0.0,0.0
2022-03-07 00:00:00,36.77,302.74548,990.7522,2.722108,75.878075,0.0042885533,0.0
2022-03-07 01:00:00,37.79,305.05194,990.96643,2.969063,66.7183,0.0,0.0
2022-03-07 02:00:00,38.31,306.90176,990.3661,2.9256842,59.85781,0.0,0.0
2022-03-07 03:00:00,37.74,308.5313,989.7752,2.7641952,51.907146,0.0,0.0
2022-03-07 04:00:00,37.95,309.7887,989.2707,2.7817292,43.69857,0.0,0.0
2022-03-07 05:00:00,38.94,310.34183,988.40967,2.4972363,40.27397,0.001527369,0.0
2022-03-07 06:00:00,39.96,310.6186,987.70233,2.0757892,38.461777,0.0,0.0
2022-03-07 07:00:00,41.0,311.10516,987.1778,2.1187427,33.556683,0.0,0.0
2022-03-07 08:00:00,42.4,310.85562,987.19275,1.9267958,34.21047,0.0,0.0
2022-03-07 09:00:00,43.52,309.2692,987.16376,2.068909,45.06184,0.0,0.0
2022-03-07 10:00:00,44.11,306.75787,987.64844,2.7122273,55.55814,0.0,0.0
2022-03-07 11:00:00,44.43,304.97614,988.4254,2.44055,64.0125,0.0,0.0
2022-03-07 12:00:00,44.26,303.59528,988.86597,2.4674945,69.042435,0.0,0.0
2022-03-07 13:00:00,44.74,302.4402,989.5121,2.1736243,75.62939,0.0,0.0
2022-03-07 14:00:00,45.63,302.0921,989.8378,2.360404,76.84655,0.0,0.0
2022-03-07 15:00:00,45.47,301.64148,989.65826,2.6113906,78.082794,0.0,0.0
2022-03-07 16:00:00,45.04,301.22388,989.1742,2.6817906,78.775314,0.0,0.0
2022-03-07 17:00:00,45.72,300.84674,988.78284,2.5998294,79.2858,0.0,0.0
2022-03-07 18:00:00,46.26,300.45496,988.7453,2.2045734,81.19329,0.0,0.29999998
2022-03-07 19:00:00,,300.48828,989.66406,3.5826116,75.89789,0.040203333,0.38
2022-03-07 20:00:00,,300.2288,990.0853,4.376231,78.52804,0.0,0.0
2022-03-07 21:00:00,,299.9574,990.53326,5.2248135,85.64035,0.0,0.16
2022-03-07 22:00:00,,299.5445,990.97375,4.786499,91.38769,0.0,0.0
2022-03-07 23:00:00,,300.1023,991.67773,4.6702466,88.61561,0.0,0.0
2022-03-08 00:00:00,,301.31262,992.1897,4.430387,81.489525,0.044342875,0.0
2022-03-08 01:00:00,,302.93866,992.46716,4.1481695,74.00135,0.0,0.0
2022-03-08 02:00:00,,304.53925,991.818,3.9008586,67.18431,0.0,0.0
2022-03-08 03:00:00,,305.96298,991.3759,3.656194,61.470066,0.0,0.0
2022-03-08 04:00:00,,307.14517,990.47327,3.4829006,56.6873,0.0,0.0
2022-03-08 05:00:00,,308.06284,989.65717,3.493092,52.85666,0.0,0.0
2022-03-08 06:00:00,,308.78174,988.90735,3.5433135,49.876812,0.0,0.0
2022-03-08 07:00:00,,308.0524,989.20667,3.9588904,47.828907,0.0,0.0
2022-03-08 08:00:00,,307.79797,989.085,4.2529445,48.014584,0.0,0.0
2022-03-08 09:00:00,,306.4307,988.89703,4.1194186,55.843006,0.0,0.0
2022-03-08 10:00:00,,304.76483,989.55505,3.7087688,63.187183,0.0,0.0
2022-03-08 11:00:00,,303.57294,990.33405,3.7059495,68.47154,0.0,0.0
2022-03-08 12:00:00,,302.79413,991.2058,2.9068024,72.36483,0.0,0.0
2022-03-08 13:00:00,,301.95108,991.96576,2.147616,77.685455,0.015377998,0.0
2022-03-08 14:00:00,,301.45996,992.33875,2.3671434,79.66054,0.0706017,0.0
2022-03-08 15:00:00,,300.93738,992.3474,3.712516,80.859406,0.0072717667,0.0
2022-03-08 16:00:00,,300.4334,991.7594,4.43504,81.08795,0.0,0.0
2022-03-08 17:00:00,,300.3598,990.6946,4.2997937,78.876045,0.0,0.92999995
2022-03-08 18:00:00,,300.17346,990.2336,3.2823346,76.97426,0.0,0.39999998
2022-03-08 19:00:00,,299.51764,991.34,2.1950445,84.07765,0.001847744,1.41
2022-03-08 20:00:00,,299.2143,991.4625,2.0458214,86.186874,0.0,0.19
2022-03-08 21:00:00,,299.14246,991.5064,3.193638,85.75375,0.0,0.01
2022-03-08 22:00:00,,298.97833,991.7543,3.002464,85.935295,0.0,0.0
2022-03-08 23:00:00,,300.16754,992.0879,2.671702,81.513855,0.0,0.38
2022-03-09 00:00:00,42.93,301.99405,992.40063,2.595022,73.85397,0.095143914,0.0
2022-03-09 01:00:00,43.0,304.13998,992.4256,2.034101,64.784836,0.0,0.0
2022-03-09 02:00:00,43.59,305.78012,992.0679,1.2832562,54.751034,0.0,0.0
2022-03-09 03:00:00,44.32,306.8462,991.6037,1.2284868,51.020348,0.0,0.0
2022-03-09 04:00:00,44.88,307.66205,990.8374,1.3428159,48.35015,0.0,0.0
2022-03-09 05:00:00,44.3,308.20792,990.10455,1.1006566,46.066658,0.006791204,0.0
2022-03-09 06:00:00,44.92,308.63818,989.4402,1.0893681,43.74873,0.025700778,0.0
2022-03-09 07:00:00,43.78,307.97357,989.7611,1.3008299,43.674114,0.011220574,0.0
2022-03-09 08:00:00,43.74,307.80652,989.6025,1.7332865,43.602024,0.0019252293,0.0
2022-03-09 09:00:00,44.24,306.98654,989.7893,1.5549042,48.19508,0.0,0.0
2022-03-09 10:00:00,46.0,305.67838,990.72314,1.1655059,57.184643,0.0,1.14
2022-03-09 11:00:00,47.5,304.23724,991.5389,1.6670256,67.2135,0.0,4.45
2022-03-09 12:00:00,48.28,303.27435,991.9302,1.8987498,73.90326,0.0,3.13
2022-03-09 13:00:00,47.93,302.5176,992.33936,1.8031831,78.48975,0.0,0.85
2022-03-09 14:00:00,48.31,302.011,992.23846,2.4659026,79.6781,0.0,0.01
2022-03-09 15:00:00,48.11,301.5597,992.08203,3.3568685,79.65942,0.0,0.0
2022-03-09 16:00:00,46.73,301.102,991.6345,3.322955,80.57422,0.0,0.0
2022-03-09 17:00:00,,300.56198,991.46014,2.6850595,83.17075,0.0,0.08
2022-03-09 18:00:00,,300.16687,991.28485,2.1280951,85.82883,0.0,0.049999997
2022-03-09 19:00:00,,298.40448,991.13666,0.88020813,84.28605,0.0,0.0
2022-03-09 20:00:00,,297.9364,991.6312,1.0945634,88.55568,0.0,0.0
2022-03-09 21:00:00,,297.44067,992.2989,0.86953485,92.40592,0.0,0.0
2022-03-09 22:00:00,,297.68213,992.80695,0.52536637,88.27076,0.0,0.0
2022-03-09 23:00:00,,299.2907,993.37897,0.12522411,79.4249,0.0,0.0
2022-03-10 00:00:00,35.43,301.36102,993.5439,0.6302752,67.62389,0.047824405,0.0
2022-03-10 01:00:00,35.02,303.39597,993.3843,1.1872327,58.71101,0.0,0.0
2022-03-10 02:00:00,34.69,305.33154,992.5847,1.7013808,51.176888,0.0,0.0
2022-03-10 03:00:00,34.87,307.08588,991.9455,1.6653821,43.049446,0.0,0.0
2022-03-10 04:00:00,35.07,308.50574,990.94446,1.2220235,34.78296,0.0,0.0
2022-03-10 05:00:00,35.13,309.5428,989.96533,0.9771622,29.339275,0.0,0.0
2022-03-10 06:00:00,36.47,310.24878,989.0492,0.7845095,25.889751,0.0,0.0
2022-03-10 07:00:00,37.12,310.89905,988.9359,1.1075855,23.395973,0.0,0.0
2022-03-10 08:00:00,35.57,310.9619,988.7262,0.9939409,21.981363,0.0,0.0
2022-03-10 09:00:00,34.02,309.5713,988.76,1.6615976,30.760595,0.0,0.0
2022-03-10 10:00:00,33.38,307.07913,989.26776,2.7823262,41.17893,0.0,0.0
2022-03-10 11:00:00,32.92,304.4668,989.9161,3.4925478,49.930008,0.0,0.0
2022-03-10 12:00:00,32.75,302.66348,990.30975,3.720805,55.593597,0.0,0.0
2022-03-10 13:00:00,33.08,301.2777,990.83344,3.301577,61.164497,0.0,0.0
2022-03-10 14:00:00,32.73,300.02844,991.03735,2.5404625,67.65116,0.0,0.0
2022-03-10 15:00:00,32.07,298.926,991.2714,1.5330068,76.15042,0.0,0.0
2022-03-10 16:00:00,32.17,298.57535,991.08624,1.9145237,75.423256,0.0,0.0
2022-03-10 17:00:00,,298.2127,990.6116,2.7338607,74.76973,0.0,0.0
2022-03-10 18:00:00,,297.72363,990.12885,2.8375745,76.74844,0.0,0.0
2022-03-10 19:00:00,,296.97357,990.41406,1.7973918,86.292725,0.0,0.0
2022-03-10 20:00:00,,296.55585,990.6119,1.7163095,87.1957,0.0,0.0
2022-03-10 21:00:00,,296.30365,991.0605,2.026484,86.65642,0.0,0.0
2022-03-10 22:00:00,,295.96854,991.3031,1.9968402,87.439705,0.0,0.0
2022-03-10 23:00:00,,298.40594,991.6638,1.3458561,78.18816,0.0,0.0
2022-03-11 00:00:00,31.14,301.47107,991.9893,1.5245018,60.424156,0.0,0.0
2022-03-11 01:00:00,31.09,303.61746,992.17615,1.333855,50.916267,0.0,0.0
2022-03-11 02:00:00,30.71,305.2671,991.6893,0.77293533,45.934948,0.0,0.0
2022-03-11 03:00:00,30.48,306.8723,991.1694,0.63133574,40.849453,0.0,0.0
2022-03-11 04:00:00,30.13,308.47766,990.3306,0.85639954,34.7261,0.0,0.0
2022-03-11 05:00:00,30.59,309.83276,989.3259,1.2563591,29.550493,0.0,0.0
2022-03-11 06:00:00,31.42,310.70645,988.3777,1.2685946,26.43002,0.0,0.0
2022-03-11 07:00:00,31.6,311.3518,987.5439,1.9474002,25.604326,0.0,0.0
2022-03-11 08:00:00,30.76,311.18326,987.3842,2.871807,25.826862,0.0,0.0
2022-03-11 09:00:00,29.93,309.9355,987.21484,3.82216,31.130726,0.0,0.0
2022-03-11 10:00:00,30.25,307.56375,987.8744,4.353819,38.192375,0.0,0.0
2022-03-11 11:00:00,30.43,305.78137,988.51276,3.8878899,43.421196,0.0,0.0
2022-03-11 12:00:00,30.1,304.19202,989.02344,3.5724747,48.65016,0.0,0.0
2022-03-11 13:00:00,30.88,302.98044,989.54486,3.4888754,53.35905,0.0,0.0
2022-03-11 14:00:00,31.79,301.9604,989.7617,3.391236,58.309258,0.0,0.0
2022-03-11 15:00:00,31.78,301.00525,990.0693,3.0505292,63.504665,0.0,0.0
2022-03-11 16:00:00,31.88,300.25525,989.90625,2.7228236,67.632324,0.0,0.0
2022-03-11 17:00:00,,299.68613,989.6944,2.4283383,71.150246,0.0,0.0
2022-03-11 18:00:00,,299.18488,989.48486,2.400583,73.78738,0.0,0.0
2022-03-11 19:00:00,,297.9051,989.1795,2.0731142,78.095955,0.0,0.0
2022-03-11 20:00:00,,297.22113,989.91345,2.2172627,80.65738,0.0,0.0
2022-03-11 21:00:00,,296.78693,990.16156,2.2429247,82.07786,0.0,0.0
2022-03-11 22:00:00,,296.6007,990.9378,2.288181,83.09524,0.0,0.0
2022-03-11 23:00:00,,298.70975,991.7605,1.8503116,76.425896,0.0,0.0
2022-03-12 00:00:00,34.32,301.4743,992.405,2.1929305,67.504684,0.0,0.0
2022-03-12 01:00:00,34.65,303.92438,992.4481,2.8380435,59.2888,0.0,0.0
2022-03-12 02:00:00,35.11,305.9984,991.73883,3.1643727,51.182938,0.0,0.0
2022-03-12 03:00:00,35.83,307.60123,990.9506,2.9928987,44.40008,0.0,0.0
2022-03-12 04:00:00,36.63,308.84964,990.02,2.7661767,38.88464,0.0,0.0
2022-03-12 05:00:00,37.21,309.79663,989.015,2.7601879,35.13691,0.0,0.0
2022-03-12 06:00:00,38.23,310.06067,988.3647,2.5568764,33.46349,0.0,0.0
2022-03-12 07:00:00,38.02,311.0096,988.2199,2.2646732,27.520489,0.0,0.0
2022-03-12 08:00:00,38.09,310.78943,987.84814,2.4232173,27.573257,0.0,0.0
2022-03-12 09:00:00,39.17,310.28226,988.2319,2.388015,29.672417,0.0,0.0
2022-03-12 10:00:00,41.45,308.23694,988.84357,2.7056026,37.51594,0.0,0.0
2022-03-12 11:00:00,44.26,306.39838,989.7703,2.5679421,43.99902,0.0,0.0
2022-03-12 12:00:00,45.97,305.5741,990.74225,2.2569866,48.288433,0.0,0.0
2022-03-12 13:00:00,47.48,304.81506,991.29156,4.0683885,50.31383,0.0,0.0
2022-03-12 14:00:00,49.13,304.32837,991.5121,4.3302064,48.43967,0.0,0.0
2022-03-12 15:00:00,50.33,303.98486,991.3133,4.0154824,48.240654,0.0,0.0
2022-03-12 16:00:00,50.1,303.39722,991.2764,3.0861933,51.451897,0.0,0.0
2022-03-12 17:00:00,,302.62982,990.777,1.9219241,59.794,0.0,0.0
2022-03-12 18:00:00,,301.91232,991.08545,1.5341183,66.24516,0.0,0.0
2022-03-12 19:00:00,,299.81488,991.4065,2.1377578,76.730225,0.009080091,0.0
2022-03-12 20:00:00,,299.74344,991.9305,2.1194825,78.3606,0.005984306,0.0
2022-03-12 21:00:00,,299.61087,992.3731,1.8099676,80.70242,0.028550625,0.0
2022-03-12 22:00:00,,299.42688,993.04126,2.2013106,82.585785,0.03701448,0.0
2022-03-12 23:00:00,,300.50394,993.659,2.5290923,78.82978,0.0,0.0
2022-03-13 00:00:00,49.07,302.51495,994.1614,2.370587,69.86989,0.082435526,0.0
2022-03-13 01:00:00,48.56,304.75415,994.10815,2.1771178,58.41569,0.0,0.0
2022-03-13 02:00:00,47.92,306.57367,993.35187,1.6853685,49.90141,0.0,0.0
2022-03-13 03:00:00,47.27,308.09668,992.7784,1.633078,44.0274,0.0013336539,0.0
2022-03-13 04:00:00,46.52,309.386,991.6621,1.9537872,38.288483,0.006467104,0.0
2022-03-13 05:00:00,46.56,310.2538,990.5667,2.106484,34.564083,0.015966594,0.0
2022-03-13 06:00:00,45.87,310.6325,989.96216,1.896426,33.017235,0.016182661,0.0
2022-03-13 07:00:00,45.46,311.6377,989.40894,1.262054,28.179773,0.0,0.0
2022-03-13 08:00:00,45.48,311.3034,989.06555,2.5160928,28.336678,0.0055506825,0.0
2022-03-13 09:00:00,46.59,310.52042,988.9467,3.6291926,29.935253,0.0,0.0
2022-03-13 10:00:00,47.79,309.1751,990.01294,2.5518188,34.61708,0.019654635,0.17999999
2022-03-13 11:00:00,49.43,307.86554,991.28296,1.9391601,39.78321,0.0,2.19
2022-03-13 12:00:00,50.57,306.33102,992.34985,2.0566132,47.282433,0.0,1.68
2022-03-13 13:00:00,49.79,305.14902,992.41516,3.3475368,52.262722,0.0,0.0
2022-03-13 14:00:00,50.7,304.52777,992.21545,3.1753106,54.38736,0.0,0.0
2022-03-13 15:00:00,50.68,303.73767,991.9992,3.1729994,57.995533,0.0,0.0
2022-03-13 16:00:00,,303.0781,991.34625,3.9867127,60.8366,0.0,0.0
2022-03-13 17:00:00,,302.51642,990.7511,4.1035867,63.322575,0.0,0.0
2022-03-13 18:00:00,,301.82562,990.478,3.5581574,67.47572,0.0,0.0
2022-03-13 19:00:00,,299.98224,991.24396,2.5678089,73.44239,0.0,0.0
2022-03-13 20:00:00,,299.5424,991.72656,1.572459,76.485756,0.0,0.0
2022-03-13 21:00:00,,299.13745,992.4018,1.0924985,81.211685,0.0,0.0
2022-03-13 22:00:00,,298.88513,992.83966,1.1490223,82.42293,0.0,0.0
2022-03-13 23:00:00,,300.53683,993.42096,1.6202472,73.32052,0.0,0.0
2022-03-14 00:00:00,45.47,302.50903,993.9247,2.3712869,66.68908,0.06656647,0.0
2022-03-14 01:00:00,44.48,304.59827,993.96985,2.57326,58.908142,0.0,0.0
2022-03-14 02:00:00,43.68,306.67456,993.1806,2.681853,50.28619,0.0,0.0
2022-03-14 03:00:00,43.23,308.61285,992.1026,2.9330518,42.567013,0.0,0.0
2022-03-14 04:00:00,41.74,310.105,990.65326,2.7589157,36.204704,0.0,0.0
2022-03-14 05:00:00,39.95,311.05353,989.5042,1.9397649,31.58953,0.0,0.0
2022-03-14 06:00:00,38.36,311.5466,988.675,1.5363655,27.859085,0.0,0.0
2022-03-14 07:00:00,38.27,311.53137,988.1834,0.768248,27.024334,0.0,0.0
2022-03-14 08:00:00,38.77,311.41302,988.0748,0.91864496,26.358921,0.0,0.0
2022-03-14 09:00:00,39.88,311.27713,987.9291,1.6095613,26.258595,0.0,0.0
2022-03-14 10:00:00,40.78,309.7177,988.47076,2.7088373,32.022026,0.0,0.0
2022-03-14 11:00:00,40.68,307.7612,989.0256,3.681961,38.115845,0.0,0.0
2022-03-14 12:00:00,41.1,306.30145,989.68665,3.8344116,43.164253,0.0,0.0
2022-03-14 13:00:00,41.61,305.33954,990.3575,3.6227217,46.674923,0.0,0.0
2022-03-14 14:00:00,41.57,304.53845,990.2889,3.7077885,49.332203,0.0,0.0
2022-03-14 15:00:00,41.36,303.7699,990.4459,3.8638663,52.89774,0.0,0.0
2022-03-14 16:00:00,,302.92145,989.94977,3.8356092,58.527065,0.0,0.0
2022-03-14 17:00:00,,302.3186,989.6778,3.24072,63.827515,0.0,0.0
2022-03-14 18:00:00,,301.7426,989.6096,2.560255,68.265076,0.0,0.0
2022-03-14 19:00:00,,300.70795,989.8649,3.4671326,75.55037,0.0,0.0
2022-03-14 20:00:00,,300.25775,990.0156,3.3288567,79.171326,0.0,0.0
2022-03-14 21:00:00,,299.9158,990.8457,2.8283,82.5083,0.0,0.0
2022-03-14 22:00:00,,299.62115,991.15125,2.3908398,85.423294,0.0,0.0
2022-03-14 23:00:00,,301.17136,991.66846,2.567375,79.276405,0.0,0.0
2022-03-15 00:00:00,44.21,303.35425,992.012,3.0557854,67.95634,0.0017554369,0.0
2022-03-15 01:00:00,43.67,305.70844,992.08984,3.2207549,56.083668,0.0,0.0
2022-03-15 02:00:00,42.96,307.96664,991.3759,3.3639388,45.962215,0.0,0.0
2022-03-15 03:00:00,42.53,309.95062,990.30237,3.550821,37.582787,0.0,0.0
2022-03-15 04:00:00,40.91,311.4478,988.94904,3.3069546,31.637785,0.0012591481,0.0
2022-03-15 05:00:00,39.59,312.40244,987.7442,2.4504933,27.213037,0.0,0.0
2022-03-15 06:00:00,39.16,312.6009,987.0011,1.8525857,24.41614,0.0,0.0
2022-03-15 07:00:00,40.18,312.51843,986.9115,0.7648789,24.83469,0.0,0.0
2022-03-15 08:00:00,41.23,312.40784,986.57495,0.35504016,24.066149,0.0,0.0
2022-03-15 09:00:00,42.23,312.14313,986.82544,1.0561154,23.989809,0.0,0.0
2022-03-15 10:00:00,43.82,310.52655,987.3338,1.5519079,29.677073,0.0,0.0
2022-03-15 11:00:00,44.29,308.79626,988.1425,1.9201174,35.106514,0.0,0.0
2022-03-15 12:00:00,44.24,307.62128,988.69244,2.1607878,39.196194,0.0,0.0
2022-03-15 13:00:00,44.93,306.30713,989.2947,2.8613138,43.659966,0.0,0.0
2022-03-15 14:00:00,45.45,305.02832,989.25903,3.4055886,47.98943,0.0,0.0
2022-03-15 15:00:00,45.23,304.03076,989.12555,3.2459397,52.11584,0.0,0.0
2022-03-15 16:00:00,,303.28107,988.5988,2.7678816,56.012238,0.0,0.0
2022-03-15 17:00:00,,302.72955,988.40765,2.2984984,59.505768,0.0,0.0
2022-03-15 18:00:00,,302.16858,988.5853,1.7979975,64.102715,0.0,0.0
2022-03-15 19:00:00,,301.60156,989.2731,2.6262372,60.76688,0.0,0.0
2022-03-15 20:00:00,,301.3235,989.1806,3.1306448,63.387753,0.0,0.0
2022-03-15 21:00:00,,301.30908,989.9124,3.3816166,67.073494,0.0,0.0
2022-03-15 22:00:00,,301.0633,990.00195,3.2952237,71.8877,0.0,0.0
2022-03-15 23:00:00,,302.1245,990.56165,3.256253,70.603065,0.0,0.0
2022-03-16 00:00:00,45.86,304.4865,991.2558,3.3041682,61.934418,0.0012814999,0.0
2022-03-16 01:00:00,45.5,306.5196,991.4713,2.4010248,53.492165,0.0,0.0
2022-03-16 02:00:00,44.7,308.38168,990.9322,1.719588,46.183975,0.0,0.0
2022-03-16 03:00:00,43.26,310.16296,989.7628,1.6753091,39.1483,0.0,0.0
2022-03-16 04:00:00,42.17,311.67914,988.7633,1.2765923,31.81549,0.005982816,0.0
2022-03-16 05:00:00,41.47,312.42645,987.8292,0.887483,27.370808,0.0,0.0
2022-03-16 06:00:00,40.3,312.6679,987.46515,1.1243519,25.78338,0.0,0.0
2022-03-16 07:00:00,40.05,313.1432,986.9511,1.2075984,24.635956,0.0,0.0
2022-03-16 08:00:00,40.9,313.2954,987.0452,1.3520555,23.635725,0.0,0.0
2022-03-16 09:00:00,42.13,312.9795,986.8986,1.5123539,23.129309,0.0,0.0
2022-03-16 10:00:00,42.72,312.0962,987.8059,1.6085862,24.74872,0.0,0.0
2022-03-16 11:00:00,43.33,310.87555,988.62164,1.4635546,27.509462,0.0,0.0
2022-03-16 12:00:00,44.5,309.54877,989.22766,1.6867738,30.936676,0.0,0.0
2022-03-16 13:00:00,44.55,307.88727,989.92126,2.0191867,36.32389,0.0,0.0
2022-03-16 14:00:00,45.39,306.2315,989.7761,2.235061,42.50958,0.0,0.0
2022-03-16 15:00:00,45.76,305.0656,989.6147,3.0195568,48.052948,0.0,0.0
2022-03-16 16:00:00,,304.01788,989.5874,3.7402024,54.708057,0.0,0.0
2022-03-16 17:00:00,,303.1814,989.09784,3.6007602,60.129475,0.0,0.0
2022-03-16 18:00:00,,302.464,988.785,3.6913247,64.674126,0.0,0.0
2022-03-16 19:00:00,,300.98303,989.06665,2.7232087,70.98193,0.0,0.0
2022-03-16 20:00:00,,300.50427,989.53235,2.6010022,73.040215,0.0,0.0
2022-03-16 21:00:00,,300.16653,990.1412,2.1877782,75.07977,0.0,0.0
2022-03-16 22:00:00,,299.89746,990.8748,1.7003808,77.53183,0.0,0.0
2022-03-16 23:00:00,,301.26233,991.52515,1.8969455,72.25529,0.0,0.0
2022-03-17 00:00:00,,303.46323,991.9487,2.3749416,64.65392,0.0072896476,0.0
2022-03-17 01:00:00,,306.1094,991.9958,2.6512485,54.89738,0.0,0.0
2022-03-17 02:00:00,,308.69965,991.4503,2.8305573,44.227314,0.0,0.0
2022-03-17 03:00:00,,310.67126,990.5954,2.7112737,35.837944,0.0,0.0
2022-03-17 04:00:00,,311.90384,989.5447,2.246567,30.022854,0.020790845,0.0
2022-03-17 05:00:00,,312.2063,988.4451,1.2687749,27.189556,0.016283244,0.0
2022-03-17 06:00:00,,312.40863,987.8661,0.6136608,25.960648,0.010795891,0.0
2022-03-17 07:00:00,,311.4065,988.4277,4.8991127,28.340752,0.34040883,0.0
2022-03-17 08:00:00,,307.8593,989.10345,2.9501085,38.747818,0.6010533,0.07
2022-03-17 09:00:00,,307.93872,988.1902,0.79821527,38.07555,0.0,4.49
2022-03-17 10:00:00,,307.67035,989.51154,2.4625294,40.39262,0.0,4.8199997
2022-03-17 11:00:00,,306.49945,990.6594,3.619862,45.620884,0.0,5.51
2022-03-17 12:00:00,,305.1993,990.9913,3.7392356,50.74789,0.0,4.6099997
2022-03-17 13:00:00,,304.20657,991.4049,3.8883202,55.5349,0.0,5.8099995
2022-03-17 14:00:00,,303.3465,991.47955,4.22763,60.568745,0.0,6.2799997
2022-03-17 15:00:00,,302.7261,991.41046,4.3424554,65.22916,0.0,3.1999998
2022-03-17 16:00:00,,302.12646,990.89734,4.038307,69.96358,0.0,2.54
2022-03-17 17:00:00,,301.48004,990.3883,2.837911,74.22329,0.0,0.93
2022-03-17 18:00:00,,301.03973,990.09265,1.8135138,77.14783,0.0,2.39
2022-03-17 19:00:00,,299.2025,992.0179,3.4387515,70.70713,0.0,6.0
2022-03-17 20:00:00,,298.8177,991.827,3.0437276,71.815285,0.0,2.85
2022-03-17 21:00:00,,298.46405,991.90436,2.775578,72.95595,0.0,1.3
2022-03-17 22:00:00,,298.32397,992.0096,2.1564493,73.36453,0.0,3.08
2022-03-17 23:00:00,,299.4488,992.7017,1.1010029,67.374626,0.0,2.9099998
2022-03-18 00:00:00,,301.37225,993.21124,1.1990932,58.002968,0.9902089,0.55
2022-03-18 01:00:00,,303.5499,993.0442,1.1590476,48.80486,0.0,0.0
2022-03-18 02:00:00,,305.188,992.5577,1.0274656,42.51295,0.0,0.0
2022-03-18 03:00:00,,307.37622,991.4188,1.4098872,34.95642,0.0,0.19999999
2022-03-18 04:00:00,,309.26477,990.31995,2.2782087,30.402344,0.0,1.9699999
2022-03-18 05:00:00,,310.57626,989.0885,2.290801,27.915945,0.0026226044,4.8099995
2022-03-18 06:00:00,,311.3122,988.1683,2.0343633,26.607033,0.0017732382,2.8799999
2022-03-18 07:00:00,,311.16574,987.4459,3.387105,28.104794,0.021919608,0.99999994
2022-03-18 08:00:00,,310.9411,987.2488,2.6696115,28.081617,0.124022365,1.93
2022-03-18 09:00:00,,308.45538,988.3031,4.0990076,34.562088,0.3825873,0.22999999
2022-03-18 10:00:00,,301.90546,990.3502,3.906898,64.877594,1.79331,0.0
2022-03-18 11:00:00,,302.01657,990.0997,0.7763525,62.32002,0.014454126,0.0
2022-03-18 12:00:00,,302.1942,990.3003,1.4045122,63.29093,0.0,0.0
2022-03-18 13:00:00,,302.16235,990.8468,1.325969,65.51809,0.0,0.13
2022-03-18 14:00:00,,302.0843,991.0081,1.876906,68.3386,0.0,0.66999996
2022-03-18 15:00:00,,302.06396,991.7621,3.4709792,68.6289,0.0010281801,0.39
2022-03-18 16:00:00,,302.07074,991.7544,2.9307482,67.14611,0.0,0.06
2022-03-18 17:00:00,,301.70514,991.5103,2.0682871,68.166756,0.0,0.0
2022-03-18 18:00:00,,301.30774,991.22107,0.987159,72.491974,0.0,0.0
2022-03-18 19:00:00,,299.7851,991.03394,1.9515669,75.407104,0.0,0.089999996
2022-03-18 20:00:00,,299.61743,991.4934,1.5876502,77.19968,0.0,0.14
2022-03-18 21:00:00,,299.61603,991.8652,0.9645023,78.20598,0.0,0.47
2022-03-18 22:00:00,,299.54163,991.856,1.7145236,78.86016,0.0,0.089999996
2022-03-18 23:00:00,,299.9552,992.23486,2.2026396,76.95906,0.0,0.0
2022-03-19 00:00:00,45.03,301.76172,992.77435,1.8549207,63.382236,2.3417473,0.0
2022-03-19 01:00:00,44.64,302.38055,993.2575,1.2754995,58.902557,0.0,0.0
2022-03-19 02:00:00,43.21,302.75696,992.7614,0.7972491,55.697792,0.0,0.0
2022-03-19 03:00:00,42.41,303.5736,992.2636,1.1367483,51.769196,0.0,0.0
2022-03-19 04:00:00,42.28,304.0869,991.3033,1.3432713,48.783157,0.0,0.0
2022-03-19 05:00:00,42.2,306.25043,990.5226,1.642464,42.256706,0.0,0.0
2022-03-19 06:00:00,43.3,307.37326,989.8519,1.6427044,38.7508,0.0,0.0
2022-03-19 07:00:00,44.05,307.67242,989.8038,3.5692194,40.808517,0.0,0.06
2022-03-19 08:00:00,43.89,307.90015,989.89185,3.294949,38.506187,0.0,0.06
2022-03-19 09:00:00,43.75,307.484,990.6462,3.3519845,38.866283,0.047415495,0.07
2022-03-19 10:00:00,43.56,305.46603,991.64056,3.885132,40.593815,1.1008829,0.24
2022-03-19 11:00:00,43.44,304.71396,992.068,3.0276465,43.76866,0.0,0.0
2022-03-19 12:00:00,42.72,304.0376,992.5616,1.6259358,48.789326,0.0,0.0
2022-03-19 13:00:00,42.2,303.0807,992.7367,2.0459406,54.919834,0.0,0.0
2022-03-19 14:00:00,,302.2135,992.2683,3.0658703,57.182987,0.0,0.0
2022-03-19 15:00:00,,301.47644,991.8222,3.4232225,58.480488,0.0,0.0
2022-03-19 16:00:00,,300.87762,991.1028,2.9962246,60.576862,0.0,0.0
2022-03-19 17:00:00,,300.21326,990.6108,1.6623162,69.346825,0.0,0.0
2022-03-19 18:00:00,,300.41693,990.4442,0.57385004,65.32427,0.0,0.0
2022-03-19 19:00:00,,300.3479,990.63983,0.7562532,73.001656,0.0,0.0
2022-03-19 20:00:00,,299.93057,990.9641,1.877525,73.59645,0.0,0.0
2022-03-19 21:00:00,,299.078,991.5199,2.1414137,76.1093,0.0,0.0
2022-03-19 22:00:00,,298.31244,992.0643,1.5779077,80.73337,0.0,0.0
2022-03-19 23:00:00,,300.40686,992.69147,0.9400407,69.52483,0.0,0.0
2022-03-20 00:00:00,35.57,302.99152,993.1764,1.7294358,54.68195,1.150015,0.0
2022-03-20 01:00:00,35.98,305.15582,993.1611,2.4789062,46.04533,0.0,0.0
2022-03-20 02:00:00,35.92,307.11084,992.66675,3.0197644,40.342674,0.0,0.0
2022-03-20 03:00:00,35.97,308.96057,991.96466,3.1699395,35.35247,0.0,0.0
2022-03-20 04:00:00,36.51,310.47086,991.0442,2.5998347,29.995558,0.0,0.0
2022-03-20 05:00:00,38.6,311.61578,990.0522,2.2192001,24.043005,0.0,0.0
2022-03-20 06:00:00,40.49,312.1541,989.3939,2.5896106,20.92522,0.0,0.0
2022-03-20 07:00:00,39.77,312.17798,989.3764,3.9353595,20.40704,0.0,0.0
2022-03-20 08:00:00,37.71,311.86438,989.3425,3.1586275,20.559433,0.0,0.0
2022-03-20 09:00:00,36.4,310.99155,989.7547,1.9579784,24.843958,0.0,0.0
2022-03-20 10:00:00,35.96,309.6048,990.1792,0.98320264,28.335238,0.0,0.0
2022-03-20 11:00:00,35.6,308.36053,990.70276,0.27417764,31.41225,0.0,0.0
2022-03-20 12:00:00,35.03,307.22632,991.0532,0.59460455,37.739674,0.0,0.0
2022-03-20 13:00:00,,305.13647,990.8642,1.7281315,47.476265,0.0,0.0
2022-03-20 14:00:00,,303.96832,990.97955,2.7838242,46.736984,0.0,0.0
2022-03-20 15:00:00,,302.50775,990.7893,3.1714797,52.524937,0.0,0.0
2022-03-20 16:00:00,,301.9298,990.71265,3.5826166,51.985123,0.0,0.0
2022-03-20 17:00:00,,301.35986,990.45654,3.0978732,51.930374,0.0,0.0
2022-03-20 18:00:00,,301.68494,990.62744,0.5635703,50.01825,0.0,0.0
2022-03-20 19:00:00,,299.13925,991.14624,1.7996441,61.676132,0.0,0.0
2022-03-20 20:00:00,,298.19595,991.27435,1.5384083,67.30486,0.0,0.0
2022-03-20 21:00:00,,298.80347,991.60266,0.6246504,57.81412,0.0,0.0
2022-03-20 22:00:00,,298.04468,991.9327,0.5401445,61.665108,0.0,0.0
2022-03-20 23:00:00,,298.93915,992.3173,0.6730117,65.15957,0.0,0.0
2022-03-21 00:00:00,,302.16818,992.78485,1.0779095,50.036438,0.003010714,0.0
2022-03-21 01:00:00,,304.91998,992.527,0.7735665,40.834705,0.0,0.0
2022-03-21 02:00:00,,307.55072,992.3564,0.35275665,33.03088,0.0,0.0
2022-03-21 03:00:00,,309.9555,991.6211,0.7726793,26.269266,0.0,0.0
2022-03-21 04:00:00,,311.64325,990.8278,0.8824664,20.339458,0.0,0.0
2022-03-21 05:00:00,,312.56497,990.01514,1.3409894,18.04536,0.0,0.0
2022-03-21 06:00:00,,312.92725,989.2919,1.4086828,16.834148,0.0,0.0
2022-03-21 07:00:00,,313.61472,988.83765,2.7421465,14.924373,0.0,0.0
2022-03-21 08:00:00,,313.33417,988.3484,2.9259598,14.404546,0.0,0.0
2022-03-21 09:00:00,,312.60754,988.86597,2.378582,16.62286,0.0,0.0
2022-03-21 10:00:00,,311.05673,988.8856,1.7648234,20.636536,0.0,0.0
2022-03-21 11:00:00,,309.4135,989.51,1.7864327,25.161823,0.0,0.0
2022-03-21 12:00:00,,307.70007,989.7992,1.8056128,30.852879,0.0,0.0
2022-03-21 13:00:00,,306.22498,990.15704,2.1332185,35.325596,0.0,0.0
2022-03-21 14:00:00,,304.9939,990.40045,2.4785213,38.416832,0.0,0.0
2022-03-21 15:00:00,,303.53775,990.71857,1.6237483,48.024323,0.0,0.0
2022-03-21 16:00:00,,302.75842,991.1344,2.1047382,47.72218,0.0,0.0
2022-03-21 17:00:00,,302.06296,991.2278,3.420999,53.027355,0.0,0.0
2022-03-21 18:00:00,,301.05023,990.89795,3.8239763,66.768936,0.0,0.0
2022-03-21 19:00:00,,299.51074,991.3727,3.7360451,75.96778,0.0,0.0
2022-03-21 20:00:00,,299.28433,991.46204,3.1428647,82.86177,0.0,0.0
2022-03-21 21:00:00,,299.25253,991.4931,2.9171479,84.96871,0.0,0.0
2022-03-21 22:00:00,,299.06104,991.9214,2.6878464,86.623474,0.0,0.0
2022-03-21 23:00:00,,300.12665,992.3883,2.4836433,82.38048,0.0,0.0
2022-03-22 00:00:00,25.33,302.08905,992.74115,2.3160315,72.452126,0.0,0.0
2022-03-22 01:00:00,24.79,304.451,992.4808,2.3011098,59.588196,0.0,0.0
2022-03-22 02:00:00,25.14,306.75555,991.8289,2.2865837,46.899864,0.0,0.0
2022-03-22 03:00:00,24.49,308.96204,991.0344,1.9177256,35.258034,0.0,0.0
2022-03-22 04:00:00,23.56,310.7603,989.87366,1.1106411,26.473776,0.0,0.0
2022-03-22 05:00:00,22.6,312.101,988.85236,0.6038452,19.647655,0.0,0.0
2022-03-22 06:00:00,21.97,313.09668,987.8137,1.7289442,14.893283,0.0,0.0
2022-03-22 07:00:00,21.67,313.36993,987.5058,2.0383818,13.295856,0.0,0.0
2022-03-22 08:00:00,21.77,313.35052,987.53766,1.9865314,12.302607,0.0,0.0
2022-03-22 09:00:00,21.33,312.82983,987.49384,1.49383,12.149046,0.0,0.0
2022-03-22 10:00:00,20.64,311.2824,987.78766,0.5414132,15.729551,0.0,0.0
2022-03-22 11:00:00,20.35,309.46307,988.2252,1.2945092,20.117146,0.0,0.0
2022-03-22 12:00:00,19.87,307.349,988.8264,1.1763743,26.728703,0.0,0.0
2022-03-22 13:00:00,,305.28955,989.2463,0.99094003,41.00773,0.0,0.0
2022-03-22 14:00:00,,303.65637,989.3198,1.572449,42.657978,0.0,0.0
2022-03-22 15:00:00,,302.67358,989.46063,2.728681,40.446033,0.0,0.0
2022-03-22 16:00:00,,301.5847,989.3577,3.3925185,42.56688,0.0,0.0
2022-03-22 17:00:00,,300.79724,989.0771,4.1181893,45.700897,0.0,0.0
2022-03-22 18:00:00,,299.84918,988.8036,4.611669,61.291348,0.0,0.0
2022-03-22 19:00:00,,298.89227,989.509,4.3641796,78.772354,0.0,0.0
2022-03-22 20:00:00,,298.55396,989.62964,4.2062025,88.87108,0.0,0.0
2022-03-22 21:00:00,,298.40976,989.74097,3.7783272,92.20093,0.0,0.0
2022-03-22 22:00:00,,298.2855,990.267,3.513097,93.71609,0.0,0.0
2022-03-22 23:00:00,,299.75668,990.698,3.6188555,87.40413,0.0,0.0
2022-03-23 00:00:00,30.9,302.3609,991.3225,4.421466,73.600845,0.0,0.0
2022-03-23 01:00:00,32.33,304.8094,991.32654,4.608207,61.50819,0.0,0.0
2022-03-23 02:00:00,32.61,307.13855,990.7106,4.6489635,50.831963,0.0,0.0
2022-03-23 03:00:00,31.93,309.27118,989.9877,4.5775847,40.835426,0.0,0.0
2022-03-23 04:00:00,32.13,310.9513,988.9675,4.038804,32.115738,0.0,0.0
2022-03-23 05:00:00,32.34,312.01514,988.21,2.8615322,25.523079,0.0,0.0
2022-03-23 06:00:00,32.48,312.24707,987.6936,1.5722678,20.830532,0.0,0.0
2022-03-23 07:00:00,31.54,311.62503,987.91797,1.320857,20.354136,0.0,0.0
2022-03-23 08:00:00,30.69,311.57126,987.8475,1.5650704,20.27439,0.0,0.0
2022-03-23 09:00:00,29.53,311.15118,987.8546,2.089518,20.846745,0.0,0.0
2022-03-23 10:00:00,28.28,309.85986,988.2086,2.782886,24.559332,0.0,0.0
2022-03-23 11:00:00,29.5,308.38474,988.4295,3.3650918,28.697151,0.0,0.0
2022-03-23 12:00:00,30.95,307.09528,988.5591,3.822778,32.011177,0.0,0.0
2022-03-23 13:00:00,,306.09872,988.90704,4.508551,34.871067,0.0,0.0
2022-03-23 14:00:00,,304.70038,988.9492,4.9775248,38.82714,0.0,0.0
2022-03-23 15:00:00,,303.44244,988.65265,5.2307005,44.03885,0.0,0.0
2022-03-23 16:00:00,,302.4541,988.5543,5.400616,53.523045,0.0,0.0
2022-03-23 17:00:00,,301.69052,988.60767,5.4372654,66.643555,0.0,0.0
2022-03-23 18:00:00,,301.06937,988.7942,4.862901,77.04532,0.0,0.0
2022-03-23 19:00:00,,301.02158,989.1367,5.4517126,86.1944,0.0,0.0
2022-03-23 20:00:00,,300.69415,989.41797,5.3844647,88.85614,0.0,0.0
2022-03-23 21:00:00,,300.33545,989.5662,5.1749883,90.954575,0.0,0.0
2022-03-23 22:00:00,,300.20963,990.1431,4.8677125,91.86184,0.0,0.0
2022-03-23 23:00:00,,301.1164,990.9556,6.2150245,86.41341,0.0,0.0
2022-03-24 00:00:00,39.75,302.6429,991.375,6.4918685,76.47682,0.0034332275,0.0
2022-03-24 01:00:00,40.59,304.6709,991.22906,6.5962577,62.444626,0.0,0.0
2022-03-24 02:00:00,41.31,306.9885,990.56995,6.496897,49.70932,0.0,0.0
2022-03-24 03:00:00,40.96,309.36182,989.8972,6.105385,39.65932,0.0,0.0
2022-03-24 04:00:00,39.84,311.21057,988.68024,5.8666544,32.092285,0.0,0.0
2022-03-24 05:00:00,39.73,312.52606,987.7517,5.5814624,26.278296,0.0,0.0
2022-03-24 06:00:00,40.83,313.2588,986.8331,5.0438485,22.683075,0.0,0.0
2022-03-24 07:00:00,40.31,312.6742,987.1375,4.8296204,26.048931,0.0021457672,0.0
2022-03-24 08:00:00,40.97,312.45932,987.0414,4.4382377,25.597933,0.0,0.0
2022-03-24 09:00:00,42.27,311.83804,987.385,3.901125,24.245243,0.0,0.0
2022-03-24 10:00:00,43.34,310.72003,988.0476,3.2670145,26.119995,0.011011958,0.0
2022-03-24 11:00:00,43.21,308.95453,989.25885,4.629758,31.451468,0.0,0.0
2022-03-24 12:00:00,43.45,306.8745,990.1169,7.320215,41.73698,0.0,0.0
2022-03-24 13:00:00,,304.94995,990.78705,6.7908134,53.885788,0.0,0.0
2022-03-24 14:00:00,,304.35272,990.90125,5.822399,57.199497,0.0,3.19
2022-03-24 15:00:00,,303.94147,990.90076,5.456177,59.491966,0.0,12.469999
2022-03-24 16:00:00,,303.51086,990.68146,5.3892207,63.207317,0.0,35.28
2022-03-24 17:00:00,,302.86163,990.62335,5.29356,69.00838,0.0,37.78
2022-03-24 18:00:00,,302.2995,990.3745,5.2879643,75.12552,0.0,32.1
2022-03-24 19:00:00,,300.90253,990.70874,4.633833,82.34091,0.0,11.41
2022-03-24 20:00:00,,300.5794,990.78174,4.374712,85.43238,0.0,3.4
2022-03-24 21:00:00,,300.31723,991.46814,3.893114,87.42653,0.0,0.14
2022-03-24 22:00:00,,300.09888,991.947,3.4685986,88.76599,0.0,0.0
2022-03-24 23:00:00,,301.25558,992.2821,4.295022,82.37906,0.0,0.0
2022-03-25 00:00:00,33.59,302.97293,992.6189,4.1693974,72.925835,0.016153714,0.0
2022-03-25 01:00:00,33.19,304.60254,992.36444,3.6455169,62.839336,0.0,0.0
2022-03-25 02:00:00,33.34,306.56433,991.60736,3.1419587,53.430927,0.0,0.0
2022-03-25 03:00:00,33.48,308.4962,990.9316,2.810377,45.21905,0.0,0.0
2022-03-25 04:00:00,34.04,310.16797,989.8053,2.7942138,37.94506,0.0019446015,0.0
2022-03-25 05:00:00,34.57,311.3822,988.84985,2.5412915,32.58944,0.008940697,0.0
2022-03-25 06:00:00,34.26,312.14297,988.1967,1.7868298,28.453606,0.002115965,0.0
2022-03-25 07:00:00,33.93,311.03317,988.5249,1.4044466,32.519726,0.010855496,0.0
2022-03-25 08:00:00,34.04,310.93338,988.35626,0.9097275,31.944407,0.0064074993,0.0
2022-03-25 09:00:00,34.13,310.47342,988.10236,1.2167512,32.504784,0.006429851,0.0
2022-03-25 10:00:00,34.44,309.73315,989.2042,1.8372698,33.885487,0.011824071,0.0
2022-03-25 11:00:00,34.82,306.8267,991.3931,2.8412828,42.65214,0.3607005,0.0
2022-03-25 12:00:00,35.23,300.98077,993.65924,2.9305618,71.93587,3.1387954,0.0
2022-03-25 13:00:00,,300.1074,993.58905,1.3942552,77.56643,4.465371,0.0
2022-03-25 14:00:00,,300.0787,992.4819,1.7917558,77.41297,0.23918507,0.0
2022-03-25 15:00:00,,300.12094,992.0165,1.7779964,79.1469,0.0,0.0
2022-03-25 16:00:00,,299.82916,991.65533,3.7799015,81.122955,0.22813678,0.0
2022-03-25 17:00:00,,299.7198,991.1997,4.4101133,80.34047,0.0,0.0
2022-03-25 18:00:00,,299.47614,990.7264,3.16481,80.120674,0.0,0.0
2022-03-25 19:00:00,,300.67166,990.5158,4.656549,73.143036,0.0,0.0
2022-03-25 20:00:00,,300.33447,990.99414,4.37872,78.47169,0.0,0.0
2022-03-25 21:00:00,,300.10974,991.47455,3.9708223,83.10168,0.0,0.0
2022-03-25 22:00:00,,299.92188,992.1672,3.8440146,86.58678,0.0,0.0
2022-03-25 23:00:00,,300.7838,992.6653,4.4369006,84.56427,0.0,0.0
2022-03-26 00:00:00,42.63,302.36102,993.58344,4.874201,76.964676,8.480711,0.0
2022-03-26 01:00:00,43.07,304.0633,993.47034,4.8440576,67.66002,0.0,0.0
2022-03-26 02:00:00,44.02,305.27917,993.002,4.2280245,61.132263,0.047029927,0.0
2022-03-26 03:00:00,45.32,305.9753,992.13403,3.4634268,57.699448,0.104893,0.0
2022-03-26 04:00:00,45.78,306.77496,990.89905,3.2670283,54.2891,0.06465986,0.0
2022-03-26 05:00:00,45.05,307.57474,990.0197,2.8633943,49.888733,0.042833388,0.0
2022-03-26 06:00:00,43.91,308.27002,989.3127,2.398249,46.385693,0.039830804,0.0
2022-03-26 07:00:00,42.08,308.4178,988.84265,1.7856379,45.150093,0.012867153,0.0
2022-03-26 08:00:00,40.75,308.50195,988.64655,2.1577435,42.432323,0.003427267,0.0
2022-03-26 09:00:00,41.07,307.34366,989.2009,2.1148336,43.904438,0.0,0.0
2022-03-26 10:00:00,42.61,305.73315,989.7664,2.2445085,54.45987,0.0,0.0
2022-03-26 11:00:00,43.64,304.33008,990.5183,3.1773279,62.03881,0.0,0.0
2022-03-26 12:00:00,44.23,303.50635,991.16815,3.196512,65.36121,0.0,0.0
2022-03-26 13:00:00,,302.82385,991.3867,3.1536317,67.07419,0.0,0.0
2022-03-26 14:00:00,,302.18695,991.5136,2.8553133,69.02126,0.0,0.0
2022-03-26 15:00:00,,301.55847,991.4652,2.538979,72.23452,0.0,0.0
2022-03-26 16:00:00,,301.0774,991.3818,2.308474,75.83618,0.0,0.0
2022-03-26 17:00:00,,300.74304,991.16187,2.3659244,78.330795,0.0,0.0
2022-03-26 18:00:00,,300.52856,991.0669,2.5407083,80.110756,0.0,0.0
2022-03-26 19:00:00,,299.62405,991.1303,2.4602656,82.07089,0.0,0.0
2022-03-26 20:00:00,,299.27673,991.28406,2.318709,84.34787,0.0,0.0
2022-03-26 21:00:00,,299.00433,991.96844,2.1200757,86.38065,0.0,0.0
2022-03-26 22:00:00,,298.8148,992.36487,1.8912811,88.289375,0.0,0.0
2022-03-26 23:00:00,,300.03412,993.05304,2.1483867,83.546715,0.0,0.0
2022-03-27 00:00:00,41.66,301.5689,993.2488,2.5560215,78.17557,0.31724572,0.0
2022-03-27 01:00:00,41.89,303.28735,993.32947,2.2621331,71.17342,0.0,0.0
2022-03-27 02:00:00,42.5,304.88507,992.56195,1.9848044,63.400894,0.013202429,0.0
2022-03-27 03:00:00,43.48,306.05518,991.78796,1.5904559,56.461098,0.038452446,0.0
2022-03-27 04:00:00,44.23,306.96817,990.4464,0.9973884,51.07173,0.021331012,0.0
2022-03-27 05:00:00,44.82,307.57278,989.6167,0.5289708,47.275154,0.011593103,0.0
2022-03-27 06:00:00,45.44,308.04016,988.90906,0.24673574,44.226257,0.012308359,0.0
2022-03-27 07:00:00,46.02,308.25647,988.84094,0.4768169,42.607418,0.02668053,0.0
2022-03-27 08:00:00,45.92,308.5099,988.48047,1.1135864,40.650974,0.009405616,0.0
2022-03-27 09:00:00,45.26,308.2685,989.00037,0.84195936,40.612175,0.035203993,0.0
2022-03-27 10:00:00,45.92,306.76233,989.9309,3.3478334,43.826286,0.45983493,0.0
2022-03-27 11:00:00,46.88,303.0365,992.03094,5.1118155,59.913708,0.39285427,0.0
2022-03-27 12:00:00,,301.33044,993.3022,2.7428231,69.473946,0.7906407,0.0
2022-03-27 13:00:00,,300.73334,993.10077,2.2316492,72.44528,0.22853911,0.0
2022-03-27 14:00:00,,300.55518,992.65967,0.7689872,74.469124,0.0,0.0
2022-03-27 15:00:00,,300.51508,992.41815,2.7708757,76.368645,0.0,0.0
2022-03-27 16:00:00,,300.37054,991.5275,3.6359394,78.3614,0.0,0.049999997
2022-03-27 17:00:00,,300.15012,991.0623,2.9551687,80.9934,0.0,0.0
2022-03-27 18:00:00,,299.8318,990.6795,2.5189378,83.618256,0.0,0.0
2022-03-27 19:00:00,,300.07376,991.20233,3.2410789,81.078606,0.0,0.0
2022-03-27 20:00:00,,299.77536,991.47064,2.2384534,84.409164,0.0,0.0
2022-03-27 21:00:00,,299.5324,992.0425,1.4728284,87.86029,0.0,0.0
2022-03-27 22:00:00,,299.31262,992.4383,1.2267698,90.09631,0.0,0.0
2022-03-27 23:00:00,,300.57452,992.76935,0.8009217,82.34182,0.0,0.0
2022-03-28 00:00:00,43.47,302.07,993.3719,0.81292576,75.427795,2.0417602,0.0
2022-03-28 01:00:00,43.65,303.64716,993.09674,0.8051678,68.961586,0.0,0.0
2022-03-28 02:00:00,42.98,305.24628,992.5582,0.79987687,61.865753,0.0,0.0
2022-03-28 03:00:00,42.32,306.75278,991.581,1.2760738,52.7936,0.0,0.0
2022-03-28 04:00:00,41.16,308.08234,990.71173,2.0277123,43.50739,0.0,0.0
2022-03-28 05:00:00,40.19,309.04956,989.76935,2.6695232,36.17131,0.0,0.0
2022-03-28 06:00:00,40.07,309.3979,989.2865,2.5725462,31.811523,0.0,0.0
2022-03-28 07:00:00,38.75,309.30707,988.9293,2.4557083,34.677574,0.0,0.0
2022-03-28 08:00:00,37.92,309.20285,988.95917,2.0380952,34.027473,0.0,0.0
2022-03-28 09:00:00,37.08,308.8302,989.28577,1.9032581,34.68096,0.0,0.0
2022-03-28 10:00:00,37.11,307.36902,989.63947,1.7283695,41.348476,0.0,0.0
2022-03-28 11:00:00,36.94,306.2149,990.51624,2.4093823,46.879776,0.0,0.0
2022-03-28 12:00:00,,305.12146,990.84424,3.115273,50.38562,0.0,0.0
2022-03-28 13:00:00,,304.27768,991.2065,3.3848877,51.601147,0.0,0.0
2022-03-28 14:00:00,,303.49835,991.16174,3.4574413,52.934242,0.0,0.0
2022-03-28 15:00:00,,302.7318,991.0225,3.7623959,55.031174,0.0,0.0
2022-03-28 16:00:00,,302.02795,990.9157,4.530504,57.558815,0.0,0.0
2022-03-28 17:00:00,,301.44778,990.90564,4.76981,60.80516,0.0,0.0
2022-03-28 18:00:00,,301.08435,990.84985,4.211486,63.478573,0.0,0.0
2022-03-28 19:00:00,,300.20547,991.2942,3.7062018,70.079544,0.0,0.0
2022-03-28 20:00:00,,299.66275,991.4186,2.9401042,73.41272,0.0,0.0
2022-03-28 21:00:00,,299.21204,991.97577,2.4223597,76.15948,0.0,0.0
2022-03-28 22:00:00,,298.81607,992.4675,2.0248163,78.944496,0.0,0.0
2022-03-28 23:00:00,,300.44595,993.03375,1.548883,71.84022,0.0,0.0
2022-03-29 00:00:00,37.59,302.59296,993.45404,2.1073928,60.26605,0.0,0.0
2022-03-29 01:00:00,36.74,304.64523,993.4839,3.0657551,51.715572,0.0,0.0
2022-03-29 02:00:00,36.08,306.79062,992.8781,3.5182476,43.14328,0.0,0.0
2022-03-29 03:00:00,35.83,308.55655,991.863,3.2377698,35.713074,0.0,0.0
2022-03-29 04:00:00,35.65,309.65527,990.69653,2.7573242,28.875202,0.0,0.0
2022-03-29 05:00:00,35.45,309.96515,989.84796,2.0556579,26.116674,0.0,0.0
2022-03-29 06:00:00,35.35,310.44797,989.4674,1.6474735,24.469116,0.0,0.0
2022-03-29 07:00:00,35.24,310.1178,988.9863,1.0113208,25.556194,0.0,0.0
2022-03-29 08:00:00,34.82,310.17648,989.04736,0.54243916,24.954481,0.0,0.0
2022-03-29 09:00:00,34.01,309.76312,989.21906,0.32281587,25.673267,0.0,0.0
2022-03-29 10:00:00,33.32,308.5719,989.7289,1.5037268,30.172972,0.0,0.0
2022-03-29 11:00:00,,306.93018,989.9467,2.2218843,35.696796,0.0,0.0
2022-03-29 12:00:00,,305.64197,990.6719,2.4582772,39.823444,0.0,0.0
2022-03-29 13:00:00,,304.5614,991.03485,2.6900716,43.280296,0.0,0.0
2022-03-29 14:00:00,,303.6551,991.2539,2.6630864,46.072018,0.0,0.0
2022-03-29 15:00:00,,302.63272,991.3061,2.1692603,51.174538,0.0,0.0
2022-03-29 16:00:00,,301.67465,990.90686,1.2868195,56.930237,0.0,0.0
2022-03-29 17:00:00,,301.28842,990.72076,0.56755435,54.654663,0.0,0.0
2022-03-29 18:00:00,,301.12628,991.02295,0.5765751,52.45905,0.0,0.0
2022-03-29 19:00:00,,298.0925,991.5231,1.4126661,70.69024,0.0,0.0
2022-03-29 20:00:00,,297.3103,992.0089,1.6787964,71.77433,0.0,0.0
2022-03-29 21:00:00,,296.8855,992.114,2.293686,70.423515,0.0,0.0
2022-03-29 22:00:00,,296.32,992.9059,2.382491,73.069,0.0,0.0
2022-03-29 23:00:00,,298.50925,993.1312,1.9022957,65.24373,0.0,0.0
2022-03-30 00:00:00,27.09,302.41003,993.86505,2.1337276,51.284332,0.0,0.0
2022-03-30 01:00:00,27.61,305.24377,993.7445,2.1907396,43.105183,0.0,0.0
2022-03-30 02:00:00,27.22,307.2811,993.08923,1.7342052,37.253414,0.0,0.0
2022-03-30 03:00:00,26.51,309.0496,992.36646,1.4225852,27.121893,0.0,0.0
2022-03-30 04:00:00,26.58,310.06097,991.3784,1.2820812,20.354906,0.0,0.0
2022-03-30 05:00:00,27.35,310.8296,990.3769,1.3676219,17.84949,0.0,0.0
2022-03-30 06:00:00,29.01,311.42145,989.7486,1.9116342,16.52987,0.0,0.0
2022-03-30 07:00:00,28.79,311.11218,989.78235,1.5403336,20.480923,0.0,0.0
2022-03-30 08:00:00,28.18,310.96216,989.62006,0.70812535,19.618526,0.0,0.0
2022-03-30 09:00:00,27.01,310.5904,990.1128,0.9900336,19.175703,0.0,0.0
2022-03-30 10:00:00,26.31,309.0467,990.4614,2.5512342,24.654139,0.0,0.0
2022-03-30 11:00:00,25.77,307.33624,991.03076,2.9967182,29.273075,0.0,0.0
2022-03-30 12:00:00,,305.94733,991.6277,2.8211997,32.242207,0.0,0.0
2022-03-30 13:00:00,,304.6483,992.15564,2.0730696,35.556637,0.0,0.0
2022-03-30 14:00:00,,303.10004,992.1199,1.211931,46.918076,0.0,0.24
2022-03-30 15:00:00,,301.9184,992.2668,2.4080355,49.882378,0.0,0.0
2022-03-30 16:00:00,,300.3695,991.9495,3.4590979,65.53238,0.0,0.0
2022-03-30 17:00:00,,299.38547,991.65283,3.9151073,79.62983,0.0,0.0
2022-03-30 18:00:00,,298.88354,991.3988,4.081403,85.31966,0.0,0.0
2022-03-30 19:00:00,,298.2366,992.4309,3.10059,86.15172,0.0,0.0
2022-03-30 20:00:00,,297.8103,992.8106,2.455917,88.83181,0.0,0.0
2022-03-30 21:00:00,,297.45007,993.3141,2.1732168,90.83986,0.0,0.0
2022-03-30 22:00:00,,297.1306,993.99915,2.054821,92.5504,0.0,0.0
2022-03-30 23:00:00,,298.85028,994.6166,1.886273,84.11907,0.0,0.0
2022-03-31 00:00:00,26.71,301.27655,995.13367,1.7173842,70.61753,0.0,0.0
2022-03-31 01:00:00,26.19,303.32373,994.9719,0.9884728,59.740986,0.0,0.0
2022-03-31 02:00:00,26.2,305.3978,994.21063,0.7348268,49.703896,0.0,0.0
2022-03-31 03:00:00,25.95,307.51556,993.34143,1.0898274,38.764465,0.0,0.0
2022-03-31 04:00:00,25.49,309.3855,991.9214,1.6643826,28.939596,0.0,0.0
2022-03-31 05:00:00,24.5,310.66718,991.09357,2.0270312,22.975897,0.0,0.0
2022-03-31 06:00:00,24.03,311.60028,990.09314,2.3188617,19.402498,0.0,0.0
2022-03-31 07:00:00,23.49,312.77878,989.4589,3.929964,15.118739,0.0,0.0
2022-03-31 08:00:00,23.16,312.90875,989.3644,4.214559,13.197154,0.0,0.0
2022-03-31 09:00:00,23.38,312.35785,989.73865,4.4509315,12.739483,0.0,0.0
2022-03-31 10:00:00,23.29,310.47632,990.37274,3.9761825,15.137093,0.0,0.0
2022-03-31 11:00:00,22.62,308.8296,990.9384,4.259872,17.051218,0.0,0.0
2022-03-31 12:00:00,,307.43268,991.915,4.3505793,18.569323,0.0,0.0
2022-03-31 13:00:00,,306.47015,992.3716,4.4493904,19.6116,0.0,0.0
2022-03-31 14:00:00,,305.81836,992.493,4.430544,20.367449,0.0,0.0
2022-03-31 15:00:00,,305.25732,992.182,4.0236454,21.029043,0.0,0.0
2022-03-31 16:00:00,,304.1932,991.89435,3.1333587,22.538399,0.0,0.0
2022-03-31 17:00:00,,303.11316,991.8075,2.4206061,26.668953,0.0,0.0
2022-03-31 18:00:00,,302.23215,991.90564,2.1828928,34.69319,0.0,0.0
2022-03-31 19:00:00,,299.5528,991.9461,1.7539979,43.899746,0.0,0.0
2022-03-31 20:00:00,,298.58142,992.16766,1.5020095,52.06138,0.0,0.0
2022-03-31 21:00:00,,297.72192,992.44904,1.6784059,59.62274,0.0,0.0
2022-03-31 22:00:00,,296.88214,993.14844,1.8526192,67.09273,0.0,0.0
2022-03-31 23:00:00,,298.41736,993.85046,1.4493366,64.65333,0.0,0.0
2022-04-01 00:00:00,26.35,301.36914,994.52966,1.5145693,55.794067,0.0,0.0
2022-04-01 01:00:00,27.04,304.49847,994.58624,2.450814,39.59943,0.0,0.0
2022-04-01 02:00:00,28.34,307.2798,994.0264,3.528583,27.205688,0.0,0.0
2022-04-01 03:00:00,28.6,309.35144,993.28827,3.79591,21.248922,0.0,0.0
2022-04-01 04:00:00,28.77,310.6739,992.1318,3.3413734,18.10395,0.0,0.0
2022-04-01 05:00:00,28.65,311.4162,991.08563,2.4578662,16.490805,0.0,0.0
2022-04-01 06:00:00,28.63,311.72656,990.21326,1.3692728,15.731142,0.0,0.0
2022-04-01 07:00:00,28.97,312.77914,989.32404,2.579054,14.521891,0.0,0.0
2022-04-01 08:00:00,29.43,312.58746,989.2294,2.8053157,14.61748,0.0,0.0
2022-04-01 09:00:00,29.57,312.1189,989.1839,3.8641047,15.1523905,0.0,0.0
2022-04-01 10:00:00,28.72,311.00473,989.72736,4.109628,16.989687,0.0,0.0
2022-04-01 11:00:00,28.25,309.98822,990.6368,4.95531,18.339567,0.0,0.0
2022-04-01 12:00:00,,308.987,991.2389,5.262345,19.402412,0.0,0.0
2022-04-01 13:00:00,,308.1538,991.3699,4.470437,20.226877,0.0,0.0
2022-04-01 14:00:00,,306.84058,991.39124,2.9559927,22.09164,0.0,0.0
2022-04-01 15:00:00,,305.769,991.5736,0.8111,25.673326,0.0,0.0
2022-04-01 16:00:00,,304.46295,991.71313,1.106437,29.696522,0.0,0.0
2022-04-01 17:00:00,,303.34467,991.7905,1.874118,37.93711,0.0,0.0
2022-04-01 18:00:00,,302.42548,991.59955,2.5360587,47.057064,0.0,0.0
2022-04-01 19:00:00,,301.19263,992.4308,1.1732777,41.213303,0.0,0.0
2022-04-01 20:00:00,,300.0135,992.5803,0.9736717,55.066532,0.0,0.0
2022-04-01 21:00:00,,299.97812,992.9217,0.45740232,50.22477,0.0,0.0
2022-04-01 22:00:00,,298.87643,993.51447,1.7698636,50.954754,0.0,0.0
2022-04-01 23:00:00,,300.64716,994.0054,2.2036533,37.899284,0.0,0.0
2022-04-02 00:00:00,27.21,303.89343,994.5142,3.6669512,23.653595,0.002573979,0.0
2022-04-02 01:00:00,27.31,306.09998,994.42596,4.4507046,18.645456,0.0,0.0
2022-04-02 02:00:00,27.62,307.99036,993.6411,4.2200117,16.143421,0.0,0.0
2022-04-02 03:00:00,27.37,309.29736,992.7982,3.22164,14.983268,0.0,0.0
2022-04-02 04:00:00,27.28,310.04858,991.66077,1.8759362,14.579002,0.0,0.0
2022-04-02 05:00:00,27.18,310.55493,990.687,1.0895576,14.394194,0.0,0.0
2022-04-02 06:00:00,27.95,311.13232,989.9066,2.0003793,13.973416,0.0,0.0
2022-04-02 07:00:00,28.48,311.5442,989.4188,3.571724,14.717449,0.0,0.0
2022-04-02 08:00:00,28.85,311.3542,989.4247,4.153437,14.537197,0.0,0.0
2022-04-02 09:00:00,28.68,310.69995,989.6692,4.351544,14.542693,0.0,0.0
2022-04-02 10:00:00,28.43,309.31543,990.2497,3.4644995,15.923704,0.0,0.0
2022-04-02 11:00:00,28.15,307.956,990.6956,3.0739172,17.341099,0.0,0.0
2022-04-02 12:00:00,,306.60687,991.1964,3.0889003,18.452406,0.0,0.0
2022-04-02 13:00:00,,305.2913,991.34314,3.2703853,18.823303,0.0,0.0
2022-04-02 14:00:00,,304.08588,991.2417,3.591854,18.392988,0.0,0.0
2022-04-02 15:00:00,,303.002,991.38275,3.858053,17.543642,0.0,0.0
2022-04-02 16:00:00,,302.02826,991.33295,3.953739,16.609434,0.0,0.0
2022-04-02 17:00:00,,301.13086,991.1196,3.888063,16.026293,0.0,0.0
2022-04-02 18:00:00,,300.28156,991.0025,3.8254368,15.955615,0.0,0.0
2022-04-02 19:00:00,,298.78906,991.7168,3.843979,16.399813,0.0,0.0
2022-04-02 20:00:00,,297.99554,991.96454,3.748035,17.054064,0.0,0.0
2022-04-02 21:00:00,,297.32733,992.4133,3.7148936,17.771969,0.0,0.0
2022-04-02 22:00:00,,296.81387,992.8876,3.6509514,18.495388,0.0,0.0
2022-04-02 23:00:00,,298.64917,993.465,3.432246,16.87471,0.0,0.0
2022-04-03 00:00:00,22.55,302.21603,993.9038,4.011802,13.199821,0.0012997614,0.0
2022-04-03 01:00:00,23.27,305.38,993.9786,4.2450128,11.296741,0.0,0.0
2022-04-03 02:00:00,24.37,307.8647,993.4441,3.9900084,10.123016,0.0,0.0
2022-04-03 03:00:00,24.93,309.30548,992.535,2.970062,8.945342,0.0,0.0
2022-04-03 04:00:00,25.12,310.1388,991.3962,2.1500554,8.358303,0.0,0.0
2022-04-03 05:00:00,24.99,310.87137,990.36743,2.2860973,8.350838,0.0,0.0
2022-04-03 06:00:00,24.52,311.39435,989.5916,2.6629407,8.741737,0.0,0.0
2022-04-03 07:00:00,23.82,311.72583,989.23975,2.3841274,9.25012,0.0,0.0
2022-04-03 08:00:00,23.26,311.61908,989.2725,3.0466712,9.70498,0.0,0.0
2022-04-03 09:00:00,22.82,310.95984,989.59924,3.364752,10.294784,0.0,0.0
2022-04-03 10:00:00,22.76,309.38397,990.1793,3.0120692,12.337451,0.0,0.0
2022-04-03 11:00:00,22.65,307.836,990.875,3.040167,14.3884,0.0,0.0
2022-04-03 12:00:00,,306.38373,991.30585,3.0906103,16.296797,0.0,0.0
2022-04-03 13:00:00,,305.04846,991.64404,3.1681929,17.823473,0.0,0.0
2022-04-03 14:00:00,,303.8172,991.6404,3.265034,19.033043,0.0,0.0
2022-04-03 15:00:00,,302.75958,991.5435,3.4986815,19.871498,0.0,0.0
2022-04-03 16:00:00,,301.94022,991.6152,3.8599312,20.17087,0.0,0.0
2022-04-03 17:00:00,,301.21252,991.3381,3.9416747,20.360895,0.0,0.0
2022-04-03 18:00:00,,300.47574,991.1947,3.6960275,20.863428,0.0,0.0
2022-04-03 19:00:00,,298.72577,991.5761,3.0751789,24.7081,0.0,0.0
2022-04-03 20:00:00,,297.76538,991.96643,2.7495577,26.538939,0.0,0.0
2022-04-03 21:00:00,,296.85217,992.3243,2.3744764,29.369228,0.0,0.0
2022-04-03 22:00:00,,296.11176,993.0128,2.2254684,31.88515,0.0,0.0
2022-04-03 23:00:00,,298.0611,993.54205,2.1201613,27.042576,0.0,0.0
2022-04-04 00:00:00,22.25,302.14612,993.90155,2.5837677,19.237991,0.0,0.0
2022-04-04 01:00:00,22.67,305.59875,994.0628,2.6635249,16.20438,0.0,0.0
2022-04-04 02:00:00,23.54,308.22675,993.47314,2.4764051,13.671287,0.0,0.0
2022-04-04 03:00:00,23.27,310.17554,992.6693,2.6221757,11.191685,0.0,0.0
2022-04-04 04:00:00,23.5,311.17648,991.69904,2.2504988,10.282426,0.0,0.0
2022-04-04 05:00:00,23.58,311.6557,990.7008,1.4588026,10.026403,0.0,0.0
2022-04-04 06:00:00,23.75,311.92084,990.0414,0.9265582,9.982727,0.0,0.0
2022-04-04 07:00:00,23.93,311.95975,989.717,1.0345978,10.92557,0.0,0.0
2022-04-04 08:00:00,24.1,311.88208,989.96686,1.3463854,10.940478,0.0,0.0
2022-04-04 09:00:00,23.59,311.42657,990.0045,1.79845,11.126639,0.0,0.0
2022-04-04 10:00:00,22.91,310.18152,990.58826,2.3795319,12.797337,0.0,0.0
2022-04-04 11:00:00,23.02,308.58627,991.3364,2.8694263,14.979193,0.0,0.0
2022-04-04 12:00:00,,307.09967,991.8622,2.9784184,16.908,0.0,0.0
2022-04-04 13:00:00,,305.72614,992.28625,2.913822,18.899063,0.0,0.0
2022-04-04 14:00:00,,304.48648,992.2739,2.589434,21.19033,0.0,0.0
2022-04-04 15:00:00,,303.1114,992.2989,2.31298,24.558664,0.0,0.0
2022-04-04 16:00:00,,301.81952,992.1334,2.0345666,29.39021,0.0,0.0
2022-04-04 17:00:00,,301.89777,991.90356,1.2102555,28.492865,0.0,0.0
2022-04-04 18:00:00,,299.78494,992.0595,2.3647175,32.05724,0.0,0.0
2022-04-04 19:00:00,,298.22742,992.5461,3.3649158,37.39488,0.0,0.0
2022-04-04 20:00:00,,297.4895,992.65356,3.3313615,48.40436,0.0,0.0
2022-04-04 21:00:00,,296.87045,993.1445,2.827241,60.16543,0.0,0.0
2022-04-04 22:00:00,,296.2804,993.52014,2.525644,69.92622,0.0,0.0
2022-04-04 23:00:00,,297.98782,994.2661,2.0898411,68.571236,0.0,0.0
2022-04-05 00:00:00,23.83,301.213,994.747,2.598539,58.53899,0.0017285328,0.0
2022-04-05 01:00:00,24.26,304.4762,995.0441,2.9506965,44.928276,0.0,0.0
2022-04-05 02:00:00,24.74,307.21683,994.5464,2.767213,32.627644,0.0,0.0
2022-04-05 03:00:00,24.8,309.22076,993.22076,2.2772326,24.579834,0.0,0.0
2022-04-05 04:00:00,25.07,310.62378,992.1353,1.5968401,19.521423,0.0,0.0
2022-04-05 05:00:00,26.14,311.47156,990.9115,1.1547748,15.92492,0.0,0.0
2022-04-05 06:00:00,27.07,311.878,990.1864,1.0415945,14.475766,0.0,0.0
2022-04-05 07:00:00,27.24,311.9019,989.79706,0.9019544,14.478223,0.0,0.0
2022-04-05 08:00:00,27.59,311.7318,989.81055,1.1137649,14.481611,0.0,0.0
2022-04-05 09:00:00,27.23,311.29434,990.0161,1.7206317,14.7258415,0.0,0.0
2022-04-05 10:00:00,26.88,310.23767,990.59454,2.2064028,16.028275,0.0,0.0
2022-04-05 11:00:00,26.23,308.96207,991.06647,2.6092346,17.819262,0.0,0.0
2022-04-05 12:00:00,,307.63828,991.7064,2.9134636,19.635447,0.0,0.0
2022-04-05 13:00:00,,306.45343,991.7261,3.138416,20.932072,0.0,0.0
2022-04-05 14:00:00,,305.45013,992.0192,3.1609378,21.847904,0.0,0.0
2022-04-05 15:00:00,,304.16016,991.6653,2.7316937,24.153765,0.0,0.0
2022-04-05 16:00:00,,302.8246,991.36554,2.8501983,28.39461,0.0,0.0
2022-04-05 17:00:00,,301.60596,990.8817,3.5751755,37.088722,0.0,0.0
2022-04-05 18:00:00,,300.42926,990.7001,3.5970347,48.43175,0.0,0.0
2022-04-05 19:00:00,,299.64532,990.91766,3.2361634,43.266468,0.0,0.0
2022-04-05 20:00:00,,298.77045,991.07874,3.1395411,54.263176,0.0,0.0
2022-04-05 21:00:00,,298.10626,991.5656,2.9431028,63.347095,0.0,0.0
2022-04-05 22:00:00,,297.59888,992.6309,2.9121828,68.410965,0.0,0.0
2022-04-05 23:00:00,,299.21674,993.4535,2.266061,59.219296,0.0,0.0
2022-04-06 00:00:00,23.84,301.98535,993.63165,1.4767351,40.61561,0.0017136335,0.0
2022-04-06 01:00:00,24.34,304.68933,993.6233,1.6645489,30.020655,0.0,0.0
2022-04-06 02:00:00,24.65,307.2702,992.9504,1.6769983,24.123993,0.0,0.0
2022-04-06 03:00:00,24.64,309.53296,992.0828,1.4632795,20.145058,0.0,0.0
2022-04-06 04:00:00,25.56,311.28973,990.9453,1.5178462,17.594585,0.0,0.0
2022-04-06 05:00:00,26.73,312.58694,989.90546,2.1417139,15.117595,0.0,0.0
2022-04-06 06:00:00,27.36,313.0749,989.27313,2.0594552,14.288613,0.0,0.0
2022-04-06 07:00:00,27.75,313.1972,988.5611,2.256852,14.4057865,0.0,0.0
2022-04-06 08:00:00,28.55,312.72382,988.7022,2.6167607,14.587925,0.0,0.0
2022-04-06 09:00:00,28.95,312.33432,989.0666,3.2976022,14.878686,0.0,0.0
2022-04-06 10:00:00,29.32,311.3617,989.7264,3.1804905,16.681961,0.0,0.0
2022-04-06 11:00:00,,310.3503,990.5261,3.650676,18.22889,0.0,0.0
2022-04-06 12:00:00,,309.20776,990.90356,3.961006,19.621445,0.0,0.0
2022-04-06 13:00:00,,308.04617,991.25635,3.5834942,21.176294,0.0,0.0
2022-04-06 14:00:00,,306.80273,991.0469,2.8928378,23.228615,0.0,0.0
2022-04-06 15:00:00,,305.69592,991.035,2.3585672,25.842432,0.0,0.0
2022-04-06 16:00:00,,304.6438,990.52954,2.3139136,28.431622,0.0,0.0
2022-04-06 17:00:00,,303.89,989.95197,2.4725797,30.411266,0.0,0.0
2022-04-06 18:00:00,,302.60526,989.6425,1.7785355,36.443325,0.0,0.0
2022-04-06 19:00:00,,302.1978,990.49097,1.3348544,36.14368,0.0,0.0
2022-04-06 20:00:00,,301.03873,990.4956,1.5217977,38.56847,0.0,0.0
2022-04-06 21:00:00,,300.37567,991.3318,2.1047618,34.558384,0.0,0.0
2022-04-06 22:00:00,,299.75583,991.88763,2.604395,32.08272,0.0,0.0
2022-04-06 23:00:00,,301.73547,992.6775,2.7731893,26.217037,0.0,0.0
2022-04-07 00:00:00,23.9,305.1349,992.7864,4.037353,18.982346,0.0030149545,0.0
2022-04-07 01:00:00,24.39,307.50998,992.73596,4.6064663,16.220716,0.0,0.0
2022-04-07 02:00:00,25.33,309.45935,991.85815,4.0485973,15.589516,0.0,0.0
2022-04-07 03:00:00,25.62,311.11084,991.05695,3.3589518,15.481828,0.0,0.0
2022-04-07 04:00:00,25.7,312.36407,989.71094,2.9515631,15.270835,0.0,0.0
2022-04-07 05:00:00,25.7,313.2779,988.86096,3.0020542,14.323142,0.0,0.0
2022-04-07 06:00:00,26.66,313.55096,988.08905,2.5206935,13.100868,0.0,0.0
2022-04-07 07:00:00,27.45,313.13074,987.8631,2.7258348,13.691771,0.0,0.0
2022-04-07 08:00:00,28.3,312.89557,988.00903,2.7531567,13.910176,0.0,0.0
2022-04-07 09:00:00,28.34,312.2503,988.5675,2.8063035,14.880349,0.0,0.0
2022-04-07 10:00:00,28.5,311.20932,989.0546,2.7063346,16.974903,0.0,0.0
2022-04-07 11:00:00,28.48,310.2016,989.62646,2.7657692,18.898912,0.0,0.0
2022-04-07 12:00:00,,309.15323,990.1993,2.7127,20.746595,0.0,0.0
2022-04-07 13:00:00,,308.07227,990.41345,2.566113,22.391691,0.0,0.0
2022-04-07 14:00:00,,306.90106,990.4469,2.0881205,24.812109,0.0,0.0
2022-04-07 15:00:00,,305.5066,990.36896,1.2171164,31.462875,0.0,0.0
2022-04-07 16:00:00,,304.12823,990.4313,1.295272,36.533306,0.0,0.0
2022-04-07 17:00:00,,302.99966,990.3797,1.6476682,41.639294,0.0,0.0
2022-04-07 18:00:00,,302.57556,990.3189,2.6049485,43.33337,0.0,0.0
2022-04-07 19:00:00,,301.26813,990.7725,2.5570297,56.34132,0.0,0.0
2022-04-07 20:00:00,,300.82272,990.90393,2.6367667,63.25084,0.0,0.0
2022-04-07 21:00:00,,300.4682,991.4423,2.0783699,68.83705,0.0,0.0
2022-04-07 22:00:00,,300.12823,991.95624,0.9546975,76.08096,0.0,0.0
2022-04-07 23:00:00,,301.28116,992.87,0.9637017,67.72379,0.0,0.0
2022-04-08 00:00:00,,302.95575,993.1972,1.7045891,60.38294,0.0,0.0
2022-04-08 01:00:00,,305.15,993.4908,2.1299825,50.412743,0.0,0.0
2022-04-08 02:00:00,,307.37878,992.58234,2.31104,39.143585,0.0,0.0
2022-04-08 03:00:00,,309.39163,991.70685,2.7530806,28.069248,0.0,0.0
2022-04-08 04:00:00,,310.76434,990.4518,2.8860226,20.308348,0.0,0.0
2022-04-08 05:00:00,,311.1601,989.6394,2.435849,18.194077,0.0,0.0
2022-04-08 06:00:00,,311.58133,988.97345,1.8075669,16.619055,0.0,0.0
2022-04-08 07:00:00,,312.47345,988.3396,1.7264669,11.985035,0.0,0.0
2022-04-08 08:00:00,,312.3006,988.67017,0.8459541,11.718751,0.0,0.0
2022-04-08 09:00:00,,311.71594,988.7431,0.28081095,11.931693,0.0,0.0
2022-04-08 10:00:00,,310.2356,989.40906,1.6063122,15.100416,0.0,0.0
2022-04-08 11:00:00,,308.32617,989.6788,2.0745761,18.740791,0.0,0.0
2022-04-08 12:00:00,,306.82864,990.6189,2.2345357,21.584187,0.0,0.0
2022-04-08 13:00:00,,305.2148,990.73334,2.0484087,24.915428,0.0,0.0
2022-04-08 14:00:00,,303.9801,990.7674,0.80918264,33.447453,0.0,0.0
2022-04-08 15:00:00,,302.5568,990.5628,1.573035,33.75158,0.0,0.0
2022-04-08 16:00:00,,301.75858,990.66583,2.9570842,36.67191,0.0,0.0
2022-04-08 17:00:00,,300.66034,990.56604,3.4269063,45.166252,0.0,0.0
2022-04-08 18:00:00,,299.85095,990.54443,3.1349742,53.880356,0.0,0.0
2022-04-08 19:00:00,,298.85352,990.9456,3.0256424,63.61263,0.0,0.0
2022-04-08 20:00:00,,298.039,991.0653,2.034088,73.28509,0.0,0.0
2022-04-08 21:00:00,,297.9065,991.8519,0.77000004,76.10041,0.0,0.0
2022-04-08 22:00:00,,296.79916,992.9176,1.6064515,81.0188,0.0,0.0
2022-04-08 23:00:00,,298.74554,993.59296,1.7875228,70.06781,0.0,0.0
2022-04-09 00:00:00,,301.52225,994.1012,1.9618,60.515118,0.0,0.0
2022-04-09 01:00:00,,304.0662,994.13446,1.9977738,49.023262,0.0,0.0
2022-04-09 02:00:00,,306.82428,993.517,2.573701,33.27564,0.0,0.0
2022-04-09 03:00:00,,309.13562,992.51794,2.9664044,22.371277,0.0,0.0
2022-04-09 04:00:00,,310.6245,991.4981,2.7851617,16.864304,0.0,0.0
2022-04-09 05:00:00,,311.3661,990.54987,2.0526536,13.798912,0.0,0.0
2022-04-09 06:00:00,,311.66815,990.0161,1.2710866,11.945703,0.0,0.0
2022-04-09 07:00:00,,311.8463,989.4018,1.1533931,11.556801,0.0,0.0
2022-04-09 08:00:00,,311.7172,989.3322,1.5200375,11.331182,0.0,0.0
2022-04-09 09:00:00,,311.2848,989.77325,1.8651072,11.462064,0.0,0.0
2022-04-09 10:00:00,,309.85333,990.0014,2.0658782,14.171949,0.0,0.0
2022-04-09 11:00:00,,308.19275,990.6218,2.4998705,16.891893,0.0,0.0
2022-04-09 12:00:00,,306.5578,991.301,3.129836,19.180088,0.0,0.0
2022-04-09 13:00:00,,305.17365,991.5847,3.6016603,20.099232,0.0,0.0
2022-04-09 14:00:00,,304.31512,991.35077,3.931511,19.800838,0.0,0.0
2022-04-09 15:00:00,,303.50015,991.1731,3.6999824,20.333082,0.0,0.0
2022-04-09 16:00:00,,302.63565,991.1115,3.436963,21.648388,0.0,0.0
2022-04-09 17:00:00,,301.62006,990.60175,3.272991,23.56201,0.0,0.0
2022-04-09 18:00:00,,300.58282,990.7084,3.115134,25.46873,0.0,0.0
2022-04-09 19:00:00,,298.29218,991.1094,2.1517596,30.62306,0.0,0.0
2022-04-09 20:00:00,,296.86926,991.46735,1.8638575,35.93485,0.0,0.0
2022-04-09 21:00:00,,295.77606,992.03235,1.5412698,45.93277,0.0,0.0
2022-04-09 22:00:00,,296.2705,992.9858,0.36365405,43.781967,0.0,0.0
2022-04-09 23:00:00,,296.96014,994.05023,1.1187483,44.55841,0.0,0.0
2022-04-10 00:00:00,,300.48267,994.569,1.3042254,33.558064,0.0,0.0
2022-04-10 01:00:00,,303.78174,994.6824,1.0473281,28.262598,0.0,0.0
2022-04-10 02:00:00,,306.64362,994.2653,1.1968412,21.707796,0.0,0.0
2022-04-10 03:00:00,,308.76416,993.3989,2.082778,16.30842,0.0,0.0
2022-04-10 04:00:00,,310.01947,992.0167,2.1131766,14.033868,0.0,0.0
2022-04-10 05:00:00,,310.68762,991.14417,1.2452339,12.157377,0.0,0.0
2022-04-10 06:00:00,,311.0249,990.64294,0.6652759,11.169753,0.0,0.0
2022-04-10 07:00:00,,311.4757,989.8539,1.476725,10.885871,0.0,0.0
2022-04-10 08:00:00,,311.38455,989.9587,1.8813643,10.666035,0.0,0.0
2022-04-10 09:00:00,,310.96155,990.48224,2.1603277,10.812516,0.0,0.0
2022-04-10 10:00:00,,309.65796,990.89417,2.1513371,12.5533905,0.0,0.0
2022-04-10 11:00:00,,308.0079,991.7672,2.1193469,14.864065,0.0,0.0
2022-04-10 12:00:00,,306.33804,992.4921,1.91766,17.678381,0.0,0.0
2022-04-10 13:00:00,,304.49506,992.5544,1.7434019,23.36188,0.0,0.0
2022-04-10 14:00:00,,303.03238,992.4317,1.7033979,26.82449,0.0,0.0
2022-04-10 15:00:00,,301.76697,992.2459,1.7379808,29.200071,0.0,0.0
2022-04-10 16:00:00,,300.63184,991.836,1.811148,31.093746,0.0,0.0
2022-04-10 17:00:00,,299.70612,991.64374,1.7716471,32.135223,0.0,0.0
2022-04-10 18:00:00,,298.80115,991.4417,1.7719116,33.160297,0.0,0.0
2022-04-10 19:00:00,,296.70593,991.87665,2.1471531,36.255535,0.0,0.0
2022-04-10 20:00:00,,295.9314,991.84436,2.6214693,34.925125,0.0,0.0
2022-04-10 21:00:00,,295.17328,992.1277,2.4776847,36.035076,0.0,0.0
2022-04-10 22:00:00,,295.0054,992.93195,1.4880158,36.818707,0.0,0.0
2022-04-10 23:00:00,,296.40375,993.7637,0.6524993,41.47092,0.0,0.0
2022-04-11 00:00:00,,300.66095,994.2617,1.007775,23.56228,0.0,0.0
2022-04-11 01:00:00,,304.15717,994.465,1.7012271,18.259592,0.0,0.0
2022-04-11 02:00:00,,307.1945,993.92206,2.363335,15.354386,0.0,0.0
2022-04-11 03:00:00,,309.549,992.9761,2.5966845,13.2325325,0.0,0.0
2022-04-11 04:00:00,,310.7694,991.6446,2.584772,11.057622,0.0,0.0
2022-04-11 05:00:00,,311.29544,990.808,2.1099794,10.551334,0.0,0.0
2022-04-11 06:00:00,,311.50714,989.83295,1.5034729,10.4960375,0.0,0.0
2022-04-11 07:00:00,,311.5051,989.6061,0.8843252,12.409994,0.0,0.0
2022-04-11 08:00:00,,311.29205,989.4894,0.14611581,12.602232,0.0,0.0
2022-04-11 09:00:00,,310.85132,989.7505,1.0155085,12.979627,0.0,0.0
2022-04-11 10:00:00,,309.2611,990.09314,2.5161266,16.33707,0.0,0.0
2022-04-11 11:00:00,,307.6344,990.7742,3.1531885,18.83269,0.0,0.0
2022-04-11 12:00:00,,306.34692,991.5461,3.2570195,20.368872,0.0,0.0
2022-04-11 13:00:00,,305.08575,991.7583,3.04742,22.092707,0.0,0.0
2022-04-11 14:00:00,,303.77298,991.61194,2.4482114,24.603762,0.0,0.0
2022-04-11 15:00:00,,302.0923,991.60126,1.373293,34.77642,0.0,0.0
2022-04-11 16:00:00,,301.31836,991.1431,1.1357954,35.216225,0.0,0.0
2022-04-11 17:00:00,,300.1369,990.9841,2.6254072,35.034374,0.0,0.0
2022-04-11 18:00:00,,299.21246,990.74335,3.2017372,38.552303,0.0,0.0
2022-04-11 19:00:00,,297.80515,990.64966,3.915726,42.278065,0.0,0.0
2022-04-11 20:00:00,,297.45627,990.7573,4.2714915,43.909954,0.0,0.0
2022-04-11 21:00:00,,297.25528,991.1248,3.2791908,47.439323,0.0,0.0
2022-04-11 22:00:00,,296.6117,991.85095,1.2982533,56.071728,0.0,0.0
2022-04-11 23:00:00,,298.0719,992.72327,0.8727426,52.1284,0.0,0.0
2022-04-12 00:00:00,,301.2437,993.0878,1.7386705,39.454548,0.0,0.0
2022-04-12 01:00:00,,304.27362,993.21295,2.0582542,31.228594,0.0,0.0
2022-04-12 02:00:00,,307.1191,992.64966,2.0710816,22.809017,0.0,0.0
2022-04-12 03:00:00,,309.42273,991.53595,2.1661708,16.513939,0.0,0.0
2022-04-12 04:00:00,,310.82907,990.2757,1.9998069,14.153884,0.0,0.0
2022-04-12 05:00:00,,311.6931,989.41833,1.8961207,13.210313,0.0,0.0
2022-04-12 06:00:00,,312.1069,988.68896,1.676906,12.882583,0.0,0.0
2022-04-12 07:00:00,,312.4641,987.813,1.6603563,12.609831,0.0,0.0
2022-04-12 08:00:00,,312.27832,987.8834,1.4407324,12.688044,0.0,0.0
2022-04-12 09:00:00,,311.84158,988.5016,1.2042874,13.024674,0.0,0.0
2022-04-12 10:00:00,,310.55548,988.9875,2.3475175,15.289724,0.0,0.0
2022-04-12 11:00:00,,308.52283,989.6925,3.19743,18.239347,0.0,0.0
2022-04-12 12:00:00,,307.1125,990.36,3.6672866,19.57564,0.0,0.0
2022-04-12 13:00:00,,306.07297,990.69507,3.7846234,20.34036,0.0,0.0
2022-04-12 14:00:00,,305.5057,990.6231,3.2537482,20.827316,0.0,0.0
2022-04-12 15:00:00,,304.33206,990.5878,2.1281598,23.856827,0.0,0.0
2022-04-12 16:00:00,,303.00812,990.1409,1.5547583,30.099377,0.0,0.0
2022-04-12 17:00:00,,301.7439,990.26807,1.5196557,33.837986,0.0,0.0
2022-04-12 18:00:00,,300.22174,990.1955,1.705642,37.278755,0.0,0.0
2022-04-12 19:00:00,,299.52533,990.3655,2.9453418,36.797596,0.0,0.0
2022-04-12 20:00:00,,298.28616,990.4348,2.4918537,41.616432,0.0,0.0
2022-04-12 21:00:00,,297.1521,990.8775,1.2141447,52.09173,0.0,0.0
2022-04-12 22:00:00,,296.71527,991.84314,2.027531,50.378197,0.0,0.0
2022-04-12 23:00:00,,298.61108,992.69556,3.0147755,44.829266,0.0,0.0
2022-04-13 00:00:00,,302.16254,993.4272,3.672207,37.396908,0.0017032865,0.0
2022-04-13 01:00:00,,305.24716,993.46643,4.027949,30.977863,0.0,0.0
2022-04-13 02:00:00,,307.50986,992.8058,4.302519,26.637272,0.0,0.0
2022-04-13 03:00:00,,309.07666,991.9416,4.118667,23.987734,0.0,0.0
2022-04-13 04:00:00,,310.16602,990.77484,3.44057,22.04076,0.0,0.0
2022-04-13 05:00:00,,310.8306,990.0578,2.8672423,21.042927,0.0,0.0
2022-04-13 06:00:00,,311.04843,989.59283,2.7459414,21.158545,0.0,0.0
2022-04-13 07:00:00,,311.24353,988.93164,2.115183,23.337315,0.0,0.0
2022-04-13 08:00:00,,311.10208,988.779,2.2115974,23.722721,0.0,0.0
2022-04-13 09:00:00,,310.2375,989.48376,2.641838,25.831266,0.03297627,0.0
2022-04-13 10:00:00,,309.51804,990.27563,1.881058,27.832407,0.0,0.0
2022-04-13 11:00:00,,308.5425,991.40564,2.236498,30.72882,0.008627772,0.0
2022-04-13 12:00:00,,306.78766,992.7764,3.6058319,36.996525,0.08358061,0.0
2022-04-13 13:00:00,,305.6212,993.2545,3.105617,42.35075,0.026211143,0.0
2022-04-13 14:00:00,,304.80133,993.45874,2.7769217,46.162243,0.03363192,0.0
2022-04-13 15:00:00,,303.894,992.9528,3.8787055,50.726097,0.009790063,0.0
2022-04-13 16:00:00,,303.32645,992.4872,4.1566787,54.260063,0.0,0.0
2022-04-13 17:00:00,,302.87082,991.8814,3.1790812,56.288944,0.0,0.0
2022-04-13 18:00:00,,302.5747,991.7453,2.069027,57.562805,0.0,0.0
2022-04-13 19:00:00,,301.4873,992.1961,1.8637751,66.210106,0.0,0.0
2022-04-13 20:00:00,,301.00824,992.1261,1.6214405,68.75252,0.0,0.0
2022-04-13 21:00:00,,300.43542,992.3811,1.6193011,71.68624,0.0,0.0
2022-04-13 22:00:00,,299.9403,992.85974,1.5078628,74.70781,0.0,0.0
2022-04-13 23:00:00,,301.26624,993.53827,1.1161593,68.53903,0.0,0.0
2022-04-14 00:00:00,,303.37408,994.02783,1.0921812,57.76208,0.19481778,0.0
2022-04-14 01:00:00,,305.33383,994.1626,1.248606,49.43063,0.0,0.0
2022-04-14 02:00:00,,307.3094,993.60266,2.1919074,41.56123,0.0,0.0
2022-04-14 03:00:00,,308.77527,992.6195,2.918972,36.91338,0.0,0.0
2022-04-14 04:00:00,,310.33023,991.315,3.7274003,32.67002,0.0,0.0
2022-04-14 05:00:00,,311.48187,990.08563,4.225915,29.60361,0.0,0.0
2022-04-14 06:00:00,,312.10327,989.1516,4.3761067,27.974913,0.0,0.0
2022-04-14 07:00:00,,311.94104,989.2008,3.4422104,26.984272,0.0,0.0
2022-04-14 08:00:00,,312.26294,989.2678,4.3409925,25.599285,0.0,0.0
2022-04-14 09:00:00,,311.30603,989.9517,2.9787498,26.083284,0.0035017729,1.1199999
2022-04-14 10:00:00,,309.45236,990.9233,3.3484151,30.906729,1.0147244,4.58
2022-04-14 11:00:00,,306.81702,992.96783,4.7108965,42.863293,0.037625432,3.6599998
2022-04-14 12:00:00,,304.60162,993.8663,5.7754064,55.679535,0.0,0.0
2022-04-14 13:00:00,,303.50043,994.04736,4.9053717,61.00505,0.0,0.0
2022-04-14 14:00:00,,302.9344,993.72766,4.6753507,63.507877,0.0,3.9499998
2022-04-14 15:00:00,,302.3974,993.3569,5.097747,66.0183,0.0,0.07
2022-04-14 16:00:00,,301.88306,992.92206,4.4151206,68.368744,0.0,0.29
2022-04-14 17:00:00,,301.49323,992.4811,3.1276658,70.53889,0.0,0.0
2022-04-14 18:00:00,,301.1773,992.24274,2.2248666,72.56771,0.0,1.0999999
2022-04-14 19:00:00,,300.00702,993.21173,1.8809797,76.61117,0.0,0.0
2022-04-14 20:00:00,,299.55145,993.57,1.754012,79.68957,0.0,0.0
2022-04-14 21:00:00,,299.15906,993.3812,1.8480438,82.09991,0.0,0.0
2022-04-14 22:00:00,,298.9234,993.9178,2.0434103,83.622215,0.0,0.0
2022-04-14 23:00:00,,299.9563,994.54456,2.7487597,78.2151,0.0,0.0
2022-04-15 00:00:00,,301.9032,994.93994,3.3342748,66.80462,1.0567188,0.0
2022-04-15 01:00:00,,304.09518,995.02484,3.438984,55.707848,0.0,0.0
2022-04-15 02:00:00,,306.10138,994.41656,3.6061924,47.927128,0.0,0.0
2022-04-15 03:00:00,,307.8014,993.35657,3.4991982,41.95289,0.0,0.0
2022-04-15 04:00:00,,309.05164,992.1447,2.4878798,36.953693,0.0,0.0
2022-04-15 05:00:00,,309.65662,991.4536,1.1748036,32.62193,0.0,0.0
2022-04-15 06:00:00,,310.02615,990.7734,1.1678361,30.335802,0.0017136335,0.0
2022-04-15 07:00:00,,311.55066,990.51227,2.9473913,26.285559,0.0,0.0
2022-04-15 08:00:00,,311.6548,990.01685,3.354074,24.786182,0.0,0.0
2022-04-15 09:00:00,,311.22195,990.51013,3.3586707,23.909975,0.0,0.0
2022-04-15 10:00:00,,310.1754,991.0073,2.7367017,25.699013,0.0,0.0
2022-04-15 11:00:00,,309.40747,991.65405,2.1574032,26.94276,0.0,0.0
2022-04-15 12:00:00,,308.44534,992.1197,1.9178336,29.904669,0.0,0.0
2022-04-15 13:00:00,,307.0045,992.17737,2.0962212,33.7688,0.0,0.0
2022-04-15 14:00:00,,305.83612,992.1378,2.283378,37.19667,0.0,0.0
2022-04-15 15:00:00,,305.0099,991.69995,2.73381,38.093002,0.0,0.0
2022-04-15 16:00:00,,303.65637,991.70953,0.919596,49.94578,0.0,0.0
2022-04-15 17:00:00,,303.08002,991.64844,3.3198628,46.00517,0.0,0.0
2022-04-15 18:00:00,,302.01196,991.72687,4.364052,59.616776,0.0,0.0
2022-04-15 19:00:00,,300.91064,991.85956,4.27366,70.897255,0.0,0.0
2022-04-15 20:00:00,,300.20575,992.0776,3.7849598,76.13725,0.0,0.0
2022-04-15 21:00:00,,299.76028,992.4327,3.5275924,79.69349,0.0,0.0
2022-04-15 22:00:00,,299.32742,993.0492,3.2161894,83.41652,0.0,0.0
2022-04-15 23:00:00,,300.15472,993.6255,3.6837752,81.331604,0.0,0.0
2022-04-16 00:00:00,,301.87268,994.34,3.9911528,73.52205,0.0030025535,0.0
2022-04-16 01:00:00,,303.97015,994.0197,3.7324748,63.361305,0.0,0.0
2022-04-16 02:00:00,,306.02393,993.61884,3.1487832,53.35684,0.0,0.0
2022-04-16 03:00:00,,307.67157,992.4846,2.210061,45.172638,0.0,0.0
2022-04-16 04:00:00,,308.91736,991.47687,0.6818074,38.54728,0.0,0.0
2022-04-16 05:00:00,,309.93625,990.83655,1.6400776,32.19229,0.0,0.0
2022-04-16 06:00:00,,310.35663,990.04205,2.4753554,29.614882,0.0,0.0
2022-04-16 07:00:00,,311.39386,989.5544,3.0842006,22.566246,0.0,0.0
2022-04-16 08:00:00,,311.18622,989.5433,2.6516066,21.05481,0.0,0.0
2022-04-16 09:00:00,,310.94803,989.6526,2.063367,20.413294,0.0,0.0
2022-04-16 10:00:00,,309.823,990.04956,1.9688874,22.759457,0.0,0.0
2022-04-16 11:00:00,,308.35107,990.95544,2.7515376,25.835037,0.0,0.0
2022-04-16 12:00:00,,307.16623,991.31696,2.7669501,27.963469,0.0,0.0
2022-04-16 13:00:00,,306.10242,991.6987,2.4220402,30.281132,0.0,0.0
2022-04-16 14:00:00,,304.78137,991.7837,1.5670776,35.820656,0.0,0.0
2022-04-16 15:00:00,,303.47675,991.90125,1.8160713,38.107662,0.0,0.0
2022-04-16 16:00:00,,302.51202,992.113,4.402549,45.385086,0.0,0.0
2022-04-16 17:00:00,,301.45416,991.6897,4.755785,63.623394,0.0,0.0
2022-04-16 18:00:00,,300.84528,991.5714,4.0878425,70.81875,0.0,0.0
2022-04-16 19:00:00,,299.97192,991.92,3.5664017,74.77258,0.0,0.0
2022-04-16 20:00:00,,299.54492,992.2711,3.137293,77.97406,0.0,0.0
2022-04-16 21:00:00,,299.1925,992.2042,2.9258652,81.03519,0.0,0.0
2022-04-16 22:00:00,,298.97736,992.90936,2.5574746,83.60644,0.0,0.0
2022-04-16 23:00:00,,300.08624,993.37854,2.520165,80.1199,0.0,0.0
2022-04-17 00:00:00,,302.21887,993.83435,2.4852288,71.41887,0.0,0.0
2022-04-17 01:00:00,,304.45197,993.8614,2.2157896,60.13421,0.0,0.0
2022-04-17 02:00:00,,306.36548,993.5747,1.562319,49.84345,0.0,0.0
2022-04-17 03:00:00,,308.08603,992.76874,0.94328254,40.60682,0.0,0.0
2022-04-17 04:00:00,,309.55978,991.7639,0.54317623,32.29339,0.0,0.0
2022-04-17 05:00:00,,310.45392,990.9264,1.8107772,26.748323,0.0,0.0
2022-04-17 06:00:00,,310.9604,990.5515,2.4126832,24.845276,0.0,0.0
2022-04-17 07:00:00,,311.37634,990.125,2.4645677,22.40825,0.0,0.0
2022-04-17 08:00:00,,311.06036,990.09937,2.50346,21.403368,0.0,0.0
2022-04-17 09:00:00,,310.64697,990.1964,2.4421902,21.060787,0.0,0.0
2022-04-17 10:00:00,,309.56772,990.58844,2.918155,23.669575,0.0,0.0
2022-04-17 11:00:00,,308.3019,991.19867,3.441594,27.190512,0.0,0.0
2022-04-17 12:00:00,,307.14896,991.7942,3.297414,30.597052,0.0,0.0
2022-04-17 13:00:00,,306.28113,992.178,2.9759412,33.147984,0.0,0.0
2022-04-17 14:00:00,,305.35034,992.37036,2.5586178,35.913803,0.0,0.0
2022-04-17 15:00:00,,304.34747,992.53564,2.9136803,39.07813,0.0,0.0
2022-04-17 16:00:00,,303.73322,992.6383,3.238214,41.854954,0.0,0.0
2022-04-17 17:00:00,,303.08942,992.70776,2.6195583,45.70281,0.0,0.0
2022-04-17 18:00:00,,302.59106,992.875,2.2830834,50.16815,0.0,0.0
2022-04-17 19:00:00,,301.10712,992.95013,2.80562,58.22711,0.0,0.0
2022-04-17 20:00:00,,300.53607,993.16516,2.7774668,63.346146,0.0,0.0
2022-04-17 21:00:00,,299.98016,993.0732,2.5975585,68.30882,0.0,0.0
2022-04-17 22:00:00,,299.53342,993.4922,2.1261625,72.10139,0.0,0.0
2022-04-17 23:00:00,,300.76105,994.01874,1.4905945,66.71968,0.0,0.0
2022-04-18 00:00:00,,303.29892,994.6957,2.0748491,50.836575,0.0,0.0
2022-04-18 01:00:00,,306.116,994.84314,3.1277783,29.600445,0.0,0.0
2022-04-18 02:00:00,,308.6316,994.3313,4.321928,15.727088,0.0,0.0
2022-04-18 03:00:00,,310.47327,993.4353,4.9538054,11.012372,0.0,0.0
2022-04-18 04:00:00,,311.7268,992.1646,4.840025,9.684187,0.0,0.0
2022-04-18 05:00:00,,312.48505,991.20013,4.5480328,9.661815,0.0,0.0
2022-04-18 06:00:00,,312.8001,990.7195,4.284053,10.138769,0.0,0.0
2022-04-18 07:00:00,,312.57938,990.2818,3.4495227,11.883169,0.0,0.0
2022-04-18 08:00:00,,312.39648,990.4317,3.8394868,11.865411,0.0,0.0
2022-04-18 09:00:00,,311.47003,990.6331,3.5488975,12.715641,0.0,0.0
2022-04-18 10:00:00,,309.58075,991.3762,3.2380087,15.302031,0.0,0.0
2022-04-18 11:00:00,,308.08716,992.1765,3.2736068,17.36049,0.0,0.0
2022-04-18 12:00:00,,306.66632,992.644,3.467799,19.119635,0.0,0.0
2022-04-18 13:00:00,,305.40027,993.14795,3.7718048,20.381195,0.0,0.0
2022-04-18 14:00:00,,304.48175,993.1714,4.3640075,20.799685,0.0,0.0
2022-04-18 15:00:00,,303.98666,993.275,5.754057,20.437134,0.0,0.0
2022-04-18 16:00:00,,303.93988,993.1086,7.09523,19.986162,0.0,0.0
2022-04-18 17:00:00,,303.714,993.0075,6.8241463,20.439955,0.0,0.0
2022-04-18 18:00:00,,303.08643,993.1061,5.464551,21.600935,0.0,0.0
2022-04-18 19:00:00,,301.1876,993.5676,2.4014935,25.239134,0.0,0.0
2022-04-18 20:00:00,,299.75867,994.0803,1.9425603,31.809277,0.0,0.0
2022-04-18 21:00:00,,298.73425,994.1195,1.9284859,35.148575,0.0,0.0
2022-04-18 22:00:00,,298.41193,994.52655,2.8128664,31.582514,0.0,0.0
2022-04-18 23:00:00,,299.91144,995.4283,2.9513326,28.691153,0.0,0.0
2022-04-19 00:00:00,,303.07318,995.7609,4.6753936,22.794712,0.0,0.0
2022-04-19 01:00:00,,305.1521,995.85046,6.258914,20.687584,0.0,0.0
2022-04-19 02:00:00,,307.31573,995.3014,6.5747495,18.480753,0.0,0.0
2022-04-19 03:00:00,,309.27917,994.20544,6.5094895,16.688528,0.0,0.0
2022-04-19 04:00:00,,310.81393,992.9439,6.2268705,15.209347,0.0,0.0
2022-04-19 05:00:00,,311.77402,991.6145,5.7294374,14.084055,0.0,0.0
2022-04-19 06:00:00,,312.27884,990.9483,5.328382,13.325893,0.0,0.0
2022-04-19 07:00:00,,312.3615,990.6699,4.733294,13.354405,0.0,0.0
2022-04-19 08:00:00,,312.0691,990.8303,4.4452252,13.249375,0.0,0.0
2022-04-19 09:00:00,,311.22992,991.03827,3.7603407,13.932565,0.0,0.0
2022-04-19 10:00:00,,309.72937,991.3812,3.4624405,15.930763,0.0,0.0
2022-04-19 11:00:00,,308.32446,992.0807,3.72085,17.856365,0.0,0.0
2022-04-19 12:00:00,,307.47375,992.4907,4.0453477,18.994076,0.0,0.0
2022-04-19 13:00:00,,306.5367,992.8297,4.714996,19.9629,0.0,0.0
2022-04-19 14:00:00,,305.91425,992.9367,5.433722,20.320389,0.0,0.0
2022-04-19 15:00:00,,305.2864,992.91345,5.9585977,20.65832,0.0,0.0
2022-04-19 16:00:00,,304.805,992.9465,6.2085104,20.899858,0.0,0.0
2022-04-19 17:00:00,,304.36542,992.6973,6.0366793,21.200035,0.0,0.0
2022-04-19 18:00:00,,303.7831,992.44653,5.7607226,21.862268,0.0,0.0
2022-04-19 19:00:00,,301.77368,992.6262,5.0145764,25.19241,0.0,0.0
2022-04-19 20:00:00,,301.15546,993.06946,4.5750346,26.208141,0.0,0.0
2022-04-19 21:00:00,,300.5562,993.2631,3.8532584,27.472713,0.0,0.0
2022-04-19 22:00:00,,300.01312,993.79706,3.5394688,28.873352,0.0,0.0
2022-04-19 23:00:00,,301.40662,994.3274,3.4166825,27.42706,0.0,0.0
2022-04-20 00:00:00,,304.34998,994.6021,4.9848375,24.26513,0.0,0.0
2022-04-20 01:00:00,,307.10803,994.5639,6.514466,23.180727,0.0,0.0
2022-04-20 02:00:00,,309.3732,994.06696,7.4824066,22.418861,0.0,0.0
2022-04-20 03:00:00,,310.5804,993.0655,6.726457,20.954346,0.0,0.0
2022-04-20 04:00:00,,311.0767,992.1356,5.4373493,19.26268,0.0,0.0
2022-04-20 05:00:00,,311.02777,991.5977,4.2660546,18.418413,0.0,0.0
2022-04-20 06:00:00,,310.53473,991.3723,3.6766322,18.814028,0.0,0.0
2022-04-20 07:00:00,,310.94,991.60706,3.4143949,17.60886,0.0,0.0
2022-04-20 08:00:00,,310.57373,991.74884,3.193325,17.780407,0.0,0.0
2022-04-20 09:00:00,,309.9071,992.009,2.840357,18.618183,0.0,0.0
2022-04-20 10:00:00,,308.64026,992.64233,2.6245463,20.741518,0.0,0.0
2022-04-20 11:00:00,,307.61688,993.32654,2.768211,22.496746,0.0,0.0
2022-04-20 12:00:00,,306.56378,993.77966,2.8825173,24.055988,0.0,0.0
2022-04-20 13:00:00,,305.76514,993.9377,2.7932053,25.2636,0.0,0.32
2022-04-20 14:00:00,,304.88367,994.1326,2.8345823,26.69664,0.0,3.5299997
2022-04-20 15:00:00,,304.02966,994.14905,2.474456,28.68369,0.0,4.19
2022-04-20 16:00:00,,303.21545,994.0223,2.3891587,30.894482,0.0,1.9699999
2022-04-20 17:00:00,,302.07034,993.63525,2.4144416,34.422905,0.0,0.12
2022-04-20 18:00:00,,301.2,993.21063,1.5623312,41.447918,0.0,0.0
2022-04-20 19:00:00,,300.37088,994.0737,0.840998,50.763165,0.0,0.0
2022-04-20 20:00:00,,299.9358,994.34467,1.215448,47.962227,0.0,0.0
2022-04-20 21:00:00,,299.2545,994.2064,0.9611309,55.068474,0.0,0.0
2022-04-20 22:00:00,,298.84583,994.8739,1.6314616,51.257122,0.0,0.0
2022-04-20 23:00:00,,300.38187,995.4387,1.9083874,42.772884,0.0,0.0
2022-04-21 00:00:00,,303.3902,996.008,2.3186626,30.954494,0.0,0.0
2022-04-21 01:00:00,,305.81262,995.8929,3.7826009,23.184988,0.0,0.0
2022-04-21 02:00:00,,307.47302,995.6382,4.9000072,18.94836,0.0,0.0
2022-04-21 03:00:00,,308.635,994.605,4.991072,18.041676,0.0,0.0
2022-04-21 04:00:00,,309.75854,993.6303,4.5226545,17.313858,0.0,0.0
2022-04-21 05:00:00,,310.34814,992.4255,3.8564882,16.94267,0.0,0.0
2022-04-21 06:00:00,,310.6255,991.88776,3.3934128,16.677427,0.0,0.0
2022-04-21 07:00:00,,310.70364,991.6205,3.7896342,17.300741,0.0,0.0
2022-04-21 08:00:00,,310.54285,991.82764,3.9066868,17.245497,0.0,0.0
2022-04-21 09:00:00,,309.84338,992.3816,3.5119245,17.810064,0.0,0.0
2022-04-21 10:00:00,,308.7169,992.6576,3.3291364,19.322662,0.0,0.0
2022-04-21 11:00:00,,307.61972,993.28357,3.5556989,20.747229,0.0,0.0
2022-04-21 12:00:00,,306.7645,993.59515,3.843113,21.719004,0.0,0.0
2022-04-21 13:00:00,,305.97498,993.7583,3.8996098,22.517088,0.0,0.0
2022-04-21 14:00:00,,305.19742,993.6636,3.9879973,23.223452,0.0,0.0
2022-04-21 15:00:00,,304.6023,993.3778,4.2245426,23.40963,0.0,0.0
2022-04-21 16:00:00,,304.3636,993.4425,4.4363856,22.726717,0.0,0.0
2022-04-21 17:00:00,,303.979,993.35077,4.584936,22.073057,0.0,0.0
2022-04-21 18:00:00,,303.68982,993.27325,4.851692,21.519981,0.0,0.0
2022-04-21 19:00:00,,301.67975,993.6209,4.0541873,24.5992,0.0,0.0
2022-04-21 20:00:00,,300.6549,994.09644,4.5305862,25.64407,0.0,0.0
2022-04-21 21:00:00,,299.97415,994.43164,4.8029017,26.178698,0.0,0.0
2022-04-21 22:00:00,,299.4985,995.1078,4.8989897,26.574635,0.0,0.0
2022-04-21 23:00:00,,300.6058,995.822,4.8092985,24.80245,0.0,0.0
2022-04-22 00:00:00,,303.1291,996.7435,5.7108545,20.921907,0.0,0.0
2022-04-22 01:00:00,,305.27103,996.8727,6.1525264,18.212868,0.0,0.0
2022-04-22 02:00:00,,307.23413,996.7039,5.97523,16.468964,0.0,0.0
2022-04-22 03:00:00,,308.73633,995.7678,5.5422,15.27204,0.0,0.0
2022-04-22 04:00:00,,309.80075,994.4846,4.8631544,14.318747,0.0,0.0
2022-04-22 05:00:00,,310.4206,993.3077,4.0270433,13.746372,0.0,0.0
2022-04-22 06:00:00,,310.7276,992.7017,3.306532,13.518262,0.0,0.0
2022-04-22 07:00:00,,310.81042,992.26807,2.9349227,14.136924,0.0,0.0
2022-04-22 08:00:00,,310.5694,992.21735,2.913388,14.200234,0.0,0.0
2022-04-22 09:00:00,,309.89636,992.6291,2.8693027,14.751275,0.0,0.0
2022-04-22 10:00:00,,308.3994,993.1346,2.928679,16.784237,0.0,0.0
2022-04-22 11:00:00,,307.03143,993.7575,3.4892442,18.64366,0.0,0.0
2022-04-22 12:00:00,,305.9165,994.2034,3.77407,19.978024,0.0,0.0
2022-04-22 13:00:00,,304.8598,994.39923,3.6798103,21.088018,0.0,0.0
2022-04-22 14:00:00,,304.05148,994.2685,3.4825418,21.835358,0.0,0.0
2022-04-22 15:00:00,,303.18762,994.0327,3.5822215,22.495243,0.0,0.0
2022-04-22 16:00:00,,302.50262,993.6615,3.799325,22.834202,0.0,0.0
2022-04-22 17:00:00,,301.63794,993.36597,4.1059756,23.366236,0.0,0.0
2022-04-22 18:00:00,,300.99927,993.4252,4.2843843,23.562195,0.0,0.0
2022-04-22 19:00:00,,298.66522,993.5162,3.98372,28.142313,0.0,0.0
2022-04-22 20:00:00,,298.2658,993.5845,4.1668334,27.689167,0.0,0.0
2022-04-22 21:00:00,,298.04163,993.66516,4.0530605,26.972187,0.0,0.0
2022-04-22 22:00:00,,298.11508,994.4375,3.7292254,25.990788,0.0,0.0
2022-04-22 23:00:00,,299.12073,995.1726,3.2728753,24.04128,0.0,0.0
2022-04-23 00:00:00,,301.88104,995.64844,4.419148,18.934566,0.0,0.0
2022-04-23 01:00:00,,304.64554,995.5733,5.238255,15.496511,0.0,0.0
2022-04-23 02:00:00,,307.14703,995.2127,5.6696744,13.178285,0.0,0.0
2022-04-23 03:00:00,,308.74417,994.1554,5.2275653,12.335074,0.0,0.0
2022-04-23 04:00:00,,309.56577,993.1746,4.102717,12.1776905,0.0,0.0
2022-04-23 05:00:00,,309.97943,992.0472,3.1030262,12.212385,0.0,0.0
2022-04-23 06:00:00,,310.18872,991.6654,2.741024,12.331399,0.0,0.0
2022-04-23 07:00:00,,310.13376,991.38367,2.6086001,13.285044,0.0,0.0
2022-04-23 08:00:00,,309.93018,991.71173,2.962476,13.564198,0.0,0.0
2022-04-23 09:00:00,,309.23492,992.28357,3.0188124,14.238615,0.0,0.0
2022-04-23 10:00:00,,307.94385,992.4319,2.7909138,15.980007,0.0,0.0
2022-04-23 11:00:00,,306.9026,992.97595,3.0943213,17.437836,0.0,0.0
2022-04-23 12:00:00,,305.78558,993.42053,3.3497841,18.840431,0.0,0.0
2022-04-23 13:00:00,,304.45602,993.4164,3.5567505,20.338322,0.0,0.0
2022-04-23 14:00:00,,303.32184,993.2825,3.916275,21.409624,0.0,0.0
2022-04-23 15:00:00,,302.33652,993.1765,4.3467803,22.009218,0.0,0.0
2022-04-23 16:00:00,,301.43954,992.9982,4.5037265,22.26277,0.0,0.0
2022-04-23 17:00:00,,300.6849,992.84686,4.5166564,22.373758,0.0,0.0
2022-04-23 18:00:00,,300.0049,993.03534,4.512511,22.502666,0.0,0.0
2022-04-23 19:00:00,,298.27667,993.4197,3.6491485,24.168243,0.0,0.0
2022-04-23 20:00:00,,297.4152,993.92896,3.3231854,25.227407,0.0,0.0
2022-04-23 21:00:00,,296.78806,993.98413,2.9830885,26.095291,0.0,0.0
2022-04-23 22:00:00,,296.2271,994.83905,2.7179592,27.1837,0.0,0.0
2022-04-23 23:00:00,,297.4579,995.36,2.317417,25.429674,0.0,0.0
2022-04-24 00:00:00,,300.58502,995.8164,3.0066102,20.040876,0.0,0.0
2022-04-24 01:00:00,,303.3413,995.6128,3.6190653,17.519115,0.0,0.0
2022-04-24 02:00:00,,305.86182,994.7431,4.134939,15.869498,0.0,0.0
2022-04-24 03:00:00,,307.73456,993.6227,4.6151876,14.364401,0.0,0.0
2022-04-24 04:00:00,,308.6698,992.1678,4.023565,13.939927,0.0,0.0
2022-04-24 05:00:00,,309.23236,991.1827,3.4651313,13.899996,0.0,0.0
2022-04-24 06:00:00,,309.57114,990.71295,3.3688004,13.977833,0.0,0.0
2022-04-24 07:00:00,,309.59692,990.32764,4.0117984,14.166908,0.0,0.0
2022-04-24 08:00:00,,309.25745,990.54315,4.22309,14.23369,0.0,0.0
2022-04-24 09:00:00,,308.36816,990.9636,3.7957935,15.056513,0.0,0.0
2022-04-24 10:00:00,,306.5729,991.396,3.2466893,17.659332,0.0,0.0
2022-04-24 11:00:00,,305.17288,992.02124,3.3349257,19.713545,0.0,0.0
2022-04-24 12:00:00,,303.9306,992.59326,3.453503,21.480001,0.0,0.0
2022-04-24 13:00:00,,302.82465,992.5808,3.5971045,22.972513,0.0,0.0
2022-04-24 14:00:00,,301.86816,992.6641,3.797118,24.183838,0.0,0.0
2022-04-24 15:00:00,,301.03223,992.387,3.9193244,25.200453,0.0,0.0
2022-04-24 16:00:00,,300.2671,992.011,3.8382306,26.265583,0.0,0.0
2022-04-24 17:00:00,,299.5398,991.6883,3.658269,27.486229,0.0,0.0
2022-04-24 18:00:00,,298.8796,991.5531,3.4915383,28.77163,0.0,0.0
2022-04-24 19:00:00,,297.3781,991.9603,3.3311007,31.778849,0.0,0.0
2022-04-24 20:00:00,,296.54248,992.1503,3.2003465,33.8073,0.0,0.0
2022-04-24 21:00:00,,295.9309,992.70544,3.0793655,35.665657,0.0,0.0
2022-04-24 22:00:00,,295.4543,993.3074,3.1541164,37.31068,0.0,0.0
2022-04-24 23:00:00,,296.96796,994.02954,2.9674609,34.644955,0.0,0.0
2022-04-25 00:00:00,,300.30197,994.4856,3.867215,28.014029,0.0,0.0
2022-04-25 01:00:00,,303.31226,994.3892,4.5740137,23.338871,0.0,0.0
2022-04-25 02:00:00,,305.78168,993.64923,4.9048634,20.52392,0.0,0.0
2022-04-25 03:00:00,,307.20792,992.5506,4.3510942,19.25588,0.0,0.0
2022-04-25 04:00:00,,307.87836,991.26984,3.1825042,18.020172,0.0,0.0
2022-04-25 05:00:00,,308.2109,990.14435,2.2511516,16.907001,0.0,0.0
2022-04-25 06:00:00,,308.4177,989.61755,1.8580161,16.347176,0.0,0.0
2022-04-25 07:00:00,,308.67822,989.1992,2.390353,15.376488,0.0,0.0
2022-04-25 08:00:00,,308.41068,989.40845,2.525677,15.414068,0.0,0.0
2022-04-25 09:00:00,,307.73944,989.72906,2.4581082,15.910797,0.0,0.0
2022-04-25 10:00:00,,306.35596,990.0175,2.2592459,18.071474,0.0,0.0
2022-04-25 11:00:00,,304.95007,990.4891,2.5607235,20.223558,0.0,0.0
2022-04-25 12:00:00,,303.51184,990.8418,2.8319545,22.207256,0.0,0.0
2022-04-25 13:00:00,,302.24246,990.99274,3.066994,23.683975,0.0,0.0
2022-04-25 14:00:00,,301.14566,990.6834,3.2274742,24.726292,0.0,0.0
2022-04-25 15:00:00,,300.2146,990.4455,3.4351952,25.394695,0.0,0.0
2022-04-25 16:00:00,,299.4839,990.29095,3.774983,25.51703,0.0,0.0
2022-04-25 17:00:00,,298.87982,989.8248,4.0706143,25.206951,0.0,0.0
2022-04-25 18:00:00,,298.331,989.83795,4.1831126,24.923466,0.0,0.0
2022-04-25 19:00:00,,296.65002,990.0948,2.9421332,30.228165,0.0,0.0
2022-04-25 20:00:00,,295.78918,990.3793,2.798979,31.41525,0.0,0.0
2022-04-25 21:00:00,,295.05057,990.71075,2.537928,32.893356,0.0,0.0
2022-04-25 22:00:00,,294.33563,991.3222,2.262364,35.302605,0.0,0.0
2022-04-25 23:00:00,,295.68155,991.90265,1.7945077,33.414276,0.0,0.0
2022-04-26 00:00:00,,299.3464,992.5464,2.1563902,25.185526,0.0,0.0
2022-04-26 01:00:00,,302.6717,992.40546,2.5883505,21.497496,0.0,0.0
2022-04-26 02:00:00,,305.61243,992.0711,2.9017234,19.21815,0.0,0.0
2022-04-26 03:00:00,,307.4035,990.9519,2.5340362,16.629683,0.0,0.0
2022-04-26 04:00:00,,308.01508,989.5039,1.169011,15.689808,0.0,0.0
2022-04-26 05:00:00,,308.39435,988.5736,0.32663828,15.323506,0.0,0.0
2022-04-26 06:00:00,,308.6991,988.00726,0.7400869,15.010775,0.0,0.0
2022-04-26 07:00:00,,308.85925,987.6033,0.85865325,15.057937,0.0,0.0
2022-04-26 08:00:00,,308.6373,987.58545,1.033274,15.202242,0.0,0.0
2022-04-26 09:00:00,,308.19882,988.10345,1.5600042,15.591882,0.0,0.0
2022-04-26 10:00:00,,306.94644,988.45264,2.330162,17.528557,0.0,0.0
2022-04-26 11:00:00,,305.65845,989.26514,2.873674,19.438318,0.0,0.0
2022-04-26 12:00:00,,304.4769,989.8195,3.2725592,20.965384,0.0,0.0
2022-04-26 13:00:00,,303.42737,989.73224,3.4176137,22.204958,0.0,0.0
2022-04-26 14:00:00,,302.48096,989.9342,3.202466,23.631224,0.0,0.0
2022-04-26 15:00:00,,301.32428,989.90216,2.707268,25.908655,0.0,0.0
2022-04-26 16:00:00,,300.05338,989.90295,2.2382433,29.36547,0.0,0.0
2022-04-26 17:00:00,,299.1701,989.7621,2.3924248,31.562656,0.0,0.0
2022-04-26 18:00:00,,298.3847,989.94556,3.1288292,33.139874,0.0,0.0
2022-04-26 19:00:00,,296.83624,989.8098,3.6065893,36.705406,0.0,0.0
2022-04-26 20:00:00,,296.4309,990.3613,3.5185313,37.737312,0.0,0.0
2022-04-26 21:00:00,,296.0078,990.9111,3.3591244,39.051514,0.0,0.0
2022-04-26 22:00:00,,295.7498,991.8448,3.2689445,40.228928,0.0,0.0
2022-04-26 23:00:00,,297.1839,992.6312,3.0878181,37.697746,0.0,0.0
2022-04-27 00:00:00,,299.76904,993.0831,3.562989,32.23831,0.0025581156,0.0
2022-04-27 01:00:00,,302.25787,993.29694,3.943408,26.717564,0.0,0.0
2022-04-27 02:00:00,,304.35965,992.9818,4.0255017,22.166338,0.0,0.0
2022-04-27 03:00:00,,306.44922,991.9503,4.2163396,18.163046,0.0,0.0
2022-04-27 04:00:00,,307.84204,990.8354,4.4497004,15.52248,0.0,0.0
2022-04-27 05:00:00,,308.5557,989.8722,4.3791723,14.823766,0.0,0.0
2022-04-27 06:00:00,,308.76282,989.1169,3.6427321,15.158222,0.0,0.0
2022-04-27 07:00:00,,309.1411,988.5962,2.0181108,15.353839,0.0,0.0
2022-04-27 08:00:00,,308.85907,988.6931,2.0680442,15.419008,0.0,0.0
2022-04-27 09:00:00,,308.20596,989.1478,1.9779236,16.071587,0.0,0.0
2022-04-27 10:00:00,,306.80682,989.5974,2.1524746,18.263386,0.0,0.0
2022-04-27 11:00:00,,305.3064,990.1514,2.3947434,20.913315,0.0,0.0
2022-04-27 12:00:00,,303.73343,990.69476,2.7711246,23.728245,0.0,0.0
2022-04-27 13:00:00,,302.5111,990.7704,3.2661724,25.874594,0.0,0.0
2022-04-27 14:00:00,,301.56628,990.92725,3.6185849,27.964302,0.0,0.0
2022-04-27 15:00:00,,300.69604,990.7028,3.8180566,30.344448,0.0,0.0
2022-04-27 16:00:00,,299.82312,990.6852,3.6295185,32.821476,0.0,0.0
2022-04-27 17:00:00,,298.83923,990.5142,3.1700242,35.495922,0.0,0.0
2022-04-27 18:00:00,,297.9386,990.7623,2.5103586,38.393993,0.0,0.0
2022-04-27 19:00:00,,296.8605,991.2582,3.0371096,39.93644,0.0,0.0
2022-04-27 20:00:00,,296.085,991.5831,2.375493,44.405712,0.0,0.0
2022-04-27 21:00:00,,295.3514,992.3591,2.6800656,47.913826,0.0,0.0
2022-04-27 22:00:00,,294.53595,993.1044,2.873669,51.62828,0.0,0.0
2022-04-27 23:00:00,,296.087,994.0611,2.3736923,48.498684,0.0,0.0
2022-04-28 00:00:00,,299.60318,994.497,2.3834085,40.200962,0.0021517277,0.0
2022-04-28 01:00:00,,302.12558,994.63477,1.6271548,32.88616,0.0,0.0
2022-04-28 02:00:00,,304.3153,993.96906,1.0108306,27.091078,0.0,0.0
2022-04-28 03:00:00,,306.36517,992.84393,1.4177047,22.443155,0.0,0.0
2022-04-28 04:00:00,,307.8088,991.7483,2.074252,19.78022,0.0,0.0
2022-04-28 05:00:00,,308.61127,990.8361,2.1078825,18.538692,0.0,0.0
2022-04-28 06:00:00,,308.88943,990.31384,1.5799737,18.267723,0.0,0.0
2022-04-28 07:00:00,,309.32764,990.30585,1.3802309,17.37027,0.0,0.0
2022-04-28 08:00:00,,308.99194,990.1884,0.9645687,17.546288,0.0,0.0
2022-04-28 09:00:00,,308.5766,990.94336,1.1323428,17.855974,0.0,0.0
2022-04-28 10:00:00,,307.70505,991.37085,1.7289174,18.91824,0.0,0.0
2022-04-28 11:00:00,,306.63895,992.2019,2.3792365,20.287392,0.0,0.0
2022-04-28 12:00:00,,305.31625,992.76733,2.8128762,21.97884,0.0,0.0
2022-04-28 13:00:00,,304.1103,992.99,3.1915238,23.432203,0.0,0.0
2022-04-28 14:00:00,,303.16617,993.01685,3.4290376,24.523527,0.0,0.0
2022-04-28 15:00:00,,302.3072,992.96857,3.469092,25.646526,0.0,0.0
2022-04-28 16:00:00,,301.46393,992.72955,3.2941039,26.999239,0.0,0.0
2022-04-28 17:00:00,,300.48358,992.6012,2.7360268,29.129631,0.0,0.0
2022-04-28 18:00:00,,299.69562,992.5503,1.0760977,35.295307,0.0,0.0
2022-04-28 19:00:00,,298.1551,992.7313,0.59066546,40.12522,0.0,0.0
2022-04-28 20:00:00,,296.66492,993.29877,1.557828,43.419167,0.0,0.0
2022-04-28 21:00:00,,295.94867,993.7407,2.2403424,44.2066,0.0,0.0
2022-04-28 22:00:00,,295.04926,994.4613,1.9661645,50.796623,0.0,0.0
2022-04-28 23:00:00,,296.33832,995.06384,0.8642961,54.54092,0.0,0.0
2022-04-29 00:00:00,,300.34113,995.53564,0.27838507,35.686535,0.0,0.0
2022-04-29 01:00:00,,303.24356,995.5659,0.7184159,25.963306,0.0,0.0
2022-04-29 02:00:00,,305.87296,995.06604,1.902714,20.599232,0.0,0.0
2022-04-29 03:00:00,,308.26422,993.8339,2.9001822,16.94743,0.0,0.0
2022-04-29 04:00:00,,310.01904,992.41016,3.369479,15.55277,0.0,0.0
2022-04-29 05:00:00,,310.99033,991.1328,3.531399,15.944496,0.0,0.0
2022-04-29 06:00:00,,311.46753,990.42993,3.2142587,15.857579,0.0,0.0
2022-04-29 07:00:00,,311.64508,990.20404,1.3210752,17.088884,0.0,0.0
2022-04-29 08:00:00,,311.398,990.3256,0.33309454,17.242517,0.0,0.0
2022-04-29 09:00:00,,311.07132,990.938,1.7632113,17.533339,0.0,0.0
2022-04-29 10:00:00,,309.37054,991.377,2.98045,19.764557,0.0,0.0
2022-04-29 11:00:00,,308.15735,992.2264,3.306751,21.092663,0.0,0.0
2022-04-29 12:00:00,,306.99954,992.79236,3.2054455,22.351189,0.0,0.0
2022-04-29 13:00:00,,306.02832,992.995,3.0336206,23.481352,0.0,0.0
2022-04-29 14:00:00,,305.33453,993.0221,2.777432,24.38685,0.0,0.0
2022-04-29 15:00:00,,304.63495,992.6116,2.3960545,25.570892,0.0,0.0
2022-04-29 16:00:00,,303.84302,992.1714,1.6413686,28.580015,0.0,0.0
2022-04-29 17:00:00,,303.15363,992.053,1.2558188,32.253746,0.0,0.0
2022-04-29 18:00:00,,302.7746,991.89233,1.9885558,28.80069,0.0,0.0
2022-04-29 19:00:00,,300.13324,992.1574,2.5478969,34.12429,0.0,0.0
2022-04-29 20:00:00,,299.03528,992.30237,2.9194884,37.157455,0.0,0.0
2022-04-29 21:00:00,,298.06427,992.97107,3.570473,42.738857,0.0,0.0
2022-04-29 22:00:00,,297.4577,993.4514,3.5704849,49.793865,0.0,0.0
2022-04-29 23:00:00,,298.67468,994.2648,3.2895494,51.529873,0.0,0.0
2022-04-30 00:00:00,,301.25836,994.79236,3.1395905,43.695454,0.0,0.0
2022-04-30 01:00:00,,303.61313,995.2239,2.0473225,34.071793,0.0,0.0
2022-04-30 02:00:00,,305.631,995.0783,1.073614,28.947369,0.0,0.0
2022-04-30 03:00:00,,307.51093,994.2084,0.49999455,25.006176,0.0,0.0
2022-04-30 04:00:00,,309.04395,993.1291,0.3224073,22.215069,0.0,0.0
2022-04-30 05:00:00,,310.10364,992.0464,1.3836575,20.758438,0.0,0.0
2022-04-30 06:00:00,,310.8266,991.47626,2.4469419,19.659952,0.0,0.0
2022-04-30 07:00:00,,310.81458,991.56757,2.5207663,20.775454,0.0,0.0
2022-04-30 08:00:00,,310.56055,991.62616,1.944574,21.395565,0.0,0.0
2022-04-30 09:00:00,,310.00275,991.765,0.72413355,22.091766,0.0,0.0
2022-04-30 10:00:00,,309.21115,992.365,1.996234,23.628128,0.0,0.0
2022-04-30 11:00:00,,308.07684,992.9239,3.164325,25.581125,0.0,0.0
2022-04-30 12:00:00,,307.10855,993.3145,3.302121,26.897469,0.0,0.0
2022-04-30 13:00:00,,306.3108,993.4866,3.2735083,28.001522,0.0,0.0
2022-04-30 14:00:00,,305.75122,993.5275,3.224007,28.727064,0.0,0.0
2022-04-30 15:00:00,,305.06946,993.4659,3.2781816,29.935667,0.0,0.0
2022-04-30 16:00:00,,304.77032,992.95825,2.7523174,31.008038,0.0,0.0
2022-04-30 17:00:00,,304.4519,992.7441,2.2449732,33.265602,0.0,0.0
2022-04-30 18:00:00,,303.88403,992.4121,2.2172046,35.062344,0.0,0.0
2022-04-30 19:00:00,,301.59467,992.8058,2.2838929,39.36034,0.0,0.0
2022-04-30 20:00:00,,300.51822,993.0158,2.5279808,43.652107,0.0,0.0
2022-04-30 21:00:00,,299.89905,992.9462,2.66437,47.389103,0.0,0.0
2022-04-30 22:00:00,,299.38757,993.9453,2.4087949,51.049416,0.0,0.0
2022-04-30 23:00:00,,300.31573,994.7405,2.2935076,49.727417,0.0,0.0
2022-05-01 00:00:00,302.5581,995.4761,2.5905855,44.14345,0.0017195939,0.0,
2022-05-01 01:00:00,305.09628,995.4955,3.0145652,36.863525,0.0,0.0,
2022-05-01 02:00:00,307.53052,995.1116,4.1963673,31.648922,0.0,0.0,
2022-05-01 03:00:00,309.13123,994.0559,5.329168,29.237371,0.0,0.0,
2022-05-01 04:00:00,309.98303,992.96313,5.43994,27.708126,0.0,0.0,
2022-05-01 05:00:00,310.27863,991.9253,4.979247,27.126282,0.0,0.0,
2022-05-01 06:00:00,310.0328,991.56274,4.5374026,27.105913,0.0,0.0,
2022-05-01 07:00:00,310.45514,991.1384,4.30195,26.286407,0.0,0.0,
2022-05-01 08:00:00,310.235,991.4381,3.9908283,26.304214,0.0,0.0,
2022-05-01 09:00:00,309.54456,992.06946,3.4939442,26.699102,0.0,0.0,
2022-05-01 10:00:00,308.85074,992.725,2.0720768,27.626371,0.0,0.0,
2022-05-01 11:00:00,308.16803,993.595,1.466321,29.002699,0.0,0.0,
2022-05-01 12:00:00,307.3456,994.10406,1.7804044,31.161955,0.0,0.0,
2022-05-01 13:00:00,306.49194,994.3198,2.7138205,31.358416,0.0,0.0,
2022-05-01 14:00:00,305.58142,994.34674,3.5408654,31.60756,0.0,0.0,
2022-05-01 15:00:00,305.13712,994.21436,4.074268,30.742344,0.0,0.0,
2022-05-01 16:00:00,304.71472,994.02673,4.4952316,30.082396,0.0,0.0,
2022-05-01 17:00:00,304.2651,993.79456,5.0851483,29.606089,0.0,0.0,
2022-05-01 18:00:00,303.72668,993.70404,5.639499,28.767384,0.0,0.0,
2022-05-01 19:00:00,302.47333,993.78546,4.6446457,30.901438,0.0,0.0,
2022-05-01 20:00:00,301.88013,994.08704,4.5711164,30.541634,0.0,0.0,
2022-05-01 21:00:00,301.25153,994.41876,4.39614,30.676517,0.0,0.0,
2022-05-01 22:00:00,300.82086,995.36365,4.239841,30.993954,0.0,0.0,
2022-05-01 23:00:00,301.6366,996.25903,4.2318387,29.627666,0.0,0.0,
2022-05-02 00:00:00,303.1976,996.5443,5.788881,27.097136,0.0,0.0,
2022-05-02 01:00:00,304.9538,996.3145,6.362019,25.108376,0.0,0.0,
2022-05-02 02:00:00,306.73996,995.72906,6.132519,23.003586,0.0,0.0,
2022-05-02 03:00:00,308.1217,994.7488,5.3321815,21.235106,0.0,0.0,
2022-05-02 04:00:00,309.127,993.3226,4.416868,19.871464,0.0,0.0,
2022-05-02 05:00:00,309.8055,992.1515,3.708136,18.912388,0.0,0.0,
2022-05-02 06:00:00,310.2533,991.5519,3.4404743,18.401217,0.0,0.0,
2022-05-02 07:00:00,310.44574,991.25745,3.7182858,18.253614,0.0,0.0,
2022-05-02 08:00:00,310.23932,991.28235,3.9526532,18.106638,0.0,0.0,
2022-05-02 09:00:00,309.56586,991.66815,3.9160442,18.353945,0.0,0.0,
2022-05-02 10:00:00,308.2633,992.16,3.3924835,19.802723,0.0,0.0,
2022-05-02 11:00:00,307.15295,992.9194,3.6623251,21.018757,0.0,0.0,
2022-05-02 12:00:00,305.9472,993.4835,3.8711178,22.33848,0.0,0.0,
2022-05-02 13:00:00,304.90353,993.677,3.8316982,23.59937,0.0,0.0,
2022-05-02 14:00:00,303.8606,993.8791,3.6798325,25.085318,0.0,0.0,
2022-05-02 15:00:00,302.89227,993.91266,3.5979967,26.638252,0.0,0.0,
2022-05-02 16:00:00,302.0526,993.52155,3.5707428,28.055235,0.0,0.0,
2022-05-02 17:00:00,301.37744,993.27515,3.6007059,29.18237,0.0,0.0,
2022-05-02 18:00:00,300.69666,993.10095,3.69724,30.264128,0.0,0.0,
2022-05-02 19:00:00,299.50732,993.20953,3.5735404,32.68091,0.0,0.0,
2022-05-02 20:00:00,298.8359,993.66986,3.5796633,34.101624,0.0,0.0,
2022-05-02 21:00:00,298.26028,994.0797,3.5511854,35.532154,0.0,0.0,
2022-05-02 22:00:00,297.98474,994.91656,3.443731,36.51977,0.0,0.0,
2022-05-02 23:00:00,299.25922,995.63403,3.2267706,34.449432,0.0,0.0,
2022-05-03 00:00:00,302.36884,996.22156,4.111064,28.845913,0.0,0.0,
2022-05-03 01:00:00,304.93903,996.16046,4.915993,25.36827,0.0,0.0,
2022-05-03 02:00:00,306.97897,995.6971,5.0989785,22.758287,0.0,0.0,
2022-05-03 03:00:00,308.18628,994.72266,4.0774617,21.096315,0.0,0.0,
2022-05-03 04:00:00,308.95093,993.50854,2.9004207,19.876299,0.0,0.0,
2022-05-03 05:00:00,309.51215,992.5455,2.3521106,18.83587,0.0,0.0,
2022-05-03 06:00:00,309.88028,991.8187,2.1603293,18.130394,0.0,0.0,
2022-05-03 07:00:00,310.36353,991.2424,2.71987,18.320292,0.0,0.0,
2022-05-03 08:00:00,310.0984,991.52814,2.654136,18.452677,0.0,0.0,
2022-05-03 09:00:00,309.50302,991.9721,2.3965085,19.065233,0.0,0.0,
2022-05-03 10:00:00,308.3181,992.48267,2.2378936,20.980196,0.0,0.0,
2022-05-03 11:00:00,307.15015,993.1944,2.6455364,22.969269,0.0,0.0,
2022-05-03 12:00:00,305.91162,993.7542,3.0261652,24.984064,0.0,0.0,
2022-05-03 13:00:00,304.80023,993.8917,3.2661169,26.742416,0.0,0.0,
2022-05-03 14:00:00,304.0418,993.8575,3.2488136,28.118605,0.0,0.0,
2022-05-03 15:00:00,303.24005,993.67377,3.214548,29.718382,0.0,0.0,
2022-05-03 16:00:00,302.44226,993.3134,3.4102166,31.301073,0.0,0.0,
2022-05-03 17:00:00,302.0146,992.995,3.3197513,32.19408,0.0,0.0,
2022-05-03 18:00:00,301.47864,992.82794,3.054423,33.299576,0.0,0.0,
2022-05-03 19:00:00,300.24243,992.84814,2.7514362,36.92071,0.0,0.0,
2022-05-03 20:00:00,299.1831,992.9892,2.4647863,39.52099,0.0,0.0,
2022-05-03 21:00:00,298.19125,993.3139,1.2576472,46.18696,0.0,0.0,
2022-05-03 22:00:00,297.75143,994.3846,2.4644122,45.363266,0.0,0.0,
2022-05-03 23:00:00,299.00058,994.9561,2.3984928,40.511356,0.0,0.0,
2022-05-04 00:00:00,301.7871,995.21484,2.8756053,33.30816,0.0,0.0,
2022-05-04 01:00:00,304.44836,994.9407,2.8730278,28.297161,0.0,0.0,
2022-05-04 02:00:00,306.44562,994.52374,2.5271883,25.065556,0.0,0.0,
2022-05-04 03:00:00,307.86786,993.62897,2.8149176,23.121136,0.0,0.0,
2022-05-04 04:00:00,308.87296,992.7369,3.065033,21.962929,0.0,0.0,
2022-05-04 05:00:00,309.4287,992.03937,2.6815305,21.261988,0.0,0.0,
2022-05-04 06:00:00,309.69922,991.60455,1.7928216,20.750683,0.0,0.0,
2022-05-04 07:00:00,309.82544,991.34314,0.6062049,20.765097,0.0,0.0,
2022-05-04 08:00:00,309.74692,991.53,1.1699984,20.57836,0.0,0.0,
2022-05-04 09:00:00,309.3647,991.8716,1.7703853,20.71721,0.0,0.0,
2022-05-04 10:00:00,308.45227,992.3582,2.5931325,22.53947,0.0,0.0,
2022-05-04 11:00:00,307.72375,992.915,3.776571,23.815308,0.0,0.0,
2022-05-04 12:00:00,306.9342,993.44385,4.8009415,25.375074,0.0,0.0,
2022-05-04 13:00:00,305.95667,993.62286,5.13337,27.138536,0.0,0.0,
2022-05-04 14:00:00,305.06033,993.8061,5.2189603,28.449821,0.0,0.0,
2022-05-04 15:00:00,304.3341,993.69226,6.5380697,29.655159,0.0,0.0,
2022-05-04 16:00:00,303.12445,993.55084,7.856055,33.5222,0.0,0.0,
2022-05-04 17:00:00,302.13672,993.55634,8.148029,37.438995,0.0,0.0,
2022-05-04 18:00:00,301.24225,993.32935,7.951107,40.99736,0.0,0.0,
2022-05-04 19:00:00,298.69513,995.1036,7.1344976,48.357765,0.0,0.0,
2022-05-04 20:00:00,298.3081,995.30115,6.3248444,49.82683,0.0,0.0,
2022-05-04 21:00:00,297.88727,995.46936,5.452185,51.285435,0.0,0.0,
2022-05-04 22:00:00,297.56702,996.1465,4.82615,52.417572,0.0,0.0,
2022-05-04 23:00:00,298.09537,996.7908,4.971001,50.658424,0.0,0.0,
2022-05-05 00:00:00,299.51263,997.2751,6.188686,45.965324,0.0,0.0,
2022-05-05 01:00:00,301.19785,997.16345,6.9357643,40.75046,0.0,0.0,
2022-05-05 02:00:00,303.15924,996.77484,7.385452,35.144104,0.0,0.0,
2022-05-05 03:00:00,305.04694,995.5831,7.4991145,30.258972,0.0,0.0,
2022-05-05 04:00:00,306.46042,994.3784,7.324026,26.849152,0.0,0.0,
2022-05-05 05:00:00,307.33548,993.1311,6.8831887,24.73452,0.0,0.0,
2022-05-05 06:00:00,307.7848,992.4702,6.5055346,23.587793,0.0,0.0,
2022-05-05 07:00:00,308.00568,992.21814,5.1361313,24.466946,0.0,0.0,
2022-05-05 08:00:00,307.72626,992.31323,4.9448676,24.748114,0.0,0.0,
2022-05-05 09:00:00,307.0268,992.7617,4.830309,25.732285,0.0,0.0,
2022-05-05 10:00:00,305.93445,993.21454,4.67552,27.596334,0.0,0.0,
2022-05-05 11:00:00,305.0653,993.77185,5.3498087,28.678114,0.0,0.0,
2022-05-05 12:00:00,304.36804,994.16626,6.0585194,28.605244,0.0,0.0,
2022-05-05 13:00:00,303.65146,994.4255,6.58519,27.498854,0.0,0.0,
2022-05-05 14:00:00,302.66547,994.43134,6.8612742,26.2193,0.0,0.0,
2022-05-05 15:00:00,301.85272,994.4437,6.9217153,24.824833,0.0,0.0,
2022-05-05 16:00:00,301.46188,994.197,6.67886,23.741404,0.0,0.0,
2022-05-05 17:00:00,300.97495,994.34296,6.2661324,23.657227,0.0,0.0,
2022-05-05 18:00:00,300.44562,994.3617,6.0230136,24.346933,0.0,0.0,
2022-05-05 19:00:00,299.35553,994.4023,5.8322787,26.356781,0.0,0.0,
2022-05-05 20:00:00,298.75653,994.70435,5.50411,28.195179,0.0,0.0,
2022-05-05 21:00:00,298.25708,995.0714,5.1599393,30.17151,0.0,0.0,
2022-05-05 22:00:00,297.6023,995.6305,4.852258,32.466446,0.0,0.0,
2022-05-05 23:00:00,298.29144,996.6195,4.940384,32.14326,0.0,0.0,
2022-05-06 00:00:00,299.3374,997.0792,6.514018,31.026209,0.0,0.0,
2022-05-06 01:00:00,300.5997,997.64984,6.6619473,29.225716,0.0,0.0,
2022-05-06 02:00:00,301.50436,997.46014,6.5951552,27.74367,0.0,0.0,
2022-05-06 03:00:00,302.5625,996.6116,6.606055,26.154697,0.0012591481,0.0,
2022-05-06 04:00:00,303.35345,995.44696,6.480868,24.762287,0.0,0.0,
2022-05-06 05:00:00,304.19595,994.6074,6.472984,23.63424,0.0,0.0,
2022-05-06 06:00:00,304.7085,994.17267,6.4369564,23.000374,0.0,0.0,
2022-05-06 07:00:00,305.7098,993.29297,6.0088716,22.423666,0.0,0.0,
2022-05-06 08:00:00,304.52942,993.7642,8.340401,24.483704,0.0,0.22,
2022-05-06 09:00:00,302.5061,994.48,9.371352,27.899956,0.0,0.0,
2022-05-06 10:00:00,300.64218,995.46594,9.316292,30.71912,0.0,0.0,
2022-05-06 11:00:00,299.07092,996.59296,8.397845,35.164692,0.0,0.0,
2022-05-06 12:00:00,297.459,997.3242,8.22017,41.497948,0.0,0.0,
2022-05-06 13:00:00,296.27887,997.89514,7.949761,46.442814,0.0,0.0,
2022-05-06 14:00:00,295.57944,998.0968,6.89728,48.95075,0.0,0.0,
2022-05-06 15:00:00,295.17737,998.4729,5.9601936,49.69224,0.0,0.0,
2022-05-06 16:00:00,294.83432,998.31866,5.8560715,49.5535,0.0,0.0,
2022-05-06 17:00:00,294.4801,998.1242,5.987562,49.13106,0.0,0.0,
2022-05-06 18:00:00,294.1314,997.77045,5.6149335,49.037006,0.0,0.0,
2022-05-06 19:00:00,293.899,997.3942,5.611708,45.873856,0.0,0.0,
2022-05-06 20:00:00,293.57245,997.2765,5.5346136,46.925346,0.0,0.0,
2022-05-06 21:00:00,293.3177,997.6106,5.3729014,47.227077,0.0,0.0,
2022-05-06 22:00:00,293.2627,997.9455,5.234732,46.521572,0.0,0.0,
2022-05-06 23:00:00,294.20108,998.6453,5.085394,43.08755,0.0,0.0,
2022-05-07 00:00:00,296.20087,999.1432,6.359782,37.056507,0.0012814999,0.0,
2022-05-07 01:00:00,298.57443,999.1067,6.6803417,31.96239,0.0,0.0,
2022-05-07 02:00:00,300.9215,998.72424,6.847241,28.380138,0.0,0.0,
2022-05-07 03:00:00,302.841,997.4802,6.897768,26.273594,0.0,0.0,
2022-05-07 04:00:00,304.33755,996.28235,6.4840093,24.442083,0.0,0.0,
2022-05-07 05:00:00,305.34204,995.1626,5.6915565,23.029366,0.0,0.0,
2022-05-07 06:00:00,305.8631,994.738,5.030108,22.31392,0.0,0.0,
2022-05-07 07:00:00,306.64594,993.64594,3.5658796,20.57298,0.0,0.0,
2022-05-07 08:00:00,306.4353,993.8787,3.578453,20.813128,0.0,0.0,
2022-05-07 09:00:00,305.54236,994.33765,3.2847455,22.216167,0.0,0.0,
2022-05-07 10:00:00,303.8475,994.68695,3.4889412,25.29015,0.0,0.0,
2022-05-07 11:00:00,302.65024,995.3758,4.071695,27.351728,0.0,0.0,
2022-05-07 12:00:00,301.55402,995.83575,5.218379,29.281246,0.0,0.0,
2022-05-07 13:00:00,300.5279,996.2698,6.725418,30.546738,0.0,0.0,
2022-05-07 14:00:00,299.485,996.5042,7.23537,30.185741,0.0,0.0,
2022-05-07 15:00:00,298.61475,996.5705,7.0526314,29.142231,0.0,0.0,
2022-05-07 16:00:00,297.79846,996.4341,6.6254673,28.157906,0.0,0.0,
2022-05-07 17:00:00,297.06097,996.35077,6.1079354,27.226227,0.0,0.0,
2022-05-07 18:00:00,296.36932,996.146,5.6693687,26.350296,0.0,0.0,
2022-05-07 19:00:00,295.27368,996.0731,5.4554234,26.592953,0.0,0.0,
2022-05-07 20:00:00,294.6427,996.3206,5.2241983,25.82903,0.0,0.0,
2022-05-07 21:00:00,294.07642,996.50903,5.025235,25.178564,0.0,0.0,
2022-05-07 22:00:00,293.58823,997.1398,4.8209424,24.660208,0.0,0.0,
2022-05-07 23:00:00,294.54507,997.9786,4.502932,22.4356,0.0,0.0,
2022-05-08 00:00:00,296.69684,998.45935,5.9914756,18.717648,0.0,0.0,
2022-05-08 01:00:00,299.05408,998.27686,6.1287336,16.892056,0.0,0.0,
2022-05-08 02:00:00,301.44287,997.7453,5.97235,15.92959,0.0,0.0,
2022-05-08 03:00:00,303.42084,996.68463,5.6845546,15.590911,0.0,0.0,
2022-05-08 04:00:00,304.85284,995.41187,5.1571717,15.610493,0.0,0.0,
2022-05-08 05:00:00,305.72876,994.46857,4.5290356,15.888108,0.0,0.0,
2022-05-08 06:00:00,306.1402,993.83325,4.1664805,16.188414,0.0,0.0,
2022-05-08 07:00:00,306.23746,993.46594,3.403129,16.742334,0.0,0.0,
2022-05-08 08:00:00,305.90762,993.86597,3.4691596,17.152576,0.0,0.0,
2022-05-08 09:00:00,304.97546,994.30237,3.2189052,18.401363,0.0,0.0,
2022-05-08 10:00:00,303.38477,994.985,3.5247755,20.797644,0.0,0.0,
2022-05-08 11:00:00,302.04422,995.40344,4.287928,22.580338,0.0,0.0,
2022-05-08 12:00:00,300.93488,995.94775,5.136717,23.566383,0.0,0.0,
2022-05-08 13:00:00,299.8556,996.3688,5.574476,24.008162,0.0,0.0,
2022-05-08 14:00:00,298.85175,996.3741,5.4804754,24.31125,0.0,0.0,
2022-05-08 15:00:00,297.9412,996.1887,5.1208477,24.860855,0.0,0.0,
2022-05-08 16:00:00,297.1496,996.0513,4.723204,25.610632,0.0,0.0,
2022-05-08 17:00:00,296.3656,996.1223,4.4776473,26.564049,0.0,0.0,
2022-05-08 18:00:00,295.77795,996.0117,4.3014975,26.997236,0.0,0.0,
2022-05-08 19:00:00,294.469,995.7882,3.7092206,28.884449,0.0,0.0,
2022-05-08 20:00:00,293.98535,996.02313,3.7474737,29.054296,0.0,0.0,
2022-05-08 21:00:00,294.01736,996.4254,3.6931741,27.920345,0.0,0.0,
2022-05-08 22:00:00,293.50574,996.8491,3.673103,27.533653,0.0,0.0,
2022-05-08 23:00:00,294.33557,997.7579,3.7746696,24.721945,0.0,0.0,
2022-05-09 00:00:00,296.8487,998.2483,5.02188,18.678001,0.0017106533,0.0,
2022-05-09 01:00:00,299.633,998.4141,5.31325,14.709417,0.0,0.0,
2022-05-09 02:00:00,301.9844,997.825,5.777254,13.091379,0.0,0.0,
2022-05-09 03:00:00,303.4786,997.03296,6.0137277,12.519689,0.0,0.0,
2022-05-09 04:00:00,304.34686,995.67377,6.079729,12.053068,0.0,0.0,
2022-05-09 05:00:00,304.90002,994.92847,6.0538397,11.594366,0.0,0.0,
2022-05-09 06:00:00,305.05508,994.2951,6.263786,11.299431,0.0,0.0,
2022-05-09 07:00:00,304.67328,994.10046,5.9080358,11.104279,0.0,0.0,
2022-05-09 08:00:00,304.19446,994.1325,5.9542513,11.092814,0.0,0.0,
2022-05-09 09:00:00,303.02713,994.7033,5.100297,11.860752,0.0,0.0,
2022-05-09 10:00:00,301.14352,995.00146,4.6618934,13.465836,0.0,0.0,
2022-05-09 11:00:00,299.74622,995.6448,4.7752104,14.558334,0.0,0.0,
2022-05-09 12:00:00,298.5177,996.10834,4.7301593,15.413746,0.0,0.0,
2022-05-09 13:00:00,297.3908,996.4992,4.669023,16.087702,0.0,0.0,
2022-05-09 14:00:00,296.3205,996.6408,4.483897,16.73787,0.0,0.0,
2022-05-09 15:00:00,295.30927,996.34766,4.315291,17.659891,0.0,0.0,
2022-05-09 16:00:00,294.40063,995.9422,4.0930243,19.009611,0.0,0.0,
2022-05-09 17:00:00,293.58563,995.5525,3.8061829,20.76465,0.0,0.0,
2022-05-09 18:00:00,292.81897,995.2674,3.4882529,22.833164,0.0,0.0,
2022-05-09 19:00:00,291.26404,995.46655,3.6570992,26.08747,0.0,0.0,
2022-05-09 20:00:00,290.3861,995.6806,3.4573977,28.570488,0.0,0.0,
2022-05-09 21:00:00,289.64508,996.0628,3.3582153,30.7156,0.0,0.0,
2022-05-09 22:00:00,288.99713,996.433,3.4912267,32.4313,0.0,0.0,
2022-05-09 23:00:00,290.24884,997.0742,3.4491465,30.135492,0.0,0.0,
2022-05-10 00:00:00,293.46643,997.8496,4.4481483,23.665451,0.0,0.0,
2022-05-10 01:00:00,296.52618,997.64233,5.3016562,19.109756,0.0,0.0,
2022-05-10 02:00:00,299.15485,997.0778,6.09695,16.876642,0.0,0.0,
2022-05-10 03:00:00,301.0423,995.89435,6.6047244,14.753899,0.0,0.0,
2022-05-10 04:00:00,302.19995,994.63837,6.3343143,13.450639,0.0,0.0,
2022-05-10 05:00:00,303.0843,993.3265,5.9156084,12.574455,0.0,0.0,
2022-05-10 06:00:00,303.54987,992.3942,5.565838,12.080702,0.0,0.0,
2022-05-10 07:00:00,303.57742,992.02734,4.8486104,12.707046,0.0,0.0,
2022-05-10 08:00:00,303.2824,992.34283,4.6997485,13.107002,0.0,0.0,
2022-05-10 09:00:00,302.26233,993.0971,3.9131446,14.502318,0.0,0.0,
2022-05-10 10:00:00,300.3747,993.5482,3.7574904,17.075699,0.0,0.0,
2022-05-10 11:00:00,299.00552,994.2031,4.063708,19.145283,0.0,0.0,
2022-05-10 12:00:00,297.83057,994.8521,4.5138507,21.072636,0.0,0.0,
2022-05-10 13:00:00,296.83337,995.0503,4.9064484,22.91278,0.0,0.0,
2022-05-10 14:00:00,296.0144,994.72107,5.1395774,24.627533,0.0,0.0,
2022-05-10 15:00:00,295.29852,994.3678,4.9678154,26.180649,0.0,0.0,
2022-05-10 16:00:00,294.58173,994.16345,4.553946,27.809086,0.0,0.0,
2022-05-10 17:00:00,293.85315,993.9927,4.0561666,29.603973,0.0,0.0,
2022-05-10 18:00:00,293.15067,993.6203,3.641507,31.544113,0.0,0.0,
2022-05-10 19:00:00,291.71426,993.69147,3.3496974,34.362076,0.0,0.0,
2022-05-10 20:00:00,290.9307,993.5574,3.216755,36.7044,0.0,0.0,
2022-05-10 21:00:00,290.39362,993.7992,3.0315669,38.71605,0.0,0.0,
2022-05-10 22:00:00,289.97437,994.3947,2.9809043,40.53194,0.0,0.0,
2022-05-10 23:00:00,291.25977,994.9828,2.637991,38.360344,0.0,0.0,
2022-05-11 00:00:00,294.79993,995.1832,3.2248926,30.87188,0.0,0.0,
2022-05-11 01:00:00,298.14777,995.1716,3.856523,26.192957,0.0,0.0,
2022-05-11 02:00:00,301.2204,994.5617,4.220468,23.017494,0.0,0.0,
2022-05-11 03:00:00,303.695,993.6183,4.3916984,20.937593,0.0,0.0,
2022-05-11 04:00:00,305.13428,992.2006,3.7300189,17.482424,0.0,0.0,
2022-05-11 05:00:00,305.75122,990.7553,2.7585247,15.29133,0.0,0.0,
2022-05-11 06:00:00,306.1045,989.8021,2.3963563,14.343886,0.0,0.0,
2022-05-11 07:00:00,306.12842,989.9203,1.9903846,14.512966,0.0,0.0,
2022-05-11 08:00:00,305.94064,990.03705,1.90852,14.596576,0.0,0.0,
2022-05-11 09:00:00,305.25854,990.39484,1.3789604,15.73631,0.0,0.0,
2022-05-11 10:00:00,303.96027,991.01,2.2925084,18.239378,0.0,0.0,
2022-05-11 11:00:00,302.09714,991.67596,2.9153278,21.69044,0.0,0.0,
2022-05-11 12:00:00,300.56564,992.081,3.2053204,24.476913,0.0,0.0,
2022-05-11 13:00:00,299.41174,992.0761,3.4912922,26.791784,0.0,0.0,
2022-05-11 14:00:00,298.53607,992.4052,3.5605714,28.933693,0.0,0.0,
2022-05-11 15:00:00,297.765,992.23413,3.4811678,30.873472,0.0,0.0,
2022-05-11 16:00:00,297.05884,992.15405,3.4783998,32.70703,0.0,0.0,
2022-05-11 17:00:00,296.4262,991.9836,3.4517462,34.59444,0.0,0.0,
2022-05-11 18:00:00,295.82428,992.09644,3.1908019,36.79832,0.0,0.0,
2022-05-11 19:00:00,294.3408,992.23663,3.4034643,40.267353,0.0,0.0,
2022-05-11 20:00:00,293.71008,992.5222,3.3278654,42.913673,0.0,0.0,
2022-05-11 21:00:00,293.25183,992.7452,3.4492517,45.01038,0.0,0.0,
2022-05-11 22:00:00,292.9317,993.09174,3.7365282,46.510887,0.0,0.0,
2022-05-11 23:00:00,294.3178,993.58624,3.7903006,43.36124,0.0,0.0,
2022-05-12 00:00:00,297.97937,994.15045,4.553721,35.083523,0.0017166138,0.0,
2022-05-12 01:00:00,301.02777,994.45703,4.9547377,29.563644,0.0,0.0,
2022-05-12 02:00:00,303.27808,994.125,4.8585744,26.739193,0.0,0.0,
2022-05-12 03:00:00,304.98807,993.1116,4.8670244,25.143675,0.0,0.0,
2022-05-12 04:00:00,306.1662,991.9927,4.4442825,23.587048,0.0,0.0,
2022-05-12 05:00:00,306.92468,991.07135,3.9275775,21.681793,0.0,0.0,
2022-05-12 06:00:00,307.38217,990.4389,3.747006,20.318224,0.0,0.0,
2022-05-12 07:00:00,307.68176,990.0195,3.4085567,19.330172,0.0,0.0,
2022-05-12 08:00:00,307.3739,990.00775,2.8692927,19.568739,0.0,0.0,
2022-05-12 09:00:00,306.55255,990.61896,1.999886,20.860806,0.0,0.0,
2022-05-12 10:00:00,305.10043,990.77264,2.0136375,23.59255,0.0,0.0,
2022-05-12 11:00:00,303.52252,991.4247,2.3002355,26.61922,0.0,0.0,
2022-05-12 12:00:00,302.02197,991.96655,2.5492463,29.061678,0.0,0.0,
2022-05-12 13:00:00,300.86725,992.21686,2.8427463,30.44014,0.0,0.0,
2022-05-12 14:00:00,299.88483,992.21796,2.9466736,32.342525,0.0,0.0,
2022-05-12 15:00:00,299.01434,992.53955,3.1685078,35.963333,0.0,0.0,
2022-05-12 16:00:00,298.07788,992.46783,3.1031897,42.4314,0.0,0.0,
2022-05-12 17:00:00,297.17596,992.41626,2.7439923,49.92896,0.0,0.0,
2022-05-12 18:00:00,296.3708,992.6733,2.3812385,57.326687,0.0,0.0,
2022-05-12 19:00:00,295.21628,992.43195,2.5961103,64.36823,0.0,0.0,
2022-05-12 20:00:00,294.50903,992.585,2.4293556,71.19701,0.0,0.0,
2022-05-12 21:00:00,293.97552,992.9675,2.4208796,76.2908,0.0,0.0,
2022-05-12 22:00:00,293.6167,993.8242,2.3495896,79.77992,0.0,0.0,
2022-05-12 23:00:00,294.8283,994.5772,2.010924,75.4533,0.0,0.0,
2022-05-13 00:00:00,297.50128,994.8844,2.199929,66.886604,0.0,0.0,
2022-05-13 01:00:00,299.90833,994.93744,2.4823234,57.897575,0.0,0.0,
2022-05-13 02:00:00,302.0783,994.3825,2.6651995,47.55913,0.0,0.0,
2022-05-13 03:00:00,303.727,993.2734,2.5221632,40.447956,0.0,0.0,
2022-05-13 04:00:00,305.06293,992.1811,2.3947325,35.706757,0.0,0.0,
2022-05-13 05:00:00,306.00046,991.1978,2.5057151,32.891006,0.0,0.0,
2022-05-13 06:00:00,306.67285,990.9869,2.771963,30.925825,0.0,0.0,
2022-05-13 07:00:00,307.06134,990.9882,2.3846276,29.22467,0.0,0.0,
2022-05-13 08:00:00,306.92645,990.9967,2.394309,29.213024,0.0,0.0,
2022-05-13 09:00:00,306.40942,991.78217,2.2539666,30.242884,0.0,0.0,
2022-05-13 10:00:00,305.25806,991.97546,2.1641514,33.29653,0.0,0.0,
2022-05-13 11:00:00,304.2381,992.87854,2.5918803,36.370064,0.0,0.0,
2022-05-13 12:00:00,303.1972,993.37506,2.884431,39.857574,0.0,0.0,
2022-05-13 13:00:00,302.17795,993.61487,3.2628407,44.052856,0.0,0.0,
2022-05-13 14:00:00,301.217,993.822,3.7132614,49.16886,0.0,0.0,
2022-05-13 15:00:00,300.3243,993.7561,3.7265441,54.482048,0.0,0.0,
2022-05-13 16:00:00,299.57,993.5003,3.459528,58.571697,0.0,0.0,
2022-05-13 17:00:00,298.87915,993.16125,3.290064,61.776203,0.0,0.0,
2022-05-13 18:00:00,298.25754,993.2773,3.268936,65.02513,0.0,0.0,
2022-05-13 19:00:00,297.2854,993.3932,3.0618103,71.33095,0.0,0.0,
2022-05-13 20:00:00,296.76465,993.67914,2.7855253,75.7609,0.0,0.0,
2022-05-13 21:00:00,296.35794,994.33234,2.482404,79.4244,0.0,0.0,
2022-05-13 22:00:00,295.985,994.98883,2.302724,82.40616,0.0,0.0,
2022-05-13 23:00:00,296.9055,995.77344,2.2235522,78.69549,0.0,0.0,
2022-05-14 00:00:00,298.9157,996.2043,2.457101,67.55288,0.0,0.0,
2022-05-14 01:00:00,300.92365,996.3922,2.4298155,57.237785,0.0,0.0,
2022-05-14 02:00:00,302.77307,995.92267,2.44818,49.48003,0.0,0.0,
2022-05-14 03:00:00,304.28253,995.0351,2.1704512,43.650608,0.0,0.0,
2022-05-14 04:00:00,305.4355,993.81714,1.7808669,39.217438,0.0,0.0,
2022-05-14 05:00:00,306.28845,992.9242,1.4436984,35.722103,0.0,0.0,
2022-05-14 06:00:00,306.7982,992.5073,1.2666277,33.62374,0.0,0.0,
2022-05-14 07:00:00,307.02795,992.3123,1.0864913,31.774586,0.0,0.0,
2022-05-14 08:00:00,306.91858,992.65686,1.3394475,31.684961,0.0,0.0,
2022-05-14 09:00:00,306.5019,992.99603,1.6395689,32.370407,0.0,0.0,
2022-05-14 10:00:00,305.8769,993.77484,1.8142045,33.8204,0.0,0.0,
2022-05-14 11:00:00,305.14908,994.58344,2.1442769,35.633083,0.0,0.0,
2022-05-14 12:00:00,304.2655,995.3308,2.4386892,37.832336,0.0,0.0,
2022-05-14 13:00:00,303.34473,995.4736,2.6572552,40.095066,0.0,0.0,
2022-05-14 14:00:00,302.52515,995.40356,2.7752082,42.174107,0.0,0.0,
2022-05-14 15:00:00,301.79004,995.08484,2.7855911,44.124245,0.0,0.0,
2022-05-14 16:00:00,301.0484,994.5934,2.653102,46.216957,0.0,0.0,
2022-05-14 17:00:00,300.33444,994.3061,2.436522,48.45256,0.0,0.0,
2022-05-14 18:00:00,299.5619,993.97687,2.15991,51.17202,0.0,0.0,
2022-05-14 19:00:00,298.37793,994.60315,1.4738499,57.95304,0.0,0.0,
2022-05-14 20:00:00,297.70297,994.69806,1.0992467,61.58358,0.0,0.0,
2022-05-14 21:00:00,297.07755,995.063,1.2775606,63.123524,0.0,0.0,
2022-05-14 22:00:00,296.64584,995.775,1.9914083,62.274956,0.0,0.0,
2022-05-14 23:00:00,297.62994,996.5772,2.151854,58.455055,0.0,0.0,
2022-05-15 00:00:00,299.9425,997.1058,2.2142546,49.067215,0.0017195939,0.0,
2022-05-15 01:00:00,301.9217,997.0609,1.6867424,42.261208,0.0,0.0,
2022-05-15 02:00:00,303.90555,996.5881,1.3964702,37.001667,0.0,0.0,
2022-05-15 03:00:00,305.6567,995.7175,1.4461168,33.115013,0.0,0.0,
2022-05-15 04:00:00,306.85645,994.3296,1.4032012,30.506226,0.0,0.0,
2022-05-15 05:00:00,307.65588,993.4107,1.1884791,28.460619,0.0,0.0,
2022-05-15 06:00:00,308.11804,992.79193,1.1342432,27.264702,0.0,0.0,
2022-05-15 07:00:00,308.7178,992.5712,2.0027494,26.55345,0.0,0.0,
2022-05-15 08:00:00,308.5249,992.6213,2.2765002,26.545317,0.0,0.0,
2022-05-15 09:00:00,307.9968,992.9339,2.4283893,27.138895,0.0,0.0,
2022-05-15 10:00:00,307.12335,993.4459,2.3128626,28.657303,0.0,0.0,
2022-05-15 11:00:00,306.1819,994.0103,2.635127,30.336693,0.0,0.0,
2022-05-15 12:00:00,305.19998,994.53015,2.7910876,32.120747,0.0,0.0,
2022-05-15 13:00:00,304.2425,994.5714,2.922148,33.885067,0.0,0.0,
2022-05-15 14:00:00,303.3965,994.7594,3.3140066,35.403187,0.0,0.0,
2022-05-15 15:00:00,302.72943,994.6886,4.14161,36.56382,0.0,0.0,
2022-05-15 16:00:00,302.1136,994.2156,4.892693,37.822166,0.0,0.0,
2022-05-15 17:00:00,301.42883,993.8786,5.087647,39.395283,0.0,0.0,
2022-05-15 18:00:00,300.87836,993.5372,5.014138,40.740646,0.0,0.0,
2022-05-15 19:00:00,300.141,993.7275,4.4326744,42.334328,0.0,0.0,
2022-05-15 20:00:00,299.65955,993.90967,4.092693,43.64178,0.0,0.0,
2022-05-15 21:00:00,299.23688,994.1142,3.6701446,44.8161,0.0,0.0,
2022-05-15 22:00:00,298.7537,994.71545,3.224002,46.187397,0.0,0.0,
2022-05-15 23:00:00,299.4978,995.3094,2.8171716,44.240074,0.0,0.0,
2022-05-16 00:00:00,301.68475,995.692,3.7578137,38.11102,0.0012904406,0.0,
2022-05-16 01:00:00,303.95953,995.7642,4.26188,32.488773,0.0,0.0,
2022-05-16 02:00:00,306.23077,995.4685,4.255719,26.512909,0.0,0.0,
2022-05-16 03:00:00,308.1148,994.3699,3.733626,21.70057,0.0,0.0,
2022-05-16 04:00:00,309.38748,992.90894,3.0979986,19.096273,0.0,0.0,
2022-05-16 05:00:00,310.0522,991.82,2.3935244,18.513523,0.0,0.0,
2022-05-16 06:00:00,310.3723,991.1678,1.75231,18.381002,0.0,0.0,
2022-05-16 07:00:00,310.33102,991.16156,1.155952,19.143318,0.0,0.0,
2022-05-16 08:00:00,310.08405,991.20654,0.64704955,19.29239,0.0,0.0,
2022-05-16 09:00:00,309.7232,991.7372,0.9861156,19.649555,0.0,0.0,
2022-05-16 10:00:00,308.59283,992.2528,2.4419374,21.45113,0.0,0.0,
2022-05-16 11:00:00,307.29224,992.7545,3.067933,23.406834,0.0,0.0,
2022-05-16 12:00:00,306.23346,993.38086,3.435423,25.056728,0.0,0.0,
2022-05-16 13:00:00,305.29803,993.383,3.6352174,26.693035,0.0,0.0,
2022-05-16 14:00:00,304.43518,993.7103,3.8601305,28.41507,0.0,0.0,
2022-05-16 15:00:00,303.76416,993.4278,4.05295,29.991869,0.0,0.0,
2022-05-16 16:00:00,303.0893,993.27466,3.9229302,31.404709,0.0,0.0,
2022-05-16 17:00:00,302.24933,992.7216,3.6068535,32.454838,0.0,0.0,
2022-05-16 18:00:00,301.5459,992.5109,2.939819,32.98711,0.0,0.0,
2022-05-16 19:00:00,300.35645,993.04626,1.3381844,40.534218,0.0,0.0,
2022-05-16 20:00:00,299.79675,993.15906,1.0637547,41.694145,0.0,0.0,
2022-05-16 21:00:00,298.84686,993.8297,2.6907039,44.74758,0.0,0.0,
2022-05-16 22:00:00,297.98712,994.3812,3.0999763,51.545452,0.0,0.0,
2022-05-16 23:00:00,298.84167,995.43896,3.2384992,54.10263,0.0,0.0,
2022-05-17 00:00:00,301.20148,996.0633,3.7282307,50.394028,0.0,0.0,
2022-05-17 01:00:00,303.40906,996.2941,3.4142866,42.89114,0.0,0.0,
2022-05-17 02:00:00,305.25024,995.9592,2.627445,37.848534,0.0,0.0,
2022-05-17 03:00:00,306.91446,995.1948,2.4314518,34.443817,0.0,0.0,
2022-05-17 04:00:00,308.37732,993.7459,2.9535067,30.854755,0.0,0.0,
2022-05-17 05:00:00,309.36902,992.8661,3.0555592,27.506075,0.0012591481,0.0,
2022-05-17 06:00:00,309.70792,992.2553,2.5770416,26.198053,0.0021532178,0.0,
2022-05-17 07:00:00,310.2022,992.08673,2.1645775,25.77913,0.0,0.0,
2022-05-17 08:00:00,309.87396,992.14844,1.6713382,25.97886,0.0,0.0,
2022-05-17 09:00:00,309.36932,992.9267,1.4499121,26.496712,0.0,0.0,
2022-05-17 10:00:00,308.14542,993.7332,1.9191701,28.970095,0.0,0.0,
2022-05-17 11:00:00,307.01794,994.7972,3.5065782,32.434254,0.0,0.0,
2022-05-17 12:00:00,306.1598,995.1278,3.7888987,35.43659,0.0,0.0,
2022-05-17 13:00:00,305.34567,995.2422,3.1808379,38.02988,0.0,0.0,
2022-05-17 14:00:00,304.62357,995.512,2.1141536,40.1937,0.0,0.0,
2022-05-17 15:00:00,303.72388,995.4857,1.4804325,43.86153,0.0,0.0,
2022-05-17 16:00:00,302.86148,995.51794,1.8947263,44.762085,0.0,0.0,
2022-05-17 17:00:00,301.83542,995.3627,2.8291464,44.717834,0.0,0.0,
2022-05-17 18:00:00,300.73752,995.3239,3.2786028,43.956436,0.0,0.0,
2022-05-17 19:00:00,298.8919,996.00464,5.630346,45.466476,0.0,0.0,
2022-05-17 20:00:00,298.18768,996.1022,5.188827,46.22444,0.0,0.0,
2022-05-17 21:00:00,297.65732,996.37366,4.6930537,46.673153,0.0,0.0,
2022-05-17 22:00:00,297.18622,997.1146,4.2756376,47.33859,0.0,0.0,
2022-05-17 23:00:00,297.771,997.9303,4.47746,45.647526,0.0,0.0,
2022-05-18 00:00:00,299.59827,998.1873,4.697118,40.78736,0.0033974648,0.0,
2022-05-18 01:00:00,301.97372,998.2456,3.885159,34.69306,0.0,0.0,
2022-05-18 02:00:00,304.1444,997.81177,2.7345405,30.378815,0.0,0.0,
2022-05-18 03:00:00,305.83197,997.02234,1.7697031,28.781513,0.0,0.0,
2022-05-18 04:00:00,307.19385,995.5918,1.9515132,27.230436,0.0,0.0,
2022-05-18 05:00:00,308.23352,994.65564,2.8118129,24.908957,0.0,0.0,
2022-05-18 06:00:00,308.66986,994.0553,2.8061178,24.045017,0.0,0.0,
2022-05-18 07:00:00,308.76028,994.00525,2.0122428,24.077957,0.0,0.0,
2022-05-18 08:00:00,308.53534,994.2216,2.0213518,24.596672,0.0,0.0,
2022-05-18 09:00:00,308.0029,994.7425,2.1069136,25.617632,0.0,0.0,
2022-05-18 10:00:00,307.1197,995.3681,2.4386702,27.441088,0.0,0.0,
2022-05-18 11:00:00,306.14587,995.9118,2.8453174,29.258171,0.0,0.0,
2022-05-18 12:00:00,305.49823,996.514,2.7793214,30.58333,0.0,0.0,
2022-05-18 13:00:00,304.512,996.8191,2.5905094,32.80949,0.0,0.0,
2022-05-18 14:00:00,303.73267,996.9461,2.4480653,34.951725,0.0,0.0,
2022-05-18 15:00:00,302.95862,997.0489,3.6133308,36.70689,0.0,0.0,
2022-05-18 16:00:00,301.95844,997.1816,5.9638376,38.716957,0.0,0.0,
2022-05-18 17:00:00,300.5982,997.1565,7.627828,42.71119,0.0,0.0,
2022-05-18 18:00:00,299.27087,997.2916,8.26247,47.72751,0.0,0.0,
2022-05-18 19:00:00,298.1814,997.96515,6.7263594,46.33251,0.0,0.0,
2022-05-18 20:00:00,297.44427,997.82587,6.0860887,48.50301,0.0,0.0,
2022-05-18 21:00:00,297.03357,998.14825,5.498055,48.816425,0.0,0.0,
2022-05-18 22:00:00,296.8108,998.7092,4.9377694,48.15146,0.0,0.0,
2022-05-18 23:00:00,297.3462,999.5575,5.1075773,45.299362,0.0,0.0,
2022-05-19 00:00:00,298.86768,999.9345,6.83659,39.25097,0.0,0.0,
2022-05-19 01:00:00,300.98068,999.76483,7.3328424,31.822187,0.0,0.0,
2022-05-19 02:00:00,303.11792,998.96625,7.270471,26.263597,0.0,0.0,
2022-05-19 03:00:00,305.02472,997.9355,6.635823,23.036356,0.0,0.0,
2022-05-19 04:00:00,306.47507,996.6142,5.773665,21.666353,0.0,0.0,
2022-05-19 05:00:00,307.38,995.4945,4.8452697,21.57166,0.0,0.0,
2022-05-19 06:00:00,307.76196,994.7919,4.095797,22.036514,0.0,0.0,
2022-05-19 07:00:00,306.4462,995.09235,2.077131,28.034527,0.0,0.0,
2022-05-19 08:00:00,306.22028,995.48315,2.4105723,28.012218,0.0,0.0,
2022-05-19 09:00:00,305.73633,996.1811,2.8217194,28.663286,0.0,0.0,
2022-05-19 10:00:00,304.86298,996.78766,3.2064846,30.262514,0.0846833,0.0,
2022-05-19 11:00:00,304.2567,997.35846,3.4224067,30.98775,0.12849271,0.0,
2022-05-19 12:00:00,303.4305,997.78766,3.3022377,32.393227,0.15924871,0.0,
2022-05-19 13:00:00,302.36337,998.0642,3.2666674,35.439934,0.12615323,0.0,
2022-05-19 14:00:00,301.71695,997.90485,2.8618364,36.906937,0.16348064,0.0,
2022-05-19 15:00:00,300.9196,997.675,2.5367959,39.658577,0.2680421,0.0,
2022-05-19 16:00:00,300.58395,997.525,2.1343462,40.688393,0.054448843,0.0,
2022-05-19 17:00:00,299.82388,997.09534,2.0481048,43.396156,0.0,0.0,
2022-05-19 18:00:00,299.04456,997.011,2.3166747,44.832035,0.0,0.0,
2022-05-19 19:00:00,298.2978,997.1822,3.5905476,36.04352,0.0,0.0,
2022-05-19 20:00:00,297.4157,997.4123,3.7514477,36.71091,0.0,0.0,
2022-05-19 21:00:00,297.11353,997.64954,3.8689284,35.861187,0.0,0.0,
2022-05-19 22:00:00,296.4718,998.266,3.9748561,35.814766,0.0,0.0,
2022-05-19 23:00:00,297.2782,998.9961,3.829213,33.401295,0.0,0.0,
2022-05-20 00:00:00,299.71814,999.65076,4.8977346,26.537714,0.9845495,0.0,
2022-05-20 01:00:00,302.06104,999.48596,6.0164638,22.355465,0.0,0.0,
2022-05-20 02:00:00,304.28223,998.8745,6.487986,20.070051,0.0,0.0,
2022-05-20 03:00:00,305.99338,997.6884,6.4143577,18.544197,0.0,0.0,
2022-05-20 04:00:00,307.1072,996.22565,5.7202063,17.804527,0.0,0.0,
2022-05-20 05:00:00,307.6412,995.1813,5.0432944,18.394077,0.0,0.0,
2022-05-20 06:00:00,307.9482,994.58954,4.707356,18.933807,0.0,0.0,
2022-05-20 07:00:00,308.30917,994.4995,4.390305,18.255264,0.0,0.0,
2022-05-20 08:00:00,307.9159,994.3879,4.295646,18.473814,0.0,0.0,
2022-05-20 09:00:00,306.78708,994.91815,3.430197,20.20858,0.0,0.0,
2022-05-20 10:00:00,305.03122,995.5221,3.336488,23.145685,0.0,0.0,
2022-05-20 11:00:00,303.7107,996.1878,3.626111,25.264305,0.0,0.0,
2022-05-20 12:00:00,302.61603,996.6057,3.894524,26.824642,0.0,0.0,
2022-05-20 13:00:00,301.82727,996.9178,4.1499243,27.870386,0.0,0.0,
2022-05-20 14:00:00,300.984,996.9932,4.426578,28.965935,0.0,0.0,
2022-05-20 15:00:00,300.2102,996.98456,4.656575,29.917917,0.0,0.0,
2022-05-20 16:00:00,299.41635,996.8021,4.741387,30.845108,0.0,0.0,
2022-05-20 17:00:00,298.6894,996.79987,4.672601,31.647327,0.0,0.0,
2022-05-20 18:00:00,298.17953,996.7317,4.5799704,32.037754,0.0,0.0,
2022-05-20 19:00:00,297.02725,996.64154,4.065672,34.67544,0.0,0.0,
2022-05-20 20:00:00,296.3153,996.7484,4.0334854,35.87037,0.0,0.0,
2022-05-20 21:00:00,295.83252,997.1131,3.9939494,36.910362,0.0,0.0,
2022-05-20 22:00:00,295.41107,997.4524,3.872143,38.166367,0.0,0.0,
2022-05-20 23:00:00,296.3866,998.2554,3.7461188,36.53644,0.0,0.0,
2022-05-21 00:00:00,299.26538,998.6283,4.9309072,30.639244,0.0,0.0,
2022-05-21 01:00:00,302.0238,998.6181,6.101751,26.219582,0.0,0.0,
2022-05-21 02:00:00,304.4655,997.9695,6.432671,23.15472,0.0,0.0,
2022-05-21 03:00:00,306.2524,996.8194,6.043711,20.818222,0.0,0.0,
2022-05-21 04:00:00,307.12677,995.40796,4.76296,19.147387,0.0,0.0,
2022-05-21 05:00:00,307.53915,994.49713,3.6286848,17.79693,0.0,0.0,
2022-05-21 06:00:00,307.6551,993.84845,3.1805139,16.994001,0.0,0.0,
2022-05-21 07:00:00,307.62906,993.6301,2.5025234,17.533472,0.0,0.0,
2022-05-21 08:00:00,307.3731,993.8911,2.717959,17.56262,0.0,0.0,
2022-05-21 09:00:00,306.44183,994.21857,2.50467,18.941835,0.0,0.0,
2022-05-21 10:00:00,304.76154,994.81134,2.9762077,21.900242,0.0,0.0,
2022-05-21 11:00:00,303.2955,995.2317,3.4538512,24.145699,0.0,0.0,
2022-05-21 12:00:00,302.1082,995.8425,3.8237534,25.73682,0.0,0.0,
2022-05-21 13:00:00,301.16193,995.89343,4.004681,26.996023,0.0,0.0,
2022-05-21 14:00:00,300.27826,996.03314,4.150026,28.227224,0.0,0.0,
2022-05-21 15:00:00,299.5034,995.7506,4.2513742,29.221586,0.0,0.0,
2022-05-21 16:00:00,298.76215,995.625,4.215898,30.099276,0.0,0.0,
2022-05-21 17:00:00,298.0604,995.5628,4.1194825,30.900543,0.0,0.0,
2022-05-21 18:00:00,297.42535,995.58563,4.267439,31.40305,0.0,0.0,
2022-05-21 19:00:00,296.63232,995.2728,4.709901,32.989105,0.0,0.0,
2022-05-21 20:00:00,296.453,995.4514,5.0496063,32.145126,0.0,0.0,
2022-05-21 21:00:00,296.04932,995.9242,4.8957005,31.544823,0.0,0.0,
2022-05-21 22:00:00,295.6068,996.32983,4.484257,31.28604,0.0,0.0,
2022-05-21 23:00:00,296.38843,997.2121,3.9414127,29.356236,0.0,0.0,
2022-05-22 00:00:00,299.05408,997.6872,4.8189883,23.950682,0.0017106532,0.0,
2022-05-22 01:00:00,301.49918,997.6074,5.4781914,20.3851,0.0,0.0,
2022-05-22 02:00:00,303.7461,997.1591,5.46564,18.094704,0.0,0.0,
2022-05-22 03:00:00,305.31622,996.1166,4.6478534,17.219027,0.0,0.0,
2022-05-22 04:00:00,306.15118,994.75085,3.2900724,16.878124,0.0,0.0,
2022-05-22 05:00:00,306.6324,993.8797,2.670721,16.913193,0.0,0.0,
2022-05-22 06:00:00,306.91772,993.0975,2.9602447,17.021847,0.0,0.0,
2022-05-22 07:00:00,307.1095,992.97,3.0883708,18.002262,0.0,0.0,
2022-05-22 08:00:00,306.74054,993.23315,3.2866423,18.507275,0.0,0.0,
2022-05-22 09:00:00,305.8199,993.77,2.9913208,19.835236,0.0,0.0,
2022-05-22 10:00:00,304.27417,994.4989,3.1391149,22.189041,0.0,0.0,
2022-05-22 11:00:00,303.02606,995.04065,3.5522661,24.053564,0.0,0.0,
2022-05-22 12:00:00,301.91098,995.6158,3.7298112,25.613932,0.0,0.0,
2022-05-22 13:00:00,300.92554,995.6845,3.7366269,26.90463,0.0,0.0,
2022-05-22 14:00:00,300.0313,995.86334,3.6526258,28.099289,0.0,0.0,
2022-05-22 15:00:00,299.17627,995.72034,3.7622375,29.225466,0.0,0.0,
2022-05-22 16:00:00,298.3858,995.6841,4.0172434,29.956758,0.0,0.0,
2022-05-22 17:00:00,297.65176,995.7033,4.229387,29.866913,0.0,0.0,
2022-05-22 18:00:00,296.97803,995.60846,4.329784,28.72838,0.0,0.0,
2022-05-22 19:00:00,295.73962,995.3855,3.9641528,32.43714,0.0,0.0,
2022-05-22 20:00:00,295.11737,995.767,4.009626,31.200472,0.0,0.0,
2022-05-22 21:00:00,294.6451,996.1725,4.109023,29.462402,0.0,0.0,
2022-05-22 22:00:00,294.2832,996.7422,4.2279873,27.849113,0.0,0.0,
2022-05-22 23:00:00,295.26263,997.3285,4.15033,25.020107,0.0,0.0,
2022-05-23 00:00:00,298.25897,997.85596,5.0582824,20.200378,0.0,0.0,
2022-05-23 01:00:00,301.19443,997.90454,5.553724,17.259975,0.0,0.0,
2022-05-23 02:00:00,303.63135,997.5511,5.7181883,14.790652,0.0,0.0,
2022-05-23 03:00:00,304.97345,996.2718,5.2555423,14.163799,0.0,0.0,
2022-05-23 04:00:00,305.84293,995.18085,4.7935863,13.953653,0.0,0.0,
2022-05-23 05:00:00,306.41772,994.06085,4.441138,13.6845665,0.0,0.0,
2022-05-23 06:00:00,306.78174,993.64374,4.215669,13.422492,0.0,0.0,
2022-05-23 07:00:00,307.00125,993.5167,4.7864466,13.336903,0.0,0.0,
2022-05-23 08:00:00,306.62512,993.74097,4.5547996,13.558147,0.0,0.0,
2022-05-23 09:00:00,305.4617,994.01196,3.3691423,14.619361,0.0,0.0,
2022-05-23 10:00:00,303.68774,994.8564,3.1513736,16.68574,0.0,0.0,
2022-05-23 11:00:00,302.1576,995.4512,3.433152,18.76963,0.0,0.0,
2022-05-23 12:00:00,300.9094,995.99,3.5614836,20.643564,0.0,0.0,
2022-05-23 13:00:00,299.71622,996.0589,3.5172179,22.479078,0.0,0.0,
2022-05-23 14:00:00,298.61255,995.9249,3.400087,24.224243,0.0,0.0,
2022-05-23 15:00:00,297.57333,995.72565,3.3271494,25.794857,0.0,0.0,
2022-05-23 16:00:00,296.55762,995.5804,3.1690104,27.227201,0.0,0.0,
2022-05-23 17:00:00,295.66052,995.807,3.0933092,28.239056,0.0,0.0,
2022-05-23 18:00:00,294.82205,995.59436,2.940801,29.105679,0.0,0.0,
2022-05-23 19:00:00,293.43018,995.6404,2.8031557,31.705359,0.0,0.0,
2022-05-23 20:00:00,292.5373,995.77374,2.4953775,33.32888,0.0,0.0,
2022-05-23 21:00:00,291.7155,996.1209,2.1589513,35.997818,0.0,0.0,
2022-05-23 22:00:00,290.9529,996.61523,1.9353963,39.148724,0.0,0.0,
2022-05-23 23:00:00,291.66473,997.0957,1.4159476,41.45459,0.0,0.0,
2022-05-24 00:00:00,296.15466,997.6359,1.355146,26.79196,0.0025689597,0.0,
2022-05-24 01:00:00,299.96997,997.7062,1.5565956,21.293962,0.0,0.0,
2022-05-24 02:00:00,302.99982,997.72656,1.9816506,18.989412,0.0,0.0,
2022-05-24 03:00:00,304.9114,996.8933,2.2765584,17.603428,0.0,0.0,
2022-05-24 04:00:00,305.76367,996.17065,1.8145995,15.489021,0.0,0.0,
2022-05-24 05:00:00,306.2683,995.29736,1.5764661,14.501966,0.0,0.0,
2022-05-24 06:00:00,306.70465,994.59906,2.1201572,13.749086,0.0,0.0,
2022-05-24 07:00:00,307.1246,994.3148,2.1572008,12.87765,0.0,0.0,
2022-05-24 08:00:00,306.72986,994.4458,1.3924395,13.023827,0.0,0.0,
2022-05-24 09:00:00,306.09296,995.1449,1.2617387,13.76173,0.0,0.0,
2022-05-24 10:00:00,304.68985,995.72284,1.7697577,15.600617,0.0,0.0,
2022-05-24 11:00:00,303.16205,996.43365,1.9228967,18.711124,0.0,0.0,
2022-05-24 12:00:00,301.54755,996.8259,1.9691311,22.516056,0.0,0.0,
2022-05-24 13:00:00,300.21344,996.9847,1.9872626,25.016394,0.0,0.0,
2022-05-24 14:00:00,299.0307,996.97174,2.057378,27.223825,0.0,0.0,
2022-05-24 15:00:00,298.17715,996.76556,1.7832232,29.098011,0.0,0.0,
2022-05-24 16:00:00,298.36203,996.65204,1.2718736,27.02677,0.0,0.0,
2022-05-24 17:00:00,297.18518,996.57837,1.145185,29.56241,0.0,0.0,
2022-05-24 18:00:00,294.48987,996.27045,1.807704,38.890373,0.0,0.0,
2022-05-24 19:00:00,293.75793,996.37585,2.523661,37.842842,0.0,0.0,
2022-05-24 20:00:00,292.71906,996.20233,2.3622541,40.49889,0.0,0.0,
2022-05-24 21:00:00,292.12665,996.6369,2.134099,43.00545,0.0,0.0,
2022-05-24 22:00:00,291.55728,996.9208,1.7397214,48.48105,0.0,0.0,
2022-05-24 23:00:00,292.70682,997.515,0.77805436,49.19186,0.0,0.0,
2022-05-25 00:00:00,296.18805,997.5918,0.21615309,36.103256,0.0,0.0,
2022-05-25 01:00:00,299.59723,997.678,0.43319443,28.697018,0.0,0.0,
2022-05-25 02:00:00,302.66388,997.2926,0.7302115,21.856525,0.0,0.0,
2022-05-25 03:00:00,304.7016,996.2932,0.93711835,18.50719,0.0,0.0,
2022-05-25 04:00:00,305.91803,995.1465,1.2373816,17.417393,0.0,0.0,
2022-05-25 05:00:00,306.6665,994.29565,1.675479,16.928099,0.0,0.0,
2022-05-25 06:00:00,307.04993,993.64294,2.0097895,16.663261,0.0,0.0,
2022-05-25 07:00:00,307.35904,993.01373,2.182944,16.965557,0.0,0.0,
2022-05-25 08:00:00,307.10162,993.17126,2.0808823,17.25521,0.0,0.0,
2022-05-25 09:00:00,306.40173,993.35724,1.6505706,18.15982,0.0,0.0,
2022-05-25 10:00:00,305.34552,994.0106,1.5358928,19.718525,0.0,0.0,
2022-05-25 11:00:00,304.02863,994.4495,1.8859543,22.1834,0.0,0.0,
2022-05-25 12:00:00,302.4956,994.9441,2.227395,24.718761,0.0,0.0,
2022-05-25 13:00:00,301.08423,994.9266,2.3676455,27.096462,0.0,0.0,
2022-05-25 14:00:00,299.73138,994.698,2.2300098,30.145975,0.0,0.0,
2022-05-25 15:00:00,298.41437,994.7897,1.922015,34.600067,0.0,0.0,
2022-05-25 16:00:00,297.38565,994.40717,1.8138049,37.176357,0.0,0.0,
2022-05-25 17:00:00,296.47083,994.64655,1.7950745,39.55125,0.0,0.0,
2022-05-25 18:00:00,295.62585,994.2447,1.6828327,41.934025,0.0,0.0,
2022-05-25 19:00:00,294.29752,994.3159,2.1286383,42.792095,0.0,0.0,
2022-05-25 20:00:00,293.5368,994.18616,2.2760282,44.126453,0.0,0.0,
2022-05-25 21:00:00,293.05286,994.9387,2.6680558,44.61339,0.0,0.0,
2022-05-25 22:00:00,292.66644,995.4732,2.9655762,45.00999,0.0,0.0,
2022-05-25 23:00:00,293.5797,996.39294,2.6411219,42.399048,0.0,0.0,
2022-05-26 00:00:00,296.986,996.91516,2.7099183,33.9667,0.0012844801,0.0,
2022-05-26 01:00:00,300.86395,997.0404,2.8992171,26.462265,0.0,0.0,
2022-05-26 02:00:00,304.0356,996.548,3.5125973,21.651918,0.0,0.0,
2022-05-26 03:00:00,305.995,995.3278,4.1937304,19.200935,0.0,0.0,
2022-05-26 04:00:00,307.0512,994.20905,3.8435044,17.786875,0.0,0.0,
2022-05-26 05:00:00,307.54486,993.39264,2.9478145,17.018978,0.0,0.0,
2022-05-26 06:00:00,307.67636,992.75085,1.9602394,16.60477,0.0,0.0,
2022-05-26 07:00:00,307.71713,992.45917,1.4171622,16.726885,0.0,0.0,
2022-05-26 08:00:00,307.44443,992.5428,1.2097311,16.695932,0.0,0.0,
2022-05-26 09:00:00,306.8944,992.84204,1.0918932,17.2602,0.0,0.0,
2022-05-26 10:00:00,305.78082,993.41736,1.7748514,18.849302,0.0,0.0,
2022-05-26 11:00:00,304.13116,993.75665,2.4944482,21.298098,0.0,0.0,
2022-05-26 12:00:00,302.47357,994.41547,2.9341784,23.719076,0.0,0.0,
2022-05-26 13:00:00,301.13385,994.5648,3.2225223,25.66051,0.0,0.0,
2022-05-26 14:00:00,300.09128,994.7977,3.228056,27.272003,0.0,0.0,
2022-05-26 15:00:00,299.18024,994.7606,3.008487,28.86519,0.0,0.0,
2022-05-26 16:00:00,298.3423,994.5239,2.8818772,30.461348,0.0,0.0,
2022-05-26 17:00:00,297.6322,994.515,2.9543247,31.707579,0.0,0.0,
2022-05-26 18:00:00,297.00818,994.2004,3.064194,32.69262,0.0,0.0,
2022-05-26 19:00:00,295.84732,994.3353,3.2730715,34.12304,0.0,0.0,
2022-05-26 20:00:00,295.1639,994.41833,3.1813786,35.11433,0.0,0.0,
2022-05-26 21:00:00,294.67188,994.83185,3.1066794,35.66626,0.0,0.0,
2022-05-26 22:00:00,294.2292,995.5279,3.1162088,36.06522,0.0,0.0,
2022-05-26 23:00:00,295.11023,996.34845,2.8695934,33.917877,0.0,0.0,
2022-05-27 00:00:00,298.87628,996.83923,3.5211782,25.85782,0.0,0.0,
2022-05-27 01:00:00,302.0019,996.9233,4.729859,20.546997,0.0,0.0,
2022-05-27 02:00:00,304.43774,996.6453,5.765924,17.281809,0.0,0.0,
2022-05-27 03:00:00,306.08322,995.6247,6.213661,15.484266,0.0,0.0,
2022-05-27 04:00:00,306.97205,994.6725,5.4972,14.938784,0.0,0.0,
2022-05-27 05:00:00,307.3888,993.6041,4.3833866,14.878464,0.0,0.0,
2022-05-27 06:00:00,307.495,992.96985,3.4312158,14.8780985,0.0,0.0,
2022-05-27 07:00:00,307.1761,993.16406,2.30426,14.081589,0.0,0.0,
2022-05-27 08:00:00,306.87146,993.34106,1.9593968,14.191289,0.0,0.0,
2022-05-27 09:00:00,306.14087,993.91064,1.1688265,15.503272,0.0,0.0,
2022-05-27 10:00:00,305.1324,994.2492,1.1696318,17.499655,0.0,0.0,
2022-05-27 11:00:00,303.58994,994.9858,2.0181847,20.718796,0.0,0.0,
2022-05-27 12:00:00,302.21234,995.5631,2.7310734,22.474695,0.0,0.0,
2022-05-27 13:00:00,301.01498,995.6188,3.1095626,24.039341,0.0,0.0,
2022-05-27 14:00:00,300.09076,995.51843,3.373494,25.05856,0.0,0.0,
2022-05-27 15:00:00,299.40503,995.1475,3.3282824,25.973717,0.0,0.0,
2022-05-27 16:00:00,298.37863,994.71326,3.3195279,27.536566,0.0,0.0,
2022-05-27 17:00:00,297.49365,994.7503,3.1588154,28.951164,0.0,0.0,
2022-05-27 18:00:00,296.6277,994.63385,2.9896479,30.474646,0.0,0.0,
2022-05-27 19:00:00,295.48743,994.54175,3.0361385,31.068792,0.0,0.0,
2022-05-27 20:00:00,294.5122,994.5761,2.7892478,33.39718,0.0,0.0,
2022-05-27 21:00:00,293.74445,994.84814,2.4684992,35.803974,0.0,0.0,
2022-05-27 22:00:00,293.07413,995.34436,2.4011478,38.062225,0.0,0.0,
2022-05-27 23:00:00,293.72125,996.10425,2.2733548,37.23749,0.0,0.0,
2022-05-28 00:00:00,297.81787,996.53076,2.7837029,27.717054,0.0,0.0,
2022-05-28 01:00:00,301.7221,996.5081,3.8866613,20.905321,0.0,0.0,
2022-05-28 02:00:00,304.49707,996.0403,5.1515107,16.666565,0.0,0.0,
2022-05-28 03:00:00,306.0713,994.9109,5.175253,14.929531,0.0,0.0,
2022-05-28 04:00:00,306.83084,993.7046,3.91371,14.305076,0.0,0.0,
2022-05-28 05:00:00,307.2681,992.7098,2.8574634,13.585719,0.0,0.0,
2022-05-28 06:00:00,307.50043,992.09155,2.281146,13.097583,0.0,0.0,
2022-05-28 07:00:00,307.77066,991.8011,2.6156313,13.303307,0.0,0.0,
2022-05-28 08:00:00,307.47992,991.97327,2.3692536,13.295671,0.0,0.0,
2022-05-28 09:00:00,306.64465,992.2118,1.7926536,13.999923,0.0,0.0,
2022-05-28 10:00:00,305.29095,992.95935,1.7625302,15.53739,0.0,0.0,
2022-05-28 11:00:00,303.48395,993.4264,1.9531807,18.648598,0.0,0.0,
2022-05-28 12:00:00,301.84073,994.005,2.7417674,19.81894,0.0,0.0,
2022-05-28 13:00:00,300.21533,993.7531,3.322394,21.408398,0.0,0.0,
2022-05-28 14:00:00,299.1258,993.9929,3.531659,22.095892,0.0,0.0,
2022-05-28 15:00:00,298.23645,993.8058,3.4598758,22.514225,0.0,0.0,
2022-05-28 16:00:00,297.27228,993.5909,3.3211179,23.63752,0.0,0.0,
2022-05-28 17:00:00,296.4663,993.6962,3.4454238,26.562727,0.0,0.0,
2022-05-28 18:00:00,295.7787,993.4967,3.6410577,33.44694,0.0,0.0,
2022-05-28 19:00:00,293.9099,993.3217,3.135128,34.683857,0.0,0.0,
2022-05-28 20:00:00,293.41727,993.1588,3.272421,45.659153,0.0,0.0,
2022-05-28 21:00:00,293.1067,993.2695,3.3121307,59.340496,0.0,0.0,
2022-05-28 22:00:00,292.85522,993.69196,3.1767344,69.80978,0.0,0.0,
2022-05-28 23:00:00,293.85712,994.282,2.9909673,70.563286,0.0,0.0,
2022-05-29 00:00:00,297.14612,994.7643,3.5599658,62.350452,0.0,0.0,
2022-05-29 01:00:00,300.2516,994.98987,3.9581194,52.28261,0.0,0.0,
2022-05-29 02:00:00,302.73413,994.58514,4.2660866,40.624977,0.0,0.0,
2022-05-29 03:00:00,304.33585,993.80237,4.3404174,33.434956,0.0,0.0,
2022-05-29 04:00:00,305.3542,992.64984,4.0802593,28.342676,0.0,0.0,
2022-05-29 05:00:00,305.92743,991.9547,3.85935,26.03983,0.0,0.0,
2022-05-29 06:00:00,306.13275,991.24384,3.7464297,25.353003,0.0,0.0,
2022-05-29 07:00:00,306.33447,990.8756,3.7798638,25.45726,0.0,0.0,
2022-05-29 08:00:00,305.91867,990.89935,3.6625614,26.18146,0.0,0.0,
2022-05-29 09:00:00,305.08167,991.3153,3.0048878,27.694412,0.0,0.0,
2022-05-29 10:00:00,303.77917,991.6692,2.4617634,30.220772,0.0,0.0,
2022-05-29 11:00:00,302.73947,992.367,2.268704,32.56342,0.0,0.0,
2022-05-29 12:00:00,301.52948,992.5575,2.3905358,35.36377,0.0,0.0,
2022-05-29 13:00:00,300.38336,992.7981,2.6768544,38.022488,0.0,0.0,
2022-05-29 14:00:00,299.54132,993.2045,2.9162369,40.18255,0.0,0.0,
2022-05-29 15:00:00,298.59778,993.2628,3.7967973,42.186882,0.0,0.0,
2022-05-29 16:00:00,297.7117,993.3069,4.287102,42.89127,0.0,0.0,
2022-05-29 17:00:00,296.73578,993.10846,3.9717216,44.79628,0.0,0.0,
2022-05-29 18:00:00,295.97928,992.98737,3.5217652,46.89558,0.0,0.0,
2022-05-29 19:00:00,295.08807,992.51056,3.7212863,47.089497,0.0,0.0,
2022-05-29 20:00:00,294.48505,992.6325,3.0469353,49.067085,0.0,0.0,
2022-05-29 21:00:00,293.90613,992.9451,2.3858905,51.200165,0.0,0.0,
2022-05-29 22:00:00,293.2436,993.84485,1.9458632,54.376457,0.0,0.0,
2022-05-29 23:00:00,293.67468,994.8423,1.4670607,54.494125,0.0,0.0,
2022-05-30 00:00:00,296.19867,995.7431,2.3888419,43.369484,0.0012895953,0.0,
2022-05-30 01:00:00,298.31506,995.71967,3.7445219,38.24416,0.0,0.0,
2022-05-30 02:00:00,300.34387,995.145,4.660755,34.33979,0.0,0.0,
2022-05-30 03:00:00,302.07544,994.19977,4.983728,30.986607,0.0,0.0,
2022-05-30 04:00:00,303.3955,992.8197,4.7610207,28.233927,0.0,0.0,
2022-05-30 05:00:00,304.3402,991.53546,4.348497,26.56528,0.0,0.0,
2022-05-30 06:00:00,304.9997,990.5686,3.8874536,25.17063,0.0,0.06,
2022-05-30 07:00:00,304.86285,990.2461,3.9546282,26.111443,0.0,0.0,
2022-05-30 08:00:00,304.8075,990.2631,3.5242462,25.74271,0.0,0.0,
2022-05-30 09:00:00,304.26794,990.6171,2.735437,26.655102,0.0,0.0,
2022-05-30 10:00:00,303.15268,991.247,3.3319752,29.124474,0.0,0.06,
2022-05-30 11:00:00,302.3802,991.8906,4.2610765,31.21832,0.0,0.0,
2022-05-30 12:00:00,301.6745,992.5253,4.8806825,32.915104,0.0,0.0,
2022-05-30 13:00:00,300.5843,992.8063,5.85132,34.003586,0.0,0.0,
2022-05-30 14:00:00,299.3938,992.85095,6.6676664,33.23884,0.0,0.13999999,
2022-05-30 15:00:00,298.2369,993.1381,6.9126625,30.869055,0.0,0.19999999,
2022-05-30 16:00:00,297.4023,993.2558,6.32358,28.404972,0.0,0.0,
2022-05-30 17:00:00,296.72577,993.38196,6.1634936,26.78084,0.0,0.03,
2022-05-30 18:00:00,296.1761,993.2163,6.0874934,25.864887,0.0,0.08,
2022-05-30 19:00:00,295.96622,992.7634,5.194691,28.231161,0.0,0.17999999,
2022-05-30 20:00:00,295.7381,993.2738,4.174351,28.130487,0.004917383,0.19999999,
2022-05-30 21:00:00,295.0302,993.6555,3.7232454,30.245157,0.06063581,0.089999996,
2022-05-30 22:00:00,294.34564,994.38983,4.0115676,32.340874,0.062197447,0.13,
2022-05-30 23:00:00,293.44458,995.50085,4.279274,35.8703,0.23365916,0.08,
2022-05-31 00:00:00,293.37488,995.86774,5.2998853,36.04817,0.4461189,0.0,
2022-05-31 01:00:00,293.83374,996.2413,5.357074,35.869797,0.0,0.03,
2022-05-31 02:00:00,294.51782,996.59827,4.7372823,35.30556,0.03149733,0.0,
2022-05-31 03:00:00,293.96313,995.71216,4.2948494,40.24373,0.59940666,0.04,
2022-05-31 04:00:00,293.8108,994.54724,4.335256,46.25494,1.0662675,0.0,
2022-05-31 05:00:00,295.42725,993.1838,4.9214015,44.33397,0.107981265,0.04,
2022-05-31 06:00:00,295.95593,992.5552,4.3085685,43.458714,0.009581447,0.0,
2022-05-31 07:00:00,297.44467,991.8636,1.562327,56.616528,0.021025538,0.0,
2022-05-31 08:00:00,296.57364,991.6887,0.6639372,63.087284,0.75635314,0.08,
2022-05-31 09:00:00,296.40225,992.02545,0.7939219,64.84703,0.3517121,0.13999999,
2022-05-31 10:00:00,296.34683,992.3777,0.90163577,65.948616,0.062555075,0.54,
2022-05-31 11:00:00,296.49866,992.6372,1.3686073,66.17387,0.009790063,0.44,
2022-05-31 12:00:00,295.95352,993.0602,0.7865013,70.93121,1.2582392,0.059999995,
2022-05-31 13:00:00,294.98517,993.9442,1.3775948,76.963165,1.5753508,0.37,
2022-05-31 14:00:00,294.32086,994.0159,1.6751331,82.70212,1.8106103,0.29,
2022-05-31 15:00:00,294.1203,993.83575,2.0633223,87.71947,1.2901574,0.35999998,
2022-05-31 16:00:00,294.04987,993.2425,2.3584247,89.41621,1.612708,0.38,
2022-05-31 17:00:00,294.04584,992.9547,2.0546615,90.509384,2.6184022,0.0,
2022-05-31 18:00:00,294.0758,992.5703,2.374847,90.71418,1.5969276,0.36,
2022-05-31 19:00:00,294.3734,992.4411,2.437233,87.06639,1.4314651,0.44,
2022-05-31 20:00:00,294.50574,992.34906,2.6053698,89.127365,2.2430272,0.0,
2022-05-31 21:00:00,294.89227,992.4922,2.5457947,88.92045,1.4527142,0.0,
2022-05-31 22:00:00,295.34833,992.9897,1.9333494,89.783844,0.5033612,0.0,
2022-05-31 23:00:00,295.91107,993.6131,1.6751794,90.15047,0.19471347,0.0,
2022-06-01 00:00:00,296.78635,994.2981,2.1276119,88.79845,20.987242,0.0,
2022-06-01 01:00:00,297.48395,994.57587,2.9962184,87.825386,0.0,0.0,
2022-06-01 02:00:00,298.11243,994.4292,3.6320903,85.103134,0.20756945,0.0,
2022-06-01 03:00:00,299.2827,993.4522,4.5398703,80.04362,0.4017204,0.0,
2022-06-01 04:00:00,299.99646,992.44635,4.9833875,75.62234,0.4467219,0.0,
2022-06-01 05:00:00,299.10077,991.9211,5.2247243,79.158226,0.40300936,0.0,
2022-06-01 06:00:00,299.5367,991.6649,4.6132674,78.25748,0.15682727,0.0,
2022-06-01 07:00:00,301.85443,990.985,4.685267,68.676285,0.016450882,0.0,
2022-06-01 08:00:00,301.07288,991.7392,4.707094,71.946785,0.2355203,0.0,
2022-06-01 09:00:00,299.69675,992.5748,4.560682,75.61259,0.30177832,0.0,
2022-06-01 10:00:00,298.64963,993.6191,3.3699117,82.31056,0.015862286,0.0,
2022-06-01 11:00:00,298.15967,993.94226,2.9929762,85.600235,0.0047534704,0.0,
2022-06-01 12:00:00,297.7021,994.5673,3.0776904,87.85846,0.03938377,0.0,
2022-06-01 13:00:00,297.06287,994.6364,3.1753612,90.27306,0.12610853,0.0,
2022-06-01 14:00:00,296.9328,994.6408,2.8655074,91.37537,0.024348497,0.0,
2022-06-01 15:00:00,296.8101,994.2597,2.7676506,92.0598,0.017099082,0.0,
2022-06-01 16:00:00,296.5924,994.19415,2.6445057,93.188324,0.010237098,0.0,
2022-06-01 17:00:00,296.5774,993.68884,2.4801397,93.037346,0.050373375,0.0,
2022-06-01 18:00:00,296.33954,993.58923,2.2346892,93.22837,0.14661998,0.0,
2022-06-01 19:00:00,296.5163,993.2572,2.8522782,95.34336,0.28830022,0.0,
2022-06-01 20:00:00,296.74368,993.33295,2.7888598,93.58018,0.24133176,0.0,
2022-06-01 21:00:00,296.3754,993.63617,2.672108,96.42987,0.31090528,0.0,
2022-06-01 22:00:00,296.26285,994.21735,2.3906019,97.22466,0.40142238,0.0,
2022-06-01 23:00:00,296.64594,994.8784,2.3389778,94.11027,0.283733,0.0,
2022-06-02 00:00:00,297.58987,995.38495,2.7430773,88.27457,4.562512,0.0,
2022-06-02 01:00:00,298.6195,995.54315,2.8150709,83.24785,0.0,0.0,
2022-06-02 02:00:00,299.20377,995.49664,2.6276634,83.5615,0.12574904,0.0,
2022-06-02 03:00:00,299.58563,994.8674,2.1034896,83.84436,0.14065206,0.0,
2022-06-02 04:00:00,299.91476,993.7898,2.154331,83.744064,0.24780631,0.0,
2022-06-02 05:00:00,300.22937,993.09576,2.4588292,83.00214,0.30262023,0.0,
2022-06-02 06:00:00,300.22513,992.67865,2.6430085,83.21008,0.3227517,0.0,
2022-06-02 07:00:00,300.89935,992.3629,2.9031518,76.46857,0.22638589,0.0,
2022-06-02 08:00:00,300.062,992.83734,1.9681624,78.510414,0.33848873,0.0,
2022-06-02 09:00:00,299.79468,993.64813,0.822356,79.28051,0.12227893,0.0,
2022-06-02 10:00:00,297.83792,994.83484,2.5125053,88.57866,0.99989027,0.0,
2022-06-02 11:00:00,297.1409,995.2958,2.6575458,90.367096,1.0681973,0.0,
2022-06-02 12:00:00,296.87878,995.7798,1.8886284,91.26718,0.48929453,0.0,
2022-06-02 13:00:00,296.83554,995.6453,1.4954643,91.74814,0.32277405,0.0,
2022-06-02 14:00:00,296.8261,995.7205,1.2140483,91.993286,0.29927492,0.0,
2022-06-02 15:00:00,296.72626,995.5795,0.9421347,92.52588,0.2734363,0.0,
2022-06-02 16:00:00,296.64856,995.4892,0.890047,93.17091,0.22128224,0.0,
2022-06-02 17:00:00,296.59186,995.41693,1.1486667,93.86742,0.56788325,0.0,
2022-06-02 18:00:00,296.57513,995.47125,1.5985678,93.967834,0.5239248,0.0,
2022-06-02 19:00:00,296.09314,996.0756,4.566897,84.77213,0.019788742,0.0,
2022-06-02 20:00:00,295.489,996.15857,4.646833,82.62356,0.06356835,0.0,
2022-06-02 21:00:00,294.90344,996.45953,4.362919,83.41551,0.017285347,0.0,
2022-06-02 22:00:00,294.47968,996.8187,4.242018,83.07283,0.0,0.0,
2022-06-02 23:00:00,294.3903,997.3075,4.2035975,82.420555,0.0,0.0,
2022-06-03 00:00:00,295.13266,997.7996,5.564305,76.36527,7.049957,0.0,
2022-06-03 01:00:00,296.07416,997.95984,5.709835,72.61238,0.0,0.0,
2022-06-03 02:00:00,297.26608,997.5095,5.330287,69.201324,0.0,0.0,
2022-06-03 03:00:00,298.46442,996.6394,4.8661475,66.27194,0.0,0.0,
2022-06-03 04:00:00,299.57056,995.7492,4.3157353,63.623016,0.0,0.0,
2022-06-03 05:00:00,300.21265,994.9161,3.8032873,62.31764,0.0,0.0,
2022-06-03 06:00:00,300.43524,994.35315,3.5953794,61.393555,0.0,0.0,
2022-06-03 07:00:00,300.70978,994.2312,2.845992,57.843918,0.0,0.0,
2022-06-03 08:00:00,300.6185,994.2356,2.6244621,58.136375,0.0,0.0,
2022-06-03 09:00:00,299.50916,994.5468,2.52785,66.16506,0.0,0.0,
2022-06-03 10:00:00,298.01752,995.2383,3.4758592,71.99481,0.0,0.0,
2022-06-03 11:00:00,296.8314,996.0344,4.296164,73.75467,0.0,0.0,
2022-06-03 12:00:00,295.98895,996.46796,4.738191,74.28296,0.0,0.0,
2022-06-03 13:00:00,295.34546,996.75195,4.8144326,75.07437,0.0,0.0,
2022-06-03 14:00:00,294.94525,996.79315,4.6752496,75.959015,0.0,0.0,
2022-06-03 15:00:00,294.5714,996.80347,4.29349,77.07115,0.0,0.0,
2022-06-03 16:00:00,294.37433,996.6277,3.9076104,77.741875,0.0,0.0,
2022-06-03 17:00:00,294.0702,996.4778,3.4894161,78.975975,0.0,0.0,
2022-06-03 18:00:00,293.8871,996.32306,3.1097844,80.08697,0.0,0.0,
2022-06-03 19:00:00,294.13654,996.04987,2.7663147,82.30869,0.0,0.0,
2022-06-03 20:00:00,294.05804,996.15845,2.7120845,82.65882,0.0,0.0,
2022-06-03 21:00:00,294.06317,995.9995,2.8660517,82.49889,0.0,0.0,
2022-06-03 22:00:00,293.93384,996.10986,2.9964042,82.8125,0.0,0.0,
2022-06-03 23:00:00,294.50235,996.3925,3.0043623,81.38102,0.0,0.0,
2022-06-04 00:00:00,295.84784,996.7422,3.7216961,74.97197,0.0,0.0,
2022-06-04 01:00:00,297.58292,996.77716,3.9403899,69.66551,0.0,0.0,
2022-06-04 02:00:00,298.984,996.5375,3.5105028,66.53272,0.0,0.0,
2022-06-04 03:00:00,300.37198,995.8663,2.968509,63.28957,0.0,0.0,
2022-06-04 04:00:00,301.26813,995.14294,2.6515458,61.215954,0.0,0.0,
2022-06-04 05:00:00,301.97247,994.3558,2.4924617,60.16659,0.0,0.0,
2022-06-04 06:00:00,301.95593,993.5403,2.0088,60.537224,0.012613833,0.0,
2022-06-04 07:00:00,302.60867,993.22107,1.2141595,53.46858,0.0,0.0,
2022-06-04 08:00:00,302.5431,993.4436,0.7858192,53.899742,0.0,0.0,
2022-06-04 09:00:00,301.7406,993.9624,0.9883299,61.122852,0.0,0.0,
2022-06-04 10:00:00,300.10895,994.5087,1.4574808,74.76976,0.0,0.52,
2022-06-04 11:00:00,298.93384,995.0444,0.9222613,81.49499,0.040583313,0.0,
2022-06-04 12:00:00,298.36688,995.8669,0.60917443,79.7205,0.2161935,0.0,
2022-06-04 13:00:00,297.40955,996.1183,0.868265,85.85394,0.117741525,0.0,
2022-06-04 14:00:00,297.13763,996.05756,1.6602979,85.406975,0.022277236,0.0,
2022-06-04 15:00:00,296.6294,995.89404,1.7827218,88.920555,0.0018402934,0.0,
2022-06-04 16:00:00,296.17072,995.82806,1.4772782,91.94179,0.0,0.0,
2022-06-04 17:00:00,295.98737,995.6782,0.63339394,92.203064,0.0,0.0,
2022-06-04 18:00:00,295.44147,995.5985,0.9681353,94.21775,0.0,0.0,
2022-06-04 19:00:00,295.1725,995.29694,1.1781638,96.91879,0.016584992,0.0,
2022-06-04 20:00:00,295.20886,995.37506,2.3210585,94.798325,0.029358285,0.0,
2022-06-04 21:00:00,294.92328,995.5315,2.6772492,92.37645,0.0,0.0,
2022-06-04 22:00:00,294.51727,995.8312,2.3367786,91.08389,0.0,0.0,
2022-06-04 23:00:00,294.91882,996.16986,1.9781817,88.67505,0.0,0.0,
2022-06-05 00:00:00,296.26312,996.8201,1.9774388,83.14532,0.45975947,0.0,
2022-06-05 01:00:00,297.64548,997.1984,1.910848,78.5379,0.0,0.0,
2022-06-05 02:00:00,298.84216,996.71265,2.2006485,73.81663,0.0,0.0,
2022-06-05 03:00:00,299.73798,995.8686,2.3606532,69.325356,0.0,0.0,
2022-06-05 04:00:00,300.7459,995.0405,2.5787368,64.97617,0.0017173588,0.0,
2022-06-05 05:00:00,301.37158,994.2914,2.7350333,61.929573,0.0013150275,0.0,
2022-06-05 06:00:00,301.70074,993.685,2.8812659,59.873436,0.0,0.0,
2022-06-05 07:00:00,302.71652,993.2283,3.2896197,51.7326,0.0,0.0,
2022-06-05 08:00:00,302.18015,993.48346,3.4100351,54.40835,0.0,0.0,
2022-06-05 09:00:00,300.55176,993.9729,3.5055947,62.485874,0.0,0.0,
2022-06-05 10:00:00,298.83017,994.4959,4.026282,67.19435,0.0,0.0,
2022-06-05 11:00:00,297.71854,995.1598,4.2555346,68.44323,0.0,0.0,
2022-06-05 12:00:00,296.81488,995.94745,4.1915894,69.26402,0.0,0.0,
2022-06-05 13:00:00,296.14258,996.28284,4.038913,69.97287,0.0,0.0,
2022-06-05 14:00:00,295.50006,996.5097,3.8735628,70.9391,0.0,0.0,
2022-06-05 15:00:00,294.91974,996.03064,3.710604,72.02262,0.0,0.0,
2022-06-05 16:00:00,294.41473,996.1781,3.4561918,73.15305,0.0,0.0,
2022-06-05 17:00:00,293.99515,996.0133,3.154904,74.364586,0.0,0.0,
2022-06-05 18:00:00,293.5939,995.657,2.8763952,75.76056,0.0,0.0,
2022-06-05 19:00:00,293.5027,995.22217,2.5412848,76.82198,0.0,0.0,
2022-06-05 20:00:00,293.50778,995.0733,2.4907832,76.66738,0.0,0.0,
2022-06-05 21:00:00,293.3728,995.1311,2.5519128,76.3681,0.0,0.0,
2022-06-05 22:00:00,293.05823,995.674,2.89421,75.95281,0.0,0.0,
2022-06-05 23:00:00,293.2741,996.3415,3.207011,73.98521,0.0,0.0,
2022-06-06 00:00:00,294.72498,997.08563,3.7964747,65.47752,0.005173683,0.0,
2022-06-06 01:00:00,296.4599,997.15076,3.91135,59.29401,0.0,0.0,
2022-06-06 02:00:00,298.0962,996.85,3.6622102,56.71943,0.0,0.0,
2022-06-06 03:00:00,299.54126,995.8348,3.407489,55.51418,0.0,0.0,
2022-06-06 04:00:00,300.76407,994.913,3.0883646,54.557312,0.0,0.0,
2022-06-06 05:00:00,301.63806,993.85516,2.829184,53.550346,0.0,0.0,
2022-06-06 06:00:00,302.19873,993.28564,2.7626028,52.449753,0.0,0.0,
2022-06-06 07:00:00,302.99893,992.97345,2.7212071,46.292217,0.0,0.0,
2022-06-06 08:00:00,302.52655,993.3717,2.743381,49.34199,0.0,0.0,
2022-06-06 09:00:00,300.85086,993.92487,2.8718832,57.887394,0.0,0.0,
2022-06-06 10:00:00,298.89807,994.4394,3.2600312,64.062294,0.0,0.0,
2022-06-06 11:00:00,297.67242,995.1033,3.521486,66.02135,0.0,0.0,
2022-06-06 12:00:00,296.72015,995.5386,3.7470284,66.38869,0.0,0.0,
2022-06-06 13:00:00,295.86792,995.818,3.9236422,66.36062,0.0,0.0,
2022-06-06 14:00:00,295.09537,995.9597,4.029439,66.258545,0.0,0.0,
2022-06-06 15:00:00,294.37735,995.6848,3.9271085,66.688255,0.0,0.0,
2022-06-06 16:00:00,293.7642,995.5642,3.7495291,67.497635,0.0,0.0,
2022-06-06 17:00:00,293.2337,995.3109,3.6537967,68.169876,0.0,0.0,
2022-06-06 18:00:00,292.78955,995.4858,3.611178,68.41448,0.0,0.0,
2022-06-06 19:00:00,292.34863,995.585,3.675961,63.642662,0.0,0.0,
2022-06-06 20:00:00,292.14633,995.7322,3.6367695,62.442886,0.0,0.0,
2022-06-06 21:00:00,291.76788,995.9567,3.411788,63.17964,0.0,0.0,
2022-06-06 22:00:00,291.47314,996.15424,3.156244,65.45599,0.0,0.0,
2022-06-06 23:00:00,292.0964,997.0628,2.8105772,67.737854,0.0,0.0,
2022-06-07 00:00:00,294.64636,997.4539,3.1912632,62.37456,0.0,0.0,
2022-06-07 01:00:00,296.83838,997.6445,3.3114882,63.515907,0.0,0.0,
2022-06-07 02:00:00,298.94397,997.03375,3.101086,63.133232,0.0,0.0,
2022-06-07 03:00:00,300.7586,996.1023,2.811718,60.277313,0.0,0.0,
2022-06-07 04:00:00,302.15305,994.9441,2.6037953,56.21857,0.0,0.0,
2022-06-07 05:00:00,303.0571,994.0055,2.3765876,52.439194,0.0,0.0,
2022-06-07 06:00:00,303.424,993.51935,2.0887818,49.947178,0.0,0.0,
2022-06-07 07:00:00,304.2508,992.901,1.2832376,41.785873,0.0,0.0,
2022-06-07 08:00:00,304.02216,993.22095,1.1910646,43.323338,0.0,0.0,
2022-06-07 09:00:00,302.65668,993.81274,1.7737955,52.591557,0.0,0.0,
2022-06-07 10:00:00,300.4675,994.7336,2.636598,61.93173,0.0,0.0,
2022-06-07 11:00:00,298.83365,995.40784,3.0251546,66.42853,0.0,0.0,
2022-06-07 12:00:00,297.79266,995.93384,3.2377105,67.99521,0.0,0.0,
2022-06-07 13:00:00,297.14062,996.2102,3.4010293,67.934074,0.0,0.0,
2022-06-07 14:00:00,296.56934,996.0628,3.3807683,67.95626,0.0,0.0,
2022-06-07 15:00:00,295.96567,995.6514,3.3298342,68.43663,0.0,0.0,
2022-06-07 16:00:00,295.29492,995.7478,3.1963897,70.17224,0.0,0.0,
2022-06-07 17:00:00,294.99518,995.6799,3.45856,71.118935,0.0,0.0,
2022-06-07 18:00:00,295.00848,995.69745,4.231075,69.26437,0.0,0.0,
2022-06-07 19:00:00,294.32767,995.8618,3.4170237,71.63101,0.0,0.0,
2022-06-07 20:00:00,294.38025,995.77435,4.5694613,68.3936,0.0,0.0,
2022-06-07 21:00:00,294.38824,996.1303,5.565579,63.956093,0.0,0.0,
2022-06-07 22:00:00,294.09802,996.67096,5.887085,62.039238,0.0,0.0,
2022-06-07 23:00:00,294.30408,997.3658,5.9365616,60.841034,0.0,0.0,
2022-06-08 00:00:00,295.7553,997.8176,6.695946,55.30883,0.0018060207,0.0,
2022-06-08 01:00:00,297.45535,998.1248,7.1496105,49.660465,0.0,0.0,
2022-06-08 02:00:00,298.75195,997.6663,6.8926153,46.172096,0.0,0.0,
2022-06-08 03:00:00,300.31494,997.0058,6.823078,42.835644,0.0,0.0,
2022-06-08 04:00:00,301.34137,995.73236,6.6985817,40.6555,0.0,0.0,
2022-06-08 05:00:00,302.18347,995.15466,6.4712524,38.869755,0.0,0.0,
2022-06-08 06:00:00,302.62793,994.5986,6.131531,37.937523,0.0,0.0,
2022-06-08 07:00:00,304.33572,993.52405,4.93886,37.391865,0.0,0.0,
2022-06-08 08:00:00,303.68204,994.04205,3.9728587,41.879505,0.0,0.0,
2022-06-08 09:00:00,301.65424,994.4885,4.0747147,48.45123,0.0,0.0,
2022-06-08 10:00:00,300.11536,995.5008,4.965028,50.569885,0.0,0.0,
2022-06-08 11:00:00,299.1511,996.25555,5.6632924,49.75561,0.0,0.0,
2022-06-08 12:00:00,298.43787,996.8711,6.148903,48.544468,0.0,0.0,
2022-06-08 13:00:00,297.56696,997.46936,6.5636597,47.29636,0.0,0.0,
2022-06-08 14:00:00,296.74744,997.7531,6.686153,46.34671,0.0,0.0,
2022-06-08 15:00:00,296.00818,997.42236,6.3553014,46.28479,0.0,0.0,
2022-06-08 16:00:00,295.27325,997.14545,5.718309,46.873016,0.0,0.0,
2022-06-08 17:00:00,294.76233,997.2406,5.229717,47.000282,0.0,0.0,
2022-06-08 18:00:00,294.34555,996.98846,5.1015472,46.636536,0.0,0.0,
2022-06-08 19:00:00,293.55273,997.0667,5.6137557,46.038574,0.0,0.0,
2022-06-08 20:00:00,293.1799,997.1662,5.239946,46.10475,0.0,0.0,
2022-06-08 21:00:00,292.68445,997.5503,4.8245344,46.89498,0.0,0.0,
2022-06-08 22:00:00,292.28625,998.28,4.6547484,47.372314,0.0,0.0,
2022-06-08 23:00:00,292.76172,998.89966,4.617683,45.901035,0.0,0.0,
2022-06-09 00:00:00,294.7416,999.2297,5.4967036,38.27353,0.0,0.0,
2022-06-09 01:00:00,296.5573,999.2737,6.5935693,32.17572,0.0,0.0,
2022-06-09 02:00:00,298.32654,998.9381,6.4708295,29.530165,0.0,0.0,
2022-06-09 03:00:00,299.95462,998.0822,6.0306334,28.056875,0.0,0.0,
2022-06-09 04:00:00,301.15857,996.97705,5.589908,27.463467,0.0,0.0,
2022-06-09 05:00:00,302.0746,996.1638,5.3023286,27.182371,0.0,0.0,
2022-06-09 06:00:00,302.56723,995.8281,5.0064974,27.14689,0.0,0.0,
2022-06-09 07:00:00,302.91034,995.01117,5.315319,28.301933,0.0,0.0,
2022-06-09 08:00:00,302.2691,995.23456,5.0951495,30.730972,0.0,0.0,
2022-06-09 09:00:00,300.44727,996.09467,4.7531977,35.59819,0.0,0.0,
2022-06-09 10:00:00,298.608,996.95593,5.084877,38.877583,0.0,0.0,
2022-06-09 11:00:00,297.51044,997.6858,5.440478,39.20651,0.0,0.0,
2022-06-09 12:00:00,296.75842,998.312,5.8403172,38.05484,0.0,0.0,
2022-06-09 13:00:00,296.14545,998.6436,6.1923127,36.108498,0.0,0.0,
2022-06-09 14:00:00,295.44296,998.6566,6.287745,34.520668,0.0,0.0,
2022-06-09 15:00:00,294.7139,998.3641,6.1733036,34.036484,0.0,0.0,
2022-06-09 16:00:00,293.9466,998.0781,5.8567953,34.83296,0.0,0.0,
2022-06-09 17:00:00,293.25708,998.1348,5.446732,36.12242,0.0,0.0,
2022-06-09 18:00:00,292.61536,998.05615,5.0982747,37.36964,0.0,0.0,
2022-06-09 19:00:00,291.8603,998.56036,5.1246705,38.490753,0.0,0.0,
2022-06-09 20:00:00,291.23828,998.54065,5.065966,39.425552,0.0,0.0,
2022-06-09 21:00:00,290.6949,999.2639,4.952489,40.28682,0.0,0.0,
2022-06-09 22:00:00,290.16827,999.6898,5.0248094,41.026417,0.0,0.0,
2022-06-09 23:00:00,290.48175,1000.32635,5.1575723,39.924145,0.0,0.0,
2022-06-10 00:00:00,292.099,1000.42487,6.5194945,33.478474,0.0017266024,0.0,
2022-06-10 01:00:00,294.00397,1000.3889,6.9161096,28.946472,0.0,0.0,
2022-06-10 02:00:00,295.98932,999.63513,6.8407397,25.19533,0.0,0.0,
2022-06-10 03:00:00,297.93964,998.639,6.5712786,22.290092,0.0,0.0,
2022-06-10 04:00:00,299.5484,997.37396,6.1527658,20.567802,0.0,0.0,
2022-06-10 05:00:00,300.60223,996.4704,5.3776526,19.895094,0.0,0.0,
2022-06-10 06:00:00,301.1269,995.8825,5.010205,19.699018,0.0,0.0,
2022-06-10 07:00:00,301.79172,995.3742,4.6873198,20.326777,0.0,0.0,
2022-06-10 08:00:00,301.4499,995.6475,4.212096,20.74959,0.0,0.0,
2022-06-10 09:00:00,299.77844,996.61346,3.6175408,25.052834,0.0,0.0,
2022-06-10 10:00:00,297.80045,997.4288,4.084582,28.431532,0.0,0.0,
2022-06-10 11:00:00,296.51654,997.80524,4.6032977,28.846302,0.0,0.0,
2022-06-10 12:00:00,295.50272,998.61615,4.948411,28.221586,0.0,0.0,
2022-06-10 13:00:00,294.6247,999.0139,5.1053686,27.46557,0.0,0.0,
2022-06-10 14:00:00,293.739,999.2942,5.2572255,27.149698,0.0,0.0,
2022-06-10 15:00:00,292.95877,999.1141,5.265118,27.41808,0.0,0.0,
2022-06-10 16:00:00,292.2248,999.3047,5.1878366,28.257816,0.0,0.0,
2022-06-10 17:00:00,291.48132,999.29706,5.082182,29.489988,0.0,0.0,
2022-06-10 18:00:00,290.8808,999.11127,4.997702,30.727905,0.0,0.0,
2022-06-10 19:00:00,289.7749,999.21857,4.4113736,33.409943,0.0,0.0,
2022-06-10 20:00:00,289.10406,999.40656,4.094119,35.42598,0.0,0.0,
2022-06-10 21:00:00,288.59634,999.8098,4.0741477,36.944595,0.0,0.0,
2022-06-10 22:00:00,288.13126,1000.2175,4.0896173,38.31521,0.0,0.0,
2022-06-10 23:00:00,288.64676,1000.8141,4.167524,37.84696,0.0,0.0,
2022-06-11 00:00:00,290.58575,1000.8041,5.6084456,31.9116,0.0,0.0,
2022-06-11 01:00:00,292.6665,1000.4021,6.85844,27.069191,0.0,0.0,
2022-06-11 02:00:00,294.375,999.6805,7.2368946,23.555973,0.0,0.01,
2022-06-11 03:00:00,296.5865,998.65045,7.3374543,19.353445,0.0,0.0,
2022-06-11 04:00:00,297.92352,997.6183,7.015518,16.313868,0.0,0.0,
2022-06-11 05:00:00,298.62207,996.3979,6.9134817,14.74151,0.0,0.0,
2022-06-11 06:00:00,298.91797,996.3111,6.0557914,14.365834,0.0,0.0,
2022-06-11 07:00:00,299.70554,995.8371,5.727824,13.388009,0.0,0.0,
2022-06-11 08:00:00,299.43005,996.2377,5.4230933,13.865061,0.0,0.0,
2022-06-11 09:00:00,297.7854,996.9634,4.3119135,17.494022,0.0,0.0,
2022-06-11 10:00:00,295.89862,997.76373,4.3203583,21.23636,0.0,0.0,
2022-06-11 11:00:00,294.59616,998.4942,4.670796,23.261759,0.0,0.0,
2022-06-11 12:00:00,293.85315,999.0874,4.921959,23.935368,0.0,0.0,
2022-06-11 13:00:00,293.1335,999.2023,5.0948696,24.250244,0.0,0.0,
2022-06-11 14:00:00,292.45013,999.4299,5.165205,24.542467,0.0,0.0,
2022-06-11 15:00:00,291.68555,999.3908,4.99316,25.280636,0.0,0.0,
2022-06-11 16:00:00,290.96945,999.39966,4.8060703,26.366812,0.0,0.0,
2022-06-11 17:00:00,290.266,999.3522,4.572425,27.788311,0.0,0.0,
2022-06-11 18:00:00,289.5773,999.008,4.443917,29.379463,0.0,0.0,
2022-06-11 19:00:00,288.4579,998.76874,4.3058767,31.924088,0.0,0.0,
2022-06-11 20:00:00,287.904,998.9066,4.2835903,33.04282,0.0,0.0,
2022-06-11 21:00:00,287.40884,999.16656,4.20309,34.10691,0.0,0.0,
2022-06-11 22:00:00,286.92596,999.64185,4.060586,35.494976,0.0,0.0,
2022-06-11 23:00:00,287.36902,1000.4075,3.8655422,35.59705,0.0,0.0,
2022-06-12 00:00:00,289.9195,1000.9628,4.658211,29.396278,0.0021895622,0.0,
2022-06-12 01:00:00,292.5177,1001.1838,5.3871546,24.072142,0.0,0.0,
2022-06-12 02:00:00,294.85675,1000.2414,5.406959,20.401781,0.0,0.0,
2022-06-12 03:00:00,296.9577,999.0642,5.232989,17.10513,0.0,0.0,
2022-06-12 04:00:00,298.62445,997.8618,5.0217867,14.56016,0.0,0.0,
2022-06-12 05:00:00,299.82672,996.99243,4.7894096,12.783872,0.0,0.0,
2022-06-12 06:00:00,300.564,996.75836,4.6546206,11.775856,0.0,0.0,
2022-06-12 07:00:00,301.29108,996.28174,5.163501,11.56302,0.0,0.0,
2022-06-12 08:00:00,300.9107,996.5773,5.0418615,12.298406,0.0,0.0,
2022-06-12 09:00:00,299.05414,997.0478,4.0495725,15.789476,0.0,0.0,
2022-06-12 10:00:00,296.94623,997.78015,3.9918942,19.135424,0.0,0.0,
2022-06-12 11:00:00,295.4615,998.34796,4.130644,21.055368,0.0,0.0,
2022-06-12 12:00:00,294.24002,998.89764,4.193951,22.251984,0.0,0.0,
2022-06-12 13:00:00,293.1773,999.2761,4.189515,23.099216,0.0,0.0,
2022-06-12 14:00:00,292.21906,999.3278,4.1559157,23.832348,0.0,0.0,
2022-06-12 15:00:00,291.3533,999.35333,4.139034,24.57823,0.0,0.0,
2022-06-12 16:00:00,290.56628,999.0161,4.185038,25.38144,0.0,0.0,
2022-06-12 17:00:00,289.9214,998.8044,4.3396645,26.029163,0.0,0.0,
2022-06-12 18:00:00,289.36115,998.3576,4.4838004,26.659647,0.0,0.0,
2022-06-12 19:00:00,288.26694,998.6223,4.2181544,28.216787,0.0,0.0,
2022-06-12 20:00:00,287.72708,998.42474,4.210569,28.942335,0.0,0.0,
2022-06-12 21:00:00,287.2885,998.66907,3.9721353,29.835161,0.0,0.0,
2022-06-12 22:00:00,286.79547,999.1775,3.8543723,31.162907,0.0,0.0,
2022-06-12 23:00:00,287.3153,999.79126,3.6950848,30.756792,0.0,0.0,
2022-06-13 00:00:00,290.38562,1000.5865,4.0157967,24.59102,0.0,0.0,
2022-06-13 01:00:00,293.384,1000.6311,4.76533,19.70824,0.0,0.0,
2022-06-13 02:00:00,296.06976,1000.1408,5.072537,16.638432,0.0,0.0,
2022-06-13 03:00:00,298.27682,999.02704,5.0360208,14.021002,0.0,0.0,
2022-06-13 04:00:00,299.93292,998.09155,4.653977,12.033414,0.0,0.0,
2022-06-13 05:00:00,301.0954,997.1887,4.249442,10.992956,0.0,0.0,
2022-06-13 06:00:00,301.82556,996.44653,4.12305,10.701587,0.0,0.0,
2022-06-13 07:00:00,302.39624,996.23553,4.34037,11.003022,0.0,0.0,
2022-06-13 08:00:00,302.13446,996.4866,4.065198,11.756266,0.0,0.0,
2022-06-13 09:00:00,300.47232,996.7578,3.2154746,14.972903,0.0,0.0,
2022-06-13 10:00:00,298.42242,997.28107,3.5153215,18.425901,0.0,0.0,
2022-06-13 11:00:00,296.78842,997.767,3.8204226,20.652157,0.0,0.0,
2022-06-13 12:00:00,295.54492,998.16235,3.9536493,22.083626,0.0,0.0,
2022-06-13 13:00:00,294.45334,998.5243,4.0576997,23.211401,0.0,0.0,
2022-06-13 14:00:00,293.4342,998.6828,4.0297213,24.455265,0.0,0.0,
2022-06-13 15:00:00,292.4662,998.80493,4.023388,25.923666,0.0,0.0,
2022-06-13 16:00:00,291.58173,998.6661,3.993476,27.382612,0.0,0.0,
2022-06-13 17:00:00,290.78595,998.59625,3.9403367,28.785313,0.0,0.0,
2022-06-13 18:00:00,290.0655,998.53766,3.8163998,30.08836,0.0,0.0,
2022-06-13 19:00:00,288.6352,998.3523,3.713592,32.453995,0.0,0.0,
2022-06-13 20:00:00,287.84344,998.5847,3.7035468,34.111027,0.0,0.0,
2022-06-13 21:00:00,287.29944,998.9183,3.7639363,35.1729,0.0,0.0,
2022-06-13 22:00:00,286.90253,999.52045,3.7728684,35.93877,0.0,0.0,
2022-06-13 23:00:00,287.53406,1000.16284,3.6294055,34.717842,0.0,0.0,
2022-06-14 00:00:00,290.8383,1000.6546,3.9729397,27.573606,0.0,0.0,
2022-06-14 01:00:00,294.41992,1000.71515,4.627526,21.429289,0.0,0.0,
2022-06-14 02:00:00,297.58344,1000.3359,5.021562,17.38388,0.0,0.0,
2022-06-14 03:00:00,299.8761,999.1987,5.628777,14.572829,0.0,0.0,
2022-06-14 04:00:00,301.27383,998.1658,5.5286865,13.24629,0.0,0.0,
2022-06-14 05:00:00,302.1607,997.13165,5.2068753,12.489893,0.0,0.0,
2022-06-14 06:00:00,302.67365,996.6857,4.95445,12.040878,0.0,0.0,
2022-06-14 07:00:00,303.09375,996.1717,4.5904717,12.570268,0.0,0.0,
2022-06-14 08:00:00,302.755,996.33905,4.411196,12.897614,0.0,0.0,
2022-06-14 09:00:00,301.08063,996.7184,3.495003,15.130867,0.0,0.0,
2022-06-14 10:00:00,298.99207,997.52875,3.638904,17.841663,0.0,0.0,
2022-06-14 11:00:00,297.39764,998.1986,3.8234081,19.95698,0.0,0.0,
2022-06-14 12:00:00,296.09448,998.9308,3.9779139,21.692202,0.0,0.0,
2022-06-14 13:00:00,294.99927,999.3328,4.0571117,23.209522,0.0,0.0,
2022-06-14 14:00:00,294.00726,999.54175,4.0859957,24.687891,0.0,0.0,
2022-06-14 15:00:00,293.0864,999.47046,4.0974855,26.143383,0.0,0.0,
2022-06-14 16:00:00,292.2484,999.2997,4.0902367,27.473875,0.0,0.0,
2022-06-14 17:00:00,291.54578,999.4866,4.19028,28.430122,0.0,0.0,
2022-06-14 18:00:00,290.95413,999.02765,4.347872,28.943508,0.0,0.0,
2022-06-14 19:00:00,289.52814,999.24536,3.9885354,32.810844,0.0,0.0,
2022-06-14 20:00:00,288.87933,999.0064,3.8479872,33.753414,0.0,0.0,
2022-06-14 21:00:00,288.38773,999.43,3.7678382,34.309593,0.0,0.0,
2022-06-14 22:00:00,287.97595,999.8234,3.7346492,34.547543,0.0,0.0,
2022-06-14 23:00:00,288.5318,1000.4891,3.5590336,32.883095,0.0,0.0,
2022-06-15 00:00:00,291.79498,1000.8685,3.921733,25.594593,0.0017195939,0.0,
2022-06-15 01:00:00,295.43524,1000.8926,4.693811,19.204906,0.0,0.0,
2022-06-15 02:00:00,298.6895,1000.26373,5.1133723,15.176524,0.0,0.0,
2022-06-15 03:00:00,301.09787,998.99927,5.6543765,13.041705,0.0,0.0,
2022-06-15 04:00:00,302.40787,997.69415,5.455299,12.492039,0.0,0.0,
2022-06-15 05:00:00,303.1983,996.51166,5.0951195,11.78337,0.0,0.0,
2022-06-15 06:00:00,303.65244,995.7321,4.8921,11.230824,0.0,0.0,
2022-06-15 07:00:00,304.06122,995.7714,4.443051,11.065146,0.0,0.0,
2022-06-15 08:00:00,303.6593,996.062,4.161197,11.272171,0.0,0.0,
2022-06-15 09:00:00,301.9569,996.59985,3.391507,13.182475,0.0,0.0,
2022-06-15 10:00:00,299.68686,997.64795,3.7883053,15.733216,0.0,0.0,
2022-06-15 11:00:00,298.05206,998.0068,4.0787687,17.526329,0.0,0.0,
2022-06-15 12:00:00,296.8072,998.632,4.136543,18.860283,0.0,0.0,
2022-06-15 13:00:00,295.7126,999.077,4.1695623,20.104553,0.0,0.0,
2022-06-15 14:00:00,294.71417,999.2661,4.289516,21.212673,0.0,0.0,
2022-06-15 15:00:00,293.82562,999.40796,4.445446,22.093056,0.0,0.0,
2022-06-15 16:00:00,293.06702,999.3643,4.622999,22.670782,0.0,0.0,
2022-06-15 17:00:00,292.46945,999.53375,4.7521787,22.856237,0.0,0.0,
2022-06-15 18:00:00,291.946,999.5506,4.766193,22.892653,0.0,0.0,
2022-06-15 19:00:00,290.7701,999.24646,4.5480022,23.636486,0.0,0.0,
2022-06-15 20:00:00,290.07294,999.3239,4.38436,24.65166,0.0,0.0,
2022-06-15 21:00:00,289.47867,999.45844,4.085927,26.005543,0.0,0.0,
2022-06-15 22:00:00,288.90738,999.8803,3.8135543,27.571762,0.0,0.0,
2022-06-15 23:00:00,289.31543,1000.65704,3.6359046,27.639256,0.0,0.0,
2022-06-16 00:00:00,292.46716,1000.98615,3.9726748,22.716908,0.0,0.0,
2022-06-16 01:00:00,295.87363,1000.9843,4.9482617,18.343538,0.0,0.0,
2022-06-16 02:00:00,298.91388,1000.3064,5.698429,15.512138,0.0,0.0,
2022-06-16 03:00:00,301.17966,998.9428,6.5761786,13.2041235,0.0,0.0,
2022-06-16 04:00:00,302.54477,997.5546,6.254861,11.610577,0.0,0.0,
2022-06-16 05:00:00,303.4196,996.3839,5.5034723,10.667104,0.0,0.0,
2022-06-16 06:00:00,303.88354,995.84686,4.890523,10.201908,0.0,0.0,
2022-06-16 07:00:00,304.0,996.41626,4.3605733,10.732353,0.0,0.0,
2022-06-16 08:00:00,303.56543,996.44495,4.6844625,11.139904,0.0,0.0,
2022-06-16 09:00:00,301.86407,996.71857,4.0607114,13.02223,0.0,0.0,
2022-06-16 10:00:00,299.74414,996.976,4.1881094,15.335608,0.0,0.0,
2022-06-16 11:00:00,298.30234,997.6797,4.3387737,17.017326,0.0,0.0,
2022-06-16 12:00:00,297.0765,997.95483,4.482562,18.430784,0.0,0.0,
2022-06-16 13:00:00,296.01337,998.3544,4.696107,19.531143,0.0,0.0,
2022-06-16 14:00:00,295.04575,998.5014,4.887896,20.30312,0.0,0.0,
2022-06-16 15:00:00,294.2071,998.57916,5.014237,20.754366,0.0,0.0,
2022-06-16 16:00:00,293.497,998.40967,5.1005597,20.99481,0.0,0.0,
2022-06-16 17:00:00,292.89874,998.4877,5.0992947,21.14463,0.0,0.0,
2022-06-16 18:00:00,292.32425,998.1298,4.994645,21.32038,0.0,0.0,
2022-06-16 19:00:00,290.86646,998.0218,4.5721006,23.085814,0.0,0.0,
2022-06-16 20:00:00,290.17236,998.02826,4.408778,23.63716,0.0,0.0,
2022-06-16 21:00:00,289.62234,998.22595,4.239984,24.158745,0.0,0.0,
2022-06-16 22:00:00,289.16895,998.6557,4.2052455,24.63902,0.0,0.0,
2022-06-16 23:00:00,289.74478,999.2447,4.128215,23.726877,0.0,0.0,
2022-06-17 00:00:00,292.80167,999.5197,4.4945397,19.22827,0.0,0.0,
2022-06-17 01:00:00,296.10663,999.58765,5.523957,15.360047,0.0,0.0,
2022-06-17 02:00:00,298.86688,998.762,6.136268,13.060496,0.0,0.0,
2022-06-17 03:00:00,300.97653,997.7986,6.5188613,11.455575,0.0,0.0,
2022-06-17 04:00:00,302.38544,996.6396,6.288923,10.214647,0.0,0.0,
2022-06-17 05:00:00,303.33524,995.6788,5.9419365,9.464665,0.0,0.0,
2022-06-17 06:00:00,303.9093,995.2525,5.690803,9.0147,0.0,0.0,
2022-06-17 07:00:00,304.22983,995.0865,5.022685,8.737028,0.0,0.0,
2022-06-17 08:00:00,303.89825,995.3109,4.820105,8.830628,0.0,0.0,
2022-06-17 09:00:00,302.20932,995.4794,3.6618571,10.256562,0.0,0.0,
2022-06-17 10:00:00,300.03217,996.3786,3.7925286,12.441627,0.0,0.0,
2022-06-17 11:00:00,298.37006,996.79553,4.1543965,14.525351,0.0,0.0,
2022-06-17 12:00:00,297.14224,997.11163,4.49621,16.280405,0.0,0.0,
2022-06-17 13:00:00,296.16455,997.11554,4.812797,17.531488,0.0,0.0,
2022-06-17 14:00:00,295.37177,997.09296,4.9853296,18.225477,0.0,0.0,
2022-06-17 15:00:00,294.629,996.76953,5.016693,18.653328,0.0,0.0,
2022-06-17 16:00:00,293.91345,996.7978,4.9592323,19.01948,0.0,0.0,
2022-06-17 17:00:00,293.22626,996.7408,4.840772,19.3864,0.0,0.0,
2022-06-17 18:00:00,292.58063,996.6011,4.758609,19.88464,0.0,0.0,
2022-06-17 19:00:00,291.17685,996.1742,4.6755757,20.554281,0.0,0.0,
2022-06-17 20:00:00,290.4898,996.19995,4.453692,21.360126,0.0,0.0,
2022-06-17 21:00:00,289.97455,996.59955,4.2156734,22.204235,0.0,0.0,
2022-06-17 22:00:00,289.51434,996.9507,4.089995,23.13824,0.0,0.0,
2022-06-17 23:00:00,290.0022,997.52765,3.8870604,23.002464,0.0,0.0,
2022-06-18 00:00:00,293.07812,997.91595,4.195519,19.243095,0.0,0.0,
2022-06-18 01:00:00,296.3271,998.0726,5.076252,16.072998,0.0,0.0,
2022-06-18 02:00:00,299.15442,997.76624,4.988028,14.173719,0.0,0.0,
2022-06-18 03:00:00,301.45947,997.0739,4.4574094,12.76425,0.0,0.0,
2022-06-18 04:00:00,303.0309,995.95013,3.644956,11.640103,0.0,0.0,
2022-06-18 05:00:00,303.8554,995.2201,2.3288553,10.730749,0.0,0.0,
2022-06-18 06:00:00,304.19476,994.9136,1.1519963,10.227045,0.0,0.0,
2022-06-18 07:00:00,304.26068,994.3717,0.878873,10.698433,0.0,0.0,
2022-06-18 08:00:00,304.0517,994.70935,0.53147143,10.773259,0.0,0.0,
2022-06-18 09:00:00,303.38354,995.1202,1.0912027,11.723549,0.0,0.0,
2022-06-18 10:00:00,301.66577,995.6814,2.064567,14.310487,0.0,0.0,
2022-06-18 11:00:00,299.62033,996.2453,2.7233155,17.226257,0.0,0.0,
2022-06-18 12:00:00,297.83392,996.5957,3.0555153,19.782814,0.0,0.0,
2022-06-18 13:00:00,296.181,996.7081,3.0855384,22.543781,0.0,0.0,
2022-06-18 14:00:00,294.67896,996.8178,3.0449774,25.438332,0.0,0.0,
2022-06-18 15:00:00,293.39752,996.8443,2.8675952,28.66746,0.0,0.0,
2022-06-18 16:00:00,292.25916,996.70685,2.554396,32.709713,0.0,0.0,
2022-06-18 17:00:00,291.24078,996.8223,2.0553493,37.732155,0.0,0.0,
2022-06-18 18:00:00,290.63745,996.6075,1.7363911,39.36674,0.0,0.0,
2022-06-18 19:00:00,289.56232,996.6375,2.7084026,37.25227,0.0,0.0,
2022-06-18 20:00:00,288.7602,996.444,2.2825189,40.448902,0.0,0.0,
2022-06-18 21:00:00,288.16583,996.698,2.0143156,42.714195,0.0,0.0,
2022-06-18 22:00:00,287.84036,996.9877,1.7271247,43.314587,0.0,0.0,
2022-06-18 23:00:00,288.09042,997.25604,1.4516003,43.593315,0.0,0.0,
2022-06-19 00:00:00,291.30518,997.56976,1.4935862,33.1661,0.0017298535,0.0,
2022-06-19 01:00:00,295.1656,997.52014,1.8187993,24.402044,0.0,0.0,
2022-06-19 02:00:00,298.89005,997.0522,2.1777325,19.147009,0.0,0.0,
2022-06-19 03:00:00,301.7935,996.33563,2.3361053,15.8657255,0.0,0.0,
2022-06-19 04:00:00,303.37708,995.4118,1.7640867,13.858074,0.0,0.0,
2022-06-19 05:00:00,304.07773,994.6181,0.7527441,12.750217,0.0,0.0,
2022-06-19 06:00:00,304.3545,994.11346,0.5182828,12.386954,0.0,0.0,
2022-06-19 07:00:00,304.61868,994.3114,2.4017775,13.257471,0.0,0.0,
2022-06-19 08:00:00,304.2866,994.123,3.0954251,13.427995,0.0,0.0,
2022-06-19 09:00:00,302.9144,994.6744,2.8936963,15.347457,0.0,0.0,
2022-06-19 10:00:00,301.02155,995.2207,2.9258378,17.99739,0.0,0.0,
2022-06-19 11:00:00,299.55823,995.72314,2.594526,20.559486,0.0,0.0,
2022-06-19 12:00:00,298.01886,995.77893,2.5052187,23.805056,0.0,0.0,
2022-06-19 13:00:00,296.56686,995.9345,2.6769788,26.498756,0.0,0.0,
2022-06-19 14:00:00,295.3083,996.06104,2.7286563,28.937986,0.0,0.0,
2022-06-19 15:00:00,294.33948,995.8142,2.747581,30.82661,0.0,0.0,
2022-06-19 16:00:00,293.55585,995.7414,2.9431913,31.87916,0.0,0.0,
2022-06-19 17:00:00,293.03638,995.8025,3.070839,31.969362,0.0,0.0,
2022-06-19 18:00:00,292.63666,995.56665,3.0109704,31.789526,0.0,0.06,
2022-06-19 19:00:00,291.59015,995.7561,2.842611,36.78453,0.0,0.0,
2022-06-19 20:00:00,290.9964,995.48206,2.8548596,37.465866,0.0,0.0,
2022-06-19 21:00:00,290.38672,995.7175,2.942145,38.099426,0.0,0.0,
2022-06-19 22:00:00,289.8966,996.1486,3.0030093,38.352463,0.0,0.0,
2022-06-19 23:00:00,290.24762,996.46783,2.909806,36.676834,0.0,0.0,
2022-06-20 00:00:00,293.45142,996.87634,3.149788,28.400644,0.0,0.0,
2022-06-20 01:00:00,296.87708,997.02673,3.6790385,21.824606,0.0,0.0,
2022-06-20 02:00:00,299.81104,996.6309,3.8907113,17.928762,0.0,0.0,
2022-06-20 03:00:00,302.2386,995.7952,4.1473227,15.26956,0.0,0.0,
2022-06-20 04:00:00,303.8068,994.7047,4.7015133,13.395587,0.0,0.0,
2022-06-20 05:00:00,304.4466,993.9389,4.87069,12.674989,0.0,0.0,
2022-06-20 06:00:00,304.8177,993.276,4.8741293,12.268535,0.0,0.0,
2022-06-20 07:00:00,305.14526,993.4011,4.574457,12.6339855,0.0,0.0,
2022-06-20 08:00:00,304.7044,993.68134,4.3934035,13.086133,0.0,0.0,
2022-06-20 09:00:00,303.092,994.08826,3.7247577,15.569481,0.0,0.04,
2022-06-20 10:00:00,301.3583,994.8356,3.9798048,18.010935,0.0,0.0,
2022-06-20 11:00:00,300.18127,995.3822,4.249769,19.59357,0.0,0.0,
2022-06-20 12:00:00,299.29382,995.6791,4.2733974,20.79247,0.0,0.0,
2022-06-20 13:00:00,298.42267,996.0005,4.2094207,21.980991,0.0,0.0,
2022-06-20 14:00:00,297.56165,996.10657,4.2076344,23.079113,0.0,0.0,
2022-06-20 15:00:00,296.62604,995.9924,4.24342,24.134705,0.0,0.32999998,
2022-06-20 16:00:00,295.98236,995.95294,4.2545886,24.696024,0.0,0.0,
2022-06-20 17:00:00,295.3282,996.1245,4.3769965,25.372059,0.0,0.0,
2022-06-20 18:00:00,294.73538,995.9973,4.5364556,26.22448,0.0,0.0,
2022-06-20 19:00:00,292.97888,996.28,4.5434785,28.89601,0.0,0.0,
2022-06-20 20:00:00,292.33334,996.3858,4.4453077,30.346697,0.0,0.0,
2022-06-20 21:00:00,291.7702,997.0442,4.2542005,31.676537,0.0,0.0,
2022-06-20 22:00:00,291.2365,997.67126,4.05728,32.799652,0.0,0.0,
2022-06-20 23:00:00,291.61182,998.4356,3.9539769,31.989542,0.0,0.0,
2022-06-21 00:00:00,294.53784,998.79846,4.191002,26.084248,0.0,0.0,
2022-06-21 01:00:00,297.9072,998.9931,5.038881,20.408926,0.0,0.0,
2022-06-21 02:00:00,300.83075,998.49976,5.4704947,16.846498,0.0,0.0,
2022-06-21 03:00:00,303.0138,997.74414,6.0720267,14.248127,0.0,0.0,
2022-06-21 04:00:00,304.31476,996.78174,6.055845,12.77624,0.0,0.0,
2022-06-21 05:00:00,305.12845,995.8742,5.818428,12.095709,0.0,0.0,
2022-06-21 06:00:00,305.59232,995.35803,5.720726,11.779211,0.0,0.0,
2022-06-21 07:00:00,305.86295,995.30133,6.216063,12.381524,0.0,0.0,
2022-06-21 08:00:00,305.38702,995.5187,5.9719553,12.764186,0.0,0.0,
2022-06-21 09:00:00,303.68668,996.0717,4.607224,14.466664,0.0,0.0,
2022-06-21 10:00:00,301.49298,996.8172,4.2967243,16.759514,0.0,0.0,
2022-06-21 11:00:00,299.95972,997.5611,4.465331,18.388754,0.0,0.0,
2022-06-21 12:00:00,298.72653,998.0822,4.73431,19.553535,0.0,0.0,
2022-06-21 13:00:00,297.64996,998.57153,5.019499,20.21089,0.0,0.0,
2022-06-21 14:00:00,296.66663,998.95935,5.1220827,20.505777,0.0,0.0,
2022-06-21 15:00:00,295.72586,999.15643,5.019777,20.817345,0.0,0.0,
2022-06-21 16:00:00,294.85327,999.2339,4.925729,21.254053,0.0,0.0,
2022-06-21 17:00:00,294.08307,999.33716,4.859145,21.699915,0.0,0.0,
2022-06-21 18:00:00,293.40222,999.1989,4.806773,22.214415,0.0,0.0,
2022-06-21 19:00:00,292.31305,999.4582,4.754676,24.07741,0.0,0.0,
2022-06-21 20:00:00,291.7359,999.6114,4.794903,25.011179,0.0,0.0,
2022-06-21 21:00:00,291.3436,999.90533,4.840709,25.876501,0.0,0.0,
2022-06-21 22:00:00,291.10333,1000.4789,4.898075,26.52154,0.0,0.0,
2022-06-21 23:00:00,291.81143,1000.92847,4.9615273,25.71041,0.0,0.0,
2022-06-22 00:00:00,294.646,1001.64594,5.213457,22.064486,0.0,0.0,
2022-06-22 01:00:00,297.477,1001.91046,6.947623,19.203318,0.0,0.0,
2022-06-22 02:00:00,299.8736,1001.4278,7.596342,17.532543,0.0,0.0,
2022-06-22 03:00:00,301.8554,1000.5506,7.5338516,16.356268,0.0,0.0,
2022-06-22 04:00:00,303.35535,999.6749,7.293649,15.338993,0.0,0.0,
2022-06-22 05:00:00,304.2104,998.77155,6.8611794,14.4326,0.0,0.0,
2022-06-22 06:00:00,304.5525,998.1925,6.4496694,13.767711,0.0,0.0,
2022-06-22 07:00:00,304.68768,998.01544,6.706706,13.812926,0.0,0.0,
2022-06-22 08:00:00,304.0788,998.3164,6.418824,13.758371,0.0,0.0,
2022-06-22 09:00:00,302.4326,998.88654,5.16845,14.886157,0.0,0.0,
2022-06-22 10:00:00,300.36896,999.7564,5.0344367,16.49175,0.0,0.0,
2022-06-22 11:00:00,298.88525,1000.2653,5.2954288,17.610497,0.0,0.0,
2022-06-22 12:00:00,297.6481,1000.79584,5.5058155,18.380527,0.0,0.0,
2022-06-22 13:00:00,296.53644,1001.22296,5.67789,18.749935,0.0,0.0,
2022-06-22 14:00:00,295.51855,1001.5017,5.5841722,19.108572,0.0,0.0,
2022-06-22 15:00:00,294.55444,1001.5623,5.4374313,19.750292,0.0,0.0,
2022-06-22 16:00:00,293.7111,1001.5469,5.3212523,20.518703,0.0,0.0,
2022-06-22 17:00:00,292.94385,1001.39844,5.130425,21.361238,0.0,0.0,
2022-06-22 18:00:00,292.19513,1001.18713,4.8071985,22.344095,0.0,0.0,
2022-06-22 19:00:00,290.7173,1001.1184,4.350169,25.314003,0.0,0.0,
2022-06-22 20:00:00,289.93774,1000.86194,4.2225094,26.787693,0.0,0.0,
2022-06-22 21:00:00,289.3459,1001.13654,4.2033443,28.225655,0.0,0.0,
2022-06-22 22:00:00,288.89536,1001.84216,4.2351894,29.833471,0.0,0.0,
2022-06-22 23:00:00,289.4145,1002.645,4.1915517,30.126041,0.0,0.0,
2022-06-23 00:00:00,292.25308,1003.30304,4.8913946,26.477718,0.0,0.0,
2022-06-23 01:00:00,295.13483,1003.1222,6.211108,23.835268,0.0,0.0,
2022-06-23 02:00:00,297.75653,1002.70233,6.5754933,22.164293,0.0,0.0,
2022-06-23 03:00:00,299.92853,1001.3094,6.4627414,21.05658,0.0,0.0,
2022-06-23 04:00:00,301.56854,999.96155,6.11816,20.117292,0.0,0.0,
2022-06-23 05:00:00,302.61755,998.5798,5.476259,18.60555,0.0,0.0,
2022-06-23 06:00:00,303.21368,997.4844,4.940205,17.251316,0.0,0.0,
2022-06-23 07:00:00,303.61084,997.07806,4.6865945,15.141188,0.0,0.0,
2022-06-23 08:00:00,303.2943,997.0504,4.481234,15.375033,0.0,0.0,
2022-06-23 09:00:00,301.86832,997.59796,3.5922277,17.228956,0.0,0.0,
2022-06-23 10:00:00,299.7445,998.3714,3.8369517,20.178669,0.0,0.0,
2022-06-23 11:00:00,298.1958,998.7523,4.1135135,22.595352,0.0,0.0,
2022-06-23 12:00:00,296.94824,999.3152,4.225225,24.619875,0.0,0.0,
2022-06-23 13:00:00,295.8301,999.6238,4.2932324,26.339415,0.0,0.0,
2022-06-23 14:00:00,294.79803,999.89374,4.376414,27.646547,0.0,0.0,
2022-06-23 15:00:00,293.86554,999.84924,4.3905687,28.572649,0.0,0.0,
2022-06-23 16:00:00,293.0036,999.6216,4.3354897,29.418234,0.0,0.0,
2022-06-23 17:00:00,292.20596,999.4639,4.312986,30.389765,0.0,0.0,
2022-06-23 18:00:00,291.489,999.2045,4.386872,31.46866,0.0,0.0,
2022-06-23 19:00:00,289.95728,999.03033,4.1277256,34.357548,0.0,0.0,
2022-06-23 20:00:00,289.21588,998.7307,4.0547004,35.891685,0.0,0.0,
2022-06-23 21:00:00,288.68073,999.106,3.9258604,37.206375,0.0,0.0,
2022-06-23 22:00:00,288.25427,999.60297,3.9209616,38.362316,0.0,0.0,
2022-06-23 23:00:00,288.77655,1000.1378,3.8964155,37.3878,0.0,0.0,
2022-06-24 00:00:00,291.92194,1000.5754,4.4262786,30.65734,0.0,0.0,
2022-06-24 01:00:00,295.36774,1000.415,5.306579,24.726946,0.0,0.0,
2022-06-24 02:00:00,298.40652,999.7374,5.831629,20.890001,0.0,0.0,
2022-06-24 03:00:00,300.27686,998.7439,6.5831466,18.499514,0.0,0.0,
2022-06-24 04:00:00,301.33554,997.493,5.615595,16.562212,0.0,0.0,
2022-06-24 05:00:00,302.0183,996.5334,4.6902714,15.409515,0.0,0.0,
2022-06-24 06:00:00,302.22137,995.85596,4.0307455,15.029168,0.0,0.0,
2022-06-24 07:00:00,302.24878,995.64624,3.1083162,16.300049,0.0,0.0,
2022-06-24 08:00:00,301.9039,995.8066,3.1543624,16.790894,0.0,0.0,
2022-06-24 09:00:00,300.8224,996.06256,2.8679512,18.917408,0.0,0.0,
2022-06-24 10:00:00,299.4591,996.5684,3.2755096,21.230251,0.0,0.0,
2022-06-24 11:00:00,298.4192,996.9833,3.5686624,22.989964,0.0,0.0,
2022-06-24 12:00:00,297.42615,997.1375,3.6525807,24.665976,0.0,0.0,
2022-06-24 13:00:00,296.58777,997.25745,3.72438,26.051422,0.0,0.0,
2022-06-24 14:00:00,295.5664,997.14276,3.8369122,27.538597,0.0,0.0,
2022-06-24 15:00:00,294.51236,996.8102,3.906876,28.879807,0.0,0.0,
2022-06-24 16:00:00,293.5181,996.8193,3.8808641,30.169598,0.0,0.0,
2022-06-24 17:00:00,292.68738,996.46985,3.8334484,31.388018,0.0,0.0,
2022-06-24 18:00:00,291.96643,996.3725,3.8428934,32.63035,0.0,0.0,
2022-06-24 19:00:00,290.52863,996.4123,3.848368,35.42218,0.0,0.0,
2022-06-24 20:00:00,289.82355,996.3909,3.7682176,36.772564,0.0,0.0,
2022-06-24 21:00:00,289.28036,996.81476,3.6103876,37.64441,0.0,0.0,
2022-06-24 22:00:00,288.77945,997.39795,3.5260594,38.22191,0.0,0.0,
2022-06-24 23:00:00,289.11926,998.11896,3.2482195,36.97914,0.0,0.0,
2022-06-25 00:00:00,292.3118,998.755,3.421822,29.271269,0.0017322425,0.0,
2022-06-25 01:00:00,295.74512,998.8425,4.1116505,23.076752,0.0,0.0,
2022-06-25 02:00:00,298.81573,998.4773,4.718137,19.233362,0.0,0.0,
2022-06-25 03:00:00,301.01004,997.46454,5.4186363,16.395605,0.0,0.0,
2022-06-25 04:00:00,302.0785,996.3122,4.9979906,14.852226,0.0,0.0,
2022-06-25 05:00:00,302.7275,995.2413,4.475616,13.858936,0.0,0.0,
2022-06-25 06:00:00,303.1129,994.5355,4.20812,13.128352,0.0,0.0,
2022-06-25 07:00:00,303.40143,994.4021,4.334751,12.451501,0.0,0.0,
2022-06-25 08:00:00,303.0938,994.72296,4.1044426,12.391455,0.0,0.0,
2022-06-25 09:00:00,301.72076,995.2236,3.1978192,13.784984,0.0,0.0,
2022-06-25 10:00:00,299.64795,995.985,3.5674381,16.093008,0.0,0.0,
2022-06-25 11:00:00,298.1021,996.76874,3.999866,17.955545,0.0,0.0,
2022-06-25 12:00:00,296.85568,996.9517,4.2216167,19.496866,0.0,0.0,
2022-06-25 13:00:00,295.7815,997.0946,4.343775,20.831705,0.0,0.0,
2022-06-25 14:00:00,294.8023,997.0714,4.4468813,22.012775,0.0,0.0,
2022-06-25 15:00:00,293.96863,996.9257,4.63629,23.028,0.0,0.0,
2022-06-25 16:00:00,293.28845,996.75525,4.861689,24.15213,0.0,0.0,
2022-06-25 17:00:00,292.706,996.97534,5.002989,25.76385,0.0,0.0,
2022-06-25 18:00:00,292.13977,997.1239,5.062816,27.873936,0.0,0.0,
2022-06-25 19:00:00,290.87964,997.3867,4.7264366,30.420933,0.0,0.0,
2022-06-25 20:00:00,290.35376,997.8613,4.7226253,32.294346,0.0,0.0,
2022-06-25 21:00:00,289.9256,998.3109,4.6287227,33.503468,0.0,0.0,
2022-06-25 22:00:00,289.5853,998.9675,4.631405,34.228302,0.0,0.0,
2022-06-25 23:00:00,290.1047,999.78784,4.707289,33.197624,0.0,0.0,
2022-06-26 00:00:00,292.74832,1000.40265,5.5343876,28.315063,0.0021487474,0.0,
2022-06-26 01:00:00,295.5607,1000.7433,6.925168,24.53214,0.0,0.0,
2022-06-26 02:00:00,297.98364,1000.2455,7.626045,22.089947,0.0,0.0,
2022-06-26 03:00:00,299.87827,999.14764,8.146274,20.018007,0.0,0.0,
2022-06-26 04:00:00,301.08936,998.0705,8.177429,18.090954,0.0,0.0,
2022-06-26 05:00:00,301.77518,997.0036,7.5286455,16.727997,0.0,0.0,
2022-06-26 06:00:00,302.10016,996.57025,6.9375887,15.908745,0.0,0.0,
2022-06-26 07:00:00,302.2745,996.4504,6.79293,15.559049,0.0,0.0,
2022-06-26 08:00:00,301.7796,996.8006,6.683108,15.739144,0.0,0.0,
2022-06-26 09:00:00,300.4759,997.5801,5.621147,17.10424,0.0,0.0,
2022-06-26 10:00:00,298.73346,998.1738,5.4555683,19.10272,0.0,0.0,
2022-06-26 11:00:00,297.52014,998.9136,5.7295256,20.674528,0.0,0.0,
2022-06-26 12:00:00,296.51385,999.7366,5.913077,22.075043,0.0,0.0,
2022-06-26 13:00:00,295.621,1000.27545,6.11863,23.354416,0.0,0.0,
2022-06-26 14:00:00,294.8328,1000.546,6.193026,24.594694,0.0,0.0,
2022-06-26 15:00:00,294.08148,1000.4152,6.12147,25.930548,0.0,0.0,
2022-06-26 16:00:00,293.40564,1000.3649,6.0487766,27.256111,0.0,0.0,
2022-06-26 17:00:00,292.83698,1000.43884,5.950266,28.527264,0.0,0.0,
2022-06-26 18:00:00,292.3075,1000.15186,5.864799,29.899996,0.0,0.0,
2022-06-26 19:00:00,291.4671,1000.12335,5.28512,32.211853,0.0,0.0,
2022-06-26 20:00:00,291.00824,999.96265,5.30581,33.998898,0.0,0.0,
2022-06-26 21:00:00,290.68756,1000.3136,5.407104,35.26281,0.0,0.0,
2022-06-26 22:00:00,290.40662,1000.62134,5.558338,35.879883,0.0,0.0,
2022-06-26 23:00:00,290.9218,1001.3661,5.865016,34.27876,0.0,0.0,
2022-06-27 00:00:00,292.95428,1001.8072,6.5623574,29.346478,0.0,0.0,
2022-06-27 01:00:00,294.98166,1002.1423,8.44509,25.285622,0.0,0.0,
2022-06-27 02:00:00,296.77362,1001.6891,8.936803,22.853098,0.0,0.0,
2022-06-27 03:00:00,298.37244,1000.6344,8.743379,21.207523,0.0,0.0,
2022-06-27 04:00:00,299.70703,999.46204,8.37216,20.195179,0.0,0.0,
2022-06-27 05:00:00,300.69543,998.46466,7.9197364,19.706827,0.0,0.0,
2022-06-27 06:00:00,301.29004,997.91266,7.538712,19.701082,0.0,0.0,
2022-06-27 07:00:00,301.773,997.24744,6.781253,20.31018,0.0,0.0,
2022-06-27 08:00:00,301.3574,997.34924,6.8935447,21.262245,0.0,0.0,
2022-06-27 09:00:00,300.11908,997.97235,6.067331,23.24082,0.0,0.0,
2022-06-27 10:00:00,298.57388,998.90674,5.8548474,25.497707,0.0,0.0,
2022-06-27 11:00:00,297.47217,999.57916,5.6295657,27.048412,0.0,0.0,
2022-06-27 12:00:00,296.55975,1000.1317,5.4338045,28.205711,0.0,0.0,
2022-06-27 13:00:00,295.74445,1000.4636,5.430543,28.937838,0.0,0.0,
2022-06-27 14:00:00,294.95026,1000.5709,5.399872,29.401335,0.0,0.0,
2022-06-27 15:00:00,294.21442,1000.3924,5.163901,29.87788,0.0,0.0,
2022-06-27 16:00:00,293.5263,1000.344,4.963117,30.640442,0.0,0.0,
2022-06-27 17:00:00,292.9562,1000.0875,4.921579,31.517046,0.0,0.0,
2022-06-27 18:00:00,292.3946,999.6177,4.8724036,32.578117,0.0,0.0,
2022-06-27 19:00:00,291.45822,999.6686,4.9284463,33.771866,0.0,0.0,
2022-06-27 20:00:00,290.91852,999.82153,4.741811,34.851856,0.0,0.0,
2022-06-27 21:00:00,290.48486,999.7713,4.652391,35.83487,0.0,0.0,
2022-06-27 22:00:00,290.179,999.81,4.746485,36.44211,0.0,0.0,
2022-06-27 23:00:00,290.75812,1000.1336,4.90568,34.91946,0.0,0.0,
2022-06-28 00:00:00,293.0418,1000.3663,5.5490055,29.676224,0.0,0.0,
2022-06-28 01:00:00,295.49832,1000.27234,7.3298206,25.394388,0.0,0.0,
2022-06-28 02:00:00,297.86234,999.59314,7.5115166,23.601585,0.0,0.0,
2022-06-28 03:00:00,299.96744,998.3989,7.2142963,23.099968,0.0,0.0,
2022-06-28 04:00:00,301.5794,997.2395,6.6874228,23.27189,0.0,0.0,
2022-06-28 05:00:00,302.59564,996.3794,5.9010963,23.419361,0.0,0.0,
2022-06-28 06:00:00,303.05624,995.65814,5.268014,23.392458,0.0,0.0,
2022-06-28 07:00:00,303.06824,995.28107,5.2435207,26.279984,0.0,0.0,
2022-06-28 08:00:00,302.74084,995.53326,5.1617117,26.98377,0.0,0.0,
2022-06-28 09:00:00,301.6691,995.8103,4.3274574,28.981865,0.0,0.0,
2022-06-28 10:00:00,300.08167,996.57874,4.0390697,31.961308,0.0,0.0,
2022-06-28 11:00:00,298.88,996.96875,4.1602206,34.152504,0.0,0.0,
2022-06-28 12:00:00,297.81793,997.5045,4.4471326,35.940243,0.0,0.0,
2022-06-28 13:00:00,296.8943,997.8511,5.1968627,37.251255,0.0,0.0,
2022-06-28 14:00:00,296.09808,997.96466,6.056986,38.691746,0.0,0.0,
2022-06-28 15:00:00,295.29608,998.10767,6.2633624,40.917225,0.0,0.0,
2022-06-28 16:00:00,294.44202,998.1306,6.1176925,43.34141,0.0,0.0,
2022-06-28 17:00:00,293.59232,998.32935,5.8696,45.618023,0.0,0.0,
2022-06-28 18:00:00,292.71576,998.1658,5.552664,47.920307,0.0,0.0,
2022-06-28 19:00:00,291.84668,997.8094,5.489374,49.717243,0.0,0.0,
2022-06-28 20:00:00,291.0014,997.8005,5.4316998,52.02531,0.0,0.0,
2022-06-28 21:00:00,290.17487,998.03735,5.239796,54.428715,0.0,0.0,
2022-06-28 22:00:00,289.38898,998.3094,5.06511,57.004707,0.0,0.0,
2022-06-28 23:00:00,289.30328,998.9299,4.989335,57.391148,0.0,0.0,
2022-06-29 00:00:00,290.48065,999.9025,6.4225492,53.262054,0.0017166138,0.0,
2022-06-29 01:00:00,292.3729,1000.1297,6.397693,47.496452,0.0,0.0,
2022-06-29 02:00:00,294.56204,999.79083,6.3267846,41.735336,0.0,0.0,
2022-06-29 03:00:00,296.60315,998.66406,6.350828,37.121883,0.0,0.0,
2022-06-29 04:00:00,298.24463,997.49445,6.2231913,33.847958,0.0,0.0,
2022-06-29 05:00:00,299.4579,996.715,6.0468388,31.486628,0.0,0.0,
2022-06-29 06:00:00,300.16174,996.158,5.832449,30.00251,0.0,0.0,
2022-06-29 07:00:00,300.74457,995.3868,6.121446,28.619852,0.0,0.0,
2022-06-29 08:00:00,300.36005,995.6625,6.111731,29.09244,0.0,0.0,
2022-06-29 09:00:00,299.24362,996.1078,5.261964,31.209406,0.0,0.0,
2022-06-29 10:00:00,297.7264,996.7238,5.1068144,34.348633,0.0,0.0,
2022-06-29 11:00:00,296.59406,997.2548,5.339399,36.840446,0.0,0.0,
2022-06-29 12:00:00,295.62833,998.18,5.505591,39.01913,0.0,0.0,
2022-06-29 13:00:00,294.75226,998.3722,5.5594335,40.952038,0.0,0.0,
2022-06-29 14:00:00,293.98978,998.6503,5.614705,42.573227,0.0,0.0,
2022-06-29 15:00:00,293.31342,998.77155,5.631129,43.89742,0.0,0.0,
2022-06-29 16:00:00,292.72913,998.8435,5.6109567,44.951065,0.0,0.0,
2022-06-29 17:00:00,292.21603,998.90674,5.5729628,45.963005,0.0,0.0,
2022-06-29 18:00:00,291.71442,998.6119,5.4908204,47.176903,0.0,0.0,
2022-06-29 19:00:00,290.84985,998.67224,5.3891525,49.487972,0.0,0.0,
2022-06-29 20:00:00,290.34998,998.26953,5.3062043,51.754616,0.0,0.0,
2022-06-29 21:00:00,289.91376,998.6169,5.1854773,54.525112,0.0,0.0,
2022-06-29 22:00:00,289.5197,998.9464,5.1629057,57.675713,0.0,0.0,
2022-06-29 23:00:00,289.8639,999.8473,4.9451165,58.331127,0.0,0.0,
2022-06-30 00:00:00,291.6306,1000.6063,6.24755,53.556644,0.0,0.0,
2022-06-30 01:00:00,293.44522,1000.66077,7.652989,47.54116,0.0,0.0,
2022-06-30 02:00:00,295.23087,1000.10034,8.051725,41.49751,0.0,0.0,
2022-06-30 03:00:00,296.83618,999.14435,7.9596434,37.108585,0.0,0.0,
2022-06-30 04:00:00,298.1927,998.28204,7.781295,33.90662,0.0,0.0,
2022-06-30 05:00:00,299.18964,997.3931,7.5250363,31.622944,0.0,0.0,
2022-06-30 06:00:00,299.79523,996.8808,7.2853394,29.993736,0.0,0.0,
2022-06-30 07:00:00,300.3359,996.7053,6.9178667,30.229017,0.0,0.0,
2022-06-30 08:00:00,299.94638,996.9197,7.0012364,30.362324,0.0,0.0,
2022-06-30 09:00:00,298.90143,997.40814,6.049,31.519106,0.0,0.0,
2022-06-30 10:00:00,297.49524,998.1264,5.960325,32.667206,0.0,0.0,
2022-06-30 11:00:00,296.37143,998.7905,6.308889,32.1959,0.0,0.0,
2022-06-30 12:00:00,295.40506,999.6364,6.49791,31.406826,0.0,0.0,
2022-06-30 13:00:00,294.51443,1000.09985,6.5788264,31.205229,0.0,0.0,
2022-06-30 14:00:00,293.71835,1000.301,6.40517,31.50132,0.0,0.0,
2022-06-30 15:00:00,292.94876,1000.41266,5.9825535,32.25203,0.0,0.0,
2022-06-30 16:00:00,292.179,1000.4164,5.5171256,33.414585,0.0,0.0,
2022-06-30 17:00:00,291.45978,1000.47986,5.182289,34.761395,0.0,0.0,
2022-06-30 18:00:00,290.794,1000.2759,5.0339384,36.174706,0.0,0.0,
2022-06-30 19:00:00,289.8352,1000.3236,4.686286,36.418793,0.0,0.0,
2022-06-30 20:00:00,289.23456,1000.0496,4.5614214,38.75514,0.0,0.0,
2022-06-30 21:00:00,288.87622,1000.38403,4.687832,40.07043,0.0,0.0,
2022-06-30 22:00:00,288.58307,1000.9439,4.866817,40.33659,0.0,0.0,
2022-06-30 23:00:00,289.04822,1001.6576,5.231308,38.011185,0.0,0.0,
2022-07-01 00:00:00,,290.93475,1002.3843,6.237148,31.896612,0.0,0.0
2022-07-01 01:00:00,,292.73706,1002.5723,8.141203,27.137047,0.0,0.0
2022-07-01 02:00:00,,294.45547,1002.14594,8.50752,23.996166,0.0,0.0
2022-07-01 03:00:00,,296.15872,1001.1314,8.1842165,21.7484,0.0,0.0
2022-07-01 04:00:00,,297.59686,1000.07916,7.8433995,20.350843,0.0,0.0
2022-07-01 05:00:00,,298.74246,998.7286,7.4806056,19.69554,0.0,0.0
2022-07-01 06:00:00,,299.4706,998.1436,7.165055,19.60669,0.0,0.0
2022-07-01 07:00:00,,300.2201,997.8212,6.8115516,21.487103,0.0,0.0
2022-07-01 08:00:00,,299.85904,998.0022,6.8041916,21.996704,0.0,0.0
2022-07-01 09:00:00,,298.7398,998.6894,5.7530274,23.379128,0.0,0.0
2022-07-01 10:00:00,,297.17792,999.51337,5.46432,25.238174,0.0,0.0
2022-07-01 11:00:00,,295.97382,1000.10657,5.5086517,26.569197,0.0,0.0
2022-07-01 12:00:00,,294.895,1000.6894,5.5657067,27.766375,0.0,0.0
2022-07-01 13:00:00,,293.91635,1000.9473,5.8058248,29.009083,0.0,0.0
2022-07-01 14:00:00,,293.11224,1001.17596,6.09277,30.494944,0.0,0.0
2022-07-01 15:00:00,,292.41336,1001.0683,6.1678104,32.740887,0.0,0.0
2022-07-01 16:00:00,,291.77557,1001.10724,6.059364,35.600502,0.0,0.0
2022-07-01 17:00:00,,291.18518,1001.0224,5.8517566,38.466602,0.0,0.0
2022-07-01 18:00:00,,290.61505,1000.65265,5.593724,40.858124,0.0,0.0
2022-07-01 19:00:00,,290.02466,1000.3109,5.7791514,42.412098,0.0,0.0
2022-07-01 20:00:00,,289.5296,1000.0039,5.646882,43.422626,0.0,0.0
2022-07-01 21:00:00,,289.12537,1000.3678,5.536046,43.905563,0.0,0.0
2022-07-01 22:00:00,,288.7369,1000.7975,5.5960164,44.217415,0.0,0.0
2022-07-01 23:00:00,,289.0428,1001.35944,5.7439203,42.6838,0.0,0.0
2022-07-02 00:00:00,,290.63177,1002.2046,7.0415535,37.844925,0.0013042252,0.0
2022-07-02 01:00:00,,292.20886,1002.5112,8.704304,33.254013,0.0,0.0
2022-07-02 02:00:00,,293.95688,1002.02563,8.69089,29.148909,0.0,0.0
2022-07-02 03:00:00,,295.61557,1001.09174,8.400262,25.84656,0.0,0.0
2022-07-02 04:00:00,,297.04706,999.72314,7.98636,23.53193,0.0,0.0
2022-07-02 05:00:00,,298.18274,998.47595,7.474445,22.035261,0.0,0.0
2022-07-02 06:00:00,,298.7603,997.76227,7.0223455,21.339563,0.0,0.0
2022-07-02 07:00:00,,299.2134,997.3141,6.4816513,21.726969,0.0,0.0
2022-07-02 08:00:00,,298.8405,997.1721,6.1664114,21.985846,0.0,0.0
2022-07-02 09:00:00,,297.7522,997.58154,5.130753,23.254091,0.0,0.0
2022-07-02 10:00:00,,296.15155,998.31946,4.978019,25.161758,0.0,0.0
2022-07-02 11:00:00,,294.95575,998.8081,5.2994847,26.125544,0.0,0.0
2022-07-02 12:00:00,,293.92197,999.4554,5.7522464,26.61382,0.0,0.0
2022-07-02 13:00:00,,292.99957,999.6936,6.019586,27.00146,0.0,0.0
2022-07-02 14:00:00,,292.1917,999.948,6.0776434,27.545336,0.0,0.0
2022-07-02 15:00:00,,291.45602,1000.0748,6.107001,28.327477,0.0,0.0
2022-07-02 16:00:00,,290.81046,999.84314,6.092306,29.296309,0.0,0.0
2022-07-02 17:00:00,,290.24506,999.9264,5.9508257,30.591467,0.0,0.0
2022-07-02 18:00:00,,289.67767,999.5652,5.7821007,32.373985,0.0,0.0
2022-07-02 19:00:00,,289.02585,999.12427,5.740734,34.888603,0.0,0.0
2022-07-02 20:00:00,,288.55093,998.97595,5.7482615,37.468033,0.0,0.0
2022-07-02 21:00:00,,288.25452,999.30774,5.7832074,39.804726,0.0,0.0
2022-07-02 22:00:00,,287.78894,999.8756,5.7615356,42.675457,0.0,0.0
2022-07-02 23:00:00,,288.1002,1000.6653,5.784454,43.26814,0.0,0.0
2022-07-03 00:00:00,,289.72205,1001.12897,7.135793,39.208366,0.0,0.0
2022-07-03 01:00:00,,291.42642,1001.46655,8.291853,33.75595,0.0,0.0
2022-07-03 02:00:00,,293.14044,1000.8058,8.123092,29.190428,0.0,0.0
2022-07-03 03:00:00,,294.7783,999.845,7.8351016,25.67413,0.0,0.0
2022-07-03 04:00:00,,296.12817,998.59656,7.363002,23.221128,0.0,0.0
2022-07-03 05:00:00,,297.14008,997.8002,6.7348323,21.45508,0.0,0.0
2022-07-03 06:00:00,,297.71375,997.1545,6.283838,20.205944,0.0,0.0
2022-07-03 07:00:00,,298.08472,996.86017,6.069433,18.419643,0.0,0.0
2022-07-03 08:00:00,,297.63187,997.2114,6.214775,18.194393,0.0,0.0
2022-07-03 09:00:00,,296.48016,997.952,5.5660496,18.935432,0.0,0.0
2022-07-03 10:00:00,,294.80292,998.4572,5.544218,20.28003,0.0,0.0
2022-07-03 11:00:00,,293.56415,998.8643,6.101817,20.876715,0.0,0.0
2022-07-03 12:00:00,,292.51453,999.3753,6.459961,21.169464,0.0,0.0
2022-07-03 13:00:00,,291.56085,999.6421,6.553431,21.53034,0.0,0.0
2022-07-03 14:00:00,,290.6806,1000.09955,6.4757257,22.194605,0.0,0.0
2022-07-03 15:00:00,,289.87128,1000.1472,6.2958403,23.096596,0.0,0.0
2022-07-03 16:00:00,,289.12744,1000.25616,6.1173706,24.052883,0.0,0.0
2022-07-03 17:00:00,,288.4287,1000.32776,6.0065546,24.897041,0.0,0.0
2022-07-03 18:00:00,,287.75153,1000.13885,5.7916007,25.672016,0.0,0.0
2022-07-03 19:00:00,,286.58856,999.9383,5.1947865,28.521708,0.0,0.0
2022-07-03 20:00:00,,285.88458,999.965,5.0129113,29.924234,0.0,0.0
2022-07-03 21:00:00,,285.2579,1000.1314,4.788828,31.21321,0.0,0.0
2022-07-03 22:00:00,,284.70258,1000.7544,4.675811,32.41461,0.0,0.0
2022-07-03 23:00:00,,285.05975,1001.4961,4.7389503,31.72822,0.0,0.0
2022-07-04 00:00:00,,287.46442,1002.1154,5.689953,27.089643,0.0,0.0
2022-07-04 01:00:00,,289.77744,1002.33923,7.3138824,24.071844,0.0,0.0
2022-07-04 02:00:00,,291.60568,1001.7607,8.514048,22.15108,0.0,0.0
2022-07-04 03:00:00,,293.27405,1000.89825,8.313237,18.835588,0.0,0.0
2022-07-04 04:00:00,,294.7271,999.84424,7.8926597,16.149803,0.0,0.0
2022-07-04 05:00:00,,295.85703,998.6242,7.520894,14.195262,0.0,0.0
2022-07-04 06:00:00,,296.59872,997.9907,7.292041,13.041133,0.0,0.0
2022-07-04 07:00:00,,296.98468,997.872,7.302851,12.470393,0.0,0.0
2022-07-04 08:00:00,,296.5763,998.1128,7.1808157,12.509897,0.0,0.0
2022-07-04 09:00:00,,295.33224,998.41815,5.7877855,13.47355,0.0,0.0
2022-07-04 10:00:00,,293.5697,998.7247,5.2582903,14.946344,0.0,0.0
2022-07-04 11:00:00,,292.20844,999.182,5.118088,16.06019,0.0,0.0
2022-07-04 12:00:00,,291.00543,999.7185,5.158107,16.94969,0.0,0.0
2022-07-04 13:00:00,,289.93973,1000.1407,5.184932,17.66366,0.0,0.0
2022-07-04 14:00:00,,288.95734,1000.20044,5.142994,18.43746,0.0,0.0
2022-07-04 15:00:00,,288.08087,1000.1819,5.051424,19.297768,0.0,0.0
2022-07-04 16:00:00,,287.3012,1000.20917,4.9649034,20.212608,0.0,0.0
2022-07-04 17:00:00,,286.60162,1000.2864,4.716275,21.302757,0.0,0.0
2022-07-04 18:00:00,,285.91138,1000.0563,4.383822,22.786945,0.0,0.0
2022-07-04 19:00:00,,284.7662,999.91656,4.166833,28.16336,0.0,0.0
2022-07-04 20:00:00,,284.126,999.7058,3.9978032,30.839937,0.0,0.0
2022-07-04 21:00:00,,283.63452,999.94867,3.9066288,33.338432,0.0,0.0
2022-07-04 22:00:00,,283.2069,1000.15845,3.9327781,35.52028,0.0,0.0
2022-07-04 23:00:00,,283.74063,1000.9507,3.87272,35.31473,0.0,0.0
2022-07-05 00:00:00,,286.72025,1001.185,4.5422287,29.496271,0.0,0.0
2022-07-05 01:00:00,,289.60913,1001.02655,5.914659,25.23232,0.0,0.0
2022-07-05 02:00:00,,291.8907,1000.46075,7.628484,22.748365,0.0,0.0
2022-07-05 03:00:00,,293.6643,999.48096,7.8268757,19.63886,0.0,0.0
2022-07-05 04:00:00,,295.13776,998.4445,7.3711505,16.819393,0.0,0.0
2022-07-05 05:00:00,,296.28726,997.90204,6.864373,14.556888,0.0,0.0
2022-07-05 06:00:00,,297.00696,997.33154,6.489421,12.858997,0.0,0.0
2022-07-05 07:00:00,,297.54285,996.92737,6.269922,11.35204,0.0,0.0
2022-07-05 08:00:00,,297.25797,997.29517,5.975296,11.276962,0.0,0.0
2022-07-05 09:00:00,,296.0078,997.7567,4.45783,12.447607,0.0,0.0
2022-07-05 10:00:00,,293.94934,997.96967,3.8362792,14.648864,0.0,0.0
2022-07-05 11:00:00,,292.44135,998.4009,3.8914824,16.715635,0.0,0.0
2022-07-05 12:00:00,,291.16486,998.78345,3.9671319,18.783356,0.0,0.0
2022-07-05 13:00:00,,290.06482,999.2672,4.1468964,20.879728,0.0,0.0
2022-07-05 14:00:00,,289.14728,999.72125,4.347184,22.950823,0.0,0.0
2022-07-05 15:00:00,,288.36423,1000.11127,4.409011,24.948462,0.0,0.0
2022-07-05 16:00:00,,287.65692,1000.03394,4.4295363,26.811659,0.0,0.0
2022-07-05 17:00:00,,287.0504,1000.2512,4.468778,28.586773,0.0,0.0
2022-07-05 18:00:00,,286.5053,1000.0772,4.432669,30.46593,0.0,0.0
2022-07-05 19:00:00,,285.2398,999.79987,4.118522,36.998226,0.0,0.0
2022-07-05 20:00:00,,284.57733,999.9933,3.877347,40.71358,0.0,0.0
2022-07-05 21:00:00,,284.01315,1000.4443,3.7534258,44.124645,0.0,0.0
2022-07-05 22:00:00,,283.55298,1000.8402,3.6396852,47.07182,0.0,0.0
2022-07-05 23:00:00,,284.01196,1001.7374,3.4090576,47.209843,0.0,0.0
2022-07-06 00:00:00,,286.98657,1002.3084,3.9261982,39.532753,0.0021661338,0.0
2022-07-06 01:00:00,,289.99396,1002.59235,4.809772,33.609947,0.0,0.0
2022-07-06 02:00:00,,292.57428,1001.95905,5.4214363,30.278465,0.0,0.0
2022-07-06 03:00:00,,294.5816,1000.88416,6.4611425,27.39662,0.0,0.0
2022-07-06 04:00:00,,296.07166,999.6322,6.3781776,24.333948,0.0,0.0
2022-07-06 05:00:00,,297.27155,998.8219,6.09839,21.852953,0.0,0.0
2022-07-06 06:00:00,,298.04782,998.1172,5.8044705,20.163416,0.0,0.0
2022-07-06 07:00:00,,298.82678,997.46124,5.478688,17.292643,0.0,0.0
2022-07-06 08:00:00,,298.62238,997.7617,5.0337605,17.051596,0.0,0.0
2022-07-06 09:00:00,,297.385,998.05493,3.6256857,18.692675,0.0,0.0
2022-07-06 10:00:00,,295.40802,998.4908,3.3349035,21.871134,0.0,0.0
2022-07-06 11:00:00,,293.85437,998.9986,3.5113838,24.431305,0.0,0.0
2022-07-06 12:00:00,,292.5292,999.25024,3.653687,26.497036,0.0,0.0
2022-07-06 13:00:00,,291.35455,999.40314,3.7440588,28.320393,0.0,0.0
2022-07-06 14:00:00,,290.2893,999.3697,3.8327162,29.946386,0.0,0.0
2022-07-06 15:00:00,,289.34457,999.3928,3.8707743,31.189138,0.0,0.0
2022-07-06 16:00:00,,288.47037,999.2721,3.8155077,32.193596,0.0,0.0
2022-07-06 17:00:00,,287.66986,999.3015,3.7803557,33.00501,0.0,0.0
2022-07-06 18:00:00,,286.95312,999.485,3.7411246,33.74598,0.0,0.0
2022-07-06 19:00:00,,285.53174,999.7391,3.6069767,39.111477,0.0,0.0
2022-07-06 20:00:00,,284.77304,999.9027,3.596713,40.69142,0.0,0.0
2022-07-06 21:00:00,,284.2591,1000.3025,3.6135917,42.060825,0.0,0.0
2022-07-06 22:00:00,,283.87152,1000.72217,3.652591,43.5121,0.0,0.0
2022-07-06 23:00:00,,284.45764,1001.58435,3.5885177,42.84824,0.0,0.0
2022-07-07 00:00:00,,287.67297,1001.9348,4.0824833,35.88843,0.0,0.0
2022-07-07 01:00:00,,291.07773,1002.1636,5.0207963,30.250921,0.0,0.0
2022-07-07 02:00:00,,293.86548,1001.55365,5.681554,26.016756,0.0,0.0
2022-07-07 03:00:00,,295.65186,1000.4403,5.968819,22.572172,0.0,0.0
2022-07-07 04:00:00,,296.8587,999.159,5.2864647,19.307314,0.0,0.0
2022-07-07 05:00:00,,297.8033,998.17596,4.83912,17.003448,0.0,0.0
2022-07-07 06:00:00,,298.41382,997.5625,4.490357,15.587479,0.0,0.0
2022-07-07 07:00:00,,299.17618,997.21857,4.597904,13.272943,0.0,0.0
2022-07-07 08:00:00,,298.93753,997.3974,4.4834733,12.941273,0.0,0.0
2022-07-07 09:00:00,,297.7202,997.9275,3.464291,13.875832,0.0,0.0
2022-07-07 10:00:00,,295.6719,998.41815,3.4381986,15.976456,0.0,0.0
2022-07-07 11:00:00,,294.09485,998.9986,3.6217277,17.897287,0.0,0.0
2022-07-07 12:00:00,,292.74042,999.2826,3.7092886,19.677595,0.0,0.0
2022-07-07 13:00:00,,291.51965,999.60474,3.7289941,21.423601,0.0,0.0
2022-07-07 14:00:00,,290.38104,999.4938,3.8011982,23.056538,0.0,0.0
2022-07-07 15:00:00,,289.38574,999.34607,3.9261327,24.305628,0.0,0.0
2022-07-07 16:00:00,,288.56238,999.3681,4.1674256,24.932251,0.0,0.0
2022-07-07 17:00:00,,287.93048,999.5627,4.407546,24.84129,0.0,0.0
2022-07-07 18:00:00,,287.38507,999.53766,4.561926,24.467886,0.0,0.0
2022-07-07 19:00:00,,285.9894,999.3186,4.4565835,27.911943,0.0,0.0
2022-07-07 20:00:00,,285.28015,999.2859,4.402525,29.4893,0.0,0.0
2022-07-07 21:00:00,,284.76062,999.71576,4.272399,31.088305,0.0,0.0
2022-07-07 22:00:00,,284.3075,1000.1877,4.1782565,32.779167,0.0,0.0
2022-07-07 23:00:00,,284.75357,1000.86334,3.9573567,32.76963,0.0,0.0
2022-07-08 00:00:00,,287.77734,1001.29407,4.2713027,27.434868,0.0,0.0
2022-07-08 01:00:00,,291.12384,1001.6842,4.9796295,22.548264,0.0,0.0
2022-07-08 02:00:00,,294.01163,1001.2626,5.5510015,19.010735,0.0,0.0
2022-07-08 03:00:00,,295.9082,1000.2383,6.103806,16.316145,0.0,0.0
2022-07-08 04:00:00,,297.02087,998.91284,5.6855564,14.518292,0.0,0.0
2022-07-08 05:00:00,,297.92078,997.97015,5.441646,13.354834,0.0,0.0
2022-07-08 06:00:00,,298.52985,997.1755,5.2978897,12.796627,0.0,0.0
2022-07-08 07:00:00,,299.09564,996.4352,5.519802,12.16719,0.0,0.0
2022-07-08 08:00:00,,298.88824,996.6181,5.259911,12.204058,0.0,0.0
2022-07-08 09:00:00,,297.65265,997.02795,3.9850695,13.435587,0.0,0.0
2022-07-08 10:00:00,,295.5584,997.68585,3.6610086,15.728662,0.0,0.0
2022-07-08 11:00:00,,294.02026,998.15186,3.8246334,17.625952,0.0,0.0
2022-07-08 12:00:00,,292.7044,998.43555,3.992964,19.263615,0.0,0.0
2022-07-08 13:00:00,,291.52502,998.71545,4.118226,20.712685,0.0,0.0
2022-07-08 14:00:00,,290.43234,998.88086,4.299434,21.913546,0.0,0.0
2022-07-08 15:00:00,,289.48633,999.1036,4.4915276,22.66536,0.0,0.0
2022-07-08 16:00:00,,288.68707,999.1978,4.6319513,23.019604,0.0,0.0
2022-07-08 17:00:00,,287.98672,999.35815,4.636112,23.22061,0.0,0.0
2022-07-08 18:00:00,,287.3101,999.4425,4.554924,23.47743,0.0,0.0
2022-07-08 19:00:00,,285.794,999.25745,4.364297,27.322515,0.0,0.0
2022-07-08 20:00:00,,284.98602,999.3911,4.269548,28.551384,0.0,0.0
2022-07-08 21:00:00,,284.3851,999.6639,4.1619487,29.713717,0.0,0.0
2022-07-08 22:00:00,,283.89914,999.88654,4.1297765,30.997255,0.0,0.0
2022-07-08 23:00:00,,284.40536,1000.68054,4.0295453,30.768654,0.0,0.0
2022-07-09 00:00:00,3.44,287.49557,1001.1664,4.5032043,26.135984,0.0012874602,0.0
2022-07-09 01:00:00,3.7,290.83707,1001.40924,5.523664,22.40372,0.0,0.0
2022-07-09 02:00:00,3.63,293.53876,1000.9947,6.5289183,20.306257,0.0,0.0
2022-07-09 03:00:00,3.22,295.42755,999.6803,6.9392548,17.768507,0.0,0.0
2022-07-09 04:00:00,3.24,296.9179,998.3918,6.525655,15.683335,0.0,0.0
2022-07-09 05:00:00,3.31,298.0527,997.3831,6.098621,14.293016,0.0,0.0
2022-07-09 06:00:00,3.4,298.7799,996.8244,5.6931424,13.41587,0.0,0.0
2022-07-09 07:00:00,3.68,299.36725,996.40717,5.795827,13.169432,0.0,0.0
2022-07-09 08:00:00,3.54,299.08118,996.5634,5.5099297,13.288946,0.0,0.0
2022-07-09 09:00:00,3.75,297.8115,997.242,4.292794,14.467472,0.0,0.0
2022-07-09 10:00:00,3.85,295.67413,997.7619,3.9987588,16.670732,0.0,0.0
2022-07-09 11:00:00,4.04,294.14984,998.57874,4.2274833,18.464474,0.0,0.0
2022-07-09 12:00:00,3.75,292.8507,999.16766,4.4402337,20.06162,0.0,0.0
2022-07-09 13:00:00,3.64,291.68582,999.47125,4.6150603,21.508268,0.0,0.0
2022-07-09 14:00:00,3.76,290.6692,999.73,4.7309337,22.764402,0.0,0.0
2022-07-09 15:00:00,3.65,289.7816,999.6345,4.7990336,23.972736,0.0,0.0
2022-07-09 16:00:00,3.74,289.00708,999.5547,4.8445992,25.271814,0.0,0.0
2022-07-09 17:00:00,3.61,288.33917,999.6203,4.8562207,26.587841,0.0,0.0
2022-07-09 18:00:00,3.65,287.7401,999.59174,4.784051,27.850304,0.0,0.0
2022-07-09 19:00:00,3.75,286.64215,999.4757,4.603442,32.78635,0.0,0.0
2022-07-09 20:00:00,3.46,285.91388,999.6622,4.3378243,35.27364,0.0,0.0
2022-07-09 21:00:00,3.49,285.2755,1000.1983,4.1435184,37.583103,0.0,0.0
2022-07-09 22:00:00,3.9,284.71887,1000.87024,4.1201725,39.73077,0.0,0.0
2022-07-09 23:00:00,4.29,285.12604,1001.6286,4.1347136,39.55903,0.0,0.0
2022-07-10 00:00:00,4.86,287.9002,1002.22687,4.8492084,33.5179,0.0030063484,0.0
2022-07-10 01:00:00,5.04,290.6528,1002.6658,6.0017924,28.976217,0.0,0.0
2022-07-10 02:00:00,4.82,292.9478,1002.24335,6.404511,25.689646,0.0,0.0
2022-07-10 03:00:00,4.33,294.9449,1001.2457,5.951065,21.678114,0.0,0.0
2022-07-10 04:00:00,4.47,296.53094,999.8741,5.2613416,18.528883,0.0,0.0
2022-07-10 05:00:00,4.45,297.7266,998.74603,4.6651654,16.3102,0.0,0.0
2022-07-10 06:00:00,4.39,298.488,998.0418,4.2157607,14.812134,0.0,0.0
2022-07-10 07:00:00,4.61,299.4175,997.3761,4.080844,13.282551,0.0,0.0
2022-07-10 08:00:00,4.43,299.25537,997.41705,3.9354222,13.111997,0.0,0.0
2022-07-10 09:00:00,4.66,298.05493,998.00073,3.2020943,14.278108,0.0,0.0
2022-07-10 10:00:00,4.75,295.84402,998.36096,3.6169188,16.839909,0.0,0.0
2022-07-10 11:00:00,4.98,294.19794,999.0261,3.9764013,19.203184,0.0,0.0
2022-07-10 12:00:00,4.95,292.88382,999.0634,4.205985,21.300653,0.0,0.0
2022-07-10 13:00:00,5.04,291.77103,999.23065,4.2462773,23.147982,0.0,0.0
2022-07-10 14:00:00,5.22,290.71478,999.0087,4.1889796,24.801163,0.0,0.0
2022-07-10 15:00:00,5.04,289.69995,998.91815,4.0925107,26.340454,0.0,0.0
2022-07-10 16:00:00,4.91,288.77658,999.1873,4.05544,27.82914,0.0,0.0
2022-07-10 17:00:00,4.83,287.95013,999.3105,4.056889,29.15544,0.0,0.0
2022-07-10 18:00:00,4.81,287.2296,999.4749,4.029363,30.287262,0.0,0.0
2022-07-10 19:00:00,5.03,285.8409,999.7575,3.9391267,36.18942,0.0,0.0
2022-07-10 20:00:00,5.21,285.12997,1000.277,4.016189,37.787468,0.0,0.0
2022-07-10 21:00:00,5.45,284.65698,1000.6531,4.074684,38.8723,0.0,0.0
2022-07-10 22:00:00,5.9,284.27448,1001.06586,3.9381738,39.681988,0.0,0.0
2022-07-10 23:00:00,6.02,284.74442,1001.9264,3.6985414,38.59883,0.0,0.0
2022-07-11 00:00:00,6.09,287.68622,1002.26544,4.2352405,31.800684,0.0012904406,0.0
2022-07-11 01:00:00,6.26,290.91046,1002.33,5.003566,25.832268,0.0,0.0
2022-07-11 02:00:00,6.3,293.80475,1001.8473,5.2530684,21.615486,0.0,0.0
2022-07-11 03:00:00,5.9,296.03305,1000.9515,5.1142225,18.498493,0.0,0.0
2022-07-11 04:00:00,5.99,297.44098,999.7534,4.8151255,16.576277,0.0,0.0
2022-07-11 05:00:00,5.69,298.43985,998.74646,4.7102866,15.21847,0.0,0.0
2022-07-11 06:00:00,5.62,299.09882,997.9278,4.6084085,14.058278,0.0,0.0
2022-07-11 07:00:00,5.77,299.60626,997.57007,4.4409285,13.372185,0.0,0.0
2022-07-11 08:00:00,5.72,299.3587,997.78235,4.5811768,13.258439,0.0,0.0
2022-07-11 09:00:00,5.22,298.13776,998.187,3.7881413,14.405677,0.0,0.0
2022-07-11 10:00:00,5.07,296.03003,998.5502,3.7005446,16.592772,0.0,0.0
2022-07-11 11:00:00,5.03,294.48926,999.1234,3.965788,18.247145,0.0,0.0
2022-07-11 12:00:00,4.83,293.18488,999.26263,4.2255974,19.500074,0.0,0.0
2022-07-11 13:00:00,4.78,292.07672,999.5588,4.49757,20.4328,0.0,0.0
2022-07-11 14:00:00,5.1,291.1123,999.8769,4.6920447,21.108603,0.0,0.0
2022-07-11 15:00:00,5.3,290.24835,999.89966,4.669764,21.715984,0.0,0.0
2022-07-11 16:00:00,5.44,289.44714,1000.1379,4.5537324,22.440521,0.0,0.0
2022-07-11 17:00:00,5.49,288.68842,1000.2556,4.4866138,23.238369,0.0,0.0
2022-07-11 18:00:00,5.61,288.00757,1000.3409,4.4093785,23.97141,0.0,0.0
2022-07-11 19:00:00,5.77,286.79944,1000.27856,4.225835,27.132055,0.0,0.0
2022-07-11 20:00:00,5.72,286.06287,1000.1153,4.022142,28.402325,0.0,0.0
2022-07-11 21:00:00,5.62,285.43018,1000.3631,3.7399995,29.720455,0.0,0.0
2022-07-11 22:00:00,5.66,284.8328,1000.96423,3.4569774,31.2514,0.0,0.0
2022-07-11 23:00:00,5.61,285.0207,1001.5817,3.0278502,31.55284,0.0,0.0
2022-07-12 00:00:00,5.55,288.20026,1002.09937,3.2713964,25.685326,0.0,0.0
2022-07-12 01:00:00,5.67,291.5613,1002.1203,3.9252493,20.780064,0.0,0.0
2022-07-12 02:00:00,5.23,294.4922,1001.6877,4.660556,17.38114,0.0,0.0
2022-07-12 03:00:00,4.86,296.67755,1000.8205,6.24878,14.896133,0.0,0.0
2022-07-12 04:00:00,4.68,298.05426,999.24097,6.7719455,13.37581,0.0,0.0
2022-07-12 05:00:00,4.47,299.03967,998.09326,6.568777,12.238011,0.0,0.0
2022-07-12 06:00:00,4.35,299.60742,997.12036,6.314249,11.570888,0.0,0.0
2022-07-12 07:00:00,4.27,300.1211,996.442,6.33737,10.595769,0.0,0.0
2022-07-12 08:00:00,4.1,299.7259,996.4464,6.0932174,10.595412,0.0,0.0
2022-07-12 09:00:00,4.16,298.42126,996.87604,4.76365,11.44088,0.0,0.0
2022-07-12 10:00:00,4.48,296.2829,997.7266,4.148526,13.094775,0.0,0.0
2022-07-12 11:00:00,4.51,294.6977,998.1794,4.165508,14.472124,0.0,0.0
2022-07-12 12:00:00,4.42,293.34363,998.54517,4.3374147,15.690939,0.0,0.0
2022-07-12 13:00:00,4.36,292.169,999.12,4.5682282,16.79576,0.0,0.0
2022-07-12 14:00:00,4.53,291.13477,999.3873,4.8136663,17.777851,0.0,0.0
2022-07-12 15:00:00,4.8,290.2353,999.4704,4.9239306,18.652967,0.0,0.0
2022-07-12 16:00:00,4.69,289.45096,999.4671,5.008119,19.468178,0.0,0.0
2022-07-12 17:00:00,4.69,288.7704,999.4498,4.9891906,20.122482,0.0,0.0
2022-07-12 18:00:00,4.37,288.0924,999.271,4.8211894,20.64204,0.0,0.0
2022-07-12 19:00:00,3.98,286.73254,998.84296,4.5244775,25.210814,0.0,0.0
2022-07-12 20:00:00,3.76,285.99826,998.7919,4.45387,26.457994,0.0,0.0
2022-07-12 21:00:00,3.61,285.4369,999.0589,4.3565927,27.148386,0.0,0.0
2022-07-12 22:00:00,3.73,284.9568,999.803,4.205084,27.77286,0.0,0.0
2022-07-12 23:00:00,3.41,285.33847,1000.8041,3.9723117,27.215824,0.0,0.0
2022-07-13 00:00:00,2.86,288.26324,1001.6749,4.39987,21.886372,0.0012814999,0.0
2022-07-13 01:00:00,3.07,291.15356,1001.9972,5.850272,17.421356,0.0,0.0
2022-07-13 02:00:00,2.83,293.5771,1001.6774,7.109605,14.781143,0.0,0.0
2022-07-13 03:00:00,2.74,295.49527,1000.7486,7.478793,12.860764,0.0,0.0
2022-07-13 04:00:00,2.84,296.99225,999.51685,7.2815623,11.196344,0.0,0.0
2022-07-13 05:00:00,2.75,298.07062,998.3325,6.940377,10.08801,0.0,0.0
2022-07-13 06:00:00,2.78,298.70898,997.4883,6.698293,9.506572,0.0,0.0
2022-07-13 07:00:00,2.85,299.40393,997.0497,6.49571,9.06568,0.0,0.0
2022-07-13 08:00:00,3.09,299.02124,997.103,6.321616,9.463282,0.0,0.0
2022-07-13 09:00:00,3.24,297.64944,997.4242,4.9165173,10.969829,0.0,0.0
2022-07-13 10:00:00,3.71,295.49564,997.9127,4.39677,13.375341,0.0,0.0
2022-07-13 11:00:00,4.21,293.97464,998.4409,4.3983946,15.564129,0.0,0.0
2022-07-13 12:00:00,4.57,292.7369,998.9942,4.397479,17.66943,0.0,0.0
2022-07-13 13:00:00,4.57,291.63232,999.52014,4.402906,19.770891,0.0,0.0
2022-07-13 14:00:00,4.69,290.6275,999.7706,4.4233284,21.881004,0.0,0.0
2022-07-13 15:00:00,4.6,289.7202,999.9125,4.4751897,23.842617,0.0,0.0
2022-07-13 16:00:00,4.57,288.9214,999.97424,4.495756,25.478619,0.0,0.0
2022-07-13 17:00:00,4.61,288.20627,1000.1167,4.407563,26.750242,0.0,0.0
2022-07-13 18:00:00,4.57,287.48434,999.9306,4.156893,27.878654,0.0,0.0
2022-07-13 19:00:00,4.53,286.54617,999.83813,4.165891,31.072987,0.0,0.0
2022-07-13 20:00:00,4.21,285.8218,999.5111,4.177179,32.60312,0.0,0.0
2022-07-13 21:00:00,4.0,285.28503,1000.26526,4.261124,33.979305,0.0,0.0
2022-07-13 22:00:00,4.2,284.84705,1000.76904,4.3905373,35.27315,0.0,0.0
2022-07-13 23:00:00,4.0,285.389,1001.7875,4.4182754,34.518734,0.0,0.0
2022-07-14 00:00:00,3.88,288.23322,1002.4264,5.096023,28.959105,0.001716959,0.0
2022-07-14 01:00:00,3.95,290.93918,1002.42456,6.456293,24.917946,0.0,0.0
2022-07-14 02:00:00,3.63,293.21954,1001.9817,7.2655487,21.800713,0.0,0.0
2022-07-14 03:00:00,3.57,295.26422,1000.8614,6.99922,18.674503,0.0,0.0
2022-07-14 04:00:00,3.58,296.99976,999.3454,6.6012573,16.046087,0.0,0.0
2022-07-14 05:00:00,3.51,298.3737,998.1305,6.2458086,13.996056,0.0,0.0
2022-07-14 06:00:00,3.57,299.30902,997.33185,5.9256163,12.502903,0.0,0.0
2022-07-14 07:00:00,3.62,300.13513,996.7974,5.660904,11.604853,0.0,0.0
2022-07-14 08:00:00,3.38,300.03088,996.9009,5.326552,11.172338,0.0,0.0
2022-07-14 09:00:00,3.37,298.66876,997.2403,3.9955685,12.125489,0.0,0.0
2022-07-14 10:00:00,3.44,296.34387,997.97375,3.9937167,14.222638,0.0,0.0
2022-07-14 11:00:00,3.63,294.67163,998.5034,4.4194465,15.893812,0.0,0.0
2022-07-14 12:00:00,3.43,293.36163,999.1794,4.647963,17.20504,0.0,0.0
2022-07-14 13:00:00,3.42,292.21362,999.84314,4.6898346,18.434586,0.0,0.0
2022-07-14 14:00:00,3.47,291.0905,999.9203,4.5889144,19.839508,0.0,0.0
2022-07-14 15:00:00,3.59,290.03198,1000.14484,4.4974585,21.424393,0.0,0.0
2022-07-14 16:00:00,3.84,289.09195,1000.4348,4.368979,23.032995,0.0,0.0
2022-07-14 17:00:00,4.36,288.26074,1000.72314,4.269014,24.58126,0.0,0.0
2022-07-14 18:00:00,4.32,287.4724,1000.6855,4.223911,26.096931,0.0,0.0
2022-07-14 19:00:00,4.08,286.12576,1000.5725,4.2847342,29.990423,0.0,0.0
2022-07-14 20:00:00,3.75,285.4082,1000.59467,4.2946033,31.686193,0.0,0.0
2022-07-14 21:00:00,3.72,284.89102,1001.07764,4.331114,33.007996,0.0,0.0
2022-07-14 22:00:00,3.89,284.4727,1001.3375,4.419732,34.114532,0.0,0.0
2022-07-14 23:00:00,4.16,285.07037,1001.92633,4.519568,33.166714,0.0,0.0
2022-07-15 00:00:00,4.02,288.10962,1002.01794,5.1591063,27.875084,0.0,0.0
2022-07-15 01:00:00,4.32,291.42087,1002.07874,6.1400347,23.83132,0.0,0.0
2022-07-15 02:00:00,4.09,294.3618,1001.3286,6.0755553,20.741241,0.0,0.0
2022-07-15 03:00:00,3.9,296.77594,1000.3314,5.487552,17.576782,0.0,0.0
2022-07-15 04:00:00,3.86,298.50623,999.0852,4.5547967,14.998059,0.0,0.0
2022-07-15 05:00:00,4.01,299.6834,998.0296,3.7123117,13.356574,0.0,0.0
2022-07-15 06:00:00,4.35,300.43506,997.2943,3.3933346,12.347731,0.0,0.0
2022-07-15 07:00:00,4.29,301.34753,996.4423,3.1277988,10.588672,0.0,0.0
2022-07-15 08:00:00,4.35,301.2752,996.485,2.9292102,10.36075,0.0,0.0
2022-07-15 09:00:00,4.4,300.28375,996.78345,2.345933,11.357116,0.0,0.0
2022-07-15 10:00:00,4.36,298.31915,997.1092,2.91892,13.669127,0.0,0.0
2022-07-15 11:00:00,4.5,295.9705,997.7532,3.3997576,16.495518,0.0,0.0
2022-07-15 12:00:00,4.72,294.24622,998.17267,3.8725386,18.476704,0.0,0.0
2022-07-15 13:00:00,5.16,293.02332,998.4498,4.2529073,19.663418,0.0,0.0
2022-07-15 14:00:00,5.21,292.1305,998.8936,4.4450865,20.023575,0.0,0.0
2022-07-15 15:00:00,5.16,291.33716,999.12946,4.36424,20.280539,0.0,0.0
2022-07-15 16:00:00,4.92,290.44693,999.4492,4.084386,21.15814,0.0,0.0
2022-07-15 17:00:00,4.89,289.48615,999.5442,4.02884,22.590824,0.0,0.0
2022-07-15 18:00:00,4.82,288.6341,999.34644,4.231612,24.038351,0.0,0.0
2022-07-15 19:00:00,4.99,287.10895,999.5139,4.284248,28.086746,0.0,0.0
2022-07-15 20:00:00,4.79,286.43494,999.6789,4.5446625,29.00565,0.0,0.0
2022-07-15 21:00:00,5.01,286.08673,999.90625,4.691556,28.7525,0.0,0.0
2022-07-15 22:00:00,5.57,285.8247,1000.1136,4.6966577,28.186047,0.0,0.0
2022-07-15 23:00:00,5.44,286.451,1000.6339,4.5668864,26.262463,0.0,0.0
2022-07-16 00:00:00,5.75,289.58868,1001.1856,4.7111893,20.907663,0.0,0.0
2022-07-16 01:00:00,6.13,293.10974,1001.358,5.1367803,16.722187,0.0,0.0
2022-07-16 02:00:00,6.46,296.23608,1000.80237,4.8459725,14.440664,0.0,0.0
2022-07-16 03:00:00,6.78,298.70135,1000.1392,4.618641,12.824279,0.0,0.0
2022-07-16 04:00:00,6.69,300.12448,999.19165,3.851145,11.5553255,0.0,0.0
2022-07-16 05:00:00,6.66,300.97818,998.41425,2.929168,10.689555,0.0,0.0
2022-07-16 06:00:00,6.96,301.4657,997.8953,2.2482035,10.147354,0.0,0.0
2022-07-16 07:00:00,6.96,301.87744,997.3538,2.0877028,9.737132,0.0,0.0
2022-07-16 08:00:00,6.72,301.68475,997.29236,1.920993,9.841734,0.0,0.0
2022-07-16 09:00:00,6.71,300.93744,997.35315,1.6257569,10.650585,0.0,0.0
2022-07-16 10:00:00,6.89,299.3599,997.8577,2.4007215,12.514973,0.0,0.0
2022-07-16 11:00:00,7.04,297.06134,997.9483,3.1278515,15.314661,0.0,0.0
2022-07-16 12:00:00,7.04,295.14362,998.5494,3.3248115,18.029135,0.0,0.0
2022-07-16 13:00:00,7.63,293.7558,998.7107,3.3582523,20.525822,0.0,0.0
2022-07-16 14:00:00,7.91,292.5308,999.14734,3.3164716,23.180607,0.0,0.0
2022-07-16 15:00:00,8.02,291.43777,999.29346,3.2739217,25.784868,0.0,0.0
2022-07-16 16:00:00,7.89,290.50067,999.3804,3.2489946,28.095943,0.0,0.0
2022-07-16 17:00:00,7.95,289.67404,999.32776,3.1801069,30.237818,0.0,0.0
2022-07-16 18:00:00,8.03,288.94656,999.42065,3.107574,32.36737,0.0,0.0
2022-07-16 19:00:00,8.31,287.497,999.258,3.0048,36.441742,0.0,0.0
2022-07-16 20:00:00,8.13,286.66864,999.1223,3.0025008,38.84297,0.0,0.0
2022-07-16 21:00:00,8.3,286.0476,999.1281,2.9207675,40.90622,0.0,0.0
2022-07-16 22:00:00,8.47,285.53815,999.4942,2.8511252,42.88133,0.0,0.0
2022-07-16 23:00:00,8.56,285.92737,999.812,2.583418,42.73725,0.0,0.0
2022-07-17 00:00:00,9.2,289.85104,1000.5822,2.6896043,33.231865,0.0,0.0
2022-07-17 01:00:00,9.31,294.4002,1000.7502,3.0631545,24.185822,0.0,0.0
2022-07-17 02:00:00,8.97,298.11462,1000.1781,3.768758,17.228958,0.0,0.0
2022-07-17 03:00:00,8.67,300.46185,999.3986,4.4284673,13.704382,0.0,0.0
2022-07-17 04:00:00,8.44,301.6363,998.305,3.610911,12.982331,0.0,0.0
2022-07-17 05:00:00,8.14,302.39514,997.46466,2.7718554,12.216776,0.0,0.0
2022-07-17 06:00:00,8.48,302.83704,996.6675,2.210951,11.584767,0.0,0.0
2022-07-17 07:00:00,8.85,303.2561,995.9495,1.6491396,11.070846,0.0,0.0
2022-07-17 08:00:00,8.78,303.08212,995.9877,1.5469012,11.010587,0.0,0.0
2022-07-17 09:00:00,9.1,302.37305,996.09595,1.69638,11.763377,0.0,0.0
2022-07-17 10:00:00,9.19,300.70563,996.5389,2.443162,13.786369,0.0,0.0
2022-07-17 11:00:00,8.96,298.4234,996.6694,3.018141,16.704903,0.0,0.0
2022-07-17 12:00:00,8.86,296.3995,997.2048,3.1945832,19.46601,0.0,0.0
2022-07-17 13:00:00,9.11,294.838,997.36774,3.2685838,21.631641,0.0,0.0
2022-07-17 14:00:00,9.15,293.5362,997.61096,3.270628,23.23029,0.0,0.0
2022-07-17 15:00:00,9.22,292.4054,997.6392,3.2804446,24.052511,0.0,0.0
2022-07-17 16:00:00,8.86,291.44855,997.6814,3.252664,24.08077,0.0,0.0
2022-07-17 17:00:00,8.2,290.60358,997.60175,3.2368166,23.658968,0.0,0.0
2022-07-17 18:00:00,7.83,289.80798,997.517,3.1991591,23.499779,0.0,0.0
2022-07-17 19:00:00,8.12,288.37897,997.3586,3.1073973,26.611483,0.0,0.0
2022-07-17 20:00:00,7.89,287.36615,997.3797,2.7415369,28.242823,0.0,0.0
2022-07-17 21:00:00,7.84,286.4614,997.7315,2.455704,30.692526,0.0,0.0
2022-07-17 22:00:00,7.94,285.64984,998.08203,2.339738,33.099686,0.0,0.0
2022-07-17 23:00:00,7.62,285.72614,998.5988,2.0444512,34.28401,0.0,0.0
2022-07-18 00:00:00,7.23,289.87512,999.3045,1.7960116,25.377365,0.0017225742,0.0
2022-07-18 01:00:00,7.58,294.27057,999.34015,1.9808266,19.218813,0.0,0.0
2022-07-18 02:00:00,7.56,298.03107,998.84143,2.3345692,15.429531,0.0,0.0
2022-07-18 03:00:00,7.57,300.57288,997.6236,2.9245267,12.798076,0.0,0.0
2022-07-18 04:00:00,7.42,302.07623,996.734,2.8072038,11.116145,0.0,0.0
2022-07-18 05:00:00,7.36,302.84787,996.02795,2.0474167,10.351738,0.0,0.0
2022-07-18 06:00:00,7.41,303.2812,995.61646,1.5846691,10.033465,0.0,0.0
2022-07-18 07:00:00,7.48,303.45508,994.7452,1.1565273,10.409402,0.0,0.0
2022-07-18 08:00:00,7.49,303.27878,995.19653,0.71984196,10.481009,0.0,0.0
2022-07-18 09:00:00,7.58,302.7392,995.4447,0.39029667,11.029501,0.0,0.0
2022-07-18 10:00:00,7.58,301.33307,996.12524,1.3945087,12.7325,0.0,0.0
2022-07-18 11:00:00,7.64,299.17996,996.4515,2.0868254,16.020527,0.0,0.0
2022-07-18 12:00:00,7.39,297.3485,996.8742,2.7300937,17.852537,0.0,0.0
2022-07-18 13:00:00,7.78,295.65643,997.03174,3.018161,19.898964,0.0,0.0
2022-07-18 14:00:00,8.44,294.02527,997.18274,2.70616,22.72062,0.0,0.0
2022-07-18 15:00:00,9.11,292.77448,997.23883,1.8256556,26.680243,0.0,0.0
2022-07-18 16:00:00,9.29,292.76932,997.1188,0.94411886,25.037798,0.0,0.0
2022-07-18 17:00:00,9.82,290.81384,997.0011,1.383421,30.418026,0.0,0.0
2022-07-18 18:00:00,10.48,289.0966,996.89014,1.8213544,35.51669,0.0,0.0
2022-07-18 19:00:00,11.34,287.80557,996.931,1.5616364,39.799477,0.0,0.0
2022-07-18 20:00:00,11.49,287.36523,996.80237,1.1813182,41.33633,0.0,0.0
2022-07-18 21:00:00,11.91,286.90295,996.7603,1.1538068,43.024097,0.0,0.0
2022-07-18 22:00:00,12.5,285.89764,997.5986,1.4685988,48.090805,0.0,0.0
2022-07-18 23:00:00,12.96,285.90204,998.3208,1.4887456,50.72618,0.0,0.0
2022-07-19 00:00:00,14.6,290.0764,998.80115,0.8560771,38.62934,0.0,0.0
2022-07-19 01:00:00,14.48,293.83307,999.02075,0.570648,28.04201,0.0,0.0
2022-07-19 02:00:00,14.15,296.98138,998.6895,0.18643372,21.724794,0.0,0.0
2022-07-19 03:00:00,14.04,299.6158,997.71265,0.11354701,17.692257,0.0,0.0
2022-07-19 04:00:00,13.4,301.54126,996.5471,0.15364361,16.634146,0.0,0.0
2022-07-19 05:00:00,12.77,302.7693,995.60406,0.77234626,16.579206,0.0,0.0
2022-07-19 06:00:00,12.64,303.41992,995.16736,0.91106,16.036438,0.0,0.0
2022-07-19 07:00:00,12.13,303.81995,994.9917,0.18297204,15.760404,0.0,0.0
2022-07-19 08:00:00,11.39,303.69507,995.308,0.49023083,15.573947,0.0,0.0
2022-07-19 09:00:00,10.94,303.22528,995.5418,1.3448225,15.998774,0.0,0.0
2022-07-19 10:00:00,10.48,301.75867,995.89124,2.3539512,17.894888,0.0,0.0
2022-07-19 11:00:00,9.68,299.95593,996.27844,2.81851,20.315321,0.0,0.0
2022-07-19 12:00:00,9.08,298.43286,996.64435,2.937499,22.4574,0.0,0.0
2022-07-19 13:00:00,8.82,297.10477,996.8847,3.158042,24.253555,0.0,0.0
2022-07-19 14:00:00,8.62,295.9214,997.1408,3.222496,25.925354,0.0,0.0
2022-07-19 15:00:00,8.42,294.7807,996.8501,3.0018663,27.76892,0.0,0.0
2022-07-19 16:00:00,7.73,293.52826,996.50525,2.780135,30.12253,0.0,0.0
2022-07-19 17:00:00,7.57,292.34885,996.2726,2.6940796,32.161304,0.0,0.0
2022-07-19 18:00:00,7.76,291.27023,996.08374,2.5829651,33.884624,0.0,0.0
2022-07-19 19:00:00,8.24,289.9561,996.3247,2.5964956,35.001816,0.0,0.0
2022-07-19 20:00:00,7.97,288.8733,996.1738,2.2407084,37.81434,0.0,0.0
2022-07-19 21:00:00,8.04,288.0335,996.5568,2.12839,40.477474,0.0,0.0
2022-07-19 22:00:00,8.23,287.51025,997.1679,2.514652,40.85819,0.0,0.0
2022-07-19 23:00:00,8.32,287.89282,997.899,2.589047,40.29102,0.0,0.0
2022-07-20 00:00:00,10.61,291.7225,998.295,2.5273843,32.3884,0.0017168454,0.0
2022-07-20 01:00:00,10.98,295.82404,998.6205,2.7102432,26.061954,0.0,0.0
2022-07-20 02:00:00,10.68,299.25092,998.29456,3.0315955,22.388115,0.0,0.0
2022-07-20 03:00:00,10.73,301.91528,997.3795,3.0274525,20.583694,0.0,0.0
2022-07-20 04:00:00,10.48,303.75885,996.115,2.997661,19.244411,0.0,0.0
2022-07-20 05:00:00,10.49,304.69604,995.5036,2.5046384,17.083954,0.0,0.0
2022-07-20 06:00:00,11.03,305.07062,994.9369,2.0764327,16.17084,0.0,0.0
2022-07-20 07:00:00,11.6,305.28534,994.9194,2.244037,15.296475,0.0,0.0
2022-07-20 08:00:00,11.69,305.00867,994.90656,2.100155,15.613705,0.0,0.0
2022-07-20 09:00:00,11.69,304.27045,995.3022,1.4851493,16.745884,0.0,0.0
2022-07-20 10:00:00,12.02,302.90295,995.88275,1.4603658,18.847557,0.0,0.0
2022-07-20 11:00:00,12.16,300.9781,996.243,2.3000512,21.903357,0.0,0.0
2022-07-20 12:00:00,12.13,299.002,996.7453,2.908933,24.750696,0.0,0.0
2022-07-20 13:00:00,12.69,297.20093,996.83594,2.981299,27.497372,0.0,0.0
2022-07-20 14:00:00,12.73,295.84662,996.83014,2.845708,29.806917,0.0,0.0
2022-07-20 15:00:00,13.29,294.67267,996.6222,2.6200876,32.536453,0.0,0.0
2022-07-20 16:00:00,14.0,293.74774,996.48444,2.644509,35.17283,0.0,0.0
2022-07-20 17:00:00,14.44,293.03467,996.46515,2.64602,37.769398,0.0,0.0
2022-07-20 18:00:00,14.6,292.31683,996.2994,2.464078,40.923714,0.0,0.0
2022-07-20 19:00:00,14.39,290.59564,996.5492,2.3766994,44.000828,0.0,0.0
2022-07-20 20:00:00,13.87,289.78937,996.46576,2.3642557,46.705635,0.0,0.0
2022-07-20 21:00:00,13.88,289.25793,996.9618,2.572951,48.292683,0.0,0.0
2022-07-20 22:00:00,13.84,288.80386,997.48206,2.8226643,49.580345,0.0,0.0
2022-07-20 23:00:00,14.09,289.23898,998.0737,2.5659106,48.56295,0.0,0.0
2022-07-21 00:00:00,16.02,292.727,998.56995,2.3225665,39.317577,0.0,0.0
2022-07-21 01:00:00,16.28,296.7054,998.9875,2.4327004,31.797493,0.0,0.0
2022-07-21 02:00:00,16.35,300.26895,998.6753,2.8566535,26.691246,0.0,0.0
2022-07-21 03:00:00,16.44,302.54364,997.6298,3.3231485,23.714851,0.0,0.0
2022-07-21 04:00:00,15.56,303.86014,996.40234,3.2657988,21.668493,0.0,0.0
2022-07-21 05:00:00,15.45,304.52142,995.65155,2.6553462,19.842812,0.0,0.0
2022-07-21 06:00:00,15.51,304.78458,995.1839,1.994383,18.9043,0.0,0.0
2022-07-21 07:00:00,15.67,305.2502,994.8909,1.7557414,18.603798,0.0,0.0
2022-07-21 08:00:00,15.96,304.96417,994.9959,1.1616408,18.75864,0.0,0.0
2022-07-21 09:00:00,16.19,304.42493,995.39435,0.3820869,19.381132,0.0,0.0
2022-07-21 10:00:00,16.53,303.31183,995.8231,0.9460564,20.969572,0.0,0.0
2022-07-21 11:00:00,16.5,301.60892,996.0608,1.9559339,23.897392,0.0,0.0
2022-07-21 12:00:00,16.08,299.92813,996.5737,2.4580772,26.48335,0.0,0.0
2022-07-21 13:00:00,16.31,298.41998,996.5439,2.6394322,29.083773,0.0,0.0
2022-07-21 14:00:00,16.19,296.77472,996.6554,2.2813437,32.974384,0.0,0.0
2022-07-21 15:00:00,16.07,295.56165,996.3663,1.6873258,36.047226,0.0,0.0
2022-07-21 16:00:00,16.04,294.16577,996.7093,1.9221244,38.52689,0.0,0.0
2022-07-21 17:00:00,15.66,292.99896,996.8155,2.2203584,40.13112,0.0,0.0
2022-07-21 18:00:00,15.26,291.94458,996.35376,2.2180438,43.24799,0.0,0.0
2022-07-21 19:00:00,14.82,290.80402,996.7333,2.6405892,45.50376,0.0,0.0
2022-07-21 20:00:00,14.41,289.88672,997.0653,2.420449,49.658276,0.0,0.0
2022-07-21 21:00:00,13.99,289.13477,997.512,2.060837,53.687984,0.0,0.0
2022-07-21 22:00:00,13.68,288.45245,998.0725,1.8880593,57.16683,0.0,0.0
2022-07-21 23:00:00,13.19,288.80182,998.9338,1.7537706,56.783234,0.0,0.0
2022-07-22 00:00:00,13.17,293.12125,999.1457,2.0662506,41.46015,0.001733958,0.0
2022-07-22 01:00:00,13.27,297.42075,999.08905,2.7405274,30.669195,0.0,0.0
2022-07-22 02:00:00,13.11,300.69672,998.73315,3.7046227,23.632978,0.0,0.0
2022-07-22 03:00:00,13.31,302.74542,997.5563,4.3437386,18.563383,0.0,0.0
2022-07-22 04:00:00,13.12,303.826,996.51654,3.9339228,16.45228,0.0,0.0
2022-07-22 05:00:00,13.25,304.33057,995.7555,3.1932466,15.864303,0.0,0.0
2022-07-22 06:00:00,13.55,304.6089,995.009,2.8221197,15.17553,0.0,0.0
2022-07-22 07:00:00,13.54,304.72363,994.65717,1.9173651,17.074541,0.0,0.0
2022-07-22 08:00:00,13.39,304.47003,994.6717,1.7835258,17.104858,0.0,0.0
2022-07-22 09:00:00,13.63,303.88342,994.87744,1.370594,17.596006,0.0,0.0
2022-07-22 10:00:00,13.58,302.74622,995.45337,0.95087016,18.99207,0.0,0.0
2022-07-22 11:00:00,13.55,301.41434,995.6887,0.64383215,22.65575,0.0,0.0
2022-07-22 12:00:00,13.78,300.60016,996.113,0.7965671,22.089228,0.0,0.0
2022-07-22 13:00:00,14.06,299.52542,996.08374,1.0685885,23.440245,0.0,0.0
2022-07-22 14:00:00,14.72,297.51645,996.2766,1.3798549,28.003448,0.0,0.0
2022-07-22 15:00:00,14.9,295.57373,996.0027,1.5124362,32.539013,0.0,0.0
2022-07-22 16:00:00,14.91,294.6869,996.02783,0.8359312,33.598675,0.0,0.0
2022-07-22 17:00:00,14.8,294.1395,995.9125,0.52305907,33.805225,0.0,0.0
2022-07-22 18:00:00,14.61,291.51016,995.90826,2.4118786,40.139683,0.0,0.0
2022-07-22 19:00:00,14.05,290.40762,995.96783,2.3104076,44.94373,0.0,0.0
2022-07-22 20:00:00,13.65,289.67075,996.19836,2.5099456,46.704018,0.0,0.0
2022-07-22 21:00:00,13.78,289.2029,996.3861,2.5878067,48.293922,0.0,0.0
2022-07-22 22:00:00,13.54,288.6971,997.0058,2.5122101,49.87147,0.0,0.0
2022-07-22 23:00:00,13.24,288.78806,997.4373,1.9501907,50.514423,0.0,0.0
2022-07-23 00:00:00,13.72,292.93683,997.8819,1.353425,37.44807,0.0,0.0
2022-07-23 01:00:00,13.9,296.4941,998.1559,1.1044319,27.503305,0.0,0.0
2022-07-23 02:00:00,13.32,299.07532,997.86,0.98812896,23.331411,0.0,0.0
2022-07-23 03:00:00,13.37,301.28125,996.90936,1.2248229,20.522911,0.0,0.0
2022-07-23 04:00:00,12.71,302.87585,995.6816,1.3893898,18.286922,0.0,0.0
2022-07-23 05:00:00,12.47,303.83786,994.6183,1.586154,16.337849,0.0,0.0
2022-07-23 06:00:00,12.49,304.3129,993.9441,1.597609,15.358402,0.0,0.0
2022-07-23 07:00:00,12.83,304.49747,993.79486,1.2400216,15.72122,0.0,0.0
2022-07-23 08:00:00,12.7,304.22778,993.59424,1.0025094,15.808638,0.0,0.0
2022-07-23 09:00:00,12.27,303.72772,994.0059,0.65215546,16.270874,0.0,0.0
2022-07-23 10:00:00,12.26,302.7858,994.3286,0.43274426,17.611504,0.0,0.0
2022-07-23 11:00:00,12.4,300.96704,994.79266,1.1166303,25.184212,0.0,0.0
2022-07-23 12:00:00,12.33,298.98914,994.89923,2.0317981,24.577532,0.0,0.0
2022-07-23 13:00:00,12.43,297.54883,995.07135,2.7615938,25.297249,0.0,0.0
2022-07-23 14:00:00,12.23,296.1151,995.10583,2.8400972,27.48703,0.0,0.0
2022-07-23 15:00:00,12.26,294.7721,995.04626,2.3945205,30.628513,0.0,0.0
2022-07-23 16:00:00,12.44,294.62863,995.0611,1.2029599,31.006714,0.0,0.0
2022-07-23 17:00:00,12.86,293.42963,995.3088,1.1883637,33.381123,0.0,0.0
2022-07-23 18:00:00,13.24,291.33942,995.26404,2.2984068,37.757263,0.0,0.0
2022-07-23 19:00:00,13.44,290.53278,995.30414,2.492558,43.627823,0.0,0.0
2022-07-23 20:00:00,13.75,289.70633,995.3264,1.9038492,49.55438,0.0,0.0
2022-07-23 21:00:00,14.41,289.21323,995.98553,1.6928135,52.646317,0.0,0.0
2022-07-23 22:00:00,14.47,288.73483,996.61615,1.6937985,55.03543,0.0,0.0
2022-07-23 23:00:00,14.34,288.79083,997.3666,1.6663003,56.524372,0.0,0.0
2022-07-24 00:00:00,15.18,292.80728,998.0039,1.4967352,41.51537,0.0,0.0
2022-07-24 01:00:00,15.33,295.70605,998.0608,2.1784127,34.70889,0.0,0.0
2022-07-24 02:00:00,15.66,298.02457,997.83923,2.8432698,30.82989,0.0,0.0
2022-07-24 03:00:00,15.81,300.0794,996.5759,3.4016018,26.794567,0.0,0.0
2022-07-24 04:00:00,15.31,301.68463,995.5608,3.7065394,23.899399,0.0,0.0
2022-07-24 05:00:00,15.24,302.63623,994.6555,3.3149817,22.045612,0.0,0.0
2022-07-24 06:00:00,15.13,303.11298,993.7502,2.7001321,20.743647,0.0,0.0
2022-07-24 07:00:00,14.9,303.46222,993.3558,1.8780698,19.925251,0.0,0.0
2022-07-24 08:00:00,14.73,303.2943,993.493,1.5918835,19.808153,0.0,0.0
2022-07-24 09:00:00,14.32,302.76,993.7511,1.569068,20.397913,0.0,0.0
2022-07-24 10:00:00,14.3,301.5854,994.5067,2.0388346,22.238028,0.0,0.0
2022-07-24 11:00:00,14.12,300.01138,994.90656,2.6150646,24.87922,0.0,0.0
2022-07-24 12:00:00,13.67,298.45483,995.7495,2.939734,27.709631,0.0,0.0
2022-07-24 13:00:00,13.92,297.15808,995.9422,3.0741334,30.325493,0.0,0.0
2022-07-24 14:00:00,14.35,296.07104,996.42914,3.0383396,32.798897,0.0,0.0
2022-07-24 15:00:00,14.44,295.01376,996.23157,2.8601882,35.36737,0.0,0.0
2022-07-24 16:00:00,14.74,293.90128,996.3027,2.567712,38.357628,0.0,0.0
2022-07-24 17:00:00,15.19,292.76874,996.15405,2.2987409,41.72507,0.0,0.0
2022-07-24 18:00:00,15.48,291.7389,995.7883,2.1499984,44.834015,0.0,0.0
2022-07-24 19:00:00,15.44,291.10336,995.90125,2.746938,46.579247,0.0,0.0
2022-07-24 20:00:00,15.25,290.25928,996.14667,2.6417081,49.03803,0.0,0.0
2022-07-24 21:00:00,15.23,289.6355,996.4545,2.7139227,50.875004,0.0,0.0
2022-07-24 22:00:00,15.17,289.20514,997.22034,2.8841293,52.357666,0.0,0.0
2022-07-24 23:00:00,14.88,289.73083,997.82166,2.8507297,51.003944,0.0,0.0
2022-07-25 00:00:00,15.06,293.0808,998.5027,3.4545379,41.090225,0.0,0.0
2022-07-25 01:00:00,14.79,296.30664,999.05133,4.5652723,33.55788,0.0,0.0
2022-07-25 02:00:00,14.53,299.1245,998.72437,5.1145144,28.657251,0.0,0.0
2022-07-25 03:00:00,14.42,301.595,997.7935,5.3389673,25.092945,0.0,0.0
2022-07-25 04:00:00,13.97,303.45422,996.817,5.410432,21.73619,0.0,0.0
2022-07-25 05:00:00,13.6,304.46805,995.83685,4.848373,18.446201,0.0,0.0
2022-07-25 06:00:00,13.35,304.99094,995.23517,4.48025,17.032597,0.0,0.0
2022-07-25 07:00:00,13.32,305.4054,994.76514,3.806128,16.482855,0.0,0.0
2022-07-25 08:00:00,13.38,305.2315,994.87506,3.7189724,16.295353,0.0,0.0
2022-07-25 09:00:00,13.02,304.24954,995.1292,2.939991,17.187643,0.0,0.0
2022-07-25 10:00:00,13.23,302.31067,995.51984,2.9328399,19.424671,0.0,0.0
2022-07-25 11:00:00,13.25,300.44916,995.91156,3.2343833,21.897423,0.0,0.0
2022-07-25 12:00:00,13.12,298.89444,996.6353,3.5348778,24.201738,0.0,0.0
2022-07-25 13:00:00,13.09,297.59042,996.99414,3.7474985,26.314331,0.0,0.0
2022-07-25 14:00:00,13.01,296.47357,997.3468,3.9045267,28.23998,0.0,0.0
2022-07-25 15:00:00,12.69,295.49994,997.13873,4.0551,29.956038,0.0,0.0
2022-07-25 16:00:00,12.52,294.69183,997.15546,4.2514753,31.445637,0.0,0.0
2022-07-25 17:00:00,11.94,293.98703,996.91705,4.4229364,32.924526,0.0,0.0
2022-07-25 18:00:00,11.36,293.34998,996.6697,4.6032724,34.52841,0.0,0.0
2022-07-25 19:00:00,10.1,292.25867,996.6903,4.753157,38.664036,0.0,0.0
2022-07-25 20:00:00,9.23,291.52112,996.8095,4.7571177,40.304237,0.0,0.0
2022-07-25 21:00:00,9.1,290.8688,997.32776,4.634278,40.72966,0.0,0.0
2022-07-25 22:00:00,8.82,290.24203,998.0925,4.4434996,40.188877,0.0,0.0
2022-07-25 23:00:00,8.27,290.53986,998.71405,4.0660357,37.239723,0.0,0.0
2022-07-26 00:00:00,9.02,293.32245,999.68945,4.374078,28.878239,0.0,0.0
2022-07-26 01:00:00,8.79,296.4278,999.95874,4.979453,22.109417,0.0,0.0
2022-07-26 02:00:00,8.32,299.45227,999.8569,5.377946,17.304869,0.0,0.0
2022-07-26 03:00:00,7.8,302.01593,998.8353,5.9153256,14.074874,0.0,0.0
2022-07-26 04:00:00,7.64,303.96802,997.66345,6.270617,11.933287,0.0,0.0
2022-07-26 05:00:00,7.82,305.18475,996.48096,6.1030135,10.534578,0.0,0.0
2022-07-26 06:00:00,7.95,305.7519,995.95483,5.6171064,9.802743,0.0,0.0
2022-07-26 07:00:00,7.57,306.20706,995.6253,4.6355486,8.92491,0.0,0.0
2022-07-26 08:00:00,7.37,305.83026,995.4839,4.5696707,9.043108,0.0,0.0
2022-07-26 09:00:00,7.57,304.4281,995.8526,3.6910825,10.059842,0.0,0.0
2022-07-26 10:00:00,7.77,301.98364,996.3747,3.9012082,11.909491,0.0,0.0
2022-07-26 11:00:00,8.04,300.20764,996.6523,4.2990274,13.59646,0.0,0.0
2022-07-26 12:00:00,8.64,298.88367,997.40784,4.7989645,15.246791,0.0,0.0
2022-07-26 13:00:00,9.19,297.82782,997.67834,5.3036647,17.164328,0.0,0.0
2022-07-26 14:00:00,9.3,297.05237,997.9819,5.8252487,19.413616,0.0,0.0
2022-07-26 15:00:00,9.7,296.3768,998.0109,6.006624,21.688934,0.0,0.0
2022-07-26 16:00:00,9.99,295.69476,998.2464,5.8734484,23.53788,0.0,0.0
2022-07-26 17:00:00,9.73,294.96606,997.9776,5.738893,25.016287,0.0,0.0
2022-07-26 18:00:00,9.83,294.2594,997.9905,5.661597,26.278574,0.0,0.0
2022-07-26 19:00:00,9.49,292.6063,997.993,5.1150856,29.84052,0.0,0.0
2022-07-26 20:00:00,9.22,291.98138,998.008,5.360803,31.02088,0.0,0.0
2022-07-26 21:00:00,9.42,291.58383,998.5955,5.56072,31.842268,0.0,0.0
2022-07-26 22:00:00,9.36,291.23376,999.27313,5.636416,32.752464,0.0,0.0
2022-07-26 23:00:00,9.09,291.7657,1000.1501,5.6086006,32.091568,0.0,0.0
2022-07-27 00:00:00,8.94,294.1277,1000.7697,6.2301807,28.194523,0.0,0.0
2022-07-27 01:00:00,8.71,296.84753,1001.16125,7.251272,24.334127,0.0,0.0
2022-07-27 02:00:00,8.09,299.41208,1000.76447,7.718415,20.376501,0.0,0.0
2022-07-27 03:00:00,8.12,301.2781,999.911,7.7343984,16.644655,0.0,0.0
2022-07-27 04:00:00,7.9,302.487,998.59625,7.005459,14.49085,0.0,0.0
2022-07-27 05:00:00,7.97,303.25763,997.4777,6.2306933,13.182825,0.0,0.0
2022-07-27 06:00:00,8.34,303.6162,996.53705,5.6252313,12.41597,0.0,0.0
2022-07-27 07:00:00,8.77,303.72162,996.1856,5.12317,12.759195,0.0,0.0
2022-07-27 08:00:00,8.72,303.327,996.27264,4.932907,13.128294,0.0,0.0
2022-07-27 09:00:00,8.19,302.21558,996.57245,4.057744,14.282971,0.0,0.0
2022-07-27 10:00:00,8.36,300.1106,997.2525,3.9471438,16.418081,0.0,0.0
2022-07-27 11:00:00,8.57,298.6087,998.0195,4.3574533,18.085388,0.0,0.0
2022-07-27 12:00:00,8.66,297.34747,998.68445,4.668824,19.462616,0.0,0.0
2022-07-27 13:00:00,8.67,296.2419,999.1819,4.9017496,20.558886,0.0,0.0
2022-07-27 14:00:00,8.86,295.2515,999.522,5.1351943,21.232983,0.0,0.0
2022-07-27 15:00:00,9.13,294.3297,999.373,5.2710047,21.42835,0.0,0.0
2022-07-27 16:00:00,9.03,293.504,999.65894,5.3716445,21.234098,0.0,0.0
2022-07-27 17:00:00,8.67,292.72827,999.56006,5.5130796,20.864746,0.0,0.0
2022-07-27 18:00:00,8.54,292.00385,999.28345,5.6188993,20.570065,0.0,0.0
2022-07-27 19:00:00,8.07,290.65353,999.4375,4.9650426,23.005495,0.0,0.0
2022-07-27 20:00:00,7.64,289.9345,999.3616,5.0029235,23.374537,0.0,0.0
2022-07-27 21:00:00,7.88,289.38773,999.96704,5.066454,23.976711,0.0,0.0
2022-07-27 22:00:00,7.57,288.9129,1000.497,5.096811,24.977179,0.0,0.0
2022-07-27 23:00:00,7.46,289.4118,1001.35956,4.988648,24.86811,0.0,0.0
2022-07-28 00:00:00,8.0,291.85535,1001.7551,5.837804,21.87866,0.0012934206,0.0
2022-07-28 01:00:00,7.93,294.72467,1002.15356,6.498548,18.791136,0.0,0.0
2022-07-28 02:00:00,7.93,297.39194,1001.54724,6.5872464,16.475185,0.0,0.0
2022-07-28 03:00:00,7.56,299.4071,1000.1272,6.222815,15.061265,0.0,0.0
2022-07-28 04:00:00,6.79,300.68732,998.8656,5.2404895,13.769319,0.0,0.0
2022-07-28 05:00:00,6.56,301.5117,997.7012,4.3220367,12.515883,0.0,0.0
2022-07-28 06:00:00,6.22,302.009,996.8705,3.7406917,11.511538,0.0,0.0
2022-07-28 07:00:00,5.79,302.23114,996.2704,4.224201,10.4937105,0.0,0.0
2022-07-28 08:00:00,5.27,301.99466,996.35596,4.235747,10.21221,0.0,0.0
2022-07-28 09:00:00,5.28,301.0348,996.81494,3.640771,10.607446,0.0,0.0
2022-07-28 10:00:00,5.29,298.9487,997.5622,3.6604776,11.853595,0.0,0.0
2022-07-28 11:00:00,5.01,297.36246,998.2653,4.096617,12.64977,0.0,0.0
2022-07-28 12:00:00,5.05,296.01163,998.8122,4.553795,13.077669,0.0,0.0
2022-07-28 13:00:00,4.88,294.85083,999.4409,4.893468,13.370856,0.0,0.0
2022-07-28 14:00:00,4.82,293.80682,999.5517,5.0353875,13.833783,0.0017166138,0.0
2022-07-28 15:00:00,4.91,292.86877,999.64154,4.962805,14.566332,0.0,0.0
2022-07-28 16:00:00,5.05,291.99146,999.39923,4.804297,15.532376,0.0,0.0
2022-07-28 17:00:00,5.11,291.16113,999.1069,4.730954,16.655035,0.0,0.0
2022-07-28 18:00:00,5.53,290.40198,998.61487,4.683821,17.867733,0.0,0.0
2022-07-28 19:00:00,5.4,288.70514,998.5042,4.4304237,20.35147,0.0,0.0
2022-07-28 20:00:00,5.45,287.9925,998.4503,4.3128166,22.10983,0.0,0.0
2022-07-28 21:00:00,5.7,287.48993,998.6742,4.1640797,24.05356,0.0,0.0
2022-07-28 22:00:00,5.99,287.11267,999.1619,4.0938644,26.232418,0.0,0.0
2022-07-28 23:00:00,6.12,287.81223,999.63025,4.0276246,26.918198,0.0,0.0
2022-07-29 00:00:00,6.56,290.99136,1000.21063,4.7495914,23.757462,0.0017166138,0.0
2022-07-29 01:00:00,6.81,294.466,1000.424,5.6278424,20.64359,0.0,0.0
2022-07-29 02:00:00,7.12,297.58734,999.9939,5.9743834,18.201935,0.0,0.0
2022-07-29 03:00:00,7.0,299.9758,998.8733,6.1111712,16.660616,0.0,0.0
2022-07-29 04:00:00,6.8,301.45172,997.4573,5.3135476,15.423852,0.0,0.0
2022-07-29 05:00:00,7.04,302.41748,996.2378,4.414749,14.357924,0.0,0.0
2022-07-29 06:00:00,7.67,302.99506,995.2573,3.6791186,13.767886,0.0,0.0
2022-07-29 07:00:00,8.1,303.5083,994.6799,3.0568044,12.829616,0.0,0.0
2022-07-29 08:00:00,8.06,303.3997,994.5249,2.7034392,12.778137,0.0,0.0
2022-07-29 09:00:00,7.91,302.71582,994.71967,1.6916158,13.406494,0.0,0.0
2022-07-29 10:00:00,8.29,301.33252,995.28705,1.9214911,14.909604,0.0,0.0
2022-07-29 11:00:00,8.79,299.2644,995.7658,2.8947532,17.14201,0.0,0.0
2022-07-29 12:00:00,9.33,297.1416,996.3106,3.22409,19.515064,0.0,0.0
2022-07-29 13:00:00,9.67,295.70596,996.7314,3.3765144,21.295517,0.0,0.0
2022-07-29 14:00:00,9.85,294.50854,996.9355,3.3927112,22.976225,0.0,0.0
2022-07-29 15:00:00,9.87,293.44885,996.90186,3.2543392,24.712679,0.0,0.0
2022-07-29 16:00:00,9.81,292.47778,996.7528,3.2005446,26.388031,0.0,0.0
2022-07-29 17:00:00,9.61,291.60608,996.47736,3.151942,28.005386,0.0,0.0
2022-07-29 18:00:00,9.47,290.732,996.02844,2.9166842,29.845005,0.0,0.0
2022-07-29 19:00:00,9.42,288.96298,996.5273,1.9919934,36.86909,0.0,0.0
2022-07-29 20:00:00,10.04,287.81122,996.28687,1.8356954,40.002335,0.0,0.0
2022-07-29 21:00:00,10.53,286.9397,996.77875,1.9832174,41.987133,0.0,0.0
2022-07-29 22:00:00,10.31,286.3383,997.21423,2.3261259,42.733047,0.0,0.0
2022-07-29 23:00:00,9.95,286.79852,997.8627,2.1961067,41.739456,0.0,0.0
2022-07-30 00:00:00,10.0,291.0197,998.3946,2.1433985,30.89805,0.0025868404,0.0
2022-07-30 01:00:00,9.91,295.4698,998.654,2.3360996,23.092545,0.0,0.0
2022-07-30 02:00:00,10.49,299.14178,998.2371,2.5991352,17.796576,0.0,0.0
2022-07-30 03:00:00,10.21,301.5583,997.1652,3.0214388,14.466852,0.0,0.0
2022-07-30 04:00:00,9.63,302.88684,995.96716,2.9476686,12.764957,0.0,0.0
2022-07-30 05:00:00,9.96,303.51996,994.95703,2.191876,12.02229,0.0,0.0
2022-07-30 06:00:00,10.15,303.9093,994.2273,1.7736392,11.453787,0.0,0.0
2022-07-30 07:00:00,10.11,304.32825,993.96985,1.1678576,11.600117,0.0,0.0
2022-07-30 08:00:00,10.03,304.05322,993.9202,0.75164783,11.712829,0.0,0.0
2022-07-30 09:00:00,10.18,303.5407,994.1211,0.40417808,12.120619,0.0,0.0
2022-07-30 10:00:00,10.45,302.32434,994.91547,1.6457725,13.372022,0.0,0.0
2022-07-30 11:00:00,10.62,300.4892,995.54,2.664292,15.286118,0.0,0.0
2022-07-30 12:00:00,11.33,298.64832,996.2377,3.0754948,17.214058,0.0,0.0
2022-07-30 13:00:00,11.68,297.07837,996.475,2.9702144,19.170603,0.0,0.0
2022-07-30 14:00:00,11.65,295.52148,996.2993,2.644991,21.671005,0.0,0.0
2022-07-30 15:00:00,11.4,293.92883,996.21564,2.295655,24.938427,0.0,0.0
2022-07-30 16:00:00,11.21,292.81787,996.0122,1.4673488,28.882292,0.0,0.0
2022-07-30 17:00:00,11.53,293.49,995.90234,0.5331215,24.423685,0.0,0.0
2022-07-30 18:00:00,11.95,292.15402,995.74835,1.2332348,27.863947,0.0,0.0
2022-07-30 19:00:00,11.7,290.01086,995.925,1.2884654,33.363846,0.0,0.0
2022-07-30 20:00:00,11.53,289.33322,995.5767,1.1179214,34.02621,0.0,0.0
2022-07-30 21:00:00,11.38,287.8034,995.7037,1.4209546,39.825176,0.0,0.0
2022-07-30 22:00:00,11.01,287.5339,995.8847,1.1797038,39.663334,0.0,0.0
2022-07-30 23:00:00,10.94,287.3269,996.8691,1.0461842,42.870613,0.0,0.0
2022-07-31 00:00:00,11.47,291.21777,997.438,1.2281344,30.03973,0.0025724925,0.0
2022-07-31 01:00:00,12.31,295.13116,997.5779,1.3556727,22.733189,0.0,0.0
2022-07-31 02:00:00,13.59,298.64093,997.3088,1.4897197,18.116844,0.0,0.0
2022-07-31 03:00:00,14.02,301.41727,996.3042,1.5789281,15.338466,0.0,0.0
2022-07-31 04:00:00,14.26,303.19452,995.21436,1.8568777,13.611366,0.0,0.0
2022-07-31 05:00:00,15.06,304.02982,994.1627,2.006037,12.640604,0.0,0.0
2022-07-31 06:00:00,16.1,304.41156,993.58185,1.553832,12.203544,0.0,0.0
2022-07-31 07:00:00,16.76,304.69568,993.2294,0.80800515,12.227492,0.0,0.0
2022-07-31 08:00:00,17.93,304.494,993.3435,0.5763971,12.286036,0.0,0.0
2022-07-31 09:00:00,19.17,304.08984,993.5458,0.9791633,12.596105,0.0,0.0
2022-07-31 10:00:00,19.48,302.97623,993.98517,1.6048404,13.734406,0.0,0.0
2022-07-31 11:00:00,19.56,301.43274,994.1252,1.9174659,15.794919,0.0,0.0
2022-07-31 12:00:00,19.2,299.6478,994.363,2.114862,18.607517,0.0,0.0
2022-07-31 13:00:00,18.86,298.284,994.74,2.6113641,19.572762,0.0,0.0
2022-07-31 14:00:00,18.3,296.9917,994.96405,2.9578195,20.851614,0.0,0.0
2022-07-31 15:00:00,17.85,295.8171,994.81854,3.057365,22.254318,0.0,0.0
2022-07-31 16:00:00,17.52,294.66937,994.6925,2.9976377,23.799889,0.0,0.0
2022-07-31 17:00:00,17.56,293.5304,994.4481,3.045261,25.540712,0.0,0.0
2022-07-31 18:00:00,17.91,292.6966,994.2558,3.2968867,26.941494,0.0,0.0
2022-07-31 19:00:00,17.43,291.6202,994.22534,3.7959735,28.278008,0.0,0.0
2022-07-31 20:00:00,17.08,290.92252,993.859,4.135565,28.866001,0.0,0.0
2022-07-31 21:00:00,16.98,290.5107,994.1981,4.3742476,28.7281,0.0,0.0
2022-07-31 22:00:00,17.65,290.24725,994.64294,4.5378423,28.30836,0.0,0.0
2022-07-31 23:00:00,18.2,291.17474,995.3,4.5218163,26.177252,0.0,0.0
2022-08-01 00:00:00,18.58,294.61566,995.77563,4.5703883,20.92057,0.0,0.0
2022-08-01 01:00:00,18.81,298.48645,996.291,4.6277742,16.879568,0.0,0.0
2022-08-01 02:00:00,19.13,301.38867,996.03,4.4096794,15.89337,0.0,0.0
2022-08-01 03:00:00,18.92,303.40167,995.1425,4.114238,15.408508,0.0,0.0
2022-08-01 04:00:00,18.77,304.91132,994.03986,4.555608,13.085606,0.0,0.0
2022-08-01 05:00:00,19.04,305.7996,993.2463,4.635152,11.975443,0.0,0.0
2022-08-01 06:00:00,19.6,306.22247,992.46295,4.27006,11.685908,0.0,0.0
2022-08-01 07:00:00,19.32,306.28415,992.53735,2.7834675,11.203549,0.0,0.0
2022-08-01 08:00:00,19.26,306.04108,992.34705,2.4310396,11.452511,0.0,0.0
2022-08-01 09:00:00,19.41,305.33093,992.60876,1.7586278,12.236291,0.0,0.0
2022-08-01 10:00:00,19.71,303.91742,993.0636,1.443079,13.860865,0.0,0.0
2022-08-01 11:00:00,19.82,301.79926,993.485,1.7278162,17.350988,0.0,0.0
2022-08-01 12:00:00,20.15,299.8365,993.85565,2.4257479,19.241037,0.0,0.0
2022-08-01 13:00:00,20.52,298.49805,994.39404,3.170334,20.973469,0.0,0.0
2022-08-01 14:00:00,21.11,297.3853,994.8616,3.6357572,23.052994,0.0,0.0
2022-08-01 15:00:00,21.31,296.25586,994.6944,3.5035045,25.45281,0.0,0.0
2022-08-01 16:00:00,21.47,295.18036,994.34204,3.0104978,27.91055,0.0,0.0
2022-08-01 17:00:00,21.65,294.08667,994.1367,2.655329,30.679121,0.0,0.0
2022-08-01 18:00:00,21.95,293.09518,993.65466,2.617337,33.25322,0.0,0.0
2022-08-01 19:00:00,21.5,292.44183,994.1577,3.0135694,35.630764,0.0,0.0
2022-08-01 20:00:00,20.88,291.52234,994.2367,2.6491182,39.365402,0.0,0.0
2022-08-01 21:00:00,20.45,290.73154,994.6694,2.4524088,42.97089,0.0,0.0
2022-08-01 22:00:00,19.96,290.052,995.38983,2.406731,46.176105,0.0,0.0
2022-08-01 23:00:00,20.01,290.2741,996.16797,1.9204488,47.695824,0.0,0.0
2022-08-02 00:00:00,20.93,294.26575,996.8206,1.7349489,36.443874,0.0017195216,0.0
2022-08-02 01:00:00,20.31,297.54407,997.13586,2.1624022,28.846878,0.0,0.0
2022-08-02 02:00:00,20.0,300.17328,996.8162,2.7616954,23.618113,0.0,0.0
2022-08-02 03:00:00,18.98,302.33472,995.68335,3.8898926,21.4769,0.0,0.0
2022-08-02 04:00:00,18.38,303.81476,994.5812,4.582472,21.197926,0.0,0.0
2022-08-02 05:00:00,18.3,304.74707,993.3142,4.5333247,20.507875,0.0,0.0
2022-08-02 06:00:00,17.94,305.2785,992.6925,4.325669,20.010258,0.0,0.0
2022-08-02 07:00:00,16.92,305.4254,992.4621,3.830815,18.721798,0.0,0.0
2022-08-02 08:00:00,16.2,305.1895,992.318,3.756446,19.200212,0.0,0.0
2022-08-02 09:00:00,16.18,304.35526,992.3693,3.1145768,20.580765,0.0,0.0
2022-08-02 10:00:00,16.46,302.61133,992.74493,2.574823,23.344524,0.0,0.0
2022-08-02 11:00:00,16.98,301.10117,993.2339,2.8874087,26.138056,0.0,0.0
2022-08-02 12:00:00,17.26,299.74542,993.77795,3.3455539,29.015429,0.0,0.0
2022-08-02 13:00:00,17.5,298.63098,994.10846,3.9210756,31.936872,0.0,0.0
2022-08-02 14:00:00,17.9,297.60516,994.3022,4.1566715,35.2577,0.0,0.0
2022-08-02 15:00:00,18.76,296.56335,994.12024,4.0243354,38.922497,0.0,0.0
2022-08-02 16:00:00,19.62,295.63367,994.0889,3.8397343,42.499985,0.0,0.0
2022-08-02 17:00:00,20.92,294.79535,994.21063,3.7183247,46.317295,0.0,0.0
2022-08-02 18:00:00,22.48,294.0055,994.0136,3.510386,50.786232,0.0,0.0
2022-08-02 19:00:00,22.87,292.9284,994.10657,3.2464192,60.307755,0.0,0.0
2022-08-02 20:00:00,24.0,292.19803,994.31323,2.7221441,65.66425,0.0,0.0
2022-08-02 21:00:00,25.15,291.53632,994.7049,2.4452684,70.59543,0.0,0.0
2022-08-02 22:00:00,25.44,290.93085,995.16125,2.4025607,75.01663,0.0,0.0
2022-08-02 23:00:00,25.71,291.44373,995.9439,2.1055827,74.190674,0.0,0.0
2022-08-03 00:00:00,25.88,294.51904,996.9161,2.3519404,63.32767,0.0012814999,0.0
2022-08-03 01:00:00,26.35,296.89334,997.17737,2.3528173,57.510353,0.0,0.0
2022-08-03 02:00:00,26.92,299.01294,997.02374,2.6371353,51.128716,0.0,0.0
2022-08-03 03:00:00,27.43,300.9109,996.0706,3.4597716,45.236595,0.0,0.0
2022-08-03 04:00:00,27.64,302.48633,995.03265,4.124313,39.72705,0.0,0.0
2022-08-03 05:00:00,27.12,303.63977,993.96375,4.5875154,35.66385,0.0,0.0
2022-08-03 06:00:00,26.13,304.35382,992.99603,4.9426365,32.90354,0.0,0.0
2022-08-03 07:00:00,25.59,304.758,992.4158,4.485407,29.626883,0.0,0.0
2022-08-03 08:00:00,25.14,304.58722,992.2673,4.658392,29.205952,0.0,0.0
2022-08-03 09:00:00,24.72,303.90344,992.6383,4.31003,30.184069,0.0,0.0
2022-08-03 10:00:00,24.36,302.3709,993.24146,3.2556827,33.30624,0.0,0.0
2022-08-03 11:00:00,23.98,301.16437,993.85376,3.2315853,36.237953,0.0,0.0
2022-08-03 12:00:00,24.06,300.0748,994.4506,3.4464843,39.305767,0.0,0.0
2022-08-03 13:00:00,24.91,299.10986,994.5975,3.8571332,42.42619,0.0,0.0
2022-08-03 14:00:00,25.11,298.30103,994.70386,4.216352,45.583935,0.0,0.0
2022-08-03 15:00:00,25.71,297.44577,994.74304,4.2616363,49.24548,0.0,0.0
2022-08-03 16:00:00,26.9,296.58124,994.7779,4.6496224,53.81116,0.0,0.0
2022-08-03 17:00:00,27.86,295.8412,994.6689,4.854253,60.625565,0.0,0.0
2022-08-03 18:00:00,28.6,295.2509,994.68823,4.30145,68.30247,0.0,0.0
2022-08-03 19:00:00,29.34,294.48328,994.46484,3.8707762,79.44257,0.0,0.0
2022-08-03 20:00:00,29.74,294.0117,994.48315,3.380955,83.97539,0.0,0.0
2022-08-03 21:00:00,30.45,293.5972,994.69745,2.954359,87.620415,0.0,0.0
2022-08-03 22:00:00,30.51,293.1909,995.2358,2.6381679,90.93926,0.0,0.0
2022-08-03 23:00:00,30.58,293.79456,995.8203,2.4120698,88.6919,0.0,0.0
2022-08-04 00:00:00,32.42,295.93887,996.08954,2.9184608,78.8189,0.0,0.0
2022-08-04 01:00:00,32.68,297.9777,996.5839,3.0663035,67.16807,0.0,0.0
2022-08-04 02:00:00,33.52,299.91327,996.2434,3.380212,56.895256,0.0,0.0
2022-08-04 03:00:00,34.17,301.4709,995.41956,3.6214979,50.019604,0.003863126,0.0
2022-08-04 04:00:00,34.54,302.4472,994.06396,3.7148032,45.761837,0.0,0.0
2022-08-04 05:00:00,34.6,303.2393,993.16815,3.8264291,42.440502,0.0,0.0
2022-08-04 06:00:00,34.44,303.86285,992.3912,4.0210795,39.781246,0.0,0.0
2022-08-04 07:00:00,33.59,304.1081,992.1381,4.4655375,37.16795,0.0,0.0
2022-08-04 08:00:00,33.28,303.79913,992.1079,4.3691263,36.375435,0.0,0.0
2022-08-04 09:00:00,33.52,303.15192,992.50616,4.1160703,36.31252,0.0,0.0
2022-08-04 10:00:00,33.61,302.3457,993.1467,2.9789412,37.351593,0.0,0.0
2022-08-04 11:00:00,33.68,301.51773,993.6268,2.312401,38.78515,0.0,0.0
2022-08-04 12:00:00,33.74,300.55872,994.11,2.2597108,40.789215,0.0,0.0
2022-08-04 13:00:00,33.36,299.56976,994.4453,2.4025636,42.898006,0.0,0.0
2022-08-04 14:00:00,31.99,298.64728,994.52045,2.5543718,44.732903,0.0,0.0
2022-08-04 15:00:00,29.15,297.8031,994.2544,2.679916,46.04389,0.0,0.0
2022-08-04 16:00:00,27.43,297.01447,994.0323,2.9146178,46.152016,0.0,0.0
2022-08-04 17:00:00,26.14,296.27997,993.77625,3.4068568,43.82635,0.0,0.0
2022-08-04 18:00:00,24.93,295.57495,993.83234,3.8518417,39.85539,0.0,0.0
2022-08-04 19:00:00,23.22,293.9236,993.95044,3.2088459,44.43124,0.0,0.0
2022-08-04 20:00:00,22.01,293.1942,994.175,3.4951575,40.731724,0.0,0.0
2022-08-04 21:00:00,20.81,292.51624,994.5503,3.67808,39.98419,0.0,0.0
2022-08-04 22:00:00,19.62,291.8716,995.3664,3.748081,40.15463,0.0,0.0
2022-08-04 23:00:00,18.97,292.23627,996.155,3.540108,38.001797,0.0,0.0
2022-08-05 00:00:00,20.32,294.20032,997.094,4.9280457,31.176031,0.006488972,0.0
2022-08-05 01:00:00,20.79,296.37152,997.1817,5.2540956,25.851822,0.0,0.0
2022-08-05 02:00:00,21.33,298.71808,996.7972,5.220473,21.857267,0.0,0.0
2022-08-05 03:00:00,21.0,300.70547,995.9549,4.9204516,20.040821,0.0,0.0
2022-08-05 04:00:00,20.52,302.0335,994.76935,4.1650305,19.956991,0.0,0.0
2022-08-05 05:00:00,20.43,302.93988,993.9014,3.6003225,20.138083,0.0,0.0
2022-08-05 06:00:00,19.88,303.48596,993.1942,3.3670912,20.16613,0.0,0.0
2022-08-05 07:00:00,18.64,303.63367,992.8592,3.302284,19.020357,0.0,0.0
2022-08-05 08:00:00,18.31,303.38593,992.7537,3.2538164,19.347277,0.0,0.0
2022-08-05 09:00:00,18.02,302.7303,993.1944,3.356516,19.85918,0.0,0.0
2022-08-05 10:00:00,17.89,301.11493,993.79517,3.5464857,21.440704,0.0,0.0
2022-08-05 11:00:00,18.05,299.74817,994.41815,4.206339,22.27353,0.0,0.0
2022-08-05 12:00:00,18.65,298.55914,995.1294,4.6056547,22.52214,0.0,0.0
2022-08-05 13:00:00,18.82,297.47852,995.4414,4.8268056,22.711994,0.0,0.0
2022-08-05 14:00:00,18.75,296.49652,995.68365,4.9028955,22.991474,0.0,0.0
2022-08-05 15:00:00,18.62,295.57568,995.7967,4.8875194,23.334846,0.0,0.0
2022-08-05 16:00:00,18.47,294.6908,995.66486,4.7421346,23.681606,0.0,0.0
2022-08-05 17:00:00,18.95,293.86285,995.545,4.528191,24.040836,0.0,0.0
2022-08-05 18:00:00,19.19,293.08215,995.39044,4.236272,24.587757,0.0,0.0
2022-08-05 19:00:00,19.39,291.72412,995.367,3.8794968,26.160374,0.0,0.0
2022-08-05 20:00:00,20.09,290.99548,995.3685,3.7270794,27.095295,0.0,0.0
2022-08-05 21:00:00,20.39,290.40417,995.78217,3.630178,27.896664,0.0,0.0
2022-08-05 22:00:00,20.61,289.89676,996.6641,3.5758703,28.617594,0.0,0.0
2022-08-05 23:00:00,21.02,290.52066,997.39026,3.3289967,27.451,0.0,0.0
2022-08-06 00:00:00,21.5,293.00726,998.10315,4.340768,22.9816,0.0012844801,0.0
2022-08-06 01:00:00,21.73,295.54532,998.1803,4.805113,19.38371,0.0,0.0
2022-08-06 02:00:00,21.99,298.1451,998.0056,4.844714,16.581327,0.0,0.0
2022-08-06 03:00:00,21.72,300.4394,996.7609,4.7480717,14.968596,0.0,0.0
2022-08-06 04:00:00,21.44,302.1375,995.5475,4.3073373,14.600672,0.0,0.0
2022-08-06 05:00:00,22.08,303.26202,994.41516,3.7095397,14.724502,0.0,0.0
2022-08-06 06:00:00,22.42,303.96545,993.5584,3.3203232,14.98807,0.0,0.0
2022-08-06 07:00:00,22.04,304.41858,992.9719,2.8197122,15.782675,0.0,0.0
2022-08-06 08:00:00,21.63,304.31348,992.95685,2.8646173,16.202055,0.0,0.0
2022-08-06 09:00:00,21.03,303.7007,993.3881,2.9430995,16.779139,0.0,0.0
2022-08-06 10:00:00,20.17,301.90387,993.85956,3.4785957,18.389961,0.0,0.0
2022-08-06 11:00:00,19.68,300.46167,994.45514,4.0893145,19.328617,0.0,0.0
2022-08-06 12:00:00,19.53,299.23102,994.824,4.5362444,19.65409,0.0,0.0
2022-08-06 13:00:00,20.5,298.15976,995.17126,4.7009163,19.513592,0.0,0.0
2022-08-06 14:00:00,21.09,297.18213,995.21594,4.667276,19.201378,0.0,0.0
2022-08-06 15:00:00,20.97,296.26807,995.34,4.420696,19.067448,0.0,0.0
2022-08-06 16:00:00,20.51,295.40506,995.2053,4.093125,19.179289,0.0,0.0
2022-08-06 17:00:00,20.25,294.59058,995.2628,3.7852333,19.411528,0.0,0.0
2022-08-06 18:00:00,19.91,293.8178,995.10455,3.5725112,19.584572,0.0,0.0
2022-08-06 19:00:00,19.46,292.4409,995.1399,3.5146139,21.191607,0.0,0.0
2022-08-06 20:00:00,19.51,291.7442,995.1256,3.4964578,21.34861,0.0,0.0
2022-08-06 21:00:00,19.59,291.20667,995.64453,3.4512956,21.46974,0.0,0.0
2022-08-06 22:00:00,19.5,290.75235,996.15094,3.3538256,21.755447,0.0,0.0
2022-08-06 23:00:00,20.06,291.47168,996.97943,3.0150871,20.874958,0.0,0.0
2022-08-07 00:00:00,21.05,294.46564,997.34344,3.731543,17.068819,0.0,0.0
2022-08-07 01:00:00,21.12,297.487,997.467,4.1662188,14.84313,0.0,0.0
2022-08-07 02:00:00,21.72,300.47498,996.9564,4.0004787,13.830693,0.0,0.0
2022-08-07 03:00:00,21.58,303.13364,995.6345,3.7236414,13.664529,0.0,0.0
2022-08-07 04:00:00,21.42,305.13446,994.2712,3.228737,14.464036,0.0,0.0
2022-08-07 05:00:00,21.25,306.28766,993.1995,2.4271662,16.102472,0.0,0.0
2022-08-07 06:00:00,20.81,306.84537,992.3917,1.4860985,16.69628,0.0,0.0
2022-08-07 07:00:00,20.12,307.39252,991.85516,0.9929312,15.196705,0.0,0.0
2022-08-07 08:00:00,19.83,307.25037,991.8678,0.83183575,15.371558,0.0,0.0
2022-08-07 09:00:00,20.15,306.83243,992.5753,1.922403,15.820467,0.0,0.0
2022-08-07 10:00:00,20.53,304.75806,993.0505,3.3780851,17.820936,0.0,0.0
2022-08-07 11:00:00,21.06,303.15363,993.62225,4.035607,19.098915,0.0,0.0
2022-08-07 12:00:00,21.71,301.85397,994.28284,4.166767,19.989511,0.0,0.0
2022-08-07 13:00:00,22.13,300.65417,994.63904,3.7966485,20.912924,0.0,0.0
2022-08-07 14:00:00,22.35,299.46118,994.58234,3.3772151,22.080559,0.0,0.0
2022-08-07 15:00:00,22.57,298.30066,994.51245,3.0909812,23.4243,0.0,0.0
2022-08-07 16:00:00,22.16,297.19214,994.41486,2.866652,24.81967,0.0,0.0
2022-08-07 17:00:00,22.27,296.0807,994.08026,2.6487381,26.407259,0.0,0.0
2022-08-07 18:00:00,22.11,295.07837,994.0808,2.6120431,27.934048,0.0,0.0
2022-08-07 19:00:00,21.86,293.6538,993.9481,1.9960066,33.49807,0.0,0.0
2022-08-07 20:00:00,21.77,292.62494,993.9578,1.837724,36.60089,0.0,0.0
2022-08-07 21:00:00,21.9,291.77246,994.4639,1.7774386,39.41919,0.0,0.0
2022-08-07 22:00:00,22.17,291.09564,995.1231,1.8624727,41.38268,0.0,0.0
2022-08-07 23:00:00,22.59,291.91376,995.8066,1.8948362,40.30686,0.0,0.0
2022-08-08 00:00:00,23.5,296.38672,996.3449,2.8916922,30.661306,0.0,0.0
2022-08-08 01:00:00,24.17,300.5329,996.5559,4.48059,26.04073,0.0,0.0
2022-08-08 02:00:00,24.65,303.5728,995.97015,5.780955,24.02195,0.0,0.0
2022-08-08 03:00:00,24.71,305.8136,994.85046,5.796281,23.027172,0.0,0.0
2022-08-08 04:00:00,25.27,307.43707,993.5153,5.445193,21.51868,0.0,0.0
2022-08-08 05:00:00,25.66,308.44098,992.6763,4.82857,20.15577,0.0,0.0
2022-08-08 06:00:00,25.61,308.9321,991.84045,4.098541,19.142109,0.0,0.0
2022-08-08 07:00:00,25.81,309.1515,991.1672,3.308425,17.916288,0.0,0.0
2022-08-08 08:00:00,25.78,308.93866,991.21564,2.8386188,17.963604,0.0,0.0
2022-08-08 09:00:00,25.86,308.26373,991.5664,1.8593946,18.706633,0.0,0.0
2022-08-08 10:00:00,25.89,306.85895,992.13873,1.7801638,20.40361,0.0,0.0
2022-08-08 11:00:00,26.49,304.90137,992.536,2.5300434,22.68069,0.0,0.0
2022-08-08 12:00:00,27.23,303.16504,993.21484,2.956756,24.302431,0.0,0.0
2022-08-08 13:00:00,27.71,301.90695,993.5566,3.0954378,25.072876,0.0,0.0
2022-08-08 14:00:00,28.29,300.77765,993.88654,2.6025991,26.131205,0.0,0.0
2022-08-08 15:00:00,28.42,299.53903,994.02734,1.5214409,30.569887,0.0,0.0
2022-08-08 16:00:00,27.98,298.96548,994.0689,1.2885573,31.604645,0.0,0.0
2022-08-08 17:00:00,28.74,298.4478,994.1866,2.5464292,30.232937,0.0,0.0
2022-08-08 18:00:00,29.23,297.85706,994.30524,3.4244406,32.21546,0.0,0.0
2022-08-08 19:00:00,29.39,297.1815,994.34143,4.9198675,42.62963,0.0,0.0
2022-08-08 20:00:00,30.05,296.47974,994.64594,4.400532,48.798035,0.0,0.0
2022-08-08 21:00:00,30.48,295.9931,995.0578,3.8909945,52.9283,0.0,0.0
2022-08-08 22:00:00,31.26,295.51855,995.87,3.3261893,55.75316,0.0,0.0
2022-08-08 23:00:00,32.13,296.09503,996.56085,2.6530683,54.67082,0.0,0.0
2022-08-09 00:00:00,34.54,298.7624,996.9208,2.763381,46.49032,0.0,0.0
2022-08-09 01:00:00,34.83,301.24866,997.0073,2.5163162,37.893993,0.0,0.0
2022-08-09 02:00:00,34.93,303.2208,996.59576,2.256644,32.47368,0.0,0.0
2022-08-09 03:00:00,34.82,304.59134,995.70874,2.2709508,31.144014,0.0,0.0
2022-08-09 04:00:00,34.99,305.51315,994.59644,1.8222787,29.302544,0.0,0.0
2022-08-09 05:00:00,35.46,306.49048,993.84424,1.5581985,27.151718,0.0,0.0
2022-08-09 06:00:00,35.57,306.81732,993.03937,2.1723096,25.961912,0.0,0.0
2022-08-09 07:00:00,36.19,307.01343,992.6234,2.4243526,25.362295,0.0,0.0
2022-08-09 08:00:00,36.13,306.95923,992.58575,2.1206782,25.1424,0.0,0.0
2022-08-09 09:00:00,36.05,306.72174,992.9998,1.6105598,25.30881,0.0,0.0
2022-08-09 10:00:00,35.55,306.12277,993.3942,1.5153058,26.348377,0.0,0.0
2022-08-09 11:00:00,36.14,305.04413,993.7978,2.5246902,28.300398,0.0,0.0
2022-08-09 12:00:00,37.52,303.91232,994.46014,3.024708,30.300129,0.0,0.0
2022-08-09 13:00:00,38.58,303.144,994.5549,3.217866,31.705982,0.0,0.0
2022-08-09 14:00:00,39.56,302.45993,994.72205,2.9253972,33.03361,0.0,0.0
2022-08-09 15:00:00,40.72,301.53012,994.9553,2.2380502,35.11495,0.0,0.0
2022-08-09 16:00:00,41.55,300.6398,994.75604,1.0202172,41.167267,0.0,0.0
2022-08-09 17:00:00,41.48,299.7141,994.8929,1.1822091,42.31648,0.0,0.66999996
2022-08-09 18:00:00,40.62,298.85968,994.976,1.9728934,42.240322,0.0,0.0
2022-08-09 19:00:00,39.79,298.34387,995.33514,1.7039831,45.316414,0.0,0.0
2022-08-09 20:00:00,38.91,297.82544,995.2857,2.1762264,45.849934,0.0,0.0
2022-08-09 21:00:00,38.02,297.0226,995.6233,2.3198872,47.701996,0.0,0.0
2022-08-09 22:00:00,38.04,296.491,996.10046,2.4136598,47.633423,0.0,0.0
2022-08-09 23:00:00,38.15,297.10516,996.59265,2.473613,43.810047,0.0,0.0
2022-08-10 00:00:00,38.6,299.9041,997.15894,3.4821737,34.624435,0.0021447998,0.0
2022-08-10 01:00:00,38.56,302.16638,997.24384,4.2790174,29.010954,0.0,0.0
2022-08-10 02:00:00,38.57,304.1422,996.83954,4.1882925,25.567394,0.0,0.0
2022-08-10 03:00:00,38.33,305.3081,996.1845,3.2495234,24.619722,0.0,0.0
2022-08-10 04:00:00,38.47,306.13617,994.661,2.029105,23.915815,0.0,0.0
2022-08-10 05:00:00,38.6,306.68848,993.84393,0.808985,22.955315,0.0,0.0
2022-08-10 06:00:00,38.67,307.02396,993.09125,0.22107892,22.020317,0.0,0.0
2022-08-10 07:00:00,38.18,307.02112,993.06464,0.4542003,23.588705,0.0,0.0
2022-08-10 08:00:00,37.77,306.8614,993.0544,0.83284074,23.533367,0.0,0.0
2022-08-10 09:00:00,37.89,306.5775,993.5093,0.8568708,23.96661,0.0,0.0
2022-08-10 10:00:00,38.24,305.70062,993.78705,2.1355906,26.620071,0.0,0.0
2022-08-10 11:00:00,38.61,304.5712,994.41064,4.6985984,27.287514,0.0,0.0
2022-08-10 12:00:00,37.82,302.93353,995.02466,8.384893,24.956219,0.0,0.0
2022-08-10 13:00:00,36.01,300.6504,995.58514,10.2855425,25.835852,0.0,0.0
2022-08-10 14:00:00,35.43,298.54117,996.47656,10.279465,30.012365,0.0,0.0
2022-08-10 15:00:00,34.86,296.70294,996.8975,9.856262,35.730984,0.0,0.0
2022-08-10 16:00:00,33.88,295.4051,997.2191,8.983439,40.877926,0.0,0.0
2022-08-10 17:00:00,33.34,294.64645,997.41675,8.738781,44.10649,0.0,0.0
2022-08-10 18:00:00,32.78,294.04114,997.7075,7.9231877,46.23901,0.0,0.0
2022-08-10 19:00:00,32.61,293.23138,998.83014,7.124694,47.34315,0.0,0.0
2022-08-10 20:00:00,32.69,292.81244,999.09106,6.7660947,48.26868,0.0,0.0
2022-08-10 21:00:00,31.88,292.51813,999.6571,7.1961565,48.465725,0.0,0.0
2022-08-10 22:00:00,31.56,292.28473,1000.1969,7.050837,48.533848,0.0,0.0
2022-08-10 23:00:00,31.61,292.35565,1000.69653,7.489283,47.32406,0.0,0.0
2022-08-11 00:00:00,32.1,293.33813,1001.23944,8.155547,43.265793,0.0,0.0
2022-08-11 01:00:00,32.21,294.60626,1001.21533,7.9873147,38.759182,0.0,0.0
2022-08-11 02:00:00,31.92,296.3111,1000.8602,7.678034,33.73433,0.0,0.0
2022-08-11 03:00:00,31.32,297.9662,999.7815,7.2648373,29.482885,0.0,0.0
2022-08-11 04:00:00,30.99,299.69678,998.3152,6.9240947,25.807106,0.0,0.0
2022-08-11 05:00:00,30.58,301.07184,997.2141,6.419879,23.22418,0.0,0.0
2022-08-11 06:00:00,29.87,302.1595,996.32874,5.9096084,21.414139,0.0,0.0
2022-08-11 07:00:00,29.27,302.7876,996.07544,4.90749,20.843874,0.0,0.0
2022-08-11 08:00:00,28.8,302.84503,996.16956,4.816713,20.623726,0.0,0.0
2022-08-11 09:00:00,28.04,302.3127,996.39703,4.5659204,21.068752,0.0,0.0
2022-08-11 10:00:00,27.74,300.89044,996.7903,4.4046655,22.984608,0.0,0.0
2022-08-11 11:00:00,27.91,299.5323,997.6707,5.3030734,24.599268,0.0,0.0
2022-08-11 12:00:00,28.08,298.39972,998.52435,6.2799416,25.917084,0.0,0.0
2022-08-11 13:00:00,27.58,297.2663,998.9755,6.6511307,27.64892,0.0,0.0
2022-08-11 14:00:00,26.98,296.39264,999.33234,6.4356437,29.403475,0.0,0.0
2022-08-11 15:00:00,26.73,295.62708,999.34515,6.081474,31.172604,0.0,0.0
2022-08-11 16:00:00,26.69,295.0123,999.1373,5.6665416,32.821556,0.0,0.0
2022-08-11 17:00:00,26.79,294.50308,998.8826,5.3545623,34.41021,0.0,0.0
2022-08-11 18:00:00,26.74,294.0174,998.5539,5.080348,36.02432,0.0,0.0
2022-08-11 19:00:00,26.83,292.92746,998.8948,4.8392596,38.88346,0.0,0.0
2022-08-11 20:00:00,27.45,292.47308,998.6155,4.6865315,40.658623,0.0,0.0
2022-08-11 21:00:00,27.67,291.98492,998.7816,4.6041284,42.602474,0.0,0.0
2022-08-11 22:00:00,27.3,291.5641,999.38367,4.6371193,44.520782,0.0,0.0
2022-08-11 23:00:00,27.45,292.22803,999.8144,4.5995717,43.664165,0.0,0.0
2022-08-12 00:00:00,27.4,294.09665,1000.21643,6.4492726,39.68407,0.0,0.0
2022-08-12 01:00:00,27.35,296.38034,1000.1984,6.782435,34.957592,0.0,0.0
2022-08-12 02:00:00,27.17,298.81235,999.4946,6.491826,30.159876,0.0,0.0
2022-08-12 03:00:00,26.92,301.0716,998.3081,6.051349,25.902548,0.0,0.0
2022-08-12 04:00:00,26.75,302.8916,996.9919,5.5058327,22.69744,0.0,0.0
2022-08-12 05:00:00,26.9,304.1955,995.8187,4.8705254,20.498854,0.0,0.0
2022-08-12 06:00:00,26.39,304.943,995.13306,4.278819,19.283968,0.0,0.0
2022-08-12 07:00:00,25.67,305.24414,995.02673,3.0238326,20.33274,0.0,0.0
2022-08-12 08:00:00,25.54,305.10742,995.20294,2.9666696,20.725431,0.0,0.0
2022-08-12 09:00:00,25.59,304.51257,995.5882,3.0524516,21.605223,0.0,0.0
2022-08-12 10:00:00,25.2,302.83936,995.78015,3.3452759,24.261057,0.0,0.0
2022-08-12 11:00:00,25.04,301.52728,996.5061,3.8765922,26.36165,0.0,0.0
2022-08-12 12:00:00,24.12,300.39667,996.9136,4.3279505,28.171005,0.0,0.0
2022-08-12 13:00:00,23.41,299.36993,997.34796,4.8180957,29.74,0.0,0.0
2022-08-12 14:00:00,23.16,298.46478,997.58514,5.3218865,30.745462,0.0,0.0
2022-08-12 15:00:00,22.9,297.64575,997.6292,5.559653,31.202263,0.0,0.0
2022-08-12 16:00:00,22.35,296.86566,997.42194,5.5071225,31.478506,0.0,0.0
2022-08-12 17:00:00,21.95,296.16074,997.08453,5.3147144,31.73677,0.0,0.0
2022-08-12 18:00:00,21.31,295.51428,996.8762,5.055079,32.13545,0.0,0.0
2022-08-12 19:00:00,20.78,294.37802,996.8742,4.64065,33.786427,0.0,0.0
2022-08-12 20:00:00,20.7,293.76758,996.90234,4.486535,34.17729,0.0,0.0
2022-08-12 21:00:00,20.49,293.29355,997.49866,4.281572,34.515854,0.0,0.0
2022-08-12 22:00:00,20.16,292.83124,998.17017,4.0122385,35.054882,0.0,0.0
2022-08-12 23:00:00,19.88,293.62454,998.84595,3.7040696,33.197605,0.0,0.0
2022-08-13 00:00:00,20.02,296.26294,999.28033,4.7980075,28.004465,0.0,0.0
2022-08-13 01:00:00,19.79,299.08234,999.5701,5.1967845,23.977808,0.0,0.0
2022-08-13 02:00:00,19.35,301.85547,999.10034,4.914447,20.83386,0.0,0.0
2022-08-13 03:00:00,19.2,304.1806,997.99786,4.4839444,18.781397,0.0,0.0
2022-08-13 04:00:00,19.85,305.6278,996.803,3.5716288,17.951918,0.0,0.0
2022-08-13 05:00:00,20.61,306.31024,995.928,2.3839955,17.576021,0.0,0.0
2022-08-13 06:00:00,20.79,306.62625,995.21014,1.7547166,17.271038,0.0,0.0
2022-08-13 07:00:00,21.23,306.93372,994.9426,2.26883,17.17403,0.0,0.0
2022-08-13 08:00:00,21.57,306.68213,995.03107,2.608659,17.38611,0.0,0.0
2022-08-13 09:00:00,21.68,306.00424,995.0539,2.601671,18.097332,0.0,0.0
2022-08-13 10:00:00,21.52,304.4916,995.4006,2.526553,20.024347,0.0,0.0
2022-08-13 11:00:00,21.38,303.0271,995.83734,3.0276053,22.023304,0.0,0.0
2022-08-13 12:00:00,20.78,301.73987,996.39374,3.6592417,23.825205,0.0,0.0
2022-08-13 13:00:00,20.19,300.6833,996.9299,4.149365,25.302114,0.0,0.0
2022-08-13 14:00:00,19.73,299.83868,996.98517,4.426261,26.319254,0.0,0.0
2022-08-13 15:00:00,18.97,298.8473,996.98206,4.385803,27.37357,0.0,0.0
2022-08-13 16:00:00,18.63,297.95166,997.04456,4.1699433,28.21399,0.0,0.0
2022-08-13 17:00:00,18.66,297.1505,996.8092,3.8927412,28.980642,0.0,0.0
2022-08-13 18:00:00,18.19,296.48694,996.6914,3.6813931,29.610712,0.0,0.0
2022-08-13 19:00:00,17.53,294.82098,996.493,3.4168282,34.244946,0.0,0.0
2022-08-13 20:00:00,17.44,293.9311,996.424,3.3999786,35.74339,0.0,0.0
2022-08-13 21:00:00,17.31,293.4271,996.9006,3.4150183,36.451866,0.0,0.0
2022-08-13 22:00:00,17.05,292.89545,997.8111,3.5231862,37.184807,0.0,0.0
2022-08-13 23:00:00,17.08,293.8157,998.3625,3.3445616,34.746727,0.0,0.0
2022-08-14 00:00:00,17.69,297.03845,999.09607,4.1585455,28.131983,0.0,0.0
2022-08-14 01:00:00,17.68,300.33423,999.24396,4.4967136,23.424118,0.0,0.0
2022-08-14 02:00:00,17.83,303.19037,998.8474,4.442166,20.28782,0.0,0.0
2022-08-14 03:00:00,17.19,304.9978,998.012,4.581652,17.997286,0.0,0.0
2022-08-14 04:00:00,16.42,305.92224,996.8666,4.791825,17.299309,0.0,0.0
2022-08-14 05:00:00,15.97,306.54102,996.1692,4.5229506,16.774506,0.0,0.0
2022-08-14 06:00:00,15.29,306.90137,995.3574,4.9123793,16.281916,0.0,0.0
2022-08-14 07:00:00,14.2,307.05975,994.9916,5.899147,13.519941,0.0,0.0
2022-08-14 08:00:00,13.26,306.6081,994.9593,5.835044,12.3026705,0.0,0.0
2022-08-14 09:00:00,12.56,305.63928,995.5031,5.1210146,12.41872,0.0,0.0
2022-08-14 10:00:00,11.72,303.65234,996.1811,4.3329687,14.131768,0.0,0.0
2022-08-14 11:00:00,11.78,302.08408,996.85815,4.596371,15.8454895,0.0,0.0
2022-08-14 12:00:00,11.63,300.82803,997.7054,5.021581,17.335342,0.0,0.0
2022-08-14 13:00:00,11.41,299.77435,998.2527,5.3454723,18.471836,0.0,0.0
2022-08-14 14:00:00,11.52,298.88623,998.3699,5.3881965,19.477108,0.0,0.0
2022-08-14 15:00:00,11.47,298.1162,998.3903,5.3339157,20.604399,0.0,0.0
2022-08-14 16:00:00,11.31,297.41852,998.33575,5.325637,22.006279,0.0,0.0
2022-08-14 17:00:00,11.52,296.71393,998.0633,5.5046086,23.995138,0.0,0.0
2022-08-14 18:00:00,11.68,295.91962,998.1658,5.420426,26.488876,0.0,0.0
2022-08-14 19:00:00,11.82,294.87482,998.26874,4.9823956,27.475843,0.0,0.0
2022-08-14 20:00:00,12.31,294.1638,998.32794,5.052735,29.044012,0.0,0.0
2022-08-14 21:00:00,12.28,293.59973,998.53546,4.9748554,29.728043,0.0,0.0
2022-08-14 22:00:00,12.57,293.07983,999.21893,4.754745,29.798409,0.0,0.0
2022-08-14 23:00:00,12.54,293.86295,999.80237,4.307959,27.291775,0.0,0.0
2022-08-15 00:00:00,11.46,296.5658,1000.45593,5.11025,21.102636,0.0012934207,0.0
2022-08-15 01:00:00,10.71,299.4107,1000.52295,5.586844,15.184821,0.0,0.0
2022-08-15 02:00:00,9.91,301.94495,1000.104,6.1369333,11.468091,0.0,0.0
2022-08-15 03:00:00,8.94,303.69742,999.1697,6.724202,10.947661,0.0,0.0
2022-08-15 04:00:00,7.56,304.73038,997.8908,6.417559,9.619332,0.0,0.0
2022-08-15 05:00:00,6.95,305.46783,996.9822,6.1322484,8.417908,0.0,0.0
2022-08-15 06:00:00,6.36,305.86145,996.0059,6.0139217,7.5934677,0.0,0.0
2022-08-15 07:00:00,5.49,305.90387,995.3764,5.5469284,7.2776785,0.0,0.0
2022-08-15 08:00:00,5.02,305.58167,995.2297,5.5805674,6.7698674,0.0,0.0
2022-08-15 09:00:00,4.43,304.58746,995.42084,4.7585797,6.802477,0.0,0.0
2022-08-15 10:00:00,3.74,302.35336,995.8766,4.0638437,7.658027,0.0,0.0
2022-08-15 11:00:00,3.84,300.64395,996.5175,4.1440144,8.451786,0.0,0.0
2022-08-15 12:00:00,3.38,299.19864,997.1675,4.332233,9.244351,0.0,0.0
2022-08-15 13:00:00,3.35,297.98138,997.61774,4.539118,10.07152,0.0,0.0
2022-08-15 14:00:00,3.58,296.93646,997.79706,4.765884,10.954482,0.0,0.0
2022-08-15 15:00:00,4.19,296.0111,997.8767,4.825533,11.915597,0.0,0.0
2022-08-15 16:00:00,4.69,295.12515,997.7908,4.7642097,12.902273,0.0,0.0
2022-08-15 17:00:00,5.46,294.2829,997.9428,4.6651993,13.873518,0.0,0.0
2022-08-15 18:00:00,5.33,293.4925,997.8781,4.617775,14.7752,0.0,0.0
2022-08-15 19:00:00,5.17,292.02176,997.91595,4.4286833,17.240524,0.0,0.0
2022-08-15 20:00:00,5.18,291.2552,997.73627,4.4391494,18.4698,0.0,0.0
2022-08-15 21:00:00,4.95,290.7406,998.08624,4.490776,19.485374,0.0,0.0
2022-08-15 22:00:00,4.62,290.41125,998.855,4.5545855,20.251087,0.0,0.0
2022-08-15 23:00:00,4.55,291.67865,999.35565,4.222626,19.110756,0.0,0.0
2022-08-16 00:00:00,4.75,295.52744,1000.0466,4.963483,15.197608,0.0,0.0
2022-08-16 01:00:00,4.88,299.3271,1000.0577,5.633801,12.26778,0.0,0.0
2022-08-16 02:00:00,4.76,302.26135,999.7274,6.411891,9.662897,0.0,0.0
2022-08-16 03:00:00,4.85,303.93475,998.83325,6.7502103,7.8104763,0.0,0.0
2022-08-16 04:00:00,5.12,305.04315,997.6525,6.1324286,6.941545,0.0,0.0
2022-08-16 05:00:00,5.24,305.84467,996.5045,5.535577,6.4400783,0.0,0.0
2022-08-16 06:00:00,5.06,306.33307,995.8836,4.9670386,6.1081743,0.0,0.0
2022-08-16 07:00:00,5.04,306.98627,995.1622,4.9206405,6.379263,0.0,0.0
2022-08-16 08:00:00,5.11,306.69104,995.1513,4.4384365,6.3013477,0.0,0.0
2022-08-16 09:00:00,4.88,305.66437,995.58234,3.129915,6.7225413,0.0,0.0
2022-08-16 10:00:00,4.56,303.7163,996.095,2.8225691,7.7888303,0.0,0.0
2022-08-16 11:00:00,4.77,301.75323,996.7025,2.9817195,9.188933,0.0,0.0
2022-08-16 12:00:00,4.84,299.79126,997.0783,3.160611,10.789489,0.0,0.0
2022-08-16 13:00:00,4.98,298.04852,997.29663,3.2782164,12.305372,0.0,0.0
2022-08-16 14:00:00,5.06,296.5503,997.6492,3.3861604,13.598649,0.0,0.0
2022-08-16 15:00:00,5.04,295.22888,997.7064,3.348261,14.646893,0.0,0.0
2022-08-16 16:00:00,5.24,294.0464,997.6884,3.1873364,15.515812,0.0,0.0
2022-08-16 17:00:00,5.38,293.01282,997.65375,3.1619134,16.18178,0.0,0.0
2022-08-16 18:00:00,5.0,292.14664,997.6303,3.13011,16.837973,0.0,0.0
2022-08-16 19:00:00,5.18,290.5238,997.83563,2.659229,20.139336,0.0,0.0
2022-08-16 20:00:00,5.89,289.3336,997.868,2.3265593,22.097284,0.0,0.0
2022-08-16 21:00:00,7.02,288.6551,998.78467,2.5069034,23.684675,0.0,0.0
2022-08-16 22:00:00,8.09,288.15027,999.5414,2.535676,28.047668,0.0,0.0
2022-08-16 23:00:00,9.04,289.02783,1000.5582,1.8193144,33.58182,0.0,0.0
2022-08-17 00:00:00,8.91,293.7132,1001.1967,1.6469843,27.976032,0.0017195939,0.0
2022-08-17 01:00:00,9.14,297.21765,1001.19214,1.5271943,27.031034,0.0,0.0
2022-08-17 02:00:00,9.41,300.4099,1000.7402,1.4344387,23.018412,0.0,0.0
2022-08-17 03:00:00,9.91,303.04605,999.61127,1.9811562,14.977791,0.0,0.0
2022-08-17 04:00:00,10.11,304.88416,998.4888,2.9419334,10.197953,0.0,0.0
2022-08-17 05:00:00,9.74,305.81842,997.26025,2.7466433,8.211301,0.0,0.0
2022-08-17 06:00:00,9.1,306.29004,996.7058,2.097793,7.3342366,0.0,0.0
2022-08-17 07:00:00,8.53,306.1348,996.51624,0.44952393,8.440251,0.0,0.0
2022-08-17 08:00:00,8.11,305.92688,996.3628,0.1789745,8.260538,0.0,0.0
2022-08-17 09:00:00,7.5,305.5079,996.6284,0.5971411,8.358403,0.0,0.0
2022-08-17 10:00:00,7.02,304.34937,997.0224,1.4304199,9.372054,0.0,0.0
2022-08-17 11:00:00,6.95,302.606,997.46484,2.3303213,11.172535,0.0,0.0
2022-08-17 12:00:00,6.94,300.80692,997.82733,2.984467,13.245744,0.0,0.0
2022-08-17 13:00:00,7.52,299.20386,998.0067,3.202276,15.656382,0.0,0.0
2022-08-17 14:00:00,8.13,297.68658,997.9322,2.9259999,18.347748,0.0,0.0
2022-08-17 15:00:00,8.14,295.99908,997.72815,2.2954679,22.122433,0.0,0.0
2022-08-17 16:00:00,8.51,294.99988,997.7993,1.440963,25.14782,0.0,0.0
2022-08-17 17:00:00,8.9,293.93372,997.5606,1.5607816,26.246252,0.0,0.0
2022-08-17 18:00:00,8.66,292.2604,997.3954,2.4165688,27.24854,0.0,0.0
2022-08-17 19:00:00,8.95,291.10742,997.6431,2.3107917,29.861229,0.0,0.0
2022-08-17 20:00:00,9.18,289.98898,997.5117,2.0624442,31.339767,0.0,0.0
2022-08-17 21:00:00,9.05,289.53513,998.1061,1.3085827,33.098114,0.0,0.0
2022-08-17 22:00:00,9.13,289.18677,998.7293,1.1194246,34.126816,0.0,0.0
2022-08-17 23:00:00,9.62,290.62537,999.3986,0.7020762,31.071198,0.0,0.0
2022-08-18 00:00:00,9.91,294.339,1000.2081,0.3179818,24.157719,0.0,0.0
2022-08-18 01:00:00,10.16,298.11545,1000.2202,0.36535284,18.636347,0.0,0.0
2022-08-18 02:00:00,10.26,301.38678,1000.1371,0.74412763,14.7097845,0.0,0.0
2022-08-18 03:00:00,10.29,303.6524,999.2339,1.4193405,12.501992,0.0,0.0
2022-08-18 04:00:00,10.21,305.27295,998.21716,2.2109857,10.921697,0.0,0.0
2022-08-18 05:00:00,10.3,306.34998,997.08984,3.2124507,9.827428,0.0,0.0
2022-08-18 06:00:00,10.23,306.91965,996.33844,3.868598,9.080079,0.0,0.0
2022-08-18 07:00:00,9.63,307.39813,995.5055,3.8318276,9.079967,0.0,0.0
2022-08-18 08:00:00,9.31,307.29156,995.52704,4.016658,8.887675,0.0,0.0
2022-08-18 09:00:00,8.9,306.5245,995.7475,3.2712412,9.182594,0.0,0.0
2022-08-18 10:00:00,8.96,304.52832,996.1545,3.0314636,10.476032,0.0,0.0
2022-08-18 11:00:00,9.28,302.67868,996.307,3.3776693,11.85102,0.0,0.0
2022-08-18 12:00:00,9.11,301.13702,997.0511,3.814105,13.149416,0.0,0.0
2022-08-18 13:00:00,8.96,299.8345,997.1884,4.291407,14.5223055,0.0,0.0
2022-08-18 14:00:00,9.28,298.68365,997.28436,4.714,16.124886,0.0,0.0
2022-08-18 15:00:00,9.91,297.66638,997.6025,4.8845453,18.018917,0.0,0.0
2022-08-18 16:00:00,10.11,296.8056,997.6,5.270426,20.823044,0.0,0.0
2022-08-18 17:00:00,10.52,296.2138,997.9814,5.978973,24.85913,0.0,0.0
2022-08-18 18:00:00,10.17,295.72296,997.9871,6.4210324,28.84309,0.0,0.0
2022-08-18 19:00:00,10.77,294.906,997.9486,6.4075675,32.43544,0.0,0.0
2022-08-18 20:00:00,10.8,294.33923,998.40607,6.189244,33.98623,0.0,0.0
2022-08-18 21:00:00,10.82,293.76495,998.8021,6.050229,34.82915,0.0,0.0
2022-08-18 22:00:00,10.66,293.1929,999.652,5.92943,35.19158,0.0,0.0
2022-08-18 23:00:00,10.78,293.92456,1000.5574,5.607361,32.584953,0.0,0.0
2022-08-19 00:00:00,11.28,295.80017,1001.3949,7.469443,27.579079,0.0,0.0
2022-08-19 01:00:00,11.57,297.96747,1001.4345,7.9322853,23.883816,0.0,0.0
2022-08-19 02:00:00,11.89,300.31866,1001.0252,7.7327766,21.148952,0.0,0.0
2022-08-19 03:00:00,11.98,302.49762,1000.1691,7.4714174,19.040596,0.0,0.0
2022-08-19 04:00:00,11.67,304.24884,998.84326,7.2213883,16.9973,0.0,0.0
2022-08-19 05:00:00,11.41,305.4882,997.9437,6.8983955,15.060838,0.0,0.0
2022-08-19 06:00:00,11.23,306.16873,997.34467,6.5453653,13.918771,0.0,0.0
2022-08-19 07:00:00,11.08,306.80847,996.40845,6.0609674,12.719975,0.0,0.0
2022-08-19 08:00:00,10.91,306.55157,996.5373,5.9311905,12.783729,0.0,0.0
2022-08-19 09:00:00,10.59,305.63766,996.81085,5.0374746,13.519661,0.0,0.0
2022-08-19 10:00:00,10.36,303.52155,997.2607,4.366458,15.436392,0.0,0.0
2022-08-19 11:00:00,10.42,301.95013,997.7882,4.767173,17.050587,0.0,0.0
2022-08-19 12:00:00,10.22,300.71167,998.565,5.291888,18.391994,0.0,0.0
2022-08-19 13:00:00,10.15,299.62576,998.99756,5.6156893,19.568398,0.0,0.0
2022-08-19 14:00:00,10.43,298.6137,999.29974,5.868326,20.60035,0.0,0.0
2022-08-19 15:00:00,10.16,297.70984,999.5364,5.8655295,21.388475,0.0,0.0
2022-08-19 16:00:00,9.53,296.88968,999.45825,5.8270664,21.975962,0.0,0.0
2022-08-19 17:00:00,9.35,296.18115,999.586,5.8041263,22.471304,0.0,0.0
2022-08-19 18:00:00,8.74,295.55383,999.84045,5.7926574,23.104473,0.0,0.0
2022-08-19 19:00:00,8.14,294.12567,1000.2011,5.4574623,26.289839,0.0,0.0
2022-08-19 20:00:00,7.95,293.31317,1000.355,5.3568425,27.769175,0.0,0.0
2022-08-19 21:00:00,7.83,292.66315,1000.8858,5.392353,28.955416,0.0,0.0
2022-08-19 22:00:00,7.76,292.13345,1001.65283,5.4771705,30.05577,0.0,0.0
2022-08-19 23:00:00,7.45,293.11072,1002.4114,5.399807,28.754457,0.0,0.0
2022-08-20 00:00:00,6.82,295.60083,1003.39343,6.95086,25.033178,0.0012945875,0.0
2022-08-20 01:00:00,6.88,298.09363,1003.2844,7.986606,21.868715,0.0,0.0
2022-08-20 02:00:00,6.97,300.45996,1002.8606,8.45692,18.234232,0.0,0.0
2022-08-20 03:00:00,7.13,302.2763,1001.69354,8.420173,15.073697,0.0,0.0
2022-08-20 04:00:00,7.32,303.60083,1000.5083,8.1558,13.132527,0.0,0.0
2022-08-20 05:00:00,7.51,304.53696,999.34076,7.7660108,11.876391,0.0,0.0
2022-08-20 06:00:00,7.63,305.08466,998.71844,7.318234,11.149193,0.0,0.0
2022-08-20 07:00:00,7.4,305.37,998.1188,6.942295,10.363838,0.0,0.0
2022-08-20 08:00:00,7.1,305.00433,998.25104,6.6869583,10.35935,0.0,0.0
2022-08-20 09:00:00,6.72,303.98566,998.55743,5.487776,10.941911,0.0,0.0
2022-08-20 10:00:00,6.82,301.88315,999.0974,4.407052,12.41363,0.0,0.0
2022-08-20 11:00:00,6.89,300.219,999.5217,4.3275795,13.707108,0.0,0.0
2022-08-20 12:00:00,7.0,298.8331,1000.0185,4.5390916,14.801371,0.0,0.0
2022-08-20 13:00:00,6.84,297.60724,1000.2611,4.7294025,15.783114,0.0,0.0
2022-08-20 14:00:00,6.88,296.51367,1000.45044,4.9507184,16.709045,0.0,0.0
2022-08-20 15:00:00,6.67,295.52985,1000.39404,5.0892205,17.63307,0.0,0.0
2022-08-20 16:00:00,6.6,294.60632,1000.07904,5.1351085,18.641546,0.0,0.0
2022-08-20 17:00:00,6.84,293.78802,1000.2078,5.171188,19.648794,0.0,0.0
2022-08-20 18:00:00,6.51,293.02957,999.9308,5.1745253,20.710152,0.0,0.0
2022-08-20 19:00:00,6.41,291.79877,999.53314,4.9846168,22.609346,0.0,0.0
2022-08-20 20:00:00,6.29,291.1091,999.59265,4.9559016,24.132185,0.0,0.0
2022-08-20 21:00:00,6.1,290.5548,999.89154,4.8450727,25.545635,0.0,0.0
2022-08-20 22:00:00,5.95,290.08832,1000.48834,4.809737,26.755152,0.0,0.0
2022-08-20 23:00:00,5.74,291.34155,1001.3404,4.722333,25.021643,0.0,0.0
2022-08-21 00:00:00,4.91,294.35168,1002.03815,6.1667852,20.220175,0.0017046927,0.0
2022-08-21 01:00:00,5.04,297.20447,1002.09283,7.3145967,16.210226,0.0,0.0
2022-08-21 02:00:00,4.8,299.71503,1001.48126,7.638067,13.515252,0.0,0.0
2022-08-21 03:00:00,4.69,301.73627,1000.2495,7.1451855,11.251363,0.0,0.0
2022-08-21 04:00:00,4.62,303.24445,998.9258,6.3333406,9.674098,0.0,0.0
2022-08-21 05:00:00,4.55,304.27316,997.92334,5.485819,8.678042,0.0,0.0
2022-08-21 06:00:00,4.65,304.8587,997.4123,4.75382,8.081732,0.0,0.0
2022-08-21 07:00:00,4.65,305.24792,996.89874,4.432118,7.7296286,0.0,0.0
2022-08-21 08:00:00,5.02,305.00104,997.0054,4.1867323,7.706912,0.0,0.0
2022-08-21 09:00:00,5.02,304.0996,997.43085,3.4573648,8.183603,0.0,0.0
2022-08-21 10:00:00,5.04,301.93405,998.0608,3.2672927,9.558346,0.0,0.0
2022-08-21 11:00:00,5.18,300.09012,998.6955,3.5363595,10.872115,0.0,0.0
2022-08-21 12:00:00,5.31,298.49445,999.09406,3.9056244,12.00449,0.0,0.0
2022-08-21 13:00:00,5.59,297.17883,999.5089,4.1324553,12.859997,0.0,0.0
2022-08-21 14:00:00,5.67,296.01443,999.53687,4.332792,13.532658,0.0,0.0
2022-08-21 15:00:00,5.79,295.0061,999.6503,4.5194387,14.06864,0.0,0.0
2022-08-21 16:00:00,5.79,294.10666,999.3103,4.7208686,14.5776615,0.0,0.0
2022-08-21 17:00:00,5.54,293.31854,999.09406,4.8039026,15.138876,0.0,0.0
2022-08-21 18:00:00,5.2,292.57227,998.8027,4.833565,15.82858,0.0,0.0
2022-08-21 19:00:00,4.91,291.11914,998.515,4.44519,18.15229,0.0,0.0
2022-08-21 20:00:00,4.7,290.3371,998.7925,4.2631807,19.44658,0.0,0.0
2022-08-21 21:00:00,4.63,289.71442,999.29376,4.0732284,20.778011,0.0,0.0
2022-08-21 22:00:00,4.92,289.1909,1000.26904,3.9230137,22.144144,0.0,0.0
2022-08-21 23:00:00,4.97,290.47128,1001.2347,3.5796764,21.186192,0.0,0.0
2022-08-22 00:00:00,4.97,294.06473,1001.72327,4.54656,17.258125,0.0,0.0
2022-08-22 01:00:00,5.05,297.56528,1001.47974,5.1704903,14.326702,0.0,0.0
2022-08-22 02:00:00,4.95,300.61053,1000.8817,5.438397,11.923284,0.0,0.0
2022-08-22 03:00:00,4.95,302.54376,999.7056,5.120524,9.972529,0.0,0.0
2022-08-22 04:00:00,5.21,303.76508,998.488,4.5936756,8.719762,0.0,0.0
2022-08-22 05:00:00,5.12,304.68036,997.47046,4.4704337,7.8767457,0.0,0.0
2022-08-22 06:00:00,5.11,305.3023,996.95935,4.4792757,7.371231,0.0,0.0
2022-08-22 07:00:00,5.14,305.76562,996.0514,4.6909084,7.4431286,0.0,0.0
2022-08-22 08:00:00,5.19,305.55585,996.3853,4.8070602,7.47815,0.0,0.0
2022-08-22 09:00:00,5.09,304.6261,996.83484,4.124062,8.013805,0.0,0.0
2022-08-22 10:00:00,5.22,302.3585,997.41595,3.6291676,9.386615,0.0,0.0
2022-08-22 11:00:00,5.59,300.6156,998.065,3.8615985,10.598196,0.0,0.0
2022-08-22 12:00:00,5.63,299.12982,998.8786,4.2267685,11.720606,0.0,0.0
2022-08-22 13:00:00,5.78,297.8896,999.3823,4.5306034,12.767065,0.0,0.0
2022-08-22 14:00:00,5.89,296.8293,999.47186,4.7748876,13.772949,0.0,0.0
2022-08-22 15:00:00,5.85,295.90833,999.312,4.9534683,14.765556,0.0,0.0
2022-08-22 16:00:00,6.36,295.14252,999.2272,5.1437955,15.764256,0.0,0.0
2022-08-22 17:00:00,6.52,294.49005,999.0508,5.322302,16.740318,0.0,0.0
2022-08-22 18:00:00,6.42,293.92938,999.0704,5.320982,17.640451,0.0,0.0
2022-08-22 19:00:00,6.41,292.37247,999.055,4.8029885,19.93438,0.0,0.0
2022-08-22 20:00:00,6.17,291.69836,999.3114,4.617158,21.110209,0.0,0.0
2022-08-22 21:00:00,6.24,291.10754,999.85486,4.3182545,22.30161,0.0,0.0
2022-08-22 22:00:00,6.44,290.5302,1000.65845,4.0563693,23.620272,0.0,0.0
2022-08-22 23:00:00,6.47,291.65195,1001.6138,3.6025083,22.635075,0.0,0.0
2022-08-23 00:00:00,6.54,294.70044,1002.4621,5.775711,18.81909,0.0,0.0
2022-08-23 01:00:00,6.5,297.28656,1002.5769,7.840199,15.869745,0.0,0.0
2022-08-23 02:00:00,6.53,299.77798,1002.03674,8.402612,13.538308,0.0,0.0
2022-08-23 03:00:00,6.44,301.89578,1000.7126,8.521837,11.960348,0.0,0.0
2022-08-23 04:00:00,6.5,303.51968,999.28796,8.436102,10.932899,0.0,0.0
2022-08-23 05:00:00,6.35,304.5843,998.113,8.211549,10.060346,0.0,0.0
2022-08-23 06:00:00,6.19,305.16187,997.28656,7.7471123,9.57865,0.0,0.0
2022-08-23 07:00:00,5.97,305.75067,996.4492,7.1160426,8.56435,0.0,0.0
2022-08-23 08:00:00,6.0,305.44672,996.8382,7.009122,8.596548,0.0,0.0
2022-08-23 09:00:00,6.19,304.40314,997.22546,6.1038,9.17754,0.0,0.0
2022-08-23 10:00:00,6.51,302.26535,997.8792,5.5561876,10.66987,0.0,0.0
2022-08-23 11:00:00,6.96,300.7743,998.8522,6.100446,12.313298,0.0,0.0
2022-08-23 12:00:00,7.45,299.5727,999.6855,6.7597094,14.50053,0.0,0.0
2022-08-23 13:00:00,7.95,298.53122,1000.3155,7.337812,17.05004,0.0,0.0
2022-08-23 14:00:00,8.86,297.635,1000.6025,7.645846,19.247644,0.0,0.0
2022-08-23 15:00:00,9.66,296.86398,1000.69257,7.729534,20.593029,0.0,0.0
2022-08-23 16:00:00,9.9,296.1336,1000.76904,7.6191273,21.456654,0.0,0.0
2022-08-23 17:00:00,9.71,295.37463,1000.60767,7.5014954,22.186863,0.0,0.0
2022-08-23 18:00:00,9.47,294.6331,1000.6824,7.472249,22.735413,0.0,0.0
2022-08-23 19:00:00,9.18,293.70325,1000.6804,7.2513437,23.897549,0.0,0.0
2022-08-23 20:00:00,9.06,292.9696,1001.1028,7.2642975,24.497128,0.0,0.0
2022-08-23 21:00:00,9.31,292.2232,1001.79456,7.250126,25.233656,0.0,0.0
2022-08-23 22:00:00,9.49,291.45544,1002.7303,7.436022,26.094633,0.0,0.0
2022-08-23 23:00:00,9.2,291.90445,1003.8067,7.49276,25.03597,0.0,0.0
2022-08-24 00:00:00,8.63,292.9584,1003.9992,9.694108,21.94795,0.0,0.0
2022-08-24 01:00:00,8.92,294.57504,1004.2104,9.353639,18.34977,0.0,0.0
2022-08-24 02:00:00,8.94,296.4018,1003.59344,9.030217,15.293357,0.0,0.0
2022-08-24 03:00:00,8.75,298.1529,1002.53033,8.462858,13.099827,0.0,0.0
2022-08-24 04:00:00,8.65,299.65668,1001.14374,7.7939825,11.554165,0.0,0.0
2022-08-24 05:00:00,8.13,300.81268,1000.27795,7.177708,10.429684,0.0,0.0
2022-08-24 06:00:00,7.37,301.45853,999.4586,6.8094997,9.677746,0.0,0.0
2022-08-24 07:00:00,6.51,301.93835,998.7686,7.0283637,9.553906,0.0,0.0
2022-08-24 08:00:00,5.84,301.53815,999.02905,6.8689847,9.317388,0.0,0.0
2022-08-24 09:00:00,4.77,300.49292,999.3484,6.270079,9.418822,0.0,0.0
2022-08-24 10:00:00,4.43,298.62634,1000.0935,5.6266212,9.986271,0.0,0.0
2022-08-24 11:00:00,3.84,297.11676,1000.84076,6.0403676,9.99122,0.0,0.0
2022-08-24 12:00:00,3.15,295.7838,1001.42847,6.4508405,9.768678,0.0,0.0
2022-08-24 13:00:00,3.19,294.6062,1002.0275,6.5474377,9.89296,0.0,0.0
2022-08-24 14:00:00,3.68,293.53717,1002.1108,6.481875,10.485329,0.0,0.0
2022-08-24 15:00:00,3.96,292.58514,1002.3168,6.3493757,11.341506,0.0,0.0
2022-08-24 16:00:00,4.54,291.68225,1002.1177,6.195754,12.304779,0.0,0.0
2022-08-24 17:00:00,4.65,290.85944,1002.0886,6.0114594,13.305431,0.0,0.0
2022-08-24 18:00:00,4.55,290.0664,1001.7057,5.766262,14.384802,0.0,0.0
2022-08-24 19:00:00,4.32,289.07684,1001.53766,5.9512477,17.115276,0.0,0.0
2022-08-24 20:00:00,4.08,288.37128,1001.2092,6.0046005,18.547327,0.0,0.0
2022-08-24 21:00:00,4.24,287.8127,1001.3917,6.105547,19.512705,0.0,0.0
2022-08-24 22:00:00,4.48,287.34314,1001.98846,6.039275,20.163532,0.0,0.0
2022-08-24 23:00:00,4.42,288.39557,1002.76636,5.62788,19.05958,0.0,0.0
2022-08-25 00:00:00,4.54,290.4647,1003.1205,7.6736326,16.516827,0.0,0.0
2022-08-25 01:00:00,4.69,292.6238,1003.06885,8.511129,14.444676,0.0,0.0
2022-08-25 02:00:00,4.9,294.80005,1002.5896,8.343223,12.348033,0.0,0.0
2022-08-25 03:00:00,5.11,296.76907,1001.5594,7.820099,10.58669,0.0,0.0
2022-08-25 04:00:00,5.38,298.4063,1000.3627,7.1741314,9.237513,0.0,0.0
2022-08-25 05:00:00,5.07,299.67615,999.31537,6.5904536,8.234111,0.0,0.0
2022-08-25 06:00:00,4.73,300.5219,998.48047,6.289798,7.536362,0.0,0.0
2022-08-25 07:00:00,4.66,301.2224,997.7464,6.146825,7.0717,0.0,0.0
2022-08-25 08:00:00,4.9,301.061,997.76544,5.9755254,7.047886,0.0,0.0
2022-08-25 09:00:00,4.34,300.18787,997.7114,5.256466,7.4308887,0.0,0.0
2022-08-25 10:00:00,4.13,298.23874,998.4836,4.331402,8.474837,0.0,0.0
2022-08-25 11:00:00,4.25,296.6905,998.94147,4.44604,9.369439,0.0,0.0
2022-08-25 12:00:00,4.71,295.38474,999.5034,4.6796594,10.104929,0.0,0.0
2022-08-25 13:00:00,5.06,294.21884,999.863,4.758751,10.772018,0.0,0.0
2022-08-25 14:00:00,5.44,293.14636,999.72406,4.6915507,11.428489,0.0,0.0
2022-08-25 15:00:00,5.2,292.14502,999.7342,4.4727035,12.165409,0.0,0.0
2022-08-25 16:00:00,5.17,291.18958,999.35126,4.2376924,13.007882,0.0,0.0
2022-08-25 17:00:00,4.9,290.28516,999.2966,4.0934644,13.989351,0.0,0.0
2022-08-25 18:00:00,4.66,289.406,998.8412,4.00033,15.119773,0.0,0.0
2022-08-25 19:00:00,5.09,287.70163,998.8055,4.1858916,17.529348,0.0,0.0
2022-08-25 20:00:00,5.12,286.86365,998.5973,4.149726,19.013142,0.0,0.0
2022-08-25 21:00:00,5.34,286.24268,998.8815,4.1404634,20.42236,0.0,0.0
2022-08-25 22:00:00,5.43,285.78937,999.4333,4.218456,21.771175,0.0,0.0
2022-08-25 23:00:00,5.62,287.39948,1000.205,4.259776,20.398144,0.0,0.0
2022-08-26 00:00:00,6.49,290.7791,1000.5133,5.33041,16.880081,0.0,0.0
2022-08-26 01:00:00,6.92,293.85626,1000.423,6.4066095,14.306848,0.0,0.0
2022-08-26 02:00:00,7.0,296.47192,999.8443,6.744763,12.088282,0.0,0.0
2022-08-26 03:00:00,6.93,298.59738,998.5661,6.243216,9.913831,0.0,0.0
2022-08-26 04:00:00,7.1,300.238,997.16095,5.531389,8.347872,0.0,0.0
2022-08-26 05:00:00,7.43,301.41077,996.024,4.755657,7.3644824,0.0,0.0
2022-08-26 06:00:00,7.54,302.12665,995.29297,3.98971,6.8018413,0.0,0.0
2022-08-26 07:00:00,7.27,302.60455,994.4772,3.0222113,6.3796005,0.0,0.0
2022-08-26 08:00:00,7.99,302.54044,994.95154,2.6854172,6.3265095,0.0,0.0
2022-08-26 09:00:00,8.41,301.94263,995.41595,2.450522,6.6964493,0.0,0.0
2022-08-26 10:00:00,8.79,300.2768,996.062,2.868681,7.806389,0.0,0.0
2022-08-26 11:00:00,8.76,298.3935,996.71234,3.2430036,9.084448,0.0,0.0
2022-08-26 12:00:00,8.19,296.81787,997.16736,3.5513263,10.259059,0.0,0.0
2022-08-26 13:00:00,7.92,295.52155,997.2247,3.7998035,11.352632,0.0,0.0
2022-08-26 14:00:00,7.91,294.40955,997.1406,4.004662,12.374681,0.0,0.0
2022-08-26 15:00:00,7.95,293.43982,997.178,4.140088,13.270013,0.0,0.0
2022-08-26 16:00:00,8.28,292.5571,996.9144,4.0890565,14.054017,0.0,0.0
2022-08-26 17:00:00,7.83,291.72546,996.5925,3.9505477,14.839107,0.0,0.0
2022-08-26 18:00:00,7.46,290.94363,996.3016,3.8697984,15.669262,0.0,0.0
2022-08-26 19:00:00,7.18,289.31848,996.22815,3.6095552,17.609821,0.0,0.0
2022-08-26 20:00:00,7.1,288.46344,996.0636,3.6023738,18.769888,0.0,0.0
2022-08-26 21:00:00,6.99,287.8866,996.28265,3.7081459,19.604174,0.0,0.0
2022-08-26 22:00:00,7.16,287.5177,996.66376,3.7373805,20.283928,0.0,0.0
2022-08-26 23:00:00,7.16,289.235,997.2383,3.4026139,18.65181,0.0,0.0
2022-08-27 00:00:00,6.82,293.25272,997.71326,4.153121,14.569399,0.0,0.0
2022-08-27 01:00:00,7.43,296.758,997.7612,4.564301,12.063788,0.0,0.0
2022-08-27 02:00:00,7.56,299.79065,997.23157,4.5687175,10.138682,0.0,0.0
2022-08-27 03:00:00,7.61,302.04382,996.1457,4.2261486,8.384884,0.0,0.0
2022-08-27 04:00:00,7.7,303.31195,994.767,3.066907,7.510683,0.0,0.0
2022-08-27 05:00:00,7.5,304.01776,993.4336,2.0271826,7.201591,0.0,0.0
2022-08-27 06:00:00,7.8,304.47485,992.77563,1.3644269,6.9679236,0.0,0.0
2022-08-27 07:00:00,7.79,305.3086,992.03876,1.4679196,6.514676,0.0,0.0
2022-08-27 08:00:00,8.07,305.16235,991.94763,1.2873966,6.5892234,0.0,0.0
2022-08-27 09:00:00,8.47,304.7544,992.3834,0.63991445,6.8258405,0.0,0.0
2022-08-27 10:00:00,8.86,303.73706,992.8107,0.8710358,7.598698,0.0,0.0
2022-08-27 11:00:00,9.04,301.76068,993.34143,1.8538408,9.74172,0.0,0.0
2022-08-27 12:00:00,9.09,299.58716,993.87646,1.616934,12.825375,0.0,0.0
2022-08-27 13:00:00,10.02,298.02222,994.1763,1.2662083,13.887262,0.0,0.0
2022-08-27 14:00:00,11.74,295.80154,994.7269,2.7647865,15.588715,0.0,0.0
2022-08-27 15:00:00,13.02,294.96216,994.7877,3.5152617,18.131247,0.0,0.0
2022-08-27 16:00:00,13.97,293.92456,994.373,3.2155428,20.932781,0.0,0.0
2022-08-27 17:00:00,14.63,292.85587,994.1378,2.867792,23.500933,0.0,0.0
2022-08-27 18:00:00,15.54,291.93677,993.9494,2.9336045,25.138739,0.0,0.0
2022-08-27 19:00:00,15.45,291.0488,994.4897,3.3034616,30.693424,0.0,0.0
2022-08-27 20:00:00,15.86,290.20032,994.6822,2.940439,35.552616,0.0,0.0
2022-08-27 21:00:00,16.27,289.51123,995.21375,3.161573,39.43151,0.0,0.0
2022-08-27 22:00:00,16.55,288.915,996.33545,3.3265014,42.742203,0.0,0.0
2022-08-27 23:00:00,16.41,290.62027,997.3223,2.9181767,40.187584,0.0,0.0
2022-08-28 00:00:00,15.74,294.74982,997.73236,2.95227,31.04933,0.0,0.0
2022-08-28 01:00:00,16.1,298.0127,997.89954,2.9023435,20.639824,0.0,0.0
2022-08-28 02:00:00,16.18,300.61053,997.4309,3.0163727,13.901329,0.0,0.0
2022-08-28 03:00:00,16.03,302.66464,996.3053,3.4435475,10.800015,0.0,0.0
2022-08-28 04:00:00,15.73,304.08017,994.95984,3.8095431,11.209053,0.0,0.0
2022-08-28 05:00:00,15.43,304.91125,993.89185,3.8159103,12.218679,0.0,0.0
2022-08-28 06:00:00,15.24,305.37244,993.3697,3.6989572,12.96427,0.0,0.0
2022-08-28 07:00:00,16.38,305.66034,992.9441,3.3867393,13.993591,0.0,0.0
2022-08-28 08:00:00,17.16,305.3968,993.01404,3.1430094,15.256492,0.0,0.0
2022-08-28 09:00:00,17.73,304.7495,993.3343,2.635189,16.759697,0.0,0.0
2022-08-28 10:00:00,18.92,303.47748,993.8384,1.8214148,18.741629,0.0,0.0
2022-08-28 11:00:00,19.86,302.29703,994.46967,1.7219117,20.809464,0.0,0.0
2022-08-28 12:00:00,20.66,300.66046,994.8872,1.8751779,24.256857,0.0,0.0
2022-08-28 13:00:00,20.17,299.08792,995.0603,2.0279927,27.373543,0.0,0.0
2022-08-28 14:00:00,20.24,297.8653,995.08716,1.8977644,29.873943,0.0,0.0
2022-08-28 15:00:00,20.15,297.13177,994.85455,1.530052,31.18347,0.0,0.0
2022-08-28 16:00:00,20.49,297.37857,994.46515,0.7180989,29.119709,0.0,0.0
2022-08-28 17:00:00,20.05,296.82642,994.4332,0.5388568,29.819727,0.0,0.0
2022-08-28 18:00:00,19.24,294.18738,994.15466,1.5627435,38.03868,0.0,0.0
2022-08-28 19:00:00,18.9,292.9399,994.5533,1.5272322,41.766445,0.0,0.0
2022-08-28 20:00:00,18.14,292.33118,994.4226,1.3756137,43.562607,0.0,0.0
2022-08-28 21:00:00,17.73,292.63474,995.1386,1.0111674,41.898804,0.0,0.0
2022-08-28 22:00:00,17.98,291.86426,995.7173,1.0780165,44.672462,0.0,0.0
2022-08-28 23:00:00,18.03,292.78363,996.3159,0.7210363,43.421204,0.0,0.0
2022-08-29 00:00:00,17.73,296.21454,996.97687,0.05867295,33.287773,0.0,0.0
2022-08-29 01:00:00,17.61,299.4132,997.0199,0.9049759,25.595638,0.0,0.0
2022-08-29 02:00:00,17.4,302.2909,996.59393,1.636281,19.919147,0.0,0.0
2022-08-29 03:00:00,16.91,304.54572,995.78424,2.2321026,16.426332,0.0,0.0
2022-08-29 04:00:00,16.47,305.9176,994.6964,2.3177555,15.942627,0.0,0.0
2022-08-29 05:00:00,15.78,306.73914,993.6384,1.9915599,14.945799,0.0,0.0
2022-08-29 06:00:00,15.41,307.1978,993.15485,1.6873693,14.412872,0.0,0.0
2022-08-29 07:00:00,15.41,307.57645,993.27936,1.5683391,14.287062,0.0,0.0
2022-08-29 08:00:00,15.45,307.44046,993.1772,1.9514616,14.223612,0.0,0.0
2022-08-29 09:00:00,15.47,306.978,993.8416,2.6666594,14.300688,0.0,0.0
2022-08-29 10:00:00,15.78,305.30023,994.48517,3.345545,15.355412,0.0,0.0
2022-08-29 11:00:00,16.0,303.8141,995.08325,4.035148,15.894554,0.0,0.0
2022-08-29 12:00:00,15.65,302.5071,995.5593,4.6082764,16.153112,0.0,0.0
2022-08-29 13:00:00,15.58,301.36365,995.8214,4.9161263,16.454523,0.0,0.0
2022-08-29 14:00:00,16.14,300.3065,996.0058,4.9099736,17.019865,0.0,0.0
2022-08-29 15:00:00,16.74,299.28384,995.64343,4.6823697,17.795198,0.0,0.0
2022-08-29 16:00:00,17.04,298.26877,995.1902,4.317213,18.60467,0.0,0.0
2022-08-29 17:00:00,16.72,297.24902,994.7252,3.871063,19.401304,0.0,0.0
2022-08-29 18:00:00,16.38,296.25427,994.3759,3.4720893,20.187834,0.0,0.0
2022-08-29 19:00:00,15.61,295.2251,994.437,4.3299828,20.915445,0.0,0.0
2022-08-29 20:00:00,15.0,294.66504,994.6918,4.319614,20.446686,0.0,0.0
2022-08-29 21:00:00,14.84,294.14102,994.742,4.2593393,20.01124,0.0,0.0
2022-08-29 22:00:00,14.28,293.6007,995.47046,3.9517133,20.016438,0.0,0.0
2022-08-29 23:00:00,13.69,294.8982,996.02905,3.4559596,18.216887,0.0,0.0
2022-08-30 00:00:00,12.65,297.83435,996.5606,4.627119,14.595159,0.0,0.0
2022-08-30 01:00:00,12.93,300.64136,996.605,4.970776,12.283639,0.0,0.0
2022-08-30 02:00:00,13.64,303.38184,995.9934,4.664229,10.564391,0.0,0.0
2022-08-30 03:00:00,14.83,305.78882,994.7008,4.4014406,9.399707,0.0,0.0
2022-08-30 04:00:00,16.11,307.5554,993.1964,4.099808,8.916792,0.0,0.0
2022-08-30 05:00:00,16.62,308.4737,992.0586,3.2047522,9.404748,0.0,0.0
2022-08-30 06:00:00,16.4,308.86148,991.2918,2.4515438,10.137351,0.0,0.0
2022-08-30 07:00:00,16.38,309.31244,990.23914,1.1839902,10.994715,0.0,0.0
2022-08-30 08:00:00,16.23,309.08252,990.28314,1.0564708,11.122133,0.0,0.0
2022-08-30 09:00:00,16.14,308.60608,990.15454,1.630942,11.441263,0.0,0.0
2022-08-30 10:00:00,16.19,306.91058,991.0235,3.0291178,12.970683,0.0,0.0
2022-08-30 11:00:00,16.64,304.88672,991.4981,3.5603476,14.627073,0.0,0.0
2022-08-30 12:00:00,17.38,303.43417,992.2053,3.9162693,15.845304,0.0,0.0
2022-08-30 13:00:00,17.98,302.17603,992.19666,4.1482034,17.083923,0.0,0.0
2022-08-30 14:00:00,18.82,301.11023,992.28314,4.2933493,18.511915,0.0,0.0
2022-08-30 15:00:00,19.2,300.06995,991.90906,4.3175154,20.473803,0.0,0.0
2022-08-30 16:00:00,19.98,299.06088,991.4483,4.290478,22.976103,0.0,0.0
2022-08-30 17:00:00,21.49,298.35336,991.13403,4.1723065,28.018156,0.0,0.0
2022-08-30 18:00:00,23.61,298.0591,990.8008,4.5193615,36.814804,0.0,0.0
2022-08-30 19:00:00,24.77,296.4961,991.2424,3.4336276,35.44797,0.0,0.0
2022-08-30 20:00:00,24.5,295.97855,991.46173,3.6719007,44.249187,0.0,0.0
2022-08-30 21:00:00,23.65,295.58746,992.1186,3.8846478,52.236748,0.0,0.0
2022-08-30 22:00:00,22.64,295.24973,992.8108,4.1715584,56.916218,0.0,0.0
2022-08-30 23:00:00,21.58,296.71786,993.5609,4.0732436,50.58295,0.0,0.0
2022-08-31 00:00:00,19.56,299.69287,994.05365,5.268974,35.56034,0.0,0.0
2022-08-31 01:00:00,19.77,302.54105,994.17554,5.6791143,23.575016,0.0,0.0
2022-08-31 02:00:00,20.01,304.91852,993.965,5.2116146,17.830288,0.0,0.0
2022-08-31 03:00:00,19.99,306.8634,993.02374,4.432016,15.2572155,0.0,0.0
2022-08-31 04:00:00,20.31,308.34854,992.01544,3.5833957,13.815066,0.0,0.0
2022-08-31 05:00:00,20.66,309.2808,991.00214,3.0946624,12.563975,0.0,0.0
2022-08-31 06:00:00,21.29,309.75098,990.44006,3.1569135,12.178799,0.0,0.0
2022-08-31 07:00:00,22.52,310.12006,989.868,3.9708645,11.964744,0.0,0.0
2022-08-31 08:00:00,22.85,309.85345,989.83655,4.108417,12.020847,0.0,0.0
2022-08-31 09:00:00,23.31,308.9972,990.243,3.6519911,12.727137,0.0,0.0
2022-08-31 10:00:00,23.8,307.15723,991.05133,2.934111,14.519161,0.0,0.0
2022-08-31 11:00:00,24.24,305.53638,991.4817,2.9304752,16.468147,0.0,0.0
2022-08-31 12:00:00,24.95,303.97986,992.29987,3.2262185,18.809002,0.0,0.0
2022-08-31 13:00:00,26.24,302.6684,992.77795,3.801878,21.790087,0.0,0.0
2022-08-31 14:00:00,27.86,301.68982,992.96,4.2807107,25.635239,0.0,0.0
2022-08-31 15:00:00,28.67,300.8196,992.97046,4.4836617,29.280993,0.0,0.0
2022-08-31 16:00:00,29.04,300.17816,992.7419,4.8283267,31.72717,0.0,0.0
2022-08-31 17:00:00,29.03,299.44775,992.9695,4.8370194,34.1181,0.0,0.0
2022-08-31 18:00:00,28.28,298.60254,992.83374,4.4103274,36.126183,0.0,0.0
2022-08-31 19:00:00,27.78,297.21436,993.3928,4.7420716,41.84721,0.0,0.0
2022-08-31 20:00:00,27.11,296.5334,993.7886,4.408919,43.6577,0.0,0.0
2022-08-31 21:00:00,27.17,295.85925,994.1053,4.0886765,44.90349,0.0,0.0
2022-08-31 22:00:00,28.12,295.2778,994.94904,3.7946572,45.79237,0.0,0.0
2022-08-31 23:00:00,28.73,296.68134,995.8376,3.6186562,41.26903,0.0,0.0
2022-09-01 00:00:00,30.77,298.92538,996.5527,3.972161,40.77837,0.0,0.0
2022-09-01 01:00:00,31.26,301.14508,997.0718,3.264456,38.777077,0.0,0.0
2022-09-01 02:00:00,31.58,303.53998,996.79974,2.8051608,34.098194,0.0,0.0
2022-09-01 03:00:00,32.1,305.7891,995.9303,3.0230896,28.102789,0.0,0.0
2022-09-01 04:00:00,32.49,307.33075,994.6836,3.9371016,24.036545,0.0,0.0
2022-09-01 05:00:00,33.05,308.07553,993.9944,4.2699394,22.97416,0.0,0.0
2022-09-01 06:00:00,33.01,308.287,993.49524,4.2813516,22.316566,0.0,0.0
2022-09-01 07:00:00,33.89,308.1449,993.33716,3.8379629,22.933134,0.0,0.0
2022-09-01 08:00:00,34.85,307.7335,993.3425,3.6782646,23.450932,0.0,0.0
2022-09-01 09:00:00,35.56,307.17297,993.8631,3.5078223,24.182888,0.0,0.0
2022-09-01 10:00:00,36.31,305.68945,994.5695,3.3275754,27.229586,0.0,0.0
2022-09-01 11:00:00,36.59,304.51126,994.819,4.2690744,29.639107,0.0,0.0
2022-09-01 12:00:00,36.44,303.40924,995.65936,7.05458,33.156235,0.0,0.0
2022-09-01 13:00:00,36.25,300.95685,996.3261,9.524642,44.68789,0.0,0.0
2022-09-01 14:00:00,36.46,299.47833,997.0263,8.406981,51.187794,0.0,0.0
2022-09-01 15:00:00,36.62,298.4489,997.2636,7.594509,54.964478,0.0,0.0
2022-09-01 16:00:00,36.74,297.59326,997.1447,7.082897,57.929153,0.0,0.0
2022-09-01 17:00:00,36.26,296.95935,997.1284,6.4599867,59.92201,0.0,0.0
2022-09-01 18:00:00,36.06,296.45624,996.8042,5.9211683,61.381268,0.0,0.0
2022-09-01 19:00:00,35.51,295.86676,996.94037,5.619573,61.765324,0.0,0.0
2022-09-01 20:00:00,35.33,295.42856,997.2528,5.405598,62.849556,0.0,0.0
2022-09-01 21:00:00,35.16,295.02698,997.7255,5.4359803,63.78026,0.0,0.0
2022-09-01 22:00:00,35.05,294.72476,998.45404,5.4466763,64.40262,0.0,0.0
2022-09-01 23:00:00,34.81,295.62463,999.3016,6.234875,60.27475,0.0,0.0
2022-09-02 00:00:00,35.01,297.3947,999.47656,7.263541,53.439323,0.0,0.0
2022-09-02 01:00:00,35.71,299.69708,999.4239,7.0332656,46.06996,0.0,0.0
2022-09-02 02:00:00,36.81,302.07486,999.07263,6.6588964,39.65664,0.0,0.0
2022-09-02 03:00:00,37.23,304.0754,997.9564,6.3573403,34.972385,0.0,0.0
2022-09-02 04:00:00,36.85,305.63788,996.7039,5.9077964,31.23871,0.0,0.0
2022-09-02 05:00:00,36.21,306.55237,995.64044,5.066082,28.264927,0.0,0.0
2022-09-02 06:00:00,36.22,306.7387,994.8175,4.9769754,27.418127,0.0,0.0
2022-09-02 07:00:00,35.83,307.1055,994.437,4.470186,26.848074,0.0,0.0
2022-09-02 08:00:00,34.96,306.83527,994.48206,4.60543,26.866957,0.0,0.0
2022-09-02 09:00:00,33.86,306.17102,994.6247,4.901587,27.701124,0.0,0.0
2022-09-02 10:00:00,32.85,304.90195,994.96576,4.610365,29.675957,0.0,0.0
2022-09-02 11:00:00,32.1,304.04047,995.6286,5.3191953,30.690735,0.0,0.0
2022-09-02 12:00:00,30.74,302.9693,996.1252,5.9436865,31.653313,0.0,0.0
2022-09-02 13:00:00,31.04,302.06467,996.4609,6.3953805,32.0851,0.0,0.0
2022-09-02 14:00:00,31.14,301.33878,996.72046,6.775405,32.23883,0.0,0.0
2022-09-02 15:00:00,31.82,300.44305,996.762,6.968853,33.05408,0.0,0.0
2022-09-02 16:00:00,32.67,299.48492,996.71844,7.034,34.53709,0.0,0.0
2022-09-02 17:00:00,33.04,298.437,996.5446,7.0184984,36.59244,0.0,0.0
2022-09-02 18:00:00,33.07,297.45404,996.29095,7.092583,38.51719,0.0,0.0
2022-09-02 19:00:00,33.02,297.2818,995.9442,6.8889203,37.549953,0.0,0.0
2022-09-02 20:00:00,33.18,296.4722,995.9953,7.0219946,38.733463,0.0,0.0
2022-09-02 21:00:00,33.7,295.7762,996.2683,6.9631124,39.30967,0.0,0.0
2022-09-02 22:00:00,34.09,295.20026,997.1925,6.7815456,39.641415,0.0,0.0
2022-09-02 23:00:00,34.1,295.73325,998.1067,7.4518156,37.56285,0.0,0.0
2022-09-03 00:00:00,34.57,297.1479,998.64044,8.229057,34.18684,0.0,0.0
2022-09-03 01:00:00,34.89,298.8581,998.52826,7.8375044,30.764627,0.0,0.0
2022-09-03 02:00:00,35.1,300.9154,998.1191,7.4198313,27.419218,0.0,0.0
2022-09-03 03:00:00,35.06,303.03775,996.92737,7.051673,24.782696,0.0,0.0
2022-09-03 04:00:00,34.52,304.55444,995.2617,6.550104,23.381304,0.0,0.0
2022-09-03 05:00:00,33.81,305.74982,993.96234,5.9742055,22.497656,0.0,0.0
2022-09-03 06:00:00,33.35,306.49384,993.03674,5.3591905,22.153008,0.0,0.0
2022-09-03 07:00:00,33.27,306.7461,992.6284,3.9641547,23.430548,0.0,0.0
2022-09-03 08:00:00,32.81,306.6333,992.3669,3.6976907,23.631842,0.0,0.0
2022-09-03 09:00:00,32.28,306.2875,992.8504,3.3686259,23.795704,0.0,0.0
2022-09-03 10:00:00,33.77,305.6698,993.28925,3.524143,24.253004,0.0,0.0
2022-09-03 11:00:00,34.61,304.82318,993.71985,4.4580398,24.56737,0.0,0.0
2022-09-03 12:00:00,33.8,303.9886,994.495,5.6000247,24.189926,0.0,0.0
2022-09-03 13:00:00,32.37,302.76453,994.615,6.009847,24.331427,0.0,0.0
2022-09-03 14:00:00,30.51,301.74756,995.2989,5.745495,24.81727,0.0,0.0
2022-09-03 15:00:00,30.18,301.19702,995.4359,4.9980607,24.900154,0.0,0.0
2022-09-03 16:00:00,31.12,300.94043,995.5597,3.876915,24.727495,0.0,0.0
2022-09-03 17:00:00,32.21,300.30338,995.267,3.168001,26.037142,0.0,0.0
2022-09-03 18:00:00,34.06,299.6297,994.894,2.9244475,29.414719,0.0,0.0
2022-09-03 19:00:00,35.47,298.34094,994.8301,2.0302188,44.403927,0.0,0.0
2022-09-03 20:00:00,36.34,297.78845,994.6793,2.1480918,52.114574,0.0,0.0
2022-09-03 21:00:00,36.77,297.17953,995.6331,2.0439425,58.26629,0.0013709068,0.0
2022-09-03 22:00:00,36.06,296.67603,996.35986,1.4039469,61.27796,0.0068992376,0.0
2022-09-03 23:00:00,34.47,297.67297,997.29095,0.9580433,56.315334,0.0,0.0
2022-09-04 00:00:00,33.14,298.80768,997.61,0.8112681,50.7393,0.008749962,0.0
2022-09-04 01:00:00,33.57,300.2967,997.4568,1.4541339,47.200768,0.0,0.0
2022-09-04 02:00:00,33.83,301.794,996.91016,1.5313644,43.856712,0.0,0.0
2022-09-04 03:00:00,33.08,303.1501,995.7664,2.122185,39.760803,0.0136345625,0.0
2022-09-04 04:00:00,32.17,303.68176,994.6618,2.9147067,38.177536,0.059224665,0.0
2022-09-04 05:00:00,31.36,303.9234,993.8972,2.8719816,37.670795,0.0,0.0
2022-09-04 06:00:00,30.93,304.56586,993.2218,2.9103858,36.289474,0.0,0.0
2022-09-04 07:00:00,30.97,305.44736,992.65594,3.7215035,33.297012,0.0,0.0
2022-09-04 08:00:00,30.64,305.26288,992.979,3.6312275,33.122295,0.0,0.0
2022-09-04 09:00:00,30.03,304.87384,993.229,3.3154,33.42185,0.0,0.0
2022-09-04 10:00:00,29.41,304.22003,994.0539,2.1349895,34.641518,0.0,0.0
2022-09-04 11:00:00,28.84,303.73212,994.7587,1.610295,36.00646,0.0,0.0
2022-09-04 12:00:00,28.26,303.0594,995.3821,1.4174694,38.020344,0.0,0.0
2022-09-04 13:00:00,27.94,302.19925,995.7992,1.5731878,40.823124,0.0,0.0
2022-09-04 14:00:00,28.03,301.37396,995.60956,2.2530866,42.941917,0.0,0.0
2022-09-04 15:00:00,28.04,300.3827,995.33124,2.8493874,45.671455,0.0,0.0
2022-09-04 16:00:00,28.74,299.76666,994.66595,3.175439,47.47243,0.0,0.0
2022-09-04 17:00:00,29.39,298.95145,994.41077,2.542721,50.226463,0.0,0.0
2022-09-04 18:00:00,29.14,297.94916,994.207,1.2554033,57.43865,0.0,0.0
2022-09-04 19:00:00,28.3,297.17883,994.31836,1.405434,57.82426,0.0,0.0
2022-09-04 20:00:00,27.42,296.98212,994.5211,2.3141398,55.96979,0.0,0.0
2022-09-04 21:00:00,27.48,296.794,995.00775,2.5055063,56.79797,0.0,0.0
2022-09-04 22:00:00,28.59,296.52008,995.89056,2.5958095,58.3996,0.0,0.0
2022-09-04 23:00:00,29.12,297.89624,996.4528,2.91793,54.74928,0.0,0.0
2022-09-05 00:00:00,28.46,299.9297,996.57623,3.2605894,48.55693,0.0746417,0.0
2022-09-05 01:00:00,28.53,301.7505,996.6194,2.6627285,42.534058,0.0,0.0
2022-09-05 02:00:00,28.54,303.13126,995.8709,1.9342123,38.80971,0.0,0.0
2022-09-05 03:00:00,28.25,304.8576,994.8493,2.6151276,34.20097,0.0,0.0
2022-09-05 04:00:00,27.42,305.62567,993.4988,3.0567772,31.380733,0.0,0.0
2022-09-05 05:00:00,26.68,306.5184,992.6803,3.393133,28.52932,0.0,0.0
2022-09-05 06:00:00,25.62,306.96912,991.882,3.6357884,26.438566,0.0,0.0
2022-09-05 07:00:00,24.72,307.87732,991.3727,3.327676,24.29953,0.0,0.0
2022-09-05 08:00:00,23.94,307.80756,991.52344,3.6738443,23.804335,0.0,0.0
2022-09-05 09:00:00,23.56,307.17157,992.08826,3.771177,24.396334,0.0,0.0
2022-09-05 10:00:00,23.5,306.3561,992.3734,3.3719585,25.618008,0.0,0.0
2022-09-05 11:00:00,23.54,305.35193,993.2961,3.3886876,27.365002,0.0,0.0
2022-09-05 12:00:00,24.47,304.346,993.62585,4.1797776,29.415455,0.0,0.0
2022-09-05 13:00:00,25.4,303.42892,993.9436,5.6084375,33.262264,0.0,0.0
2022-09-05 14:00:00,26.25,302.20178,994.1793,5.8929677,38.847324,0.0,0.0
2022-09-05 15:00:00,27.73,301.1776,994.1063,5.895357,42.806953,0.0,0.0
2022-09-05 16:00:00,27.77,300.18002,993.8674,6.160131,46.64129,0.0,0.0
2022-09-05 17:00:00,27.24,299.39676,994.0528,5.696056,50.38255,0.0,0.0
2022-09-05 18:00:00,27.55,298.87582,994.00586,4.7705264,52.714245,0.0,0.0
2022-09-05 19:00:00,29.14,297.34723,994.4772,2.7791193,56.498466,0.0,0.0
2022-09-05 20:00:00,30.31,296.5628,994.5574,1.9471624,59.334137,0.0,0.0
2022-09-05 21:00:00,30.91,296.00873,995.39954,1.8071193,61.90048,0.0,0.0
2022-09-05 22:00:00,31.13,295.53284,995.8625,1.9269409,64.33023,0.0,0.0
2022-09-05 23:00:00,30.74,296.9632,996.4542,1.9549812,58.64635,0.0,0.0
2022-09-06 00:00:00,31.83,298.38922,996.64514,1.5484713,52.349483,0.0012814999,0.0
2022-09-06 01:00:00,32.05,299.73193,996.4183,1.8903337,49.09923,0.0,0.0
2022-09-06 02:00:00,32.82,301.3377,995.84766,2.8167663,45.157684,0.0,0.0
2022-09-06 03:00:00,32.83,302.9391,994.9748,3.7393394,41.018826,0.0027641654,0.0
2022-09-06 04:00:00,32.32,304.08124,993.4917,4.9683766,36.798744,0.0,0.0
2022-09-06 05:00:00,31.13,304.88873,992.6423,5.5014324,34.28277,0.0,0.0
2022-09-06 06:00:00,30.11,305.19647,992.0158,6.0460167,32.656506,0.0,0.0
2022-09-06 07:00:00,29.71,305.79074,991.50836,5.448415,29.708048,0.0,0.0
2022-09-06 08:00:00,29.29,305.5583,991.53265,5.3369727,29.628716,0.0,0.0
2022-09-06 09:00:00,29.97,305.01212,991.9459,5.1695867,30.264303,0.0,0.0
2022-09-06 10:00:00,30.44,304.26135,992.8027,4.00571,31.53474,0.0,0.0
2022-09-06 11:00:00,30.23,303.549,993.39124,3.728963,32.97327,0.0,0.0
2022-09-06 12:00:00,30.62,302.9785,994.2006,4.543613,34.67316,0.0,0.0
2022-09-06 13:00:00,31.17,302.01154,994.78766,5.6233144,38.891792,0.0,0.0
2022-09-06 14:00:00,31.92,301.02557,994.9217,5.8955092,44.49335,0.0,0.0
2022-09-06 15:00:00,31.53,300.17847,995.27673,5.5631876,48.91407,0.0,0.0
2022-09-06 16:00:00,31.7,299.62247,994.7074,5.4368277,50.64534,0.0,0.0
2022-09-06 17:00:00,32.86,298.80414,994.7632,5.3959427,50.72047,0.0,0.0
2022-09-06 18:00:00,34.46,298.1196,994.7434,5.6725874,48.092888,0.0,0.0
2022-09-06 19:00:00,34.2,297.51453,994.83484,5.392053,47.989815,0.08893013,0.0
2022-09-06 20:00:00,34.47,297.00946,995.0073,5.3928175,44.073776,0.0085532665,0.0
2022-09-06 21:00:00,33.58,296.19946,995.5951,4.5913863,43.949356,0.0016839404,0.0
2022-09-06 22:00:00,31.18,295.73657,996.40625,3.3682854,43.89126,0.0,0.0
2022-09-06 23:00:00,28.71,296.25586,997.55383,3.7162285,39.43219,0.0,0.0
2022-09-07 00:00:00,29.16,297.467,998.2056,4.1482825,33.57665,0.10451725,0.0
2022-09-07 01:00:00,28.9,298.73438,998.1905,4.529034,29.873796,0.0,0.0
2022-09-07 02:00:00,28.16,300.40424,997.78375,4.760789,27.774105,0.0,0.0
2022-09-07 03:00:00,26.95,301.65097,996.81854,5.196528,27.566603,0.0,0.0
2022-09-07 04:00:00,25.27,302.43652,995.65576,5.389469,29.220179,0.0,0.0
2022-09-07 05:00:00,24.42,303.44412,994.73456,5.598509,29.595371,0.023640692,0.0
2022-09-07 06:00:00,23.96,303.9533,994.26526,5.3572655,28.577953,0.0,0.0
2022-09-07 07:00:00,23.5,304.90103,993.94037,4.7409544,25.900585,0.0,0.0
2022-09-07 08:00:00,23.17,304.83972,993.8144,4.649946,25.265131,0.0,0.0
2022-09-07 09:00:00,22.95,304.27338,994.25464,4.1633396,25.11745,0.0,0.0
2022-09-07 10:00:00,22.61,303.2242,995.0925,2.9425032,25.713863,0.0,0.0
2022-09-07 11:00:00,21.96,302.44775,995.59814,2.6916528,26.236883,0.0,0.0
2022-09-07 12:00:00,21.25,301.6785,996.3093,2.6275437,27.158388,0.0,0.0
2022-09-07 13:00:00,20.81,300.6885,996.3739,2.7139895,28.762007,0.0,0.0
2022-09-07 14:00:00,19.28,299.76343,996.4897,2.7817948,30.570045,0.0,0.0
2022-09-07 15:00:00,17.86,299.10437,996.37244,2.8086567,32.08213,0.0,0.0
2022-09-07 16:00:00,16.93,298.34607,995.88696,2.9703374,33.82249,0.0,0.0
2022-09-07 17:00:00,16.47,297.35052,995.68945,3.6613793,35.543297,0.0,0.0
2022-09-07 18:00:00,16.53,296.2771,995.66797,4.5293655,34.02826,0.0,0.0
2022-09-07 19:00:00,16.78,295.16467,996.2419,4.7115016,29.806652,0.0,0.0
2022-09-07 20:00:00,16.94,294.3731,996.35065,4.6235538,27.682102,0.0,0.0
2022-09-07 21:00:00,17.01,293.73822,997.3554,4.2690225,27.508575,0.0,0.0
2022-09-07 22:00:00,17.11,293.14935,998.33374,3.7185636,28.369698,0.0,0.0
2022-09-07 23:00:00,17.07,294.53888,999.40265,3.827004,25.830757,0.0,0.0
2022-09-08 00:00:00,16.67,296.8688,1000.0825,4.6194043,22.167782,0.024074316,0.0
2022-09-08 01:00:00,16.85,299.52335,999.8055,4.6578703,19.07513,0.0,0.0
2022-09-08 02:00:00,17.11,301.99127,998.892,4.444861,17.690855,0.0,0.0
2022-09-08 03:00:00,17.23,303.62558,997.8972,3.3528578,18.443005,0.0,0.0
2022-09-08 04:00:00,17.02,304.69305,996.34454,2.3407073,19.127356,0.0,0.0
2022-09-08 05:00:00,16.55,305.51312,995.26733,1.7755374,19.386528,0.0,0.0
2022-09-08 06:00:00,16.18,306.05356,994.5185,1.528484,19.363976,0.0,0.0
2022-09-08 07:00:00,16.3,306.26996,993.72314,0.91170716,19.256128,0.0,0.0
2022-09-08 08:00:00,15.99,306.2022,993.4052,1.3084605,19.321466,0.0,0.0
2022-09-08 09:00:00,15.93,305.82837,993.774,1.9520249,19.74673,0.0,0.0
2022-09-08 10:00:00,16.38,304.82916,994.3514,2.5991518,21.10727,0.0,0.0
2022-09-08 11:00:00,16.9,303.69095,995.0698,3.3397243,22.680178,0.0,0.0
2022-09-08 12:00:00,17.67,302.55865,995.4957,3.8611329,23.936104,0.0,0.0
2022-09-08 13:00:00,18.2,301.52292,995.66376,4.1526847,24.441946,0.0,0.0
2022-09-08 14:00:00,18.95,300.53766,995.9443,4.12642,24.220179,0.0,0.0
2022-09-08 15:00:00,19.16,299.548,996.02155,3.9547892,23.724617,0.0,0.0
2022-09-08 16:00:00,19.55,298.62677,995.682,3.7129416,23.306122,0.0,0.0
2022-09-08 17:00:00,19.82,297.76147,995.4841,3.4087944,23.326273,0.0,0.0
2022-09-08 18:00:00,19.88,296.87527,995.0217,3.207786,23.876741,0.0,0.0
2022-09-08 19:00:00,19.68,295.48608,995.055,2.857035,28.375717,0.0,0.0
2022-09-08 20:00:00,19.52,294.53497,995.0842,2.0616138,31.778124,0.0,0.0
2022-09-08 21:00:00,19.43,293.40472,995.73083,1.413125,37.727985,0.0,0.0
2022-09-08 22:00:00,20.03,292.6353,996.3869,1.6454437,40.729954,0.0,0.0
2022-09-08 23:00:00,19.88,294.82837,997.2919,1.1271842,36.948982,0.0,0.0
2022-09-09 00:00:00,19.19,298.42108,997.8753,0.81278366,28.379074,0.0012894784,0.0
2022-09-09 01:00:00,19.63,301.1151,997.75604,0.4665191,24.048468,0.0,0.0
2022-09-09 02:00:00,19.65,303.44977,997.09393,0.81572384,21.159735,0.0,0.0
2022-09-09 03:00:00,20.08,305.50946,996.0428,1.3792272,19.321661,0.0,0.0
2022-09-09 04:00:00,20.5,306.9817,994.37805,1.5506032,18.523525,0.0,0.0
2022-09-09 05:00:00,20.86,308.11755,993.33,2.109054,18.03911,0.0,0.0
2022-09-09 06:00:00,21.34,308.92047,992.7067,2.9920568,17.644583,0.0,0.0
2022-09-09 07:00:00,20.97,309.44775,991.8677,3.387591,16.531315,0.0,0.0
2022-09-09 08:00:00,20.68,309.3176,991.95844,3.8691623,16.723368,0.0,0.0
2022-09-09 09:00:00,21.31,308.6181,992.27936,4.3006053,17.471928,0.0,0.0
2022-09-09 10:00:00,22.02,307.1093,993.2248,3.834336,19.403904,0.0,0.0
2022-09-09 11:00:00,22.79,305.7042,993.89044,3.982038,21.701525,0.0,0.0
2022-09-09 12:00:00,24.17,304.4483,994.7551,4.004794,24.386759,0.0,0.0
2022-09-09 13:00:00,25.51,303.26727,995.08185,4.3007207,27.603477,0.0,0.0
2022-09-09 14:00:00,26.39,302.0014,995.35596,4.6324835,31.81716,0.0,0.0
2022-09-09 15:00:00,27.52,300.63705,995.00977,4.931884,37.204803,0.0,0.0
2022-09-09 16:00:00,28.15,299.39508,994.8272,5.281523,44.18089,0.0,0.0
2022-09-09 17:00:00,28.74,298.38626,994.5188,5.2622194,52.137363,0.0,0.0
2022-09-09 18:00:00,29.5,297.53778,994.3144,5.0393853,58.857788,0.0,0.0
2022-09-09 19:00:00,30.97,296.68393,995.0617,4.2528915,62.373535,0.0,0.0
2022-09-09 20:00:00,32.2,295.88385,995.08234,3.968394,66.57788,0.0,0.0
2022-09-09 21:00:00,32.73,295.19107,995.71716,3.6021104,70.33803,0.0,0.0
2022-09-09 22:00:00,32.29,294.69916,996.6386,3.2690454,73.15322,0.0,0.0
2022-09-09 23:00:00,31.75,295.70667,997.65155,4.2284017,69.55345,0.0,0.0
2022-09-10 00:00:00,30.47,297.227,998.00726,4.5098376,61.584152,0.0012993813,0.0
2022-09-10 01:00:00,30.29,299.1208,997.872,4.2890196,52.15596,0.0,0.0
2022-09-10 02:00:00,30.1,301.06274,997.16187,4.540371,44.237823,0.0,0.0
2022-09-10 03:00:00,29.31,302.8379,996.1174,5.1840796,38.43817,0.0,0.0
2022-09-10 04:00:00,29.08,304.20996,994.632,5.984897,34.766136,0.0,0.0
2022-09-10 05:00:00,28.97,305.25363,993.59717,6.2887154,31.925467,0.0,0.0
2022-09-10 06:00:00,29.3,306.0476,992.8175,6.4482164,29.664555,0.0,0.0
2022-09-10 07:00:00,29.43,306.73315,991.9696,6.1074,27.425638,0.0,0.0
2022-09-10 08:00:00,28.66,306.63498,991.93445,6.0091233,27.604723,0.0,0.0
2022-09-10 09:00:00,27.28,306.1114,992.58234,5.6277266,28.205395,0.0,0.0
2022-09-10 10:00:00,25.09,305.11133,993.1775,4.213299,29.60499,0.0,0.0
2022-09-10 11:00:00,23.0,304.15036,993.762,3.9221928,31.090689,0.0,0.0
2022-09-10 12:00:00,22.5,303.0938,994.1094,4.2937055,33.037773,0.0,0.0
2022-09-10 13:00:00,22.38,302.01892,994.4397,4.617438,35.57124,0.0,0.0
2022-09-10 14:00:00,22.48,300.99048,994.575,4.7661066,38.883537,0.0,0.0
2022-09-10 15:00:00,22.43,300.07587,994.77466,4.7793303,42.60478,0.0,0.0
2022-09-10 16:00:00,21.68,299.22992,994.45685,4.6588564,46.181633,0.0,0.0
2022-09-10 17:00:00,20.71,298.4084,994.31647,4.349109,49.042084,0.0,0.0
2022-09-10 18:00:00,20.27,297.5611,994.0549,3.9804592,51.21768,0.0,0.0
2022-09-10 19:00:00,19.61,296.2688,994.5279,3.5735407,53.723263,0.0,0.0
2022-09-10 20:00:00,19.07,295.48633,994.4242,3.2028944,54.743076,0.0,0.0
2022-09-10 21:00:00,19.2,294.74792,994.8998,2.7366428,56.092476,0.0,0.0
2022-09-10 22:00:00,19.53,294.1101,995.67236,2.280117,57.843163,0.0,0.0
2022-09-10 23:00:00,19.18,295.77484,996.416,2.246755,50.79068,0.0,0.0
2022-09-11 00:00:00,19.04,297.99786,996.93335,2.356756,40.8554,0.0,0.0
2022-09-11 01:00:00,18.59,300.1416,997.1133,2.1042745,34.248035,0.0,0.0
2022-09-11 02:00:00,18.11,302.12918,996.4462,1.8811377,29.387474,0.0,0.0
2022-09-11 03:00:00,18.17,303.66626,995.7121,1.6372844,27.125717,0.0,0.0
2022-09-11 04:00:00,18.04,304.9803,994.3125,1.715168,24.498043,0.0,0.0
2022-09-11 05:00:00,17.72,306.1319,993.2204,2.1121995,22.15819,0.0,0.0
2022-09-11 06:00:00,17.55,306.9578,992.3778,2.5818174,20.494095,0.0,0.0
2022-09-11 07:00:00,17.06,307.44385,992.0912,2.9565012,20.27749,0.0,0.0
2022-09-11 08:00:00,16.34,307.3502,992.13403,3.171695,20.212517,0.0,0.0
2022-09-11 09:00:00,15.85,306.82727,992.66956,3.0675702,20.731964,0.0,0.0
2022-09-11 10:00:00,15.54,305.75146,993.41187,2.3882954,22.09888,0.0,0.0
2022-09-11 11:00:00,15.41,304.62915,994.1309,2.5160804,23.587332,0.0,0.0
2022-09-11 12:00:00,15.0,303.3714,994.7586,2.740691,25.28224,0.0,0.0
2022-09-11 13:00:00,14.82,302.06836,995.15576,2.9204998,27.022505,0.0,0.0
2022-09-11 14:00:00,14.57,300.9022,995.1842,3.0646293,28.492483,0.0,0.0
2022-09-11 15:00:00,14.56,299.85492,995.1072,3.0570788,29.76513,0.0,0.0
2022-09-11 16:00:00,14.08,298.81128,994.79315,2.9245145,31.246012,0.0,0.0
2022-09-11 17:00:00,14.73,297.76877,994.4026,3.1367085,33.14613,0.0,0.0
2022-09-11 18:00:00,16.0,296.80994,994.257,3.6132417,35.99714,0.0,0.0
2022-09-11 19:00:00,16.65,295.3067,994.5884,4.1437955,48.649635,0.0,0.0
2022-09-11 20:00:00,16.78,294.43716,995.008,3.5170505,57.45979,0.0,0.0
2022-09-11 21:00:00,16.77,293.69647,995.43823,3.060699,65.29782,0.0,0.0
2022-09-11 22:00:00,16.95,293.2057,996.382,2.6454723,71.16715,0.0,0.0
2022-09-11 23:00:00,17.0,295.01334,997.34,2.5819514,66.795044,0.0,0.0
2022-09-12 00:00:00,16.92,297.5468,997.7477,2.3255029,57.27604,0.0,0.0
2022-09-12 01:00:00,17.05,300.13977,997.6889,1.6775072,45.39354,0.0,0.0
2022-09-12 02:00:00,17.31,302.7533,997.1323,1.2238895,34.0152,0.0,0.0
2022-09-12 03:00:00,17.79,305.0539,996.2464,1.1692959,25.393856,0.0,0.0
2022-09-12 04:00:00,18.15,306.50793,995.0648,0.8691449,21.399315,0.0,0.0
2022-09-12 05:00:00,18.5,307.46198,993.8187,0.7789354,19.612597,0.0,0.0
2022-09-12 06:00:00,18.59,308.08133,992.9952,0.8886727,18.914316,0.0,0.0
2022-09-12 07:00:00,18.21,308.64847,992.4679,0.51978457,17.892864,0.0,0.0
2022-09-12 08:00:00,17.52,308.54724,992.738,0.40293404,17.789465,0.0,0.0
2022-09-12 09:00:00,17.34,308.12384,993.02966,0.54043996,18.088772,0.0,0.0
2022-09-12 10:00:00,17.91,307.4691,993.9489,1.6428632,18.946562,0.0,0.0
2022-09-12 11:00:00,18.55,306.29538,994.5159,2.6446297,20.581583,0.0,0.0
2022-09-12 12:00:00,18.97,305.07715,995.33966,3.4057317,21.939047,0.0,0.0
2022-09-12 13:00:00,19.41,303.97296,995.5616,3.9480202,22.852247,0.0,0.0
2022-09-12 14:00:00,19.34,303.0195,995.5925,4.1492496,23.442883,0.0,0.0
2022-09-12 15:00:00,19.67,302.13275,995.57227,4.0557513,23.93331,0.0,0.0
2022-09-12 16:00:00,19.6,301.279,995.22675,3.585661,24.536531,0.0,0.0
2022-09-12 17:00:00,19.49,300.35754,995.1158,2.858007,25.611935,0.0,0.0
2022-09-12 18:00:00,19.67,299.0622,994.9854,1.9847487,28.829803,0.0,0.0
2022-09-12 19:00:00,19.25,297.66553,995.54565,2.2952437,32.57184,0.0,0.0
2022-09-12 20:00:00,19.15,297.00085,995.93225,3.5142756,34.537663,0.0,0.0
2022-09-12 21:00:00,19.0,296.4745,996.47815,3.3629434,38.941074,0.0,0.0
2022-09-12 22:00:00,18.87,296.03806,997.78076,3.1475163,43.460537,0.0,0.0
2022-09-12 23:00:00,18.62,297.60083,998.7989,2.8634791,41.127975,0.0,0.0
2022-09-13 00:00:00,17.6,300.22073,999.4306,2.9449449,32.17212,0.0,0.0
2022-09-13 01:00:00,17.5,302.78094,999.31647,2.7991855,23.951664,0.0,0.0
2022-09-13 02:00:00,17.33,305.2151,998.6616,2.662949,18.699816,0.0,0.0
2022-09-13 03:00:00,17.09,307.4926,997.6623,2.421087,15.358189,0.0,0.0
2022-09-13 04:00:00,16.69,308.84174,996.2458,1.744856,14.491669,0.0,0.0
2022-09-13 05:00:00,16.65,309.62122,995.21173,1.1165966,14.370229,0.0,0.0
2022-09-13 06:00:00,16.76,310.06754,994.3108,0.663588,14.091802,0.0,0.0
2022-09-13 07:00:00,16.69,310.47528,993.7985,0.37112132,13.26362,0.0,0.0
2022-09-13 08:00:00,16.52,310.2958,993.9927,0.74508584,13.350108,0.0,0.0
2022-09-13 09:00:00,16.79,309.9095,994.27234,1.3433427,13.582743,0.0,0.0
2022-09-13 10:00:00,17.62,308.8769,995.1591,2.6748672,14.31787,0.0,0.0
2022-09-13 11:00:00,18.75,307.3863,995.3205,3.8294957,15.297161,0.0,0.0
2022-09-13 12:00:00,19.29,306.17157,995.9414,4.590676,16.138035,0.0,0.0
2022-09-13 13:00:00,19.86,305.0682,995.9303,4.7837677,17.50018,0.0,0.0
2022-09-13 14:00:00,20.28,304.09546,995.8883,4.68241,19.458775,0.0,0.0
2022-09-13 15:00:00,20.95,303.15634,996.0538,4.01617,21.719759,0.0,0.0
2022-09-13 16:00:00,21.36,302.19278,996.2815,3.4638135,24.521603,0.0,0.0
2022-09-13 17:00:00,21.72,301.3241,996.8933,1.3448505,28.133821,0.0,0.0
2022-09-13 18:00:00,22.77,300.42163,997.1763,1.1351844,30.546116,0.0,0.0
2022-09-13 19:00:00,22.66,299.40274,997.0836,1.2620617,33.729733,0.0,0.0
2022-09-13 20:00:00,22.37,297.38754,997.5408,1.8009135,39.223534,0.0,0.0
2022-09-13 21:00:00,21.71,297.56396,997.8527,1.1959625,38.504906,0.0,0.0
2022-09-13 22:00:00,21.03,296.53503,998.56305,1.4841044,42.214222,0.0,0.0
2022-09-13 23:00:00,20.95,298.67938,999.1163,1.1246072,39.596348,0.0,0.0
2022-09-14 00:00:00,21.21,302.56482,999.55194,1.2846829,27.227333,0.0017285346,0.0
2022-09-14 01:00:00,21.2,304.56824,999.6822,1.8713262,22.434755,0.0,0.0
2022-09-14 02:00:00,20.94,306.53766,999.10187,2.675435,18.806417,0.0,0.0
2022-09-14 03:00:00,20.24,308.26578,998.33685,3.3390741,16.259256,0.0,0.0
2022-09-14 04:00:00,19.8,309.47733,996.7575,3.7217023,14.995395,0.0,0.0
2022-09-14 05:00:00,19.86,310.19495,995.80615,3.582933,14.520282,0.0,0.0
2022-09-14 06:00:00,19.95,310.45312,994.7838,3.085683,14.402638,0.0,0.0
2022-09-14 07:00:00,19.9,310.5226,994.2664,1.7715778,14.581058,0.0,0.0
2022-09-14 08:00:00,19.82,310.24756,994.22296,1.5454984,14.887805,0.0,0.0
2022-09-14 09:00:00,19.82,309.76025,994.4925,1.5731729,15.306558,0.0,0.0
2022-09-14 10:00:00,20.18,308.74722,994.954,2.020245,16.48024,0.0,0.0
2022-09-14 11:00:00,20.44,307.45044,995.4361,2.8459666,18.120613,0.0,0.0
2022-09-14 12:00:00,21.04,306.14557,995.9217,3.4823017,19.713255,0.0,0.0
2022-09-14 13:00:00,21.6,305.05713,995.8523,3.9596741,20.98953,0.0,0.0
2022-09-14 14:00:00,22.07,304.11462,995.8038,4.189996,22.15187,0.0,0.0
2022-09-14 15:00:00,21.87,303.1998,996.03125,4.4937906,23.29482,0.0,0.0
2022-09-14 16:00:00,21.14,302.3056,995.8212,4.944451,24.16679,0.0,0.0
2022-09-14 17:00:00,20.5,301.46686,995.465,5.003894,25.055986,0.0,0.0
2022-09-14 18:00:00,19.92,300.60815,995.3152,4.8538756,26.236698,0.0,0.0
2022-09-14 19:00:00,19.48,299.68665,995.8591,5.102175,28.079437,0.0,0.0
2022-09-14 20:00:00,19.65,298.97125,995.78674,5.0015244,28.658426,0.0,0.0
2022-09-14 21:00:00,19.62,298.30206,996.6298,4.7882276,28.80069,0.0,0.0
2022-09-14 22:00:00,19.18,297.78442,997.46436,4.4357862,28.667814,0.0,0.0
2022-09-14 23:00:00,18.71,299.16275,998.4473,4.7063746,25.363945,0.0,0.0
2022-09-15 00:00:00,19.15,301.14478,998.95593,5.5885243,21.764763,0.0,0.0
2022-09-15 01:00:00,19.35,303.40466,998.8895,5.501467,18.827011,0.0,0.0
2022-09-15 02:00:00,19.67,305.54733,998.1067,5.349075,16.825924,0.0,0.0
2022-09-15 03:00:00,19.8,307.25308,997.0359,4.928543,15.627956,0.0,0.0
2022-09-15 04:00:00,19.76,308.51657,995.72516,4.552567,14.641176,0.0,0.0
2022-09-15 05:00:00,19.52,309.38538,994.3067,4.5253534,13.824563,0.0,0.0
2022-09-15 06:00:00,18.85,309.84454,993.52893,4.502427,13.373831,0.0,0.0
2022-09-15 07:00:00,18.18,309.982,992.85986,4.094973,13.104844,0.0,0.0
2022-09-15 08:00:00,17.55,309.63193,992.7136,4.1128473,13.135704,0.0,0.0
2022-09-15 09:00:00,16.96,308.87265,993.29016,4.3071494,13.222262,0.0,0.0
2022-09-15 10:00:00,17.13,307.20343,993.59827,4.077439,13.988752,0.0,0.0
2022-09-15 11:00:00,17.24,305.77924,994.15704,4.764728,14.428027,0.0,0.0
2022-09-15 12:00:00,17.51,304.56732,994.77783,5.0901527,14.728916,0.0,0.0
2022-09-15 13:00:00,17.5,303.46378,994.91766,5.4462767,15.033044,0.0,0.0
2022-09-15 14:00:00,17.0,302.43387,994.8628,5.672156,15.296102,0.0,0.0
2022-09-15 15:00:00,16.66,301.47815,994.9621,5.4536843,15.432241,0.0,0.0
2022-09-15 16:00:00,16.14,300.52972,994.4417,5.496565,15.320489,0.0,0.0
2022-09-15 17:00:00,16.03,299.60202,994.0167,5.335194,14.774893,0.0,0.0
2022-09-15 18:00:00,15.81,298.69235,993.5525,4.943679,13.889935,0.0,0.0
2022-09-15 19:00:00,15.24,297.31976,993.6106,4.4704976,15.127465,0.0,0.0
2022-09-15 20:00:00,14.66,296.4781,993.78094,4.218549,14.164579,0.0,0.0
2022-09-15 21:00:00,14.39,295.74484,994.34705,3.9554915,13.37568,0.0,0.0
2022-09-15 22:00:00,14.45,295.24847,995.3791,3.3788774,13.013993,0.0,0.0
2022-09-15 23:00:00,13.96,297.02402,996.38495,3.1966863,11.18966,0.0,0.0
2022-09-16 00:00:00,14.44,299.46387,997.21185,3.7334917,9.474951,0.0,0.0
2022-09-16 01:00:00,14.75,301.9774,997.365,3.5693262,8.369668,0.0,0.0
2022-09-16 02:00:00,15.14,304.44983,996.7509,3.3589509,7.624978,0.0,0.0
2022-09-16 03:00:00,15.54,306.35898,995.75305,2.9771028,7.6058574,0.0,0.0
2022-09-16 04:00:00,15.44,307.70056,994.64667,2.6856804,7.975438,0.0,0.0
2022-09-16 05:00:00,15.76,308.71014,993.54193,2.970204,8.238792,0.0,0.0
2022-09-16 06:00:00,15.94,309.36218,992.8894,3.3995512,8.377717,0.0,0.0
2022-09-16 07:00:00,15.46,309.66293,992.2166,2.9511096,8.990781,0.0,0.0
2022-09-16 08:00:00,15.23,309.463,992.26,3.4806044,9.039148,0.0,0.0
2022-09-16 09:00:00,14.74,308.73807,992.7595,3.819414,9.004324,0.0,0.0
2022-09-16 10:00:00,14.31,307.0127,993.0921,3.6438353,9.526091,0.0,0.0
2022-09-16 11:00:00,13.92,305.50345,993.9925,4.181794,9.893021,0.0,0.0
2022-09-16 12:00:00,13.67,304.13477,994.6105,4.648883,10.25756,0.0,0.0
2022-09-16 13:00:00,12.74,302.9204,994.9528,4.8429875,10.654438,0.0,0.0
2022-09-16 14:00:00,12.2,301.73987,995.1526,4.939758,10.935068,0.0,0.0
2022-09-16 15:00:00,11.77,300.65735,994.90094,5.2610064,10.759577,0.0,0.0
2022-09-16 16:00:00,11.16,299.7083,994.8268,5.4668393,10.263586,0.0,0.0
2022-09-16 17:00:00,11.28,298.8496,994.6192,5.5058093,10.001453,0.0,0.0
2022-09-16 18:00:00,11.41,298.08038,994.45984,5.397069,10.1524105,0.0,0.0
2022-09-16 19:00:00,11.89,296.5268,994.66907,4.8641644,11.148403,0.0,0.0
2022-09-16 20:00:00,12.48,295.69684,994.8212,4.2771564,11.828258,0.0,0.0
2022-09-16 21:00:00,12.79,294.94318,995.53925,3.7788515,12.652908,0.0,0.0
2022-09-16 22:00:00,12.25,294.4203,996.1763,3.358678,13.517464,0.0,0.0
2022-09-16 23:00:00,12.1,296.4831,996.9878,3.339526,12.206599,0.0,0.0
2022-09-17 00:00:00,12.77,299.26343,997.79126,4.5311112,10.467965,0.003017375,0.0
2022-09-17 01:00:00,12.76,301.98724,997.75757,5.0789437,8.968664,0.0,0.0
2022-09-17 02:00:00,13.08,304.56116,996.90686,5.178905,7.6531553,0.0,0.0
2022-09-17 03:00:00,13.52,306.57672,996.0609,4.6280217,6.888365,0.0,0.0
2022-09-17 04:00:00,13.67,307.89575,994.66077,3.5369356,6.805829,0.0,0.0
2022-09-17 05:00:00,13.98,308.76984,993.59296,2.5678062,6.9682317,0.0,0.0
2022-09-17 06:00:00,14.36,309.28168,992.9772,1.8446939,7.215015,0.0,0.0
2022-09-17 07:00:00,14.11,309.68793,992.22815,0.5825556,8.313868,0.0,0.0
2022-09-17 08:00:00,14.27,309.5793,992.3851,0.5769657,8.7156315,0.0,0.0
2022-09-17 09:00:00,14.46,309.26944,993.0061,1.290135,8.973298,0.0,0.0
2022-09-17 10:00:00,14.25,308.01694,993.38763,2.4728441,9.733896,0.0,0.0
2022-09-17 11:00:00,14.23,306.26392,994.0839,3.153185,10.66574,0.0,0.0
2022-09-17 12:00:00,14.52,304.77148,994.3761,3.6617959,11.228507,0.0,0.0
2022-09-17 13:00:00,14.51,303.49625,994.4169,3.9026554,11.494522,0.0,0.0
2022-09-17 14:00:00,14.53,302.3398,994.53674,3.956208,11.549971,0.0,0.0
2022-09-17 15:00:00,14.39,301.20804,994.1781,3.6910024,11.532874,0.0,0.0
2022-09-17 16:00:00,13.72,300.00732,993.928,3.0953302,11.774503,0.0,0.0
2022-09-17 17:00:00,13.38,298.5474,993.6806,2.3832734,13.012128,0.0,0.0
2022-09-17 18:00:00,13.21,297.19275,993.49866,1.7315246,16.02398,0.0,0.0
2022-09-17 19:00:00,12.73,295.72238,993.79236,2.1348405,14.429455,0.0,0.0
2022-09-17 20:00:00,12.54,295.3275,993.9076,1.2035489,15.696174,0.0,0.0
2022-09-17 21:00:00,12.47,295.5896,994.6062,0.72362334,13.627346,0.0,0.0
2022-09-17 22:00:00,12.44,294.34265,995.0822,0.9592518,16.512299,0.0,0.0
2022-09-17 23:00:00,12.66,295.6742,995.91034,1.0926023,16.778093,0.0,0.0
2022-09-18 00:00:00,12.67,299.87415,996.2372,0.9855028,10.375418,0.0017279243,0.0
2022-09-18 01:00:00,12.93,303.4712,996.1825,0.49811888,8.136435,0.0,0.0
2022-09-18 02:00:00,13.18,306.71936,995.5682,0.38906056,6.501113,0.0,0.0
2022-09-18 03:00:00,13.32,309.1071,994.61523,0.82367754,5.983793,0.0,0.0
2022-09-18 04:00:00,13.77,310.49542,993.6289,1.8135055,6.7558446,0.0,0.0
2022-09-18 05:00:00,14.16,311.3095,992.5455,2.4167187,7.2931304,0.0,0.0
2022-09-18 06:00:00,13.91,311.73944,992.1155,2.8124068,7.581631,0.0,0.0
2022-09-18 07:00:00,13.47,312.0135,991.07947,2.4619777,7.9850845,0.0,0.0
2022-09-18 08:00:00,13.52,311.71722,991.28625,2.6692922,8.177794,0.0,0.0
2022-09-18 09:00:00,13.97,311.0303,991.5341,2.740389,8.605702,0.0,0.0
2022-09-18 10:00:00,14.04,309.38312,992.1058,2.8217068,9.813304,0.0,0.0
2022-09-18 11:00:00,14.24,307.66687,992.7753,3.142058,11.239452,0.0,0.0
2022-09-18 12:00:00,14.33,306.0492,993.03656,3.4220676,12.7601595,0.0,0.0
2022-09-18 13:00:00,14.32,304.66522,993.31,3.705703,14.210415,0.0,0.0
2022-09-18 14:00:00,14.56,303.42712,993.1741,3.9974504,15.5981455,0.0,0.0
2022-09-18 15:00:00,15.12,302.37036,993.1395,5.2198734,17.015728,0.0,0.0
2022-09-18 16:00:00,14.92,301.3947,992.8822,6.2467504,19.789448,0.0,0.0
2022-09-18 17:00:00,14.47,300.66547,992.60736,5.314729,21.644983,0.0,0.0
2022-09-18 18:00:00,14.11,299.75635,992.68414,3.9303699,22.449104,0.0,0.0
2022-09-18 19:00:00,13.71,298.04062,993.07947,3.4129834,24.700552,0.0,0.0
2022-09-18 20:00:00,13.75,296.96796,993.4473,3.0342214,26.305979,0.0,0.0
2022-09-18 21:00:00,14.02,295.95428,994.2573,2.5760858,28.50105,0.0,0.0
2022-09-18 22:00:00,14.24,295.28366,995.1716,2.4720118,30.677462,0.0,0.0
2022-09-18 23:00:00,14.41,297.9092,995.95135,2.3869915,26.055496,0.0,0.0
2022-09-19 00:00:00,14.73,301.47983,996.39734,3.283773,18.343466,0.0,0.0
2022-09-19 01:00:00,14.8,304.2455,996.28876,3.8669279,14.019449,0.0,0.0
2022-09-19 02:00:00,15.33,306.77765,995.5619,4.4583836,11.289301,0.0,0.0
2022-09-19 03:00:00,15.58,308.8155,994.71924,4.9906316,10.2377825,0.0,0.0
2022-09-19 04:00:00,15.94,310.0253,993.2452,5.4203687,11.138334,0.0,0.0
2022-09-19 05:00:00,16.33,310.68414,992.1863,5.476071,11.562922,0.0,0.0
2022-09-19 06:00:00,16.35,310.9541,991.45667,5.5249405,11.782042,0.0,0.0
2022-09-19 07:00:00,16.53,311.0111,990.775,4.9365354,12.017367,0.0,0.0
2022-09-19 08:00:00,16.72,310.58676,990.98206,4.9812818,12.388471,0.0,0.0
2022-09-19 09:00:00,16.7,309.74353,991.40155,4.80497,13.073878,0.0,0.0
2022-09-19 10:00:00,16.35,308.04077,992.04376,3.547261,14.604743,0.0,0.0
2022-09-19 11:00:00,16.9,306.6255,992.8222,3.2799723,16.131207,0.0,0.0
2022-09-19 12:00:00,18.69,305.3074,993.42834,3.3909793,17.917831,0.0,0.0
2022-09-19 13:00:00,20.18,304.1918,993.8791,4.459657,20.257921,0.0,0.0
2022-09-19 14:00:00,19.99,303.49026,994.0759,6.417469,22.391392,0.0,0.0
2022-09-19 15:00:00,19.89,302.65228,994.03564,6.5705686,22.327202,0.0,0.0
2022-09-19 16:00:00,19.58,301.6004,993.9256,5.681242,22.668665,0.0,0.0
2022-09-19 17:00:00,19.62,300.5723,993.77686,4.9797683,23.57439,0.0,0.0
2022-09-19 18:00:00,18.98,299.62555,993.8764,4.146572,24.171762,0.0,0.0
2022-09-19 19:00:00,18.61,298.27637,994.2288,3.042021,25.762663,0.0,0.0
2022-09-19 20:00:00,18.92,297.31345,994.6214,2.7397914,26.7837,0.0,0.0
2022-09-19 21:00:00,18.52,296.48822,995.48596,2.6332116,27.738962,0.0,0.0
2022-09-19 22:00:00,17.94,295.9265,996.34985,2.5306232,28.352663,0.0,0.0
2022-09-19 23:00:00,17.52,298.534,997.30164,2.761838,22.885006,0.0,0.0
2022-09-20 00:00:00,18.1,301.0841,997.9953,5.4007273,18.644224,0.0030015134,0.0
2022-09-20 01:00:00,17.69,302.3788,998.16376,6.1511326,19.877108,0.0,0.0
2022-09-20 02:00:00,17.53,304.1665,997.46906,5.7580442,18.404978,0.0,0.0
2022-09-20 03:00:00,16.96,305.99982,996.51587,5.391166,16.389277,0.0,0.0
2022-09-20 04:00:00,16.83,307.42572,995.22076,5.2517757,15.038332,0.0,0.0
2022-09-20 05:00:00,16.23,308.39325,994.4439,5.268699,14.404667,0.0,0.0
2022-09-20 06:00:00,15.74,308.85992,993.65515,5.280079,14.101084,0.0,0.0
2022-09-20 07:00:00,15.35,309.04034,993.2244,5.1776605,13.979724,0.0,0.0
2022-09-20 08:00:00,14.81,308.59308,993.2075,4.884408,14.1732,0.0,0.0
2022-09-20 09:00:00,14.56,307.75793,993.76953,4.4905553,14.505638,0.0,0.0
2022-09-20 10:00:00,14.8,306.22607,994.7128,3.5208378,15.495384,0.0,0.0
2022-09-20 11:00:00,14.97,304.88214,995.5266,3.5633538,16.30084,0.0,0.0
2022-09-20 12:00:00,15.3,303.64526,995.9114,3.8771172,16.914217,0.0,0.0
2022-09-20 13:00:00,15.46,302.5655,996.0178,4.2683115,17.270592,0.0,0.0
2022-09-20 14:00:00,16.08,301.6146,995.71094,4.5972633,17.438656,0.0,0.0
2022-09-20 15:00:00,17.65,300.76068,995.57874,4.7849503,17.502825,0.0,0.0
2022-09-20 16:00:00,19.29,299.94043,995.03125,5.0111628,17.505322,0.0,0.0
2022-09-20 17:00:00,20.19,299.16635,994.9994,5.046633,17.474913,0.0,0.0
2022-09-20 18:00:00,20.44,298.43146,994.9506,4.6862593,17.504393,0.0,0.0
2022-09-20 19:00:00,19.98,297.12006,995.36694,3.6398494,19.499992,0.0,0.0
2022-09-20 20:00:00,19.91,296.40704,995.52014,3.690491,19.670082,0.0,0.0
2022-09-20 21:00:00,19.83,295.82623,995.9832,3.704446,19.753004,0.0,0.0
2022-09-20 22:00:00,18.86,295.54596,996.798,3.6209145,19.663254,0.0,0.0
2022-09-20 23:00:00,17.59,297.6623,997.34265,4.124722,16.955797,0.0,0.0
2022-09-21 00:00:00,18.33,300.40906,998.0112,5.0184336,14.583302,0.0,0.0
2022-09-21 01:00:00,18.78,303.46393,997.7484,4.834116,12.722031,0.0,0.0
2022-09-21 02:00:00,19.61,306.4536,996.78076,4.5477324,11.383453,0.0,0.0
2022-09-21 03:00:00,19.92,308.69235,995.74634,3.9298165,11.011863,0.0,0.0
2022-09-21 04:00:00,19.84,310.11118,994.26794,3.3004203,10.910994,0.0,0.0
2022-09-21 05:00:00,20.15,311.03677,993.22516,2.8523743,11.038001,0.0,0.0
2022-09-21 06:00:00,20.24,311.51938,992.2781,2.5626397,11.330763,0.0,0.0
2022-09-21 07:00:00,20.06,311.96008,991.7229,2.219821,11.8870125,0.0,0.0
2022-09-21 08:00:00,20.14,311.79517,991.72595,2.1886904,12.049936,0.0,0.0
2022-09-21 09:00:00,20.44,311.33032,992.04584,2.368775,12.341997,0.0,0.0
2022-09-21 10:00:00,20.62,309.7633,992.8055,2.9099898,13.568854,0.0,0.0
2022-09-21 11:00:00,21.26,308.14893,993.7315,3.6506488,14.779961,0.0,0.0
2022-09-21 12:00:00,21.44,306.7846,994.15765,4.364822,15.705594,0.0,0.0
2022-09-21 13:00:00,20.94,305.6392,994.2678,4.666344,16.4322,0.0,0.0
2022-09-21 14:00:00,20.82,304.60876,994.54767,4.9232016,17.02551,0.0,0.0
2022-09-21 15:00:00,20.32,303.64453,994.28284,5.1485415,17.469795,0.0,0.0
2022-09-21 16:00:00,19.93,302.71982,994.2321,4.9168634,17.950375,0.0,0.0
2022-09-21 17:00:00,19.75,301.85117,994.0098,4.5697236,18.465124,0.0,0.0
2022-09-21 18:00:00,19.66,301.00476,993.6994,4.304294,19.03294,0.0,0.0
2022-09-21 19:00:00,19.45,299.92896,994.1959,3.791928,20.168324,0.0,0.0
2022-09-21 20:00:00,19.27,298.9328,994.512,2.4442277,21.564182,0.0,0.0
2022-09-21 21:00:00,19.27,297.99774,995.7381,2.1420739,23.631918,0.0,0.0
2022-09-21 22:00:00,18.64,297.31314,996.48694,2.0670013,25.219301,0.0,0.0
2022-09-21 23:00:00,18.66,299.79047,997.1106,1.7322263,21.640604,0.0,0.0
2022-09-22 00:00:00,19.12,303.7907,997.15784,3.401692,15.483009,0.0,0.0
2022-09-22 01:00:00,19.48,306.5174,997.14795,4.462223,14.722649,0.0,0.0
2022-09-22 02:00:00,19.91,308.95093,996.0161,4.7939663,15.600033,0.0,0.0
2022-09-22 03:00:00,20.44,311.0478,994.8497,5.322516,14.760629,0.0,0.0
2022-09-22 04:00:00,20.87,312.25195,993.4483,4.847223,13.239161,0.0,0.0
2022-09-22 05:00:00,20.95,312.86023,992.19385,3.856314,12.851598,0.0,0.0
2022-09-22 06:00:00,20.77,313.16208,991.42596,3.056116,12.47904,0.0,0.0
2022-09-22 07:00:00,20.43,313.35583,990.95593,2.3920577,12.2851515,0.0,0.0
2022-09-22 08:00:00,20.3,313.12735,990.7139,2.358272,12.439113,0.0,0.0
2022-09-22 09:00:00,20.67,312.6653,991.08203,2.486961,12.787382,0.0,0.0
2022-09-22 10:00:00,21.01,310.98914,991.5625,3.3116248,14.089839,0.0,0.0
2022-09-22 11:00:00,21.54,309.4038,991.8892,4.0876656,15.166369,0.0,0.0
2022-09-22 12:00:00,21.62,308.0986,992.6247,4.436146,15.897544,0.0,0.0
2022-09-22 13:00:00,21.87,307.09344,992.8292,4.5218725,16.350533,0.0,0.0
2022-09-22 14:00:00,22.09,306.05148,993.1814,4.4734535,17.077837,0.0,0.0
2022-09-22 15:00:00,21.93,305.38382,993.1992,4.623072,17.737038,0.0,0.0
2022-09-22 16:00:00,21.93,304.53342,992.83936,4.6572165,18.755432,0.0,0.0
2022-09-22 17:00:00,22.23,303.85822,992.6516,3.9510171,19.721354,0.0,0.0
2022-09-22 18:00:00,22.2,303.4209,992.41046,4.009146,20.704077,0.0,0.0
2022-09-22 19:00:00,22.17,301.3841,992.73975,3.480459,22.048199,0.0,0.0
2022-09-22 20:00:00,21.6,300.2168,993.1906,2.2552617,24.203337,0.0,0.0
2022-09-22 21:00:00,21.11,299.16748,994.0679,1.972367,27.07898,0.0,0.0
2022-09-22 22:00:00,20.83,298.41165,994.76385,2.511705,30.322002,0.0,0.0
2022-09-22 23:00:00,21.18,300.63184,995.61,2.5400157,29.838202,0.0,0.0
2022-09-23 00:00:00,20.83,303.77625,995.9749,2.8518333,25.643993,0.0017132877,0.0
2022-09-23 01:00:00,21.31,306.54922,995.9324,2.5167618,19.414316,0.0,0.0
2022-09-23 02:00:00,22.41,308.67737,995.0703,1.8826084,15.825319,0.0,0.0
2022-09-23 03:00:00,22.51,310.6508,994.0321,2.2453516,13.76418,0.0,0.0
2022-09-23 04:00:00,22.62,312.2394,992.60205,3.072203,12.810964,0.0,0.0
2022-09-23 05:00:00,22.56,312.94818,991.4074,2.7410269,13.139709,0.0,0.0
2022-09-23 06:00:00,22.42,313.17773,990.5828,2.0341282,13.030791,0.0,0.0
2022-09-23 07:00:00,22.05,313.33478,990.0609,2.0689876,12.524003,0.0,0.0
2022-09-23 08:00:00,21.78,313.1452,989.7595,2.1812165,12.440709,0.0,0.0
2022-09-23 09:00:00,21.26,312.68597,990.1347,2.0680964,12.555454,0.0,0.0
2022-09-23 10:00:00,20.86,311.563,990.66626,1.9257288,13.319787,0.0,0.0
2022-09-23 11:00:00,20.58,310.04626,991.2752,2.48363,14.311102,0.0,0.0
2022-09-23 12:00:00,20.3,308.37845,991.88776,2.8165386,15.327217,0.0,0.0
2022-09-23 13:00:00,20.24,306.93158,991.9585,2.9847317,16.143661,0.0,0.0
2022-09-23 14:00:00,20.42,305.65695,992.2722,3.0012643,16.97947,0.0,0.0
2022-09-23 15:00:00,20.65,304.85065,992.0167,3.1266384,17.517954,0.0,0.0
2022-09-23 16:00:00,20.91,304.21658,991.4592,3.4969902,17.973034,0.0,0.0
2022-09-23 17:00:00,22.21,303.28296,991.1316,2.1639216,19.851353,0.0,0.0
2022-09-23 18:00:00,22.65,302.33392,990.97925,1.632281,21.40353,0.0,0.0
2022-09-23 19:00:00,22.59,300.64142,991.3142,4.0261936,31.820572,0.0,0.0
2022-09-23 20:00:00,22.82,299.1503,991.31445,3.8288555,48.1714,0.0,0.0
2022-09-23 21:00:00,22.91,298.13174,991.8644,3.4989448,59.938942,0.0,0.0
2022-09-23 22:00:00,23.04,297.66245,992.4027,3.0419805,64.56032,0.0,0.0
2022-09-23 23:00:00,23.06,299.63474,993.25275,2.8743582,57.82054,0.0,0.0
2022-09-24 00:00:00,22.15,302.71637,993.5403,2.3895338,44.6492,0.0017166131,0.0
2022-09-24 01:00:00,22.36,305.39877,993.5435,1.0126508,30.176989,0.0,0.0
2022-09-24 02:00:00,23.42,307.39215,992.97034,0.836752,23.997766,0.0,0.0
2022-09-24 03:00:00,24.63,309.43747,992.0075,1.9261073,20.767826,0.0,0.0
2022-09-24 04:00:00,25.91,311.2388,990.6498,2.8017373,18.966957,0.0,0.0
2022-09-24 05:00:00,26.57,312.62482,989.7286,3.7015858,17.498865,0.0,0.0
2022-09-24 06:00:00,27.28,313.06445,989.2628,3.305946,15.293323,0.0,0.0
2022-09-24 07:00:00,27.15,312.86053,988.70154,2.6981657,15.01918,0.0,0.0
2022-09-24 08:00:00,26.79,312.56488,988.6803,1.8654993,14.9186535,0.0,0.0
2022-09-24 09:00:00,26.46,312.02512,988.89795,0.84035516,15.30541,0.0,0.0
2022-09-24 10:00:00,26.26,311.4249,989.54297,0.9613754,16.011234,0.0,0.0
2022-09-24 11:00:00,26.21,310.57568,990.21655,2.051509,16.967756,0.0,0.0
2022-09-24 12:00:00,26.25,309.5225,990.4186,2.348657,18.051249,0.0,0.0
2022-09-24 13:00:00,26.96,308.37292,990.6209,2.647963,19.243843,0.0,0.0
2022-09-24 14:00:00,28.16,306.98053,990.491,2.1759176,21.461872,0.0,0.0
2022-09-24 15:00:00,29.51,305.71307,990.34924,1.3921553,23.786201,0.0,0.0
2022-09-24 16:00:00,31.81,304.52112,990.1011,3.914824,26.485449,0.0,0.0
2022-09-24 17:00:00,33.37,302.80048,990.2341,4.6424756,38.8395,0.0,0.0
2022-09-24 18:00:00,33.01,301.87097,990.2097,3.7947085,47.94289,0.0,0.0
2022-09-24 19:00:00,32.0,300.3908,990.5628,4.3007317,55.288578,0.0,0.0
2022-09-24 20:00:00,31.38,300.0362,990.81,3.950497,54.963406,0.0,0.0
2022-09-24 21:00:00,29.99,299.7221,991.62604,3.7368133,55.561848,0.0,0.0
2022-09-24 22:00:00,29.12,299.5134,992.3084,3.4559953,56.928635,0.0,0.0
2022-09-24 23:00:00,28.44,301.14233,993.27826,4.4909983,52.167736,0.0,0.0
2022-09-25 00:00:00,28.71,303.45605,993.6153,4.6780553,42.08404,0.001698299,0.0
2022-09-25 01:00:00,28.6,305.65594,993.52405,4.030583,32.34147,0.0,0.0
2022-09-25 02:00:00,28.4,307.28467,992.79065,3.4793096,26.449305,0.0,0.0
2022-09-25 03:00:00,28.04,309.12817,991.92615,3.2088044,21.691107,0.0,0.0
2022-09-25 04:00:00,28.03,310.37494,990.83154,3.0010278,18.732388,0.0,0.0
2022-09-25 05:00:00,27.15,311.50104,989.71423,2.837777,15.947596,0.0,0.0
2022-09-25 06:00:00,26.51,312.03052,989.11523,2.3906345,14.490975,0.0,0.0
2022-09-25 07:00:00,26.37,312.77423,988.5097,1.4620647,13.40008,0.0,0.0
2022-09-25 08:00:00,26.51,312.65637,988.3989,1.5846126,13.236475,0.0,0.0
2022-09-25 09:00:00,26.24,312.29877,988.91455,1.4357588,13.217275,0.0,0.0
2022-09-25 10:00:00,25.6,311.41626,989.04565,0.9934038,13.941606,0.0,0.0
2022-09-25 11:00:00,24.66,310.30847,989.8791,1.5871692,15.158992,0.0,0.0
2022-09-25 12:00:00,23.46,308.5261,990.365,2.348479,17.253874,0.0,0.0
2022-09-25 13:00:00,22.65,306.69955,990.7075,2.680945,19.45761,0.0,0.0
2022-09-25 14:00:00,22.36,305.47235,990.87555,3.482159,20.75509,0.0,0.0
2022-09-25 15:00:00,22.86,304.58984,990.8331,5.403554,25.617615,0.0,0.0
2022-09-25 16:00:00,23.45,303.88892,990.33093,5.8830166,33.98291,0.0,0.0
2022-09-25 17:00:00,23.8,303.2389,989.8883,5.269452,36.04472,0.0,0.0
2022-09-25 18:00:00,23.81,302.6528,989.4241,5.0430036,34.324844,0.0,0.0
2022-09-25 19:00:00,23.46,301.86792,989.8066,4.17352,25.361082,0.0,0.0
2022-09-25 20:00:00,23.47,301.0418,989.9533,3.7663045,24.071457,0.0,0.0
2022-09-25 21:00:00,23.07,300.26898,990.82306,3.5742338,24.354506,0.0,0.0
2022-09-25 22:00:00,22.28,299.8189,991.3894,3.306547,25.170696,0.0,0.0
2022-09-25 23:00:00,22.19,301.82556,992.2785,3.4458902,23.014296,0.0,0.0
2022-09-26 00:00:00,23.39,304.15857,992.77985,4.1672316,20.83889,0.0,0.0
2022-09-26 01:00:00,23.61,306.54114,992.6359,4.0431347,18.40164,0.0,0.0
2022-09-26 02:00:00,24.07,308.90503,991.9933,3.4947062,15.995675,0.0,0.0
2022-09-26 03:00:00,24.38,310.85577,991.0348,2.9872165,14.100495,0.0,0.0
2022-09-26 04:00:00,24.45,312.16095,989.9389,3.197431,13.004044,0.0,0.0
2022-09-26 05:00:00,24.33,312.90906,988.8475,3.411179,12.5011015,0.0,0.0
2022-09-26 06:00:00,23.96,313.23138,988.1995,3.3497725,12.347033,0.0,0.0
2022-09-26 07:00:00,24.09,313.44116,987.5682,2.652819,12.221153,0.0,0.0
2022-09-26 08:00:00,24.72,313.04086,987.6192,2.6009786,12.382998,0.0,0.0
2022-09-26 09:00:00,25.36,312.4411,988.0051,2.8953135,12.721914,0.0,0.0
2022-09-26 10:00:00,25.79,311.43237,988.733,2.879958,13.576375,0.0,0.0
2022-09-26 11:00:00,26.04,310.30768,989.2861,3.5276906,14.6736145,0.0,0.0
2022-09-26 12:00:00,26.31,309.15036,989.82697,4.3338523,16.037352,0.0,0.0
2022-09-26 13:00:00,26.29,308.1459,989.8287,4.9484634,17.380465,0.0,0.0
2022-09-26 14:00:00,26.62,307.09302,990.03357,5.344571,18.687906,0.0,0.0
2022-09-26 15:00:00,26.78,306.1839,990.14984,5.6607437,19.678596,0.0,0.0
2022-09-26 16:00:00,26.87,305.36676,989.6422,5.2019215,20.822737,0.0,0.0
2022-09-26 17:00:00,27.32,304.3543,989.8053,3.4770539,22.667976,0.0,0.0
2022-09-26 18:00:00,27.38,302.93604,989.98376,1.8087896,26.205948,0.0,0.0
2022-09-26 19:00:00,26.89,301.5519,990.6131,1.1821266,28.791956,0.0,0.0
2022-09-26 20:00:00,26.24,300.48743,990.96606,1.350166,30.82998,0.0,0.0
2022-09-26 21:00:00,25.8,299.64752,991.3644,2.6272311,31.151215,0.0,0.0
2022-09-26 22:00:00,25.08,299.18976,991.89923,2.8145409,32.133854,0.0,0.0
2022-09-26 23:00:00,25.08,301.62152,992.77826,2.8543591,27.805964,0.0,0.0
2022-09-27 00:00:00,25.18,303.93927,993.1202,2.9653933,24.424736,0.0,0.0
2022-09-27 01:00:00,25.16,306.06183,993.15546,2.986172,20.100037,0.0,0.0
2022-09-27 02:00:00,25.55,308.1115,992.20386,2.8847234,16.839344,0.0,0.0
2022-09-27 03:00:00,25.48,310.00555,991.41547,2.7660215,14.674622,0.0,0.0
2022-09-27 04:00:00,25.37,310.99265,990.0196,2.2979357,14.189157,0.0,0.0
2022-09-27 05:00:00,25.34,311.73447,989.08655,2.5871823,13.9016,0.0,0.0
2022-09-27 06:00:00,25.01,312.13,988.383,2.9565685,13.727407,0.0,0.0
2022-09-27 07:00:00,25.13,312.59128,987.80963,2.2665462,13.274832,0.0,0.0
2022-09-27 08:00:00,25.27,312.18335,987.6599,2.5631204,13.396798,0.0,0.0
2022-09-27 09:00:00,25.5,311.63074,988.0722,2.8686404,13.757213,0.0,0.0
2022-09-27 10:00:00,25.95,310.82556,988.5943,2.8848376,14.539623,0.0,0.0
2022-09-27 11:00:00,25.79,309.61087,989.4254,3.3991761,15.887538,0.0,0.0
2022-09-27 12:00:00,25.88,308.61697,989.6111,4.1701865,17.148249,0.0,0.0
2022-09-27 13:00:00,25.49,307.25235,989.8653,4.691329,18.78237,0.0,0.0
2022-09-27 14:00:00,24.72,306.30432,989.8752,5.1930766,19.739216,0.0,0.0
2022-09-27 15:00:00,23.64,305.52362,990.1728,5.3811507,20.233877,0.0,0.0
2022-09-27 16:00:00,22.76,304.457,989.8168,4.6691775,20.992447,0.0,0.0
2022-09-27 17:00:00,22.03,303.3576,989.89136,3.685383,22.045082,0.0,0.0
2022-09-27 18:00:00,21.04,302.00815,989.95013,2.0451376,24.405731,0.0,0.0
2022-09-27 19:00:00,21.07,300.85565,990.00903,2.8877122,25.66753,0.0,0.0
2022-09-27 20:00:00,21.57,299.58972,990.11224,2.8973413,28.439388,0.0,0.0
2022-09-27 21:00:00,22.13,298.55588,990.4327,2.5842755,30.586151,0.0,0.0
2022-09-27 22:00:00,22.2,297.80597,990.9116,1.7171993,33.81582,0.0,0.0
2022-09-27 23:00:00,22.68,300.72076,991.7379,0.3522535,28.272673,0.0,0.0
2022-09-28 00:00:00,25.06,303.2389,992.5295,1.476999,23.933992,0.0,0.0
2022-09-28 01:00:00,26.1,305.5136,992.4936,2.2488885,21.528593,0.0,0.0
2022-09-28 02:00:00,26.87,307.55487,991.96216,1.9932077,19.791086,0.0,0.0
2022-09-28 03:00:00,27.3,309.38928,990.85126,1.3743957,17.685041,0.0,0.0
2022-09-28 04:00:00,28.34,310.76855,989.64575,0.8646833,15.495014,0.0,0.0
2022-09-28 05:00:00,28.18,311.53375,988.8678,0.5718375,14.623038,0.0,0.0
2022-09-28 06:00:00,27.89,311.951,988.2056,0.96098644,14.291145,0.0,0.0
2022-09-28 07:00:00,27.28,312.34778,987.72955,1.1243199,14.544975,0.0,0.0
2022-09-28 08:00:00,26.86,312.14777,987.4825,1.2079017,14.501567,0.0,0.0
2022-09-28 09:00:00,26.98,311.80554,987.7392,1.8982711,14.632016,0.0,0.0
2022-09-28 10:00:00,26.94,310.97504,988.3677,2.7048008,15.513703,0.0,0.0
2022-09-28 11:00:00,26.86,309.8739,989.1964,3.271828,16.72414,0.0,0.0
2022-09-28 12:00:00,26.94,308.67993,989.7743,3.4214556,17.997515,0.0,0.0
2022-09-28 13:00:00,27.39,307.53595,990.1975,3.3064787,19.326906,0.0,0.0
2022-09-28 14:00:00,27.67,306.51978,990.35016,2.849325,20.62985,0.0,0.0
2022-09-28 15:00:00,27.5,305.12592,990.6284,1.790942,23.25719,0.0,0.0
2022-09-28 16:00:00,27.56,304.73846,990.18396,0.34033933,24.565617,0.0,0.0
2022-09-28 17:00:00,26.9,303.10602,989.9864,2.6995592,27.457651,0.0,0.0
2022-09-28 18:00:00,26.82,301.71277,989.9263,5.3455467,34.269188,0.0,0.0
2022-09-28 19:00:00,27.28,300.5936,990.20166,5.7763367,43.01694,0.0,0.0
2022-09-28 20:00:00,27.16,299.58716,990.4817,5.639094,52.321835,0.0,0.0
2022-09-28 21:00:00,27.15,298.91052,991.4509,4.0993614,58.851017,0.0,0.0
2022-09-28 22:00:00,27.24,298.78952,992.77325,3.0936792,61.493336,0.0,0.0
2022-09-28 23:00:00,27.19,300.81287,994.142,4.7026405,54.29804,0.0,0.0
2022-09-29 00:00:00,26.96,303.09222,994.71783,5.354523,43.629616,0.0,0.0
2022-09-29 01:00:00,27.44,305.26712,994.2566,5.577067,34.05361,0.0,0.0
2022-09-29 02:00:00,28.43,307.25595,993.7431,5.949701,27.932537,0.0,0.0
2022-09-29 03:00:00,29.01,308.8944,992.6672,6.0089765,24.144844,0.0,0.0
2022-09-29 04:00:00,28.83,310.0881,991.48706,5.596173,21.84469,0.0,0.0
2022-09-29 05:00:00,28.11,310.7918,990.46185,5.0894675,20.65131,0.0,0.0
2022-09-29 06:00:00,27.09,310.896,989.78326,4.620931,20.475384,0.0,0.0
2022-09-29 07:00:00,27.41,311.85886,989.2372,3.6696672,16.114624,0.0,0.0
2022-09-29 08:00:00,28.46,311.09976,989.38654,3.7778127,17.181728,0.025108457,0.0
2022-09-29 09:00:00,30.25,310.21713,989.95984,5.614231,20.648762,0.0,0.0
2022-09-29 10:00:00,32.72,309.07233,990.98914,5.856337,26.2595,0.0,0.0
2022-09-29 11:00:00,36.88,307.40295,992.2683,7.4440064,31.476545,0.023543835,0.0
2022-09-29 12:00:00,38.9,305.00476,993.6219,9.776256,40.10302,0.0021606684,0.0
2022-09-29 13:00:00,39.87,303.50378,994.16174,7.956043,46.343807,0.0,0.0
2022-09-29 14:00:00,39.48,303.32434,994.3064,5.570326,47.160168,0.0,0.0
2022-09-29 15:00:00,39.87,303.10858,994.4592,5.6698694,47.829277,0.0,0.0
2022-09-29 16:00:00,41.46,302.413,994.1428,4.572857,50.33384,0.08699298,0.0
2022-09-29 17:00:00,44.35,301.39142,993.6781,1.9126827,54.41651,0.22920966,0.0
2022-09-29 18:00:00,45.48,300.70746,993.15094,2.416773,57.338554,0.12596248,0.0
2022-09-29 19:00:00,45.27,300.0641,993.36725,3.1215754,62.045395,0.32292306,0.0
2022-09-29 20:00:00,44.97,299.05176,993.80347,4.1334376,68.89852,0.04553795,0.0
2022-09-29 21:00:00,44.85,298.0459,994.3512,4.0753508,75.040436,0.013202429,0.42999998
2022-09-29 22:00:00,45.86,297.6057,995.0239,4.0735455,77.13703,0.19848353,0.0
2022-09-29 23:00:00,46.92,297.80347,996.1131,3.6058996,76.11492,0.5619079,0.0
2022-09-30 00:00:00,49.41,298.19754,996.961,3.414398,74.29922,2.4833858,0.0
2022-09-30 01:00:00,50.81,299.0056,997.03375,2.3641424,70.62258,0.0,0.0
2022-09-30 02:00:00,51.36,300.5387,996.1992,1.4085785,64.893005,0.011056662,1.9300001
2022-09-30 03:00:00,52.95,302.41714,995.3605,0.8478199,56.84948,0.0,11.37
2022-09-30 04:00:00,53.85,303.44736,993.83826,1.0019861,51.947754,0.0,12.91
2022-09-30 05:00:00,53.4,304.18207,992.65076,1.3649665,48.502213,0.0,7.55
2022-09-30 06:00:00,54.33,304.62958,991.85693,1.8016057,46.89006,0.0,0.089999996
2022-09-30 07:00:00,53.4,300.77496,993.09644,0.7853079,69.827805,0.7134676,1.18
2022-09-30 08:00:00,52.74,301.40002,992.6959,1.2148029,66.56656,0.1449436,1.5799999
2022-09-30 09:00:00,51.04,301.29172,993.29987,1.1174909,67.13471,0.007688999,0.89
2022-09-30 10:00:00,48.96,300.9104,994.3262,2.2633169,69.29473,0.20416081,0.0
2022-09-30 11:00:00,49.28,298.00403,995.4522,3.9186816,84.10744,7.161707,0.98999995
2022-09-30 12:00:00,49.97,296.91608,996.0196,3.2332826,88.5118,7.496908,1.12
2022-09-30 13:00:00,51.42,296.816,996.03033,2.6600459,88.72109,5.4040403,0.78
2022-09-30 14:00:00,52.0,296.59573,996.1306,1.6814655,89.770035,3.6427975,0.0
2022-09-30 15:00:00,51.64,296.61798,995.58826,0.5212383,89.33012,0.061273575,0.0
2022-09-30 16:00:00,52.19,296.61328,995.0901,1.2071469,89.30907,0.4453659,0.44
2022-09-30 17:00:00,51.82,296.48724,994.2965,2.384025,90.3294,0.36391616,0.0
2022-09-30 18:00:00,51.91,296.3756,993.9869,2.7123573,91.20253,0.16668439,4.35
2022-09-30 19:00:00,50.85,296.43866,993.92444,2.631587,87.75296,0.91582537,0.58
2022-09-30 20:00:00,49.69,296.33868,994.04956,3.220148,87.676895,0.11128187,0.71999997
2022-09-30 21:00:00,49.16,296.22565,994.3059,3.6752942,88.01042,0.051528215,0.85
2022-09-30 22:00:00,47.87,296.12756,994.80896,4.193109,88.187004,0.29194355,0.0
2022-09-30 23:00:00,47.02,296.67407,995.45123,5.777885,84.11267,0.13673306,0.0
2022-10-01 00:00:00,,297.1001,995.92126,5.6713796,81.53806,27.98453,0.0
2022-10-01 01:00:00,,297.536,996.03265,5.202602,79.79312,0.0,0.0
2022-10-01 02:00:00,,297.8274,995.0648,4.928912,78.11936,1.5552305,0.45999998
2022-10-01 03:00:00,,298.52255,994.25836,5.1242065,74.950035,0.982292,7.27
2022-10-01 04:00:00,,299.68225,993.1664,5.584688,70.73982,0.1664497,12.38
2022-10-01 05:00:00,,300.7653,991.7084,6.201107,66.68798,0.062465668,5.48
2022-10-01 06:00:00,,300.9525,991.142,5.903069,65.676674,0.054612756,0.0
2022-10-01 07:00:00,,300.408,991.1382,4.059686,72.52091,4.7731547,0.03
2022-10-01 08:00:00,,298.66248,991.3691,4.0085425,79.0164,6.368297,0.0
2022-10-01 09:00:00,,297.5223,991.87616,1.8632723,84.81752,3.4595587,0.78
2022-10-01 10:00:00,,297.0191,993.3747,1.0502574,87.08297,4.0141344,1.17
2022-10-01 11:00:00,,296.6986,993.42236,1.386209,88.62033,4.6652107,0.17999999
2022-10-01 12:00:00,,296.32953,994.1675,1.6729782,90.94884,3.7306547,0.0
2022-10-01 13:00:00,,296.10944,994.3611,1.4251825,90.52345,2.0559132,0.25
2022-10-01 14:00:00,,295.95676,994.3176,1.1993899,90.01637,1.1590272,0.22999999
2022-10-01 15:00:00,,295.43314,994.17114,0.79784733,91.74182,1.0626986,0.48999998
2022-10-01 16:00:00,,295.13416,993.7395,0.4001505,92.32746,0.93980503,0.0
2022-10-01 17:00:00,,294.88004,993.22845,0.32893315,92.970726,1.1622534,0.0
2022-10-01 18:00:00,,294.78766,992.85596,0.3543991,93.56275,1.1913627,0.0
2022-10-01 19:00:00,,294.983,992.72217,1.736204,96.05423,3.3623576,0.0
2022-10-01 20:00:00,,294.9926,992.3214,1.2046084,97.10753,2.1555126,0.0
2022-10-01 21:00:00,,295.03275,992.78845,1.4058626,97.19845,2.5840402,0.0
2022-10-01 22:00:00,,295.2998,993.2484,2.1104383,94.01181,6.178029,0.0
2022-10-01 23:00:00,,295.495,994.0517,4.0500426,93.37878,6.454922,0.0
2022-10-02 00:00:00,34.29,295.5923,994.20087,4.930767,92.804756,61.232574,0.0
2022-10-02 01:00:00,33.95,296.62756,994.16064,5.858811,86.47154,0.0,0.0
2022-10-02 02:00:00,33.76,298.03,993.2678,5.823947,80.64023,0.02989918,0.0
2022-10-02 03:00:00,33.23,299.17432,992.4247,5.7534175,78.19246,0.039119273,0.0
2022-10-02 04:00:00,33.41,300.4823,991.14484,5.773693,72.528885,0.05875528,0.0
2022-10-02 05:00:00,33.25,300.9138,990.3217,5.6075015,72.98345,0.097975135,0.0
2022-10-02 06:00:00,33.68,301.43787,989.9286,5.28216,68.80317,0.084385276,0.0
2022-10-02 07:00:00,33.49,301.34564,989.59296,4.343767,62.628277,0.1553148,0.0
2022-10-02 08:00:00,33.72,301.34247,989.71985,3.8661366,61.7834,0.010058284,0.0
2022-10-02 09:00:00,33.23,299.9176,991.0778,3.714512,70.830284,0.13542175,0.0
2022-10-02 10:00:00,31.64,298.6092,991.59955,3.5090094,77.663246,0.07201731,0.0
2022-10-02 11:00:00,29.11,297.81244,992.70123,3.5223665,82.322205,0.023446977,0.0
2022-10-02 12:00:00,26.99,297.14407,993.1239,4.5145016,85.16454,0.02886355,0.0
2022-10-02 13:00:00,26.06,296.7057,993.4411,4.7442575,86.66108,0.054866076,0.0
2022-10-02 14:00:00,26.88,296.1954,993.52765,4.261175,88.286415,0.006556511,0.0
2022-10-02 15:00:00,28.05,295.76706,993.2592,3.881378,89.59035,0.0,0.0
2022-10-02 16:00:00,29.58,295.46844,992.7238,3.5666373,90.674805,0.0,0.0
2022-10-02 17:00:00,31.31,295.27515,992.39276,3.4167929,91.6774,0.0,0.0
2022-10-02 18:00:00,31.9,295.2538,992.08325,3.2193174,92.23739,0.0,0.0
2022-10-02 19:00:00,33.01,295.53336,991.2634,3.512998,87.985664,0.042960048,0.0
2022-10-02 20:00:00,32.97,295.56012,991.308,3.07531,88.50662,0.07964671,0.0
2022-10-02 21:00:00,33.5,295.49554,991.9436,2.7010732,89.58973,0.05029142,0.0
2022-10-02 22:00:00,34.32,295.73965,992.7472,2.4812691,89.72191,0.1064688,0.0
2022-10-02 23:00:00,34.39,296.61438,993.66583,3.122008,86.06227,0.20837784,0.0
2022-10-03 00:00:00,36.8,297.5385,994.0092,4.2262607,82.40085,1.766786,0.0
2022-10-03 01:00:00,36.81,298.6337,993.9439,4.685857,79.58305,0.0,0.0
2022-10-03 02:00:00,35.13,299.80597,992.9723,4.8729153,76.33652,0.09100139,0.0
2022-10-03 03:00:00,33.54,300.78473,992.29126,6.051846,70.806404,0.10174513,0.0
2022-10-03 04:00:00,34.12,300.66656,991.3134,6.1902924,71.35469,0.31818822,0.0
2022-10-03 05:00:00,35.94,299.5449,990.7608,6.8665795,74.73816,0.5471781,0.0
2022-10-03 06:00:00,37.3,299.52005,990.5167,6.133033,75.200165,0.3138855,0.0
2022-10-03 07:00:00,36.64,299.3098,990.02124,5.6899347,74.05664,0.8802072,0.0
2022-10-03 08:00:00,35.16,299.2636,991.0425,5.244721,75.56119,0.23673032,0.32
2022-10-03 09:00:00,33.56,298.67218,991.437,3.25358,79.22262,0.3189249,0.0
2022-10-03 10:00:00,31.55,298.16016,992.2383,1.9181789,82.20026,0.051282346,0.0
2022-10-03 11:00:00,31.43,297.44913,992.8844,1.7605829,85.59686,0.17212331,0.0
2022-10-03 12:00:00,29.94,296.67035,993.2417,2.5888116,89.093216,0.04696101,0.0
2022-10-03 13:00:00,28.82,296.21857,993.6474,2.7932193,90.74791,0.0015050173,0.0
2022-10-03 14:00:00,28.39,295.7342,993.7678,2.6836286,92.31923,0.0,0.0
2022-10-03 15:00:00,28.11,295.58554,993.6848,2.4752805,92.87404,0.0,0.0
2022-10-03 16:00:00,28.52,295.3122,993.14594,2.1525424,93.74971,0.0,0.0
2022-10-03 17:00:00,28.44,295.1173,992.91943,2.0178268,94.186005,0.0,0.0
2022-10-03 18:00:00,28.83,294.9017,992.6314,2.1775374,94.25353,0.0,0.0
2022-10-03 19:00:00,29.19,294.494,992.7586,2.3746355,89.299835,0.0,0.0
2022-10-03 20:00:00,29.76,294.15988,993.1814,2.198047,90.54915,0.0,0.0
2022-10-03 21:00:00,29.48,293.86343,993.75,2.101861,91.4196,0.0,0.0
2022-10-03 22:00:00,29.36,294.03604,994.693,1.848687,91.20394,0.0,0.0
2022-10-03 23:00:00,29.63,295.55106,995.41516,2.419821,81.558716,0.0,0.0
2022-10-04 00:00:00,31.96,296.8258,995.90894,2.9948227,72.91664,3.148222,0.0
2022-10-04 01:00:00,32.16,297.93878,995.76294,3.1807344,68.070076,0.0,0.0
2022-10-04 02:00:00,32.3,299.14188,994.9302,3.6679733,64.224495,0.0,0.0
2022-10-04 03:00:00,31.66,300.4067,994.0083,4.457482,60.65417,0.0013113022,0.0
2022-10-04 04:00:00,31.31,301.1134,992.96344,4.7834234,57.970257,0.005759299,0.0
2022-10-04 05:00:00,31.04,301.42108,992.39154,4.754063,57.218815,0.003196299,0.0
2022-10-04 06:00:00,30.33,301.57394,992.02203,4.9369917,57.086044,0.0,0.0
2022-10-04 07:00:00,29.35,301.57742,991.63007,4.231657,54.185017,0.0,0.0
2022-10-04 08:00:00,29.06,301.37854,991.40814,3.5872228,55.910255,0.0,0.0
2022-10-04 09:00:00,28.49,300.65784,991.82,2.8536763,62.95117,0.0,0.0
2022-10-04 10:00:00,27.91,299.04535,992.69904,2.5170527,71.5103,0.0,0.0
2022-10-04 11:00:00,27.46,297.8128,993.5575,2.2058575,77.930244,0.0,0.0
2022-10-04 12:00:00,26.51,296.9861,994.068,2.104586,81.316376,0.0,0.0
2022-10-04 13:00:00,25.75,296.34326,994.5229,2.0831916,83.22084,0.0,0.0
2022-10-04 14:00:00,26.07,295.64746,994.5839,1.7346954,85.87772,0.0,0.0
2022-10-04 15:00:00,26.74,295.5452,994.6166,1.1091806,83.91632,0.0,0.0
2022-10-04 16:00:00,27.12,295.64496,994.1397,0.8242242,81.150764,0.0,0.0
2022-10-04 17:00:00,27.07,294.5655,993.71796,1.1929028,87.85388,0.0,0.0
2022-10-04 18:00:00,27.74,293.95065,993.4199,1.558146,90.92972,0.0,0.0
2022-10-04 19:00:00,28.77,293.6793,993.34296,1.5465947,89.08845,0.0,0.0
2022-10-04 20:00:00,29.07,293.32993,993.7039,1.6588393,90.56201,0.0,0.0
2022-10-04 21:00:00,29.13,292.9692,994.3703,1.364005,92.2997,0.0,0.0
2022-10-04 22:00:00,29.55,293.35352,995.28577,0.9952196,92.49857,0.0,0.0
2022-10-04 23:00:00,29.96,295.79926,995.9518,1.2785124,81.571,0.0,0.0
2022-10-05 00:00:00,29.83,297.70172,996.4352,1.514525,72.75617,0.013285875,0.0
2022-10-05 01:00:00,29.79,299.28162,996.1738,1.3781613,65.680626,0.0,0.0
2022-10-05 02:00:00,29.8,300.59515,995.5036,1.1136283,60.558563,0.0,0.0
2022-10-05 03:00:00,30.0,301.6639,994.38513,0.9244583,57.369698,0.0,0.0
2022-10-05 04:00:00,30.19,302.528,993.5736,1.0020938,55.253975,0.0,0.0
2022-10-05 05:00:00,29.85,303.2671,992.6186,1.8147774,53.83127,0.0,0.0
2022-10-05 06:00:00,29.0,303.8618,992.27893,2.8724213,51.352535,0.0,0.0
2022-10-05 07:00:00,29.6,304.43933,991.7914,2.369984,47.17761,0.0,0.0
2022-10-05 08:00:00,29.96,304.3274,991.91547,2.5375404,47.326393,0.0,0.0
2022-10-05 09:00:00,29.87,303.3402,992.52844,2.2658718,55.35331,0.0,0.0
2022-10-05 10:00:00,30.49,301.42975,993.49536,2.7988667,65.770706,0.0,0.0
2022-10-05 11:00:00,31.11,299.90317,994.23126,2.645826,72.988,0.0,0.0
2022-10-05 12:00:00,32.66,298.67545,994.89966,1.7767376,80.7554,0.0,0.0
2022-10-05 13:00:00,34.45,299.54214,995.3441,0.593511,70.43394,0.0,0.0
2022-10-05 14:00:00,35.09,299.08167,995.0906,0.73916847,72.6836,0.0,0.0
2022-10-05 15:00:00,35.35,298.54938,994.7761,0.732292,75.261215,0.0,0.0
2022-10-05 16:00:00,36.26,297.69516,994.15314,0.8610183,80.56546,0.0,0.0
2022-10-05 17:00:00,36.95,296.6806,993.9366,1.4762043,87.838135,0.0,0.0
2022-10-05 18:00:00,37.28,296.55334,993.8075,2.0858655,86.95743,0.0,0.0
2022-10-05 19:00:00,36.81,296.32935,993.7721,3.0507965,81.65847,0.0,0.0
2022-10-05 20:00:00,36.06,295.82867,994.2928,2.4964628,84.21768,0.0,0.0
2022-10-05 21:00:00,35.91,295.50793,995.1132,2.33149,85.77421,0.0,0.0
2022-10-05 22:00:00,35.96,295.67438,995.8486,2.094425,86.08501,0.0,0.0
2022-10-05 23:00:00,36.11,297.26077,996.36224,2.8825865,76.116646,0.0,0.0
2022-10-06 00:00:00,35.49,298.57422,996.8329,3.51723,68.65339,0.0023584678,0.0
2022-10-06 01:00:00,36.16,299.70166,996.77704,3.3296282,65.206474,0.0,0.0
2022-10-06 02:00:00,36.9,300.91968,996.1015,3.0895326,62.207592,0.0,0.0
2022-10-06 03:00:00,37.35,302.00836,995.4046,2.748364,59.67825,0.0,0.0
2022-10-06 04:00:00,37.75,302.84348,994.47314,2.6435306,57.995026,0.0,0.0
2022-10-06 05:00:00,37.84,303.42828,993.5756,2.9467266,56.87137,0.0,0.0
2022-10-06 06:00:00,38.36,303.83502,993.0174,2.900102,55.962284,0.0,0.0
2022-10-06 07:00:00,37.92,304.02118,992.6778,0.37764478,48.283386,0.046640635,0.0
2022-10-06 08:00:00,37.13,303.88684,992.9308,0.7955428,48.909534,0.0,0.0
2022-10-06 09:00:00,36.78,303.26373,993.2078,0.7903323,54.17909,0.0,0.0
2022-10-06 10:00:00,36.62,301.57684,993.8831,0.8032388,75.3135,0.0,0.0
2022-10-06 11:00:00,36.98,300.7438,994.3663,0.9838944,73.95176,0.0,0.0
2022-10-06 12:00:00,37.32,300.01227,995.0572,1.1823219,75.3268,0.0,0.0
2022-10-06 13:00:00,37.71,299.21082,995.3425,1.3854094,78.538925,0.0,0.0
2022-10-06 14:00:00,38.25,298.58932,995.19586,1.5456467,81.45048,0.0,0.0
2022-10-06 15:00:00,38.87,298.13202,994.61475,1.8970635,82.731125,0.0,0.0
2022-10-06 16:00:00,39.28,297.7207,994.0117,2.130888,83.90598,0.0,0.0
2022-10-06 17:00:00,39.72,297.23712,993.69916,2.251436,85.58811,0.0,0.0
2022-10-06 18:00:00,40.18,296.82037,993.3575,2.1073134,87.20293,0.0,0.0
2022-10-06 19:00:00,39.2,296.86566,993.3186,3.3736417,81.45456,0.0,0.0
2022-10-06 20:00:00,38.07,296.40088,993.642,2.9799461,83.02043,0.0,0.0
2022-10-06 21:00:00,37.36,295.9907,994.49506,2.596473,84.151184,0.0,0.0
2022-10-06 22:00:00,37.64,296.0277,995.14685,2.048149,84.631645,0.0,0.0
2022-10-06 23:00:00,37.6,298.0654,995.9941,2.2622473,71.56331,0.0,0.0
2022-10-07 00:00:00,37.48,299.84058,996.53687,2.7070868,62.034786,0.047499966,0.0
2022-10-07 01:00:00,37.78,301.40463,996.52124,3.5413268,56.27811,0.0,0.0
2022-10-07 02:00:00,38.17,302.6999,995.91907,3.9687443,52.306576,0.0,0.0
2022-10-07 03:00:00,38.41,303.7103,995.2184,3.6681697,50.140755,0.0,0.0
2022-10-07 04:00:00,38.28,304.48846,994.01953,3.3131034,48.67976,0.0,0.0
2022-10-07 05:00:00,37.9,305.10657,993.08093,3.4580686,46.88103,0.0,0.0
2022-10-07 06:00:00,38.01,305.47125,992.4182,3.61406,45.54456,0.0,0.0
2022-10-07 07:00:00,37.37,305.70996,992.08405,3.067635,42.835625,0.0,0.0
2022-10-07 08:00:00,36.62,305.41693,991.8511,3.3802967,43.661766,0.0,0.0
2022-10-07 09:00:00,35.59,304.22412,992.28625,2.7389004,52.387394,0.0,0.0
2022-10-07 10:00:00,34.37,302.31683,993.16235,2.3272552,62.6603,0.0,0.0
2022-10-07 11:00:00,33.63,300.64368,993.8961,1.9866583,72.970375,0.0,0.0
2022-10-07 12:00:00,32.44,300.26846,994.6794,1.1142699,71.16788,0.0,0.0
2022-10-07 13:00:00,31.74,300.7799,994.9439,0.38718417,63.952602,0.0,0.0
2022-10-07 14:00:00,30.84,299.32672,995.2712,1.0953745,72.62613,0.0,0.0
2022-10-07 15:00:00,29.81,298.21878,994.98755,1.2941027,78.90462,0.0,0.0
2022-10-07 16:00:00,28.9,298.53732,994.5536,0.9503766,74.998436,0.0,0.0
2022-10-07 17:00:00,27.98,298.64795,994.0759,0.14756578,73.400505,0.0,0.0
2022-10-07 18:00:00,26.9,296.7537,994.11597,1.8643936,85.3791,0.0,0.0
2022-10-07 19:00:00,25.86,295.83197,994.0022,2.7313397,83.991394,0.0,0.0
2022-10-07 20:00:00,25.25,295.5353,994.5748,3.4405801,79.63718,0.0,0.0
2022-10-07 21:00:00,25.06,295.3095,995.5425,4.25722,71.80381,0.0,0.0
2022-10-07 22:00:00,25.72,295.37292,996.60815,4.628164,63.256134,0.0,0.0
2022-10-07 23:00:00,25.87,297.02176,997.573,4.556983,53.21064,0.0,0.0
2022-10-08 00:00:00,25.37,298.95517,998.2391,5.65527,42.72106,0.0,0.0
2022-10-08 01:00:00,25.61,300.6277,998.1622,6.410116,38.568714,0.0,0.0
2022-10-08 02:00:00,25.46,302.26306,997.7366,6.3586645,36.64674,0.0,0.0
2022-10-08 03:00:00,25.85,303.7182,996.8522,6.123344,34.994194,0.0,0.0
2022-10-08 04:00:00,25.96,304.89966,995.7461,5.8863664,33.45854,0.0,0.0
2022-10-08 05:00:00,25.5,305.73206,994.80194,5.534931,32.487698,0.0,0.0
2022-10-08 06:00:00,25.3,306.23364,994.1136,5.271125,31.948265,0.0,0.0
2022-10-08 07:00:00,24.37,307.1275,993.0048,4.1833563,29.318914,0.0,0.0
2022-10-08 08:00:00,23.82,306.57532,993.235,3.7371335,33.409836,0.0,0.0
2022-10-08 09:00:00,23.13,304.69702,993.5383,3.2090192,44.0506,0.0,0.0
2022-10-08 10:00:00,22.44,301.96503,994.3822,3.4663794,53.293617,0.0,0.0
2022-10-08 11:00:00,21.71,300.0586,994.985,3.4307604,59.622723,0.0,0.0
2022-10-08 12:00:00,21.14,298.7365,995.4111,3.227041,63.9214,0.0,0.0
2022-10-08 13:00:00,20.47,297.63187,995.5622,2.9895265,67.746056,0.0,0.0
2022-10-08 14:00:00,20.18,296.76843,995.88916,2.946264,70.15575,0.0,0.0
2022-10-08 15:00:00,19.92,296.12866,995.52655,3.287815,70.3693,0.0,0.0
2022-10-08 16:00:00,19.55,295.63483,995.28174,3.8893044,68.72209,0.0,0.0
2022-10-08 17:00:00,18.71,295.26346,994.76263,4.3675694,65.06317,0.0,0.0
2022-10-08 18:00:00,18.01,294.81183,994.5167,4.595437,61.252224,0.0,0.0
2022-10-08 19:00:00,18.0,294.51672,994.8714,4.908423,52.55714,0.0,0.0
2022-10-08 20:00:00,18.38,293.93448,995.45764,4.5444217,53.17381,0.0,0.0
2022-10-08 21:00:00,18.39,293.379,996.0397,4.112111,54.26977,0.0,0.0
2022-10-08 22:00:00,18.76,293.52338,996.85333,3.8858922,54.337128,0.0,0.0
2022-10-08 23:00:00,20.16,296.28418,997.66656,3.9962976,47.944355,0.0,0.0
2022-10-09 00:00:00,21.48,299.44382,997.9578,4.9177394,40.30369,0.0,0.0
2022-10-09 01:00:00,22.21,302.0074,997.5878,5.185745,40.44061,0.0,0.0
2022-10-09 02:00:00,22.71,304.1714,996.7958,5.142542,40.175106,0.0,0.0
2022-10-09 03:00:00,22.65,305.90213,995.70447,4.729636,38.168137,0.0,0.0
2022-10-09 04:00:00,22.64,307.19165,994.813,4.1076846,34.26509,0.0,0.0
2022-10-09 05:00:00,22.21,307.98505,993.59906,3.5504687,28.443289,0.0,0.0
2022-10-09 06:00:00,21.69,308.3108,993.27045,3.3105657,26.445595,0.0,0.0
2022-10-09 07:00:00,21.28,308.68665,992.6557,3.2899647,24.244926,0.0,0.0
2022-10-09 08:00:00,21.56,308.0752,992.61127,3.0518084,27.741623,0.0,0.0
2022-10-09 09:00:00,22.03,306.02847,992.9394,3.3579948,38.104992,0.0,0.0
2022-10-09 10:00:00,22.94,302.925,993.79706,3.906331,46.669968,0.0,0.0
2022-10-09 11:00:00,23.54,300.86166,994.28296,4.146204,50.830914,0.0,0.0
2022-10-09 12:00:00,23.91,299.59772,994.5122,4.391382,51.457924,0.0,0.0
2022-10-09 13:00:00,24.63,298.7713,994.77203,4.4616065,51.10375,0.0,0.0
2022-10-09 14:00:00,24.73,297.92065,994.66486,4.049326,52.87181,0.0,0.0
2022-10-09 15:00:00,24.65,296.88184,994.6047,3.4939523,57.206173,0.0,0.0
2022-10-09 16:00:00,25.54,296.21118,994.33344,3.525107,59.150906,0.0,0.0
2022-10-09 17:00:00,26.13,295.70776,993.86475,3.2293172,61.74013,0.0,0.0
2022-10-09 18:00:00,26.52,294.93567,993.5926,2.3772352,68.17369,0.0,0.0
2022-10-09 19:00:00,26.85,294.54248,993.7062,2.8120248,65.44626,0.0,0.0
2022-10-09 20:00:00,27.35,294.30734,993.9126,2.7491224,66.68419,0.0,0.0
2022-10-09 21:00:00,27.67,294.6088,994.45294,3.112042,64.30652,0.0,0.0
2022-10-09 22:00:00,28.44,295.26093,995.22797,3.5639048,61.329926,0.0,0.0
2022-10-09 23:00:00,29.26,298.44708,995.9395,4.065588,51.88655,0.0,0.0
2022-10-10 00:00:00,29.26,302.3164,996.1831,5.4811153,39.497665,0.0012993813,0.0
2022-10-10 01:00:00,29.13,305.05386,995.98047,6.9239793,32.45537,0.0,0.0
2022-10-10 02:00:00,29.13,306.89072,995.2394,6.8973465,30.099205,0.0,0.0
2022-10-10 03:00:00,29.13,308.18225,994.4233,5.541492,28.566038,0.0,0.0
2022-10-10 04:00:00,30.4,308.96442,993.23236,3.845489,27.209068,0.0,0.0
2022-10-10 05:00:00,31.72,309.42722,992.3753,2.5124764,25.593662,0.0,0.0
2022-10-10 06:00:00,32.24,309.6776,991.3225,1.8850218,24.098093,0.0,0.0
2022-10-10 07:00:00,31.77,309.99054,990.91406,2.7016668,22.262938,0.0,0.0
2022-10-10 08:00:00,30.88,309.55157,990.8816,3.4806852,23.126442,0.0,0.0
2022-10-10 09:00:00,29.97,307.47144,991.16986,3.8238308,31.623163,0.0,0.0
2022-10-10 10:00:00,29.01,304.37726,992.08044,4.0577264,40.010914,0.0,0.0
2022-10-10 11:00:00,28.26,302.24316,992.67346,3.5789404,46.595203,0.0,0.0
2022-10-10 12:00:00,27.82,300.48035,992.8287,2.9185674,54.121494,0.0,0.0
2022-10-10 13:00:00,27.47,298.8253,993.2356,2.1888099,64.60113,0.0,0.0
2022-10-10 14:00:00,27.5,298.59155,993.22955,1.5227667,62.445786,0.0,0.0
2022-10-10 15:00:00,27.33,299.27588,992.76654,0.8857965,52.13973,0.0,0.0
2022-10-10 16:00:00,27.24,296.9181,992.1379,2.7180645,63.88833,0.0,0.0
2022-10-10 17:00:00,26.22,296.87225,991.968,4.263013,58.123417,0.0,0.0
2022-10-10 18:00:00,24.96,297.07608,991.6866,4.837738,62.8886,0.0,0.0
2022-10-10 19:00:00,24.17,297.02774,991.53955,5.058014,64.93485,0.0,0.0
2022-10-10 20:00:00,23.44,296.4289,991.7491,4.7648735,64.99008,0.0,0.0
2022-10-10 21:00:00,22.94,295.85547,992.15576,4.479126,65.577354,0.0,0.0
2022-10-10 22:00:00,22.42,295.9705,993.2539,3.9270377,65.82451,0.0,0.0
2022-10-10 23:00:00,22.18,298.6813,993.83295,3.6620102,57.510746,0.0,0.0
2022-10-11 00:00:00,21.57,301.7617,994.4675,4.035674,44.88677,0.0,0.0
2022-10-11 01:00:00,21.68,303.90448,994.19745,4.2968698,34.80891,0.0,0.0
2022-10-11 02:00:00,21.19,305.45862,993.7678,4.138364,29.945326,0.0,0.0
2022-10-11 03:00:00,21.09,306.84387,992.7874,4.1306634,25.967766,0.0,0.0
2022-10-11 04:00:00,21.47,308.02252,991.7427,4.1550207,22.51028,0.0,0.0
2022-10-11 05:00:00,20.63,308.82043,990.42,4.1788325,19.969406,0.0,0.0
2022-10-11 06:00:00,20.57,309.30588,989.65045,4.1431293,18.48793,0.0,0.0
2022-10-11 07:00:00,20.82,309.6289,988.9461,4.3518643,18.189655,0.0,0.0
2022-10-11 08:00:00,21.1,309.23505,988.7505,3.9622326,18.697409,0.0,0.0
2022-10-11 09:00:00,21.49,307.84576,988.9614,2.7798226,23.96163,0.0,0.0
2022-10-11 10:00:00,21.41,305.53223,989.5577,2.3848605,32.61425,0.0,0.0
2022-10-11 11:00:00,21.26,302.81378,990.0558,1.8928796,51.71582,0.0,0.0
2022-10-11 12:00:00,21.5,301.8481,990.14764,1.4442272,50.16431,0.0,0.0
2022-10-11 13:00:00,21.6,300.27637,990.47845,2.0366569,53.892292,0.0,0.0
2022-10-11 14:00:00,21.66,299.97485,990.6873,3.8086202,45.12409,0.0,0.0
2022-10-11 15:00:00,21.86,299.147,990.7489,5.13315,47.712482,0.0,0.0
2022-10-11 16:00:00,22.99,298.31647,990.3376,5.3950634,57.30169,0.0,0.0
2022-10-11 17:00:00,24.22,297.73215,990.04175,5.136395,65.30505,0.0,0.0
2022-10-11 18:00:00,24.61,297.15552,989.7989,4.6486244,69.53484,0.0,0.0
2022-10-11 19:00:00,24.33,296.51898,990.0066,4.144932,72.021935,0.0,0.0
2022-10-11 20:00:00,24.75,295.90802,990.41455,3.7622,73.85578,0.0,0.0
2022-10-11 21:00:00,25.4,295.32877,991.0829,3.5526366,75.30157,0.0,0.0
2022-10-11 22:00:00,24.84,295.4957,992.15295,3.2645195,74.60816,0.0,0.0
2022-10-11 23:00:00,24.49,297.85114,992.90485,4.4147105,63.091354,0.0,0.0
2022-10-12 00:00:00,21.61,300.1648,993.4761,5.260734,52.000797,0.0,0.0
2022-10-12 01:00:00,20.46,302.39948,992.9472,5.3903046,42.585136,0.0,0.0
2022-10-12 02:00:00,18.64,304.49155,992.3854,5.319526,35.59026,0.0,0.0
2022-10-12 03:00:00,18.56,306.33414,991.1911,5.3820233,29.91903,0.0,0.0
2022-10-12 04:00:00,18.81,307.88815,990.21826,5.7115936,25.676382,0.0,0.0
2022-10-12 05:00:00,18.89,309.02924,989.2017,6.080879,22.679758,0.0,0.0
2022-10-12 06:00:00,18.94,309.72595,988.22815,6.3391714,20.186247,0.0,0.0
2022-10-12 07:00:00,18.9,309.96753,988.34015,6.1885166,20.1277,0.0,0.0
2022-10-12 08:00:00,18.24,309.68164,988.0425,5.9741726,20.134453,0.0,0.0
2022-10-12 09:00:00,18.2,308.59875,988.2728,4.6591763,22.329704,0.0,0.0
2022-10-12 10:00:00,18.49,306.1977,988.7039,3.8877466,27.539762,0.0,0.0
2022-10-12 11:00:00,19.33,304.42023,989.45123,4.293552,31.139624,0.0,0.0
2022-10-12 12:00:00,20.19,303.22656,990.3078,5.122224,32.711636,0.0,0.0
2022-10-12 13:00:00,21.47,302.33228,991.0608,6.0309753,34.661804,0.0,0.0
2022-10-12 14:00:00,23.24,301.37512,991.5718,6.5906234,39.28098,0.0,0.0
2022-10-12 15:00:00,24.02,300.32434,991.48846,6.3398376,44.949585,0.0,0.0
2022-10-12 16:00:00,23.93,299.28003,991.08875,5.7944517,49.16839,0.0,0.0
2022-10-12 17:00:00,23.44,298.29504,990.7787,5.375594,52.518196,0.0,0.0
2022-10-12 18:00:00,22.0,297.3595,990.90454,5.458229,55.729507,0.0,0.0
2022-10-12 19:00:00,20.84,296.08575,991.62256,4.9953694,58.772896,0.0,0.0
2022-10-12 20:00:00,20.04,295.15506,992.4242,5.330864,55.09473,0.0,0.0
2022-10-12 21:00:00,19.74,293.9266,993.1442,5.922165,51.679413,0.0,0.0
2022-10-12 22:00:00,20.55,293.70712,993.9986,5.7507176,50.770897,0.0,0.0
2022-10-12 23:00:00,21.18,295.09708,994.8762,7.1371746,46.174103,0.0,0.0
2022-10-13 00:00:00,21.5,297.0021,995.40594,6.8234744,41.996822,0.0,0.0
2022-10-13 01:00:00,21.79,299.12814,995.27545,6.4318686,37.83914,0.0,0.0
2022-10-13 02:00:00,21.79,301.2059,994.37146,6.1181965,34.18477,0.0,0.0
2022-10-13 03:00:00,21.9,303.042,993.3666,5.680636,31.143995,0.0,0.0
2022-10-13 04:00:00,22.17,304.5488,992.33295,5.1662073,28.488033,0.0,0.0
2022-10-13 05:00:00,22.5,305.67435,991.39276,4.8683043,26.284737,0.0,0.0
2022-10-13 06:00:00,23.08,306.40308,990.66516,4.6915107,24.661041,0.0,0.0
2022-10-13 07:00:00,23.42,306.12134,990.7286,4.2721553,23.799553,0.0,0.0
2022-10-13 08:00:00,23.15,305.9881,990.53174,4.103135,23.50151,0.0,0.0
2022-10-13 09:00:00,22.86,305.41745,990.9739,3.9230158,24.13224,0.0,0.0
2022-10-13 10:00:00,22.64,303.57935,991.5893,3.172047,29.318554,0.0,0.0
2022-10-13 11:00:00,22.71,302.03595,991.9906,3.473403,33.517693,0.0,0.0
2022-10-13 12:00:00,23.68,300.80157,992.58014,3.8620837,36.267273,0.0,0.0
2022-10-13 13:00:00,24.93,299.8191,992.66907,4.1329827,37.947792,0.0,0.0
2022-10-13 14:00:00,24.86,299.00513,992.84955,4.266333,39.028004,0.0,0.0
2022-10-13 15:00:00,25.24,298.22882,992.5009,4.1913633,39.946117,0.0,0.0
2022-10-13 16:00:00,25.52,297.4695,992.105,4.1220613,40.73617,0.0,0.0
2022-10-13 17:00:00,25.94,296.79642,991.84845,4.1174545,40.871635,0.0,0.0
2022-10-13 18:00:00,26.21,296.2522,991.9562,4.0926323,40.408722,0.0,0.0
2022-10-13 19:00:00,26.33,294.7967,992.2075,3.7150881,41.378246,0.0,0.0
2022-10-13 20:00:00,25.81,294.30524,992.9395,3.6504502,41.59191,0.0,0.0
2022-10-13 21:00:00,25.05,293.86816,993.3756,3.636308,41.511646,0.0,0.0
2022-10-13 22:00:00,24.58,294.29993,994.2486,3.4880807,39.49577,0.0,0.0
2022-10-13 23:00:00,24.67,296.88168,994.8522,4.637503,30.210981,0.0,0.0
2022-10-14 00:00:00,24.59,299.34003,995.09625,5.2215486,25.516186,0.0012814999,0.0
2022-10-14 01:00:00,24.9,301.8692,994.78625,4.765325,23.256142,0.0,0.0
2022-10-14 02:00:00,25.46,304.28506,993.931,4.2922654,21.785465,0.0,0.0
2022-10-14 03:00:00,26.43,306.27844,992.99915,3.4885442,20.910824,0.0,0.0
2022-10-14 04:00:00,27.15,307.55637,991.7457,2.3043327,20.794651,0.0,0.0
2022-10-14 05:00:00,27.18,308.32434,990.75696,1.2572272,20.844534,0.0,0.0
2022-10-14 06:00:00,27.41,308.80795,989.8689,0.70113707,20.924362,0.0,0.0
2022-10-14 07:00:00,26.53,309.2354,989.6872,0.5606097,19.765198,0.0,0.0
2022-10-14 08:00:00,25.31,309.248,989.2064,1.68053,19.835659,0.0,0.0
2022-10-14 09:00:00,25.04,308.85284,989.54236,3.5840971,20.355068,0.0,0.0
2022-10-14 10:00:00,24.68,307.26422,990.03394,4.1687913,23.523638,0.0,0.0
2022-10-14 11:00:00,24.83,305.62976,990.72015,4.345083,26.104504,0.0,0.0
2022-10-14 12:00:00,25.63,304.29193,991.23486,4.1539297,28.120487,0.0,0.0
2022-10-14 13:00:00,25.94,303.22937,991.7704,3.7948925,29.959265,0.0,0.0
2022-10-14 14:00:00,26.09,302.11707,992.0486,3.3583362,32.248764,0.0,0.0
2022-10-14 15:00:00,26.4,301.01526,991.79987,3.2064846,34.50807,0.0,0.0
2022-10-14 16:00:00,26.1,299.98596,991.54083,3.2746942,35.97766,0.0,0.0
2022-10-14 17:00:00,25.77,299.08203,991.2608,3.3102288,36.906082,0.0,0.0
2022-10-14 18:00:00,25.75,298.30396,991.33716,3.1477985,38.093563,0.0,0.0
2022-10-14 19:00:00,25.87,297.23297,991.51404,3.0584648,40.918713,0.0,0.0
2022-10-14 20:00:00,25.81,296.46277,992.0123,2.637739,43.46033,0.0,0.0
2022-10-14 21:00:00,25.81,295.60187,992.5592,2.1929073,48.61761,0.0,0.0
2022-10-14 22:00:00,26.38,295.6593,993.4995,1.6479152,53.875523,0.0,0.0
2022-10-14 23:00:00,26.6,299.36478,994.1705,1.8137585,34.86074,0.0,0.0
2022-10-15 00:00:00,27.53,302.36932,994.79614,2.415076,28.422457,0.0,0.0
2022-10-15 01:00:00,27.74,305.27368,994.45013,2.5866854,24.353296,0.0,0.0
2022-10-15 02:00:00,27.8,307.7472,993.6101,2.5486138,21.548763,0.0,0.0
2022-10-15 03:00:00,27.6,309.16284,992.75885,1.953805,20.42691,0.0,0.0
2022-10-15 04:00:00,28.28,310.1137,992.0391,1.4764764,19.648806,0.0,0.0
2022-10-15 05:00:00,28.39,310.80478,991.2357,1.4345104,19.059225,0.0,0.0
2022-10-15 06:00:00,28.43,311.30804,990.3933,1.8426484,18.642403,0.0,0.0
2022-10-15 07:00:00,28.52,312.0349,989.89264,2.4280913,17.833393,0.0,0.0
2022-10-15 08:00:00,28.1,311.82654,989.81,2.8705525,17.952208,0.0,0.0
2022-10-15 09:00:00,28.06,311.25333,990.25507,3.321595,18.531439,0.0,0.0
2022-10-15 10:00:00,28.21,309.71796,991.1213,3.2530906,21.096207,0.0,0.0
2022-10-15 11:00:00,28.06,308.26117,991.7615,3.704808,23.729668,0.0,0.0
2022-10-15 12:00:00,27.89,306.9685,992.52563,4.0365405,26.118868,0.0,0.0
2022-10-15 13:00:00,28.86,306.0064,992.6311,4.147338,27.959194,0.0,0.0
2022-10-15 14:00:00,30.46,304.99066,992.77124,3.879775,30.031862,0.0,0.0
2022-10-15 15:00:00,31.69,303.82343,992.606,3.666951,32.90271,0.0,0.0
2022-10-15 16:00:00,32.15,302.9812,992.5589,4.565949,35.564,0.0,0.0
2022-10-15 17:00:00,31.51,302.1795,992.76544,4.766663,37.704823,0.0,0.0
2022-10-15 18:00:00,30.49,301.5843,992.81604,3.7784147,38.34948,0.0,0.0
2022-10-15 19:00:00,28.76,300.35126,993.2365,4.076316,41.43702,0.0,0.0
2022-10-15 20:00:00,27.09,299.64746,993.58655,3.7678964,42.713043,0.0,0.0
2022-10-15 21:00:00,25.81,298.82294,994.1322,3.442497,44.219227,0.0,0.0
2022-10-15 22:00:00,25.53,299.08936,994.87384,3.0750332,42.92229,0.0,0.0
2022-10-15 23:00:00,25.58,301.50467,995.40643,3.6520739,33.971066,0.0,0.0
2022-10-16 00:00:00,26.63,303.8258,995.97107,2.988424,27.64312,0.0,0.0
2022-10-16 01:00:00,26.88,305.91156,995.73016,2.1341677,24.702139,0.0,0.0
2022-10-16 02:00:00,27.13,307.9259,994.89185,1.7706485,22.407799,0.0,0.0
2022-10-16 03:00:00,27.12,309.707,994.1248,1.7121652,20.031021,0.0,0.0
2022-10-16 04:00:00,27.03,310.9496,993.02576,1.821193,18.395107,0.0,0.0
2022-10-16 05:00:00,26.82,311.7082,992.0795,1.873896,17.604246,0.0,0.0
2022-10-16 06:00:00,27.26,312.13303,991.1975,1.8281306,17.24562,0.0,0.0
2022-10-16 07:00:00,26.86,312.8405,990.59375,1.9688714,16.445116,0.0,0.0
2022-10-16 08:00:00,26.93,312.5696,990.34045,2.0772064,16.593973,0.0,0.0
2022-10-16 09:00:00,26.78,312.10556,990.7759,2.5385864,16.932459,0.0,0.0
2022-10-16 10:00:00,26.63,310.6787,991.548,2.951148,19.133448,0.0,0.0
2022-10-16 11:00:00,26.72,309.1712,991.9949,3.4813356,21.300697,0.0,0.0
2022-10-16 12:00:00,26.95,307.8896,992.5189,3.8537383,22.976267,0.0,0.0
2022-10-16 13:00:00,26.86,306.8474,992.6663,4.1155806,24.056135,0.0,0.0
2022-10-16 14:00:00,26.82,306.06128,992.67377,4.059625,24.73067,0.0,0.0
2022-10-16 15:00:00,27.36,304.83636,992.26483,3.4373739,26.495834,0.0,0.0
2022-10-16 16:00:00,27.73,303.29953,992.3591,1.9697189,32.99714,0.0,0.0
2022-10-16 17:00:00,28.41,302.6451,992.2417,1.1492596,38.241547,0.0,0.0
2022-10-16 18:00:00,29.09,301.30176,992.28326,2.1499944,38.914154,0.0,0.0
2022-10-16 19:00:00,29.97,300.6493,992.65216,3.8888183,36.88708,0.0,0.0
2022-10-16 20:00:00,31.03,299.87473,992.9327,3.787566,39.514114,0.0,0.0
2022-10-16 21:00:00,31.16,299.18594,993.7636,3.3977025,42.103813,0.0,0.0
2022-10-16 22:00:00,30.71,299.4615,994.60846,2.7668097,42.895863,0.0,0.0
2022-10-16 23:00:00,29.77,302.18655,995.27686,2.9757245,35.8282,0.0,0.0
2022-10-17 00:00:00,29.68,304.29877,995.5539,3.5762298,31.538689,0.0,0.0
2022-10-17 01:00:00,29.5,306.34216,995.0711,4.019722,28.572937,0.0,0.0
2022-10-17 02:00:00,29.7,308.32867,994.06604,4.499796,25.923565,0.0,0.0
2022-10-17 03:00:00,29.25,309.87048,992.98596,4.5211678,23.466988,0.0,0.0
2022-10-17 04:00:00,28.87,310.89252,991.8361,3.9035156,21.565495,0.0,0.0
2022-10-17 05:00:00,28.52,311.28882,990.97095,3.7029824,20.500402,0.0,0.0
2022-10-17 06:00:00,27.64,311.52213,990.10846,3.9327056,19.924694,0.0,0.0
2022-10-17 07:00:00,27.33,311.80017,989.59924,3.4685314,18.288153,0.0,0.0
2022-10-17 08:00:00,26.72,311.6747,989.09216,3.8321667,18.275887,0.0,0.0
2022-10-17 09:00:00,25.61,310.98813,989.4761,3.9979684,18.974228,0.0,0.0
2022-10-17 10:00:00,24.11,309.50137,989.94055,3.1328099,21.331,0.0,0.0
2022-10-17 11:00:00,23.32,308.22137,990.52167,2.9600523,23.789293,0.0,0.0
2022-10-17 12:00:00,23.94,307.2326,990.9718,3.0470433,26.016441,0.0,0.0
2022-10-17 13:00:00,25.26,305.98187,991.4215,3.299096,28.777987,0.0,0.0
2022-10-17 14:00:00,26.66,305.04095,991.52716,3.8541315,31.1307,0.0,0.0
2022-10-17 15:00:00,28.77,304.48016,991.66595,5.22771,32.905724,0.0,0.0
2022-10-17 16:00:00,29.83,303.92816,991.21405,6.0562563,35.092487,0.0,0.0
2022-10-17 17:00:00,30.68,303.23743,990.95593,5.479753,36.76644,0.0,0.0
2022-10-17 18:00:00,31.06,302.37573,990.7047,4.8472,38.511402,0.0,0.0
2022-10-17 19:00:00,29.13,300.3599,991.32056,3.7295804,43.32733,0.0,0.0
2022-10-17 20:00:00,26.0,299.66226,991.8064,3.8907027,43.985954,0.0,0.0
2022-10-17 21:00:00,23.58,299.1433,992.8473,4.3317447,39.509083,0.0,0.0
2022-10-17 22:00:00,22.5,299.52246,993.784,4.9210467,28.265358,0.0,0.0
2022-10-17 23:00:00,21.29,301.1786,994.8142,6.802629,17.132582,0.0,0.0
2022-10-18 00:00:00,20.17,302.78253,995.2196,6.7936172,14.116756,0.0012904406,0.0
2022-10-18 01:00:00,20.15,304.61804,994.9788,6.3061476,12.580951,0.0,0.0
2022-10-18 02:00:00,19.79,306.38803,994.20483,5.600074,11.70638,0.0,0.0
2022-10-18 03:00:00,19.22,307.90518,993.21405,4.8687477,11.408579,0.0,0.0
2022-10-18 04:00:00,18.81,309.0583,992.0228,4.138193,11.719366,0.0,0.0
2022-10-18 05:00:00,18.58,309.89755,991.1386,3.7917576,12.404517,0.0,0.0
2022-10-18 06:00:00,18.84,310.41718,990.41626,3.870965,13.153163,0.0,0.0
2022-10-18 07:00:00,19.66,310.46735,990.1175,3.454713,13.834387,0.0,0.0
2022-10-18 08:00:00,20.31,310.19244,989.97064,4.0264697,14.238659,0.0,0.0
2022-10-18 09:00:00,21.04,309.40924,990.1822,4.52779,14.561913,0.0,0.0
2022-10-18 10:00:00,21.8,307.82428,991.0753,4.259458,15.720768,0.0,0.0
2022-10-18 11:00:00,22.2,306.3876,991.8907,4.591315,16.37281,0.0,0.0
2022-10-18 12:00:00,22.36,305.12872,992.37103,4.8547254,16.527267,0.0,0.0
2022-10-18 13:00:00,21.96,304.01935,993.0054,5.0681157,16.46521,0.0,0.0
2022-10-18 14:00:00,21.13,302.96396,993.3031,5.0617795,16.416683,0.0,0.0
2022-10-18 15:00:00,20.6,301.97543,993.2492,4.904207,16.451485,0.0,0.0
2022-10-18 16:00:00,19.79,301.03647,992.80914,4.8624625,16.508646,0.0,0.0
2022-10-18 17:00:00,19.12,300.18854,992.34424,4.93071,16.425714,0.0,0.0
2022-10-18 18:00:00,18.82,299.39542,992.2452,4.8165693,16.29428,0.0,0.0
2022-10-18 19:00:00,18.47,297.9827,992.5711,4.2695193,18.853136,0.0,0.0
2022-10-18 20:00:00,17.78,297.24225,993.00397,4.217351,18.85007,0.0,0.0
2022-10-18 21:00:00,17.89,296.58667,993.8679,4.054635,19.069233,0.0,0.0
2022-10-18 22:00:00,18.59,296.96783,994.9324,3.664822,18.72379,0.0,0.0
2022-10-18 23:00:00,18.87,299.49496,996.0442,4.955573,15.388878,0.0,0.0
2022-10-19 00:00:00,19.45,302.20575,996.35455,5.28396,12.969369,0.0012993813,0.0
2022-10-19 01:00:00,19.99,304.9615,995.72455,5.10207,11.047855,0.0,0.0
2022-10-19 02:00:00,21.28,307.28442,994.83374,4.500604,10.113508,0.0,0.0
2022-10-19 03:00:00,22.59,308.86713,993.5867,3.4614987,10.140306,0.0,0.0
2022-10-19 04:00:00,23.8,309.96417,992.5036,2.7924852,10.807279,0.0,0.0
2022-10-19 05:00:00,24.97,310.75443,991.4856,2.9398584,11.363425,0.0,0.0
2022-10-19 06:00:00,25.86,311.2764,990.76263,3.2445693,11.381086,0.0,0.0
2022-10-19 07:00:00,26.23,311.34503,990.81714,3.7013884,12.145357,0.0,0.0
2022-10-19 08:00:00,26.37,310.9533,990.7419,3.5294285,12.408545,0.0,0.0
2022-10-19 09:00:00,27.0,310.26135,990.94495,3.3698244,12.777287,0.0,0.0
2022-10-19 10:00:00,27.6,308.91913,992.0645,2.8778665,14.272933,0.0,0.0
2022-10-19 11:00:00,28.25,307.50073,992.774,3.3476493,15.848109,0.0,0.0
2022-10-19 12:00:00,29.16,306.25177,993.0745,4.2350807,16.919407,0.0,0.0
2022-10-19 13:00:00,29.99,305.39832,993.2589,5.043296,17.249819,0.0,0.0
2022-10-19 14:00:00,30.94,304.47205,993.4217,5.32903,17.686916,0.0,0.0
2022-10-19 15:00:00,31.62,303.65717,993.1909,4.707704,18.336788,0.0,1.26
2022-10-19 16:00:00,31.83,302.86896,993.09406,3.4533749,19.422438,0.0,0.0
2022-10-19 17:00:00,31.56,302.4126,992.9712,2.4083385,20.970348,0.0,0.0
2022-10-19 18:00:00,30.95,301.82663,993.17236,1.7875638,25.20394,0.0,0.0
2022-10-19 19:00:00,30.8,301.3709,993.0397,1.850998,27.661386,0.0,0.25
2022-10-19 20:00:00,30.38,300.7699,993.65204,1.3942121,34.842,0.0,0.0
2022-10-19 21:00:00,29.74,300.39755,994.71716,1.0602086,39.12907,0.0,0.0
2022-10-19 22:00:00,29.17,300.3129,995.6142,0.5777714,42.967216,0.0,0.0
2022-10-19 23:00:00,28.64,301.11798,996.5003,0.39903292,40.726105,0.0,0.0
2022-10-20 00:00:00,29.43,303.24847,996.7045,0.99772996,21.032343,0.0017195939,0.0
2022-10-20 01:00:00,28.73,304.98587,996.46313,1.6667558,17.215536,0.0,0.0
2022-10-20 02:00:00,28.55,306.5547,995.71844,2.2337527,15.0271435,0.0,0.0
2022-10-20 03:00:00,28.72,307.80078,994.9508,2.3663375,13.712036,0.0,0.0
2022-10-20 04:00:00,28.45,308.9375,993.9812,1.7957954,13.90584,0.0,0.0
2022-10-20 05:00:00,28.17,309.74298,993.1418,1.0755285,13.834146,0.0,0.0
2022-10-20 06:00:00,28.07,310.27698,992.1639,0.73838454,13.499568,0.0,0.0
2022-10-20 07:00:00,28.45,311.23535,991.49115,1.1501913,14.573902,0.0,0.0
2022-10-20 08:00:00,28.91,311.0157,991.4244,1.0124657,14.712113,0.0,0.0
2022-10-20 09:00:00,28.66,310.70782,991.7562,1.3541605,14.923642,0.0,0.0
2022-10-20 10:00:00,28.38,309.7288,992.5787,1.5703698,16.598803,0.0,0.0
2022-10-20 11:00:00,27.97,308.46423,993.04565,1.8650488,19.040335,0.0,0.0
2022-10-20 12:00:00,28.05,307.17087,993.50305,2.1741123,22.118343,0.0,0.0
2022-10-20 13:00:00,27.85,305.74002,993.84875,2.3254302,25.366444,0.0,0.0
2022-10-20 14:00:00,27.9,304.37006,993.80304,2.4456546,28.240183,0.0,0.0
2022-10-20 15:00:00,27.54,303.24542,993.317,2.4567776,30.73878,0.0,0.0
2022-10-20 16:00:00,27.05,302.2214,992.6978,2.3632216,33.16947,0.0,0.0
2022-10-20 17:00:00,26.22,301.08954,992.37524,2.4297972,35.00722,0.0,0.0
2022-10-20 18:00:00,25.79,300.25934,992.5436,2.2918923,36.77896,0.0,0.0
2022-10-20 19:00:00,26.05,299.35486,993.39905,1.792799,44.162533,0.0,0.0
2022-10-20 20:00:00,25.97,298.8479,993.82513,1.6446217,46.221233,0.0,0.0
2022-10-20 21:00:00,25.73,298.6349,994.92206,2.4118547,44.44286,0.0,0.0
2022-10-20 22:00:00,26.13,298.692,995.6838,1.5557569,51.951122,0.0,0.0
2022-10-20 23:00:00,26.38,301.983,996.26843,1.1147197,39.093987,0.0,0.0
2022-10-21 00:00:00,26.58,304.5693,996.45984,1.1838257,31.863836,0.0017341574,0.0
2022-10-21 01:00:00,26.21,307.26562,995.96625,1.7842048,22.30326,0.0,0.0
2022-10-21 02:00:00,26.06,309.68457,994.90283,3.3056762,16.006096,0.0,0.0
2022-10-21 03:00:00,25.99,311.31213,993.8257,3.5754998,13.049327,0.0,0.0
2022-10-21 04:00:00,25.87,312.19055,992.6439,2.8593364,12.185422,0.0,0.0
2022-10-21 05:00:00,25.8,312.64508,991.5825,2.0664022,11.990411,0.0,0.0
2022-10-21 06:00:00,25.31,312.83182,990.5578,1.4680989,11.967958,0.0,0.0
2022-10-21 07:00:00,25.28,313.0656,990.0193,1.0931085,12.322142,0.0,0.0
2022-10-21 08:00:00,25.31,312.83362,989.56146,1.6821798,12.600597,0.0,0.0
2022-10-21 09:00:00,25.57,312.4035,989.7761,2.0969758,13.102749,0.0,0.0
2022-10-21 10:00:00,25.98,311.3551,990.7433,2.218244,14.701641,0.0,0.0
2022-10-21 11:00:00,26.34,310.0954,991.4353,2.5800672,16.79208,0.0,0.0
2022-10-21 12:00:00,26.67,309.12427,991.791,2.5317662,18.623314,0.0,0.0
2022-10-21 13:00:00,25.99,307.90497,992.1342,2.2303395,21.471422,0.0,0.0
2022-10-21 14:00:00,24.95,306.65048,992.13916,2.2345037,24.289713,0.0,0.0
2022-10-21 15:00:00,24.92,305.62198,991.5251,2.5773823,25.923166,0.0,0.0
2022-10-21 16:00:00,25.04,305.08777,990.77014,4.1001835,25.906506,0.0,0.0
2022-10-21 17:00:00,25.13,304.3368,990.29596,5.9937477,29.48429,0.0,0.0
2022-10-21 18:00:00,25.93,303.57486,990.245,6.2266417,33.975655,0.0,0.0
2022-10-21 19:00:00,26.02,303.37097,991.14764,5.286568,36.17977,0.0,0.0
2022-10-21 20:00:00,26.56,302.91785,991.5765,4.7983046,37.21734,0.0,0.0
2022-10-21 21:00:00,26.97,302.13275,992.56354,3.7118719,38.947765,0.0,0.0
2022-10-21 22:00:00,27.76,301.9443,993.2449,2.8117306,39.96107,0.0,0.0
2022-10-21 23:00:00,28.35,303.6641,994.0506,3.569543,35.49039,0.0,0.0
2022-10-22 00:00:00,28.54,305.56216,994.4892,3.7015188,31.01326,0.0,0.0
2022-10-22 01:00:00,28.59,307.45334,994.11346,4.079222,27.324781,0.0,0.0
2022-10-22 02:00:00,28.91,309.56976,993.39844,4.8559704,24.01819,0.0,0.0
2022-10-22 03:00:00,29.28,311.2445,992.3535,5.3619537,21.752525,0.0,0.0
2022-10-22 04:00:00,29.08,312.12347,991.15955,5.2846565,20.059406,0.0,0.0
2022-10-22 05:00:00,29.03,312.74225,990.12054,5.0959973,18.382475,0.0,0.0
2022-10-22 06:00:00,29.15,312.813,989.4164,4.959218,17.845177,0.0,0.0
2022-10-22 07:00:00,29.55,312.96896,988.68896,4.6354985,16.42169,0.0,0.0
2022-10-22 08:00:00,28.75,312.5822,988.47174,4.7252445,16.703026,0.0,0.0
2022-10-22 09:00:00,27.92,312.01703,988.91016,4.722708,17.301506,0.0,0.0
2022-10-22 10:00:00,27.63,310.75748,989.54016,3.7685032,18.967329,0.0,0.0
2022-10-22 11:00:00,28.59,309.30215,990.2776,3.501993,21.158127,0.0,0.0
2022-10-22 12:00:00,30.61,308.07205,990.40576,3.5122628,23.312115,0.0,0.0
2022-10-22 13:00:00,32.5,307.1349,990.9817,3.6575873,25.246227,0.0,0.0
2022-10-22 14:00:00,34.06,306.30386,991.02057,4.3491726,27.262407,0.0,0.0
2022-10-22 15:00:00,34.02,305.49554,990.6244,5.2696996,30.956566,0.0,0.0
2022-10-22 16:00:00,33.29,304.57104,990.0561,5.394761,36.645,0.0,0.0
2022-10-22 17:00:00,33.11,303.56915,989.3033,5.263362,42.647495,0.0,0.0
2022-10-22 18:00:00,33.08,302.54962,989.1736,4.992255,47.860405,0.0,0.0
2022-10-22 19:00:00,32.17,301.2893,989.59564,4.340587,51.27362,0.0,0.0
2022-10-22 20:00:00,30.86,300.49896,989.9132,3.7785428,54.07458,0.0,0.0
2022-10-22 21:00:00,30.33,299.72614,990.5686,3.3078704,57.18239,0.0,0.0
2022-10-22 22:00:00,30.27,299.97977,991.21295,3.2587237,57.16704,0.0,0.0
2022-10-22 23:00:00,29.72,301.40967,992.10986,4.3823743,52.8956,0.0,0.0
2022-10-23 00:00:00,29.55,303.38055,992.231,4.5641065,46.86517,0.0,0.0
2022-10-23 01:00:00,29.05,305.82373,992.1025,4.822723,39.85486,0.0,0.0
2022-10-23 02:00:00,28.4,308.17096,991.094,5.245182,33.34257,0.0,0.0
2022-10-23 03:00:00,27.62,310.40903,990.063,5.614772,27.294525,0.0,0.0
2022-10-23 04:00:00,26.35,312.19858,988.84686,6.016139,21.999447,0.0,0.0
2022-10-23 05:00:00,25.44,313.27576,987.6898,6.022534,17.977402,0.0,0.0
2022-10-23 06:00:00,24.49,313.68436,986.6925,5.729867,15.764578,0.0,0.0
2022-10-23 07:00:00,23.18,313.801,986.1004,6.11285,15.259324,0.0,0.0
2022-10-23 08:00:00,22.56,313.3708,985.90314,6.089272,15.280617,0.0,0.0
2022-10-23 09:00:00,23.7,312.5424,986.24097,5.790841,16.041008,0.0,0.0
2022-10-23 10:00:00,24.96,311.1229,987.1822,4.1396704,17.862795,0.0,0.0
2022-10-23 11:00:00,26.13,309.82935,987.7662,3.380534,19.73051,0.0,0.0
2022-10-23 12:00:00,27.65,308.82697,988.5625,4.0571,21.350304,0.0,0.0
2022-10-23 13:00:00,29.06,307.73038,988.91766,6.1858134,25.916237,0.0,0.0
2022-10-23 14:00:00,30.23,306.42236,989.3292,6.6551895,34.24813,0.0,0.0
2022-10-23 15:00:00,29.98,305.2202,988.84906,6.089564,38.330475,0.0,0.0
2022-10-23 16:00:00,29.27,304.1316,988.5211,5.7605424,40.19763,0.0,0.0
2022-10-23 17:00:00,27.16,303.00598,987.9277,5.524989,41.890823,0.0,0.0
2022-10-23 18:00:00,25.96,301.94864,987.89844,5.2573757,43.84068,0.0,0.0
2022-10-23 19:00:00,26.53,301.0286,988.7425,5.0255623,46.863544,0.0,0.0
2022-10-23 20:00:00,27.62,300.19568,989.13336,4.611638,48.509014,0.0,0.0
2022-10-23 21:00:00,28.64,299.52686,989.9736,4.3035946,50.494267,0.0,0.0
2022-10-23 22:00:00,29.06,299.72974,991.04486,4.109549,50.406593,0.0,0.0
2022-10-23 23:00:00,28.52,301.34784,991.65314,4.7608404,45.029633,0.0,0.0
2022-10-24 00:00:00,27.32,303.3246,991.77344,4.63294,39.792587,0.0,0.0
2022-10-24 01:00:00,26.73,305.77087,991.15393,4.7036376,34.268818,0.0,0.0
2022-10-24 02:00:00,25.76,308.21558,990.1794,4.8670616,29.1064,0.0,0.0
2022-10-24 03:00:00,24.35,310.2096,989.082,4.9025574,25.527042,0.0,0.0
2022-10-24 04:00:00,23.09,311.78375,988.0432,4.9079456,22.117609,0.0,0.0
2022-10-24 05:00:00,23.24,312.64264,987.03827,5.0760794,19.448174,0.0,0.0
2022-10-24 06:00:00,23.25,313.0158,986.2361,5.2418723,18.056835,0.0,0.0
2022-10-24 07:00:00,23.5,313.60522,985.78107,5.6125083,15.303289,0.0,0.0
2022-10-24 08:00:00,24.19,313.21912,985.53986,5.7730017,15.186538,0.0,0.0
2022-10-24 09:00:00,25.44,312.44104,986.269,5.8179736,15.90764,0.0,0.0
2022-10-24 10:00:00,26.3,310.93088,987.1133,4.723235,17.983448,0.0,0.0
2022-10-24 11:00:00,27.5,309.5267,988.15393,4.7975297,20.47616,0.0,0.0
2022-10-24 12:00:00,28.94,308.2566,989.07733,5.4353595,23.671309,0.0,0.0
2022-10-24 13:00:00,29.65,307.1255,989.5559,6.029809,28.3795,0.0,0.0
2022-10-24 14:00:00,30.64,306.0229,989.8254,6.4112267,34.47724,0.0,0.0
2022-10-24 15:00:00,31.62,304.71338,989.2322,6.866263,40.980667,0.0,0.0
2022-10-24 16:00:00,31.46,303.33813,988.77057,7.009359,46.622505,0.0,0.0
2022-10-24 17:00:00,30.86,302.1362,988.5828,6.446402,50.630207,0.0,0.0
2022-10-24 18:00:00,30.53,301.1841,988.54706,5.8166523,53.469074,0.0,0.0
2022-10-24 19:00:00,31.07,300.43265,989.6381,5.371129,55.44347,0.0,0.0
2022-10-24 20:00:00,30.32,299.74567,990.3069,4.762663,56.96867,0.0,0.0
2022-10-24 21:00:00,30.35,299.15353,991.24854,3.9939158,58.100998,0.0,0.0
2022-10-24 22:00:00,29.92,299.50418,991.9553,3.6419408,55.776016,0.0,0.0
2022-10-24 23:00:00,29.09,301.2323,992.88617,4.362585,46.952076,0.0,0.0
2022-10-25 00:00:00,31.42,303.33493,993.14874,4.947531,38.359867,0.0,0.0
2022-10-25 01:00:00,31.98,305.41418,992.971,5.2069287,32.227955,0.0,0.0
2022-10-25 02:00:00,32.59,307.26422,992.31635,5.203487,29.48423,0.0,0.0
2022-10-25 03:00:00,32.47,308.89032,991.09375,5.367724,26.722305,0.0,0.0
2022-10-25 04:00:00,32.87,310.2904,989.95,5.6453753,23.522333,0.0,0.0
2022-10-25 05:00:00,33.11,311.31625,989.11975,5.8930974,21.130154,0.0,0.0
2022-10-25 06:00:00,33.94,311.87,988.0656,6.1678143,19.921152,0.0,0.0
2022-10-25 07:00:00,33.96,311.96027,987.9487,6.6857243,20.589647,0.0,0.0
2022-10-25 08:00:00,33.82,311.33652,987.9239,6.7122426,21.170527,0.0,0.0
2022-10-25 09:00:00,33.51,310.65033,988.3845,6.1870127,21.904957,0.0,0.0
2022-10-25 10:00:00,33.1,309.77173,989.1091,4.615018,23.051952,0.0,0.0
2022-10-25 11:00:00,32.1,308.6718,989.8147,3.5344226,24.69621,0.0,0.0
2022-10-25 12:00:00,32.24,307.656,990.437,3.2111735,26.251804,0.0,0.0
2022-10-25 13:00:00,32.56,306.60956,990.68945,3.583859,27.54024,0.0,0.0
2022-10-25 14:00:00,32.99,305.70526,991.14185,3.9196658,28.742556,0.0,0.0
2022-10-25 15:00:00,33.32,304.58655,990.56287,4.0312476,31.211805,0.0,0.0
2022-10-25 16:00:00,33.3,303.50073,989.9877,4.305739,34.969532,0.0,0.0
2022-10-25 17:00:00,33.47,302.65607,989.46893,4.4976254,38.987614,0.0,0.0
2022-10-25 18:00:00,33.69,301.7479,989.35516,4.545698,43.082863,0.0,0.0
2022-10-25 19:00:00,34.17,300.44348,989.514,4.3855195,48.092804,0.0,0.0
2022-10-25 20:00:00,34.26,299.63733,990.1523,4.386994,50.56469,0.0,0.0
2022-10-25 21:00:00,34.35,299.04703,990.90533,4.2454243,52.298767,0.0,0.0
2022-10-25 22:00:00,34.86,299.4907,991.74524,4.295255,51.011562,0.0,0.0
2022-10-25 23:00:00,35.35,301.21375,992.6704,4.9150085,46.308006,0.0,0.0
2022-10-26 00:00:00,34.19,303.2709,992.84814,4.562695,40.2649,0.0017284672,0.0
2022-10-26 01:00:00,34.05,305.58655,992.73376,4.409791,33.731243,0.0,0.0
2022-10-26 02:00:00,33.74,307.4641,991.78217,4.071988,29.088636,0.0,0.0
2022-10-26 03:00:00,33.24,309.02792,990.7609,3.7976463,25.000658,0.0,0.0
2022-10-26 04:00:00,32.63,310.36816,989.6091,3.8999605,21.615353,0.0,0.0
2022-10-26 05:00:00,32.22,311.31534,988.5597,4.2867,19.618246,0.0,0.0
2022-10-26 06:00:00,31.74,311.92502,987.4662,4.7744317,18.50126,0.0,0.0
2022-10-26 07:00:00,31.5,312.1593,987.142,5.077644,17.046392,0.0,0.0
2022-10-26 08:00:00,31.75,311.83817,986.9359,5.1098404,17.276562,0.0,0.0
2022-10-26 09:00:00,32.22,311.07776,987.41675,5.0225306,18.223804,0.03786385,0.12
2022-10-26 10:00:00,32.88,309.8907,988.1802,4.4218597,20.501635,0.0,0.0
2022-10-26 11:00:00,33.72,308.4076,988.9291,3.6341574,24.326859,0.31995773,0.0
2022-10-26 12:00:00,33.39,307.4024,989.2364,3.5532672,26.400454,0.0,0.0
2022-10-26 13:00:00,33.31,306.68652,989.65063,3.6666212,28.701454,0.0,0.0
2022-10-26 14:00:00,33.36,305.7475,989.6598,4.341266,31.417135,0.0,0.0
2022-10-26 15:00:00,34.27,304.6622,989.15436,5.1969423,37.083515,0.0,0.0
2022-10-26 16:00:00,34.59,303.35278,988.7428,5.9022803,46.92386,0.0,0.0
2022-10-26 17:00:00,36.41,302.38397,988.48456,6.011232,55.35559,0.0,0.0
2022-10-26 18:00:00,38.24,301.69693,988.59937,5.6935277,57.92989,0.0,0.0
2022-10-26 19:00:00,38.17,301.31882,989.1394,5.025342,54.74485,0.0,0.0
2022-10-26 20:00:00,37.94,300.77023,989.3091,4.4793096,53.922688,0.0,0.0
2022-10-26 21:00:00,37.41,300.06433,990.4255,4.136753,54.95845,0.0,0.0
2022-10-26 22:00:00,37.12,300.4393,991.0669,4.724986,53.299217,0.0,0.0
2022-10-26 23:00:00,36.89,301.9118,991.6261,5.489763,47.531,0.0,0.0
2022-10-27 00:00:00,37.79,303.92096,991.71533,5.456046,40.680283,0.35783648,0.0
2022-10-27 01:00:00,36.61,306.14825,991.42096,5.250433,33.17717,0.0,0.0
2022-10-27 02:00:00,35.88,308.17316,990.4384,4.4216866,26.754093,0.0,0.0
2022-10-27 03:00:00,35.69,309.59772,989.4369,3.0881352,22.94139,0.0,0.0
2022-10-27 04:00:00,35.22,310.6269,988.46826,2.2592826,20.944448,0.0,0.0
2022-10-27 05:00:00,35.36,311.29358,987.6301,2.7588446,20.07181,0.0,0.0
2022-10-27 06:00:00,34.61,311.75992,986.55,3.472878,19.881306,0.0,0.0
2022-10-27 07:00:00,34.12,311.97632,986.0693,3.274715,18.611292,0.0,0.0
2022-10-27 08:00:00,32.96,311.6682,985.7991,3.564811,19.599463,0.0,0.0
2022-10-27 09:00:00,32.14,310.9549,986.13794,3.722224,21.103037,0.0,0.0
2022-10-27 10:00:00,32.52,310.04443,987.0989,3.3900337,23.01922,0.0,0.0
2022-10-27 11:00:00,33.54,309.0052,987.743,3.0900939,25.228008,0.0,0.0
2022-10-27 12:00:00,34.15,308.0282,988.41846,3.2878394,27.393951,0.0,0.0
2022-10-27 13:00:00,34.43,307.14532,988.6756,4.184145,29.548958,0.0,0.0
2022-10-27 14:00:00,35.3,306.2515,989.3628,5.8711376,33.46407,0.0,0.0
2022-10-27 15:00:00,36.64,305.1602,989.2933,6.6759486,39.3147,0.0,0.0
2022-10-27 16:00:00,38.02,304.25726,988.9855,6.389857,43.701225,0.0,0.0
2022-10-27 17:00:00,38.53,303.45154,988.59033,6.1638813,46.508865,0.0,0.0
2022-10-27 18:00:00,38.65,302.6136,988.53326,5.794854,48.937153,0.0,0.0
2022-10-27 19:00:00,38.56,301.7099,989.10425,5.378786,51.57016,0.0,0.0
2022-10-27 20:00:00,37.56,300.86053,989.39264,5.458188,54.089386,0.0,0.0
2022-10-27 21:00:00,38.61,300.1006,990.4803,4.725214,56.75533,0.0,0.0
2022-10-27 22:00:00,41.44,300.2362,991.70703,4.141365,56.48204,0.0,0.0
2022-10-27 23:00:00,43.88,301.49115,992.40405,3.9902873,51.345814,0.0,0.0
2022-10-28 00:00:00,42.32,303.38086,992.5309,4.088852,44.21349,0.0,0.0
2022-10-28 01:00:00,42.04,305.3181,992.05804,4.1700706,38.5443,0.0,0.0
2022-10-28 02:00:00,41.61,307.10904,991.1397,4.0766025,34.032124,0.0,0.0
2022-10-28 03:00:00,40.77,308.79932,990.12714,3.908128,29.829603,0.0,0.0
2022-10-28 04:00:00,39.86,310.148,988.8942,3.6975424,27.01778,0.0,0.0
2022-10-28 05:00:00,39.95,310.9383,987.7551,3.1836092,25.201893,0.0,0.0
2022-10-28 06:00:00,40.19,311.31403,986.7975,3.233476,24.527855,0.0,0.0
2022-10-28 07:00:00,40.63,311.36,986.1122,2.8387845,24.062733,0.0,0.0
2022-10-28 08:00:00,41.0,311.17194,985.98376,2.8750007,24.372616,0.0,0.0
2022-10-28 09:00:00,40.94,310.70856,986.09607,3.4288528,25.275942,0.0,0.0
2022-10-28 10:00:00,40.97,309.81534,987.01196,3.9829364,27.17291,0.0,0.0
2022-10-28 11:00:00,42.05,309.15668,987.47266,4.19346,29.000252,0.0,0.0
2022-10-28 12:00:00,42.43,308.2709,987.97015,4.394193,31.200928,0.0,0.0
2022-10-28 13:00:00,42.53,307.47845,988.24884,4.5106378,33.340046,0.0,0.0
2022-10-28 14:00:00,43.31,306.7494,988.65515,4.780951,35.835587,0.0,0.0
2022-10-28 15:00:00,45.21,305.6982,988.5636,6.10749,40.51536,0.0,0.0
2022-10-28 16:00:00,46.19,304.50192,988.46313,6.8416624,45.00955,0.0,0.0
2022-10-28 17:00:00,44.73,303.4475,988.37885,6.398779,46.287052,0.0,0.0
2022-10-28 18:00:00,43.69,302.65607,988.52844,5.7271376,46.607334,0.0,0.0
2022-10-28 19:00:00,41.81,301.62238,988.5676,4.3196344,49.79103,0.0,0.0
2022-10-28 20:00:00,39.7,300.9168,988.99615,4.147797,50.77924,0.0,0.0
2022-10-28 21:00:00,38.38,300.3041,989.9758,3.9112258,51.900482,0.0,0.0
2022-10-28 22:00:00,36.68,300.3715,990.9503,4.3615117,50.772316,0.0,0.0
2022-10-28 23:00:00,34.79,301.5018,991.5073,4.169351,46.67405,0.0,0.0
2022-10-29 00:00:00,33.65,303.1629,991.9411,4.03878,42.024906,0.0,0.0
2022-10-29 01:00:00,33.26,304.89804,991.5559,3.957927,38.498898,0.0,0.0
2022-10-29 02:00:00,32.6,306.46594,990.8176,3.5798554,35.841995,0.0,0.0
2022-10-29 03:00:00,32.26,307.89532,989.9118,3.480666,33.039513,0.0,0.0
2022-10-29 04:00:00,33.1,309.25275,988.81836,3.9830232,30.05256,0.0,0.0
2022-10-29 05:00:00,35.78,310.3341,987.9476,4.5073137,27.77993,0.0,0.0
2022-10-29 06:00:00,37.94,310.77167,987.03735,4.8192053,26.473171,0.0,0.0
2022-10-29 07:00:00,39.35,310.8717,986.43634,5.3214116,24.045761,0.0,0.0
2022-10-29 08:00:00,40.23,310.57913,986.1294,5.614987,24.539865,0.0,0.0
2022-10-29 09:00:00,40.93,309.8192,986.5069,5.9013243,26.161068,0.0,0.0
2022-10-29 10:00:00,42.05,308.86465,986.8047,6.344541,28.2233,0.0,0.0
2022-10-29 11:00:00,43.28,308.2268,987.3297,6.199763,29.47909,0.0,0.0
2022-10-29 12:00:00,43.98,307.28503,987.8114,7.438652,31.919771,0.0,0.0
2022-10-29 13:00:00,43.33,305.5885,988.71875,8.198954,38.44758,0.0,0.0
2022-10-29 14:00:00,42.34,304.01617,989.5974,7.8116817,45.11545,0.0,0.0
2022-10-29 15:00:00,42.22,302.7241,989.71967,7.189419,48.63471,0.0,0.0
2022-10-29 16:00:00,40.78,301.51846,989.7528,6.59882,49.72772,0.0,0.0
2022-10-29 17:00:00,38.93,300.48083,989.8739,5.9938874,51.387936,0.0,0.0
2022-10-29 18:00:00,38.72,299.6556,989.95013,5.280103,53.497772,0.0,0.0
2022-10-29 19:00:00,38.88,299.10364,990.2271,4.836976,54.97479,0.0,0.0
2022-10-29 20:00:00,38.75,298.58234,990.9009,4.3139596,56.47258,0.0,0.0
2022-10-29 21:00:00,38.98,298.1659,991.5023,3.7933161,58.02594,0.0,0.0
2022-10-29 22:00:00,39.11,298.37207,991.9844,4.1560907,57.121407,0.0,0.0
2022-10-29 23:00:00,38.96,299.62592,992.7721,4.0580506,52.29026,0.0,0.0
2022-10-30 00:00:00,40.15,301.38403,992.8192,4.223479,46.001045,0.001278413,0.0
2022-10-30 01:00:00,39.63,303.20648,992.6612,4.5772905,40.621414,0.0,0.0
2022-10-30 02:00:00,38.61,304.92474,991.9004,4.7931924,36.55802,0.0,0.0
2022-10-30 03:00:00,38.67,306.51282,991.12695,5.0559816,33.47132,0.0,0.0
2022-10-30 04:00:00,38.69,307.87,990.1306,5.5772243,31.05953,0.0,0.0
2022-10-30 05:00:00,39.0,309.11542,989.33484,6.630498,28.663418,0.0,0.0
2022-10-30 06:00:00,39.64,309.82617,988.4651,7.356101,26.81501,0.0,0.0
2022-10-30 07:00:00,40.31,309.50916,988.21295,6.6781044,25.498447,0.0,0.0
2022-10-30 08:00:00,40.82,309.3141,987.7701,6.6466513,25.574196,0.0,0.0
2022-10-30 09:00:00,40.78,308.70148,988.1152,6.4005675,26.266888,0.0,0.0
2022-10-30 10:00:00,41.48,307.78503,988.8292,5.408708,27.804474,0.0,0.0
2022-10-30 11:00:00,42.36,306.80792,989.44635,5.9705324,30.062473,0.0,0.0
2022-10-30 12:00:00,42.42,305.84406,989.9517,6.7444196,32.421066,0.0,0.0
2022-10-30 13:00:00,41.37,304.98883,990.5439,7.0735607,34.080006,0.0,0.0
2022-10-30 14:00:00,41.42,303.9328,991.15424,7.449355,34.4313,0.0,0.0
2022-10-30 15:00:00,39.83,302.6299,991.1358,6.8534093,34.56978,0.0,0.0
2022-10-30 16:00:00,37.24,301.52966,991.1665,5.816329,35.912262,0.0,0.0
2022-10-30 17:00:00,35.02,300.62674,991.09235,4.8281593,37.85657,0.0,0.0
2022-10-30 18:00:00,34.35,299.88934,991.0549,4.0565968,39.905895,0.0,0.0
2022-10-30 19:00:00,34.09,298.8377,990.7944,3.3242476,42.980934,0.0,0.0
2022-10-30 20:00:00,33.49,298.2528,991.66626,3.2381995,44.99171,0.0,0.0
2022-10-30 21:00:00,33.58,297.72137,992.5149,3.3427114,47.200176,0.0,0.0
2022-10-30 22:00:00,34.03,298.11005,993.31085,3.964526,46.532173,0.0,0.0
2022-10-30 23:00:00,33.09,299.55478,993.96014,4.6100326,40.198784,0.0,0.0
2022-10-31 00:00:00,32.44,301.46808,994.3228,4.72381,32.72671,0.0,0.0
2022-10-31 01:00:00,31.7,303.38474,994.27795,4.5575566,26.61072,0.0,0.0
2022-10-31 02:00:00,30.78,305.23724,993.48663,3.9266567,22.454712,0.0,0.0
2022-10-31 03:00:00,30.12,306.87152,992.46313,3.730174,19.652632,0.0,0.0
2022-10-31 04:00:00,29.5,308.22058,991.54456,3.8744383,17.57317,0.0,0.0
2022-10-31 05:00:00,28.84,309.153,990.4448,4.220348,16.182447,0.0,0.0
2022-10-31 06:00:00,27.95,309.63123,989.8215,4.6810374,15.330575,0.0,0.0
2022-10-31 07:00:00,27.5,309.09018,990.0143,5.827501,14.946916,0.0,0.0
2022-10-31 08:00:00,27.9,308.50323,990.2914,6.5975933,15.08604,0.0,0.0
2022-10-31 09:00:00,27.98,307.27515,990.77734,7.4275374,15.672525,0.0,0.0
2022-10-31 10:00:00,27.85,305.6408,991.73,7.379092,16.436077,0.0,0.0
2022-10-31 11:00:00,27.98,304.401,992.54,7.630847,16.584007,0.0,0.0
2022-10-31 12:00:00,27.41,303.387,992.90405,7.7881203,16.254644,0.0,0.0
2022-10-31 13:00:00,27.13,302.5675,993.4153,7.324258,15.670383,0.0,0.0
2022-10-31 14:00:00,27.07,301.74734,993.6266,6.819119,14.962283,0.0,0.0
2022-10-31 15:00:00,26.61,301.01477,993.3917,6.547052,13.83121,0.0,0.0
2022-10-31 16:00:00,26.08,300.25558,993.1124,6.386569,12.730628,0.0,0.0
2022-10-31 17:00:00,25.62,299.44467,993.2658,6.3991475,12.046036,0.0,0.0
2022-10-31 18:00:00,25.73,298.5974,993.6632,6.345508,11.763859,0.0,0.0
2022-10-31 19:00:00,25.46,296.60736,994.36945,5.957033,13.143204,0.0,0.0
2022-10-31 20:00:00,25.43,295.93536,994.98663,5.790258,13.278646,0.0,0.0
2022-10-31 21:00:00,25.05,295.37122,995.7097,5.805787,13.636345,0.0,0.0
2022-10-31 22:00:00,24.46,295.75195,996.53766,6.5938935,13.250505,0.0,0.0
2022-10-31 23:00:00,23.16,296.96094,997.34534,8.329077,12.212226,0.0,0.0
2022-11-01 00:00:00,,298.63123,997.47406,8.406556,11.008747,0.0,0.0
2022-11-01 01:00:00,,300.6042,997.19165,8.100469,9.921313,0.0,0.0
2022-11-01 02:00:00,,302.5534,996.26154,7.5054665,9.288474,0.0,0.0
2022-11-01 03:00:00,,304.28705,995.21625,6.81629,9.027193,0.0,0.0
2022-11-01 04:00:00,,305.67963,994.1268,6.1833982,8.98947,0.0,0.0
2022-11-01 05:00:00,,306.69586,993.0519,5.7520084,9.066096,0.0,0.0
2022-11-01 06:00:00,,307.30933,992.15967,5.455496,9.215561,0.0,0.0
2022-11-01 07:00:00,,307.42175,991.8672,4.5145526,9.535208,0.0,0.0
2022-11-01 08:00:00,,307.39352,991.50946,4.446357,9.77889,0.0,0.0
2022-11-01 09:00:00,,306.87405,991.8365,4.339383,10.092309,0.0,0.0
2022-11-01 10:00:00,,305.75146,992.35913,3.5015829,10.679718,0.0,0.0
2022-11-01 11:00:00,,304.54913,993.16986,3.4365473,11.166785,0.0,0.0
2022-11-01 12:00:00,,303.42474,993.3487,3.8779514,11.107557,0.0,0.0
2022-11-01 13:00:00,,302.31857,993.63116,4.520274,10.550573,0.0,0.0
2022-11-01 14:00:00,,301.40247,993.84296,5.0825996,9.673194,0.0,0.0
2022-11-01 15:00:00,,300.61298,993.2726,5.1898837,8.92652,0.0,0.0
2022-11-01 16:00:00,,299.8064,993.1892,4.8841257,8.673642,0.0,0.0
2022-11-01 17:00:00,,299.1264,992.9233,4.463312,8.821712,0.0,0.0
2022-11-01 18:00:00,,298.56073,992.97797,4.275107,9.283105,0.0,0.0
2022-11-01 19:00:00,,296.81073,993.19763,3.801572,11.220309,0.0,0.0
2022-11-01 20:00:00,,296.15118,993.6575,3.7628796,11.917795,0.0,0.0
2022-11-01 21:00:00,,295.6087,994.432,3.667906,12.604521,0.0,0.0
2022-11-01 22:00:00,,296.57486,995.34534,3.6417992,12.231178,0.0,0.0
2022-11-01 23:00:00,,299.26703,996.14307,5.0141883,10.282499,0.0,0.0
2022-11-02 00:00:00,21.08,301.97363,996.1907,5.7455297,9.064097,0.0012814999,0.0
2022-11-02 01:00:00,21.46,304.53845,995.95026,5.778905,7.958334,0.0,0.0
2022-11-02 02:00:00,21.34,306.4884,995.02844,4.8494983,7.7354646,0.0,0.0
2022-11-02 03:00:00,21.04,307.97385,994.005,3.7670276,7.987958,0.0,0.0
2022-11-02 04:00:00,20.71,309.0658,992.7344,2.866959,8.282118,0.0,0.0
2022-11-02 05:00:00,21.23,309.8483,991.9839,2.1817586,8.587062,0.0,0.0
2022-11-02 06:00:00,21.53,310.27673,990.97345,1.814657,8.915083,0.0,0.0
2022-11-02 07:00:00,21.49,310.87915,990.4114,1.7633413,9.905768,0.0,0.0
2022-11-02 08:00:00,21.52,310.79315,990.21643,2.5940113,10.233942,0.0,0.0
2022-11-02 09:00:00,21.44,310.28894,990.5536,3.4249368,10.79177,0.0,0.0
2022-11-02 10:00:00,21.32,309.0718,991.275,3.7777462,12.05733,0.0,0.0
2022-11-02 11:00:00,21.66,307.70364,991.74994,4.281382,13.408582,0.0,0.0
2022-11-02 12:00:00,21.81,306.47546,991.8972,4.565437,14.451109,0.0,0.0
2022-11-02 13:00:00,21.6,305.41736,992.43994,4.5548463,14.982695,0.0,0.0
2022-11-02 14:00:00,21.35,304.39258,992.70935,4.4870415,15.064343,0.0,0.0
2022-11-02 15:00:00,20.75,303.4886,992.85095,4.566702,14.658761,0.0,0.0
2022-11-02 16:00:00,21.03,303.0567,992.414,4.6197,13.77653,0.0,0.0
2022-11-02 17:00:00,22.05,302.46695,992.2852,4.537542,13.503835,0.0,0.0
2022-11-02 18:00:00,22.48,301.81073,992.03326,4.276981,13.722697,0.0,0.0
2022-11-02 19:00:00,22.1,300.1831,992.2569,4.6779976,14.170358,0.0,0.0
2022-11-02 20:00:00,21.69,299.4599,992.385,4.250412,15.896056,0.0,0.0
2022-11-02 21:00:00,22.25,298.8808,993.125,4.055109,18.043707,0.0,0.0
2022-11-02 22:00:00,22.54,299.8568,993.5287,3.9730105,18.36633,0.0,0.0
2022-11-02 23:00:00,22.64,302.75293,994.5481,5.273779,15.82404,0.0,0.0
2022-11-03 00:00:00,22.68,305.54654,994.3382,6.3149495,13.6874485,0.0,0.0
2022-11-03 01:00:00,23.46,307.85858,994.2129,6.0305176,12.670962,0.0,0.0
2022-11-03 02:00:00,24.05,310.08618,993.06177,5.3134747,11.985519,0.0,0.0
2022-11-03 03:00:00,24.6,311.6551,992.09515,4.1466694,11.179881,0.0,0.0
2022-11-03 04:00:00,25.07,312.6385,991.08813,2.999622,10.714574,0.0,0.0
2022-11-03 05:00:00,25.64,313.13684,990.2913,2.0969293,10.594295,0.0,0.0
2022-11-03 06:00:00,26.39,313.25287,989.558,1.3787194,10.761846,0.0,0.0
2022-11-03 07:00:00,26.32,313.94382,989.0519,1.1471852,11.130365,0.0,0.0
2022-11-03 08:00:00,26.23,313.8642,989.21796,1.8627316,11.292594,0.0,0.0
2022-11-03 09:00:00,26.15,313.41528,989.6325,2.6251683,11.7179985,0.0,0.0
2022-11-03 10:00:00,26.37,312.1094,990.54596,3.285258,13.092938,0.0,0.0
2022-11-03 11:00:00,26.86,310.60614,991.3602,4.021094,14.61596,0.0,0.0
2022-11-03 12:00:00,27.19,309.22452,991.84595,4.6056204,15.763103,0.0,0.0
2022-11-03 13:00:00,27.45,308.0627,992.43695,4.696035,16.616772,0.0,0.0
2022-11-03 14:00:00,27.43,307.08273,992.8611,4.660566,17.699368,0.0,0.0
2022-11-03 15:00:00,26.87,306.3232,992.6623,4.9241705,18.92344,0.0,0.0
2022-11-03 16:00:00,26.33,305.8069,992.2168,5.8373938,20.256283,0.0,0.0
2022-11-03 17:00:00,26.3,305.59442,991.7886,6.4100604,19.759106,0.0,0.0
2022-11-03 18:00:00,26.52,305.0788,991.47675,6.5245175,18.808266,0.0,0.0
2022-11-03 19:00:00,27.07,303.95526,991.8617,7.2933135,22.87905,0.0,0.0
2022-11-03 20:00:00,27.52,303.44922,992.15283,7.2911015,23.317806,0.0,0.0
2022-11-03 21:00:00,28.7,302.9203,992.96344,7.251302,24.731657,0.0,0.0
2022-11-03 22:00:00,29.73,303.50128,993.82153,6.950639,28.060436,0.0,0.0
2022-11-03 23:00:00,30.53,304.9579,994.6842,8.969328,32.085644,0.0,0.0
2022-11-04 00:00:00,32.49,306.57874,995.0425,9.211279,29.037958,0.0,0.0
2022-11-04 01:00:00,32.96,308.59296,994.9158,8.605665,24.959936,0.0,0.0
2022-11-04 02:00:00,33.36,310.53763,993.9814,7.5307245,21.960238,0.0,0.0
2022-11-04 03:00:00,33.25,312.24744,992.805,5.816963,19.052149,0.0,0.0
2022-11-04 04:00:00,32.99,313.24713,991.9244,4.022736,16.216507,0.0,0.0
2022-11-04 05:00:00,32.5,313.55084,990.8561,2.9299703,15.2462635,0.0,0.0
2022-11-04 06:00:00,31.5,313.9746,990.01013,2.0615754,14.399989,0.0,0.0
2022-11-04 07:00:00,30.04,314.8423,989.48157,2.4808884,12.516851,0.0,0.0
2022-11-04 08:00:00,30.07,314.74634,989.1929,2.7259457,12.102132,0.0,0.0
2022-11-04 09:00:00,30.2,314.3645,989.5822,2.9046023,12.096233,0.0,0.0
2022-11-04 10:00:00,29.91,313.395,990.3603,2.0749478,12.834629,0.0,0.0
2022-11-04 11:00:00,31.36,311.9553,991.39264,3.1685455,14.414933,0.0,0.0
2022-11-04 12:00:00,32.22,309.7016,992.43335,6.8400264,21.90007,0.0,0.0
2022-11-04 13:00:00,33.45,307.9156,993.18085,6.528617,28.509289,0.0,0.0
2022-11-04 14:00:00,35.57,306.45242,993.81024,5.3105097,32.906437,0.0051409006,0.0
2022-11-04 15:00:00,35.87,305.16034,994.04333,4.686099,36.604458,0.0,0.0
2022-11-04 16:00:00,36.14,304.0407,993.76337,4.121005,40.12612,0.0,0.0
2022-11-04 17:00:00,36.69,303.24225,993.59705,4.270588,43.3879,0.0,0.0
2022-11-04 18:00:00,36.57,302.53046,993.83374,4.839453,46.782948,0.0,0.0
2022-11-04 19:00:00,35.24,302.042,994.0535,4.3458457,47.97041,0.0,0.0
2022-11-04 20:00:00,33.66,301.56183,994.3645,4.0659847,50.586437,0.0,0.0
2022-11-04 21:00:00,33.0,300.91797,994.7981,3.5130386,53.41192,0.0,0.0
2022-11-04 22:00:00,33.36,301.61594,995.47406,3.5163143,51.26401,0.0,0.0
2022-11-04 23:00:00,33.75,303.74374,996.0606,4.125123,41.105846,0.0,0.0
2022-11-05 00:00:00,33.66,305.98386,996.2036,3.9697602,33.266914,0.006854534,0.0
2022-11-05 01:00:00,33.89,307.89368,995.96625,3.622188,29.032791,0.0,0.0
2022-11-05 02:00:00,33.76,309.44434,994.9983,3.3689475,26.181993,0.0,0.0
2022-11-05 03:00:00,34.11,310.44162,993.8959,3.3571062,23.961706,0.0,0.0
2022-11-05 04:00:00,34.37,310.97336,992.9311,3.3187046,22.822422,0.0,0.0
2022-11-05 05:00:00,35.26,311.84216,991.8654,3.2936366,21.526773,0.0,0.0
2022-11-05 06:00:00,35.34,312.28314,991.0064,3.3861322,20.702288,0.0,0.0
2022-11-05 07:00:00,34.77,313.02942,990.4824,4.771011,18.51011,0.0,0.0
2022-11-05 08:00:00,34.74,312.57037,990.0553,4.1344666,19.203129,0.0,0.0
2022-11-05 09:00:00,35.38,311.89432,990.48724,5.0121374,20.445301,0.0,0.0
2022-11-05 10:00:00,36.13,309.96634,992.0008,6.309618,23.84313,0.02257526,0.0
2022-11-05 11:00:00,36.96,308.99457,992.9919,6.2867103,25.49167,0.047731403,0.0
2022-11-05 12:00:00,37.06,308.3768,993.5728,4.1057653,26.864302,0.0,0.0
2022-11-05 13:00:00,36.76,307.5736,993.6428,3.3952453,29.110817,0.0,0.0
2022-11-05 14:00:00,37.2,306.55447,994.1305,4.8031106,32.309708,0.0,0.0
2022-11-05 15:00:00,37.36,305.1247,993.96045,5.6934285,36.88967,0.0,0.0
2022-11-05 16:00:00,38.36,303.9048,993.7958,5.4284596,41.017246,0.0,0.0
2022-11-05 17:00:00,39.78,303.0055,993.90045,4.245521,44.31308,0.0014179458,0.0
2022-11-05 18:00:00,40.24,302.26477,994.3282,3.2553396,47.072704,0.004708767,0.0
2022-11-05 19:00:00,40.89,300.9721,994.6945,2.1718197,50.351894,0.021338463,3.13
2022-11-05 20:00:00,40.6,300.71326,994.5975,1.9332438,51.128708,0.0,0.14
2022-11-05 21:00:00,39.84,300.30524,995.12,2.171764,52.689026,0.0,0.0
2022-11-05 22:00:00,39.63,300.90436,995.9386,2.961413,50.13589,0.0,0.0
2022-11-05 23:00:00,39.61,302.67834,996.7547,3.337675,41.8354,0.0,0.0
2022-11-06 00:00:00,38.22,304.66986,996.64795,2.8636746,34.101166,0.09774104,0.0
2022-11-06 01:00:00,37.73,306.52484,996.3084,2.3278692,29.9365,0.0,0.0
2022-11-06 02:00:00,36.54,308.02252,995.4302,1.8583776,27.66267,0.0,0.0
2022-11-06 03:00:00,35.89,309.2486,994.1477,1.6887743,25.7878,0.0,0.0
2022-11-06 04:00:00,36.05,310.22214,992.97955,1.8632509,24.270065,0.0,0.0
2022-11-06 05:00:00,36.85,311.10156,991.9454,2.164106,22.906557,0.0,0.0
2022-11-06 06:00:00,37.22,311.78735,990.9316,2.6394095,21.857885,0.0,0.0
2022-11-06 07:00:00,37.36,312.09857,990.22797,2.4273913,19.203423,0.0,0.0
2022-11-06 08:00:00,36.98,311.8401,989.96643,2.584898,19.360968,0.0,0.0
2022-11-06 09:00:00,36.52,311.33466,989.7672,2.4927773,19.9756,0.0,0.0
2022-11-06 10:00:00,36.37,310.76926,990.553,2.0540755,20.760256,0.0,0.0
2022-11-06 11:00:00,36.84,310.21338,991.3194,2.774432,21.400126,0.0,0.0
2022-11-06 12:00:00,37.77,309.1515,992.2583,5.2760034,24.086418,0.0,0.0
2022-11-06 13:00:00,38.38,307.88574,992.8364,6.170986,28.05349,0.0,0.0
2022-11-06 14:00:00,39.6,307.14825,993.117,5.53172,30.319809,0.0,0.0
2022-11-06 15:00:00,41.12,306.50342,992.73016,4.5756264,31.558626,0.0,0.0
2022-11-06 16:00:00,41.18,305.8834,992.2564,3.8528152,33.270504,0.0,0.0
2022-11-06 17:00:00,40.91,304.8216,992.0845,3.8029037,36.856426,0.0,0.0
2022-11-06 18:00:00,41.0,303.73096,992.2512,4.1935377,41.162292,0.0,0.0
2022-11-06 19:00:00,40.68,302.49915,992.6831,3.7547438,44.243694,0.0,0.0
2022-11-06 20:00:00,40.37,301.96143,993.41486,3.486649,46.187466,0.0,0.0
2022-11-06 21:00:00,40.68,301.54297,993.8823,3.1890643,48.247902,0.0,0.0
2022-11-06 22:00:00,40.36,301.90576,994.7071,3.4386544,48.450256,0.0,0.0
2022-11-06 23:00:00,40.43,303.21744,995.4255,3.6316576,43.55065,0.0,0.0
2022-11-07 00:00:00,40.97,304.99097,995.52405,3.3071012,37.326885,0.0,0.0
2022-11-07 01:00:00,40.6,306.80374,995.3386,3.2418957,32.381584,0.0,0.0
2022-11-07 02:00:00,40.1,308.5066,994.611,3.2530804,28.123957,0.0,0.0
2022-11-07 03:00:00,39.08,309.77927,993.4624,3.0510235,25.267797,0.0,0.0
2022-11-07 04:00:00,38.15,310.74402,992.5666,2.8896532,23.443054,0.0,0.0
2022-11-07 05:00:00,37.09,311.47107,991.4518,3.1360686,22.106926,0.0,0.0
2022-11-07 06:00:00,36.43,312.0575,990.5329,3.5290864,21.070013,0.0,0.0
2022-11-07 07:00:00,36.07,312.00137,990.1895,2.3645418,20.524157,0.0,0.0
2022-11-07 08:00:00,36.72,311.53516,989.66064,2.0674582,20.843313,0.0,0.0
2022-11-07 09:00:00,37.25,311.112,989.94653,1.9403564,21.263456,0.0,0.0
2022-11-07 10:00:00,37.54,310.50122,990.5938,2.2300878,21.95879,0.0,0.0
2022-11-07 11:00:00,38.6,309.8938,991.7251,3.1074011,22.918001,0.0016987324,0.0
2022-11-07 12:00:00,39.88,308.54742,992.617,5.336642,26.770205,0.0,0.0
2022-11-07 13:00:00,40.38,307.29828,993.1301,5.735216,31.025877,0.0,0.0
2022-11-07 14:00:00,41.49,306.32532,993.2449,4.653293,34.257915,0.0,0.0
2022-11-07 15:00:00,42.13,305.60043,992.91986,3.9926562,36.222336,0.0,0.0
2022-11-07 16:00:00,41.62,305.02472,992.3834,3.6966,37.503155,0.0,0.0
2022-11-07 17:00:00,40.93,304.34918,991.6272,3.9813719,38.870693,0.0,0.0
2022-11-07 18:00:00,39.23,303.57343,991.345,4.509839,40.788322,0.0,0.0
2022-11-07 19:00:00,37.62,302.26352,991.5196,4.029946,45.256496,0.0,0.0
2022-11-07 20:00:00,36.47,301.50623,992.193,3.7115428,47.903625,0.0,0.0
2022-11-07 21:00:00,36.25,300.81042,992.34607,3.70805,50.68267,0.0,0.0
2022-11-07 22:00:00,35.91,301.22742,993.45905,4.5679574,49.835293,0.0,0.0
2022-11-07 23:00:00,36.13,302.80457,993.91235,4.8231483,43.471207,0.0,0.0
2022-11-08 00:00:00,35.39,304.8814,994.2405,4.557697,36.24267,0.0021487474,0.0
2022-11-08 01:00:00,36.03,306.9962,994.0142,4.3287134,30.62458,0.0,0.0
2022-11-08 02:00:00,36.74,308.69727,993.37555,4.1228094,27.573505,0.0,0.0
2022-11-08 03:00:00,36.68,310.1381,992.2746,3.949363,25.12385,0.0017397106,0.0
2022-11-08 04:00:00,36.85,311.22766,991.33295,3.8312323,23.112926,0.0042915344,0.0
2022-11-08 05:00:00,37.05,311.91895,990.34375,3.8042796,21.684208,0.0,0.0
2022-11-08 06:00:00,36.56,312.24005,989.61884,3.462259,20.870058,0.0,0.0
2022-11-08 07:00:00,35.82,312.60464,988.89703,3.5218875,20.934008,0.0,0.0
2022-11-08 08:00:00,35.7,312.34665,988.77545,3.675681,21.26421,0.0,0.0
2022-11-08 09:00:00,35.28,309.99997,989.22205,3.925277,25.44111,0.035986304,0.0
2022-11-08 10:00:00,35.18,309.2705,990.4253,3.9783661,27.176079,0.0,0.0
2022-11-08 11:00:00,35.74,308.9569,991.06946,3.196774,27.949286,0.0,0.0
2022-11-08 12:00:00,36.62,308.487,991.88,3.1830668,28.98951,0.0,0.0
2022-11-08 13:00:00,37.7,308.0468,992.2653,3.4890645,29.712046,0.0,0.0
2022-11-08 14:00:00,38.57,307.52667,992.44006,4.0225444,30.420902,0.0,0.0
2022-11-08 15:00:00,38.52,306.4274,992.36597,4.7460723,32.354202,0.0,0.0
2022-11-08 16:00:00,37.94,305.4941,991.79626,4.9980755,34.317184,0.0,0.0
2022-11-08 17:00:00,37.94,304.699,991.28375,4.990503,36.155075,0.0,0.0
2022-11-08 18:00:00,37.93,303.8901,990.7589,4.942481,38.131737,0.0,0.0
2022-11-08 19:00:00,37.36,302.61322,991.20337,5.2813654,43.136654,0.0,0.0
2022-11-08 20:00:00,37.32,301.71106,991.52045,4.883222,46.40441,0.0,0.0
2022-11-08 21:00:00,37.28,300.9917,992.00903,3.9884746,49.13946,0.0,0.0
2022-11-08 22:00:00,36.99,301.2284,992.9075,3.5749145,48.559795,0.0,0.0
2022-11-08 23:00:00,36.37,302.4626,994.11096,3.1346405,43.681995,0.0,0.0
2022-11-09 00:00:00,35.56,304.27905,994.0541,2.8503172,37.54516,0.043320656,0.0
2022-11-09 01:00:00,35.91,306.53528,993.84,3.0553787,31.259228,0.0,0.0
2022-11-09 02:00:00,35.66,308.57202,992.7689,3.4880416,26.45545,0.0,0.0
2022-11-09 03:00:00,35.87,310.24194,991.78674,3.9429798,23.884327,0.0,0.0
2022-11-09 04:00:00,36.55,311.58923,990.6525,4.174867,21.86371,0.0,0.0
2022-11-09 05:00:00,37.23,312.52908,989.58704,4.1462126,20.016495,0.0,0.0
2022-11-09 06:00:00,36.59,313.01093,988.5051,4.066839,18.97071,0.0,0.0
2022-11-09 07:00:00,35.48,312.9919,987.84705,2.9068909,20.208662,0.0,0.0
2022-11-09 08:00:00,34.69,312.7088,987.3233,3.0718968,20.197641,0.0,0.0
2022-11-09 09:00:00,34.95,312.0888,987.70514,3.083778,20.536072,0.0,0.0
2022-11-09 10:00:00,35.52,310.24362,989.78455,4.642543,23.671766,0.0,0.0
2022-11-09 11:00:00,36.25,309.71347,990.8731,5.732408,24.357796,0.0022947788,0.0
2022-11-09 12:00:00,36.93,308.67706,991.4895,5.759158,26.833946,0.0,0.0
2022-11-09 13:00:00,37.4,307.86493,992.0657,5.404418,29.496971,0.0,0.0
2022-11-09 14:00:00,39.09,307.02908,992.36896,4.981447,31.351933,0.0,0.0
2022-11-09 15:00:00,40.14,306.43997,992.11163,4.0843663,32.55876,0.0,0.0
2022-11-09 16:00:00,38.99,305.89233,991.8594,3.6735198,33.904728,0.0,0.0
2022-11-09 17:00:00,37.17,305.1505,991.35956,3.9160392,35.945774,0.01090765,0.0
2022-11-09 18:00:00,35.94,304.3532,990.9875,4.216766,38.454685,0.0025629988,0.0
2022-11-09 19:00:00,34.54,302.52252,990.74536,4.6226735,46.82148,0.0,0.0
2022-11-09 20:00:00,33.42,301.6681,991.02,4.2409925,47.36583,0.0,0.0
2022-11-09 21:00:00,33.66,300.98474,991.9325,3.4720283,48.21536,0.0,0.0
2022-11-09 22:00:00,34.3,301.0713,993.12555,3.5065403,47.138767,0.0,0.0
2022-11-09 23:00:00,35.03,302.18274,993.70294,3.4452803,42.397697,0.0,0.0
2022-11-10 00:00:00,32.17,303.83618,993.7428,3.3374412,36.07128,0.016636552,0.0
2022-11-10 01:00:00,32.53,306.1006,993.4509,3.3866963,29.481108,0.0,0.0
2022-11-10 02:00:00,32.41,308.11542,992.77826,3.2255619,25.35866,0.0,0.0
2022-11-10 03:00:00,32.57,309.6632,992.05774,3.118959,23.345623,0.0,0.0
2022-11-10 04:00:00,32.93,310.54306,991.1359,3.0620348,22.58863,0.0,0.0
2022-11-10 05:00:00,33.49,311.2163,989.8745,2.7234058,21.718893,0.0,0.0
2022-11-10 06:00:00,33.15,311.84433,988.9317,2.5869648,20.212002,0.0,0.0
2022-11-10 07:00:00,32.42,312.38422,988.095,2.6900768,18.660427,0.0,0.0
2022-11-10 08:00:00,32.02,312.12057,987.69025,2.871341,18.941381,0.0,0.0
2022-11-10 09:00:00,31.47,311.73837,987.92346,3.1329079,19.431673,0.0,0.0
2022-11-10 10:00:00,31.83,310.91443,988.6753,3.0768015,20.607458,0.0,0.0
2022-11-10 11:00:00,32.76,310.17523,989.43555,2.167445,21.951284,0.0,0.0
2022-11-10 12:00:00,34.17,309.47986,989.826,2.1241674,23.254164,0.0,0.0
2022-11-10 13:00:00,35.67,309.01248,990.3815,3.2526078,23.976652,0.0,0.0
2022-11-10 14:00:00,37.55,308.0948,990.72565,5.6276927,27.56824,0.0,0.0
2022-11-10 15:00:00,39.67,306.73935,990.682,6.5825005,33.814507,0.0,0.0
2022-11-10 16:00:00,40.64,305.53406,990.3844,5.9433193,37.81744,0.0,0.0
2022-11-10 17:00:00,40.53,304.4917,990.1153,5.394473,40.963966,0.0,0.0
2022-11-10 18:00:00,40.29,303.60846,989.9397,5.0722733,43.60881,0.0,0.0
2022-11-10 19:00:00,39.4,303.16763,990.23456,4.1124,42.933144,0.0,0.0
2022-11-10 20:00:00,39.23,302.48273,990.41187,4.0140405,44.669426,0.0,0.0
2022-11-10 21:00:00,38.62,301.93445,990.63416,3.6754324,46.075897,0.0,0.0
2022-11-10 22:00:00,37.66,302.01056,991.4567,3.8470693,45.109257,0.0,0.0
2022-11-10 23:00:00,36.96,303.12933,992.1192,3.9420247,39.733826,0.0,0.0
2022-11-11 00:00:00,34.1,304.7874,992.2506,4.0498486,33.5121,0.0,0.0
2022-11-11 01:00:00,33.4,306.77747,992.3153,4.2907624,28.343279,0.0,0.0
2022-11-11 02:00:00,32.41,308.11145,991.72174,4.6118207,26.125765,0.0,0.0
2022-11-11 03:00:00,32.11,309.48584,990.802,4.395418,24.288052,0.0,0.0
2022-11-11 04:00:00,32.06,310.72308,989.7531,4.200025,22.739244,0.0,0.0
2022-11-11 05:00:00,32.08,311.80365,988.6183,4.1794376,21.742355,0.0,0.0
2022-11-11 06:00:00,31.04,312.3136,987.7101,4.5351377,21.03019,0.0,0.0
2022-11-11 07:00:00,30.89,312.68668,987.37506,4.5193534,18.73171,0.0,0.0
2022-11-11 08:00:00,31.02,312.4863,986.7697,4.747229,18.8627,0.0,0.0
2022-11-11 09:00:00,31.05,311.91495,986.92065,5.01229,19.461994,0.0,0.0
2022-11-11 10:00:00,30.57,310.9553,987.56805,4.44065,20.737583,0.0,0.0
2022-11-11 11:00:00,31.08,309.98932,988.2886,4.2726517,22.253475,0.0,0.0
2022-11-11 12:00:00,32.32,309.06375,988.93634,5.033792,23.890226,0.0,0.0
2022-11-11 13:00:00,32.94,307.9253,989.66986,6.2564025,26.356983,0.0,0.0
2022-11-11 14:00:00,32.69,306.78375,990.3576,7.0187297,29.546389,0.0,0.0
2022-11-11 15:00:00,32.51,305.65698,990.14844,6.819801,31.580404,0.0,0.0
2022-11-11 16:00:00,32.26,304.45917,989.71954,6.142641,33.369137,0.0,0.0
2022-11-11 17:00:00,31.7,303.331,989.3828,5.5434175,35.81165,0.0,0.0
2022-11-11 18:00:00,32.24,302.27734,989.2656,4.950603,38.97958,0.0,0.0
2022-11-11 19:00:00,32.46,301.06097,989.9769,3.5944698,40.433735,0.0,0.0
2022-11-11 20:00:00,31.99,300.24683,990.2575,2.899056,43.29715,0.0,0.0
2022-11-11 21:00:00,30.62,299.55225,990.90436,2.638384,46.085922,0.0,0.0
2022-11-11 22:00:00,29.15,300.15582,991.7994,3.2139297,45.19804,0.0,0.0
2022-11-11 23:00:00,28.56,301.76807,992.48315,3.716741,40.134377,0.0,0.0
2022-11-12 00:00:00,27.39,303.7777,992.5657,3.882346,34.51789,0.0,0.0
2022-11-12 01:00:00,28.2,305.96442,992.5616,4.1483817,29.640394,0.0,0.0
2022-11-12 02:00:00,28.35,307.96207,991.794,4.5783978,25.917458,0.0,0.0
2022-11-12 03:00:00,28.66,309.5733,990.6241,4.887284,23.724934,0.0,0.0
2022-11-12 04:00:00,30.34,310.84393,989.56134,5.02672,22.373276,0.0,0.0
2022-11-12 05:00:00,32.3,311.75885,988.5181,5.097989,21.569447,0.0,0.0
2022-11-12 06:00:00,32.92,312.34088,987.6181,5.212213,21.132397,0.0,0.0
2022-11-12 07:00:00,32.79,312.59567,986.7045,5.058342,20.94724,0.0,0.0
2022-11-12 08:00:00,33.35,312.40674,986.3812,5.5759892,21.498957,0.0,0.0
2022-11-12 09:00:00,33.8,311.6969,986.71936,5.8131013,22.919434,0.0,0.0
2022-11-12 10:00:00,34.56,310.62152,987.4864,5.629416,25.030201,0.0,0.0
2022-11-12 11:00:00,35.12,309.70496,988.5253,6.0043263,26.884573,0.0,0.0
2022-11-12 12:00:00,35.41,308.65704,989.2372,7.29558,29.247013,0.0,0.0
2022-11-12 13:00:00,36.06,307.29294,989.96936,7.7098947,33.33439,0.0,0.0
2022-11-12 14:00:00,37.2,306.11984,990.34534,7.482748,38.040646,0.0,0.0
2022-11-12 15:00:00,39.6,305.15854,990.22736,7.0529175,42.187164,0.0,0.0
2022-11-12 16:00:00,41.61,304.3761,990.09564,6.552474,44.66831,0.0,0.0
2022-11-12 17:00:00,43.21,303.5874,990.0969,5.953555,46.095203,0.0,0.0
2022-11-12 18:00:00,42.81,302.72034,990.1281,5.314539,47.884075,0.0,0.0
2022-11-12 19:00:00,41.91,301.84543,990.7525,4.8660083,49.55681,0.0,0.0
2022-11-12 20:00:00,41.09,301.1035,991.30835,4.1374187,52.4352,0.0,0.0
2022-11-12 21:00:00,40.75,300.45856,991.8605,3.494253,55.18982,0.0,0.0
2022-11-12 22:00:00,40.44,300.70242,992.86975,3.8883011,54.475506,0.0,0.0
2022-11-12 23:00:00,40.69,302.0443,993.4628,3.9936607,48.27521,0.0,0.0
2022-11-13 00:00:00,40.58,303.89844,993.59607,4.130916,41.075073,0.0025689602,0.0
2022-11-13 01:00:00,40.75,305.8508,993.42377,4.316358,35.29675,0.0,0.0
2022-11-13 02:00:00,40.74,307.56628,992.59827,4.215227,31.06977,0.0,0.0
2022-11-13 03:00:00,40.35,309.09186,991.56537,4.0739474,28.03287,0.0,0.0
2022-11-13 04:00:00,40.08,310.37994,990.27026,3.9981797,26.019701,0.0,0.0
2022-11-13 05:00:00,39.98,311.2989,989.34357,4.081758,24.803555,0.0,0.0
2022-11-13 06:00:00,39.5,312.00415,988.03937,4.1674056,23.74502,0.0,0.0
2022-11-13 07:00:00,39.66,312.19083,987.8289,3.8969827,23.858175,0.0,0.0
2022-11-13 08:00:00,39.94,312.10535,987.42346,3.9448218,23.64353,0.0,0.0
2022-11-13 09:00:00,39.6,311.578,988.1183,3.7843559,24.089296,0.0,0.0
2022-11-13 10:00:00,39.81,310.81906,988.56195,3.6971986,25.064968,0.0,0.0
2022-11-13 11:00:00,39.53,310.24582,989.2293,3.4521315,26.058596,0.0,0.0
2022-11-13 12:00:00,38.9,309.38922,989.63165,3.3280246,27.527445,0.0,0.0
2022-11-13 13:00:00,38.71,308.53506,990.18524,3.1127548,28.959682,0.0,0.0
2022-11-13 14:00:00,38.82,307.73096,990.4761,3.3130345,30.364536,0.0,0.0
2022-11-13 15:00:00,38.59,306.5573,990.515,4.638301,33.772785,0.0,0.0
2022-11-13 16:00:00,39.42,304.62885,990.3322,6.215044,42.043114,0.0,0.0
2022-11-13 17:00:00,41.03,302.95547,990.0641,5.988505,50.599636,0.0,0.0
2022-11-13 18:00:00,41.32,302.16656,989.8164,5.036964,54.729103,0.0,0.0
2022-11-13 19:00:00,39.79,301.75793,990.595,5.2501616,55.389507,0.0,0.0
2022-11-13 20:00:00,39.81,301.3337,991.1994,4.757189,55.25003,0.0,0.0
2022-11-13 21:00:00,38.79,300.92017,991.94904,4.2934885,54.5515,0.0,0.0
2022-11-13 22:00:00,35.94,301.38696,992.83813,4.8881474,49.8676,0.0,0.0
2022-11-13 23:00:00,33.97,302.95593,993.3109,5.3084235,40.57985,0.0,0.0
2022-11-14 00:00:00,32.19,304.973,993.3501,4.831101,32.360344,0.0,0.0
2022-11-14 01:00:00,31.88,307.0522,992.9685,4.200547,26.54582,0.0,0.0
2022-11-14 02:00:00,31.73,308.8913,992.21436,3.6231842,22.546478,0.0,0.0
2022-11-14 03:00:00,31.79,310.52313,991.322,3.242828,19.892593,0.0,0.0
2022-11-14 04:00:00,32.2,311.73633,990.26984,3.139112,18.918028,0.0,0.0
2022-11-14 05:00:00,32.21,312.61353,989.15686,3.2151487,18.475613,0.0,0.0
2022-11-14 06:00:00,32.13,313.13885,988.0513,3.2253785,17.976995,0.0,0.0
2022-11-14 07:00:00,31.86,313.83405,987.77014,3.4125624,16.016705,0.0,0.0
2022-11-14 08:00:00,32.04,313.64587,987.25665,3.5011504,15.88499,0.0,0.0
2022-11-14 09:00:00,32.48,313.12677,987.28485,3.4251003,16.058874,0.0,0.0
2022-11-14 10:00:00,33.12,312.17896,987.8047,2.9969418,16.810863,0.0,0.0
2022-11-14 11:00:00,32.96,311.09808,988.3871,2.803412,17.991934,0.0,0.0
2022-11-14 12:00:00,32.19,309.9957,988.8999,3.0118475,19.345156,0.0,0.0
2022-11-14 13:00:00,32.55,308.7885,989.0815,3.2428555,21.040907,0.0,0.0
2022-11-14 14:00:00,32.51,307.6833,989.3812,3.436875,22.952963,0.0,0.0
2022-11-14 15:00:00,32.64,306.69662,988.8192,4.0053043,25.125841,0.0,0.0
2022-11-14 16:00:00,33.73,305.7718,988.35547,4.909976,28.546963,0.0,0.0
2022-11-14 17:00:00,34.13,304.5078,988.1622,5.7107253,35.284943,0.0,0.0
2022-11-14 18:00:00,32.44,303.3391,988.0214,5.987139,43.973335,0.0,0.0
2022-11-14 19:00:00,30.71,302.00955,988.9041,4.414068,51.954956,0.0,0.0
2022-11-14 20:00:00,29.97,301.3008,989.188,4.2735415,56.685387,0.0,0.0
2022-11-14 21:00:00,28.85,300.73883,989.6799,4.388034,59.857124,0.0,0.0
2022-11-14 22:00:00,28.06,301.53323,990.2636,4.9378314,56.708805,0.0,0.0
2022-11-14 23:00:00,26.95,303.73346,990.65356,5.3888526,45.107777,0.0,0.0
2022-11-15 00:00:00,25.89,306.229,990.5743,4.7306056,33.656548,0.0,0.0
2022-11-15 01:00:00,26.75,308.62317,990.11633,4.313837,25.44142,0.0,0.0
2022-11-15 02:00:00,27.48,310.84143,989.3945,4.4768744,20.147524,0.0,0.0
2022-11-15 03:00:00,27.58,312.65805,988.22064,4.495028,16.564678,0.0,0.0
2022-11-15 04:00:00,27.44,313.99908,987.22485,4.2385044,14.15462,0.0,0.0
2022-11-15 05:00:00,28.18,314.77158,986.39307,3.8454573,13.002226,0.0,0.0
2022-11-15 06:00:00,29.3,315.1916,985.572,3.8434625,12.647417,0.0,0.0
2022-11-15 07:00:00,30.21,315.37943,985.15295,3.6418645,12.094696,0.0,0.0
2022-11-15 08:00:00,30.97,314.9835,984.50604,4.2083464,12.524997,0.0,0.0
2022-11-15 09:00:00,31.91,314.36542,985.02515,5.132775,13.435061,0.0,0.0
2022-11-15 10:00:00,32.95,313.08124,985.86194,5.0642433,15.534989,0.0,0.0
2022-11-15 11:00:00,34.33,311.74066,986.7784,5.725633,18.516464,0.0,0.0
2022-11-15 12:00:00,36.03,310.3009,987.6912,7.4867253,23.387436,0.0,0.0
2022-11-15 13:00:00,37.75,308.3271,988.36206,8.840599,32.286057,0.0,0.0
2022-11-15 14:00:00,40.18,306.87195,988.6273,8.641966,39.464275,0.0,0.0
2022-11-15 15:00:00,41.56,305.88956,988.44604,8.160713,43.052067,0.0,0.0
2022-11-15 16:00:00,40.97,305.28418,988.6674,7.6855297,41.84423,0.0,0.0
2022-11-15 17:00:00,38.78,305.18237,988.5275,6.7481136,35.708122,0.0,0.0
2022-11-15 18:00:00,36.97,305.03928,988.0795,5.4851265,29.726128,0.0,0.0
2022-11-15 19:00:00,37.29,303.05826,988.1305,4.081733,38.754265,0.0,0.0
2022-11-15 20:00:00,39.58,302.13593,988.60547,4.3402405,39.88039,0.0,0.0
2022-11-15 21:00:00,41.09,301.47375,989.20874,4.4365487,41.157734,0.0,0.0
2022-11-15 22:00:00,41.16,302.09827,990.3095,4.9186172,39.389454,0.0,0.0
2022-11-15 23:00:00,41.39,303.91406,990.6022,5.180551,34.200047,0.0,0.0
2022-11-16 00:00:00,42.06,305.82977,990.4952,4.6941314,30.52011,0.0,0.0
2022-11-16 01:00:00,42.08,307.78992,990.1266,4.3700705,27.580458,0.0,0.0
2022-11-16 02:00:00,42.01,309.56393,989.5625,3.8886387,24.889256,0.0,0.0
2022-11-16 03:00:00,42.74,310.95374,988.6093,3.4166555,22.796482,0.0,0.0
2022-11-16 04:00:00,43.19,311.90295,987.75494,3.6897862,22.262121,0.0,0.0
2022-11-16 05:00:00,44.04,312.6167,986.90875,3.9443634,21.559374,0.0,0.0
2022-11-16 06:00:00,44.32,312.82053,986.3264,4.133404,21.387926,0.0,0.0
2022-11-16 07:00:00,43.92,312.4016,986.09424,4.235118,22.200533,0.0,0.0
2022-11-16 08:00:00,43.44,312.41885,985.7528,4.6885147,22.202126,0.0017136335,0.0
2022-11-16 09:00:00,42.33,311.78723,986.1384,5.1317606,22.868778,0.0,0.0
2022-11-16 10:00:00,42.49,311.11755,987.47107,5.304696,23.828,0.0,0.0
2022-11-16 11:00:00,44.14,310.30554,987.9242,4.021912,25.065002,0.0,0.0
2022-11-16 12:00:00,45.61,309.8291,988.39124,3.699883,25.760906,0.0,0.0
2022-11-16 13:00:00,47.02,308.96967,988.91425,3.9182758,27.045956,0.0,0.0
2022-11-16 14:00:00,47.9,307.0827,989.7467,3.4852068,33.374157,0.0,0.0
2022-11-16 15:00:00,48.31,304.83167,989.77844,2.8434258,43.874176,0.021076305,0.0
2022-11-16 16:00:00,48.06,303.6463,989.7761,1.5344999,50.415993,0.0055480525,0.0
2022-11-16 17:00:00,48.22,303.14557,989.661,1.4133371,52.452415,0.0,0.0
2022-11-16 18:00:00,48.55,302.74463,989.5469,3.1369832,53.361534,0.0,0.0
2022-11-16 19:00:00,47.02,301.42,989.61365,3.9721618,57.632042,0.0,0.0
2022-11-16 20:00:00,46.28,301.06375,990.03656,4.7080317,59.54382,0.0,0.0
2022-11-16 21:00:00,45.47,300.57495,990.44586,5.124766,63.555264,0.0,0.0
2022-11-16 22:00:00,44.61,300.7682,991.2272,5.7997394,64.40892,0.0,0.0
2022-11-16 23:00:00,43.99,302.2556,991.46545,5.3505507,56.893074,0.0,0.0
2022-11-17 00:00:00,41.94,304.40283,991.4504,4.569776,46.067974,0.030942712,0.0
2022-11-17 01:00:00,41.21,306.6623,991.16907,4.1420875,35.40496,0.0,0.0
2022-11-17 02:00:00,40.93,308.61523,990.2802,4.344434,29.38848,0.0,0.0
2022-11-17 03:00:00,40.81,310.2539,989.1197,4.871408,26.067703,0.0,0.0
2022-11-17 04:00:00,40.97,311.51758,988.05835,5.4354224,23.949867,0.0,0.0
2022-11-17 05:00:00,40.61,311.84775,987.2251,5.985302,23.061665,0.0,0.0
2022-11-17 06:00:00,40.11,312.08844,986.3097,6.3544955,22.447136,0.0014901161,0.0
2022-11-17 07:00:00,40.16,312.38498,985.8605,6.1096525,20.573334,0.0,0.0
2022-11-17 08:00:00,39.69,312.0376,985.4611,6.1582584,20.90077,0.0,0.0
2022-11-17 09:00:00,39.61,311.4344,985.8887,6.099877,21.715265,0.0,0.0
2022-11-17 10:00:00,40.01,310.43323,986.7556,5.390256,23.385857,0.0,0.0
2022-11-17 11:00:00,41.12,309.4173,987.79315,5.312964,25.89818,0.0,0.0
2022-11-17 12:00:00,42.56,308.29654,988.40204,6.073205,29.974838,0.0,0.0
2022-11-17 13:00:00,44.04,307.24182,989.3145,6.1239877,34.248188,0.0,0.0
2022-11-17 14:00:00,46.73,306.3313,989.4814,5.7531104,38.248207,0.0,0.0
2022-11-17 15:00:00,48.28,305.36908,989.3657,5.596523,43.341576,0.0,0.0
2022-11-17 16:00:00,48.5,304.55478,988.9503,5.8006825,48.15816,0.0,0.0
2022-11-17 17:00:00,48.73,303.817,988.8797,5.897454,51.3169,0.0,0.0
2022-11-17 18:00:00,48.65,303.23328,988.8656,5.9089713,53.032257,0.0,0.0
2022-11-17 19:00:00,47.48,302.50916,989.2042,4.481682,56.356167,0.0,0.0
2022-11-17 20:00:00,46.53,301.85782,989.99194,4.3116856,59.27881,0.0,0.0
2022-11-17 21:00:00,46.0,301.27942,990.77325,4.271025,61.79996,0.0067949295,0.0
2022-11-17 22:00:00,45.94,301.41876,991.5184,4.6200647,60.35452,0.0,0.0
2022-11-17 23:00:00,45.11,302.63104,991.9952,4.6936874,54.874557,0.0,0.0
2022-11-18 00:00:00,44.1,304.30322,991.73376,4.5637183,48.422234,0.01065433,0.0
2022-11-18 01:00:00,43.33,306.0625,991.22534,4.583333,42.932747,0.0,0.0
2022-11-18 02:00:00,42.77,307.7492,990.3671,4.83859,38.030834,0.0,0.0
2022-11-18 03:00:00,42.74,309.2721,989.4963,5.2521696,33.659645,0.0,0.0
2022-11-18 04:00:00,42.96,310.68262,988.5725,5.7631397,30.327639,0.0,0.0
2022-11-18 05:00:00,43.08,311.5723,987.8055,6.1569777,28.353273,0.0,0.0
2022-11-18 06:00:00,43.1,311.99417,986.8797,6.4288354,27.44476,0.0,0.0
2022-11-18 07:00:00,43.77,312.18005,986.1014,6.7240133,25.456875,0.0,0.0
2022-11-18 08:00:00,43.98,311.685,985.2007,6.7315755,26.493185,0.0,0.0
2022-11-18 09:00:00,43.79,310.09396,986.51953,7.7938,28.988245,0.0,0.0
2022-11-18 10:00:00,44.08,308.2473,987.5854,7.9509053,34.203754,0.0,0.0
2022-11-18 11:00:00,45.01,307.28162,988.5636,7.512072,37.486683,0.0,0.0
2022-11-18 12:00:00,45.76,306.7968,989.1317,6.8103347,39.03481,0.0,0.0
2022-11-18 13:00:00,45.39,306.28528,989.83,6.165053,40.649284,0.0,0.0
2022-11-18 14:00:00,44.21,305.6104,990.27625,5.06239,42.9056,0.0,0.0
2022-11-18 15:00:00,42.58,304.9057,990.06036,4.822022,45.33319,0.0,0.0
2022-11-18 16:00:00,42.53,304.1751,989.8829,4.443693,47.764843,0.0,0.0
2022-11-18 17:00:00,42.05,303.4182,989.6076,4.3043694,50.229496,0.0,0.0
2022-11-18 18:00:00,41.02,302.70895,989.46045,4.4981313,52.46956,0.0,0.0
2022-11-18 19:00:00,41.2,301.4333,989.99023,4.706353,54.242905,0.0,0.0
2022-11-18 20:00:00,41.25,300.779,990.57513,4.139692,56.320484,0.0,0.0
2022-11-18 21:00:00,40.8,300.2752,991.1217,3.642773,58.095264,0.0,0.0
2022-11-18 22:00:00,40.57,300.5442,991.75885,3.8953512,56.79389,0.0,0.0
2022-11-18 23:00:00,40.51,301.85562,992.1959,3.7701447,51.459545,0.0,0.0
2022-11-19 00:00:00,40.53,303.65088,991.9114,3.7170303,45.2565,0.0010669231,0.0
2022-11-19 01:00:00,40.44,305.57532,991.6216,3.9912982,39.974743,0.0,0.0
2022-11-19 02:00:00,39.89,307.31934,990.52954,4.303977,35.605595,0.0,0.0
2022-11-19 03:00:00,38.92,308.85532,989.6156,4.633132,32.005657,0.0,0.29999998
2022-11-19 04:00:00,38.28,310.10126,988.71295,4.913174,29.195885,0.0,0.0
2022-11-19 05:00:00,37.94,310.92902,988.0309,4.93157,27.255291,0.0,0.0
2022-11-19 06:00:00,37.58,311.27203,987.21704,4.8392463,26.104256,0.0,0.0
2022-11-19 07:00:00,37.42,310.9077,986.57635,2.8350072,25.197544,0.0,0.0
2022-11-19 08:00:00,37.59,310.8629,986.34216,2.7706301,24.783617,0.0,0.0
2022-11-19 09:00:00,37.82,310.45715,986.6623,2.5385418,25.037722,0.0,0.0
2022-11-19 10:00:00,37.89,309.81622,987.3641,2.3611336,25.849932,0.0,0.0
2022-11-19 11:00:00,37.78,309.32507,988.1662,2.1358924,26.68964,0.0,0.0
2022-11-19 12:00:00,37.72,308.68005,988.8042,2.3242767,27.927223,0.0,0.0
2022-11-19 13:00:00,38.34,307.7563,989.2981,2.7138813,29.677814,0.0,0.0
2022-11-19 14:00:00,38.37,307.09598,989.58704,3.095015,31.008112,0.0,0.0
2022-11-19 15:00:00,38.36,306.3952,989.31915,3.0786686,32.508842,0.0,0.0
2022-11-19 16:00:00,38.45,305.7361,988.7925,2.5801451,34.048325,0.0,0.0
2022-11-19 17:00:00,39.15,305.12256,988.6619,2.0880995,35.97382,0.0,0.0
2022-11-19 18:00:00,39.33,304.61636,988.59796,3.8093688,39.892624,0.0,0.099999994
2022-11-19 19:00:00,40.5,304.31268,988.7472,3.9049237,40.09682,0.0,0.0
2022-11-19 20:00:00,42.35,303.72485,988.91516,4.263249,44.87189,0.0,0.0
2022-11-19 21:00:00,43.81,302.72263,989.2078,4.4418144,52.053608,0.0,0.0
2022-11-19 22:00:00,44.74,302.69125,989.63513,5.1149135,56.00263,0.0,0.0
2022-11-19 23:00:00,45.49,304.1237,990.243,5.0231156,49.097805,0.0,0.0
2022-11-20 00:00:00,45.69,305.95718,990.4378,4.075122,40.87341,0.0,0.0
2022-11-20 01:00:00,46.71,307.70367,990.60956,2.8799474,34.870388,0.0,0.79999995
2022-11-20 02:00:00,47.62,309.1767,989.925,1.8519447,30.771038,0.0,0.42999998
2022-11-20 03:00:00,48.37,310.48297,989.3536,1.2080383,27.485674,0.0,0.22999999
2022-11-20 04:00:00,48.97,311.4793,988.2938,0.6966827,25.321909,0.0,0.34
2022-11-20 05:00:00,49.78,312.20807,987.4924,0.4066266,23.961185,0.0036284328,0.39999998
2022-11-20 06:00:00,50.78,312.5802,986.315,0.34368467,23.339766,0.0017136335,0.14
2022-11-20 07:00:00,51.67,311.96115,986.6,1.6089061,25.90729,0.0053569674,1.42
2022-11-20 08:00:00,53.19,311.28717,986.3173,1.6921777,27.040365,0.21120906,2.4299998
2022-11-20 09:00:00,55.43,309.73114,988.09686,6.252664,32.56851,0.3232211,3.1999998
2022-11-20 10:00:00,58.11,302.65414,990.5662,7.9200473,64.40593,0.93080103,7.29
2022-11-20 11:00:00,59.71,301.95325,991.6244,4.722849,68.17215,1.0979474,7.74
2022-11-20 12:00:00,60.2,301.41104,992.21515,2.9886854,71.84645,2.283886,9.73
2022-11-20 13:00:00,58.55,300.89478,992.6998,1.7017095,76.01282,2.8289704,9.62
2022-11-20 14:00:00,55.58,300.37778,992.9602,1.2535343,80.76406,5.347669,2.85
2022-11-20 15:00:00,53.02,299.88562,992.2653,0.72701305,83.890114,7.6366067,0.26999998
2022-11-20 16:00:00,52.63,299.51343,991.9406,1.0403835,85.496315,9.89443,0.0
2022-11-20 17:00:00,52.78,298.80505,991.61975,1.4199061,88.66424,11.291146,0.0
2022-11-20 18:00:00,52.51,298.62445,991.27716,1.304871,87.29638,10.903894,0.0
2022-11-20 19:00:00,53.29,298.20245,990.96014,2.9732676,88.75638,1.2048185,0.12
2022-11-20 20:00:00,54.72,297.98334,991.1925,2.952284,88.807175,1.2216866,0.08
2022-11-20 21:00:00,55.74,298.12646,992.11096,2.2770662,88.37998,0.9614527,0.42
2022-11-20 22:00:00,56.75,298.6945,992.8072,2.5892878,86.87269,0.24229288,0.39
2022-11-20 23:00:00,57.09,299.4308,993.80695,3.889704,83.88403,0.20542741,1.53
2022-11-21 00:00:00,57.88,299.8448,993.8914,5.1864123,78.19049,56.77852,3.0099998
2022-11-21 01:00:00,58.51,300.24893,993.8295,5.5137224,74.84534,0.0,0.0
2022-11-21 02:00:00,58.6,301.25555,993.5042,5.6146045,71.64266,0.06177835,0.9
2022-11-21 03:00:00,58.44,302.28607,992.7394,5.732769,69.22162,0.045781955,0.0
2022-11-21 04:00:00,58.89,302.6099,991.86017,5.470412,67.76645,0.047802925,0.31
2022-11-21 05:00:00,59.51,303.2556,991.0531,5.571833,66.001,0.035896897,7.14
2022-11-21 06:00:00,60.22,303.5948,990.1679,5.220214,64.55303,0.016450882,13.5
2022-11-21 07:00:00,57.02,300.3311,991.2473,4.3500743,77.93976,1.174748,9.2
2022-11-21 08:00:00,54.65,300.22375,991.4589,3.9721873,79.46419,0.74499846,7.3999996
2022-11-21 09:00:00,53.97,299.95367,991.9789,3.5668263,82.39243,0.6906986,2.87
2022-11-21 10:00:00,54.57,299.63892,992.56995,3.8454854,84.38981,0.4852116,0.26999998
2022-11-21 11:00:00,55.39,299.38416,993.47296,3.726209,85.621414,0.30639768,0.32999998
2022-11-21 12:00:00,55.27,299.1712,994.0707,3.9269543,86.06375,0.42316318,0.0
2022-11-21 13:00:00,55.98,298.98737,994.42523,3.7676427,85.50292,1.0232031,0.0
2022-11-21 14:00:00,56.79,298.77145,994.368,3.4747503,86.15505,0.39449334,0.0
2022-11-21 15:00:00,57.71,298.5926,994.0536,2.8066015,86.99096,0.69090724,0.0
2022-11-21 16:00:00,58.25,298.40656,993.32526,2.4786303,87.859695,0.28294325,0.0
2022-11-21 17:00:00,59.19,298.29523,992.8315,2.1935189,87.77998,1.6691685,0.0
2022-11-21 18:00:00,59.99,298.2541,992.1923,2.159353,87.96945,0.7568775,0.25
2022-11-21 19:00:00,59.27,297.77167,992.9721,1.9745932,81.687744,1.742512,0.63
2022-11-21 20:00:00,58.45,297.74628,993.1323,1.9344287,82.98813,1.7297864,0.44
2022-11-21 21:00:00,57.33,297.62097,993.33405,2.1163583,87.24412,2.452433,0.0
2022-11-21 22:00:00,55.73,297.88623,993.9618,2.4170642,88.55626,2.051116,0.0
2022-11-21 23:00:00,54.77,298.51062,994.1364,3.0035062,86.24793,0.7131398,0.0
2022-11-22 00:00:00,54.98,299.85614,994.3569,3.821942,81.691986,17.82732,0.0
2022-11-22 01:00:00,55.26,300.83838,994.2419,4.731334,76.233536,0.0,0.0
2022-11-22 02:00:00,55.92,301.86737,993.8935,5.1445074,71.26461,0.060074963,0.0
2022-11-22 03:00:00,57.31,302.84335,993.0849,5.160849,64.98718,0.05963631,0.0
2022-11-22 04:00:00,57.47,303.46902,992.3861,4.846375,62.64521,0.047972426,0.0
2022-11-22 05:00:00,57.4,303.539,991.29016,3.8530452,63.22849,0.13648719,0.35
2022-11-22 06:00:00,58.29,303.13422,990.4927,2.6599495,63.846577,0.16974658,0.089999996
2022-11-22 07:00:00,60.13,302.2973,990.2379,2.287799,70.07127,1.0840073,6.64
2022-11-22 08:00:00,60.59,302.12085,990.59436,1.3125975,70.35066,1.5835911,6.14
2022-11-22 09:00:00,60.59,301.25726,991.3123,1.6719282,74.65592,1.4272854,5.2699995
2022-11-22 10:00:00,61.7,299.78162,991.98346,2.03604,84.65409,8.789711,6.05
2022-11-22 11:00:00,62.69,299.1686,993.0472,2.0984285,88.21358,5.841568,5.68
2022-11-22 12:00:00,62.3,298.89206,993.7968,2.0505311,89.69574,2.2282302,1.8899999
2022-11-22 13:00:00,62.17,298.61658,994.302,2.1356955,91.2373,3.3216925,7.3199997
2022-11-22 14:00:00,62.29,298.30923,994.2199,2.5065868,89.20657,4.1099787,8.25
2022-11-22 15:00:00,61.11,297.92493,994.089,2.7023768,89.20543,2.347484,5.2799997
2022-11-22 16:00:00,60.18,297.5337,993.5977,2.230242,92.93816,1.8572509,5.46
2022-11-22 17:00:00,59.88,297.55872,993.10425,1.8381323,92.18847,1.2921542,5.91
2022-11-22 18:00:00,59.79,297.51544,992.6369,1.5816871,90.373955,0.8035898,1.24
2022-11-22 19:00:00,59.14,297.51822,992.2648,1.3524854,89.71481,0.4517734,0.95
2022-11-22 20:00:00,58.6,297.69177,992.6986,1.4662012,89.159485,0.25570393,0.01
2022-11-22 21:00:00,58.01,297.6917,993.4075,1.8732386,88.80185,0.69382787,0.0
2022-11-22 22:00:00,57.71,297.9406,994.1273,2.065385,86.36706,0.66140294,0.0
2022-11-22 23:00:00,57.83,298.4269,994.97205,2.1182678,83.13526,0.22053719,0.0
2022-11-23 00:00:00,57.99,298.91583,995.1814,2.3077836,82.4688,37.63059,0.0
2022-11-23 01:00:00,57.7,299.67554,995.0453,2.594096,79.85868,0.0,0.0
2022-11-23 02:00:00,57.34,300.1737,994.8106,3.0306406,78.400276,0.20342506,0.0
2022-11-23 03:00:00,57.55,300.78903,994.09735,3.4764135,76.52254,0.16712397,0.0
2022-11-23 04:00:00,57.95,300.49384,993.2246,3.995078,77.90221,0.34949183,0.14
2022-11-23 05:00:00,57.85,301.7149,992.3583,4.063183,74.43027,0.09034574,0.0
2022-11-23 06:00:00,57.74,301.34885,991.35156,3.888189,74.37274,2.0075142,3.8600001
2022-11-23 07:00:00,58.61,303.10608,990.61017,2.572846,66.17049,0.4850924,1.66
2022-11-23 08:00:00,58.74,303.1399,990.2544,2.248367,65.72212,0.01809001,0.19
2022-11-23 09:00:00,57.8,302.4643,990.98206,1.1422322,68.8453,0.040444776,0.0
2022-11-23 10:00:00,56.37,300.70056,992.27673,1.4107909,79.716324,0.62227225,0.0
2022-11-23 11:00:00,56.25,299.7157,993.4969,2.167055,84.46873,2.4118423,0.0
2022-11-23 12:00:00,57.45,298.87796,994.4416,1.9570781,89.05549,3.1751246,6.68
2022-11-23 13:00:00,59.51,298.31177,995.0613,1.3656845,91.63906,2.9610543,13.23
2022-11-23 14:00:00,61.8,297.95032,995.74194,1.0370233,92.82514,1.9677579,18.05
2022-11-23 15:00:00,61.93,297.76135,995.42755,0.9584305,92.73079,2.3177872,14.53
2022-11-23 16:00:00,61.61,297.70197,994.8269,1.131049,92.71975,2.1145568,13.099999
2022-11-23 17:00:00,61.11,297.56866,994.1348,0.89305925,92.538055,1.2174081,11.12
2022-11-23 18:00:00,60.41,297.46033,993.96173,1.1852616,92.72386,0.99513865,7.8599997
2022-11-23 19:00:00,60.08,297.22076,993.7714,3.2098634,93.157814,1.988858,3.98
2022-11-23 20:00:00,59.18,297.14072,993.9509,2.875576,92.61806,2.428606,3.07
2022-11-23 21:00:00,57.88,297.1685,994.4933,2.55011,93.61422,2.7315915,2.1599998
2022-11-23 22:00:00,57.69,297.31293,995.306,2.7856445,91.84378,2.8972178,0.19
2022-11-23 23:00:00,57.66,297.39496,995.9757,2.2250464,92.184654,2.89391,0.0
2022-11-24 00:00:00,57.85,297.9148,996.08813,1.943611,88.191444,36.453938,0.0
2022-11-24 01:00:00,57.84,298.96014,996.15485,2.5213544,84.28074,0.0,0.0
2022-11-24 02:00:00,57.63,299.29785,996.17596,2.7984889,84.598114,1.3440977,0.59
2022-11-24 03:00:00,58.04,300.3166,995.39923,2.9489715,80.35399,0.5965568,9.44
2022-11-24 04:00:00,58.69,300.5293,994.9972,2.9666622,78.13176,0.53452325,1.4399999
2022-11-24 05:00:00,58.53,300.83447,994.375,3.0440478,76.43785,0.39228052,0.0
2022-11-24 06:00:00,57.83,301.29294,993.9775,3.5192556,73.3905,0.17085671,0.26
2022-11-24 07:00:00,58.94,302.516,992.997,2.4618316,67.2541,0.08556992,8.62
2022-11-24 08:00:00,59.57,302.43195,992.89374,2.8770332,68.69093,0.043064356,9.139999
2022-11-24 09:00:00,59.71,301.0933,993.13696,3.0914276,76.455605,0.3176853,6.6099997
2022-11-24 10:00:00,59.99,300.40735,994.3222,2.187278,80.953995,0.60270727,2.3799999
2022-11-24 11:00:00,60.67,299.87604,994.97205,1.6911596,83.99192,1.1734664,2.21
2022-11-24 12:00:00,61.74,299.38864,995.7536,1.5262045,86.227776,1.3384968,11.58
2022-11-24 13:00:00,60.64,298.93207,996.2336,1.0856308,89.10666,0.8170605,15.719999
2022-11-24 14:00:00,58.85,298.68094,996.305,1.2520363,91.887314,0.53969026,13.099999
2022-11-24 15:00:00,57.66,298.25412,996.11633,1.5433306,93.39224,0.9454191,11.33
2022-11-24 16:00:00,56.89,297.88977,995.8211,1.3671637,94.1714,1.5525818,9.21
2022-11-24 17:00:00,57.04,297.6176,995.4992,1.1973544,94.33031,2.3818016,6.6099997
2022-11-24 18:00:00,56.74,297.52148,995.13104,2.201512,93.11966,1.5166998,1.72
2022-11-24 19:00:00,56.09,297.56427,995.62634,1.2840486,91.52232,1.9153059,0.02
2022-11-24 20:00:00,55.25,297.5307,995.6085,0.76579434,92.31705,1.4740527,0.0
2022-11-24 21:00:00,54.26,297.61185,996.1145,0.9446757,90.63181,1.0724366,0.0
2022-11-24 22:00:00,54.35,297.61206,996.6104,1.6624678,91.34435,0.8355081,0.0
2022-11-24 23:00:00,54.69,297.8728,997.0761,1.8657936,87.823875,0.5352199,0.0
2022-11-25 00:00:00,55.02,298.36487,997.1111,1.9630007,84.07617,22.224754,0.0
2022-11-25 01:00:00,55.21,299.0327,996.8702,2.3993442,81.92271,0.0,0.0
2022-11-25 02:00:00,54.72,299.8803,996.4161,2.3802066,78.054085,0.06271899,0.0
2022-11-25 03:00:00,54.18,301.2603,995.59454,2.258896,71.35821,0.0017657876,0.0
2022-11-25 04:00:00,54.38,302.2878,994.8851,2.0917978,66.29806,0.008247793,0.0
2022-11-25 05:00:00,54.35,302.71722,994.1686,1.6917468,65.15412,0.034295022,0.0
2022-11-25 06:00:00,53.55,303.23877,993.2495,1.2344983,64.02558,0.02977252,0.0
2022-11-25 07:00:00,53.3,303.5368,991.60297,0.74240714,65.14068,0.4226148,0.0
2022-11-25 08:00:00,53.58,304.07324,991.72235,1.2957443,63.26687,0.0,0.37
2022-11-25 09:00:00,55.2,303.67108,991.9941,0.55964893,64.29673,0.0,0.0
2022-11-25 10:00:00,56.66,302.87134,992.91766,0.76315314,70.11395,0.04273653,0.06
2022-11-25 11:00:00,57.36,301.73993,993.94244,1.9808832,79.07269,0.3323779,0.58
2022-11-25 12:00:00,59.6,300.57916,994.77673,2.556158,84.97592,0.53652376,4.1
2022-11-25 13:00:00,61.02,299.43207,995.3911,3.4298837,88.08403,2.9224663,7.2799997
2022-11-25 14:00:00,61.88,298.38354,995.6394,3.7232711,91.868805,2.1633403,10.559999
2022-11-25 15:00:00,61.72,297.9774,995.4486,3.1582978,92.74999,0.63128674,13.099999
2022-11-25 16:00:00,61.38,297.9306,994.9511,2.6001775,92.51334,0.42582816,13.26
2022-11-25 17:00:00,59.9,297.90228,994.46716,2.5553677,92.29065,0.29396266,10.619999
2022-11-25 18:00:00,59.37,297.8534,993.94586,2.1847587,92.13697,0.35423785,5.1099997
2022-11-25 19:00:00,59.74,297.70883,993.97595,2.1320343,91.502075,8.695678,5.3
2022-11-25 20:00:00,59.96,297.66898,994.22797,1.6861519,92.59729,11.133999,2.94
2022-11-25 21:00:00,59.18,297.64526,994.3209,0.85982305,93.357834,10.72146,0.33999997
2022-11-25 22:00:00,57.56,297.8777,994.8861,0.8855804,91.51141,9.583421,0.0
2022-11-25 23:00:00,55.42,297.9264,995.36237,1.0465592,91.50702,8.149102,0.0
2022-11-26 00:00:00,52.79,298.33307,995.4641,1.8151702,86.49187,64.06758,0.0
2022-11-26 01:00:00,52.13,298.67767,995.4127,2.8411596,81.12106,0.0,0.0
2022-11-26 02:00:00,51.36,298.8162,994.8921,2.9961674,77.77916,4.2134748,0.0
2022-11-26 03:00:00,51.06,299.28552,994.366,2.620713,75.744156,2.4577231,0.0
2022-11-26 04:00:00,51.8,299.4887,993.4723,2.3446703,76.24386,0.95280635,0.0
2022-11-26 05:00:00,52.18,300.50208,992.6785,1.9253339,72.86379,0.17693266,0.0
2022-11-26 06:00:00,51.81,301.19797,991.70544,1.2431765,69.10184,0.024050474,0.0
2022-11-26 07:00:00,51.38,301.43103,990.617,1.9039924,67.26511,0.049971044,0.0
2022-11-26 08:00:00,51.67,301.34607,990.1689,1.613227,68.3605,0.0,0.0
2022-11-26 09:00:00,52.7,301.56168,990.48517,1.201017,67.51517,0.0,0.0
2022-11-26 10:00:00,53.95,301.07538,991.5064,1.0401613,71.93015,0.0,0.0
2022-11-26 11:00:00,54.84,300.05316,992.06805,0.79959184,84.31537,0.0,0.0
2022-11-26 12:00:00,54.8,300.32736,992.65686,0.4522412,74.84334,0.008538365,0.0
2022-11-26 13:00:00,54.59,299.63812,992.83154,0.7610898,82.41897,0.0021457672,0.0
2022-11-26 14:00:00,55.47,299.25244,992.67236,1.3976732,84.21274,0.0,0.0
2022-11-26 15:00:00,56.9,298.84488,992.41626,1.549538,86.1399,0.0,0.0
2022-11-26 16:00:00,58.27,298.56165,991.95953,1.8238518,88.062935,0.0,0.0
2022-11-26 17:00:00,58.44,298.42703,991.255,2.1163974,88.96255,0.0,0.0
2022-11-26 18:00:00,58.23,298.33783,990.66296,2.3188639,90.14383,0.0036209822,0.0
2022-11-26 19:00:00,58.12,297.8136,990.3674,1.6662036,91.29245,0.07918477,0.04
2022-11-26 20:00:00,57.97,297.76276,990.84955,1.6295246,92.42372,0.02732873,0.52
2022-11-26 21:00:00,57.96,297.78235,991.1545,1.7794167,93.09145,0.04838407,5.32
2022-11-26 22:00:00,57.83,298.19852,991.8186,2.0541935,91.692566,0.028252602,10.82
2022-11-26 23:00:00,57.01,299.00928,992.2193,2.0714247,87.43105,0.019207597,6.4599996
2022-11-27 00:00:00,54.13,300.16464,992.4649,1.9920657,80.87191,14.516622,2.1999998
2022-11-27 01:00:00,54.2,300.81616,992.3127,1.6587936,79.261734,0.0,0.72999996
2022-11-27 02:00:00,54.08,301.8139,991.81537,1.8122557,78.30827,0.22882596,0.13999999
2022-11-27 03:00:00,54.27,302.79504,990.9147,1.9741943,76.96571,0.40780753,0.0
2022-11-27 04:00:00,54.07,303.51102,990.04803,1.8488691,70.625565,0.40365756,0.0
2022-11-27 05:00:00,53.05,303.6314,988.96436,1.7463852,69.83869,0.3758818,0.22999999
2022-11-27 06:00:00,53.03,304.06497,988.0661,1.9115472,68.92597,0.24256855,0.22
2022-11-27 07:00:00,53.7,303.6189,988.3172,2.7464406,69.033356,0.29419667,0.65
2022-11-27 08:00:00,53.12,302.5299,988.1766,3.7947946,69.98294,1.7854048,0.0
2022-11-27 09:00:00,52.18,301.5936,988.58563,4.3833685,77.13187,0.071927905,0.0
2022-11-27 10:00:00,52.39,300.54126,989.46643,2.9456604,81.86043,0.18437207,0.0
2022-11-27 11:00:00,52.26,299.81427,990.8686,0.78260756,85.93125,0.42566657,0.0
2022-11-27 12:00:00,51.92,299.63776,991.063,0.8250091,87.44767,0.19019842,0.0
2022-11-27 13:00:00,50.85,299.45374,991.68274,0.48009256,86.31372,0.57923794,0.0
2022-11-27 14:00:00,50.59,299.27545,991.66547,0.5691821,88.55387,0.01296401,0.0
2022-11-27 15:00:00,50.63,299.2656,991.2944,1.0598693,87.89428,0.023946166,0.0
2022-11-27 16:00:00,50.86,299.02072,990.7966,1.4449787,87.292595,0.414595,0.0
2022-11-27 17:00:00,51.01,298.05112,990.5491,1.2324781,90.87474,3.4102201,0.0
2022-11-27 18:00:00,50.9,297.68933,990.1273,1.0299045,92.45115,1.9673258,0.0
2022-11-27 19:00:00,51.02,298.597,989.7229,1.391826,90.31206,0.0,0.0
2022-11-27 20:00:00,51.18,298.39954,989.81866,1.7102094,91.69252,0.0,0.0
2022-11-27 21:00:00,50.83,298.1558,990.072,1.6720362,93.64274,0.0,0.0
2022-11-27 22:00:00,50.13,298.85596,990.7354,1.7274948,89.9382,0.006824732,0.0
2022-11-27 23:00:00,49.83,299.8059,991.20917,2.293632,86.54777,0.032007694,0.0
2022-11-28 00:00:00,48.38,300.841,991.2697,2.2949817,81.87601,11.335331,0.0
2022-11-28 01:00:00,48.52,302.0181,991.0678,2.065403,74.006096,0.0,0.0
2022-11-28 02:00:00,47.89,303.01898,990.34424,1.9409847,71.102486,0.035140663,0.0
2022-11-28 03:00:00,47.48,303.82867,989.8204,2.330586,70.07089,0.010751188,0.0
2022-11-28 04:00:00,47.16,304.26328,989.198,2.4290636,70.30028,0.030368567,0.0
2022-11-28 05:00:00,46.04,304.6355,988.30884,2.4763901,64.49182,0.07016212,0.0
2022-11-28 06:00:00,45.17,304.82684,987.6893,3.1377316,63.232857,0.045269728,0.0
2022-11-28 07:00:00,44.78,304.38055,987.61346,2.9822316,61.22745,0.64218044,0.77
2022-11-28 08:00:00,46.37,303.69678,986.93915,2.266331,64.82642,0.6994158,0.52
2022-11-28 09:00:00,47.88,303.76154,987.28595,1.1133538,64.670525,0.014826655,0.14999999
2022-11-28 10:00:00,47.71,303.05002,988.3786,0.9129134,70.83076,0.0,0.65
2022-11-28 11:00:00,46.66,301.8521,989.61096,0.78628945,81.19925,0.0,2.1799998
2022-11-28 12:00:00,45.97,301.3412,990.23975,0.6309142,82.62157,0.0,0.56
2022-11-28 13:00:00,46.91,300.73053,990.9027,0.8411133,88.26097,0.0,0.0
2022-11-28 14:00:00,47.26,300.60956,991.0121,1.1757891,86.87805,0.0,0.22999999
2022-11-28 15:00:00,46.76,299.984,990.9613,0.90315324,91.56908,0.0,0.0
2022-11-28 16:00:00,46.19,299.74323,990.27167,1.3868121,90.167915,0.10423362,0.0
2022-11-28 17:00:00,46.09,298.5485,990.6664,2.0486577,91.75247,1.7334372,0.0
2022-11-28 18:00:00,46.47,297.6776,990.83154,3.0461547,93.56476,3.1809,0.0
2022-11-28 19:00:00,46.73,297.53055,990.66345,0.86302745,94.54729,2.5232885,0.0
2022-11-28 20:00:00,47.86,297.38556,990.5722,2.4888003,94.09661,0.37266314,0.0
2022-11-28 21:00:00,49.52,297.2026,991.02716,2.6867447,94.44802,0.0,0.0
2022-11-28 22:00:00,50.01,297.77997,992.0989,1.7626884,91.7401,0.0,0.0
2022-11-28 23:00:00,49.49,298.92786,992.7301,1.4417461,85.57442,0.0,0.0
2022-11-29 00:00:00,42.98,300.1206,992.52515,0.4846172,79.647545,9.522641,0.0
2022-11-29 01:00:00,42.46,301.62936,992.0767,1.4434038,73.680214,0.0,0.0
2022-11-29 02:00:00,42.61,302.73676,991.29236,1.6573125,70.45331,0.022910535,0.0
2022-11-29 03:00:00,42.52,303.71246,990.40344,1.8929472,65.43458,0.01520291,0.0
2022-11-29 04:00:00,42.33,304.597,989.7606,2.4566135,62.68231,0.017434359,0.0
2022-11-29 05:00:00,41.03,305.12256,989.02264,2.643274,61.91616,0.023867935,0.0
2022-11-29 06:00:00,38.82,305.55368,988.2753,2.501623,59.91128,0.0045076013,0.0
2022-11-29 07:00:00,38.3,306.17444,987.6248,2.4292731,54.718136,0.0030733645,0.0
2022-11-29 08:00:00,38.32,306.0708,987.4405,2.6682818,52.756393,0.003002584,0.0
2022-11-29 09:00:00,37.58,305.37863,987.6172,2.4589715,55.043846,0.19390881,0.0
2022-11-29 10:00:00,37.13,304.24374,988.49634,2.1217444,60.669853,0.0,0.0
2022-11-29 11:00:00,38.64,302.76764,989.2774,2.2278063,69.00359,0.0,0.0
2022-11-29 12:00:00,41.48,301.82104,990.00085,2.7504647,71.75415,0.0,0.0
2022-11-29 13:00:00,41.56,300.84888,990.4995,3.1567204,74.05127,0.0,0.0
2022-11-29 14:00:00,41.46,300.04645,990.63654,3.1968484,75.39173,0.0,0.0
2022-11-29 15:00:00,41.48,299.52545,990.31866,3.0639045,76.086105,0.0,0.0
2022-11-29 16:00:00,42.0,299.01614,990.2553,3.2683203,76.463264,0.0,0.0
2022-11-29 17:00:00,41.91,298.74765,990.25037,3.54112,76.15297,0.0,0.0
2022-11-29 18:00:00,40.57,298.33386,990.20984,3.5823357,76.31819,0.0,0.0
2022-11-29 19:00:00,38.73,298.14508,990.1233,3.4909694,74.08261,0.0,0.0
2022-11-29 20:00:00,36.96,297.70636,990.20026,3.398923,72.3084,0.0,0.0
2022-11-29 21:00:00,35.45,297.09268,990.7922,3.2085407,71.781395,0.0,0.0
2022-11-29 22:00:00,34.47,297.52213,991.4539,2.9118805,70.73448,0.0,0.0
2022-11-29 23:00:00,33.29,299.62744,991.9052,3.4161344,60.83018,0.0,0.0
2022-11-30 00:00:00,31.66,301.31714,991.819,4.2627263,54.29748,0.2976181,0.0
2022-11-30 01:00:00,30.88,303.01495,991.6233,5.2066064,49.69214,0.0,0.0
2022-11-30 02:00:00,30.09,304.42053,990.9825,5.7938423,45.685795,0.0,0.0
2022-11-30 03:00:00,29.57,305.6892,990.39935,5.7373395,41.74567,0.0,0.0
2022-11-30 04:00:00,29.2,306.6559,989.5386,5.369137,38.165127,0.0,0.0
2022-11-30 05:00:00,28.3,307.224,988.9281,4.791025,35.869526,0.0,0.0
2022-11-30 06:00:00,28.89,307.45374,988.21625,4.2113028,34.617428,0.0,0.0
2022-11-30 07:00:00,28.62,307.77222,987.5455,3.172464,29.5148,0.0,0.0
2022-11-30 08:00:00,28.22,307.3365,987.47955,3.1057758,32.11807,0.0,0.0
2022-11-30 09:00:00,27.39,305.8455,987.683,2.5645616,45.436676,0.0,0.0
2022-11-30 10:00:00,25.58,303.53424,988.4529,3.0753276,55.357487,0.0,0.0
2022-11-30 11:00:00,23.5,301.31174,989.171,3.5296338,61.709755,0.0,0.0
2022-11-30 12:00:00,23.38,299.8841,989.76807,3.8065662,64.38797,0.0,0.0
2022-11-30 13:00:00,22.39,298.82693,990.18225,3.8231964,65.363335,0.0,0.0
2022-11-30 14:00:00,21.12,297.88196,990.3706,3.5404449,66.68119,0.0,0.0
2022-11-30 15:00:00,20.18,297.0097,990.2879,3.1962306,68.87162,0.0,0.0
2022-11-30 16:00:00,19.55,296.26556,990.08026,3.0124562,70.89203,0.0,0.0
2022-11-30 17:00:00,18.94,295.6743,989.63257,3.0057445,72.0107,0.0,0.0
2022-11-30 18:00:00,17.89,295.20694,989.31384,3.2851717,71.65662,0.0,0.0
2022-11-30 19:00:00,17.21,294.87988,989.2175,2.9195676,80.18967,0.0,0.0
2022-11-30 20:00:00,16.88,294.49292,989.5884,3.0154486,79.84871,0.0,0.0
2022-11-30 21:00:00,16.61,294.0716,989.945,2.9104636,79.60387,0.0,0.0
2022-11-30 22:00:00,15.68,295.12817,990.81494,2.6422074,76.93644,0.0,0.0
2022-11-30 23:00:00,14.5,298.32324,991.15875,2.8511677,64.461815,0.0,0.0
2022-12-01 00:00:00,13.47,301.26947,991.3152,3.1682897,54.007267,0.0,0.0
2022-12-01 01:00:00,13.15,303.6919,991.1487,3.29057,45.558865,0.0,0.0
2022-12-01 02:00:00,12.92,305.59967,990.7997,3.1916628,38.500538,0.0,0.0
2022-12-01 03:00:00,12.9,306.927,990.16,3.0053892,30.74112,0.0,0.0
2022-12-01 04:00:00,13.21,307.56607,989.565,2.5277238,26.299711,0.0,0.0
2022-12-01 05:00:00,13.51,307.8407,988.69037,2.4137676,24.37311,0.0,0.0
2022-12-01 06:00:00,13.88,307.89224,988.14624,2.6153266,23.802721,0.0,0.0
2022-12-01 07:00:00,14.03,308.06244,987.12506,2.5146224,23.828259,0.0,0.0
2022-12-01 08:00:00,14.4,307.63632,987.0483,2.4700465,25.431532,0.0,0.0
2022-12-01 09:00:00,14.31,306.1718,987.47565,1.9252464,39.29009,0.0,0.0
2022-12-01 10:00:00,14.79,303.65955,988.1668,2.3133028,54.790527,0.0,0.0
2022-12-01 11:00:00,14.92,301.3306,988.7965,2.7381647,60.66,0.0,0.0
2022-12-01 12:00:00,15.15,299.58282,989.21576,2.936162,64.83755,0.0,0.0
2022-12-01 13:00:00,14.37,298.14905,989.6255,2.8375854,68.915054,0.0,0.0
2022-12-01 14:00:00,13.45,296.91058,989.842,2.542654,73.12375,0.0,0.0
2022-12-01 15:00:00,13.05,295.72467,989.4405,2.0694225,78.35057,0.0,0.0
2022-12-01 16:00:00,13.18,294.8617,989.01874,1.6561399,81.90633,0.0,0.0
2022-12-01 17:00:00,12.85,295.0611,988.4105,1.0700722,77.81914,0.0,0.0
2022-12-01 18:00:00,12.59,294.7972,988.13696,0.9152864,77.80763,0.0,0.0
2022-12-01 19:00:00,12.73,293.75342,988.3042,2.8775685,77.95414,0.0,0.0
2022-12-01 20:00:00,12.78,293.3923,988.8133,2.8710158,77.20735,0.0,0.0
2022-12-01 21:00:00,13.23,293.00507,989.5809,2.7421856,77.06447,0.0,0.0
2022-12-01 22:00:00,14.03,294.14005,990.2689,2.3243694,76.20728,0.0,0.0
2022-12-01 23:00:00,14.94,298.08292,990.77344,2.2918825,60.767532,0.0,0.0
2022-12-02 00:00:00,14.46,301.2915,991.07117,2.2927806,50.610863,0.0,0.0
2022-12-02 01:00:00,14.77,303.86926,990.8256,2.398262,41.14846,0.0,0.0
2022-12-02 02:00:00,15.19,305.73944,990.4487,2.352948,35.75513,0.0,0.0
2022-12-02 03:00:00,15.82,307.03552,989.6362,1.8871359,30.733234,0.0,0.0
2022-12-02 04:00:00,16.27,307.78986,989.0546,0.9520639,26.128801,0.0,0.0
2022-12-02 05:00:00,16.21,308.21686,988.5781,0.68939465,23.496529,0.0,0.0
2022-12-02 06:00:00,15.48,308.3667,988.0539,0.95406777,22.637188,0.0,0.0
2022-12-02 07:00:00,16.12,309.01233,987.2928,1.2977225,21.266546,0.0,0.0
2022-12-02 08:00:00,16.37,308.7793,987.19904,1.198473,21.749935,0.0,0.0
2022-12-02 09:00:00,16.07,307.7423,987.51935,0.9966637,29.769697,0.0,0.0
2022-12-02 10:00:00,15.48,304.51617,988.4426,1.4749578,58.27635,0.0,0.0
2022-12-02 11:00:00,15.58,302.4341,989.16034,2.1502292,59.471577,0.0,0.0
2022-12-02 12:00:00,16.49,300.87994,989.7639,2.544154,61.259693,0.0,0.0
2022-12-02 13:00:00,16.96,299.44363,990.28284,2.5214632,65.20624,0.0,0.0
2022-12-02 14:00:00,17.37,298.22595,990.31866,2.2252316,69.14162,0.0,0.0
2022-12-02 15:00:00,17.76,297.79858,990.0637,1.9395424,67.769684,0.0,0.0
2022-12-02 16:00:00,18.09,297.3997,989.59033,1.7433231,66.82134,0.0,0.0
2022-12-02 17:00:00,17.96,297.03473,989.20306,1.5585445,66.35828,0.0,0.0
2022-12-02 18:00:00,17.94,296.50278,988.8909,1.41772,67.17777,0.0,0.0
2022-12-02 19:00:00,18.31,295.6598,989.32404,1.2981083,73.187546,0.0,0.0
2022-12-02 20:00:00,18.71,294.7777,989.7928,1.3466868,77.54938,0.0,0.0
2022-12-02 21:00:00,19.26,293.8366,990.41016,2.344436,81.85063,0.0,0.0
2022-12-02 22:00:00,19.19,295.28516,991.2634,2.4240568,77.41472,0.0,0.0
2022-12-02 23:00:00,19.27,298.79095,991.95087,2.4010434,64.71218,0.0,0.0
2022-12-03 00:00:00,18.15,301.56216,992.2756,2.354941,57.63837,0.0,0.0
2022-12-03 01:00:00,18.75,303.89166,992.2,2.1936305,50.0778,0.0,0.0
2022-12-03 02:00:00,19.47,305.70758,991.59656,2.052963,43.12745,0.0,0.0
2022-12-03 03:00:00,20.37,307.01794,990.68677,2.0137753,38.23204,0.0,0.0
2022-12-03 04:00:00,21.16,307.94623,989.96344,2.024164,34.78894,0.0,0.0
2022-12-03 05:00:00,20.96,308.5586,989.12354,2.0476143,32.188145,0.0,0.0
2022-12-03 06:00:00,21.99,308.91132,988.53204,2.0922005,29.963238,0.0,0.0
2022-12-03 07:00:00,21.9,309.5309,987.4564,1.6052388,25.427866,0.0,0.0
2022-12-03 08:00:00,22.45,309.28998,987.3141,2.0549371,26.485147,0.0,0.0
2022-12-03 09:00:00,23.19,307.90942,987.85077,2.04559,37.775795,0.0,0.0
2022-12-03 10:00:00,22.96,305.5725,988.97815,2.5373113,50.081367,0.0,0.0
2022-12-03 11:00:00,22.79,303.26352,989.66626,2.8661053,57.01939,0.0,0.0
2022-12-03 12:00:00,22.13,301.8222,990.1368,3.0387318,59.807823,0.0,0.0
2022-12-03 13:00:00,21.14,300.85287,990.31726,3.1680722,60.93986,0.0,0.0
2022-12-03 14:00:00,20.53,299.96527,990.10596,3.2092314,61.97849,0.0,0.0
2022-12-03 15:00:00,20.36,298.99127,989.49713,3.1441653,63.683846,0.0,0.0
2022-12-03 16:00:00,20.73,297.95,989.10205,2.7925756,67.304054,0.0,0.0
2022-12-03 17:00:00,21.05,297.10553,988.54944,1.9913399,71.040276,0.0,0.0
2022-12-03 18:00:00,21.66,299.25287,988.58124,0.53017426,54.183132,0.0,0.0
2022-12-03 19:00:00,22.92,296.07587,988.3244,2.5948732,73.93228,0.0,0.0
2022-12-03 20:00:00,24.05,295.63437,988.99054,2.8297052,73.394844,0.0,0.0
2022-12-03 21:00:00,24.11,295.39838,989.8401,3.0261326,75.143936,0.0,0.0
2022-12-03 22:00:00,24.26,296.2877,990.7544,2.3300428,80.06376,0.0,0.0
2022-12-03 23:00:00,24.72,299.47113,991.8421,2.9862812,72.20613,0.0,0.0
2022-12-04 00:00:00,25.48,301.43484,992.1794,3.644879,67.07638,0.0,0.0
2022-12-04 01:00:00,26.17,303.3742,992.14264,2.9889848,59.67775,0.0,0.0
2022-12-04 02:00:00,26.47,305.2254,991.6253,2.4371305,52.94494,0.0,0.0
2022-12-04 03:00:00,26.43,306.7953,990.8591,2.4138827,47.91307,0.0,0.0
2022-12-04 04:00:00,26.13,308.15222,990.1753,2.7638657,42.44683,0.0,0.0
2022-12-04 05:00:00,25.95,309.11682,989.47266,3.209583,37.382442,0.0,0.0
2022-12-04 06:00:00,26.33,309.56354,988.72217,3.384349,34.615196,0.0,0.0
2022-12-04 07:00:00,26.54,310.3382,988.03925,3.8139715,28.59133,0.0,0.0
2022-12-04 08:00:00,26.88,310.03687,988.15717,3.28411,29.76251,0.0,0.0
2022-12-04 09:00:00,27.93,308.69446,988.255,1.9844799,39.668617,0.0,0.0
2022-12-04 10:00:00,28.19,306.44327,988.8217,2.0530243,54.095505,0.0,0.0
2022-12-04 11:00:00,27.26,304.4663,989.0346,3.0136385,56.519146,0.0,0.0
2022-12-04 12:00:00,26.01,302.58417,989.3989,3.5268934,60.82952,0.0,0.0
2022-12-04 13:00:00,25.11,301.54974,989.23944,3.6403537,60.879887,0.0,0.0
2022-12-04 14:00:00,24.84,300.78833,989.2353,3.6303694,60.948868,0.0,0.0
2022-12-04 15:00:00,24.88,299.9043,988.45374,3.384615,62.827312,0.0,0.0
2022-12-04 16:00:00,25.13,298.9735,988.02936,2.912933,66.52913,0.0,0.0
2022-12-04 17:00:00,26.35,298.0489,987.6898,2.564059,70.44845,0.0,0.0
2022-12-04 18:00:00,26.81,297.732,987.7467,3.2392542,69.848854,0.0,0.0
2022-12-04 19:00:00,26.74,297.05273,989.11743,2.6507785,80.923615,0.0,0.0
2022-12-04 20:00:00,26.83,296.71216,989.6166,2.3476145,84.66171,0.0,0.0
2022-12-04 21:00:00,26.13,296.63623,990.0034,2.7667305,85.28508,0.0,0.0
2022-12-04 22:00:00,25.74,297.79614,991.0206,2.603554,83.40199,0.0,0.0
2022-12-04 23:00:00,26.03,300.8182,991.65063,2.6134236,69.11571,0.0,0.0
2022-12-05 00:00:00,26.71,303.03494,991.9975,2.2441297,56.43465,0.0,0.0
2022-12-05 01:00:00,26.57,304.79504,991.90735,1.8796663,48.683693,0.0,0.0
2022-12-05 02:00:00,26.33,306.30493,991.47266,1.7609609,43.523697,0.0,0.0
2022-12-05 03:00:00,25.55,307.51855,990.4548,1.8892039,40.21497,0.0,0.0
2022-12-05 04:00:00,23.92,308.55743,989.5619,2.1947386,37.450024,0.0,0.0
2022-12-05 05:00:00,22.71,309.2339,988.65906,2.4183009,35.18127,0.0,0.0
2022-12-05 06:00:00,22.82,309.58484,987.9444,2.5700998,34.255074,0.0,0.0
2022-12-05 07:00:00,24.01,310.51868,986.89136,2.6497092,31.1322,0.0,0.0
2022-12-05 08:00:00,25.69,310.33752,986.86346,2.2322226,31.24822,0.0,0.0
2022-12-05 09:00:00,27.27,309.39374,987.00525,1.5284022,36.97629,0.0,0.0
2022-12-05 10:00:00,27.08,307.315,987.705,1.3779573,50.61066,0.0,0.0
2022-12-05 11:00:00,26.34,304.76532,988.2009,1.630721,62.81359,0.0,0.0
2022-12-05 12:00:00,25.75,303.239,988.5386,1.8357435,64.95646,0.0,0.0
2022-12-05 13:00:00,24.61,302.00317,988.6806,2.1711884,66.33856,0.0,0.0
2022-12-05 14:00:00,23.76,301.04044,988.55133,2.2550018,67.0363,0.0,0.0
2022-12-05 15:00:00,23.57,300.26733,988.0209,2.030635,67.164955,0.0,0.0
2022-12-05 16:00:00,24.99,299.10233,987.7072,2.7363505,70.00634,0.0,0.0
2022-12-05 17:00:00,25.91,299.0257,987.8258,3.949556,67.16133,0.0,0.0
2022-12-05 18:00:00,25.87,298.46466,987.8089,4.7236543,72.00062,0.0,0.0
2022-12-05 19:00:00,25.25,297.7392,988.651,2.9100187,78.13683,0.0,0.0
2022-12-05 20:00:00,24.96,297.0525,988.9841,2.39652,82.08001,0.0,0.0
2022-12-05 21:00:00,24.86,296.66052,989.7446,2.4802225,83.43637,0.0,0.0
2022-12-05 22:00:00,24.67,297.7682,990.42377,2.3423872,81.6166,0.0,0.0
2022-12-05 23:00:00,24.56,300.88855,990.99536,2.430052,67.9934,0.0,0.0
2022-12-06 00:00:00,24.33,303.23166,991.0172,2.2611132,56.76687,0.0012934207,0.0
2022-12-06 01:00:00,24.72,305.2819,990.90857,2.206079,48.057972,0.0,0.0
2022-12-06 02:00:00,24.81,307.19452,990.2434,2.451687,41.294083,0.0,0.0
2022-12-06 03:00:00,24.8,308.83612,989.3311,2.444018,36.17771,0.0,0.0
2022-12-06 04:00:00,24.09,310.14175,988.40356,2.328474,31.717937,0.0,0.0
2022-12-06 05:00:00,23.65,310.9859,987.29486,2.5189903,27.92995,0.0,0.0
2022-12-06 06:00:00,23.87,311.51465,986.665,2.6303737,25.050957,0.0,0.0
2022-12-06 07:00:00,24.49,311.8847,985.8886,2.6961682,22.161531,0.0,0.0
2022-12-06 08:00:00,24.14,311.6012,985.7156,2.5479198,22.74297,0.0,0.0
2022-12-06 09:00:00,23.87,310.29645,986.07,2.2279923,30.525604,0.0,0.0
2022-12-06 10:00:00,24.15,308.30463,986.46063,2.9272318,37.923115,0.0,0.0
2022-12-06 11:00:00,24.51,306.16556,986.8367,3.668428,43.516235,0.0,0.0
2022-12-06 12:00:00,25.01,304.557,987.2886,3.8368444,46.61413,0.0,0.0
2022-12-06 13:00:00,24.7,303.35303,987.3201,3.742911,48.938457,0.0,0.0
2022-12-06 14:00:00,24.29,302.24298,987.43353,3.4099674,52.159985,0.0,0.0
2022-12-06 15:00:00,23.95,300.75787,987.07983,2.5421042,61.202557,0.0,0.0
2022-12-06 16:00:00,23.88,300.2032,986.98267,1.8393663,63.2864,0.0,0.0
2022-12-06 17:00:00,24.15,299.982,986.9434,3.9765987,57.618713,0.0,0.0
2022-12-06 18:00:00,26.16,299.68396,987.30853,4.7177005,57.274372,0.0,0.0
2022-12-06 19:00:00,28.05,298.2968,987.8895,3.7570693,67.85885,0.0,0.0
2022-12-06 20:00:00,28.3,297.70383,988.5627,3.203334,72.24983,0.0,0.0
2022-12-06 21:00:00,28.47,297.33063,989.33905,2.9430737,75.691505,0.0,0.0
2022-12-06 22:00:00,28.59,298.4334,990.3095,2.7443082,75.54109,0.0,0.0
2022-12-06 23:00:00,28.75,301.41714,991.05835,3.3602843,64.762566,0.0,0.0
2022-12-07 00:00:00,29.56,303.71414,991.193,3.529707,56.94025,0.0,0.0
2022-12-07 01:00:00,29.78,305.71973,991.306,3.199122,49.33766,0.0,0.0
2022-12-07 02:00:00,29.83,307.4103,990.8103,2.777519,43.627,0.0,0.0
2022-12-07 03:00:00,29.57,308.87152,989.96906,2.4445462,38.837452,0.0,0.0
2022-12-07 04:00:00,28.98,310.1092,989.02924,2.3291318,33.98508,0.0,0.0
2022-12-07 05:00:00,30.16,310.91504,988.11975,1.8739849,29.519072,0.0,0.0
2022-12-07 06:00:00,32.17,311.30246,987.53845,1.3041201,26.161852,0.0,0.0
2022-12-07 07:00:00,33.87,311.87015,986.52905,0.67312014,23.965868,0.0,0.0
2022-12-07 08:00:00,34.49,311.66998,986.2785,1.8524301,24.320646,0.0,0.0
2022-12-07 09:00:00,34.54,310.4276,986.20026,3.2534804,30.30601,0.0,0.0
2022-12-07 10:00:00,34.81,308.19843,986.6986,4.1540427,36.437946,0.0,0.0
2022-12-07 11:00:00,35.29,306.6258,987.4417,3.9897568,40.476273,0.0,0.0
2022-12-07 12:00:00,35.06,305.48364,988.06494,3.501667,43.491028,0.0,0.0
2022-12-07 13:00:00,35.28,304.4635,988.67487,2.8213103,48.084145,0.0,0.0
2022-12-07 14:00:00,36.4,304.59955,989.065,0.43806192,44.566933,0.0,0.0
2022-12-07 15:00:00,37.99,302.528,989.5765,4.9643583,55.661537,0.0,0.0
2022-12-07 16:00:00,38.54,301.58722,989.49585,5.6281185,70.16971,0.0,0.0
2022-12-07 17:00:00,38.4,301.02472,989.0714,4.830103,77.31693,0.0,0.0
2022-12-07 18:00:00,38.38,300.59918,989.0686,4.8466897,79.80961,0.0,0.0
2022-12-07 19:00:00,37.56,299.8733,989.3826,4.6989594,84.23692,0.0,0.0
2022-12-07 20:00:00,38.13,299.60022,989.88654,4.2519245,85.086266,0.0,0.0
2022-12-07 21:00:00,38.96,299.34338,990.84485,3.5137808,86.31443,0.0,0.0
2022-12-07 22:00:00,38.95,300.1151,991.83813,3.2187178,83.25755,0.0,0.0
2022-12-07 23:00:00,38.42,302.00342,992.4255,4.171182,73.50396,0.0,0.0
2022-12-08 00:00:00,38.16,304.28632,992.66547,4.458759,62.50034,0.0,0.0
2022-12-08 01:00:00,37.7,306.62482,992.44006,4.7183347,51.61339,0.0,0.0
2022-12-08 02:00:00,36.63,308.60028,991.8116,4.8066893,42.702347,0.0,0.0
2022-12-08 03:00:00,35.09,310.0207,990.8148,4.611894,36.375607,0.0,0.0
2022-12-08 04:00:00,34.35,310.63556,989.9115,4.055153,32.630093,0.0,0.0
2022-12-08 05:00:00,34.98,310.43085,989.06866,3.7373688,31.382116,0.0,0.0
2022-12-08 06:00:00,34.92,310.8142,988.34534,3.4844725,30.152725,0.0,0.0
2022-12-08 07:00:00,36.17,311.4989,987.65173,2.0311975,25.168642,0.0,0.0
2022-12-08 08:00:00,37.0,311.25644,987.577,2.3639781,25.353073,0.0,0.0
2022-12-08 09:00:00,37.59,310.84863,987.70435,2.8375533,26.294119,0.0,0.0
2022-12-08 10:00:00,37.39,309.08807,988.18195,3.56471,32.707794,0.0,0.0
2022-12-08 11:00:00,36.54,307.69815,988.8303,3.8481355,36.93558,0.0,0.0
2022-12-08 12:00:00,35.82,306.51132,989.2174,3.710363,40.540024,0.0,0.0
2022-12-08 13:00:00,34.98,305.4081,989.6845,3.3214252,44.144375,0.0,0.0
2022-12-08 14:00:00,34.76,304.39297,989.7997,2.9647884,48.004257,0.0,0.0
2022-12-08 15:00:00,35.01,303.0876,989.3864,2.3375728,54.65463,0.0,0.0
2022-12-08 16:00:00,35.51,302.37112,989.2725,3.1434805,55.071766,0.0,0.0
2022-12-08 17:00:00,36.13,301.57755,989.1844,4.004389,56.235863,0.0,0.0
2022-12-08 18:00:00,36.87,301.10712,989.30133,3.8103821,58.39727,0.0,0.0
2022-12-08 19:00:00,38.08,300.5044,989.3194,3.6741002,60.184032,0.0,0.0
2022-12-08 20:00:00,39.12,299.85742,989.9324,3.1404111,63.76951,0.0,0.0
2022-12-08 21:00:00,39.52,299.24893,990.5073,2.6991072,67.69546,0.0,0.0
2022-12-08 22:00:00,39.82,300.0553,991.22626,2.0993626,67.53528,0.0,0.0
2022-12-08 23:00:00,40.31,302.90848,991.9228,2.2430036,55.192036,0.0,0.0
2022-12-09 00:00:00,40.7,305.19934,992.0742,2.5399904,46.65391,0.0021487474,0.0
2022-12-09 01:00:00,40.42,307.1701,992.2619,2.6058435,40.674965,0.0,0.0
2022-12-09 02:00:00,40.04,309.13278,991.77905,2.8212075,35.115284,0.0,0.0
2022-12-09 03:00:00,39.44,310.7083,990.8047,2.7141972,30.568398,0.0,0.0
2022-12-09 04:00:00,38.41,311.37622,989.9297,1.8193914,27.495941,0.0,0.0
2022-12-09 05:00:00,36.3,311.8039,988.9164,1.4028778,24.813229,0.0,0.0
2022-12-09 06:00:00,34.6,312.25165,988.2672,1.3164513,23.57521,0.0,0.0
2022-12-09 07:00:00,36.56,312.13092,987.7978,0.3731327,23.708332,0.0,0.54
2022-12-09 08:00:00,39.87,312.071,987.4849,0.79332846,23.760242,0.0,2.75
2022-12-09 09:00:00,43.07,311.75476,987.86206,1.3361459,24.342308,0.0,6.67
2022-12-09 10:00:00,44.46,310.7577,988.30884,1.2717404,28.639421,0.003695488,4.12
2022-12-09 11:00:00,44.41,309.71753,988.9611,0.71928734,33.345978,0.0,1.11
2022-12-09 12:00:00,43.62,308.5291,989.4114,1.1241838,45.99607,0.0,0.0
2022-12-09 13:00:00,42.81,307.6418,989.6654,1.5283357,43.356304,0.0,0.0
2022-12-09 14:00:00,41.89,306.2989,989.6859,1.7664987,51.700424,0.0,0.0
2022-12-09 15:00:00,41.39,305.67355,989.0089,2.1494176,49.829163,0.0,0.0
2022-12-09 16:00:00,41.34,305.09326,988.505,2.5997105,49.143143,0.0,0.95
2022-12-09 17:00:00,42.14,304.4739,987.9736,2.6944094,50.30189,0.0,0.14999999
2022-12-09 18:00:00,42.92,303.58035,987.8847,2.4191463,54.171013,0.0,0.0
2022-12-09 19:00:00,41.48,303.3688,988.5439,0.36201698,60.984867,0.0,0.0
2022-12-09 20:00:00,40.57,302.35382,989.1111,0.5748726,68.53438,0.0,0.0
2022-12-09 21:00:00,41.32,301.73254,989.9431,1.8119476,68.9647,0.0,0.0
2022-12-09 22:00:00,41.8,302.24292,990.8869,2.6069834,63.8247,0.0,0.0
2022-12-09 23:00:00,42.24,304.59705,991.66675,3.4209359,51.697422,0.0,0.0
2022-12-10 00:00:00,41.57,307.1607,991.59705,3.5328615,42.04835,0.0036805868,0.0
2022-12-10 01:00:00,40.61,309.49673,991.52985,3.2582314,33.923862,0.0,0.0
2022-12-10 02:00:00,39.73,311.10168,990.88794,2.9650908,29.588795,0.0,0.0
2022-12-10 03:00:00,39.15,312.57983,990.34784,2.5545156,26.017288,0.0,0.0
2022-12-10 04:00:00,38.42,313.24435,989.447,1.9392734,23.51674,0.0,0.0
2022-12-10 05:00:00,37.94,313.79352,988.78485,1.9450033,21.967922,0.0,0.0
2022-12-10 06:00:00,37.23,313.9505,988.0996,1.913099,21.126322,0.0,0.0
2022-12-10 07:00:00,37.71,314.0324,987.02313,2.0023289,20.417547,0.0,0.0
2022-12-10 08:00:00,37.82,314.02457,986.84015,3.3079429,20.196556,0.0,0.0
2022-12-10 09:00:00,38.13,313.37057,986.7336,4.0298376,21.159327,0.0,0.0
2022-12-10 10:00:00,38.25,311.63867,987.6669,3.6821854,25.941765,0.0,0.0
2022-12-10 11:00:00,38.34,309.9691,987.97345,3.3317437,30.04977,0.0,0.0
2022-12-10 12:00:00,39.47,308.43,988.6861,3.6131756,34.661694,0.0,0.0
2022-12-10 13:00:00,40.36,307.02908,988.95404,4.1963134,38.623413,0.0,0.0
2022-12-10 14:00:00,40.46,306.03534,989.4138,5.1845326,42.151752,0.0,0.0
2022-12-10 15:00:00,40.97,305.26794,989.06506,5.714437,44.6102,0.0,0.0
2022-12-10 16:00:00,42.06,304.6315,988.8144,5.5938015,46.625256,0.0017166138,0.0
2022-12-10 17:00:00,42.24,304.0235,988.44507,5.496061,49.280212,0.0,0.0
2022-12-10 18:00:00,41.73,303.44873,988.33923,5.0898175,52.403145,0.0,0.0
2022-12-10 19:00:00,41.61,301.84143,989.33813,3.8846958,58.34623,0.0,0.0
2022-12-10 20:00:00,40.2,301.38995,989.59174,3.8013403,60.73105,0.0,0.0
2022-12-10 21:00:00,39.75,300.95386,990.1044,3.5432217,62.92236,0.0,0.0
2022-12-10 22:00:00,39.53,301.76617,990.72205,2.8242903,61.031765,0.0,0.0
2022-12-10 23:00:00,39.79,304.27997,991.33203,3.1903536,50.631313,0.0,0.0
2022-12-11 00:00:00,40.4,306.79443,991.4113,3.4142966,40.20369,0.0021517277,0.0
2022-12-11 01:00:00,40.52,309.2566,991.1036,3.9039044,30.962849,0.0,0.0
2022-12-11 02:00:00,41.11,311.43512,990.50446,4.337631,24.549421,0.0,0.0
2022-12-11 03:00:00,41.58,313.01373,989.6808,4.482267,20.481754,0.0,0.0
2022-12-11 04:00:00,40.72,313.98676,988.7717,4.216407,19.221283,0.0,0.0
2022-12-11 05:00:00,39.96,314.64325,987.65643,3.3389654,18.322792,0.0,0.0
2022-12-11 06:00:00,39.65,314.76343,987.02325,2.4266973,17.746132,0.0,0.0
2022-12-11 07:00:00,38.84,314.84152,986.5806,2.827524,17.93945,0.0017195939,0.0
2022-12-11 08:00:00,37.86,314.6663,986.12384,2.7560096,17.988163,0.0,0.0
2022-12-11 09:00:00,37.28,314.14856,986.31323,2.382368,18.198109,0.018842518,0.0
2022-12-11 10:00:00,37.54,312.6905,986.7721,1.3282822,22.827656,0.0,0.0
2022-12-11 11:00:00,38.07,311.18634,987.41406,1.159037,27.60235,0.0,0.0
2022-12-11 12:00:00,37.98,309.62787,988.01373,2.0282557,32.84837,0.0,0.0
2022-12-11 13:00:00,37.49,308.1703,988.3842,2.6218135,37.197937,0.0,0.0
2022-12-11 14:00:00,37.03,307.1933,988.71,3.5178926,37.459656,0.0,0.0
2022-12-11 15:00:00,37.02,306.5185,988.36194,4.3947854,35.667877,0.0,0.0
2022-12-11 16:00:00,36.87,305.43228,988.16095,4.5931625,36.840546,0.0,0.0
2022-12-11 17:00:00,36.78,304.45166,988.22986,4.699851,39.817066,0.0,0.0
2022-12-11 18:00:00,37.01,303.72614,988.3904,4.9008627,43.193737,0.0,0.0
2022-12-11 19:00:00,38.77,303.12628,989.1067,4.428762,45.931145,0.022023914,0.0
2022-12-11 20:00:00,39.96,302.49622,990.0305,3.2565696,50.338024,0.036120415,0.0
2022-12-11 21:00:00,41.84,301.73602,991.0882,2.845599,56.09879,0.0,0.14
2022-12-11 22:00:00,43.33,302.15662,991.7381,2.919858,58.026093,0.0032186508,0.88
2022-12-11 23:00:00,44.27,303.80487,992.33374,4.17409,54.389935,0.0,0.25
2022-12-12 00:00:00,44.54,305.7478,992.22675,4.370597,46.53372,0.081932545,0.0
2022-12-12 01:00:00,44.92,308.00723,992.07,3.9372675,37.632538,0.0,0.0
2022-12-12 02:00:00,44.78,309.96027,991.67847,3.8058827,31.51563,0.0,0.0
2022-12-12 03:00:00,44.38,311.6986,990.6853,3.9328332,26.588583,0.0027902424,0.0
2022-12-12 04:00:00,43.47,312.70312,989.548,3.5223255,24.115429,0.013481826,0.0
2022-12-12 05:00:00,41.85,313.2633,988.54846,3.30934,22.96125,0.01603365,0.0
2022-12-12 06:00:00,40.54,313.69855,987.68854,3.1139903,22.05632,0.025402755,0.0
2022-12-12 07:00:00,38.79,312.74225,987.9994,1.8656064,23.685127,0.0017054372,0.0
2022-12-12 08:00:00,39.05,312.6938,987.4847,1.7182806,23.370625,0.006832186,0.0
2022-12-12 09:00:00,39.17,312.04352,987.6171,1.902566,24.136621,0.0,0.0
2022-12-12 10:00:00,38.2,311.20892,988.15686,1.7547796,26.709387,0.0,0.0
2022-12-12 11:00:00,38.68,309.8435,989.3033,1.0262939,32.727463,0.0,0.0
2022-12-12 12:00:00,38.7,308.8229,989.86414,0.05817487,37.79543,0.0,0.0
2022-12-12 13:00:00,39.98,307.87396,990.13257,1.4679749,42.4888,0.0,0.0
2022-12-12 14:00:00,41.77,306.6233,990.4772,2.2422922,47.311993,0.0036807833,0.0
2022-12-12 15:00:00,44.67,305.5558,990.21075,2.9496846,49.202217,0.0027418137,0.0
2022-12-12 16:00:00,47.59,304.9114,990.1953,3.2846866,49.11985,0.0,0.0
2022-12-12 17:00:00,48.54,304.2433,989.9827,3.7657065,49.32386,0.0,0.0
2022-12-12 18:00:00,49.37,303.74103,989.90594,3.825138,50.449677,0.0,0.0
2022-12-12 19:00:00,51.22,302.62518,991.2294,0.87942463,65.35162,0.0,0.0
2022-12-12 20:00:00,53.12,302.0283,991.96,2.2310135,60.308838,0.009793046,0.82
2022-12-12 21:00:00,53.23,301.4475,992.67596,2.3303726,63.250523,0.0,1.65
2022-12-12 22:00:00,53.5,301.7352,993.44763,1.9121524,62.620945,0.00638044,0.72
2022-12-12 23:00:00,52.98,303.1501,993.87415,1.7443935,56.443447,0.0,3.1399999
2022-12-13 00:00:00,46.51,304.6828,994.08185,1.4921482,51.096066,0.08928478,4.18
2022-12-13 01:00:00,46.45,306.44995,993.7039,1.5602083,44.631767,0.0,2.3899999
2022-12-13 02:00:00,47.14,307.9859,993.07104,1.8316703,38.314037,0.0,1.52
2022-12-13 03:00:00,47.7,309.05063,992.2195,2.3603399,34.39539,0.0013336539,0.53
2022-12-13 04:00:00,48.15,309.5154,991.5553,3.010181,33.136166,0.0062286854,0.0
2022-12-13 05:00:00,48.3,309.96967,990.9011,2.6620235,31.953764,0.002808869,0.0
2022-12-13 06:00:00,46.81,310.2236,989.99524,1.8688555,30.455498,0.001296401,0.0
2022-12-13 07:00:00,45.59,311.33295,989.11255,1.8719301,29.256195,0.008575618,0.0
2022-12-13 08:00:00,45.47,311.02692,988.9624,2.3978336,29.016165,0.009812415,0.0
2022-12-13 09:00:00,45.38,309.70526,989.6489,2.975947,32.256035,0.0,0.14999999
2022-12-13 10:00:00,45.33,308.42557,990.57153,1.0438304,35.387386,0.004261732,0.0
2022-12-13 11:00:00,45.45,307.37604,991.30096,2.9264836,38.957287,0.0013709068,0.0
2022-12-13 12:00:00,44.79,306.3637,991.5009,2.6426878,42.431118,0.0,0.0
2022-12-13 13:00:00,43.85,305.42484,992.06146,1.9095324,47.008495,0.0,0.0
2022-12-13 14:00:00,44.22,304.94583,992.4542,1.2554418,50.715237,0.0,0.0
2022-12-13 15:00:00,45.4,304.42282,992.3932,0.4262643,56.677948,0.0,0.0
2022-12-13 16:00:00,45.3,303.92636,992.1948,1.6718098,57.16233,0.0,0.0
2022-12-13 17:00:00,45.61,303.39062,991.74634,2.502679,56.723343,0.0,0.0
2022-12-13 18:00:00,45.84,302.841,991.5005,3.1094797,55.304794,0.0,0.0
2022-12-13 19:00:00,45.59,302.2041,990.77155,1.9849219,69.18707,0.0,0.0
2022-12-13 20:00:00,46.02,301.861,991.34265,2.6777775,67.62384,0.0,0.0
2022-12-13 21:00:00,46.46,301.49866,992.23706,2.172548,67.39183,0.0,0.0
2022-12-13 22:00:00,46.72,301.82605,992.98737,1.1632999,66.36039,0.0,0.0
2022-12-13 23:00:00,47.17,303.74957,993.0094,0.6735056,54.846573,0.0,0.0
2022-12-14 00:00:00,49.37,305.30054,993.02124,0.3739036,47.625603,0.03658235,0.0
2022-12-14 01:00:00,49.61,306.90103,992.68274,0.78020626,41.47657,0.0,0.0
2022-12-14 02:00:00,49.49,308.3036,992.2857,0.7374478,36.97588,0.007405877,0.0
2022-12-14 03:00:00,48.4,309.36273,991.35565,1.4456465,33.660404,0.019360334,0.0
2022-12-14 04:00:00,47.78,310.31494,990.41705,1.4705107,30.944649,0.02675876,0.0
2022-12-14 05:00:00,47.1,310.82376,989.1919,1.2080092,29.286448,0.018820167,0.0
2022-12-14 06:00:00,45.39,311.59244,988.06866,1.7843286,27.539127,0.014927238,0.0
2022-12-14 07:00:00,43.18,308.85175,988.6514,2.3340352,37.365124,0.0013574972,0.0
2022-12-14 08:00:00,41.68,308.9265,988.0541,0.956452,36.60083,0.0,0.0
2022-12-14 09:00:00,40.01,308.7128,988.0087,0.6047592,36.759823,0.0,0.0
2022-12-14 10:00:00,38.65,308.25372,988.33185,0.29159978,37.764526,0.0,0.0
2022-12-14 11:00:00,38.26,307.9369,988.9011,0.53061557,38.680202,0.0,0.0
2022-12-14 12:00:00,38.48,307.51663,989.57983,0.48658243,41.36096,0.0,0.0
2022-12-14 13:00:00,38.7,306.83942,990.0669,0.90052086,45.12872,0.0,0.0
2022-12-14 14:00:00,39.51,306.03033,990.22577,1.393527,48.82005,0.0,0.0
2022-12-14 15:00:00,41.35,305.1812,989.8264,1.6547123,51.787384,0.0,0.0
2022-12-14 16:00:00,43.38,304.30377,989.4679,1.3085991,56.53267,0.0,0.0
2022-12-14 17:00:00,44.06,303.75336,988.91345,0.5359161,60.70759,0.0,0.0
2022-12-14 18:00:00,45.26,302.92303,988.8711,2.6646395,61.129654,0.0,0.0
2022-12-14 19:00:00,45.96,302.05603,989.16296,3.5444632,62.276226,0.0,0.0
2022-12-14 20:00:00,47.25,301.62195,989.5321,4.0259795,64.43453,0.0,0.0
2022-12-14 21:00:00,47.72,301.50665,990.1184,4.2814493,65.84017,0.0,0.0
2022-12-14 22:00:00,47.11,302.1125,990.73663,4.3759437,64.13949,0.0,0.0
2022-12-14 23:00:00,46.53,303.57883,990.90924,5.2054896,58.76809,0.0,0.0
2022-12-15 00:00:00,46.75,305.5767,990.6241,4.795297,49.852264,0.08951881,0.0
2022-12-15 01:00:00,45.72,307.50635,990.1961,3.9058444,40.340176,0.0,0.0
2022-12-15 02:00:00,44.66,308.7768,989.3416,3.4070725,35.14266,0.0,0.0
2022-12-15 03:00:00,44.31,309.7591,988.563,3.3339524,31.982555,0.0,0.0
2022-12-15 04:00:00,43.63,310.6751,987.34625,2.861899,29.47741,0.0,0.0
2022-12-15 05:00:00,42.36,310.9479,986.21686,2.087967,27.665827,0.0,0.0
2022-12-15 06:00:00,41.42,311.1953,985.2264,1.2505355,26.28429,0.0,0.03
2022-12-15 07:00:00,41.79,312.0091,984.5608,2.758205,23.104828,0.0,1.16
2022-12-15 08:00:00,40.72,311.4519,984.055,3.5523612,22.344908,0.025950372,0.83
2022-12-15 09:00:00,38.72,310.55484,984.548,3.3218784,23.656092,0.0,0.0
2022-12-15 10:00:00,37.45,309.78253,984.83453,1.7184107,25.149668,0.0,0.0
2022-12-15 11:00:00,37.5,308.96143,984.9395,1.2641212,28.214895,0.0,0.0
2022-12-15 12:00:00,39.03,307.93475,985.72437,2.3502028,32.426594,0.0,0.0
2022-12-15 13:00:00,40.17,307.07626,986.07874,4.464999,34.67295,0.0,0.0
2022-12-15 14:00:00,42.18,305.4481,986.7581,6.4112754,44.13698,0.0,0.0
2022-12-15 15:00:00,44.58,304.127,986.4705,5.2180047,52.670185,0.0,0.0
2022-12-15 16:00:00,46.32,303.6053,986.5089,4.2881727,55.477913,0.0,0.0
2022-12-15 17:00:00,45.47,303.21967,986.3767,3.9273624,57.04741,0.0,0.0
2022-12-15 18:00:00,44.05,302.7527,986.517,3.7646513,59.6479,0.00461936,0.0
2022-12-15 19:00:00,43.27,302.42944,986.51776,4.537054,59.177834,0.0,0.0
2022-12-15 20:00:00,43.61,301.81598,986.72095,4.2269897,64.10671,0.0,0.0
2022-12-15 21:00:00,43.49,301.41333,987.42126,3.9349642,68.62422,0.0,0.0
2022-12-15 22:00:00,43.32,301.7054,988.12915,4.1536446,69.85938,0.0,0.0
2022-12-15 23:00:00,43.76,302.84918,988.5214,4.4333024,65.67873,0.0,0.0
2022-12-16 00:00:00,47.66,304.54193,988.28467,4.004085,58.670647,0.030741096,0.0
2022-12-16 01:00:00,46.55,306.34338,987.96295,3.8797555,50.719494,0.0,0.0
2022-12-16 02:00:00,46.35,307.8025,987.2305,3.8833404,43.427643,0.02148375,0.0
2022-12-16 03:00:00,45.26,309.07263,986.77765,3.8626904,38.36618,0.032555312,0.0
2022-12-16 04:00:00,43.76,310.39072,985.9597,3.9587574,34.14559,0.036656857,0.0
2022-12-16 05:00:00,42.18,311.10266,984.8967,3.8770397,31.395098,0.026486814,0.0
2022-12-16 06:00:00,39.73,311.58044,984.0825,4.1155777,29.408758,0.011667609,0.0
2022-12-16 07:00:00,39.22,311.79062,983.462,4.1164293,26.702898,0.0,0.0
2022-12-16 08:00:00,39.47,311.22437,982.8045,4.6243973,27.26522,0.012840333,0.0
2022-12-16 09:00:00,40.41,310.67554,983.38257,4.3507047,27.214176,0.0,0.17
2022-12-16 10:00:00,41.56,310.15363,983.9972,3.93513,26.74714,0.0,0.0
2022-12-16 11:00:00,42.26,309.0871,984.9455,3.7883832,28.761599,0.008285046,0.0
2022-12-16 12:00:00,43.09,307.8876,985.64935,4.7975235,31.326029,0.003196299,0.0
2022-12-16 13:00:00,41.65,306.73627,986.12726,5.2433987,35.545044,0.0,0.0
2022-12-16 14:00:00,41.38,305.68738,986.6311,5.423071,40.758656,0.0,0.07
2022-12-16 15:00:00,40.11,304.71005,986.695,4.965111,47.219162,0.0,0.0
2022-12-16 16:00:00,39.51,303.47897,986.59686,3.5970166,54.49742,0.0384748,0.0
2022-12-16 17:00:00,38.55,302.7141,986.6105,2.8539677,59.46239,0.001296401,0.0
2022-12-16 18:00:00,36.18,301.95535,986.36017,3.5045474,64.00725,0.0,0.0
2022-12-16 19:00:00,34.32,301.16605,986.5372,3.7624278,64.991776,0.0,0.0
2022-12-16 20:00:00,32.17,300.52765,986.74744,3.3849669,68.729195,0.0,0.0
2022-12-16 21:00:00,31.71,300.01648,987.53796,3.1175582,71.67726,0.0,0.0
2022-12-16 22:00:00,32.24,300.40045,988.4035,3.6187432,70.44209,0.0,0.0
2022-12-16 23:00:00,31.39,301.82172,989.1219,4.2378106,62.938583,0.0,0.0
2022-12-17 00:00:00,27.53,303.46664,989.22876,4.1102223,53.953205,0.20304918,0.0
2022-12-17 01:00:00,26.82,305.0727,989.10315,4.2786736,45.884563,0.0,0.0
2022-12-17 02:00:00,26.61,306.63403,988.42065,4.173391,38.0556,0.0,0.0
2022-12-17 03:00:00,25.97,308.2328,987.5028,4.1640716,32.225407,0.0,0.0
2022-12-17 04:00:00,25.46,309.66394,986.6331,4.3364854,27.849266,0.0,0.0
2022-12-17 05:00:00,25.23,310.98425,985.7081,4.7032886,23.469172,0.0,0.0
2022-12-17 06:00:00,25.07,311.7092,984.7891,4.9862823,19.92875,0.0,0.0
2022-12-17 07:00:00,25.84,311.4287,984.3752,4.507548,19.392159,0.0,0.0
2022-12-17 08:00:00,26.77,311.3418,983.8933,4.6197333,18.939217,0.0,0.0
2022-12-17 09:00:00,26.85,310.91138,984.165,4.6017604,19.005499,0.0,0.0
2022-12-17 10:00:00,27.62,309.9265,984.8191,3.7587805,20.524996,0.0,0.0
2022-12-17 11:00:00,29.3,308.6398,985.5108,3.0972276,23.416494,0.0,0.0
2022-12-17 12:00:00,30.47,307.2922,986.1601,3.308436,26.757565,0.0,0.0
2022-12-17 13:00:00,32.12,306.3202,986.7366,4.096004,29.162312,0.0,0.0
2022-12-17 14:00:00,32.18,305.33887,987.3231,5.5889025,34.14078,0.0,0.0
2022-12-17 15:00:00,32.19,303.89008,987.2296,6.4345727,48.093517,0.0,0.0
2022-12-17 16:00:00,32.06,302.50925,986.8234,6.4992642,59.025047,0.0,0.0
2022-12-17 17:00:00,32.74,301.4453,986.8736,5.709486,63.705383,0.0,0.0
2022-12-17 18:00:00,35.16,300.7778,987.12366,4.399902,66.47739,0.0,0.0
2022-12-17 19:00:00,36.73,300.23636,987.2862,3.9556172,69.20336,0.0,0.0
2022-12-17 20:00:00,37.73,299.58667,987.8686,3.7802174,72.724365,0.0,0.0
2022-12-17 21:00:00,37.59,299.0453,988.22906,3.7131326,75.32998,0.0,0.0
2022-12-17 22:00:00,36.49,299.18958,989.3,4.30659,73.50027,0.0,0.0
2022-12-17 23:00:00,35.35,300.2312,989.9122,4.726849,66.53763,0.0,0.0
2022-12-18 00:00:00,29.84,301.7789,989.9324,4.5989585,56.81748,0.0017199189,0.0
2022-12-18 01:00:00,28.94,303.58136,989.7268,4.4177036,47.47147,0.0,0.0
2022-12-18 02:00:00,28.34,305.40424,989.1864,4.208348,40.140133,0.0,0.0
2022-12-18 03:00:00,27.88,307.0123,988.15015,4.0278683,34.934296,0.0,0.0
2022-12-18 04:00:00,26.6,308.45834,987.0982,3.8242447,30.997866,0.0,0.0
2022-12-18 05:00:00,25.5,309.67642,986.1258,3.5420804,26.701275,0.0,0.0
2022-12-18 06:00:00,24.36,310.2528,985.4803,3.381708,22.734259,0.0,0.0
2022-12-18 07:00:00,23.57,310.3022,984.83234,2.7408836,20.315746,0.0,0.0
2022-12-18 08:00:00,22.85,310.5152,984.29626,2.6259022,18.923582,0.0,0.0
2022-12-18 09:00:00,22.23,310.18622,984.4927,2.223108,18.2673,0.0,0.0
2022-12-18 10:00:00,22.09,309.56537,985.3306,1.7229532,18.618036,0.0,0.0
2022-12-18 11:00:00,20.85,308.50204,986.13696,1.1562725,21.569077,0.0,0.0
2022-12-18 12:00:00,18.72,307.3863,986.8117,1.3581722,26.504946,0.0,0.0
2022-12-18 13:00:00,18.35,305.8567,987.241,1.985958,30.538568,0.0,0.0
2022-12-18 14:00:00,18.73,304.34772,987.692,2.3928177,34.53264,0.0,0.0
2022-12-18 15:00:00,19.36,303.11777,987.44904,2.7515078,37.038403,0.0,0.0
2022-12-18 16:00:00,19.88,302.33545,986.9992,3.362086,37.61393,0.0,0.0
2022-12-18 17:00:00,22.07,301.79968,986.53235,4.398363,39.883366,0.0,0.0
2022-12-18 18:00:00,24.25,301.23132,986.3672,4.7698126,48.960762,0.0,0.0
2022-12-18 19:00:00,24.64,300.52365,986.5542,2.4896772,56.554817,0.0,0.0
2022-12-18 20:00:00,26.45,299.76593,986.98724,0.9260891,68.92581,0.0,0.0
2022-12-18 21:00:00,28.42,299.61523,987.95935,1.9530694,62.066788,0.0,0.0
2022-12-18 22:00:00,29.11,300.18713,988.96405,2.677568,61.590958,0.0,0.0
2022-12-18 23:00:00,29.7,301.83304,989.4718,3.6362805,52.91037,0.0,0.0
2022-12-19 00:00:00,31.8,303.60934,989.7548,3.4604921,44.488415,0.0021457663,0.0
2022-12-19 01:00:00,32.85,305.49658,989.53076,3.3090513,37.978233,0.0,0.0
2022-12-19 02:00:00,33.53,307.37152,989.1861,3.2204614,32.304493,0.0,0.0
2022-12-19 03:00:00,34.14,308.88477,988.1747,2.8955827,27.631845,0.0,0.0
2022-12-19 04:00:00,35.12,309.82904,987.3269,2.2457507,24.382862,0.0,0.0
2022-12-19 05:00:00,36.2,310.69354,986.3635,1.6015925,22.14201,0.0,0.0
2022-12-19 06:00:00,37.21,311.14853,985.3269,1.2824521,20.848305,0.0,0.0
2022-12-19 07:00:00,37.65,311.42743,984.57874,1.6824607,20.077904,0.0,0.0
2022-12-19 08:00:00,37.34,311.02954,984.136,1.7175034,20.381495,0.0,0.0
2022-12-19 09:00:00,36.93,310.96057,984.2293,2.0962818,20.419765,0.0,0.0
2022-12-19 10:00:00,36.85,310.6646,984.8719,2.312364,20.756695,0.0,0.0
2022-12-19 11:00:00,37.36,309.98865,985.4878,2.1601832,22.79442,0.0,0.0
2022-12-19 12:00:00,37.52,309.3207,986.15375,1.840658,24.739899,0.0,0.0
2022-12-19 13:00:00,37.88,308.4323,986.5915,0.70783514,31.003225,0.0,0.0
2022-12-19 14:00:00,38.62,307.48618,986.9885,1.7305992,34.730373,0.0,0.0
2022-12-19 15:00:00,39.4,306.59763,987.1266,3.6598468,36.1215,0.0,0.0
2022-12-19 16:00:00,39.67,305.7516,987.12494,3.2543175,39.59369,0.0,0.0
2022-12-19 17:00:00,39.07,305.00146,987.15533,3.7063868,37.880707,0.004604459,0.0
2022-12-19 18:00:00,38.48,304.1794,987.03595,3.6877308,34.322475,0.021123886,0.0
2022-12-19 19:00:00,38.08,302.93463,986.47876,4.5460258,31.673973,0.0,0.0
2022-12-19 20:00:00,37.95,301.98636,986.89594,3.8490572,31.711678,0.017538669,0.0
2022-12-19 21:00:00,38.15,301.22418,987.997,2.9066582,33.44764,0.050470233,0.0
2022-12-19 22:00:00,38.56,301.34595,989.035,3.0890448,33.74185,0.025227666,0.0
2022-12-19 23:00:00,39.86,302.629,989.698,4.2064185,29.548622,0.0,0.0
2022-12-20 00:00:00,41.43,303.70117,990.0853,3.2090142,27.38418,0.11896491,0.0
2022-12-20 01:00:00,42.15,304.6115,990.1357,2.350955,26.04858,0.0,0.0
2022-12-20 02:00:00,42.91,305.70157,989.3719,2.3827138,24.692078,0.0,0.0
2022-12-20 03:00:00,42.88,306.97675,988.27795,2.64732,23.276121,0.0,0.0
2022-12-20 04:00:00,42.31,308.17877,987.41595,2.5170975,22.155178,0.0,0.0
2022-12-20 05:00:00,41.87,308.79993,986.6103,2.1381342,22.04032,0.0,0.0
2022-12-20 06:00:00,41.92,309.3235,985.66187,1.7433165,22.405033,0.0,0.0
2022-12-20 07:00:00,42.37,309.205,985.5689,1.4550529,26.358393,0.0,0.0
2022-12-20 08:00:00,43.21,309.2026,985.02325,1.4341257,26.092667,0.0,0.0
2022-12-20 09:00:00,43.63,309.0537,985.33234,1.4502349,25.938395,0.0,0.0
2022-12-20 10:00:00,43.83,308.83722,986.1811,1.2297295,25.972721,0.0,0.0
2022-12-20 11:00:00,44.05,308.08942,986.6636,0.7844695,29.543892,0.0,0.0
2022-12-20 12:00:00,44.53,307.21478,987.16266,1.0202985,33.290596,0.0,0.0
2022-12-20 13:00:00,44.69,306.27704,987.4378,1.6759728,36.19593,0.0,0.0
2022-12-20 14:00:00,44.61,305.4023,987.42126,2.35439,37.619045,0.003653765,0.0
2022-12-20 15:00:00,45.2,304.43622,986.96783,3.2985191,38.49197,0.008299947,0.0
2022-12-20 16:00:00,45.33,303.88654,986.5822,4.032303,38.355667,0.0,0.0
2022-12-20 17:00:00,45.13,303.41022,986.31323,3.8015501,39.790665,0.009402633,0.0
2022-12-20 18:00:00,44.28,302.56897,986.1907,3.407925,43.321285,0.07973611,0.0
2022-12-20 19:00:00,44.88,301.8852,985.78534,2.7439249,54.51857,0.0,0.0
2022-12-20 20:00:00,44.97,301.50705,985.9191,2.7946906,52.775066,0.0,0.0
2022-12-20 21:00:00,45.2,301.09122,986.8194,2.1098552,53.233093,0.0,0.0
2022-12-20 22:00:00,45.2,301.76367,987.59515,1.8313094,50.632126,0.0,0.0
2022-12-20 23:00:00,46.22,303.01044,988.22345,2.376639,44.212,0.0,0.0
2022-12-21 00:00:00,48.77,304.7375,988.34674,2.7837172,39.152725,0.10197759,0.78
2022-12-21 01:00:00,49.78,306.4215,988.12225,3.2563663,36.320217,0.0,0.85
2022-12-21 02:00:00,50.13,307.61215,987.6199,3.4117162,36.578262,0.0035883859,0.26999998
2022-12-21 03:00:00,49.51,308.53098,986.7068,3.187441,35.234882,0.012494624,0.0
2022-12-21 04:00:00,49.08,309.0291,985.6984,3.0550876,33.66622,0.0146999955,0.0
2022-12-21 05:00:00,49.23,309.21832,985.0875,3.0988271,33.139122,0.28768182,0.0
2022-12-21 06:00:00,50.25,307.92548,984.6623,3.5874677,38.9323,1.2760013,1.01
2022-12-21 07:00:00,50.25,308.39963,984.1789,0.41905543,39.139076,0.010848045,0.24
2022-12-21 08:00:00,50.79,307.85626,983.7184,1.1534996,40.972977,0.25697798,0.0
2022-12-21 09:00:00,51.08,304.49744,985.23456,1.8475468,52.980453,0.7305846,0.0
2022-12-21 10:00:00,51.22,303.79242,985.2944,2.3516252,57.116867,0.12592226,0.0
2022-12-21 11:00:00,51.39,303.46924,985.9003,1.462603,59.642895,0.0,0.0
2022-12-21 12:00:00,51.02,303.242,986.3622,1.2349833,61.47414,0.0,0.0
2022-12-21 13:00:00,51.29,302.93866,986.6397,1.1206639,63.994564,0.0,0.0
2022-12-21 14:00:00,51.52,302.6563,986.97406,1.9468764,66.993004,0.0,0.0
2022-12-21 15:00:00,51.29,302.40344,986.6781,2.555087,69.323715,0.0,0.0
2022-12-21 16:00:00,50.74,302.1848,985.9241,2.325783,71.26396,0.0,0.0
2022-12-21 17:00:00,51.28,302.01895,985.3789,1.0487425,73.96564,0.0,0.0
2022-12-21 18:00:00,51.93,301.86914,985.10876,1.9312704,74.28888,0.0,0.0
2022-12-21 19:00:00,51.42,301.01782,985.5488,2.9666333,76.3087,0.627324,0.0
2022-12-21 20:00:00,51.95,300.83258,985.48,2.3998241,77.08077,0.053048134,0.0
2022-12-21 21:00:00,53.24,300.84726,986.1154,2.1570466,76.326355,0.089243054,0.0
2022-12-21 22:00:00,54.61,301.1616,986.76685,3.7259352,72.16759,0.034973025,0.0
2022-12-21 23:00:00,55.82,302.06458,987.40424,4.9329095,66.18192,0.0032186508,0.41
2022-12-22 00:00:00,53.57,303.3365,987.5195,4.5583363,60.675232,3.5279295,2.4099998
2022-12-22 01:00:00,53.08,304.7953,987.21674,3.746578,55.055706,0.0,0.99
2022-12-22 02:00:00,53.06,305.99994,986.51874,3.1756496,50.07236,0.0,0.0
2022-12-22 03:00:00,52.54,307.0371,985.81366,2.7445261,46.13392,0.007295981,0.0
2022-12-22 04:00:00,51.73,307.95392,985.03424,2.0381334,43.15047,0.009465963,0.0
2022-12-22 05:00:00,50.44,308.10962,984.0193,1.0326887,42.013,0.019200146,0.0
2022-12-22 06:00:00,48.83,307.67953,983.255,2.4664278,43.216927,0.6947741,0.0
2022-12-22 07:00:00,47.99,307.6267,983.02576,3.317282,45.09628,0.0059604645,0.0
2022-12-22 08:00:00,47.69,307.6706,982.4871,3.5776162,44.837013,0.0038444996,0.0
2022-12-22 09:00:00,47.37,307.34015,982.8898,3.920496,44.816177,0.0,0.0
2022-12-22 10:00:00,47.8,306.73444,983.89276,3.9907656,46.07853,0.0,0.0
2022-12-22 11:00:00,48.86,305.5758,984.8081,3.011228,50.715084,0.0,0.0
2022-12-22 12:00:00,49.75,304.97302,985.59705,2.659569,54.06366,0.0,0.0
2022-12-22 13:00:00,49.78,304.10538,985.9592,2.4323483,58.472996,0.0,0.0
2022-12-22 14:00:00,50.09,303.5244,986.6912,2.608451,61.13717,0.0,0.0
2022-12-22 15:00:00,50.44,302.90082,986.4532,2.9103618,63.448853,0.0,0.0
2022-12-22 16:00:00,50.44,302.41956,985.9492,2.7429018,65.65847,0.0,0.0
2022-12-22 17:00:00,50.51,301.96692,985.34924,2.6250255,67.906235,0.0,0.0
2022-12-22 18:00:00,50.62,301.41418,985.10425,2.3071532,71.143196,0.0,0.0
2022-12-22 19:00:00,49.76,300.8689,984.94305,3.2026732,71.12976,0.0,0.0
2022-12-22 20:00:00,49.8,300.42514,984.998,2.3262806,74.18131,0.0,0.0
2022-12-22 21:00:00,49.81,300.05292,985.7355,2.1423454,76.80499,0.0,0.0
2022-12-22 22:00:00,49.15,300.38492,986.6541,2.8022854,74.81482,0.0,0.0
2022-12-22 23:00:00,48.55,301.36108,987.24756,3.557282,69.20913,0.0,0.12
2022-12-23 00:00:00,50.32,302.57428,987.2085,3.1041508,64.34013,0.74355304,0.0
2022-12-23 01:00:00,49.86,304.23132,987.0605,3.5459244,58.36305,0.0,0.0
2022-12-23 02:00:00,49.9,305.97736,986.3074,4.782082,52.03042,0.0,0.04
2022-12-23 03:00:00,49.65,307.2361,985.6417,5.259156,48.65908,0.0,0.02
2022-12-23 04:00:00,49.91,308.23193,984.71716,5.461676,46.072018,0.0,0.0
2022-12-23 05:00:00,49.48,308.92456,983.81836,5.6551547,43.714848,0.0,0.0
2022-12-23 06:00:00,49.04,308.97552,983.1231,5.66927,42.896633,0.0,0.0
2022-12-23 07:00:00,49.16,309.22772,982.85596,5.430438,42.188232,0.0,0.0
2022-12-23 08:00:00,49.07,309.04453,982.40173,5.5656962,42.257248,0.0,0.0
2022-12-23 09:00:00,47.88,308.53247,982.5925,5.641978,42.677357,0.046789646,0.0
2022-12-23 10:00:00,46.92,307.6491,983.3823,4.8807845,44.37191,0.0,0.0
2022-12-23 11:00:00,47.0,306.7392,984.4224,3.9213178,48.12975,0.0,0.0
2022-12-23 12:00:00,47.98,305.9141,985.4945,3.8279645,51.366364,0.0,0.0
2022-12-23 13:00:00,48.59,305.2389,985.7975,3.6123183,54.0371,0.0,0.0
2022-12-23 14:00:00,49.55,304.6054,986.1824,3.3822908,56.69431,0.0,0.0
2022-12-23 15:00:00,51.03,303.86804,986.2483,3.7354486,59.52302,0.0,0.0
2022-12-23 16:00:00,51.64,303.09357,985.9561,4.0188665,62.552666,0.0,0.0
2022-12-23 17:00:00,49.83,302.32095,985.7351,3.171794,66.118286,0.0,0.0
2022-12-23 18:00:00,47.73,301.62695,985.4338,2.6450236,69.66323,0.0,0.0
2022-12-23 19:00:00,45.9,301.45233,985.47455,2.471685,69.46879,0.0,0.0
2022-12-23 20:00:00,45.21,300.8896,985.32764,2.4897435,72.274765,0.0,0.06
2022-12-23 21:00:00,44.32,300.49023,986.1214,2.1963375,74.6179,0.0,0.0
2022-12-23 22:00:00,44.05,300.83942,986.64154,2.0055947,73.379395,0.0,0.0
2022-12-23 23:00:00,43.69,302.37903,987.4383,2.2020144,65.195206,0.0,0.0
2022-12-24 00:00:00,42.46,304.0044,987.41095,2.3279853,57.72703,0.048968196,0.0
2022-12-24 01:00:00,41.97,305.5467,987.20264,2.868947,52.072914,0.0,0.02
2022-12-24 02:00:00,41.55,306.99118,986.6239,3.4572167,47.135693,0.0,0.0
2022-12-24 03:00:00,40.97,308.0716,985.8606,3.3402379,43.7796,0.0031925738,0.0
2022-12-24 04:00:00,41.68,308.81564,985.032,3.0352883,41.354706,0.0,0.0
2022-12-24 05:00:00,42.26,309.4585,984.5318,2.9820197,39.26104,0.0,0.0
2022-12-24 06:00:00,42.25,310.17453,983.872,3.4042556,37.040173,0.0,0.0
2022-12-24 07:00:00,42.25,310.727,983.5676,2.929972,33.616127,0.0,0.0
2022-12-24 08:00:00,41.93,310.46997,982.96985,3.1238556,33.391163,0.0,0.0
2022-12-24 09:00:00,40.43,310.09415,983.3614,3.3258758,33.408897,0.0021338465,0.0
2022-12-24 10:00:00,39.53,309.43808,984.0756,3.0236013,34.985905,0.0,0.0
2022-12-24 11:00:00,38.72,308.93228,984.92944,2.4357703,37.09643,0.0,0.0
2022-12-24 12:00:00,37.61,308.26453,985.7489,2.148475,40.03074,0.0,0.0
2022-12-24 13:00:00,37.87,307.3408,986.20404,2.076687,43.765343,0.0,0.0
2022-12-24 14:00:00,39.16,306.49713,986.3647,2.5243552,47.138588,0.0,0.0
2022-12-24 15:00:00,40.63,305.67102,986.0352,2.3803587,50.335564,0.0,0.0
2022-12-24 16:00:00,41.39,304.72354,985.4419,1.3678274,56.606873,0.0,0.0
2022-12-24 17:00:00,42.51,303.99045,985.31775,1.271374,59.738945,0.0,0.0
2022-12-24 18:00:00,43.1,303.46674,985.09216,1.8918761,60.793888,0.009641051,0.02
2022-12-24 19:00:00,43.16,302.87643,985.2919,1.789061,62.518513,0.017076733,0.0
2022-12-24 20:00:00,43.59,302.64987,985.46765,2.0273805,65.42002,0.0,0.0
2022-12-24 21:00:00,44.17,302.46478,985.9641,2.425623,68.38837,0.0,0.0
2022-12-24 22:00:00,44.08,302.94965,986.5863,2.8703327,68.530876,0.0,0.0
2022-12-24 23:00:00,43.35,304.2517,987.21655,3.6467426,63.324852,0.0,0.0
2022-12-25 00:00:00,44.43,305.67303,987.33936,2.9059498,56.4671,0.032895803,0.0
2022-12-25 01:00:00,44.57,307.1269,986.93005,2.3353612,50.083035,0.0,0.0
2022-12-25 02:00:00,45.4,308.25458,986.683,1.8852389,45.16953,0.0038389117,0.0
2022-12-25 03:00:00,44.85,309.17645,986.1132,1.486849,41.32585,0.0,0.0
2022-12-25 04:00:00,44.55,310.21643,985.4451,1.442309,37.70551,0.0,0.0
2022-12-25 05:00:00,44.52,310.751,984.6697,1.6675236,35.33344,0.0,0.0
2022-12-25 06:00:00,43.65,311.3761,984.0559,1.8390625,32.886578,0.0,0.0
2022-12-25 07:00:00,43.03,311.75772,984.133,1.4632958,29.559792,0.0,0.0
2022-12-25 08:00:00,42.76,311.81818,983.71857,1.4637061,28.741587,0.0,0.0
2022-12-25 09:00:00,42.67,311.43103,984.2528,1.5963383,29.060257,0.0,0.0
2022-12-25 10:00:00,43.09,310.6573,985.15985,1.6511889,30.307112,0.0,0.0
2022-12-25 11:00:00,44.55,310.30396,985.85266,1.7327008,31.283062,0.0,0.0
2022-12-25 12:00:00,45.87,309.3768,986.9788,4.5559597,34.82741,0.0,0.0
2022-12-25 13:00:00,47.24,307.49188,987.77954,6.671686,43.498985,0.0,0.0
2022-12-25 14:00:00,49.62,306.0088,988.6777,6.999317,51.468193,0.0,0.0
2022-12-25 15:00:00,51.44,305.23547,989.0016,6.2792935,57.130753,0.0,0.0
2022-12-25 16:00:00,52.84,303.9378,989.34094,3.455442,64.941925,0.52955747,0.0
2022-12-25 17:00:00,54.96,302.32874,989.3497,1.1662121,72.20125,0.82343817,0.01
2022-12-25 18:00:00,55.49,302.3416,988.77435,1.5690643,72.12975,0.022596098,0.72999996
2022-12-25 19:00:00,55.66,302.24042,989.0123,3.514488,65.5165,0.0,0.9
2022-12-25 20:00:00,55.65,302.1095,988.9422,4.063566,67.49095,0.0,0.0
2022-12-25 21:00:00,55.77,302.00613,989.2414,3.9111917,70.70706,0.0,0.0
2022-12-25 22:00:00,55.67,302.43805,989.7107,3.568081,71.43492,0.0,0.0
2022-12-25 23:00:00,55.62,303.50726,990.27203,3.2380896,66.55017,0.0,0.0
2022-12-26 00:00:00,52.66,305.0575,990.53766,3.1657865,59.784214,1.3846556,0.0
2022-12-26 01:00:00,53.75,306.89893,990.015,3.3157723,52.48031,0.0,0.84999996
2022-12-26 02:00:00,54.82,308.51367,989.32117,3.0858412,46.309303,0.0,0.13
2022-12-26 03:00:00,54.59,309.76843,988.4746,2.4990764,41.353157,0.0,0.0
2022-12-26 04:00:00,55.42,310.78363,987.6152,1.7615376,37.242043,0.0,0.0
2022-12-26 05:00:00,56.11,311.47797,986.8203,1.1289595,34.229027,0.0,0.0
2022-12-26 06:00:00,55.91,311.97128,986.25024,1.0271608,32.286118,0.0,0.0
2022-12-26 07:00:00,55.96,310.92584,986.21,1.0483176,37.935818,0.0,4.4399996
2022-12-26 08:00:00,56.87,311.03583,986.15564,0.6104598,37.123165,0.0034794211,12.559999
2022-12-26 09:00:00,57.98,308.8382,986.9096,4.3676815,43.013042,2.3459792,0.91999996
2022-12-26 10:00:00,59.28,305.49835,989.03064,5.9999175,57.598377,0.36264956,0.25
2022-12-26 11:00:00,59.27,304.4048,989.8949,6.8983326,63.748234,0.0,0.0
2022-12-26 12:00:00,58.49,303.40576,989.8237,4.9006705,68.625275,0.0,0.0
2022-12-26 13:00:00,58.29,303.08856,990.5373,4.208422,71.085205,0.0,0.0
2022-12-26 14:00:00,58.46,302.83698,991.2875,4.0997343,73.7313,0.0,0.0
2022-12-26 15:00:00,59.03,302.66953,991.15045,3.866859,75.46783,0.0,0.64
2022-12-26 16:00:00,59.15,302.4538,990.90955,4.036433,77.05378,0.0,0.0
2022-12-26 17:00:00,57.94,302.2043,990.3859,4.4056187,77.57147,0.0,0.0
2022-12-26 18:00:00,57.18,301.96033,990.0652,4.832123,76.1978,0.0,0.0
2022-12-26 19:00:00,57.16,301.83337,990.2047,4.873775,75.94167,0.0,0.0
2022-12-26 20:00:00,58.25,301.42615,990.49097,4.5962396,76.14601,0.0,0.0
2022-12-26 21:00:00,58.41,301.09814,990.77545,4.4043646,76.99551,0.0,0.0
2022-12-26 22:00:00,57.68,301.2854,991.677,4.3918076,75.91261,0.0,0.0
2022-12-26 23:00:00,57.41,302.33197,992.1816,4.524815,71.5131,0.0,0.0
2022-12-27 00:00:00,58.16,303.68866,991.9068,4.723352,65.86949,2.7149498,0.0
2022-12-27 01:00:00,57.6,305.09647,991.3706,4.932685,60.20814,0.0,0.0
2022-12-27 02:00:00,57.21,307.02356,990.98706,4.8758535,53.32633,0.0,0.0
2022-12-27 03:00:00,55.84,308.12485,990.39923,4.704508,49.337757,0.032365322,0.0
2022-12-27 04:00:00,53.38,309.19064,989.35846,4.5771875,45.51782,0.0,0.0
2022-12-27 05:00:00,51.87,310.077,988.09045,4.3436184,42.023396,0.0021457672,0.0
2022-12-27 06:00:00,49.93,310.6808,987.2442,4.1839266,39.63409,0.0,0.0
2022-12-27 07:00:00,48.06,311.96136,985.7314,3.7370772,32.702595,0.0,0.0
2022-12-27 08:00:00,46.4,311.87933,985.2776,3.5267134,31.550821,0.0,0.0
2022-12-27 09:00:00,45.76,311.3142,985.1884,2.8234444,31.221497,0.0,0.0
2022-12-27 10:00:00,45.53,310.65656,986.0414,1.567447,32.916172,0.0027492642,0.0
2022-12-27 11:00:00,45.31,309.25162,986.5078,2.054115,38.87526,0.0,0.0
2022-12-27 12:00:00,46.6,308.43787,987.17236,2.7736058,41.462097,0.0,0.0
2022-12-27 13:00:00,49.71,307.40814,987.6814,5.3248963,43.655823,0.007286668,0.0
2022-12-27 14:00:00,52.99,305.31754,988.46576,7.2275705,54.18383,0.0029951334,1.0
2022-12-27 15:00:00,55.15,304.347,988.70526,5.8107667,60.445953,0.0,15.76
2022-12-27 16:00:00,56.29,303.9369,988.11017,5.961687,63.41731,0.0,1.21
2022-12-27 17:00:00,56.94,303.33545,987.532,6.3910513,67.846306,0.0,7.49
2022-12-27 18:00:00,56.48,302.67163,987.39557,6.875557,72.124405,0.0,10.28
2022-12-27 19:00:00,53.27,301.82996,987.6834,7.1533275,75.98397,0.0010579824,1.48
2022-12-27 20:00:00,49.98,301.68823,987.7643,6.5034842,74.28639,0.0,1.15
2022-12-27 21:00:00,47.86,301.51422,987.9815,5.892345,70.48727,0.0,0.97
2022-12-27 22:00:00,48.32,301.7614,988.7739,5.8260345,65.695206,0.0,0.0
2022-12-27 23:00:00,48.6,302.79297,988.9238,6.9807925,59.615307,0.0,0.0
2022-12-28 00:00:00,47.12,304.3155,988.5053,6.5885253,54.42342,0.050339103,0.0
2022-12-28 01:00:00,46.03,306.10767,988.12775,6.2011194,49.38441,0.0,0.0
2022-12-28 02:00:00,44.35,307.9437,987.9931,5.9701376,44.467266,0.0,0.0
2022-12-28 03:00:00,44.02,309.64215,987.28314,6.0306525,40.025356,0.0,0.0
2022-12-28 04:00:00,45.14,311.06323,986.3502,6.1832023,36.153984,0.0,0.0
2022-12-28 05:00:00,45.32,312.022,985.3423,5.771757,32.570168,0.0,0.0
2022-12-28 06:00:00,44.53,312.36884,984.4164,5.510198,30.831123,0.0,0.0
2022-12-28 07:00:00,44.04,310.14227,984.6145,5.4904265,41.779613,0.0,0.0
2022-12-28 08:00:00,43.37,310.17474,984.4151,4.959115,40.905766,0.0021457672,0.0
2022-12-28 09:00:00,44.36,309.9334,984.22156,5.0471416,41.1373,0.005826354,0.0
2022-12-28 10:00:00,47.19,309.36588,985.12054,4.456044,42.43406,0.0,0.0
2022-12-28 11:00:00,49.59,306.40524,986.5284,1.8901765,52.699398,0.9420067,0.0
2022-12-28 12:00:00,51.96,302.07584,987.8354,2.4675734,77.18711,8.678958,1.09
2022-12-28 13:00:00,54.17,300.41992,988.3839,0.49817026,85.15095,5.676925,12.01
2022-12-28 14:00:00,56.03,300.37958,987.605,4.67626,84.7336,0.25758147,4.6
2022-12-28 15:00:00,56.99,300.13895,987.13025,5.433875,86.84787,0.009760261,3.1
2022-12-28 16:00:00,57.52,300.11346,986.6002,3.6514199,87.000046,0.025689602,13.099999
2022-12-28 17:00:00,58.46,300.17163,986.3692,2.0457156,86.55361,0.051483512,10.17
2022-12-28 18:00:00,59.47,300.3272,986.33325,1.4169273,86.31535,0.007659197,7.14
2022-12-28 19:00:00,59.79,300.4634,985.5759,2.8342016,81.77632,1.1527538,3.1399999
2022-12-28 20:00:00,59.61,300.04843,985.45667,2.7832918,84.69247,0.31080842,0.94
2022-12-28 21:00:00,59.38,299.94873,985.8803,3.3197832,86.33945,0.21392107,0.47
2022-12-28 22:00:00,59.34,300.34146,986.267,4.0735407,86.15516,0.010162592,0.66999996
2022-12-28 23:00:00,60.19,301.28467,986.64935,6.029176,81.97911,0.018447638,3.1399999
2022-12-29 00:00:00,61.91,302.0603,986.59406,6.9903955,78.27281,17.487257,2.1699998
2022-12-29 01:00:00,62.45,302.6247,985.86945,6.664372,75.557205,0.0,4.8999996
2022-12-29 02:00:00,63.48,302.44666,985.447,6.3050756,73.19479,1.7497987,3.32
2022-12-29 03:00:00,63.69,301.78668,984.89014,5.8017836,74.8677,1.6197599,3.2599998
2022-12-29 04:00:00,64.53,300.87445,984.3131,5.5829988,75.819984,1.511842,1.67
2022-12-29 05:00:00,66.1,300.98248,983.3816,5.992213,76.75884,1.8863231,1.0
2022-12-29 06:00:00,67.0,300.35046,982.3389,6.949156,82.6054,3.9153993,0.90999997
2022-12-29 07:00:00,67.98,298.45587,981.257,5.5227165,88.435165,3.5904198,0.67999995
2022-12-29 08:00:00,67.73,298.65094,980.7061,5.3620152,89.87804,3.1627564,0.71
2022-12-29 09:00:00,68.14,298.50003,980.5822,4.6593003,90.99131,3.202155,1.8299999
2022-12-29 10:00:00,68.06,298.17822,980.89154,4.353235,91.17638,3.1923056,2.28
2022-12-29 11:00:00,68.52,298.07758,981.1778,4.1626925,90.49044,1.5108436,1.43
2022-12-29 12:00:00,68.95,298.20065,981.73486,4.6966457,89.4253,0.27750432,0.28
2022-12-29 13:00:00,67.83,298.3907,982.2017,6.022127,87.343315,0.030249357,0.0
2022-12-29 14:00:00,67.28,298.59637,982.3045,7.042116,85.636604,0.052288175,0.0
2022-12-29 15:00:00,66.84,298.59106,981.7308,7.8854656,85.214165,0.022485852,0.0
2022-12-29 16:00:00,67.14,298.7284,981.289,8.411157,84.82038,0.016957521,0.90999997
2022-12-29 17:00:00,66.86,298.69864,980.9897,8.351121,84.623566,0.042632222,1.8
2022-12-29 18:00:00,65.63,298.55356,980.8286,7.807148,84.67148,0.013321638,0.65
2022-12-29 19:00:00,64.79,297.87216,982.00525,5.741971,86.83351,0.08185208,0.0
2022-12-29 20:00:00,64.63,297.7619,982.2889,5.145242,87.66344,0.019609928,0.29
2022-12-29 21:00:00,64.19,297.7741,982.5864,4.5563717,87.43449,0.0136345625,0.17999999
2022-12-29 22:00:00,63.74,298.10193,983.56775,3.7394788,87.17609,0.0051259995,0.0
2022-12-29 23:00:00,63.11,298.8769,984.14825,4.6744695,82.02632,0.030070543,0.0
2022-12-30 00:00:00,61.51,299.59454,984.2196,5.251765,76.96998,27.11697,0.0
2022-12-30 01:00:00,61.81,300.53687,984.1665,5.5816426,72.05716,0.0,0.0
2022-12-30 02:00:00,62.06,300.96527,983.4227,5.556753,70.86615,0.40307176,0.0
2022-12-30 03:00:00,61.07,300.98053,982.835,5.402516,72.24332,0.43003446,0.24
2022-12-30 04:00:00,60.85,301.19366,982.3622,5.4604774,73.45258,0.34778565,0.97999996
2022-12-30 05:00:00,61.97,301.9649,981.553,5.5087457,74.901665,0.19488484,2.5
2022-12-30 06:00:00,63.98,302.08585,980.9303,4.8089986,74.32773,0.5057342,3.05
2022-12-30 07:00:00,64.66,300.1834,980.77924,3.6957858,82.76909,0.38337708,2.25
2022-12-30 08:00:00,65.12,300.35767,980.6703,4.1332254,83.44371,0.2569519,1.6299999
2022-12-30 09:00:00,65.36,300.27942,981.20447,4.6234217,86.07675,0.42823702,1.01
2022-12-30 10:00:00,65.34,299.76547,981.98206,5.5637636,87.875946,4.9571843,1.81
2022-12-30 11:00:00,65.34,298.95386,982.5772,5.9266753,90.07849,7.3288007,2.97
2022-12-30 12:00:00,65.64,298.74173,983.10297,5.8330717,90.37868,7.381484,4.77
2022-12-30 13:00:00,66.76,298.5921,983.20435,5.768207,90.36643,10.066338,3.5299997
2022-12-30 14:00:00,67.07,298.45184,983.5003,5.5882063,90.73944,7.241763,2.03
2022-12-30 15:00:00,66.0,298.414,982.9592,5.525445,90.36311,5.415,1.5699999
2022-12-30 16:00:00,65.46,298.22754,982.35016,5.8536386,90.81079,3.5424306,0.35
2022-12-30 17:00:00,65.38,298.2345,981.7859,5.684046,90.56404,1.8021315,0.0
2022-12-30 18:00:00,65.76,298.1964,981.32544,5.6754665,90.75194,1.8377155,0.089999996
2022-12-30 19:00:00,64.63,297.50568,979.9701,5.670883,92.30678,2.1752007,0.42
2022-12-30 20:00:00,64.55,297.7021,979.8931,5.2111945,91.06777,0.5749762,0.13
2022-12-30 21:00:00,64.93,298.0254,980.79315,4.9884343,90.168976,0.6983876,0.04
2022-12-30 22:00:00,64.52,298.11627,981.7017,5.0308156,90.3098,1.6570538,0.92999995
2022-12-30 23:00:00,64.07,298.43304,982.475,4.972116,90.10491,1.4109164,0.19999999
2022-12-31 00:00:00,,298.4671,982.70013,4.887831,90.48623,60.260822,0.0
2022-12-31 01:00:00,,298.88745,982.435,5.221684,89.10629,0.0,0.0
2022-12-31 02:00:00,,299.82733,982.072,6.528671,85.29607,0.44718012,0.099999994
2022-12-31 03:00:00,,300.51477,981.33154,6.8854656,82.028946,0.22934377,0.7
2022-12-31 04:00:00,,301.62878,980.3264,8.078495,76.84709,0.19709766,1.8299999
2022-12-31 05:00:00,,300.91205,979.5659,8.59178,76.0534,3.8734527,2.4899998
2022-12-31 06:00:00,,300.2798,979.2976,9.490914,77.82934,7.716596,6.52
2022-12-31 07:00:00,,299.2306,978.87555,7.098862,86.61887,3.7687495,4.89
2022-12-31 08:00:00,,298.8667,978.76373,7.8400464,86.999664,2.5457144,2.1699998
2022-12-31 09:00:00,,298.5285,979.2674,7.686579,85.061165,1.8087476,3.3799999
2022-12-31 10:00:00,,298.34808,980.1702,7.2478757,84.46072,1.3761818,1.4499999
2022-12-31 11:00:00,,298.21762,980.5067,6.8035636,84.783585,2.5622697,1.5
2022-12-31 12:00:00,,298.19904,980.75464,6.242968,86.742805,4.2029023,6.84
2022-12-31 13:00:00,,297.95236,980.64844,5.798865,90.65304,3.5856514,8.119999
2022-12-31 14:00:00,,297.9508,980.4366,5.171612,92.30986,4.2555184,4.3599997
2022-12-31 15:00:00,,297.99255,979.5454,5.22686,92.493286,3.472641,3.02
2022-12-31 16:00:00,,297.75787,979.077,5.67275,93.23726,2.474904,5.6499996
2022-12-31 17:00:00,,297.66937,978.71014,5.166967,92.80036,1.7480999,4.9399996
2022-12-31 18:00:00,,298.03052,978.6919,4.392996,90.973694,1.680497,8.049999
2022-12-31 19:00:00,,296.48865,977.22437,7.274088,90.495384,3.7663877,7.2599998
2022-12-31 20:00:00,,296.57947,977.1643,6.845568,91.42151,3.1162798,4.59
2022-12-31 21:00:00,,296.63962,977.57477,7.079359,91.206345,4.119147,3.6100001
2022-12-31 22:00:00,,296.5321,978.0087,7.4509606,90.48376,6.3749404,8.65
2022-12-31 23:00:00,,296.38757,978.4904,7.724829,90.61221,9.28434,10.59
2023-01-01 00:00:00,,296.42578,978.1326,7.3656416,90.396545,81.58382,31.01
2023-01-01 01:00:00,,296.96008,977.92096,6.386046,91.24596,0.0,38.3
2023-01-01 02:00:00,,297.70926,977.66327,5.1981316,89.171234,2.0822306,33.91
2023-01-01 03:00:00,,298.64825,977.69495,3.2914803,86.46882,1.0768287,23.84
2023-01-01 04:00:00,,299.74573,977.0054,2.5558305,83.02644,0.5416088,15.92
2023-01-01 05:00:00,,300.4621,976.4495,2.3603678,81.484215,0.72636455,5.0899997
2023-01-01 06:00:00,,300.89203,976.0239,2.1703124,80.5668,1.0992513,5.5699997
2023-01-01 07:00:00,,299.6911,977.0491,3.6583297,84.12966,1.1610538,9.76
2023-01-01 08:00:00,,299.46625,977.47406,3.1035306,85.32494,1.0668188,10.889999
2023-01-01 09:00:00,,299.61395,978.13,3.6906893,86.192055,0.3755316,6.1899996
2023-01-01 10:00:00,,299.42065,979.15533,3.3561847,87.94456,0.38132071,4.79
2023-01-01 11:00:00,,299.17172,979.91547,2.888488,88.65993,1.6735345,2.8899999
2023-01-01 12:00:00,,298.56775,980.5027,3.3251448,91.549774,2.2807717,1.38
2023-01-01 13:00:00,,298.24576,980.23663,3.712942,93.461,1.3964176,1.48
2023-01-01 14:00:00,,297.90222,980.19916,4.34713,95.35194,1.7026663,2.54
2023-01-01 15:00:00,,297.42514,979.6107,4.5713015,96.71865,2.757609,6.2200003
2023-01-01 16:00:00,,297.15524,979.1672,4.671699,97.17402,3.095448,5.4799995
2023-01-01 17:00:00,,296.8662,978.3555,5.2007003,96.75422,2.9185712,6.0699997
2023-01-01 18:00:00,,296.64957,977.9469,5.673943,95.61697,4.633665,4.75
2023-01-01 19:00:00,,297.9191,977.14795,5.0808887,91.92446,3.2235868,3.1999998
2023-01-01 20:00:00,,297.79712,977.5812,5.271345,92.27076,2.352655,4.06
2023-01-01 21:00:00,,297.66943,978.312,5.6202884,92.64937,1.8661618,4.77
2023-01-01 22:00:00,,297.7781,979.02765,5.537255,91.86329,1.3912916,4.5
2023-01-01 23:00:00,,297.96457,979.9084,5.419535,91.119095,1.0187328,0.5
2023-01-02 00:00:00,,298.50406,980.3222,5.905684,86.70079,43.631634,1.26
2023-01-02 01:00:00,,298.68494,980.485,6.1526046,88.51015,0.0,1.46
2023-01-02 02:00:00,,299.38446,980.4771,5.9286203,86.20476,0.43927318,1.76
2023-01-02 03:00:00,,299.46918,979.9907,5.491741,86.29147,0.6607026,3.04
2023-01-02 04:00:00,,300.4735,979.7518,5.6348877,80.43388,0.9345226,4.3099995
2023-01-02 05:00:00,,299.85382,979.1067,5.4063835,81.67725,4.359033,5.0699997
2023-01-02 06:00:00,,298.89514,979.08167,5.37993,86.63086,2.9827132,4.72
2023-01-02 07:00:00,,298.67938,977.9478,4.6021867,87.169395,2.3038685,2.4499998
2023-01-02 08:00:00,,298.30273,977.6947,4.7313285,90.6879,4.3989716,3.7799997
2023-01-02 09:00:00,,298.214,978.1312,4.4329615,91.36339,4.514441,3.58
2023-01-02 10:00:00,,298.03595,978.6697,4.0549235,92.90436,4.5264587,3.07
2023-01-02 11:00:00,,298.1571,979.26514,3.7210495,94.03279,5.554393,6.35
2023-01-02 12:00:00,,298.11053,979.61096,3.9590669,95.67553,6.8872123,5.09
2023-01-02 13:00:00,,297.95154,979.7137,2.8609712,96.12216,8.195341,3.4099998
2023-01-02 14:00:00,,297.70502,979.35175,1.4792595,96.78314,7.616803,3.25
2023-01-02 15:00:00,,297.84668,978.18335,0.5950486,93.73835,5.07164,4.83
2023-01-02 16:00:00,,297.75906,977.19385,1.3938321,94.193054,1.3407469,7.39
2023-01-02 17:00:00,,297.6388,976.6125,2.2936726,94.827614,0.22618845,3.48
2023-01-02 18:00:00,,297.58344,976.13104,2.4641066,95.541725,0.33417344,1.7099999
2023-01-02 19:00:00,,296.99362,976.6001,8.826318,95.83904,8.746799,0.53999996
2023-01-02 20:00:00,,296.96164,976.8739,8.722312,95.31085,6.7334175,0.0
2023-01-02 21:00:00,,296.88428,977.655,8.477182,94.710175,3.8111508,0.0
2023-01-02 22:00:00,,296.82462,978.2414,8.456987,94.44164,1.913324,0.0
2023-01-02 23:00:00,,297.18176,978.7282,8.609128,92.99072,0.77044964,0.0
2023-01-03 00:00:00,,297.8044,978.77704,8.394111,91.113075,83.44247,0.0
2023-01-03 01:00:00,,298.4009,978.9548,10.380938,87.43568,0.0,0.0
2023-01-03 02:00:00,,298.68008,978.7941,10.587779,85.59036,0.5061906,0.0
2023-01-03 03:00:00,,299.2364,978.3161,10.590574,82.10433,0.27013943,0.32999998
2023-01-03 04:00:00,,299.62714,977.8544,9.830626,81.29252,0.17568469,1.45
2023-01-03 05:00:00,,300.33978,977.8565,10.4252405,78.25652,0.2495572,1.15
2023-01-03 06:00:00,,300.41492,977.7771,9.891497,77.62066,0.26348978,0.0
2023-01-03 07:00:00,,300.26318,977.33704,8.307537,80.352005,0.06401539,0.0
2023-01-03 08:00:00,,300.26227,977.0594,7.905055,80.79402,0.0930503,0.62
2023-01-03 09:00:00,,300.15982,977.45374,7.336105,82.10204,0.03746152,0.54999995
2023-01-03 10:00:00,,299.79602,978.39233,6.678975,84.039894,0.022816705,0.0
2023-01-03 11:00:00,,299.38254,979.634,6.5527124,85.53146,0.017046928,0.0
2023-01-03 12:00:00,,299.1236,979.91235,5.8820662,86.56576,0.006020069,1.9
2023-01-03 13:00:00,,299.05167,980.0739,5.7082524,86.614296,0.035837293,2.4
2023-01-03 14:00:00,,299.0257,980.384,6.333832,86.555145,0.23162365,1.9599999
2023-01-03 15:00:00,,298.81177,979.7986,6.7033587,87.72533,0.72440505,0.87
2023-01-03 16:00:00,,298.4229,979.07385,6.851901,89.373375,4.4634285,0.39
2023-01-03 17:00:00,,298.23743,978.415,7.12655,91.47555,10.149025,0.87
2023-01-03 18:00:00,,298.66977,977.96826,8.694411,88.59306,7.9434457,0.72
2023-01-03 19:00:00,,297.7653,979.24023,8.049615,91.38418,1.3919473,0.0
2023-01-03 20:00:00,,297.81964,979.1822,7.9055986,91.303604,3.1626225,0.0
2023-01-03 21:00:00,,298.1409,979.7391,6.9171543,90.12242,1.3326406,0.0
2023-01-03 22:00:00,,298.41553,980.6261,6.672541,88.802376,0.3000833,0.0
2023-01-03 23:00:00,,299.10388,981.342,6.6432853,87.12285,0.04863739,0.0
2023-01-04 00:00:00,,299.89548,981.312,6.9413033,84.02936,32.027115,0.0
2023-01-04 01:00:00,,301.15903,981.26794,8.289379,78.807465,0.0,0.53999996
2023-01-04 02:00:00,,302.11002,981.1321,9.409251,75.53156,0.013180077,0.0
2023-01-04 03:00:00,,302.88684,980.37585,10.070025,71.467606,0.14073402,0.0
2023-01-04 04:00:00,,303.39737,979.88983,10.4424925,69.47064,0.12000278,0.0
2023-01-04 05:00:00,,303.2376,979.3156,10.111193,69.04028,0.053077936,0.0
2023-01-04 06:00:00,,303.6209,978.7908,10.571306,67.94821,0.03515184,0.0
2023-01-04 07:00:00,,303.29367,978.2495,9.157628,67.58163,0.07893293,0.0
2023-01-04 08:00:00,,302.84497,978.3095,8.970012,68.491394,0.34902394,0.0
2023-01-04 09:00:00,,301.7537,978.7097,8.020155,74.24972,0.05888194,0.0
2023-01-04 10:00:00,,300.8096,980.41986,6.9672885,78.3101,0.006198883,0.0
2023-01-04 11:00:00,,300.04083,981.3113,6.4242115,81.007675,0.0012814999,0.52
2023-01-04 12:00:00,,299.67456,982.07263,6.2561116,82.62171,0.0,0.0
2023-01-04 13:00:00,,299.41562,982.5636,6.3430495,83.70827,0.0014930847,0.0
2023-01-04 14:00:00,,299.10962,982.8058,6.448956,84.68322,0.017449668,0.0
2023-01-04 15:00:00,,298.55713,982.5125,6.3865895,86.20852,0.25233632,0.0
2023-01-04 16:00:00,,298.79773,982.04584,6.2021685,84.84796,0.27380884,0.91999996
2023-01-04 17:00:00,,298.67902,981.4205,6.1859627,85.090355,0.18806756,2.23
2023-01-04 18:00:00,,298.6361,981.1844,6.1649466,84.935585,0.060652733,0.35999998
2023-01-04 19:00:00,,298.64398,981.08685,6.009722,87.3324,1.1093323,0.93
2023-01-04 20:00:00,,298.7104,981.4267,5.7221627,86.491516,1.5894578,0.0
2023-01-04 21:00:00,,298.646,982.1392,6.0331707,86.81805,0.9931326,0.0
2023-01-04 22:00:00,,298.96057,982.45233,6.353857,85.20721,0.29221177,0.0
2023-01-04 23:00:00,,299.5547,983.289,7.226287,84.690506,1.3814867,0.0
2023-01-05 00:00:00,,300.67682,983.1083,8.115015,81.896,7.5703487,0.0
2023-01-05 01:00:00,,300.30884,983.1821,8.0838585,81.694145,0.0,3.07
2023-01-05 02:00:00,,300.6068,983.07983,8.550996,78.461426,0.45060927,3.09
2023-01-05 03:00:00,,301.6737,982.2011,9.635815,72.51215,0.19019097,0.0
2023-01-05 04:00:00,,303.185,981.2447,9.999426,66.87316,0.060301274,0.0
2023-01-05 05:00:00,,304.00885,980.23315,11.101768,63.71387,0.044632703,0.0
2023-01-05 06:00:00,,304.3781,979.46313,11.396867,62.483875,0.015214086,0.0
2023-01-05 07:00:00,,302.93237,979.9126,10.2263775,67.45269,0.22279029,0.0
2023-01-05 08:00:00,,302.61166,979.73224,9.20385,67.35499,0.26566535,0.0
2023-01-05 09:00:00,,301.43353,980.385,9.086073,72.112915,0.036403537,1.02
2023-01-05 10:00:00,,300.30362,981.28204,8.490554,76.87017,0.0,0.0
2023-01-05 11:00:00,,299.61926,982.21796,7.789875,79.32689,0.0,0.0
2023-01-05 12:00:00,,299.14587,982.67377,7.268414,81.172165,0.0,0.0
2023-01-05 13:00:00,,299.02087,982.9554,7.593247,81.90302,0.029794872,0.65999997
2023-01-05 14:00:00,,298.97214,982.84827,8.326683,82.38347,0.07516891,0.19
2023-01-05 15:00:00,,298.7578,982.2218,8.307534,83.469025,0.19332767,0.0
2023-01-05 16:00:00,,298.59387,981.41797,8.749102,84.43625,0.27184188,0.0
2023-01-05 17:00:00,,298.31888,980.7676,9.796429,85.758736,1.1659712,0.0
2023-01-05 18:00:00,,298.41278,979.91907,10.4087105,85.57436,0.79378486,0.0
2023-01-05 19:00:00,,298.00177,979.5014,10.865085,84.486084,0.09444356,0.0
2023-01-05 20:00:00,,297.74304,979.2633,11.432327,84.745346,0.13327599,0.0
2023-01-05 21:00:00,,297.57953,979.312,11.311511,85.48037,0.20775199,0.0
2023-01-05 22:00:00,,297.37537,979.92096,11.321078,86.884514,0.48458576,0.0
2023-01-05 23:00:00,,297.17188,980.7714,11.1224575,85.72188,0.65127623,0.0
2023-01-06 00:00:00,,297.0821,981.2353,10.917855,85.915924,7.4987707,0.0
2023-01-06 01:00:00,,296.60242,981.78595,11.0394535,84.942345,0.0,0.0
2023-01-06 02:00:00,,296.52258,981.61646,10.911618,84.10658,0.051852316,0.0
2023-01-06 03:00:00,,296.6824,981.5492,11.26907,83.19191,0.06159395,0.0
2023-01-06 04:00:00,,296.9854,981.2031,9.395273,82.55716,0.29782206,0.0
2023-01-06 05:00:00,,297.39795,980.78394,10.087836,81.181915,0.31941384,0.0
2023-01-06 06:00:00,,297.375,980.3158,7.8957963,82.83278,0.1860708,0.0
2023-01-06 07:00:00,,298.0002,979.75305,9.479232,82.15759,0.11309981,0.61999995
2023-01-06 08:00:00,,298.42432,979.67865,8.718083,81.82941,0.087904975,1.3299999
2023-01-06 09:00:00,,298.3272,980.1511,8.461521,82.10499,0.37267804,1.75
2023-01-06 10:00:00,,298.10965,981.3733,8.240104,83.30757,1.8252728,2.06
2023-01-06 11:00:00,,297.79218,982.12195,8.043753,85.001785,0.7704082,1.0699999
2023-01-06 12:00:00,,297.52603,983.0103,7.8348436,86.31563,0.51289797,0.0
2023-01-06 13:00:00,,297.3538,983.53815,7.397782,86.89072,0.30757487,0.0
2023-01-06 14:00:00,,297.2496,984.1463,6.9314165,87.26176,0.12472272,0.0
2023-01-06 15:00:00,,297.1324,984.0697,6.951789,87.48325,0.09739399,0.0
2023-01-06 16:00:00,,296.95746,983.4878,7.0957994,87.832245,0.2693385,0.0
2023-01-06 17:00:00,,296.73566,983.02924,7.194232,88.26058,0.26331842,0.0
2023-01-06 18:00:00,,296.60696,982.71436,7.4827285,88.04373,0.19487739,0.0
2023-01-06 19:00:00,,296.40033,983.15845,7.886088,86.2361,0.12154877,0.0
2023-01-06 20:00:00,,296.3607,983.3502,7.7142553,85.47237,0.077828765,0.0
2023-01-06 21:00:00,,296.32928,984.1747,7.272862,84.74454,0.0,0.0
2023-01-06 22:00:00,,296.35126,984.78265,6.75809,83.84006,0.0011026859,0.0
2023-01-06 23:00:00,,296.72736,985.5594,5.882949,83.12622,0.0041276217,0.0
2023-01-07 00:00:00,,297.4168,985.8822,6.6868577,79.144196,6.822652,0.0
2023-01-07 01:00:00,,298.03473,985.7667,6.473865,75.792656,0.0,0.0
2023-01-07 02:00:00,,299.90247,985.46515,7.3511896,70.21792,0.0,0.0
2023-01-07 03:00:00,,301.3955,985.03064,8.369911,64.20312,0.0015161932,0.0
2023-01-07 04:00:00,,302.25583,984.23883,7.9084735,61.486828,0.009380281,0.0
2023-01-07 05:00:00,,302.62796,983.5886,7.460539,60.028713,0.0036805868,0.0
2023-01-07 06:00:00,,303.26434,983.2336,7.5826654,57.671486,0.0033974648,0.0
2023-01-07 07:00:00,,304.58093,982.99963,8.073946,51.53689,0.0,0.0
2023-01-07 08:00:00,,304.18677,982.8432,6.8556514,53.167503,0.0,0.0
2023-01-07 09:00:00,,303.56702,983.3613,5.7984715,56.850273,0.0,0.0
2023-01-07 10:00:00,,302.10468,984.13055,4.5734267,63.15443,0.0,0.0
2023-01-07 11:00:00,,300.41748,984.975,3.486965,69.988045,0.0,0.0
2023-01-07 12:00:00,,299.36102,985.8095,2.888277,74.60048,0.0,0.0
2023-01-07 13:00:00,,298.56128,986.6108,2.6898465,77.7239,0.0,0.0
2023-01-07 14:00:00,,298.02496,987.1069,2.8571362,79.21463,0.0,0.0
2023-01-07 15:00:00,,297.40442,986.9961,3.1269484,81.11298,0.0,0.0
2023-01-07 16:00:00,,296.84534,986.6389,3.3340933,83.41495,0.0,0.0
2023-01-07 17:00:00,,296.43756,986.3711,3.6526878,86.901596,0.0,0.0
2023-01-07 18:00:00,,296.27673,986.1916,3.793583,91.85047,0.0,0.0
2023-01-07 19:00:00,,295.87677,986.808,3.2323453,89.42793,0.0,0.0
2023-01-07 20:00:00,,296.12177,986.87195,3.353232,93.524826,0.0,0.0
2023-01-07 21:00:00,,296.46335,987.5767,3.3990135,95.14354,0.0,0.0
2023-01-07 22:00:00,,296.95358,988.6863,3.6687036,94.46199,0.0269264,0.0
2023-01-07 23:00:00,,298.13513,989.6344,6.775844,88.43099,0.032219023,0.0
2023-01-08 00:00:00,,299.13818,989.7756,7.660985,82.07547,0.1381049,0.0
2023-01-08 01:00:00,,300.3187,989.8527,7.507765,75.80028,0.0,0.0
2023-01-08 02:00:00,,301.58258,989.7367,7.2744913,70.48104,0.14710146,0.0
2023-01-08 03:00:00,,302.42578,989.1953,7.00806,66.85698,0.11837669,0.0
2023-01-08 04:00:00,,303.06158,988.7136,6.7471795,63.47844,0.039584935,0.0
2023-01-08 05:00:00,,303.91754,988.10565,6.6428328,60.006966,0.035457313,0.0
2023-01-08 06:00:00,,304.58417,987.49524,6.4215817,57.029133,0.009838492,0.0
2023-01-08 07:00:00,,305.07562,986.7773,4.9426517,57.723133,0.0,0.0
2023-01-08 08:00:00,,305.1161,986.82623,4.947977,58.07495,0.0,0.0
2023-01-08 09:00:00,,304.56805,987.1291,4.352149,61.467236,0.0,0.0
2023-01-08 10:00:00,,303.2194,987.8454,3.4433591,69.31784,0.0,0.0
2023-01-08 11:00:00,,301.8828,988.19025,2.9953063,76.12725,0.0,0.0
2023-01-08 12:00:00,,300.6974,989.79456,3.3649828,80.765724,0.40006638,0.0
2023-01-08 13:00:00,,298.8957,991.09424,3.479525,84.24824,0.93910843,0.0
2023-01-08 14:00:00,,298.3666,991.51514,1.0971738,88.78845,0.3612414,0.0
2023-01-08 15:00:00,,298.3507,991.334,3.1163154,86.56634,0.032506883,0.0
2023-01-08 16:00:00,,297.886,990.97266,5.2245193,88.26998,0.016540289,0.0
2023-01-08 17:00:00,,297.25363,990.78766,5.157042,90.78075,0.003993511,0.0
2023-01-08 18:00:00,,297.02188,990.3364,4.4501863,91.819664,0.0,0.0
2023-01-08 19:00:00,,297.89987,990.1931,4.9719377,91.2569,0.007018447,0.0
2023-01-08 20:00:00,,297.78452,990.2276,4.9328556,91.375626,0.0015050173,0.0
2023-01-08 21:00:00,,297.5734,991.1019,4.9192657,91.34877,0.0,0.0
2023-01-08 22:00:00,,297.7118,991.9747,4.5273056,90.47594,0.004261732,0.0
2023-01-08 23:00:00,,298.5681,992.67456,5.829764,85.699104,0.0036358833,0.0
2023-01-09 00:00:00,,299.45435,992.5414,5.8896427,81.21204,2.217263,0.0
2023-01-09 01:00:00,,300.6659,992.47144,5.768268,75.72306,0.0,0.0
2023-01-09 02:00:00,,301.9975,992.07245,5.6704936,69.326324,0.0013113022,0.0
2023-01-09 03:00:00,,302.73737,991.5722,5.568593,67.44277,0.08028746,0.0
2023-01-09 04:00:00,,303.5855,991.02625,5.3643017,66.38434,0.01309067,0.0
2023-01-09 05:00:00,,304.17584,990.19305,5.1525955,65.3587,0.010326505,0.0
2023-01-09 06:00:00,,304.61578,989.553,5.1918902,64.915306,0.0073239207,0.0
2023-01-09 07:00:00,,305.178,988.9219,5.998827,58.47683,0.0,0.0
2023-01-09 08:00:00,,304.7729,988.82837,5.7219315,60.476494,0.013679266,0.0
2023-01-09 09:00:00,,303.4088,988.77405,4.4919972,67.551346,0.17864257,0.0
2023-01-09 10:00:00,,302.45584,989.76514,3.377478,74.39169,0.0,0.0
2023-01-09 11:00:00,,301.2248,990.2756,2.3351858,80.72887,0.081159174,0.0
2023-01-09 12:00:00,,300.3988,991.1919,2.0177493,84.736145,0.19204023,0.0
2023-01-09 13:00:00,,299.70587,991.85516,2.0852478,86.98279,0.2002418,0.0
2023-01-09 14:00:00,,299.3136,992.3836,1.7289422,88.34072,0.2052486,0.0
2023-01-09 15:00:00,,299.08374,992.1482,2.608055,88.29884,0.049316324,0.0
2023-01-09 16:00:00,,298.734,991.83185,3.0680306,89.05905,0.0047291396,0.0
2023-01-09 17:00:00,,298.32462,991.3161,3.0473754,90.009674,0.0,0.0
2023-01-09 18:00:00,,297.93225,991.1194,2.8746853,91.31801,0.0,0.0
2023-01-09 19:00:00,,297.89703,990.88885,4.953918,90.4459,0.0,0.0
2023-01-09 20:00:00,,297.86066,990.8011,4.9962234,91.50697,0.0,0.0
2023-01-09 21:00:00,,297.60748,991.358,4.841747,92.47882,0.0,0.0
2023-01-09 22:00:00,,297.77316,992.115,4.6259007,91.7182,0.0,0.0
2023-01-09 23:00:00,,298.58295,992.8772,6.674484,86.78638,0.001758337,0.0
2023-01-10 00:00:00,,299.9215,992.84906,6.6440988,78.958496,1.0650694,0.0
2023-01-10 01:00:00,,301.27832,992.7711,6.442592,73.57795,0.0,0.0
2023-01-10 02:00:00,,301.9043,992.37537,6.241092,70.95831,0.27246028,0.0
2023-01-10 03:00:00,,302.7952,991.71014,6.044483,67.33013,0.17471984,0.0
2023-01-10 04:00:00,,303.53183,990.9966,5.6908946,63.56587,0.043924898,0.0
2023-01-10 05:00:00,,304.33032,990.2886,5.401292,59.794598,0.009030104,0.0
2023-01-10 06:00:00,,304.98407,989.6097,5.165981,56.062553,0.0021904707,0.0
2023-01-10 07:00:00,,304.8856,988.7612,5.1407356,52.4943,0.0,0.0
2023-01-10 08:00:00,,304.74637,988.49493,4.8310647,51.781403,0.0,0.0
2023-01-10 09:00:00,,304.24072,989.008,3.8498302,54.21543,0.0,0.0
2023-01-10 10:00:00,,303.0119,989.6489,2.6706288,61.599125,0.0,0.0
2023-01-10 11:00:00,,301.47293,990.4747,2.0149286,71.68946,0.0,0.0
2023-01-10 12:00:00,,300.37256,991.02826,1.6149396,78.737144,0.0,0.0
2023-01-10 13:00:00,,300.35834,991.23517,1.1555465,75.87039,0.0,0.0
2023-01-10 14:00:00,,300.57623,991.5803,0.7262793,71.523056,0.0,0.0
2023-01-10 15:00:00,,299.5284,991.1306,0.99643046,79.51627,0.0,0.0
2023-01-10 16:00:00,,298.8851,990.81854,2.1021757,83.05491,0.0,0.0
2023-01-10 17:00:00,,298.36237,990.1845,3.0977378,85.92468,0.0,0.0
2023-01-10 18:00:00,,297.96332,989.8711,3.59436,89.02371,0.0,0.0
2023-01-10 19:00:00,,298.1651,989.7972,4.775312,90.05679,0.0,0.0
2023-01-10 20:00:00,,297.97284,990.20514,4.529203,91.063095,0.0,0.0
2023-01-10 21:00:00,,297.7804,991.07227,4.18588,92.23428,0.0,0.0
2023-01-10 22:00:00,,298.00433,992.1025,3.6750953,92.29728,0.0,0.0
2023-01-10 23:00:00,,299.13406,992.6741,5.5300937,86.15223,0.0,0.0
2023-01-11 00:00:00,,300.2868,992.65375,5.3516164,80.00307,0.6820291,0.0
2023-01-11 01:00:00,,301.61603,992.6834,5.241435,74.89355,0.0,0.0
2023-01-11 02:00:00,,302.7864,992.1218,5.134704,70.66334,0.04449673,0.0
2023-01-11 03:00:00,,303.60687,991.39417,4.834797,68.99214,0.020246953,0.0
2023-01-11 04:00:00,,304.23456,990.5703,4.6754217,68.07298,0.022564083,0.0
2023-01-11 05:00:00,,304.8989,989.58813,4.6991973,63.707203,0.047501177,0.0
2023-01-11 06:00:00,,305.08286,988.9842,4.41774,62.40048,0.030823052,0.0
2023-01-11 07:00:00,,306.02246,987.9386,4.423574,56.153572,0.0,0.0
2023-01-11 08:00:00,,305.93158,988.0589,4.0803046,56.774998,0.0029876828,0.0
2023-01-11 09:00:00,,305.57043,988.04175,3.6405416,57.58428,0.01706183,0.0
2023-01-11 10:00:00,,304.36224,988.4946,2.6643293,66.1329,0.0036209822,0.0
2023-01-11 11:00:00,,303.09723,989.3208,2.4341943,73.222404,0.0,0.0
2023-01-11 12:00:00,,301.93796,990.10547,1.8301787,80.05186,0.022359192,0.0
2023-01-11 13:00:00,,301.37775,990.6141,1.9594753,81.39809,0.0017434359,0.0
2023-01-11 14:00:00,,300.77997,991.14954,2.7274554,82.83874,0.021114945,0.0
2023-01-11 15:00:00,,300.3982,990.5784,2.8115218,83.558945,0.0,0.0
2023-01-11 16:00:00,,300.07065,990.1792,3.1893358,83.75003,0.0,0.0
2023-01-11 17:00:00,,299.86023,989.7282,3.582313,84.29761,0.0,0.0
2023-01-11 18:00:00,,299.61066,989.3033,3.7434225,86.184975,0.0,0.0
2023-01-11 19:00:00,,299.0503,989.14703,4.2302394,86.39368,0.0,0.0
2023-01-11 20:00:00,,298.7257,989.53436,3.9375002,88.28323,0.0,0.0
2023-01-11 21:00:00,,298.37823,990.5181,3.4585075,90.64218,0.0,0.0
2023-01-11 22:00:00,,298.582,991.7151,3.5816474,91.634026,0.0,0.0
2023-01-11 23:00:00,,299.64246,992.4536,5.8308153,86.219475,0.0,0.0
2023-01-12 00:00:00,,300.77142,992.3677,5.661311,79.87522,0.24330616,0.0
2023-01-12 01:00:00,,301.9064,992.41705,5.3267837,73.93734,0.0,0.0
2023-01-12 02:00:00,,303.21143,992.1244,5.119928,68.190186,0.0,0.0
2023-01-12 03:00:00,,304.46643,991.5051,5.2220535,63.12965,0.0013932586,0.0
2023-01-12 04:00:00,,305.4588,990.8325,5.5450034,59.35836,0.0,0.0
2023-01-12 05:00:00,,305.99982,989.9778,5.677737,56.820328,0.0,0.0
2023-01-12 06:00:00,,306.4884,989.1827,5.5518303,54.692543,0.0,0.0
2023-01-12 07:00:00,,307.49335,988.11127,4.5711064,49.372883,0.0014901161,0.0
2023-01-12 08:00:00,,307.3879,987.49445,4.682197,49.790535,0.0,0.0
2023-01-12 09:00:00,,306.71454,987.5217,3.7500002,52.913128,0.0327006,0.0
2023-01-12 10:00:00,,305.36353,988.18695,2.6508043,62.041847,0.0,0.0
2023-01-12 11:00:00,,303.78772,988.9313,2.4091241,70.73355,0.0,0.0
2023-01-12 12:00:00,,302.82843,989.8859,2.363858,76.029015,0.0,0.0
2023-01-12 13:00:00,,302.1482,990.09204,2.8078797,77.9115,0.0,0.0
2023-01-12 14:00:00,,301.71124,990.4211,3.4406836,78.75643,0.0,0.0
2023-01-12 15:00:00,,301.20856,990.0044,4.001643,80.1271,0.069990754,0.0
2023-01-12 16:00:00,,300.65707,989.93115,3.853282,82.315254,0.015735626,0.0
2023-01-12 17:00:00,,300.1634,989.85376,3.963436,83.99842,0.10314584,0.0
2023-01-12 18:00:00,,299.63177,990.04156,3.848845,86.13445,0.13454258,0.0
2023-01-12 19:00:00,,299.45728,989.9406,5.1620083,83.760796,0.0,0.0
2023-01-12 20:00:00,,299.01752,990.06396,4.8875833,85.64283,0.0,0.0
2023-01-12 21:00:00,,298.76422,990.548,4.531162,86.268974,0.0,0.0
2023-01-12 22:00:00,,298.80878,991.28784,3.994981,86.226906,0.0,0.0
2023-01-12 23:00:00,,299.86267,992.0619,5.0176997,81.67278,0.0,0.0
2023-01-13 00:00:00,,301.0335,991.85913,5.76647,77.570305,0.3620684,0.0
2023-01-13 01:00:00,,302.3268,991.9192,5.623311,71.78861,0.0,0.0
2023-01-13 02:00:00,,303.41754,991.90857,4.9719787,69.289276,0.0,0.0
2023-01-13 03:00:00,,304.47458,991.1507,4.9326015,66.29613,0.0,0.0
2023-01-13 04:00:00,,305.3534,990.33826,5.184649,62.608208,0.002451241,0.0
2023-01-13 05:00:00,,306.03113,989.3896,5.2132993,59.947914,0.002808869,0.0
2023-01-13 06:00:00,,306.49573,988.4523,5.318877,57.843727,0.0,0.0
2023-01-13 07:00:00,,307.71606,987.15,5.8291655,52.000946,0.0,0.0
2023-01-13 08:00:00,,307.52606,986.5694,5.5825777,52.442265,0.0,0.0
2023-01-13 09:00:00,,307.0774,987.0574,4.894287,54.15653,0.0,0.0
2023-01-13 10:00:00,,305.72845,987.6686,3.167917,61.937363,0.0,0.0
2023-01-13 11:00:00,,304.00195,989.02374,1.0921608,75.355064,0.023508074,0.31
2023-01-13 12:00:00,,301.64227,990.36127,4.4006886,79.50795,1.2408674,0.0
2023-01-13 13:00:00,,299.6039,990.93835,3.070171,86.92192,1.58571,0.0
2023-01-13 14:00:00,,299.1584,990.6767,0.44056654,89.317726,0.0031888485,1.8
2023-01-13 15:00:00,,299.16003,990.4628,1.7379001,90.31769,0.01901621,0.96
2023-01-13 16:00:00,,299.09296,989.793,1.6834328,91.97379,0.012402888,0.35
2023-01-13 17:00:00,,299.02982,989.06805,1.442853,92.521706,0.004301779,0.0
2023-01-13 18:00:00,,298.9497,988.8679,1.1611748,92.73414,0.0,0.0
2023-01-13 19:00:00,,298.90543,989.10236,0.89401335,92.35625,0.0,0.0
2023-01-13 20:00:00,,298.75787,989.28394,0.97077775,92.15087,0.0,0.0
2023-01-13 21:00:00,,298.58044,989.7394,1.1530814,92.066315,0.0,0.0
2023-01-13 22:00:00,,298.87012,990.59686,1.1459931,89.68311,0.0,0.0
2023-01-13 23:00:00,,299.7868,991.20654,1.7326378,83.545105,0.0,0.0
2023-01-14 00:00:00,,300.75568,991.10034,2.2365134,79.41812,2.8959274,0.0
2023-01-14 01:00:00,,302.05804,990.7378,2.1658542,73.01195,0.0,0.0
2023-01-14 02:00:00,,303.11847,990.12036,2.081031,69.43428,0.0601653,0.0
2023-01-14 03:00:00,,303.95724,989.6731,2.0419166,68.025604,0.045463443,0.0
2023-01-14 04:00:00,,304.59442,988.87805,2.193774,67.18209,0.029221177,0.0
2023-01-14 05:00:00,,305.17865,988.07886,2.3332028,66.44897,0.030986965,0.0
2023-01-14 06:00:00,,305.30817,987.20844,2.8593512,66.372734,0.23124367,0.0
2023-01-14 07:00:00,,306.56256,985.6825,1.8279957,57.449955,0.006623566,0.0
2023-01-14 08:00:00,,306.42072,985.47534,2.1758373,55.991947,0.017508864,0.0
2023-01-14 09:00:00,,305.3559,985.3011,2.6317549,59.0477,0.06767362,0.0
2023-01-14 10:00:00,,304.52454,986.5391,0.6817005,63.792217,0.17750263,0.0
2023-01-14 11:00:00,,302.96802,987.6407,1.7091162,74.67835,0.48422813,0.0
2023-01-14 12:00:00,,301.5041,988.8744,3.008445,82.350174,0.9650737,0.0
2023-01-14 13:00:00,,299.91544,989.52936,4.7611175,87.1956,1.2169182,0.0
2023-01-14 14:00:00,,298.9823,989.8336,4.671016,88.750114,0.010639429,0.0
2023-01-14 15:00:00,,298.73196,989.73206,2.585829,89.12434,0.0,0.0
2023-01-14 16:00:00,,298.68347,989.9372,1.4260244,88.496216,0.6955564,2.26
2023-01-14 17:00:00,,298.32056,989.29193,1.5421016,89.27867,0.6376654,14.21
2023-01-14 18:00:00,,297.9963,988.6125,3.5560782,90.2895,0.021845102,10.24
2023-01-14 19:00:00,,297.77356,987.46204,3.198357,90.14831,0.0,8.44
2023-01-14 20:00:00,,297.5354,987.9587,2.2707748,92.115364,0.0,3.19
2023-01-14 21:00:00,,297.28552,988.68384,1.9934685,94.3302,0.0,0.0
2023-01-14 22:00:00,,297.85034,989.2966,2.0846682,93.36653,0.0,0.03
2023-01-14 23:00:00,,299.65985,989.78296,3.1690722,85.074844,0.0,0.54999995
2023-01-15 00:00:00,,300.74384,989.9208,2.3614795,83.65015,4.7139525,0.0
2023-01-15 01:00:00,,302.11194,989.83624,1.7562531,78.06679,0.0,0.0
2023-01-15 02:00:00,,303.54315,989.21484,1.6677345,71.03635,0.0,0.0
2023-01-15 03:00:00,,304.8179,988.15564,1.6217725,63.72901,0.0014081597,0.0
2023-01-15 04:00:00,,305.87802,987.42596,1.4026413,55.98923,0.012628734,0.0
2023-01-15 05:00:00,,306.7511,986.73517,2.1816154,49.90221,0.0017210841,0.0
2023-01-15 06:00:00,,307.22046,985.8949,2.522407,46.461617,0.0,0.0
2023-01-15 07:00:00,,307.58093,985.06165,1.9854479,41.456085,0.0,0.0
2023-01-15 08:00:00,,307.5622,984.8583,1.5795492,39.923756,0.0,0.0
2023-01-15 09:00:00,,307.27557,985.0337,0.7004964,39.94295,0.0,0.0
2023-01-15 10:00:00,,306.42776,986.0058,0.4998437,45.838955,0.0,0.0
2023-01-15 11:00:00,,304.2121,986.65393,1.2688984,67.738045,0.0,0.0
2023-01-15 12:00:00,,302.78568,987.4693,1.1446787,74.30364,0.0,1.6999999
2023-01-15 13:00:00,,302.0567,987.86304,1.6351765,75.9487,0.0,5.9700003
2023-01-15 14:00:00,,301.49023,988.2417,2.2846837,76.024826,0.0,0.37
2023-01-15 15:00:00,,300.73196,988.13806,2.7541277,78.54855,0.0,0.0
2023-01-15 16:00:00,,300.13568,987.88745,2.7288287,81.440475,0.0,0.0
2023-01-15 17:00:00,,299.7204,987.70905,2.09879,84.76998,0.0,0.0
2023-01-15 18:00:00,,299.3931,987.568,2.0055506,86.960045,0.0,0.0
2023-01-15 19:00:00,,298.72186,987.61383,0.88993955,87.34458,0.0,0.0
2023-01-15 20:00:00,,298.60013,988.0895,1.4979898,86.87187,0.0,0.0
2023-01-15 21:00:00,,298.20972,988.77423,1.787789,89.462776,0.0,0.0
2023-01-15 22:00:00,,298.41455,989.6342,1.8042073,89.74148,0.0,0.0
2023-01-15 23:00:00,,299.8271,990.4436,2.3652031,82.32175,0.0,0.0
2023-01-16 00:00:00,,301.16843,990.75336,2.5262172,76.75153,0.017040607,0.0
2023-01-16 01:00:00,,302.47308,990.7,2.4563465,71.16957,0.0,0.0
2023-01-16 02:00:00,,303.5734,990.3572,1.8081199,66.95875,0.011561438,0.0
2023-01-16 03:00:00,,304.54047,989.6312,1.3190054,64.623924,0.010930002,0.0
2023-01-16 04:00:00,,305.36304,989.05725,1.6616983,62.496704,0.017834827,0.0
2023-01-16 05:00:00,,305.9104,987.9916,2.7170436,60.297226,0.032261014,0.0
2023-01-16 06:00:00,,305.49823,987.3248,2.4340312,60.031902,0.05038455,2.1699998
2023-01-16 07:00:00,,306.59778,986.3639,2.0687559,52.69488,0.023762885,3.6699998
2023-01-16 08:00:00,,305.75403,986.3848,1.2801957,55.113255,0.24427474,2.6599998
2023-01-16 09:00:00,,303.3725,987.1506,3.4254057,67.35532,0.68634754,0.79999995
2023-01-16 10:00:00,,301.53696,988.3136,2.9489195,76.56682,0.636567,0.099999994
2023-01-16 11:00:00,,300.6521,989.15906,1.4130642,81.46832,0.32976446,0.03
2023-01-16 12:00:00,,300.14246,990.3864,2.1029642,83.880196,3.2918084,1.02
2023-01-16 13:00:00,,299.55704,991.55115,2.735155,88.039276,7.30174,1.27
2023-01-16 14:00:00,,299.23157,991.7428,1.682212,89.28938,2.360166,2.6699998
2023-01-16 15:00:00,,299.10358,991.01794,1.4412904,89.81531,0.3245175,4.92
2023-01-16 16:00:00,,298.8881,990.3709,1.9143964,91.36597,0.24455786,3.85
2023-01-16 17:00:00,,298.67606,989.71643,1.6758262,92.239395,0.14802906,2.8899999
2023-01-16 18:00:00,,298.5633,989.6259,1.1316961,92.51321,0.07476471,1.23
2023-01-16 19:00:00,,298.3445,989.96704,0.124552935,90.46792,0.493953,0.73
2023-01-16 20:00:00,,298.28873,990.51794,0.3611706,91.578735,0.4301034,0.61
2023-01-16 21:00:00,,298.21774,991.1488,0.9684113,92.98015,0.25725925,0.37
2023-01-16 22:00:00,,298.2729,991.58716,2.146295,93.56218,0.074708834,0.0
2023-01-16 23:00:00,,299.27295,992.2064,2.9315896,88.578156,0.002115965,0.0
2023-01-17 00:00:00,,300.5905,992.30884,3.509264,82.57151,17.047413,0.0
2023-01-17 01:00:00,,301.7566,992.1239,2.8428872,76.290306,0.0,0.0
2023-01-17 02:00:00,,302.73334,992.0084,2.4645476,73.53469,0.036077574,0.0
2023-01-17 03:00:00,,303.52533,991.47736,2.4653554,73.504814,0.08392334,0.0
2023-01-17 04:00:00,,303.90814,990.71326,2.3448496,73.66377,0.049881637,0.0
2023-01-17 05:00:00,,304.50995,989.7389,2.056019,71.01393,0.028718263,0.0
2023-01-17 06:00:00,,305.02753,988.8528,2.2237017,66.623215,0.05108863,0.0
2023-01-17 07:00:00,,305.5428,988.8208,1.9961889,59.483994,0.019811094,0.26999998
2023-01-17 08:00:00,,305.45325,988.3552,1.8558887,58.6904,0.010758638,1.0799999
2023-01-17 09:00:00,,305.3225,988.3108,1.8759714,58.68724,0.0,1.9399999
2023-01-17 10:00:00,,304.68808,988.9535,1.5223268,63.760597,0.0,1.49
2023-01-17 11:00:00,,303.52374,990.21423,1.6690023,73.1273,0.0,0.48999998
2023-01-17 12:00:00,,302.53073,991.1239,1.6008106,80.64891,0.0,0.91999996
2023-01-17 13:00:00,,302.14636,991.257,1.9716644,81.363976,0.0,0.35
2023-01-17 14:00:00,,301.44806,991.6916,2.6836598,81.31664,1.234889,0.01
2023-01-17 15:00:00,,300.36523,991.6222,2.6026125,83.56831,2.8100011,0.17
2023-01-17 16:00:00,,299.57837,991.8148,1.0232767,87.94157,4.66083,0.0
2023-01-17 17:00:00,,298.56137,991.7436,1.4472815,92.43369,3.7335901,0.0
2023-01-17 18:00:00,,298.31635,991.29376,1.716244,93.716484,1.5040934,0.0
2023-01-17 19:00:00,,299.19293,989.70593,2.5810354,90.92188,0.0,0.0
2023-01-17 20:00:00,,298.9113,990.428,2.2922237,92.60472,0.036343932,0.0
2023-01-17 21:00:00,,298.74298,991.3243,2.2154214,93.53755,0.009179115,0.0
2023-01-17 22:00:00,,298.91718,992.07513,2.4128428,92.63451,0.004246831,0.0
2023-01-17 23:00:00,,299.532,992.51917,3.268065,89.712105,0.0,0.0
2023-01-18 00:00:00,,300.46124,992.53235,4.3927746,85.62291,14.276075,0.0
2023-01-18 01:00:00,,301.78076,992.449,5.0335817,79.42401,0.0,0.0
2023-01-18 02:00:00,,303.01068,992.11224,4.29589,77.920296,0.23829472,0.0
2023-01-18 03:00:00,,303.89655,991.1626,3.5499942,76.24698,0.22567809,0.0
2023-01-18 04:00:00,,304.12576,990.2596,2.7721062,73.63498,0.9346977,0.0
2023-01-18 05:00:00,,304.5348,989.07367,2.4990387,70.10373,0.4647337,0.0
2023-01-18 06:00:00,,305.38678,988.0598,2.1181707,64.517845,0.013232231,0.0
2023-01-18 07:00:00,,306.43127,987.7672,1.77346,55.888428,0.00513345,0.52
2023-01-18 08:00:00,,306.511,987.72565,0.90695226,54.232014,0.0068172812,0.0
2023-01-18 09:00:00,,306.30057,988.10175,1.0262531,54.847847,0.05069375,0.0
2023-01-18 10:00:00,,304.97003,988.85657,2.5148082,65.411316,0.0,0.0
2023-01-18 11:00:00,,302.83994,989.38745,3.9112446,76.19805,0.020951033,0.0
2023-01-18 12:00:00,,301.1902,989.9984,3.926139,84.23701,0.0089854,0.0
2023-01-18 13:00:00,,300.14722,989.7874,3.662195,88.768906,0.0,3.1499999
2023-01-18 14:00:00,,299.51837,990.4308,2.999997,90.83437,0.0,5.56
2023-01-18 15:00:00,,299.10394,990.0535,2.187473,92.128365,0.0,4.54
2023-01-18 16:00:00,,298.90082,989.639,1.9623502,92.7165,0.0,3.1799998
2023-01-18 17:00:00,,298.708,989.19696,1.6816841,93.36473,0.0,2.8799999
2023-01-18 18:00:00,,298.60022,988.9428,1.460725,93.85057,0.0,1.24
2023-01-18 19:00:00,,298.2099,989.50085,3.2138288,93.00484,0.009611249,0.07
2023-01-18 20:00:00,,298.1247,989.6568,2.9317567,94.087875,0.0,0.0
2023-01-18 21:00:00,,298.11377,990.1011,2.3670335,94.66756,0.0,0.0
2023-01-18 22:00:00,,298.36188,991.0031,1.7899861,94.23189,0.0,0.0
2023-01-18 23:00:00,,299.41742,991.305,3.0213175,88.56874,0.0,0.0
2023-01-19 00:00:00,,300.6739,991.6463,3.2209072,82.43086,2.0219176,0.0
2023-01-19 01:00:00,,301.9658,991.42114,3.2283695,76.58676,0.0,0.0
2023-01-19 02:00:00,,302.9061,991.2863,3.037105,74.36111,0.09785406,0.0
2023-01-19 03:00:00,,303.42834,990.2592,2.6509259,74.97274,0.10422617,0.0
2023-01-19 04:00:00,,303.44574,989.818,2.2685564,76.0109,0.340119,0.0
2023-01-19 05:00:00,,303.7292,988.9211,2.0945055,75.47887,0.3867671,0.0
2023-01-19 06:00:00,,304.68018,988.12427,1.7829407,69.567726,0.078335404,0.0
2023-01-19 07:00:00,,305.49774,986.6044,1.1335025,59.65383,0.014312565,0.0
2023-01-19 08:00:00,,305.5172,986.4046,0.32597855,58.401947,0.0111118425,0.56
2023-01-19 09:00:00,,305.62473,986.8501,1.3743333,57.621227,0.0,21.8
2023-01-19 10:00:00,,303.92236,988.5275,4.6743236,68.80708,0.0,46.12
2023-01-19 11:00:00,,300.43945,989.6277,6.367764,83.391174,0.0,31.849998
2023-01-19 12:00:00,,299.10413,989.97534,4.427761,89.112,0.0,5.0699997
2023-01-19 13:00:00,,298.72437,990.2536,4.079539,90.416626,0.0,1.71
2023-01-19 14:00:00,,298.60495,990.67334,3.6521885,90.98819,0.0,0.61
2023-01-19 15:00:00,,298.51166,990.3792,3.3139625,91.79667,0.0,0.0
2023-01-19 16:00:00,,298.35852,989.78687,2.7811375,93.06804,0.0,0.0
2023-01-19 17:00:00,,298.2724,989.6503,2.3682652,93.91369,0.0,0.0
2023-01-19 18:00:00,,298.16962,989.33685,2.2589965,94.821655,0.0,0.0
2023-01-19 19:00:00,,297.80487,988.93866,1.8479041,93.58168,0.0,0.0
2023-01-19 20:00:00,,297.8448,989.1543,1.9283111,93.33845,0.0,0.0
2023-01-19 21:00:00,,297.8357,989.72205,1.3236331,93.8412,0.0023394823,0.0
2023-01-19 22:00:00,,298.03278,990.3583,1.7901206,92.52543,0.012800097,0.0
2023-01-19 23:00:00,,298.9996,990.96606,2.7320063,86.35413,0.018924475,0.0
2023-01-20 00:00:00,,300.22534,991.0027,2.8251538,79.659645,1.1032932,0.0
2023-01-20 01:00:00,,301.51633,991.02734,2.7347145,73.52291,0.0,0.0
2023-01-20 02:00:00,,302.49136,990.77313,2.530571,70.18248,0.027250499,0.0
2023-01-20 03:00:00,,303.01404,990.2399,2.01148,69.268524,0.001296401,0.0
2023-01-20 04:00:00,,303.8554,989.61755,1.314956,68.65702,0.0036284328,0.0
2023-01-20 05:00:00,,304.2754,988.9997,0.89560866,68.239174,0.003941357,0.0
2023-01-20 06:00:00,,304.6322,988.30664,0.7562,67.17046,0.013329089,0.0
2023-01-20 07:00:00,,305.13657,987.54346,0.78004235,62.445347,0.007137656,0.32999998
2023-01-20 08:00:00,,305.1302,986.91565,1.1286778,58.041363,0.071170926,0.31
2023-01-20 09:00:00,,303.61298,987.8359,5.2601857,67.4707,0.1536086,0.0
2023-01-20 10:00:00,,301.80014,988.44836,4.1916404,77.500565,0.0,0.0
2023-01-20 11:00:00,,300.78943,989.3008,3.3372698,82.85892,0.0,0.0
2023-01-20 12:00:00,,300.26862,990.1195,3.0465162,85.37129,0.0,0.0
2023-01-20 13:00:00,,299.9381,990.34406,2.6378586,87.068054,0.0,0.0
2023-01-20 14:00:00,,299.5907,990.84656,2.1820133,89.16334,0.0,0.0
2023-01-20 15:00:00,,299.27063,990.6761,2.4325197,90.89666,0.0,0.0
2023-01-20 16:00:00,,298.9324,990.2614,2.5353208,92.48765,0.0,0.0
2023-01-20 17:00:00,,298.61407,989.63745,2.4100306,93.71933,0.0,0.0
2023-01-20 18:00:00,,298.28113,989.6103,2.2746265,94.81865,0.0,0.0
2023-01-20 19:00:00,,298.01984,989.67377,1.24081,96.86364,0.0,0.0
2023-01-20 20:00:00,,297.76233,989.65234,0.9865547,97.79479,0.0,0.0
2023-01-20 21:00:00,,297.63934,990.0681,0.56616515,97.93817,0.0,0.0
2023-01-20 22:00:00,,298.02216,991.1933,0.72256035,96.33023,0.015813101,0.0
2023-01-20 23:00:00,,299.21158,991.7715,1.2950565,90.03589,0.012502482,0.0
2023-01-21 00:00:00,,300.3147,991.6841,1.575522,87.14503,0.36128798,0.0
2023-01-21 01:00:00,,301.41434,991.42065,1.7552297,82.33836,0.0,0.0
2023-01-21 02:00:00,,302.43805,990.7975,1.903608,75.37268,0.11276081,0.0
2023-01-21 03:00:00,,303.57565,989.87445,1.8703347,68.43456,0.07471256,0.0
2023-01-21 04:00:00,,304.44168,989.20825,1.6309248,63.779663,0.048577785,0.0
2023-01-21 05:00:00,,304.89285,988.29987,1.3325735,61.59258,0.049971044,0.0
2023-01-21 06:00:00,,305.37866,987.76166,1.1098206,60.016632,0.007547438,0.0
2023-01-21 07:00:00,,306.31427,986.9328,1.0975927,51.006157,0.0,0.0
2023-01-21 08:00:00,,306.39624,986.71466,0.75364876,50.167446,0.0,0.0
2023-01-21 09:00:00,,306.21198,986.4833,0.41431025,50.33098,0.0,0.0
2023-01-21 10:00:00,,305.59348,987.10516,1.0120343,54.85162,0.0,0.45999998
2023-01-21 11:00:00,,303.84097,987.9363,0.16866404,69.60873,0.0,2.08
2023-01-21 12:00:00,,302.90533,988.8314,1.3312143,75.544395,0.0,3.6299999
2023-01-21 13:00:00,,302.2807,989.2775,1.8322492,76.95954,0.0,2.71
2023-01-21 14:00:00,,301.37796,989.8244,1.5743034,83.27903,0.0,7.08
2023-01-21 15:00:00,,301.00037,989.4283,0.9130458,85.08354,0.0,7.3599997
2023-01-21 16:00:00,,301.0412,989.1282,0.5680593,82.239365,0.0,4.5299997
2023-01-21 17:00:00,,300.84448,988.7928,0.40361625,82.28744,0.0,0.66999996
2023-01-21 18:00:00,,300.15918,988.5225,1.3151822,88.54453,0.0,5.59
2023-01-21 19:00:00,,299.38306,988.82166,2.2955284,87.27607,0.0,2.4099998
2023-01-21 20:00:00,,299.07388,988.9487,2.1227968,88.876434,0.0,0.0
2023-01-21 21:00:00,,298.83273,989.28033,1.7437351,89.94193,0.0,0.0
2023-01-21 22:00:00,,299.0049,990.0675,1.6645262,89.21677,0.0,0.0
2023-01-21 23:00:00,,300.50708,990.6138,2.0362155,79.43868,0.0,0.0
2023-01-22 00:00:00,,302.09775,990.89026,2.4387996,71.07158,0.3546208,0.0
2023-01-22 01:00:00,,303.40933,990.5254,2.226804,66.4286,0.0,0.0
2023-01-22 02:00:00,,304.65753,990.0223,1.732045,62.84292,0.0,0.0
2023-01-22 03:00:00,,305.673,989.29443,1.4329389,59.670753,0.0072978437,0.0
2023-01-22 04:00:00,,306.55444,988.58374,1.0456414,56.33731,0.010501593,0.0
2023-01-22 05:00:00,,307.28033,987.9668,0.7930225,53.524345,0.0077039003,0.0
2023-01-22 06:00:00,,307.83456,987.077,0.55773944,51.311214,0.011526048,0.0
2023-01-22 07:00:00,,307.109,986.9183,0.26174074,52.348858,0.078924,0.98999995
2023-01-22 08:00:00,,306.10718,986.3695,0.8306783,56.93582,0.0872463,7.0
2023-01-22 09:00:00,,306.1139,986.6475,0.50767344,57.099533,0.0,11.66
2023-01-22 10:00:00,,304.91138,987.47925,1.0695218,62.81373,0.08935481,13.969999
2023-01-22 11:00:00,,303.4718,988.67413,2.7947645,73.463745,0.12462586,11.440001
2023-01-22 12:00:00,,302.67212,989.3699,3.050703,77.618126,0.12936443,8.54
2023-01-22 13:00:00,,301.76575,990.21765,3.2923586,78.91575,3.2726824,4.77
2023-01-22 14:00:00,,300.51154,990.98126,2.6499686,83.30837,4.04115,2.4299998
2023-01-22 15:00:00,,300.12683,990.56696,0.13484639,85.74964,0.3425181,0.01
2023-01-22 16:00:00,,299.89417,989.76447,0.51703244,88.42125,0.0,3.19
2023-01-22 17:00:00,,299.74197,988.94244,0.82124317,90.24527,0.0,2.81
2023-01-22 18:00:00,,299.4214,988.5183,0.35251316,94.10229,0.0,7.7199993
2023-01-22 19:00:00,,299.1407,989.0725,0.8954051,90.23893,0.003963709,8.62
2023-01-22 20:00:00,,298.972,989.10767,1.383325,93.017136,0.0,5.77
2023-01-22 21:00:00,,298.89484,989.2271,1.0258666,93.579025,0.0,2.51
2023-01-22 22:00:00,,298.98993,989.6749,0.83031696,93.58489,0.0,0.0
2023-01-22 23:00:00,,299.9983,990.5806,0.46838847,85.21202,0.0,0.0
2023-01-23 00:00:00,,301.11688,990.61017,0.8381103,79.470924,8.2070675,0.0
2023-01-23 01:00:00,,302.52844,990.8856,1.4169618,75.06599,0.0,0.0
2023-01-23 02:00:00,,303.83777,990.71014,1.7617452,70.79811,0.0,0.0
2023-01-23 03:00:00,,305.04303,989.9375,2.1759176,65.95619,0.0010728836,0.0
2023-01-23 04:00:00,,306.07043,989.03436,2.5256739,61.2811,0.005580485,0.0
2023-01-23 05:00:00,,306.95862,987.90814,2.513794,56.871384,0.0,0.0
2023-01-23 06:00:00,,307.3599,987.15155,2.0088673,54.555916,0.027127564,0.0
2023-01-23 07:00:00,,308.3526,986.57806,2.5229366,47.150414,0.010930002,0.0
2023-01-23 08:00:00,,308.61716,986.1756,2.6371791,44.298733,0.007116796,2.8
2023-01-23 09:00:00,,307.5014,986.1395,3.7956076,49.652737,0.024653971,0.45999998
2023-01-23 10:00:00,,305.26804,986.9306,2.5271223,57.04513,0.0029057264,0.0
2023-01-23 11:00:00,,303.9124,987.8184,0.44928014,63.332176,0.0,0.0
2023-01-23 12:00:00,,302.6267,989.1622,3.3533285,73.487686,0.0047907233,0.0
2023-01-23 13:00:00,,301.5959,990.1208,3.8011272,79.68474,0.0051349415,0.0
2023-01-23 14:00:00,,300.88058,990.67065,4.0317755,82.65876,0.0,0.0
2023-01-23 15:00:00,,300.33646,990.46173,3.9453316,85.184814,0.0029429793,0.0
2023-01-23 16:00:00,,299.89398,989.95624,3.5614839,87.15626,0.057779253,0.0
2023-01-23 17:00:00,,299.5879,989.38245,4.066362,88.790146,0.0,0.0
2023-01-23 18:00:00,,299.37195,988.8722,4.286733,90.117836,0.0,0.0
2023-01-23 19:00:00,,299.71405,988.09906,2.754165,91.052414,0.0,0.0
2023-01-23 20:00:00,,299.52588,988.3713,2.5618522,92.8335,0.0,0.0
2023-01-23 21:00:00,,299.61832,988.83234,2.103627,93.2778,0.0,0.0
2023-01-23 22:00:00,,299.55017,989.42944,0.8665328,95.26194,0.0,0.0
2023-01-23 23:00:00,,300.95825,990.32886,0.6226612,87.020424,0.0,0.0
2023-01-24 00:00:00,,302.39783,990.4514,0.81318104,79.69562,0.15049875,0.0
2023-01-24 01:00:00,,304.0443,990.54736,0.62719905,70.4978,0.0,0.0
2023-01-24 02:00:00,,305.74097,990.4486,0.83745253,59.174095,0.0,0.0
2023-01-24 03:00:00,,306.88443,989.79266,1.1455328,51.87881,0.0,0.0
2023-01-24 04:00:00,,307.84344,989.1777,1.3905485,44.803295,0.0,0.0
2023-01-24 05:00:00,,308.7345,988.5505,2.1068466,38.16209,0.0,0.0
2023-01-24 06:00:00,,309.2194,987.7247,2.5126483,33.777245,0.0,0.0
2023-01-24 07:00:00,,308.91504,987.1096,1.2698429,35.134758,0.0,0.0
2023-01-24 08:00:00,,309.23206,986.475,1.5190493,31.912735,0.0,0.0
2023-01-24 09:00:00,,309.10132,986.8068,0.9031057,32.403923,0.0,0.0
2023-01-24 10:00:00,,307.36078,987.10156,0.93759954,42.475517,0.0,0.0
2023-01-24 11:00:00,,304.56628,987.85767,1.6023183,60.832764,0.0,0.0
2023-01-24 12:00:00,,302.82626,988.34564,1.8337111,67.63432,0.0,0.0
2023-01-24 13:00:00,,301.5614,988.62274,1.9933941,73.36691,0.0,0.0
2023-01-24 14:00:00,,300.44992,988.7464,1.7248738,79.16702,0.0,0.0
2023-01-24 15:00:00,,300.94855,988.57733,0.34139216,69.8091,0.0,0.0
2023-01-24 16:00:00,,299.2438,988.2014,1.5485431,82.88694,0.0,0.0
2023-01-24 17:00:00,,298.95905,987.7356,2.6397572,81.40153,0.0,0.0
2023-01-24 18:00:00,,298.5618,987.5072,3.2359369,81.41726,0.0,0.0
2023-01-24 19:00:00,,297.80264,987.67236,2.1994572,79.95181,0.0,0.0
2023-01-24 20:00:00,,297.36707,987.9554,2.5481186,82.033066,0.0,0.0
2023-01-24 21:00:00,,297.25677,988.5531,2.9889977,81.94987,0.0,0.0
2023-01-24 22:00:00,,297.91248,989.4464,3.7752097,78.80776,0.0,0.0
2023-01-24 23:00:00,,300.26453,990.3208,4.8967137,72.09372,0.0,0.0
2023-01-25 00:00:00,,301.94836,990.54205,6.188927,69.0308,0.0,0.0
2023-01-25 01:00:00,,303.59613,990.60187,5.779683,62.82817,0.0,0.0
2023-01-25 02:00:00,,304.96887,990.26526,5.141303,56.47779,0.0,0.21
2023-01-25 03:00:00,,306.1795,989.498,4.492652,51.43746,0.0,0.0
2023-01-25 04:00:00,,306.91022,988.9082,3.9472525,47.357048,0.0031925738,0.0
2023-01-25 05:00:00,,307.5994,988.00354,3.7850788,43.09853,0.0,0.0
2023-01-25 06:00:00,,308.28586,987.1824,4.1628747,39.223186,0.0,0.0
2023-01-25 07:00:00,,309.69965,985.6395,6.643596,31.095451,0.0,0.35
2023-01-25 08:00:00,,309.01102,985.887,5.7461023,34.70816,0.0,0.0
2023-01-25 09:00:00,,307.375,986.4241,4.5243187,41.063744,0.0,0.0
2023-01-25 10:00:00,,305.62054,987.1585,4.826972,46.512516,0.0,0.0
2023-01-25 11:00:00,,303.84357,987.6358,4.1784797,53.947113,0.0,0.0
2023-01-25 12:00:00,,302.5587,988.5139,5.2837024,62.0878,0.0,0.0
2023-01-25 13:00:00,,301.19275,989.5857,6.4690337,73.42827,0.0,0.0
2023-01-25 14:00:00,,300.65973,990.35736,5.2533526,77.97344,0.0,0.0
2023-01-25 15:00:00,,300.3172,990.0578,3.8663557,79.947,0.03309548,0.0
2023-01-25 16:00:00,,299.97406,989.7634,4.035881,81.0748,0.008493662,0.0
2023-01-25 17:00:00,,299.7514,989.502,3.893163,81.87028,0.010982156,0.0
2023-01-25 18:00:00,,299.59137,989.22174,3.9346662,82.53091,0.0028342002,0.0
2023-01-25 19:00:00,,299.7329,989.53784,4.1415377,79.376305,0.0014007092,0.0
2023-01-25 20:00:00,,299.50977,990.0676,3.8844535,80.74475,0.021651391,0.0
2023-01-25 21:00:00,,299.17508,990.5531,3.5831864,82.85825,0.04887581,0.0
2023-01-25 22:00:00,,299.04483,991.2661,3.6798115,84.29439,0.13941525,0.0
2023-01-25 23:00:00,,299.17654,992.02026,3.9760334,84.375885,0.3298968,0.0
2023-01-26 00:00:00,,299.4641,991.96234,4.2927713,82.96218,1.2171,0.0
2023-01-26 01:00:00,,299.9958,992.26483,4.393725,80.91266,0.0,0.0
2023-01-26 02:00:00,,300.46503,991.8271,4.5892167,79.06302,0.95005333,0.96999997
2023-01-26 03:00:00,,300.71008,991.1983,4.418584,78.3701,0.85015225,2.75
2023-01-26 04:00:00,,301.05023,990.2427,3.9795532,77.363846,0.71471184,3.8899999
2023-01-26 05:00:00,,301.99646,989.1514,3.5599656,74.06304,0.2571568,2.9899998
2023-01-26 06:00:00,,303.0615,988.34015,3.731321,69.152466,0.09512901,1.18
2023-01-26 07:00:00,,301.5126,988.84796,6.0081253,74.64836,5.4183927,3.5900002
2023-01-26 08:00:00,,301.39655,988.4433,3.813542,76.47494,2.4022758,8.059999
2023-01-26 09:00:00,,301.1067,988.992,2.6300185,80.49125,0.9355396,9.860001
2023-01-26 10:00:00,,300.97882,990.11017,2.7550473,82.03644,0.68201125,7.2699995
2023-01-26 11:00:00,,300.562,990.63904,2.580336,84.23376,1.7030835,10.44
2023-01-26 12:00:00,,300.08667,991.5673,2.2145905,86.80883,0.6028414,6.67
2023-01-26 13:00:00,,299.75922,991.6181,2.1799645,88.25202,0.7485757,4.2200003
2023-01-26 14:00:00,,299.45886,991.90155,2.5075617,89.763855,0.8447021,1.14
2023-01-26 15:00:00,,299.22083,991.64484,2.6529126,90.28086,0.6890744,0.0
2023-01-26 16:00:00,,298.96008,991.1101,2.716968,90.782074,0.67305565,0.0
2023-01-26 17:00:00,,298.67963,990.5083,2.6356144,91.85245,0.71360356,0.0
2023-01-26 18:00:00,,298.50864,990.28577,2.7146263,91.90369,0.9021703,3.04
2023-01-26 19:00:00,,298.1784,989.80225,2.4200706,91.65278,0.48279762,2.29
2023-01-26 20:00:00,,298.13428,990.13873,2.6998863,91.334656,0.3260374,0.42
2023-01-26 21:00:00,,298.08563,990.677,2.8770695,91.195564,0.18650852,0.0
2023-01-26 22:00:00,,298.15387,991.5307,2.7784326,90.92725,0.07785484,0.0
2023-01-26 23:00:00,,298.80234,992.1008,2.6093245,88.228325,0.0140387565,0.0
2023-01-27 00:00:00,,299.3797,992.2254,3.1038847,84.90545,21.053751,0.0
2023-01-27 01:00:00,,300.3722,991.9897,3.2622006,78.4245,0.0,0.0
2023-01-27 02:00:00,,301.40613,991.695,3.391659,73.33629,0.0,0.0
2023-01-27 03:00:00,,302.96252,990.9367,3.463985,66.602066,0.037495047,0.0
2023-01-27 04:00:00,,303.83777,990.22406,3.7429507,61.723274,0.022824854,0.0
2023-01-27 05:00:00,,304.3749,989.1417,3.5221434,60.887028,0.017479062,0.0
2023-01-27 06:00:00,,304.30823,988.1945,2.888123,60.912453,0.03362447,0.0
2023-01-27 07:00:00,,305.23575,986.67163,2.9656541,57.221573,0.0151619315,0.0
2023-01-27 08:00:00,,304.05048,987.1453,3.7656655,62.475906,0.1577735,0.0
2023-01-27 09:00:00,,301.17328,987.84564,3.765203,78.77733,0.68525225,0.38
2023-01-27 10:00:00,,300.53055,988.78766,2.4984913,83.25894,0.6618947,0.81999993
2023-01-27 11:00:00,,299.91507,989.54156,1.7701507,85.33788,0.8125827,0.0
2023-01-27 12:00:00,,299.59042,990.0656,1.2124572,86.69914,0.59111416,0.0
2023-01-27 13:00:00,,299.18323,990.51306,2.0072556,89.43837,0.40622056,0.0
2023-01-27 14:00:00,,298.4569,990.58826,1.8508456,90.77679,0.781551,0.16
2023-01-27 15:00:00,,298.2177,990.1629,1.2079821,91.5347,0.60273707,2.58
2023-01-27 16:00:00,,298.03436,989.4313,0.788005,92.22468,0.22992492,3.25
2023-01-27 17:00:00,,298.0206,988.86444,0.72647643,92.06751,0.19042194,0.97999996
2023-01-27 18:00:00,,298.161,988.5463,1.082818,90.71749,0.29976666,0.2
2023-01-27 19:00:00,,298.38974,988.2213,1.1331882,91.506676,0.1553176,0.79999995
2023-01-27 20:00:00,,298.2219,988.4864,0.9699284,92.75963,0.31590787,1.15
2023-01-27 21:00:00,,298.2791,989.3806,0.38368994,92.36597,0.34339726,0.77
2023-01-27 22:00:00,,298.3852,990.0745,0.052743923,91.550934,0.18198788,0.0
2023-01-27 23:00:00,,299.14136,990.42975,0.4170306,87.45813,0.028446317,0.0
2023-01-28 00:00:00,,300.25745,990.1692,1.923112,82.08441,6.653717,0.0
2023-01-28 01:00:00,,301.1535,990.0236,2.5998292,76.52535,0.0,0.0
2023-01-28 02:00:00,,302.21008,989.78546,3.1978679,71.59466,0.10328181,1.78
2023-01-28 03:00:00,,302.95715,989.32666,3.1430867,69.49966,0.047639012,0.32
2023-01-28 04:00:00,,303.5841,988.5454,3.1048071,68.62718,0.055864453,0.90999997
2023-01-28 05:00:00,,304.28546,987.6111,3.064462,67.62268,0.011377037,0.42
2023-01-28 06:00:00,,304.79175,986.6236,2.201653,64.03044,0.04041195,0.74
2023-01-28 07:00:00,,304.80545,985.45264,3.083065,64.96867,0.020655978,3.6399999
2023-01-28 08:00:00,,302.93762,986.2595,4.3179083,69.48709,3.7151632,4.04
2023-01-28 09:00:00,,301.55908,986.91034,2.8531625,76.19867,1.3153777,4.25
2023-01-28 10:00:00,,301.12402,987.78284,2.2437177,79.08842,0.06316323,5.2699995
2023-01-28 11:00:00,,300.4414,989.1028,1.8546256,85.23316,0.21954626,5.27
2023-01-28 12:00:00,,299.70132,989.54175,2.0469117,86.86264,1.610592,1.16
2023-01-28 13:00:00,,298.80115,990.3336,2.008345,90.60416,0.782439,0.0
2023-01-28 14:00:00,,298.08948,991.0519,1.5900095,93.178,1.285851,0.089999996
2023-01-28 15:00:00,,297.8468,991.0275,1.4356635,92.73263,2.1132827,0.0
2023-01-28 16:00:00,,297.72565,990.09467,0.9308074,92.80285,0.3412366,0.0
2023-01-28 17:00:00,,297.66376,989.3297,0.6367014,93.20868,0.06343424,0.44
2023-01-28 18:00:00,,297.59457,988.9217,0.7795247,93.898575,0.043198466,2.56
2023-01-28 19:00:00,,297.5724,989.5346,0.83597296,92.01439,0.46107173,5.71
2023-01-28 20:00:00,,297.509,989.6164,1.287726,93.102165,0.24072826,1.0699999
2023-01-28 21:00:00,,297.58246,990.1149,1.118701,93.264366,0.10186434,0.82
2023-01-28 22:00:00,,297.5946,990.7424,0.20590486,93.701096,0.021725893,1.6399999
2023-01-28 23:00:00,,298.38965,990.83545,1.1917645,89.097466,0.0,1.54
2023-01-29 00:00:00,53.79,299.5467,990.9531,1.5366962,83.2873,12.700036,0.32
2023-01-29 01:00:00,54.52,300.748,991.372,1.2821908,77.94845,0.0,0.06
2023-01-29 02:00:00,55.79,301.60712,991.56854,0.9809796,73.955284,0.13076887,0.0
2023-01-29 03:00:00,56.43,302.56754,991.0521,0.5119503,73.63356,0.03729388,0.0
2023-01-29 04:00:00,56.3,303.04077,990.6117,0.63614017,73.13551,0.058487058,0.0
2023-01-29 05:00:00,55.91,303.83057,989.88477,1.2130675,69.63853,0.047542155,0.0
2023-01-29 06:00:00,56.39,304.21735,988.6357,2.1893604,67.637726,0.036865473,0.0
2023-01-29 07:00:00,57.7,303.43646,987.78516,2.7027936,71.566734,6.0758514,0.0
2023-01-29 08:00:00,58.94,302.50714,987.4331,3.10913,74.86822,4.8357544,0.0
2023-01-29 09:00:00,60.06,302.20087,988.40295,1.4582382,76.708885,0.79232454,1.97
2023-01-29 10:00:00,60.78,301.97348,989.15924,1.063627,78.634224,0.1359163,4.0499997
2023-01-29 11:00:00,61.45,301.17136,990.20953,2.1081724,86.3539,0.08909404,6.34
2023-01-29 12:00:00,62.18,299.75256,991.53766,3.4704006,90.30157,5.001002,7.27
2023-01-29 13:00:00,61.25,298.96954,992.14404,3.2795198,91.74596,1.9983798,6.37
2023-01-29 14:00:00,59.05,298.75107,991.8607,1.8654878,92.948555,0.29073656,4.0499997
2023-01-29 15:00:00,58.48,298.56763,991.635,1.0855105,93.88853,0.9483397,0.62
2023-01-29 16:00:00,59.35,298.3629,990.5784,1.0538296,94.96361,0.2027303,0.0
2023-01-29 17:00:00,60.41,298.19153,989.70404,0.74915254,95.938965,0.0017285347,0.0
2023-01-29 18:00:00,61.59,298.12738,989.34705,0.4276558,96.0298,0.0,1.3399999
2023-01-29 19:00:00,62.81,298.47742,990.0711,1.1005307,96.454414,2.0963662,0.0
2023-01-29 20:00:00,63.26,298.46664,990.30115,0.6571044,96.565384,0.39592385,0.39
2023-01-29 21:00:00,62.55,298.47614,990.7522,0.48922113,96.8042,0.1924634,0.87
2023-01-29 22:00:00,61.08,298.57684,991.6025,0.68238413,96.31702,0.25844574,0.04
2023-01-29 23:00:00,60.27,299.03305,991.97205,1.2417152,92.03908,0.2949834,0.0
2023-01-30 00:00:00,62.13,299.62213,992.23315,1.1587206,87.41464,24.131958,0.0
2023-01-30 01:00:00,62.91,300.095,992.3961,1.2991484,86.48224,0.0,0.0
2023-01-30 02:00:00,63.44,300.8089,991.7813,1.3548249,84.82764,0.3831517,0.0
2023-01-30 03:00:00,63.49,301.50854,991.1272,1.5891392,83.01407,0.34546852,0.0
2023-01-30 04:00:00,63.26,302.0124,990.2748,1.6665868,77.113434,0.55098534,0.0
2023-01-30 05:00:00,62.75,302.1037,989.47217,1.6825551,77.137314,0.58941543,0.62
2023-01-30 06:00:00,61.95,302.23108,988.27264,1.8474387,76.82077,0.26050955,0.0
2023-01-30 07:00:00,61.47,302.74786,987.35486,0.6359972,70.96251,0.16192487,0.0
2023-01-30 08:00:00,62.03,303.443,987.58923,1.6943591,70.30988,0.036001205,3.53
2023-01-30 09:00:00,63.08,303.20953,988.0044,2.2046494,72.34153,0.006712973,4.8999996
2023-01-30 10:00:00,63.31,302.46317,988.99243,1.934505,78.47738,0.001065433,4.69
2023-01-30 11:00:00,62.44,301.65646,989.75903,1.814658,84.31787,0.0044703484,3.34
2023-01-30 12:00:00,61.38,301.0935,990.0885,1.6670669,88.43344,0.0021383166,0.76
2023-01-30 13:00:00,61.71,300.68323,990.1633,2.1203463,90.70572,0.0013411045,0.0
2023-01-30 14:00:00,63.04,300.14807,990.39374,1.6810052,92.28055,1.0691583,0.04
2023-01-30 15:00:00,64.54,299.13705,990.25464,0.898347,92.82234,3.2614617,3.8799999
2023-01-30 16:00:00,65.74,298.34143,989.5259,1.1316812,95.06905,2.9843454,4.91
2023-01-30 17:00:00,66.22,298.18738,989.0594,1.3533545,94.95529,0.88119507,4.8999996
2023-01-30 18:00:00,65.05,297.9525,988.762,1.6071669,95.43335,0.98477304,6.42
2023-01-30 19:00:00,65.11,298.0005,988.90466,1.9154712,92.49134,3.550127,7.2799997
2023-01-30 20:00:00,64.74,297.89368,988.8245,1.125418,92.89795,3.0268133,3.1799998
2023-01-30 21:00:00,64.38,297.91333,988.8113,0.601095,92.73279,2.0772667,1.81
2023-01-30 22:00:00,64.49,297.9641,989.34607,1.527385,93.386856,1.1774004,0.03
2023-01-30 23:00:00,64.58,298.1683,989.77124,1.4090021,92.493286,0.635555,0.78999996
2023-01-31 00:00:00,62.86,298.8335,990.23773,1.024586,88.06301,22.852163,2.28
2023-01-31 01:00:00,62.16,299.36804,990.1342,1.2604355,85.97716,0.0,3.31
2023-01-31 02:00:00,61.51,300.13086,989.6114,1.1777717,81.22437,0.19100122,1.0799999
2023-01-31 03:00:00,60.83,300.91684,988.8616,0.62243813,76.48594,0.2750121,0.19999999
2023-01-31 04:00:00,60.71,301.96188,988.0594,0.6211446,71.26628,0.23591146,0.0
2023-01-31 05:00:00,60.6,302.65372,987.1383,1.3098681,67.945305,0.14045835,0.0
2023-01-31 06:00:00,59.68,302.82846,986.2698,1.9666562,66.65284,0.10386109,0.0
2023-01-31 07:00:00,58.83,301.71466,986.16705,2.6318657,74.7498,0.34997612,0.0
2023-01-31 08:00:00,59.53,301.65466,985.97815,3.0247033,74.84075,0.22037327,0.04
2023-01-31 09:00:00,60.57,301.71014,986.1892,3.5312843,74.34991,0.049147055,0.0
2023-01-31 10:00:00,61.05,301.07977,987.0248,2.644668,78.50186,0.0017508864,0.0
2023-01-31 11:00:00,61.88,300.38242,988.2729,2.0312483,83.58263,0.0032037497,0.0
2023-01-31 12:00:00,62.05,300.02655,988.51843,1.5616347,86.601776,0.027135015,0.0
2023-01-31 13:00:00,62.0,299.75488,988.65063,1.5143536,88.48652,0.019583035,0.0
2023-01-31 14:00:00,61.84,299.54083,989.04987,1.7536516,89.475006,0.16678882,0.0
2023-01-31 15:00:00,62.14,299.26843,989.0193,1.9950068,90.35577,0.10926323,0.01
2023-01-31 16:00:00,62.02,299.04828,988.32025,2.0004086,90.776184,0.015604543,2.51
2023-01-31 17:00:00,61.2,298.7547,987.747,2.1798627,91.40659,0.02789544,3.0699997
2023-01-31 18:00:00,58.97,298.46268,987.47345,2.599455,91.113174,0.30533713,0.64
2023-01-31 19:00:00,56.86,298.6535,988.09796,2.182163,87.39988,1.8312396,0.0
2023-01-31 20:00:00,57.53,298.4615,988.19165,2.1707587,84.68793,1.510358,0.0
2023-01-31 21:00:00,58.97,298.19067,988.3011,2.365379,85.07077,0.50506276,0.0
2023-01-31 22:00:00,59.6,298.08014,989.10425,2.2078187,86.293564,0.43298304,0.0
2023-01-31 23:00:00,58.94,298.95212,989.8142,2.8676057,82.76058,0.20049512,0.0
2023-02-01 00:00:00,56.86,299.80865,990.0103,2.9935718,80.94567,7.0102243,0.0
2023-02-01 01:00:00,56.26,301.1425,989.6194,3.0487623,74.215836,0.0,0.0
2023-02-01 02:00:00,56.11,302.34995,989.08307,3.6048055,69.60303,0.047674403,0.0
2023-02-01 03:00:00,56.27,303.588,988.42236,4.3257895,67.58777,0.118944794,0.0
2023-02-01 04:00:00,55.47,304.4248,987.933,4.21467,66.15016,0.013850629,0.0
2023-02-01 05:00:00,53.58,305.15555,986.94196,4.01449,62.85495,0.023767352,0.0
2023-02-01 06:00:00,51.91,305.67117,986.0656,4.079225,60.686214,0.017367303,0.0
2023-02-01 07:00:00,51.21,305.01245,985.6378,4.129387,69.7734,0.18003134,0.0
2023-02-01 08:00:00,50.69,304.86432,985.53265,3.8909225,69.012245,0.14071912,0.0
2023-02-01 09:00:00,50.93,304.617,986.4542,2.7410705,66.9383,0.028908253,0.0
2023-02-01 10:00:00,50.44,303.9917,987.2056,1.4378841,71.09679,0.004529953,0.87
2023-02-01 11:00:00,49.21,302.73444,988.00055,1.42435,78.1942,0.11100771,0.29
2023-02-01 12:00:00,47.89,301.64734,988.9497,1.6076051,82.86258,0.11520827,0.0
2023-02-01 13:00:00,46.5,301.06366,989.54956,2.078545,84.62538,0.045210123,0.0
2023-02-01 14:00:00,45.5,300.42102,990.02014,2.0015697,88.11723,0.0,0.0
2023-02-01 15:00:00,44.22,299.87054,989.752,1.4555538,91.64555,0.0,0.0
2023-02-01 16:00:00,44.3,299.4215,989.2008,1.1812344,94.043564,0.0,0.0
2023-02-01 17:00:00,44.2,299.1814,989.1023,1.7287332,94.2993,0.0,0.0
2023-02-01 18:00:00,43.73,298.87622,989.0549,2.1109953,95.40359,0.0,0.0
2023-02-01 19:00:00,44.21,298.7691,988.1314,2.1569123,92.616165,0.0,0.0
2023-02-01 20:00:00,45.29,298.45825,988.7042,2.6883779,93.87536,0.0,0.0
2023-02-01 21:00:00,46.56,298.2052,989.2659,2.3852475,94.89415,0.0,0.0
2023-02-01 22:00:00,46.63,298.19147,990.1177,1.5698358,95.633736,0.0,0.0
2023-02-01 23:00:00,45.92,299.46942,990.5493,1.7478724,90.52148,0.0,0.0
2023-02-02 00:00:00,44.4,300.84467,990.68414,1.9186746,84.78959,0.84746766,0.0
2023-02-02 01:00:00,45.6,302.24445,990.61383,1.8623261,79.08991,0.0,0.0
2023-02-02 02:00:00,46.1,303.26172,990.0271,1.6563797,77.989296,0.041671097,0.0
2023-02-02 03:00:00,46.69,304.45123,989.42444,1.7093792,70.28624,0.034295022,0.0
2023-02-02 04:00:00,47.52,305.17343,989.0811,1.7515956,63.820618,0.06313622,1.38
2023-02-02 05:00:00,48.5,305.74164,988.5211,1.7852463,59.943764,0.10180101,9.369999
2023-02-02 06:00:00,47.79,305.84857,987.85315,2.1290317,59.555626,0.055871904,4.66
2023-02-02 07:00:00,44.86,306.2138,987.0472,2.3558538,57.680626,0.0,0.32
2023-02-02 08:00:00,43.76,305.99762,986.55774,2.6309018,57.109474,0.0011622906,0.0
2023-02-02 09:00:00,43.23,304.82202,987.1344,2.8607643,60.189186,0.1211196,0.0
2023-02-02 10:00:00,42.86,303.90805,987.45044,1.6717824,66.57815,0.0,0.0
2023-02-02 11:00:00,41.81,302.62518,988.3206,0.85531443,78.32335,0.0,0.0
2023-02-02 12:00:00,41.0,302.0616,988.5189,1.1381662,80.6002,0.0,0.0
2023-02-02 13:00:00,40.51,301.4171,989.15344,1.3197645,82.96447,0.0,0.0
2023-02-02 14:00:00,40.28,300.71045,989.57983,1.6964269,84.60967,0.0,0.0
2023-02-02 15:00:00,40.28,300.05963,989.18823,1.8529326,86.25561,0.0,0.0
2023-02-02 16:00:00,39.79,299.46524,988.65234,1.7652476,88.23469,0.0,0.0
2023-02-02 17:00:00,38.5,298.8111,987.72186,1.4409419,90.23015,0.0,0.0
2023-02-02 18:00:00,37.33,298.39227,987.206,2.0460622,91.27185,0.0,0.0
2023-02-02 19:00:00,37.23,298.80048,987.6433,3.2256093,92.23707,0.0,0.0
2023-02-02 20:00:00,37.65,298.6569,988.10834,2.934322,93.47451,0.0,0.0
2023-02-02 21:00:00,38.41,298.45795,988.3095,2.535771,94.168846,0.0,0.0
2023-02-02 22:00:00,39.3,298.47232,989.0486,2.453658,94.50225,0.0,0.0
2023-02-02 23:00:00,39.42,299.68246,989.6767,3.351007,89.65038,0.0,0.0
2023-02-03 00:00:00,37.81,301.13068,989.673,3.767919,82.6054,0.447613,0.0
2023-02-03 01:00:00,37.82,302.55518,989.5172,3.8731477,75.57775,0.0,0.0
2023-02-03 02:00:00,37.39,303.94836,989.2771,4.0740757,68.03253,0.014964491,0.0
2023-02-03 03:00:00,37.2,305.0886,988.5186,4.150086,61.419212,0.0022649765,0.0
2023-02-03 04:00:00,37.48,305.9788,987.8781,4.2301393,56.20449,0.0,0.0
2023-02-03 05:00:00,37.83,306.61377,986.965,4.240355,51.503605,0.0,0.0
2023-02-03 06:00:00,37.42,306.8941,986.3989,4.3081775,47.59795,0.0,0.0
2023-02-03 07:00:00,37.54,307.34326,985.76,4.0851007,42.116413,0.0,0.0
2023-02-03 08:00:00,38.13,306.87228,985.4425,4.185604,39.955402,0.03054738,0.0
2023-02-03 09:00:00,37.01,305.7962,985.7659,2.91668,48.680485,0.0,0.0
2023-02-03 10:00:00,34.87,304.10114,986.70593,2.72665,58.83151,0.0,0.0
2023-02-03 11:00:00,32.42,302.16278,987.4305,2.981274,65.67151,0.0,0.0
2023-02-03 12:00:00,31.09,300.75198,987.73706,3.3222198,68.14704,0.0,0.0
2023-02-03 13:00:00,30.39,299.57513,988.30664,3.4394836,69.066,0.0,0.0
2023-02-03 14:00:00,29.52,298.63312,988.53455,3.52804,69.77003,0.0,0.0
2023-02-03 15:00:00,29.83,297.68668,988.5803,3.0508585,71.95311,0.0,0.0
2023-02-03 16:00:00,30.64,296.7738,988.43115,2.5926425,75.36478,0.0,0.0
2023-02-03 17:00:00,28.1,296.091,987.9405,2.5511227,77.3033,0.0,0.0
2023-02-03 18:00:00,25.1,295.53308,987.71686,2.7394829,78.350006,0.0,0.0
2023-02-03 19:00:00,23.47,296.09485,987.9406,1.2103242,81.55396,0.0,0.0
2023-02-03 20:00:00,23.25,296.0653,988.29706,1.0495651,83.31421,0.0,0.0
2023-02-03 21:00:00,22.51,295.30664,988.6055,1.2496247,87.68858,0.0,0.0
2023-02-03 22:00:00,21.42,294.6938,989.1836,1.613739,91.464355,0.0,0.0
2023-02-03 23:00:00,21.3,297.39194,989.89545,1.4519655,79.08758,0.0,0.0
2023-02-04 00:00:00,20.15,299.63556,989.9545,1.4197365,68.290955,0.047773123,0.0
2023-02-04 01:00:00,19.42,301.72095,990.18256,1.2389843,57.52098,0.0,0.0
2023-02-04 02:00:00,19.42,303.30798,989.7595,1.4948822,48.882954,0.0,0.0
2023-02-04 03:00:00,19.35,304.46857,989.07477,1.9049076,44.614994,0.0,0.0
2023-02-04 04:00:00,19.04,305.37445,988.2933,2.1070495,40.43502,0.0,0.0
2023-02-04 05:00:00,18.63,305.95035,987.4893,1.8357627,36.364136,0.0,0.0
2023-02-04 06:00:00,17.41,306.3316,987.16815,1.447348,33.60936,0.0,0.0
2023-02-04 07:00:00,17.5,307.17975,986.10657,2.3611116,28.7671,0.0,0.0
2023-02-04 08:00:00,17.08,306.9635,985.9817,2.8349419,28.953747,0.0,0.0
2023-02-04 09:00:00,17.29,306.01382,986.08655,2.4810958,36.637974,0.0,0.0
2023-02-04 10:00:00,17.85,304.052,986.95087,2.7398198,49.458797,0.0,0.0
2023-02-04 11:00:00,18.62,301.52722,987.6308,3.1107786,58.710205,0.0,0.0
2023-02-04 12:00:00,19.52,299.83936,988.2336,3.109817,64.17374,0.0,0.0
2023-02-04 13:00:00,20.75,298.76514,988.7436,3.008131,67.56889,0.0,0.0
2023-02-04 14:00:00,21.99,298.02435,989.1248,2.9190004,70.183334,0.0,0.0
2023-02-04 15:00:00,24.07,297.47833,989.0705,2.7193081,73.1553,0.0,0.0
2023-02-04 16:00:00,26.95,297.4348,988.81525,2.5220313,75.56365,0.0,0.0
2023-02-04 17:00:00,30.11,297.5849,988.3672,2.8877966,75.46415,0.0,0.0
2023-02-04 18:00:00,32.84,297.6978,988.32623,3.7167165,74.25957,0.0,0.0
2023-02-04 19:00:00,34.29,297.43298,987.91595,4.2957544,73.947464,0.0,0.0
2023-02-04 20:00:00,35.92,297.98022,988.1716,5.1491356,72.7457,0.0,0.0
2023-02-04 21:00:00,37.25,298.01886,988.8804,4.9148593,77.56252,0.0,0.0
2023-02-04 22:00:00,37.95,298.02048,989.4458,4.643861,82.32091,0.0,0.0
2023-02-04 23:00:00,38.44,298.94995,990.1248,4.3883142,81.70522,0.0,0.0
2023-02-05 00:00:00,37.77,300.90424,990.4874,5.911438,73.66999,0.0,0.0
2023-02-05 01:00:00,38.14,302.5591,990.4256,6.251071,66.594635,0.0,0.0
2023-02-05 02:00:00,37.88,304.09393,990.1234,6.377512,58.631092,0.0,0.0
2023-02-05 03:00:00,37.27,305.14056,989.47955,6.241393,52.632362,0.003863126,0.0
2023-02-05 04:00:00,36.73,305.25177,989.08844,5.9839478,50.09189,0.0,0.0
2023-02-05 05:00:00,37.33,305.5197,988.5175,5.851288,48.493134,0.0050365925,0.0
2023-02-05 06:00:00,37.51,305.4129,988.29,5.6028004,48.554195,0.009272248,0.0
2023-02-05 07:00:00,37.14,305.78662,987.97485,4.622704,49.01774,0.016584992,0.0
2023-02-05 08:00:00,37.61,305.5157,987.80444,4.452965,49.032875,0.065766275,0.0
2023-02-05 09:00:00,37.28,303.49176,988.5058,4.1342125,56.979496,0.23123918,0.0
2023-02-05 10:00:00,37.35,302.3282,989.1011,3.385194,61.782967,0.004261732,0.0
2023-02-05 11:00:00,38.22,301.29654,989.75446,2.689862,66.53882,0.0,0.0
2023-02-05 12:00:00,39.23,300.63596,990.3644,2.4616926,70.38649,0.0,0.0
2023-02-05 13:00:00,40.25,300.05383,990.6358,2.6248367,72.13851,0.0,0.0
2023-02-05 14:00:00,40.78,299.4132,991.1715,2.6666028,75.10787,0.0,0.0
2023-02-05 15:00:00,41.36,298.9086,991.09985,2.8692791,77.03963,0.0,0.0
2023-02-05 16:00:00,41.86,298.51492,991.0449,3.0398493,78.44998,0.0,0.0
2023-02-05 17:00:00,41.64,298.2309,990.89185,3.0306485,79.34927,0.0,0.0
2023-02-05 18:00:00,41.93,297.85406,990.5037,2.8506181,80.508896,0.0,0.0
2023-02-05 19:00:00,41.34,297.2063,990.4425,1.8393426,84.083595,0.0,0.0
2023-02-05 20:00:00,40.18,296.70203,990.66205,1.9632225,85.44789,0.0,0.0
2023-02-05 21:00:00,39.01,296.1752,991.089,2.196901,86.87051,0.0,0.0
2023-02-05 22:00:00,38.85,295.8581,991.73126,2.174956,87.612625,0.0,0.0
2023-02-05 23:00:00,38.29,297.8456,992.08655,2.1788926,78.81245,0.0,0.0
2023-02-06 00:00:00,35.78,300.37427,992.3656,2.400461,65.37978,0.33737847,0.0
2023-02-06 01:00:00,35.47,302.34015,992.20483,2.630676,55.638332,0.0,0.0
2023-02-06 02:00:00,34.65,303.97028,992.0586,2.9781835,47.02627,0.0,0.0
2023-02-06 03:00:00,34.93,305.21362,991.2647,3.2846577,39.905243,0.0,0.0
2023-02-06 04:00:00,35.64,306.06854,990.48987,3.2941442,35.0772,0.0,0.0
2023-02-06 05:00:00,34.95,306.63153,989.8091,3.1763053,32.09571,0.0,0.0
2023-02-06 06:00:00,32.74,306.96204,989.33673,2.9983196,30.484045,0.0,0.0
2023-02-06 07:00:00,29.97,307.2174,988.66406,3.1338923,29.011303,0.0,0.0
2023-02-06 08:00:00,28.88,307.10022,988.51624,3.0188336,28.61984,0.0,0.0
2023-02-06 09:00:00,27.92,306.37946,988.59,2.1900349,33.312443,0.0,0.0
2023-02-06 10:00:00,27.21,304.69452,989.2673,1.8506736,45.428734,0.0,0.0
2023-02-06 11:00:00,27.27,302.21356,989.8141,2.3277254,58.91832,0.0,0.0
2023-02-06 12:00:00,27.19,300.5351,990.3273,2.6884692,63.3964,0.0,0.0
2023-02-06 13:00:00,27.75,299.10605,990.6855,2.8310843,67.89979,0.0,0.0
2023-02-06 14:00:00,28.02,298.15936,991.0668,2.920893,69.51865,0.0,0.0
2023-02-06 15:00:00,28.6,297.49036,990.90454,3.0024,69.27853,0.0,0.0
2023-02-06 16:00:00,28.7,296.8631,990.5625,3.031982,68.83421,0.0,0.0
2023-02-06 17:00:00,28.91,296.3206,990.0926,3.0409503,68.86257,0.0,0.0
2023-02-06 18:00:00,28.83,295.88052,989.7366,3.0751631,69.643776,0.0,0.0
2023-02-06 19:00:00,28.92,295.8877,989.8695,3.7275069,66.22565,0.0,0.0
2023-02-06 20:00:00,29.24,295.59592,989.77545,3.6034346,67.50906,0.0,0.0
2023-02-06 21:00:00,29.49,295.227,990.1861,3.29907,69.78543,0.0,0.0
2023-02-06 22:00:00,30.58,295.0433,990.5881,2.8681095,72.80667,0.0,0.0
2023-02-06 23:00:00,31.84,297.49408,991.3217,2.3569508,67.159134,0.0,0.0
2023-02-07 00:00:00,30.66,300.6422,991.5662,2.3475513,55.23152,0.0,0.0
2023-02-07 01:00:00,31.77,303.07343,991.52075,2.4540904,47.616837,0.0,0.0
2023-02-07 02:00:00,31.65,304.88297,990.9927,2.3184314,42.02274,0.0,0.0
2023-02-07 03:00:00,30.92,306.1381,990.4444,1.7880456,37.244736,0.0,0.0
2023-02-07 04:00:00,30.8,306.9506,989.6252,1.1416308,33.641293,0.0,0.0
2023-02-07 05:00:00,31.1,307.4948,989.1086,0.64561135,31.69668,0.0,0.0
2023-02-07 06:00:00,31.74,307.84277,988.48444,0.2727084,30.592806,0.0,0.0
2023-02-07 07:00:00,31.52,308.69983,987.6308,0.2213631,28.800026,0.0,0.0
2023-02-07 08:00:00,30.78,308.68082,987.27576,0.9548256,28.82024,0.0,0.0
2023-02-07 09:00:00,30.02,308.0861,987.361,2.287175,32.57595,0.0,0.0
2023-02-07 10:00:00,29.95,305.6265,988.0416,3.311009,45.73165,0.0,0.0
2023-02-07 11:00:00,29.9,303.18427,988.28033,3.8593345,53.611256,0.0,0.0
2023-02-07 12:00:00,29.81,301.67984,988.87396,3.7157829,58.30411,0.0,0.0
2023-02-07 13:00:00,30.1,300.44864,989.3402,3.076296,63.75334,0.0,0.0
2023-02-07 14:00:00,30.38,299.19464,989.8111,2.3294985,71.62059,0.0,0.0
2023-02-07 15:00:00,30.91,298.6954,989.9553,2.967431,73.03272,0.0,0.0
2023-02-07 16:00:00,32.01,298.3375,989.8681,4.271727,78.22782,0.0,0.0
2023-02-07 17:00:00,32.24,298.11456,989.613,4.309202,86.67685,0.0,0.0
2023-02-07 18:00:00,32.61,297.90704,989.2393,3.8856626,90.33302,0.0,0.0
2023-02-07 19:00:00,33.35,297.63388,989.58813,3.1007123,91.35228,0.0,0.0
2023-02-07 20:00:00,34.65,297.34277,989.50354,2.9127662,93.13821,0.0,0.0
2023-02-07 21:00:00,36.15,297.14587,989.96344,2.807425,94.572105,0.0,0.0
2023-02-07 22:00:00,36.72,297.2126,990.3029,2.5992029,95.31548,0.0,0.0
2023-02-07 23:00:00,37.55,298.9181,990.76874,3.5143695,89.53526,0.0,0.0
2023-02-08 00:00:00,37.07,300.74393,991.0231,4.254603,81.207535,0.0017106533,0.0
2023-02-08 01:00:00,37.65,302.55206,990.96606,4.7264543,72.40147,0.0,0.0
2023-02-08 02:00:00,37.44,304.1491,990.7664,5.159693,64.73812,0.0,0.0
2023-02-08 03:00:00,37.32,305.45618,990.0731,5.249758,58.273632,0.0,0.0
2023-02-08 04:00:00,37.17,306.47754,989.1958,5.2310576,53.447006,0.0,0.0
2023-02-08 05:00:00,36.72,307.11325,988.2272,4.9575267,50.067924,0.0,0.0
2023-02-08 06:00:00,36.39,307.38278,987.6359,4.044018,47.441216,0.0032037497,0.0
2023-02-08 07:00:00,34.75,308.22702,987.3254,2.9573414,40.147068,0.0,0.0
2023-02-08 08:00:00,34.18,308.1214,986.8733,2.7199607,39.03712,0.0,0.0
2023-02-08 09:00:00,33.83,307.83673,986.6919,2.666856,40.148056,0.0,0.0
2023-02-08 10:00:00,33.86,306.05414,987.1485,2.6135876,50.654,0.0,0.0
2023-02-08 11:00:00,34.21,304.0364,987.73987,3.3117633,59.288555,0.0,0.0
2023-02-08 12:00:00,33.78,302.89496,988.3127,3.8150666,62.888355,0.0,0.0
2023-02-08 13:00:00,33.13,302.01288,988.8131,4.282156,64.723015,0.0,0.0
2023-02-08 14:00:00,33.35,301.36026,989.04333,5.209374,66.86982,0.0,0.0
2023-02-08 15:00:00,35.62,300.48108,989.07806,6.487509,76.17913,0.0,0.0
2023-02-08 16:00:00,37.72,299.88153,988.8861,6.764591,83.76016,0.0,0.0
2023-02-08 17:00:00,37.5,299.57745,988.27435,6.4824905,85.55935,0.0,0.0
2023-02-08 18:00:00,36.72,299.2978,987.87994,5.8201704,86.78119,0.0,0.0
2023-02-08 19:00:00,37.69,299.00928,987.8575,4.940848,89.345535,0.0,0.0
2023-02-08 20:00:00,38.54,298.74628,988.4412,4.6165643,90.285126,0.0,0.0
2023-02-08 21:00:00,38.29,298.44125,988.77734,4.1824756,91.28652,0.0,0.0
2023-02-08 22:00:00,37.83,298.36914,989.21326,3.4768417,91.51163,0.0,0.0
2023-02-08 23:00:00,38.8,299.71643,989.9372,3.633101,85.283035,0.0,0.0
2023-02-09 00:00:00,40.96,301.4405,989.8309,3.9046102,76.411644,0.0045090914,0.0
2023-02-09 01:00:00,41.96,303.26877,989.82654,3.786151,67.80968,0.0,0.0
2023-02-09 02:00:00,42.72,304.9013,989.4339,3.519017,61.09407,0.0,0.0
2023-02-09 03:00:00,42.4,306.32,988.78125,3.476592,55.59758,0.0,0.0
2023-02-09 04:00:00,42.08,307.48926,987.7299,3.9493613,51.007824,0.0,0.0
2023-02-09 05:00:00,41.9,308.54095,986.66174,4.3471947,46.634083,0.0,0.0
2023-02-09 06:00:00,41.46,309.19537,985.55975,4.2956295,43.160576,0.0,0.0
2023-02-09 07:00:00,40.07,309.8109,984.8772,4.174911,39.180244,0.0,0.0
2023-02-09 08:00:00,40.23,309.99377,984.3127,3.8975203,37.1837,0.0,0.0
2023-02-09 09:00:00,40.01,309.80054,984.2919,2.9850118,36.157177,0.0,0.0
2023-02-09 10:00:00,39.2,308.0376,985.0544,1.5854086,45.54429,0.0,0.0
2023-02-09 11:00:00,40.01,306.16882,985.6172,1.0981587,56.122635,0.0,0.0
2023-02-09 12:00:00,41.16,304.6137,986.29065,2.4941635,61.895416,0.0,0.0
2023-02-09 13:00:00,43.35,303.40942,986.6238,3.3082976,66.674774,0.0,0.0
2023-02-09 14:00:00,45.63,303.01123,986.7711,4.3195825,67.2664,0.0,0.0
2023-02-09 15:00:00,47.39,302.35526,986.5636,5.5839725,71.01804,0.0,0.0
2023-02-09 16:00:00,48.27,301.61902,986.2502,5.7658296,76.932785,0.0,0.0
2023-02-09 17:00:00,47.5,301.0034,985.96344,5.203401,80.86771,0.0,0.0
2023-02-09 18:00:00,47.47,300.50964,985.89624,4.6469727,83.41559,0.0,0.0
2023-02-09 19:00:00,46.32,300.0019,986.8937,5.290719,85.23358,0.0,0.0
2023-02-09 20:00:00,44.52,299.70905,987.4439,4.7350483,86.343475,0.0,0.0
2023-02-09 21:00:00,43.85,299.29248,987.91986,3.9519744,87.973,0.0,0.0
2023-02-09 22:00:00,43.19,299.12518,988.7438,3.2483504,88.90856,0.0,0.0
2023-02-09 23:00:00,41.8,300.28613,989.3261,3.981042,83.23807,0.0,0.0
2023-02-10 00:00:00,39.54,301.8277,989.4378,4.7910085,75.9811,0.0021904707,0.0
2023-02-10 01:00:00,40.57,303.5304,989.5011,4.61782,68.34122,0.0,0.0
2023-02-10 02:00:00,40.25,305.18134,989.3777,4.3799043,61.65245,0.0,0.0
2023-02-10 03:00:00,40.59,306.7038,988.5105,4.245849,55.524193,0.0036731362,0.0
2023-02-10 04:00:00,40.92,307.98584,987.63513,3.888652,49.756416,0.036478043,0.0
2023-02-10 05:00:00,40.44,308.94696,986.5559,3.6260242,44.557327,0.04529953,0.0
2023-02-10 06:00:00,40.47,309.81665,985.3939,3.5350356,39.331055,0.014491379,0.0
2023-02-10 07:00:00,40.09,310.38516,984.27374,3.8468606,35.11058,0.0,1.04
2023-02-10 08:00:00,39.55,310.52173,983.8731,4.0070677,33.161602,0.0017240673,0.59
2023-02-10 09:00:00,38.43,309.55817,984.0728,4.2261953,34.436382,0.004865229,0.0
2023-02-10 10:00:00,37.25,308.21075,984.47186,2.4314582,40.45325,0.0,0.0
2023-02-10 11:00:00,36.86,306.63678,985.00275,1.2456627,50.91108,0.12603402,0.0
2023-02-10 12:00:00,37.59,305.26157,985.56805,2.3178694,54.25111,0.0,0.0
2023-02-10 13:00:00,39.65,303.6327,986.3261,2.6723106,62.35159,0.0,0.0
2023-02-10 14:00:00,41.42,302.78757,986.9254,3.4203465,63.878452,0.0,0.0
2023-02-10 15:00:00,42.33,301.79416,987.1984,5.0646,65.49394,0.0,0.0
2023-02-10 16:00:00,43.49,300.3531,986.98474,6.053236,75.45608,0.0,0.0
2023-02-10 17:00:00,41.71,299.7612,986.8272,5.1947427,81.53772,0.0,0.0
2023-02-10 18:00:00,39.31,299.66638,986.5122,5.0499034,83.68501,0.0,0.0
2023-02-10 19:00:00,38.1,299.2346,986.5536,4.559256,85.21172,0.0,0.0
2023-02-10 20:00:00,38.71,298.96368,986.64923,4.0880594,87.271706,0.0,0.0
2023-02-10 21:00:00,38.08,298.6675,987.53046,3.5618443,89.27938,0.0,0.0
2023-02-10 22:00:00,37.47,298.61035,988.3967,2.9627872,90.24605,0.0,0.0
2023-02-10 23:00:00,38.05,300.09564,989.3008,3.5404406,83.528625,0.0,0.0
2023-02-11 00:00:00,40.96,301.86288,989.72455,4.1815057,74.943985,0.23347437,0.0
2023-02-11 01:00:00,41.17,303.7093,989.7495,4.1010256,66.70078,0.0,0.0
2023-02-11 02:00:00,40.86,305.52487,989.4483,4.011091,58.878944,0.0,0.0
2023-02-11 03:00:00,40.01,307.3371,988.4163,4.0550685,50.791126,0.0,0.0
2023-02-11 04:00:00,39.07,309.11227,987.8823,4.089873,41.990463,0.0023543835,0.0
2023-02-11 05:00:00,39.35,310.23468,987.1986,4.0353646,34.976383,0.0044703484,0.0
2023-02-11 06:00:00,39.69,310.4972,986.3702,3.7745237,31.991745,0.0,0.0
2023-02-11 07:00:00,41.78,310.40857,985.94415,4.260577,28.391117,0.0,0.45999998
2023-02-11 08:00:00,43.54,310.24136,985.47156,4.2236323,26.923006,0.0,1.3299999
2023-02-11 09:00:00,44.15,309.8379,985.6448,3.2716634,26.67924,0.0,1.15
2023-02-11 10:00:00,44.34,308.54602,986.08734,1.436957,33.079926,0.0,0.0
2023-02-11 11:00:00,44.98,307.59766,986.5214,0.4884333,36.18001,0.0,0.0
2023-02-11 12:00:00,45.0,306.53485,987.14874,0.63323355,44.0839,0.0,0.0
2023-02-11 13:00:00,44.26,304.7391,987.6244,1.6679701,51.43842,0.0,0.0
2023-02-11 14:00:00,43.38,303.44904,988.048,2.2717886,55.559093,0.0,0.0
2023-02-11 15:00:00,42.43,302.2564,987.8566,2.5726748,59.733654,0.0,0.0
2023-02-11 16:00:00,41.66,301.26666,987.53674,2.675943,62.79724,0.0,0.0
2023-02-11 17:00:00,42.65,301.04486,987.14624,3.337795,61.36355,0.0,0.0
2023-02-11 18:00:00,43.61,300.50952,986.7609,4.155621,67.88499,0.0,0.0
2023-02-11 19:00:00,45.68,299.44135,986.6527,3.1948578,71.05335,0.0,0.0
2023-02-11 20:00:00,47.39,298.92334,987.2363,3.1967895,78.89914,0.0,0.0
2023-02-11 21:00:00,49.15,298.5852,987.9721,2.6792862,85.21558,0.0,0.0
2023-02-11 22:00:00,51.11,298.66064,988.7025,2.3798664,88.17779,0.0,0.0
2023-02-11 23:00:00,52.54,299.82346,989.5211,2.248841,84.151115,0.0,0.0
2023-02-12 00:00:00,53.7,300.70532,989.94086,1.5995468,78.48868,0.0076796077,0.0
2023-02-12 01:00:00,53.82,301.8034,990.0011,0.9937582,71.1219,0.0,0.0
2023-02-12 02:00:00,53.26,302.9056,989.5768,0.69390535,64.079056,0.0,0.0
2023-02-12 03:00:00,52.19,304.3353,988.8848,0.88177955,56.322445,0.0,0.0
2023-02-12 04:00:00,51.53,306.1091,988.0553,1.1866598,47.398388,0.0,0.0
2023-02-12 05:00:00,50.77,307.52194,986.90985,1.3629272,40.131542,0.0,0.0
2023-02-12 06:00:00,50.69,308.99213,985.9907,1.8449998,34.420258,0.0,0.0
2023-02-12 07:00:00,51.89,308.8283,985.75806,1.3981162,34.059402,0.0,0.0
2023-02-12 08:00:00,52.13,309.21988,985.4869,1.996325,32.63299,0.0,0.0
2023-02-12 09:00:00,50.63,309.13806,985.3934,2.685772,32.511612,0.0,0.0
2023-02-12 10:00:00,49.2,307.73566,986.0161,3.3006828,38.369484,0.0,0.0
2023-02-12 11:00:00,48.43,305.93945,986.5389,3.6327977,43.74024,0.0,0.0
2023-02-12 12:00:00,47.51,304.7392,987.26,3.2827,47.301563,0.0,0.0
2023-02-12 13:00:00,45.98,303.7948,987.5134,2.7389507,51.325333,0.0,0.0
2023-02-12 14:00:00,46.02,303.10275,987.82404,2.207483,56.16419,0.0,0.0
2023-02-12 15:00:00,47.55,302.21094,987.5842,1.8967621,62.10364,0.0,0.0
2023-02-12 16:00:00,49.41,301.59155,987.0834,1.7237494,66.53994,0.0,0.0
2023-02-12 17:00:00,48.42,300.95035,986.65717,1.2889563,72.95742,0.0,0.0
2023-02-12 18:00:00,46.09,301.06476,986.3007,0.14186148,68.562904,0.0,0.0
2023-02-12 19:00:00,43.12,300.16556,987.0759,0.5738843,70.53437,0.0,0.0
2023-02-12 20:00:00,42.84,299.38568,987.78455,1.0486459,72.08726,0.0,0.0
2023-02-12 21:00:00,42.52,298.50708,988.40155,1.3397181,77.00435,0.0,0.0
2023-02-12 22:00:00,40.06,298.20483,989.0797,1.2041322,79.70621,0.0,0.0
2023-02-12 23:00:00,36.5,300.33618,989.41064,0.8270798,68.49368,0.0,0.0
2023-02-13 00:00:00,33.77,302.6078,989.6197,0.9640888,59.068417,0.0,0.0
2023-02-13 01:00:00,34.25,304.75345,989.5225,1.6335025,51.206684,0.0,0.0
2023-02-13 02:00:00,34.83,306.82773,989.16016,3.1991286,42.875923,0.0,0.0
2023-02-13 03:00:00,34.94,308.9329,988.3275,4.9147024,33.43815,0.0,0.0
2023-02-13 04:00:00,33.63,310.87558,987.26385,6.782496,25.375616,0.0,0.0
2023-02-13 05:00:00,31.29,312.1346,986.0747,7.773988,21.006756,0.0,0.0
2023-02-13 06:00:00,29.59,312.9306,985.22327,8.154052,18.196066,0.0,0.0
2023-02-13 07:00:00,28.74,313.30652,984.63116,8.998735,16.547361,0.0,0.0
2023-02-13 08:00:00,29.47,313.09625,984.3956,8.5981,16.182814,0.0,0.0
2023-02-13 09:00:00,31.12,312.47278,984.7656,7.3752365,16.619217,0.0,0.0
2023-02-13 10:00:00,32.6,310.56366,985.41125,5.251743,19.938501,0.0,0.0
2023-02-13 11:00:00,33.48,308.55746,986.2964,4.089864,24.080631,0.0,0.0
2023-02-13 12:00:00,33.73,306.86493,986.9203,3.4724457,28.05289,0.0,0.0
2023-02-13 13:00:00,34.6,305.56387,987.0759,3.3752503,31.127974,0.0,0.0
2023-02-13 14:00:00,35.06,304.07877,987.8459,3.729363,34.444004,0.0,0.0
2023-02-13 15:00:00,35.58,302.2528,988.0986,5.3187747,51.064163,0.0,0.0
2023-02-13 16:00:00,35.19,300.57465,988.046,4.606666,76.335815,0.0,0.0
2023-02-13 17:00:00,34.2,299.90387,987.8522,3.5562263,85.087906,0.0,0.0
2023-02-13 18:00:00,34.75,299.47888,987.6708,3.267006,88.744545,0.0,0.0
2023-02-13 19:00:00,36.29,298.87646,987.20264,3.068249,84.39567,0.0,0.0
2023-02-13 20:00:00,38.08,298.5112,987.51666,2.212267,90.03554,0.0,0.0
2023-02-13 21:00:00,38.83,298.3437,988.0019,1.9221829,92.732315,0.0,0.0
2023-02-13 22:00:00,38.8,298.31726,988.42804,2.0759163,93.94629,0.0,0.0
2023-02-13 23:00:00,40.12,299.75995,989.1039,2.6918993,86.81969,0.0,0.0
2023-02-14 00:00:00,39.37,301.91672,989.44507,3.0552573,75.092384,0.0,0.0
2023-02-14 01:00:00,39.08,304.35583,989.27466,3.0113602,62.200665,0.0,0.0
2023-02-14 02:00:00,38.59,306.6004,989.16486,2.8506103,49.725227,0.0,0.0
2023-02-14 03:00:00,38.01,308.26184,988.2656,2.1828208,40.465878,0.0,0.0
2023-02-14 04:00:00,38.07,308.8877,987.53125,0.44582045,34.802643,0.0,0.0
2023-02-14 05:00:00,38.05,309.4389,986.46875,0.36813864,32.303352,0.0,0.0
2023-02-14 06:00:00,38.68,310.00775,985.64185,0.8386722,30.242256,0.0,0.0
2023-02-14 07:00:00,39.92,311.6606,985.0461,2.7062423,24.502975,0.0,0.0
2023-02-14 08:00:00,40.17,311.80698,984.4984,3.1277075,23.030752,0.0,0.0
2023-02-14 09:00:00,39.89,311.97458,984.5786,3.1332219,21.575338,0.0,0.0
2023-02-14 10:00:00,39.63,311.17108,985.17487,2.4263952,23.106884,0.0,0.0
2023-02-14 11:00:00,38.82,309.5171,985.9861,2.4032345,27.960148,0.0,0.0
2023-02-14 12:00:00,37.31,307.86215,986.34625,2.7101815,32.60443,0.0,0.0
2023-02-14 13:00:00,35.67,306.50116,986.7312,2.8066795,36.70125,0.0,0.0
2023-02-14 14:00:00,34.68,305.39117,986.8575,2.797848,40.35328,0.0,0.0
2023-02-14 15:00:00,35.25,304.30084,986.6211,2.061653,45.13462,0.0,0.0
2023-02-14 16:00:00,35.21,303.15015,986.6164,2.155598,49.31484,0.0,0.0
2023-02-14 17:00:00,34.92,302.09055,986.81177,4.5857363,55.71764,0.0,0.0
2023-02-14 18:00:00,36.35,301.34955,986.5987,5.024383,68.8959,0.0,0.0
2023-02-14 19:00:00,38.05,300.24347,987.18915,4.271282,61.907047,0.0,0.0
2023-02-14 20:00:00,39.7,299.46945,987.32983,4.150035,76.96096,0.0,0.0
2023-02-14 21:00:00,40.64,299.0197,987.9192,3.7885787,85.647156,0.0,0.0
2023-02-14 22:00:00,41.7,298.865,988.6386,3.174323,89.62093,0.0,0.0
2023-02-14 23:00:00,42.47,300.70822,989.52966,2.9932606,81.415054,0.0,0.0
2023-02-15 00:00:00,41.48,303.06287,989.8055,3.0008128,68.95739,0.0,0.0
2023-02-15 01:00:00,41.45,305.36017,989.7727,2.9528396,56.96073,0.0,0.0
2023-02-15 02:00:00,42.08,307.56085,989.4074,2.959281,45.398598,0.0,0.0
2023-02-15 03:00:00,42.57,309.38696,988.4348,2.7525108,36.171867,0.0,0.0
2023-02-15 04:00:00,43.47,310.77826,987.71014,2.0237336,29.06481,0.0,0.0
2023-02-15 05:00:00,43.28,311.49963,987.1078,0.78261715,24.520987,0.0,0.0
2023-02-15 06:00:00,43.31,312.0675,986.2754,0.4379875,22.471544,0.0,0.0
2023-02-15 07:00:00,43.25,311.79108,986.4426,1.9298562,26.194012,0.0,0.34
2023-02-15 08:00:00,43.84,311.69617,986.20233,2.0292265,26.092508,0.0,0.64
2023-02-15 09:00:00,44.18,311.36185,986.46545,2.3939462,25.81245,0.0,0.0
2023-02-15 10:00:00,44.18,310.59717,987.09076,1.4728441,26.514423,0.0,0.0
2023-02-15 11:00:00,44.49,309.25912,987.6867,1.5492592,31.68521,0.003892183,0.0
2023-02-15 12:00:00,44.31,307.2556,988.1753,4.0518293,38.91577,0.0,0.0
2023-02-15 13:00:00,43.94,304.9907,988.655,4.7761984,50.72104,0.0,0.0
2023-02-15 14:00:00,42.87,303.46497,988.7851,3.9553118,59.110207,0.0,0.0
2023-02-15 15:00:00,42.42,302.57886,988.6418,3.903831,63.61499,0.0,0.0
2023-02-15 16:00:00,42.88,301.8783,988.4995,4.084094,67.8139,0.0,0.0
2023-02-15 17:00:00,42.5,301.314,988.3787,4.093886,72.70757,0.0,0.0
2023-02-15 18:00:00,42.98,300.84958,988.3069,3.5011556,77.19626,0.0,0.0
2023-02-15 19:00:00,43.53,299.9884,989.10834,2.4857287,84.495346,0.0,0.0
2023-02-15 20:00:00,43.93,299.7468,989.75195,1.9746766,85.8931,0.0,0.0
2023-02-15 21:00:00,43.67,299.53027,990.2921,1.5128272,87.19517,0.0,0.0
2023-02-15 22:00:00,43.24,299.4544,991.0256,1.097774,88.06098,0.0,0.0
2023-02-15 23:00:00,43.8,300.66754,991.5111,1.5500053,81.1662,0.0,0.0
2023-02-16 00:00:00,44.78,302.45023,991.7978,2.2608528,72.665886,0.00673809,0.0
2023-02-16 01:00:00,44.48,304.38928,991.81006,2.708784,64.43967,0.0,0.0
2023-02-16 02:00:00,43.82,306.2956,991.1559,2.8010614,56.114197,0.0,0.0
2023-02-16 03:00:00,43.16,307.87512,990.53094,2.8035192,48.40348,0.0,0.0
2023-02-16 04:00:00,42.31,309.5116,989.3702,2.5754364,40.209682,0.010073185,0.0
2023-02-16 05:00:00,41.82,310.44965,988.51276,1.9100463,33.798824,0.006813556,0.0
2023-02-16 06:00:00,40.9,310.6436,987.99097,1.3291622,30.148497,0.0,0.0
2023-02-16 07:00:00,40.48,310.56702,987.6118,0.68605137,25.984287,0.0,0.0
2023-02-16 08:00:00,40.41,310.67,987.3677,0.65318197,25.434336,0.0,0.0
2023-02-16 09:00:00,40.74,310.42252,987.19635,0.6797645,25.625996,0.0,0.0
2023-02-16 10:00:00,40.7,309.95697,987.81757,0.8816554,26.65678,0.0,0.0
2023-02-16 11:00:00,40.83,308.73587,988.3412,1.8346746,32.134377,0.0,0.0
2023-02-16 12:00:00,41.02,307.42133,988.8591,2.860865,36.97838,0.0,0.0
2023-02-16 13:00:00,41.94,306.2511,988.76794,3.6025078,40.12524,0.0,0.0
2023-02-16 14:00:00,42.83,305.10583,988.9572,3.962876,43.604336,0.0,0.0
2023-02-16 15:00:00,42.92,304.2887,988.67,4.171612,46.407085,0.0,0.0
2023-02-16 16:00:00,43.17,303.56317,988.39435,4.6443586,49.743168,0.0,0.0
2023-02-16 17:00:00,44.45,302.58978,988.1657,4.900041,55.865776,0.0,0.0
2023-02-16 18:00:00,45.1,301.87405,987.95905,4.4000955,61.7806,0.0,0.0
2023-02-16 19:00:00,45.02,301.02417,988.60846,4.1742797,70.94458,0.0,0.0
2023-02-16 20:00:00,45.71,300.60648,989.1241,3.8318772,77.09695,0.0,0.0
2023-02-16 21:00:00,46.66,300.20267,989.72485,3.511697,82.23339,0.0,0.0
2023-02-16 22:00:00,47.26,300.0261,990.4088,3.3926034,85.54398,0.0,0.0
2023-02-16 23:00:00,47.65,301.56766,990.7455,4.2184296,79.83269,0.0,0.0
2023-02-17 00:00:00,47.96,303.75574,990.79553,4.6535077,69.21723,0.016957521,0.0
2023-02-17 01:00:00,47.65,305.9741,990.4506,4.571375,57.802563,0.0,0.0
2023-02-17 02:00:00,46.89,308.14737,989.798,4.5850883,47.480267,0.0,0.0
2023-02-17 03:00:00,45.4,310.10828,988.7825,4.6753063,39.172703,0.0,0.0
2023-02-17 04:00:00,45.16,311.65585,987.83514,4.5168085,33.035698,0.0,0.0
2023-02-17 05:00:00,45.01,312.43958,987.01984,3.6234484,27.772655,0.0,0.0
2023-02-17 06:00:00,44.01,312.32202,986.59204,2.724517,26.27914,0.0,0.0
2023-02-17 07:00:00,43.26,311.83386,986.37866,2.1120706,29.424425,0.0,0.0
2023-02-17 08:00:00,43.13,311.89062,985.83435,2.1056118,28.965368,0.0,0.0
2023-02-17 09:00:00,44.48,311.72964,985.90906,1.975683,28.81085,0.0,0.0
2023-02-17 10:00:00,45.92,311.04828,986.28986,1.42601,29.986408,0.0,0.0
2023-02-17 11:00:00,47.7,309.88525,986.9832,2.0644028,34.727463,0.0,0.0
2023-02-17 12:00:00,49.02,308.25513,987.6661,3.6916914,40.906273,0.0,0.0
2023-02-17 13:00:00,48.6,306.55438,988.2547,5.796388,48.374893,0.0,0.0
2023-02-17 14:00:00,48.76,304.87433,988.61194,6.6505165,58.899284,0.0,0.0
2023-02-17 15:00:00,50.35,303.88736,988.4847,6.305276,64.915306,0.0,0.0
2023-02-17 16:00:00,52.87,303.39758,988.18744,6.0293984,67.95833,0.0,0.0
2023-02-17 17:00:00,54.71,302.82257,988.0121,5.5268817,71.39753,0.0,0.0
2023-02-17 18:00:00,55.04,302.3416,987.9636,5.199225,74.836655,0.0,0.0
2023-02-17 19:00:00,52.16,302.12286,987.9208,5.093203,75.771706,0.0,0.0
2023-02-17 20:00:00,48.21,301.61487,988.4364,4.5547347,80.11021,0.0,0.0
2023-02-17 21:00:00,45.58,301.21997,988.9545,3.7394488,82.99141,0.0,0.0
2023-02-17 22:00:00,43.04,301.02258,989.65625,2.8049774,84.432945,0.0,0.0
2023-02-17 23:00:00,39.49,302.22913,990.1365,3.4433575,77.45616,0.0,0.0
2023-02-18 00:00:00,35.31,304.12958,990.1863,4.054549,66.51584,0.0,0.0
2023-02-18 01:00:00,35.12,306.1482,989.8631,4.1980987,56.859802,0.0,0.0
2023-02-18 02:00:00,34.46,308.05832,989.3782,3.9898777,49.326153,0.0,0.0
2023-02-18 03:00:00,34.84,309.76367,988.85345,3.5862403,43.226845,0.0,0.0
2023-02-18 04:00:00,35.7,311.19965,987.9777,2.766759,36.547203,0.0,0.0
2023-02-18 05:00:00,36.1,311.87106,987.04175,1.9325547,32.005093,0.0,0.0
2023-02-18 06:00:00,36.84,312.3614,986.1168,1.3998184,28.948175,0.0,0.0
2023-02-18 07:00:00,38.47,312.13757,985.7827,1.0139455,26.234093,0.0,0.0
2023-02-18 08:00:00,40.3,312.1105,985.43005,0.9301824,25.86591,0.0,0.0
2023-02-18 09:00:00,40.08,311.90417,985.5659,0.93105805,25.459423,0.0,0.0
2023-02-18 10:00:00,39.73,311.56635,985.72675,2.3730967,25.611135,0.0,0.0
2023-02-18 11:00:00,39.33,310.09927,986.4453,3.6980479,30.605286,0.0,0.0
2023-02-18 12:00:00,39.8,308.34558,987.01294,4.8013644,37.86654,0.0,0.0
2023-02-18 13:00:00,40.79,305.8753,987.9049,6.2108126,52.059208,0.0,0.0
2023-02-18 14:00:00,43.29,303.99286,988.85846,6.669691,65.96226,0.0,0.0
2023-02-18 15:00:00,47.39,303.53998,989.1092,5.347068,69.6491,0.0,0.0
2023-02-18 16:00:00,50.8,303.34537,988.9632,3.9955466,71.50115,0.0,0.0
2023-02-18 17:00:00,51.23,303.10443,988.7418,3.492649,73.010895,0.0,0.0
2023-02-18 18:00:00,51.38,302.83737,988.59845,2.9037657,74.072556,0.0,0.0
2023-02-18 19:00:00,51.72,302.2708,988.51086,2.5869865,77.07396,0.015657166,0.0
2023-02-18 20:00:00,52.66,301.79138,988.67334,1.9340341,79.09235,0.0,0.0
2023-02-18 21:00:00,54.69,301.50302,989.2918,1.40346,80.67883,0.0,0.0
2023-02-18 22:00:00,56.23,301.28516,989.97205,1.4756134,81.74211,0.0,0.0
2023-02-18 23:00:00,57.06,302.06903,990.6231,1.7509604,76.10074,0.0,0.0
2023-02-19 00:00:00,55.22,303.045,990.8844,0.8179014,71.38274,0.018275872,0.0
2023-02-19 01:00:00,55.35,304.7555,990.59283,0.95517606,63.837994,0.0,0.0
2023-02-19 02:00:00,55.04,306.66412,990.1247,2.0707328,54.11055,0.014536083,0.87
2023-02-19 03:00:00,53.56,308.07495,989.15125,1.9792355,47.89739,0.023022294,0.0
2023-02-19 04:00:00,53.18,309.47272,988.0812,1.6418086,43.316875,0.0,0.0
2023-02-19 05:00:00,52.46,310.22693,986.9603,1.5818421,40.665916,0.008128583,0.0
2023-02-19 06:00:00,52.36,310.26904,986.1217,1.6884311,39.786373,0.044427812,0.0
2023-02-19 07:00:00,53.33,310.35876,986.05945,1.6366165,38.490837,0.024035573,0.39999998
2023-02-19 08:00:00,54.44,309.68393,985.1555,0.6949737,38.64353,0.016912818,3.82
2023-02-19 09:00:00,55.9,305.57483,986.3934,2.5673916,54.4986,2.0647943,2.44
2023-02-19 10:00:00,57.71,303.72803,987.61127,2.0058,62.352562,1.0047853,2.19
2023-02-19 11:00:00,59.21,303.73706,987.9894,2.5777483,63.206284,0.027656555,0.96999997
2023-02-19 12:00:00,61.17,303.04825,988.58826,2.22362,67.185,0.055402517,1.8199999
2023-02-19 13:00:00,61.62,302.71112,988.9908,2.6768897,69.705574,0.037077114,3.82
2023-02-19 14:00:00,62.04,302.27356,989.7928,3.949429,72.79445,0.108242035,1.06
2023-02-19 15:00:00,62.17,301.74054,989.8798,4.192036,75.33922,0.030592084,0.0
2023-02-19 16:00:00,61.47,301.25543,989.02295,2.953454,77.64153,0.0,3.8899999
2023-02-19 17:00:00,60.42,300.98407,988.8528,2.0162306,79.28176,0.0,2.76
2023-02-19 18:00:00,59.17,300.76318,988.4905,1.6096656,80.888794,0.0,0.93999994
2023-02-19 19:00:00,58.91,300.99457,988.8972,1.2584939,81.70799,0.24494901,3.06
2023-02-19 20:00:00,57.55,300.48367,989.33325,1.3501586,83.18537,0.3244232,2.21
2023-02-19 21:00:00,54.75,299.89557,989.4481,1.1921777,83.86752,2.1666317,1.8499999
2023-02-19 22:00:00,52.28,299.4143,990.4137,1.2647549,84.463264,1.7572818,0.90999997
2023-02-19 23:00:00,51.27,299.84723,990.77423,1.9822396,81.443115,0.2477467,0.0
2023-02-20 00:00:00,52.48,300.62103,991.40875,3.078568,77.726234,8.268542,0.94
2023-02-20 01:00:00,52.88,301.42932,991.4485,3.8728895,73.8332,0.0,0.65999997
2023-02-20 02:00:00,54.05,302.12067,991.26385,3.0459828,71.82446,0.066491775,0.0
2023-02-20 03:00:00,55.36,303.10004,990.51227,2.391186,69.12488,0.146579,0.0
2023-02-20 04:00:00,56.65,303.55267,989.36414,1.8773569,66.167816,0.12931973,0.0
2023-02-20 05:00:00,56.27,304.1203,988.15173,1.7523717,64.96019,0.07427484,0.0
2023-02-20 06:00:00,55.69,304.4275,987.7061,2.2126982,63.505466,0.066652894,0.0
2023-02-20 07:00:00,55.97,303.317,988.0515,2.1333475,63.581562,0.018529594,0.0
2023-02-20 08:00:00,56.56,302.7854,988.3928,2.5950959,66.87678,0.032953918,0.0
2023-02-20 09:00:00,57.22,302.1209,988.47925,3.731228,71.25265,0.07749349,0.0
2023-02-20 10:00:00,58.24,301.3178,989.4881,3.9956686,76.91128,0.057011843,0.0
2023-02-20 11:00:00,58.82,300.7052,990.26483,3.5644662,80.507225,0.21025538,0.0
2023-02-20 12:00:00,59.47,300.51434,990.77405,3.342279,81.43769,0.29546022,0.0
2023-02-20 13:00:00,61.15,300.05316,991.4378,2.920458,82.77969,1.7781705,1.9099998
2023-02-20 14:00:00,62.08,299.28784,992.2979,3.016233,86.76464,5.4125934,2.15
2023-02-20 15:00:00,61.79,298.47604,992.21814,3.6754522,90.820404,8.302048,19.45
2023-02-20 16:00:00,61.23,298.3841,991.94867,3.6279888,89.024536,1.9740164,22.109999
2023-02-20 17:00:00,59.99,298.27875,991.3973,3.0528162,89.57026,1.4394522,18.27
2023-02-20 18:00:00,58.37,298.25897,991.0066,1.9733,89.91481,0.86289644,16.16
2023-02-20 19:00:00,57.13,298.49603,991.15094,2.7304804,91.354836,1.7649531,8.0
2023-02-20 20:00:00,57.28,298.49982,991.0789,2.7836456,91.43417,1.6233623,4.1299996
2023-02-20 21:00:00,58.69,298.55646,991.6503,2.7687159,91.2517,1.114428,1.47
2023-02-20 22:00:00,59.2,298.58307,992.0744,3.117021,90.61022,0.9197891,0.0
2023-02-20 23:00:00,58.41,298.89935,992.8794,3.2174733,89.189766,0.74762106,0.0
2023-02-21 00:00:00,57.69,299.55823,993.3309,3.9077797,85.10385,27.658976,0.0
2023-02-21 01:00:00,57.31,299.677,993.6824,3.8911982,83.62026,0.0,0.0
2023-02-21 02:00:00,57.1,300.07965,993.71954,3.9971285,80.10009,0.30511057,0.0
2023-02-21 03:00:00,57.45,300.58203,993.111,4.0611596,77.254974,0.3744401,0.0
2023-02-21 04:00:00,58.41,300.8841,992.2268,3.5904834,75.82991,0.19602478,0.0
2023-02-21 05:00:00,58.54,301.39404,991.29083,2.9230487,73.40824,0.08672476,0.0
2023-02-21 06:00:00,57.88,301.92337,990.21326,2.3305852,70.51635,0.020615757,0.0
2023-02-21 07:00:00,58.4,302.46957,989.72314,3.1742094,70.18431,0.014767051,0.24
2023-02-21 08:00:00,58.64,302.79797,989.6234,3.038349,69.574234,0.023692846,0.51
2023-02-21 09:00:00,59.18,302.16602,990.54315,3.6492298,72.08163,1.2801737,1.39
2023-02-21 10:00:00,59.4,300.62964,991.16095,4.295756,81.41267,0.4454702,0.43999997
2023-02-21 11:00:00,59.84,299.70447,991.85406,3.2374146,86.57341,0.11123717,0.53999996
2023-02-21 12:00:00,60.37,299.3448,992.2314,2.5956953,88.20083,0.05836785,1.52
2023-02-21 13:00:00,60.97,299.23645,992.6831,2.1807935,88.759705,0.015065074,2.55
2023-02-21 14:00:00,61.56,299.1809,992.8057,2.3179083,89.127785,0.10544364,0.53
2023-02-21 15:00:00,62.49,299.0436,992.6293,2.4268656,89.90295,0.28349763,0.0
2023-02-21 16:00:00,63.4,298.85602,992.1926,2.400278,91.08812,0.110685825,0.0
2023-02-21 17:00:00,63.29,298.6812,991.748,2.1046247,92.191635,0.043928623,0.0
2023-02-21 18:00:00,62.2,298.49252,990.9914,1.5181351,93.13874,0.06723404,0.0
2023-02-21 19:00:00,60.82,298.5301,990.3567,2.0314777,92.371925,0.30243397,0.0
2023-02-21 20:00:00,59.39,298.45584,990.4963,1.8996791,92.63018,0.22658706,0.0
2023-02-21 21:00:00,59.04,298.41986,990.95013,1.952088,92.60907,0.20030141,0.0
2023-02-21 22:00:00,59.55,298.42773,991.62,1.5041409,92.5644,0.080172434,0.0
2023-02-21 23:00:00,58.93,298.7865,992.16156,1.1320099,90.12379,0.031113625,0.0
2023-02-22 00:00:00,58.04,299.64636,992.76086,2.0621297,84.00053,4.6761136,0.0
2023-02-22 01:00:00,58.4,300.68005,992.4625,2.989887,79.65177,0.0,0.0
2023-02-22 02:00:00,58.28,301.95135,992.299,2.9180799,77.94883,0.08811988,0.0
2023-02-22 03:00:00,57.32,302.76385,991.2541,2.42531,76.24642,0.13697147,0.0
2023-02-22 04:00:00,56.6,303.45514,990.337,2.004384,72.84793,0.12949109,0.0
2023-02-22 05:00:00,56.84,304.36417,988.8203,2.0994508,63.860786,0.071153045,0.0
2023-02-22 06:00:00,57.61,304.80603,987.4256,1.9139249,60.64789,0.012457371,0.0
2023-02-22 07:00:00,58.43,304.77655,987.48206,3.9822927,63.669838,0.12668967,0.24
2023-02-22 08:00:00,58.79,303.31427,987.3143,4.2350116,66.35141,0.88429755,0.38
2023-02-22 09:00:00,59.27,302.5584,988.0656,2.8572853,69.08869,0.05798042,0.0
2023-02-22 10:00:00,59.57,301.97418,988.54175,1.7197831,73.66833,0.0,0.0
2023-02-22 11:00:00,59.93,301.33002,989.5932,0.7195083,82.10703,0.0018328428,0.0
2023-02-22 12:00:00,61.02,301.22705,990.2511,0.25653976,80.723854,0.0,0.0
2023-02-22 13:00:00,61.65,300.91248,990.26587,0.7173011,83.93112,0.0,0.0
2023-02-22 14:00:00,61.95,300.51776,990.29346,0.67226255,88.03493,0.0,0.0
2023-02-22 15:00:00,61.97,299.4591,989.7469,0.8073784,89.08928,2.4214535,0.0
2023-02-22 16:00:00,61.76,299.16415,989.59033,0.21411213,90.08943,1.0910528,0.0
2023-02-22 17:00:00,61.13,298.83984,988.92773,0.10119166,91.32052,0.16762969,0.0
2023-02-22 18:00:00,60.17,298.56207,988.38025,0.08473162,94.02713,0.09396672,0.0
2023-02-22 19:00:00,59.11,298.28503,987.7644,1.0557883,94.08835,0.14078617,0.0
2023-02-22 20:00:00,58.39,298.19324,987.8761,1.3384726,95.54766,0.061335042,0.0
2023-02-22 21:00:00,57.99,298.15628,988.21954,1.231979,95.50747,0.03983034,0.0
2023-02-22 22:00:00,58.13,298.16315,988.59436,1.4475762,95.36411,0.06964151,0.0
2023-02-22 23:00:00,58.17,298.8617,989.0569,2.2013216,89.60689,0.06660819,0.0
2023-02-23 00:00:00,58.38,299.66983,989.33936,3.183149,83.89066,5.720311,0.0
2023-02-23 01:00:00,58.82,300.43146,989.07556,3.358323,79.31657,0.0,0.0
2023-02-23 02:00:00,59.1,301.3661,988.7257,3.189644,75.07111,0.06779842,4.2799997
2023-02-23 03:00:00,58.47,301.82648,988.1618,3.1557724,71.75688,0.047858804,1.38
2023-02-23 04:00:00,58.11,302.5451,987.4272,3.4247456,68.95334,0.019729137,0.089999996
2023-02-23 05:00:00,57.5,302.7791,986.2435,3.3745654,67.238525,0.046126544,0.0
2023-02-23 06:00:00,57.37,303.11954,985.40295,3.39548,64.53445,0.0356026,2.5
2023-02-23 07:00:00,57.58,302.67572,985.2434,4.1866097,67.6416,0.37776306,0.99
2023-02-23 08:00:00,58.16,301.01282,985.7355,4.362251,75.43464,1.5233159,0.35999998
2023-02-23 09:00:00,59.65,300.594,985.90576,1.8217883,77.49889,0.08026138,0.78
2023-02-23 10:00:00,61.61,300.481,986.5653,0.4558433,77.79709,0.03738329,1.4699999
2023-02-23 11:00:00,62.99,300.20074,987.22955,0.63477623,80.93808,0.06020069,4.62
2023-02-23 12:00:00,64.02,299.93152,987.8652,1.3660549,84.59545,0.23350422,2.67
2023-02-23 13:00:00,63.5,299.5373,988.21014,1.6997545,87.16326,0.12958352,0.39
2023-02-23 14:00:00,62.5,299.26678,988.36487,1.138617,89.29423,0.0068098307,8.49
2023-02-23 15:00:00,62.16,299.0351,988.3589,0.5118056,91.047134,0.009186566,8.07
2023-02-23 16:00:00,62.2,298.92017,988.1227,0.5706595,91.15392,0.021576881,4.45
2023-02-23 17:00:00,61.92,298.8236,987.72125,0.7645452,90.70728,0.030651689,5.24
2023-02-23 18:00:00,60.85,298.64465,987.3586,1.0459751,90.19353,0.17949939,5.92
2023-02-23 19:00:00,59.42,297.9887,987.22235,1.5065266,93.15738,0.41411072,9.27
2023-02-23 20:00:00,58.5,297.8622,987.2519,1.6219585,93.3671,0.57094216,0.88
2023-02-23 21:00:00,58.42,297.69897,987.56885,2.171814,93.41135,0.28564036,0.0
2023-02-23 22:00:00,58.75,297.66306,987.70056,2.290463,92.99779,0.18380582,0.0
2023-02-23 23:00:00,58.86,298.6289,988.1283,2.6427307,88.098526,0.02746284,0.0
2023-02-24 00:00:00,59.08,299.78854,988.64545,4.099425,79.08441,4.5283165,0.0
2023-02-24 01:00:00,59.01,300.78625,988.5552,4.1220016,73.701065,0.0,0.0
2023-02-24 02:00:00,59.17,301.68878,988.1919,3.5854533,69.72857,0.23037568,0.0
2023-02-24 03:00:00,58.42,302.2151,987.6825,3.1258805,68.204445,0.2634637,0.0
2023-02-24 04:00:00,58.38,302.95605,987.17737,2.5798972,66.61354,0.00879541,0.0
2023-02-24 05:00:00,58.29,303.45087,986.3892,2.2750952,65.49325,0.013753772,0.0
2023-02-24 06:00:00,57.66,303.6494,985.5634,2.2388291,62.74835,0.007987022,0.0
2023-02-24 07:00:00,57.63,303.95508,984.92596,4.552025,63.636333,0.10785757,0.0
2023-02-24 08:00:00,58.65,303.69287,984.9567,3.968755,64.129326,0.049185008,1.8599999
2023-02-24 09:00:00,59.69,302.56134,985.53436,2.9009688,69.574524,0.33703452,4.2200003
2023-02-24 10:00:00,60.1,301.16364,986.6736,2.2888377,78.16155,0.66470355,2.46
2023-02-24 11:00:00,60.37,300.02112,987.7564,2.2010295,82.72421,1.7690136,0.38
2023-02-24 12:00:00,61.53,299.72144,988.47876,0.87778354,84.45398,0.65871304,0.0
2023-02-24 13:00:00,61.25,299.75677,988.9455,0.3367543,86.04205,0.5721599,0.0
2023-02-24 14:00:00,61.44,299.69653,989.2449,0.81151026,84.37039,0.68222594,0.07
2023-02-24 15:00:00,61.31,299.5857,988.9366,1.3141911,84.80914,0.6018789,0.0
2023-02-24 16:00:00,61.09,299.33386,988.3615,1.8686478,86.555595,0.23835479,0.0
2023-02-24 17:00:00,60.64,298.9718,987.6359,1.834451,88.04344,0.06991485,0.0
2023-02-24 18:00:00,59.6,298.79028,987.0541,1.565567,88.65684,0.009783078,0.0
2023-02-24 19:00:00,58.17,298.33975,986.6697,1.795759,89.0161,0.0,0.0
2023-02-24 20:00:00,56.7,298.01996,987.16064,1.5667818,91.148224,0.0,0.0
2023-02-24 21:00:00,55.38,297.8463,988.0683,1.3696742,92.64973,0.0,0.0
2023-02-24 22:00:00,53.2,297.7481,988.4465,1.4038267,93.89398,0.0,0.0
2023-02-24 23:00:00,50.07,299.20615,988.65564,1.9193274,87.10339,0.0,0.0
2023-02-25 00:00:00,47.37,300.45285,988.77484,3.1069932,79.081215,6.4103184,0.0
2023-02-25 01:00:00,47.12,301.58734,988.875,4.2610154,73.95819,0.0,0.0
2023-02-25 02:00:00,46.73,302.65082,988.6196,4.883909,68.1052,0.029506162,0.0
2023-02-25 03:00:00,46.41,303.59906,987.9197,5.146543,63.116573,0.015750527,0.0
2023-02-25 04:00:00,46.89,304.61646,986.99,4.8953624,58.93472,0.0021979213,0.0
2023-02-25 05:00:00,46.24,305.46588,986.2725,4.9032483,55.12481,0.0025592744,0.0
2023-02-25 06:00:00,45.16,306.1119,985.5854,4.799432,51.47469,0.0,0.0
2023-02-25 07:00:00,43.39,307.0993,984.435,6.683603,44.53221,0.0,0.0
2023-02-25 08:00:00,42.66,306.607,983.84875,5.7332764,47.70228,0.0,0.0
2023-02-25 09:00:00,42.17,305.419,984.15784,4.698038,54.145866,0.0,0.0
2023-02-25 10:00:00,42.12,303.72083,985.03094,4.244626,60.643726,0.0,0.0
2023-02-25 11:00:00,41.4,302.18152,985.8209,4.1900496,66.24635,0.0,0.0
2023-02-25 12:00:00,40.35,301.41614,986.5528,4.2563515,69.25418,0.0,0.0
2023-02-25 13:00:00,40.7,300.705,987.2863,3.7987642,72.66637,0.0,0.0
2023-02-25 14:00:00,41.62,300.0337,987.4761,3.1864934,76.256966,0.0,0.0
2023-02-25 15:00:00,42.09,299.54974,987.423,2.925359,78.870094,0.0,0.0
2023-02-25 16:00:00,42.17,299.04126,986.9285,2.961499,80.78438,0.0,0.0
2023-02-25 17:00:00,42.52,298.65375,986.4575,2.999987,82.11008,0.0,0.0
2023-02-25 18:00:00,42.68,298.355,986.09436,3.057419,83.06737,0.0,0.0
2023-02-25 19:00:00,43.73,298.08167,985.7572,2.3962443,85.10919,0.0,0.0
2023-02-25 20:00:00,44.61,297.6299,986.02893,1.9238034,87.588135,0.0,0.0
2023-02-25 21:00:00,44.95,297.59973,986.65576,2.4739406,87.31203,0.0,0.0
2023-02-25 22:00:00,44.48,297.4275,986.993,3.21486,87.68149,0.0,0.0
2023-02-25 23:00:00,43.35,298.76184,987.6933,3.7845657,82.82986,0.0,0.0
2023-02-26 00:00:00,42.22,300.4369,987.77734,4.582158,75.37482,0.054330047,0.0
2023-02-26 01:00:00,43.34,301.53265,987.6797,4.8799157,71.34751,0.0,0.0
2023-02-26 02:00:00,44.57,302.70224,987.1975,5.1988764,67.68503,0.0018551946,0.0
2023-02-26 03:00:00,45.33,303.56842,986.48376,5.3750296,63.938004,0.012069941,0.0
2023-02-26 04:00:00,45.02,304.59705,985.92456,5.609798,58.325058,0.008530915,0.0
2023-02-26 05:00:00,45.07,305.76566,984.86017,6.145536,52.069008,0.0,0.0
2023-02-26 06:00:00,44.94,306.1361,984.04596,5.9907823,48.378136,0.0,0.0
2023-02-26 07:00:00,44.33,306.8659,984.1403,6.278354,44.342865,0.0,0.0
2023-02-26 08:00:00,43.85,306.00995,984.13513,5.420731,47.44449,0.028684735,0.0
2023-02-26 09:00:00,43.99,305.22058,984.29376,2.9316084,55.066097,0.0,0.0
2023-02-26 10:00:00,44.5,303.87366,985.08234,1.6633891,65.967575,0.0,0.0
2023-02-26 11:00:00,45.13,302.47177,985.6738,1.2252704,73.95793,0.0,0.0
2023-02-26 12:00:00,46.01,301.5939,985.91425,1.5226595,77.47135,0.0,0.0
2023-02-26 13:00:00,49.11,301.3556,986.66425,2.236396,74.99963,0.0,0.0
2023-02-26 14:00:00,51.15,300.68835,987.08044,3.051794,77.21598,0.0,1.9499999
2023-02-26 15:00:00,52.19,300.04373,986.9428,2.9913676,79.92484,0.0,1.47
2023-02-26 16:00:00,52.67,299.73282,986.53577,3.0643048,81.06394,0.0,1.5799999
2023-02-26 17:00:00,51.82,299.396,986.2386,3.2285168,81.93925,0.0,0.0
2023-02-26 18:00:00,50.81,299.0594,986.03687,3.5020483,82.33499,0.0,0.0
2023-02-26 19:00:00,48.97,298.42252,986.30005,3.5276754,82.16492,0.0,0.0
2023-02-26 20:00:00,47.96,298.02197,986.3782,3.1532135,83.0792,0.0,0.0
2023-02-26 21:00:00,47.84,297.57602,986.7015,2.3132412,84.64696,0.0,0.0
2023-02-26 22:00:00,47.1,297.1846,987.14124,1.5916289,87.33648,0.0,0.0
2023-02-26 23:00:00,45.9,298.9057,987.72235,2.2002301,76.840935,0.0,0.19
2023-02-27 00:00:00,47.96,300.31778,987.86414,4.0799236,67.006516,0.05199313,0.0
2023-02-27 01:00:00,48.63,301.6044,987.6814,6.802153,62.74088,0.0,0.0
2023-02-27 02:00:00,49.43,302.17682,987.48444,6.5558057,63.240814,0.021927059,0.0
2023-02-27 03:00:00,50.57,302.14493,986.9986,5.828991,65.340775,0.0942722,0.0
2023-02-27 04:00:00,51.53,302.51062,986.5517,5.705023,63.7359,0.08866936,0.0
2023-02-27 05:00:00,52.58,303.50568,985.6666,5.3395195,61.52656,0.06258488,0.0
2023-02-27 06:00:00,53.34,304.53473,984.84784,4.689822,60.72842,0.0030398369,0.0
2023-02-27 07:00:00,52.98,306.36734,984.0553,6.3678193,50.75299,0.0,0.0
2023-02-27 08:00:00,53.29,305.71414,983.9014,5.2079396,53.41748,0.015884638,0.0
2023-02-27 09:00:00,53.95,304.48108,984.4533,4.5934186,60.32715,0.0,0.0
2023-02-27 10:00:00,54.37,303.0365,985.1138,3.460166,67.51882,0.0,0.0
2023-02-27 11:00:00,54.87,302.13788,986.11884,3.0742295,71.586815,0.0,0.0
2023-02-27 12:00:00,56.04,301.6001,986.72534,3.1933105,72.97812,0.0018775463,0.37
2023-02-27 13:00:00,55.85,301.06274,987.3783,3.1485572,74.45487,0.0,0.74
2023-02-27 14:00:00,55.22,300.4879,987.78375,2.896263,76.511856,0.0,0.049999997
2023-02-27 15:00:00,54.11,299.8271,987.63947,2.0925462,80.59781,0.0,0.0
2023-02-27 16:00:00,53.32,299.68982,987.6507,1.9406545,81.44226,0.0,0.0
2023-02-27 17:00:00,51.98,299.50677,987.39526,2.3367922,81.51398,0.0,0.0
2023-02-27 18:00:00,50.04,299.20325,987.2351,2.602781,82.53268,0.0,0.0
2023-02-27 19:00:00,49.06,298.4535,986.2463,3.1505003,81.79093,0.0,0.0
2023-02-27 20:00:00,48.29,297.9937,986.7033,2.9554095,83.69126,0.0,0.0
2023-02-27 21:00:00,48.45,297.68665,986.9386,3.0784698,84.569565,0.0,0.0
2023-02-27 22:00:00,48.49,297.5727,987.7992,3.1274958,84.615204,0.0,0.0
2023-02-27 23:00:00,49.02,298.97824,988.3013,3.4988608,78.6059,0.0,0.0
2023-02-28 00:00:00,48.16,300.602,988.69946,4.891833,66.43465,0.28956532,0.0
2023-02-28 01:00:00,48.71,301.6355,988.4358,4.941473,62.724613,0.0,0.0
2023-02-28 02:00:00,49.55,302.6546,987.97406,4.9379783,59.141064,0.004775822,0.04
2023-02-28 03:00:00,50.29,303.13602,987.1397,4.9023786,57.71705,0.0052675605,0.01
2023-02-28 04:00:00,51.48,303.58292,986.5325,4.7880583,56.790646,0.0057816505,0.0
2023-02-28 05:00:00,52.36,304.07233,985.9333,4.309693,55.658688,0.004827976,0.0
2023-02-28 06:00:00,53.32,304.456,985.58234,3.9581485,54.39275,0.017821789,0.0
2023-02-28 07:00:00,54.81,305.39423,984.7383,5.2044253,52.48881,0.018045306,0.0
2023-02-28 08:00:00,55.76,305.34033,984.5728,4.571687,52.335133,0.022220615,0.0
2023-02-28 09:00:00,56.4,304.78668,985.245,2.8684883,55.765812,0.0043213367,0.0
2023-02-28 10:00:00,56.58,303.44635,986.09143,1.7445768,64.92134,0.011131167,0.0
2023-02-28 11:00:00,56.64,302.08575,987.35956,1.5986389,74.783745,0.18128751,0.0
2023-02-28 12:00:00,56.91,301.1291,988.0142,2.6497924,77.588036,0.35716593,0.0
2023-02-28 13:00:00,55.83,300.1875,988.56,2.8963895,82.136826,0.19637047,0.0
2023-02-28 14:00:00,54.92,299.65424,988.66986,2.0008256,84.97566,0.014239573,0.0
2023-02-28 15:00:00,52.88,299.28217,988.54095,1.6872038,87.29158,0.0018179417,0.0
2023-02-28 16:00:00,51.68,298.91797,988.1171,1.7152541,88.65586,0.0,0.0
2023-02-28 17:00:00,51.99,298.48755,987.8674,1.2616444,91.39506,0.0,0.0
2023-02-28 18:00:00,51.67,298.46826,987.37573,0.74358106,89.948616,0.0,0.0
2023-02-28 19:00:00,50.81,298.159,987.1848,0.5905708,91.54402,0.0,0.0
2023-02-28 20:00:00,49.79,297.79944,987.22296,1.1462765,93.47895,0.0,0.0
2023-02-28 21:00:00,50.64,297.7213,987.2341,1.6036806,92.96796,0.0,0.0
2023-02-28 22:00:00,52.01,297.47916,987.507,1.7036144,94.04476,0.0,0.0
2023-02-28 23:00:00,53.16,299.2235,988.1731,1.7552681,85.16904,0.0,0.0
2023-03-01 00:00:00,54.56,300.8436,988.65326,2.6796966,70.9494,0.8459279,0.0
2023-03-01 01:00:00,54.58,301.91193,988.5223,3.371283,65.78531,0.0,0.0
2023-03-01 02:00:00,54.83,302.8048,988.1308,4.1044526,62.08424,0.08456968,0.0
2023-03-01 03:00:00,54.88,303.53714,987.54224,4.335872,58.90393,0.052396208,0.0
2023-03-01 04:00:00,53.97,303.99323,986.807,3.7416704,56.19281,0.007711351,0.0
2023-03-01 05:00:00,52.91,304.87222,985.8275,3.9393737,53.120483,0.025302172,0.0
2023-03-01 06:00:00,52.38,304.98068,985.16205,4.1077485,51.62369,0.0018104911,0.0
2023-03-01 07:00:00,51.17,305.4425,984.48096,4.596031,51.79081,0.025898218,0.17
2023-03-01 08:00:00,51.67,305.5748,984.52765,4.1659956,50.831665,0.0107213855,0.35
2023-03-01 09:00:00,52.23,305.31586,984.4229,2.913067,53.2431,0.007674098,0.0
2023-03-01 10:00:00,52.06,304.2349,985.432,2.0444796,60.034657,0.0,0.0
2023-03-01 11:00:00,51.59,303.01337,986.65466,3.4291446,61.247635,0.0,0.0
2023-03-01 12:00:00,50.07,301.6585,987.65125,4.9935393,59.242874,0.0,0.0
2023-03-01 13:00:00,46.68,300.37726,988.3709,4.4286695,60.479706,0.0,0.0
2023-03-01 14:00:00,42.54,299.61365,988.4422,3.8510587,63.971542,0.0,0.0
2023-03-01 15:00:00,40.76,298.7171,988.3578,3.3080425,68.920204,0.0,0.0
2023-03-01 16:00:00,40.64,297.95306,988.39734,2.8603556,73.12113,0.0,0.0
2023-03-01 17:00:00,40.59,297.34912,988.26373,2.8177211,75.23172,0.0,0.0
2023-03-01 18:00:00,41.08,296.7375,988.1749,2.6049252,77.3357,0.0,0.0
2023-03-01 19:00:00,41.56,295.90173,988.4165,2.0506272,76.10804,0.0,0.0
2023-03-01 20:00:00,42.15,296.07703,988.9406,0.9349708,73.75198,0.0,0.0
2023-03-01 21:00:00,42.42,296.4783,989.8361,0.7673182,68.82813,0.0,0.0
2023-03-01 22:00:00,42.12,295.32343,990.33954,1.3290716,81.59778,0.0,0.0
2023-03-01 23:00:00,40.26,297.5732,990.7497,1.6295936,67.65607,0.0,0.0
2023-03-02 00:00:00,37.59,299.1919,990.8189,2.3329914,62.912548,0.23236275,0.0
2023-03-02 01:00:00,36.71,300.59323,990.65686,3.079353,60.031258,0.0,0.0
2023-03-02 02:00:00,35.44,302.00833,990.42163,3.3778865,56.730957,0.0,0.0
2023-03-02 03:00:00,34.28,303.24252,989.6986,2.9636586,53.184597,0.0,0.0
2023-03-02 04:00:00,33.2,304.41248,988.91656,2.5238967,49.31158,0.0,0.0
2023-03-02 05:00:00,32.98,305.47394,987.95264,2.3865194,45.14126,0.0,0.0
2023-03-02 06:00:00,32.79,306.50854,987.14294,2.5634232,40.61945,0.0,0.0
2023-03-02 07:00:00,32.53,307.99683,986.67017,3.0800557,32.321888,0.0,0.0
2023-03-02 08:00:00,32.74,308.4643,986.28314,2.5781577,29.656801,0.0,0.0
2023-03-02 09:00:00,33.48,307.7107,986.4891,2.1342368,34.800884,0.0,0.0
2023-03-02 10:00:00,33.57,304.97906,986.932,3.5686712,47.929455,0.0,0.0
2023-03-02 11:00:00,32.9,302.547,987.6957,4.7338977,58.77071,0.0,0.0
2023-03-02 12:00:00,33.47,301.24628,988.6627,4.3806763,64.80935,0.0,0.0
2023-03-02 13:00:00,34.39,300.42932,989.6256,3.0902185,69.948456,0.0,0.0
2023-03-02 14:00:00,35.04,299.75604,990.2436,2.8919158,73.65951,0.0,0.0
2023-03-02 15:00:00,34.62,299.1618,990.00104,3.005585,76.24739,0.0,0.0
2023-03-02 16:00:00,35.08,298.7682,989.7964,3.5188396,76.95507,0.0,0.0
2023-03-02 17:00:00,36.83,298.62805,989.45544,4.4480476,75.97347,0.0,0.0
2023-03-02 18:00:00,39.41,298.46167,989.3745,4.9209986,79.26651,0.0,0.0
2023-03-02 19:00:00,41.22,298.09805,990.34393,3.8628428,83.31507,0.0,0.0
2023-03-02 20:00:00,42.96,297.82178,991.2874,2.0908024,91.5896,0.0013113022,0.0
2023-03-02 21:00:00,44.77,298.42285,991.9897,0.1765694,91.08455,0.10445714,0.0
2023-03-02 22:00:00,46.07,298.24902,992.4995,0.2824612,93.18997,0.35616755,0.0
2023-03-02 23:00:00,46.72,298.99738,993.1399,0.7801381,91.8898,0.5685836,0.0
2023-03-03 00:00:00,44.83,299.54272,993.6189,0.42687175,90.60899,1.6886443,0.0
2023-03-03 01:00:00,44.82,300.15802,993.8036,0.85718113,89.31048,0.0,0.0
2023-03-03 02:00:00,44.71,301.81534,993.29987,0.59543943,77.95398,0.61792135,0.0
2023-03-03 03:00:00,43.6,303.39032,992.5575,1.0094618,69.6675,0.43103844,0.0
2023-03-03 04:00:00,42.4,304.0925,992.0041,1.8565089,69.62487,0.24078786,0.0
2023-03-03 05:00:00,42.22,305.09186,990.9462,2.2864847,63.917416,0.20959973,0.0
2023-03-03 06:00:00,42.86,305.1884,990.4639,2.9611576,63.96368,0.055395067,0.0
2023-03-03 07:00:00,43.41,305.81903,989.6012,2.7167666,60.81329,0.012360513,0.0
2023-03-03 08:00:00,43.3,305.96082,989.27374,2.1093965,59.073784,0.003144145,0.0
2023-03-03 09:00:00,42.63,305.3982,989.4833,0.54449946,60.39452,0.14621764,0.0
2023-03-03 10:00:00,40.99,303.63385,990.25073,1.212272,67.0492,1.4331639,0.0
2023-03-03 11:00:00,39.64,301.29797,991.04156,2.6185572,74.66736,0.4336834,0.0
2023-03-03 12:00:00,38.73,300.47546,991.5112,4.997021,82.071594,0.037044287,0.0
2023-03-03 13:00:00,37.77,299.97903,991.8402,5.8044724,86.66954,0.0012814999,0.0
2023-03-03 14:00:00,36.84,299.5089,992.0112,5.8110504,88.64132,0.0,0.0
2023-03-03 15:00:00,35.79,298.9579,991.67017,4.6525745,89.57194,0.0,0.0
2023-03-03 16:00:00,36.83,298.44843,991.42065,4.0087924,90.814224,0.0,0.0
2023-03-03 17:00:00,38.16,298.13046,991.1453,4.1194773,91.791115,0.0,0.0
2023-03-03 18:00:00,38.67,297.95917,990.8122,4.3492413,92.57344,0.0,0.0
2023-03-03 19:00:00,37.53,297.80835,991.3028,3.2174914,93.304756,0.0,0.0
2023-03-03 20:00:00,36.53,297.75128,991.6828,3.421682,93.976105,0.0,0.0
2023-03-03 21:00:00,35.4,297.7314,992.1369,3.5955627,94.56218,0.0,0.0
2023-03-03 22:00:00,34.18,297.83087,992.8678,3.5618286,94.748604,0.0,0.0
2023-03-03 23:00:00,33.27,299.00488,993.36993,5.310381,88.73873,0.0013113022,0.0
2023-03-04 00:00:00,32.5,300.40408,993.8445,5.96262,81.20909,4.298377,0.0
2023-03-04 01:00:00,32.69,301.9676,993.8233,6.0505996,73.7117,0.0,0.0
2023-03-04 02:00:00,33.14,303.3912,993.3497,5.7469945,67.16044,0.007726252,0.0
2023-03-04 03:00:00,33.6,304.70636,992.3636,5.273041,61.205463,0.02039224,0.0
2023-03-04 04:00:00,33.61,305.97366,991.47766,5.0060077,56.539337,0.0,0.0
2023-03-04 05:00:00,34.41,306.58682,990.35065,4.9246197,53.710793,0.0,0.0
2023-03-04 06:00:00,35.49,307.00146,989.37665,4.7113795,50.54119,0.0,0.0
2023-03-04 07:00:00,36.04,307.5936,989.3268,3.699022,42.5635,0.0,0.0
2023-03-04 08:00:00,36.07,307.36285,989.0436,3.4365134,40.771008,0.0,0.0
2023-03-04 09:00:00,36.72,306.58768,989.05524,3.2052085,44.866497,0.0,0.0
2023-03-04 10:00:00,37.89,304.56503,989.27124,3.7628064,55.290283,0.0,0.0
2023-03-04 11:00:00,39.66,302.83688,989.7407,4.2476196,62.626278,0.0,0.0
2023-03-04 12:00:00,42.3,301.7884,990.0447,4.556834,67.389175,0.0,0.0
2023-03-04 13:00:00,43.38,301.1369,990.687,4.7392216,70.83673,0.0,0.0
2023-03-04 14:00:00,43.38,300.63257,990.78796,5.1166773,74.361305,0.0,0.0
2023-03-04 15:00:00,41.82,300.23138,990.7661,5.105129,79.806465,0.0,0.0
2023-03-04 16:00:00,40.66,299.9395,990.46063,4.751267,84.57988,0.0,0.0
2023-03-04 17:00:00,40.2,299.54446,990.2697,4.1866393,87.813774,0.0,0.0
2023-03-04 18:00:00,40.24,299.19275,990.02185,3.7736342,90.059074,0.0,0.0
2023-03-04 19:00:00,40.22,298.2366,990.33453,2.565149,87.64539,0.0,0.0
2023-03-04 20:00:00,40.05,297.83496,990.61597,2.7590692,90.407684,0.0,0.0
2023-03-04 21:00:00,40.12,297.6044,991.2994,3.1076162,92.41947,0.0,0.0
2023-03-04 22:00:00,40.17,297.5324,991.97095,3.3412259,93.74445,0.0,0.0
2023-03-04 23:00:00,39.67,298.92206,992.4564,4.020264,88.719666,0.0,0.0
2023-03-05 00:00:00,37.63,300.81183,992.86597,5.494577,79.002556,0.037673116,0.0
2023-03-05 01:00:00,37.38,302.42,992.6039,5.591307,70.74378,0.0,0.0
2023-03-05 02:00:00,36.69,303.72412,992.0325,5.4275784,65.07568,0.0,0.0
2023-03-05 03:00:00,35.81,305.02615,991.19617,5.326633,59.39329,0.0,0.0
2023-03-05 04:00:00,35.29,306.01212,990.1905,5.077518,54.934902,0.0,0.0
2023-03-05 05:00:00,35.25,306.7044,989.1128,4.7682323,51.762997,0.0,0.0
2023-03-05 06:00:00,34.89,307.1875,988.3883,4.4699793,49.576836,0.0,0.0
2023-03-05 07:00:00,35.25,307.56195,987.8033,3.9954462,46.87134,0.0,0.0
2023-03-05 08:00:00,35.91,307.3157,987.58545,4.209721,48.149925,0.0,0.0
2023-03-05 09:00:00,38.06,306.7392,987.5918,4.188735,50.891632,0.0,0.0
2023-03-05 10:00:00,39.95,305.23837,988.4433,3.2452219,59.312172,0.0,0.0
2023-03-05 11:00:00,41.6,303.81833,989.16516,3.6032765,66.79226,0.0,0.0
2023-03-05 12:00:00,42.73,302.91003,989.54315,4.441861,70.7242,0.0,0.0
2023-03-05 13:00:00,42.75,302.27127,990.09845,5.648722,72.85858,0.0,0.0
2023-03-05 14:00:00,44.54,301.45126,990.27783,6.810854,77.11403,0.0,0.0
2023-03-05 15:00:00,46.68,300.63055,990.4567,6.824471,82.75779,0.0,0.0
2023-03-05 16:00:00,47.81,300.16815,990.3078,6.517178,85.921135,0.0,0.0
2023-03-05 17:00:00,47.69,299.8369,990.08374,6.2856956,87.89238,0.0,0.0
2023-03-05 18:00:00,47.45,299.4812,989.88245,5.77847,89.5342,0.0,0.0
2023-03-05 19:00:00,47.78,299.24036,989.83325,4.8830953,91.10687,0.0,0.0
2023-03-05 20:00:00,47.81,298.9984,990.2049,4.4173236,91.58128,0.0,0.0
2023-03-05 21:00:00,48.2,298.80243,990.6986,4.072102,91.63593,0.0,0.0
2023-03-05 22:00:00,47.13,298.61798,991.1379,3.9523742,91.841034,0.0,0.0
2023-03-05 23:00:00,46.62,299.6754,991.54016,4.842592,85.710236,0.0,0.0
2023-03-06 00:00:00,45.73,301.4254,992.0987,5.3779683,76.11794,0.0,0.0
2023-03-06 01:00:00,46.16,303.23895,992.1777,5.8603344,67.19628,0.0,0.0
2023-03-06 02:00:00,46.21,304.87158,991.71545,6.464007,60.502975,0.0,0.0
2023-03-06 03:00:00,46.19,306.22327,990.78815,6.740986,55.63112,0.0,0.0
2023-03-06 04:00:00,45.75,307.29572,989.90283,6.7788315,52.326298,0.0,0.0
2023-03-06 05:00:00,44.73,308.09064,988.8825,6.6656632,49.930565,0.006392598,0.0
2023-03-06 06:00:00,43.44,308.71344,987.98804,6.690459,47.955086,0.0,0.0
2023-03-06 07:00:00,41.13,309.11554,987.366,6.055797,43.74927,0.0051140785,0.0
2023-03-06 08:00:00,40.47,309.05377,987.1133,5.394708,42.311584,0.08010864,0.0
2023-03-06 09:00:00,41.72,308.56226,987.21313,5.081712,43.773415,0.003889203,1.89
2023-03-06 10:00:00,43.74,307.17346,987.8363,4.1746902,50.375946,0.0,1.8499999
2023-03-06 11:00:00,45.04,305.60934,989.00946,3.7473059,58.191902,0.0,0.99
2023-03-06 12:00:00,46.09,304.3762,990.0845,2.8587341,64.94354,0.008764858,1.4799999
2023-03-06 13:00:00,45.74,303.27405,990.65186,3.5679321,69.89661,0.0,0.0
2023-03-06 14:00:00,45.6,302.4992,990.92596,4.3598714,71.94572,0.0,0.0
2023-03-06 15:00:00,46.55,301.76678,990.5556,4.935056,73.29329,0.0,0.0
2023-03-06 16:00:00,47.09,301.18097,990.03516,5.012146,75.106766,0.0,0.0
2023-03-06 17:00:00,46.91,300.7696,989.3489,4.8625712,78.29332,0.0,0.0
2023-03-06 18:00:00,45.24,300.31384,989.3162,4.4289427,82.8614,0.0,0.0
2023-03-06 19:00:00,44.26,299.3331,990.568,3.2566667,79.9701,0.0,0.0
2023-03-06 20:00:00,42.77,298.97565,990.99744,2.9671292,83.77126,0.0,0.0
2023-03-06 21:00:00,41.42,298.65485,991.3753,2.9087512,86.91914,0.0,0.0
2023-03-06 22:00:00,41.1,298.31122,992.32764,3.0139763,89.684265,0.0,0.0
2023-03-06 23:00:00,40.75,299.64722,992.8192,3.8961449,84.02086,0.0,0.0
2023-03-07 00:00:00,38.01,301.68344,993.0081,4.6483555,73.65432,0.10598662,0.0
2023-03-07 01:00:00,37.47,303.76166,993.0136,4.9539194,63.287895,0.0,0.0
2023-03-07 02:00:00,36.58,305.63705,992.47565,4.96461,55.171787,0.0,0.0
2023-03-07 03:00:00,35.54,307.30237,991.68634,4.6161165,47.05643,0.0,0.0
2023-03-07 04:00:00,35.25,308.6715,990.65717,4.1340594,40.278305,0.0,0.0
2023-03-07 05:00:00,36.29,309.8233,989.6241,3.9705741,35.354534,0.0,0.0
2023-03-07 06:00:00,36.79,310.63898,988.77795,3.9051545,31.711895,0.0022873282,0.0
2023-03-07 07:00:00,35.12,310.9451,988.9978,3.654894,26.810083,0.0,0.0
2023-03-07 08:00:00,33.31,311.42737,988.5181,3.0666382,23.147787,0.0,0.0
2023-03-07 09:00:00,31.84,311.15656,988.58966,2.4420211,21.606602,0.0,0.0
2023-03-07 10:00:00,30.62,309.30637,989.1077,3.1179767,28.671959,0.0,0.0
2023-03-07 11:00:00,30.08,306.9054,989.50055,3.94152,38.700394,0.0,0.0
2023-03-07 12:00:00,30.29,305.28583,990.17596,4.0888343,45.769894,0.0,0.0
2023-03-07 13:00:00,29.78,304.2375,990.6456,4.0988903,50.21727,0.0,0.0
2023-03-07 14:00:00,29.35,303.46814,991.0694,4.0237784,53.559376,0.0,0.0
2023-03-07 15:00:00,27.76,302.61517,991.214,3.7624905,57.569145,0.0,0.0
2023-03-07 16:00:00,26.57,301.8415,991.1647,3.6524563,61.67841,0.0,0.0
2023-03-07 17:00:00,26.62,300.94437,991.1433,4.119159,68.38564,0.0,0.0
2023-03-07 18:00:00,25.88,300.06927,991.08826,4.3891387,79.17031,0.0,0.0
2023-03-07 19:00:00,25.74,299.07574,991.45435,4.0772943,88.14802,0.0,0.0
2023-03-07 20:00:00,25.82,298.52625,991.7404,3.5369506,93.857834,0.0,0.0
2023-03-07 21:00:00,26.31,298.0078,992.19446,3.1272821,96.00271,0.0,0.0
2023-03-07 22:00:00,26.08,297.6228,992.85486,3.007116,96.777985,0.0,0.0
2023-03-07 23:00:00,25.05,299.2373,993.4641,2.9568596,87.64328,0.0,0.0
2023-03-08 00:00:00,21.27,302.5057,993.8111,3.0273213,65.85463,0.0031511518,0.0
2023-03-08 01:00:00,22.69,305.4126,993.93744,2.7537367,41.60698,0.0,0.0
2023-03-08 02:00:00,24.35,307.2201,993.27734,1.2946239,29.24151,0.0,0.0
2023-03-08 03:00:00,26.17,308.62167,992.62604,0.5881571,24.837511,0.0,0.0
2023-03-08 04:00:00,26.53,309.96747,991.7087,1.584123,21.324451,0.0,0.0
2023-03-08 05:00:00,27.69,311.20517,990.75146,3.1386669,18.67784,0.0,0.0
2023-03-08 06:00:00,29.21,312.00574,989.9813,4.558348,17.109234,0.0,0.0
2023-03-08 07:00:00,29.02,312.23676,989.8791,5.38831,17.694412,0.0,0.0
2023-03-08 08:00:00,27.06,311.9038,989.334,6.0000644,17.661364,0.0,0.0
2023-03-08 09:00:00,25.4,310.95068,989.427,5.945034,19.302517,0.0,0.0
2023-03-08 10:00:00,24.17,308.93805,990.2084,5.146405,24.28409,0.0,0.0
2023-03-08 11:00:00,23.18,306.6864,990.73914,4.508501,30.079464,0.0,0.0
2023-03-08 12:00:00,22.19,305.0124,991.7489,3.952967,34.570442,0.0,0.0
2023-03-08 13:00:00,22.62,303.52472,992.15485,3.7623944,38.75536,0.0,0.0
2023-03-08 14:00:00,22.13,302.3504,992.4441,3.557344,42.332108,0.0,0.0
2023-03-08 15:00:00,21.3,301.36597,992.1895,3.3525183,44.802986,0.0,0.0
2023-03-08 16:00:00,20.38,300.45358,991.8317,3.1719842,46.785423,0.0,0.0
2023-03-08 17:00:00,19.55,299.5243,991.5602,2.7947009,49.61167,0.0,0.0
2023-03-08 18:00:00,18.6,298.3023,991.2089,2.0036905,57.62101,0.0,0.0
2023-03-08 19:00:00,17.43,298.29584,991.2835,2.5689013,39.335274,0.0,0.0
2023-03-08 20:00:00,17.07,297.1095,991.4308,2.065105,45.254692,0.0,0.0
2023-03-08 21:00:00,17.49,296.6217,991.70056,1.6244093,45.35362,0.0,0.0
2023-03-08 22:00:00,17.44,296.94904,992.1259,1.0919832,39.48153,0.0,0.0
2023-03-08 23:00:00,17.69,297.68372,993.0065,0.633249,51.324207,0.0,0.0
2023-03-09 00:00:00,18.29,301.42896,993.4955,0.86655736,28.11904,0.0017170926,0.0
2023-03-09 01:00:00,18.27,304.0943,993.42694,0.914389,24.558598,0.0,0.0
2023-03-09 02:00:00,18.29,306.37103,992.91766,0.87800676,23.551056,0.0,0.0
2023-03-09 03:00:00,18.79,308.33795,991.9377,0.7592045,21.285793,0.0,0.0
2023-03-09 04:00:00,19.38,310.1009,990.755,2.036857,14.957541,0.0,0.0
2023-03-09 05:00:00,20.54,311.28552,989.535,3.5191019,12.203623,0.0,0.0
2023-03-09 06:00:00,20.02,311.88477,988.4174,4.097454,10.652352,0.0,0.0
2023-03-09 07:00:00,18.49,312.33112,988.1119,4.913232,9.802599,0.0,0.0
2023-03-09 08:00:00,16.05,312.11572,987.89453,4.8402357,9.349947,0.0,0.0
2023-03-09 09:00:00,14.36,311.3553,988.07367,4.4103065,9.631734,0.0,0.0
2023-03-09 10:00:00,13.56,309.54816,988.7544,3.0907094,11.862774,0.0,0.0
2023-03-09 11:00:00,13.51,307.43817,989.46594,2.9458191,14.765867,0.0,0.0
2023-03-09 12:00:00,14.09,305.6674,990.0497,3.018627,17.772491,0.0,0.0
2023-03-09 13:00:00,14.22,304.17242,990.4414,3.0247545,19.939445,0.0,0.0
2023-03-09 14:00:00,14.09,302.79788,990.7367,3.0199163,21.59918,0.0,0.0
2023-03-09 15:00:00,15.01,301.73975,990.97577,3.0736,24.199816,0.0,0.0
2023-03-09 16:00:00,15.85,300.8054,990.884,3.0529554,29.324045,0.0,0.0
2023-03-09 17:00:00,16.45,299.96042,990.9373,3.1831024,34.428616,0.0,0.0
2023-03-09 18:00:00,16.23,299.23364,990.8652,3.1764634,38.880074,0.0,0.0
2023-03-09 19:00:00,16.22,297.68707,991.20483,2.4614227,43.13978,0.0,0.0
2023-03-09 20:00:00,16.47,296.82935,991.6845,2.4588861,47.382416,0.0,0.0
2023-03-09 21:00:00,16.64,296.1159,992.0032,2.595897,50.251984,0.0,0.0
2023-03-09 22:00:00,16.32,295.56897,992.65515,2.6380768,52.55148,0.0,0.0
2023-03-09 23:00:00,16.31,298.01605,993.3236,2.165375,47.054752,0.0,0.0
2023-03-10 00:00:00,16.22,302.57,993.8656,2.7403774,32.77153,0.0,0.0
2023-03-10 01:00:00,16.09,305.6426,993.66956,3.5379367,26.517668,0.0,0.0
2023-03-10 02:00:00,15.35,307.72437,993.2449,3.4157677,19.820728,0.0,0.0
2023-03-10 03:00:00,14.97,308.89954,992.402,2.8304448,15.795331,0.0,0.0
2023-03-10 04:00:00,15.09,309.71783,991.1805,2.4400616,13.957688,0.0,0.0
2023-03-10 05:00:00,15.86,310.26996,989.9709,1.9073966,12.872784,0.0,0.0
2023-03-10 06:00:00,15.77,310.6585,989.051,1.5181358,12.08389,0.0,0.0
2023-03-10 07:00:00,15.43,311.22757,988.6909,2.275696,11.224088,0.0,0.0
2023-03-10 08:00:00,15.15,311.198,988.427,2.444769,10.787383,0.0,0.0
2023-03-10 09:00:00,14.8,310.8274,988.8016,2.5313544,10.682033,0.0,0.0
2023-03-10 10:00:00,14.51,309.4898,989.1312,1.9936804,12.809279,0.0,0.0
2023-03-10 11:00:00,15.06,307.46533,989.79016,1.8972121,17.178919,0.0,0.0
2023-03-10 12:00:00,15.15,305.5767,990.43256,1.6644049,22.216043,0.0,0.0
2023-03-10 13:00:00,14.83,303.50482,990.79315,1.5940093,32.930122,0.0,0.0
2023-03-10 14:00:00,13.86,301.7525,990.99835,1.5155516,39.093204,0.0,0.0
2023-03-10 15:00:00,13.93,300.66095,990.8979,0.8957729,43.875072,0.0,0.0
2023-03-10 16:00:00,14.07,300.51382,990.96655,0.9274392,37.17532,0.0,0.0
2023-03-10 17:00:00,13.66,298.00574,991.0115,2.1967964,44.864296,0.0,0.0
2023-03-10 18:00:00,13.4,297.43686,991.08435,2.8181927,42.26823,0.0,0.0
2023-03-10 19:00:00,13.52,296.5215,990.829,3.5086164,41.3786,0.0,0.0
2023-03-10 20:00:00,14.15,296.1477,991.19775,3.4975536,39.763756,0.0,0.0
2023-03-10 21:00:00,14.93,295.67728,991.9903,3.3857741,40.973263,0.0,0.0
2023-03-10 22:00:00,15.44,294.8869,992.95233,2.817156,47.737206,0.0,0.0
2023-03-10 23:00:00,16.18,297.04675,994.03235,2.2374718,47.121254,0.0,0.0
2023-03-11 00:00:00,17.16,300.68774,994.409,2.7178571,42.222385,0.0,0.0
2023-03-11 01:00:00,18.41,303.72327,994.5797,3.412085,42.842945,0.0,0.0
2023-03-11 02:00:00,19.7,306.14032,993.8845,3.6912518,37.040157,0.0,0.0
2023-03-11 03:00:00,19.25,307.9002,993.1099,3.519499,30.50831,0.0,0.0
2023-03-11 04:00:00,19.55,309.09354,992.09595,2.968836,25.276318,0.0,0.0
2023-03-11 05:00:00,19.44,309.8023,990.9076,2.291869,22.296164,0.0,0.0
2023-03-11 06:00:00,20.07,310.1953,990.2075,1.6369462,20.652618,0.0,0.0
2023-03-11 07:00:00,19.86,310.29413,989.9836,0.6315364,20.558123,0.0,0.0
2023-03-11 08:00:00,19.62,310.26044,989.77716,1.2393732,20.113596,0.0,0.0
2023-03-11 09:00:00,20.25,310.07977,990.1136,2.0046787,20.004473,0.0,0.0
2023-03-11 10:00:00,21.4,309.14093,990.6775,2.838007,21.740398,0.0,0.0
2023-03-11 11:00:00,22.63,307.70047,991.3561,3.6471186,25.110737,0.0,0.0
2023-03-11 12:00:00,22.0,306.35327,991.62225,3.9110918,27.586805,0.0,0.0
2023-03-11 13:00:00,20.75,305.16455,992.02814,3.6021736,29.59021,0.0,0.0
2023-03-11 14:00:00,20.03,303.97476,991.9988,2.6744435,32.24473,0.0,0.0
2023-03-11 15:00:00,20.53,302.41296,991.77454,1.3107822,42.261322,0.0,0.0
2023-03-11 16:00:00,21.11,301.07858,991.74,2.0897272,41.98335,0.0,0.0
2023-03-11 17:00:00,22.17,299.77026,991.8823,3.598296,48.679817,0.0,0.0
2023-03-11 18:00:00,24.14,298.63702,991.8719,4.032106,65.08929,0.0,0.0
2023-03-11 19:00:00,25.57,297.58194,991.92865,3.0595255,72.49361,0.0,0.0
2023-03-11 20:00:00,26.66,297.0279,992.24255,2.683144,85.1925,0.0,0.0
2023-03-11 21:00:00,26.11,296.65588,992.59796,2.580049,92.460846,0.0,0.0
2023-03-11 22:00:00,24.94,296.54767,993.32275,2.6754358,95.72766,0.0,0.0
2023-03-11 23:00:00,24.51,298.2622,994.01086,3.3229363,88.440445,0.0,0.0
2023-03-12 00:00:00,24.74,300.9983,994.4269,4.0844803,74.52583,0.0013002728,0.0
2023-03-12 01:00:00,25.24,303.59656,994.4297,4.449451,59.57988,0.0,0.0
2023-03-12 02:00:00,27.02,305.82214,993.94257,4.4595437,47.69586,0.0,0.0
2023-03-12 03:00:00,28.47,307.63492,993.28217,4.349876,38.851337,0.0,0.0
2023-03-12 04:00:00,28.41,308.9736,992.27295,3.7869434,32.276455,0.0,0.0
2023-03-12 05:00:00,28.32,309.97787,991.241,3.3968518,27.827051,0.0,0.0
2023-03-12 06:00:00,28.77,310.47067,990.36383,2.9043841,25.576487,0.0,0.0
2023-03-12 07:00:00,30.04,310.51303,990.28217,1.3917214,23.67049,0.0,0.0
2023-03-12 08:00:00,31.85,310.60974,989.9328,1.6310366,22.887901,0.0,0.0
2023-03-12 09:00:00,33.04,310.46713,990.1887,1.9150239,22.531584,0.0,0.0
2023-03-12 10:00:00,32.62,309.6704,990.65607,2.2873793,24.051615,0.0,0.0
2023-03-12 11:00:00,31.13,308.26746,991.1325,3.0015793,28.17153,0.0,0.0
2023-03-12 12:00:00,29.29,306.896,991.53375,3.4498234,31.739902,0.0,0.0
2023-03-12 13:00:00,27.54,305.69794,991.7561,3.5228722,34.90014,0.0,0.0
2023-03-12 14:00:00,26.53,304.6449,991.84595,2.8996024,37.726402,0.0,0.0
2023-03-12 15:00:00,26.32,303.15234,991.59467,1.4478779,47.29326,0.0,0.0
2023-03-12 16:00:00,25.7,302.63766,991.5472,0.95593655,45.609726,0.0,0.0
2023-03-12 17:00:00,24.98,301.10233,991.3303,2.5870774,46.88304,0.0,0.0
2023-03-12 18:00:00,26.08,299.89883,991.18274,3.0286613,51.71069,0.0,0.0
2023-03-12 19:00:00,26.9,298.54166,991.7438,2.9885068,62.78873,0.0,0.0
2023-03-12 20:00:00,27.54,297.7054,991.8967,3.1830254,71.458115,0.0,0.0
2023-03-12 21:00:00,28.4,297.1782,992.33875,2.8068357,81.15171,0.0,0.0
2023-03-12 22:00:00,28.95,296.8126,992.8245,2.3303277,88.35952,0.0,0.0
2023-03-12 23:00:00,29.22,298.5918,993.7749,2.4732523,83.25018,0.0,0.0
2023-03-13 00:00:00,27.59,301.23242,994.0513,2.9246416,71.07785,0.0,0.0
2023-03-13 01:00:00,28.08,303.9837,993.7854,2.9025674,57.826973,0.0,0.0
2023-03-13 02:00:00,28.77,306.55646,992.9966,2.9249175,44.75649,0.0,0.0
2023-03-13 03:00:00,29.09,308.49115,992.123,2.7262573,34.50251,0.0,0.0
2023-03-13 04:00:00,29.17,309.80035,991.16516,1.7218236,27.906015,0.0,0.0
2023-03-13 05:00:00,29.43,310.5263,990.03296,1.0579847,24.495201,0.0,0.0
2023-03-13 06:00:00,30.31,311.04434,989.3862,1.1906664,22.558065,0.0,0.0
2023-03-13 07:00:00,30.73,311.3794,989.5868,1.2248772,21.83325,0.0,0.0
2023-03-13 08:00:00,30.16,311.60178,989.39594,1.4615779,20.593372,0.0,0.0
2023-03-13 09:00:00,28.95,311.5614,989.5016,1.8289022,19.59281,0.0,0.0
2023-03-13 10:00:00,27.62,310.7677,989.6166,2.18296,20.459553,0.0,0.0
2023-03-13 11:00:00,26.7,309.31824,990.3234,2.8095064,23.895674,0.0,0.0
2023-03-13 12:00:00,26.48,307.78442,990.59106,2.8251343,27.31742,0.0,0.0
2023-03-13 13:00:00,27.13,306.32803,991.079,2.3807003,30.89121,0.0,0.0
2023-03-13 14:00:00,27.5,304.81476,991.31323,1.8768759,36.00101,0.0,0.0
2023-03-13 15:00:00,26.61,303.47897,991.22424,1.6685846,41.129677,0.0,0.0
2023-03-13 16:00:00,24.8,302.4735,990.9589,1.6625205,42.18188,0.0,0.0
2023-03-13 17:00:00,23.28,301.23624,990.8577,2.7733116,43.18841,0.0,0.0
2023-03-13 18:00:00,22.77,299.82227,990.72986,3.3973293,51.49643,0.0,0.0
2023-03-13 19:00:00,24.9,298.33655,990.9339,2.6044173,61.5322,0.0,0.0
2023-03-13 20:00:00,26.37,297.61652,991.3806,2.5509572,67.050354,0.0,0.0
2023-03-13 21:00:00,26.46,297.05927,991.9534,2.2392888,74.31289,0.0,0.0
2023-03-13 22:00:00,25.76,296.62488,992.85236,1.9712793,81.20613,0.0,0.0
2023-03-13 23:00:00,26.98,298.63718,993.71686,1.6765299,76.903534,0.0,0.0
2023-03-14 00:00:00,,301.46613,994.2512,1.6234185,68.16533,0.0,0.0
2023-03-14 01:00:00,,304.40295,994.21454,1.6495517,55.252872,0.0,0.0
2023-03-14 02:00:00,,307.083,993.62555,1.4909023,40.76278,0.0,0.0
2023-03-14 03:00:00,,309.00214,992.9277,0.83018553,30.760765,0.0,0.0
2023-03-14 04:00:00,,310.286,991.93445,0.48834312,26.049694,0.0,0.0
2023-03-14 05:00:00,,311.31882,990.8194,1.1144681,22.976234,0.0,0.0
2023-03-14 06:00:00,,312.336,990.02924,1.6541504,20.210772,0.0,0.0
2023-03-14 07:00:00,,313.53204,989.58795,3.0966213,17.01574,0.0,0.0
2023-03-14 08:00:00,,314.0688,989.54846,4.2649856,15.141584,0.0,0.0
2023-03-14 09:00:00,,313.5551,989.7889,5.5177484,14.357217,0.0,0.0
2023-03-14 10:00:00,,312.34207,990.4302,5.8817225,14.980965,0.0,0.0
2023-03-14 11:00:00,,310.87146,991.10944,6.221779,16.136358,0.0,0.0
2023-03-14 12:00:00,,309.65115,991.9571,6.246003,17.145355,0.0,0.0
2023-03-14 13:00:00,,308.4862,992.23047,6.0966463,18.33301,0.0,0.0
2023-03-14 14:00:00,,307.20898,992.3921,5.483633,19.97377,0.0,0.0
2023-03-14 15:00:00,,306.03714,992.03595,5.046509,21.61997,0.0,0.0
2023-03-14 16:00:00,,304.98187,992.14575,4.7708373,23.018953,0.0,0.0
2023-03-14 17:00:00,,303.9948,991.9228,4.509067,24.372198,0.0,0.0
2023-03-14 18:00:00,,303.11313,991.97046,4.353511,25.865746,0.0,0.0
2023-03-14 19:00:00,,301.65833,992.3223,4.0885177,30.096376,0.0,0.0
2023-03-14 20:00:00,,300.85944,992.71796,3.76921,32.314137,0.0,0.0
2023-03-14 21:00:00,,300.20374,993.1138,3.522235,34.16439,0.0,0.0
2023-03-14 22:00:00,,299.721,993.71375,3.360739,35.60327,0.0,0.0
2023-03-14 23:00:00,,301.74268,994.12946,2.791911,32.498726,0.0,0.0
2023-03-15 00:00:00,21.54,305.62488,994.7505,3.1933186,24.578964,0.0,0.0
2023-03-15 01:00:00,21.93,308.75046,994.63007,3.9239905,19.713734,0.0,0.0
2023-03-15 02:00:00,23.71,311.49246,993.95013,4.620539,15.270622,0.0,0.0
2023-03-15 03:00:00,24.59,313.57977,993.07245,6.220545,11.371306,0.0,0.0
2023-03-15 04:00:00,24.61,314.57507,992.20306,7.4915624,10.852428,0.0,0.0
2023-03-15 05:00:00,24.93,315.06555,991.3803,8.082088,10.86409,0.0,0.0
2023-03-15 06:00:00,24.65,315.158,990.9136,8.184106,11.1079645,0.0,0.0
2023-03-15 07:00:00,24.48,314.96652,990.46075,7.905835,12.237685,0.0,0.0
2023-03-15 08:00:00,24.81,314.3523,990.9172,7.5011325,13.01019,0.0,0.0
2023-03-15 09:00:00,25.22,313.38855,991.2551,6.9030595,14.049024,0.0,0.0
2023-03-15 10:00:00,25.73,311.80338,992.1064,5.5184054,15.758133,0.0,0.0
2023-03-15 11:00:00,26.29,310.2371,992.88513,5.121966,17.542744,0.0,0.0
2023-03-15 12:00:00,26.65,308.9166,993.5539,5.027748,19.06234,0.0,0.0
2023-03-15 13:00:00,26.78,307.73352,993.79456,4.9619703,20.30245,0.0,0.0
2023-03-15 14:00:00,25.82,306.66193,993.895,4.817864,21.366096,0.0,0.0
2023-03-15 15:00:00,24.65,305.71262,993.59625,4.7435627,22.2834,0.0,0.0
2023-03-15 16:00:00,23.8,304.88132,993.33655,4.9061227,23.111814,0.0,0.0
2023-03-15 17:00:00,22.66,304.10815,993.1309,5.0023794,24.212765,0.0,0.0
2023-03-15 18:00:00,21.19,303.4358,993.1967,5.1624146,25.739119,0.0,0.0
2023-03-15 19:00:00,20.39,301.76523,993.5637,4.41796,30.930979,0.0,0.0
2023-03-15 20:00:00,20.29,301.023,993.97656,4.213403,33.526455,0.0,0.0
2023-03-15 21:00:00,20.18,300.32913,994.5595,3.9110596,35.862347,0.0,0.0
2023-03-15 22:00:00,19.38,299.56976,995.0719,3.3367686,38.441742,0.0,0.0
2023-03-15 23:00:00,20.12,301.17615,995.71405,2.5906484,36.359653,0.0,0.0
2023-03-16 00:00:00,22.87,304.2132,996.02515,3.243234,31.26601,0.0012881692,0.0
2023-03-16 01:00:00,23.94,306.79477,996.02734,4.0954466,29.149414,0.0,0.0
2023-03-16 02:00:00,24.81,308.8401,995.1984,4.194205,26.571497,0.0,0.0
2023-03-16 03:00:00,25.01,310.39868,994.5667,3.6412525,23.756863,0.0,0.0
2023-03-16 04:00:00,25.82,311.61096,993.3175,3.1120343,21.274181,0.0,0.0
2023-03-16 05:00:00,27.98,312.681,992.1953,3.0349395,18.83849,0.0,0.0
2023-03-16 06:00:00,29.95,313.65167,991.2636,3.3504555,16.54152,0.0,0.0
2023-03-16 07:00:00,30.81,314.4269,990.63794,3.8474822,14.641563,0.0,0.0
2023-03-16 08:00:00,31.37,314.6938,990.32874,4.47206,13.588709,0.0,0.0
2023-03-16 09:00:00,31.5,314.23853,990.6329,4.9075766,13.770374,0.0,0.0
2023-03-16 10:00:00,31.72,312.98288,991.28143,4.1460247,15.079209,0.0,0.0
2023-03-16 11:00:00,31.99,311.7315,992.1821,4.4065332,16.603376,0.0,0.0
2023-03-16 12:00:00,32.58,310.4947,992.7475,5.2109323,18.377594,0.0,0.0
2023-03-16 13:00:00,33.1,309.41672,993.29315,5.0185084,20.694551,0.0,0.0
2023-03-16 14:00:00,33.07,307.4132,993.3081,3.4725695,24.430218,0.0,0.0
2023-03-16 15:00:00,32.94,305.4124,993.57983,4.6526074,33.44556,0.0,0.0
2023-03-16 16:00:00,33.32,303.43378,993.52094,5.3658137,49.58506,0.0,0.0
2023-03-16 17:00:00,33.81,302.29126,993.2001,4.62292,59.677113,0.0,0.0
2023-03-16 18:00:00,34.44,301.63855,993.13336,4.215259,64.17817,0.0,0.0
2023-03-16 19:00:00,35.11,300.62848,993.28766,4.213883,68.98536,0.0,0.0
2023-03-16 20:00:00,35.89,300.13507,993.76935,4.1417065,72.881355,0.0,0.0
2023-03-16 21:00:00,35.87,299.71912,993.9381,4.0409136,75.9712,0.0,0.0
2023-03-16 22:00:00,35.03,299.45187,994.64685,3.7257273,77.922165,0.0,0.0
2023-03-16 23:00:00,34.84,300.90778,995.10767,3.9940119,70.84452,0.0,0.0
2023-03-17 00:00:00,35.62,303.44788,995.45526,4.451834,57.397724,0.0,0.0
2023-03-17 01:00:00,36.41,306.06134,995.4528,4.658958,45.674152,0.0,0.0
2023-03-17 02:00:00,38.25,308.23312,994.5681,4.536113,37.819508,0.0,0.0
2023-03-17 03:00:00,38.59,309.96017,993.8231,4.00677,32.165466,0.0,0.0
2023-03-17 04:00:00,38.73,311.17957,992.702,3.4383664,28.46026,0.0,0.0
2023-03-17 05:00:00,39.62,312.07648,991.7322,2.9055514,25.992962,0.0,0.0
2023-03-17 06:00:00,40.46,312.3227,991.1192,2.1954422,24.660748,0.0,0.0
2023-03-17 07:00:00,41.25,312.37952,990.4892,0.99609303,25.092321,0.0,0.0
2023-03-17 08:00:00,41.88,312.12354,990.49884,0.91396075,25.03784,0.0,0.0
2023-03-17 09:00:00,42.4,312.0885,990.41095,1.7072783,24.765799,0.0038594007,0.0
2023-03-17 10:00:00,42.34,310.9123,991.40875,0.2629244,26.444304,0.0034347181,0.0
2023-03-17 11:00:00,42.61,308.29883,992.7209,1.9518032,33.721706,0.5322099,0.0
2023-03-17 12:00:00,44.11,306.74805,993.07806,3.8829782,41.668083,0.032767653,2.8999999
2023-03-17 13:00:00,44.57,305.33215,992.9408,4.3700156,49.80316,0.0,3.79
2023-03-17 14:00:00,43.17,304.45172,992.73413,4.5364265,55.673878,0.0,0.0
2023-03-17 15:00:00,41.61,303.6626,992.5795,5.1376605,60.831524,0.0,0.84
2023-03-17 16:00:00,40.82,303.03705,992.0422,4.875261,64.75584,0.0,0.0
2023-03-17 17:00:00,40.98,302.4901,991.7439,4.164801,67.60231,0.0,0.0
2023-03-17 18:00:00,41.26,301.8454,991.8317,3.987435,70.95672,0.0,0.0
2023-03-17 19:00:00,41.38,300.5057,992.48865,3.826051,75.26493,0.0,0.0
2023-03-17 20:00:00,40.59,299.9365,993.2718,3.3461757,79.411064,0.0,0.0
2023-03-17 21:00:00,38.79,299.5135,993.6118,3.0092714,82.86718,0.0,0.0
2023-03-17 22:00:00,38.01,299.2608,994.15155,2.7370808,85.30544,0.0,0.0
2023-03-17 23:00:00,38.13,300.57657,994.9282,3.2807772,79.81104,0.0,0.0
2023-03-18 00:00:00,39.95,302.8016,995.4322,3.6301231,68.06318,0.5737543,0.0
2023-03-18 01:00:00,40.6,305.27393,995.6922,3.7773118,54.874443,0.0,0.0
2023-03-18 02:00:00,40.83,307.51782,994.95624,3.8713732,44.597733,0.0,0.0
2023-03-18 03:00:00,41.48,309.37256,994.07495,3.6237152,36.717793,0.0031143427,0.0
2023-03-18 04:00:00,41.99,310.68555,992.82404,3.0873964,31.079727,0.012695789,0.0
2023-03-18 05:00:00,42.23,311.59283,991.7671,2.4932623,27.628225,0.0038221478,0.0
2023-03-18 06:00:00,41.44,311.885,990.9879,1.3916534,25.855627,0.0,0.0
2023-03-18 07:00:00,40.24,311.8511,990.57513,0.874247,25.834566,0.0012889504,0.0
2023-03-18 08:00:00,40.19,311.64896,990.5711,1.3516006,25.737429,0.0,0.0
2023-03-18 09:00:00,41.07,310.97565,990.71155,1.8037264,25.093826,0.0,0.0
2023-03-18 10:00:00,42.17,310.34167,990.984,2.5212102,25.986511,0.0,0.0
2023-03-18 11:00:00,41.43,309.46698,991.5214,1.6041296,27.839808,0.0014975667,0.0
2023-03-18 12:00:00,40.94,308.80743,992.4972,1.935705,29.766998,0.0,0.0
2023-03-18 13:00:00,41.25,307.70734,992.8786,2.5092597,32.702194,0.0,0.0
2023-03-18 14:00:00,40.07,306.7637,992.9482,2.7976124,35.24737,0.0,0.0
2023-03-18 15:00:00,39.19,305.9254,992.4221,2.971114,37.500362,0.0,0.0
2023-03-18 16:00:00,38.64,305.0993,992.0742,3.0977707,40.80912,0.0,0.0
2023-03-18 17:00:00,39.23,304.19543,991.5559,2.946977,46.281044,0.0,0.0
2023-03-18 18:00:00,39.5,303.37042,991.4718,2.230838,52.231174,0.0,0.0
2023-03-18 19:00:00,39.75,302.9397,992.2057,0.8734828,50.204586,0.0,0.0
2023-03-18 20:00:00,40.58,301.99945,992.70197,0.53626126,53.08235,0.0,0.0
2023-03-18 21:00:00,40.95,300.98352,993.1961,0.94607896,58.753784,0.0,0.0
2023-03-18 22:00:00,40.4,300.61194,993.789,0.7368246,60.06688,0.0,0.0
2023-03-18 23:00:00,39.3,302.22144,994.52185,1.0695531,51.170902,0.0,0.0
2023-03-19 00:00:00,35.83,305.09662,995.0248,1.7910365,39.58453,0.022485852,0.0
2023-03-19 01:00:00,35.53,307.3725,994.87396,2.1636095,33.82019,0.0,0.0
2023-03-19 02:00:00,34.78,309.1062,994.2522,2.5999963,30.290424,0.0,0.0
2023-03-19 03:00:00,34.32,310.3802,993.3015,2.173053,26.660368,0.0,0.0
2023-03-19 04:00:00,33.45,311.34122,992.3078,2.2488105,23.627384,0.0,0.0
2023-03-19 05:00:00,33.74,311.8543,991.17114,2.5248356,22.088448,0.0,0.0
2023-03-19 06:00:00,34.83,312.42172,990.37134,2.488245,20.906576,0.0017136335,0.0
2023-03-19 07:00:00,37.62,312.4562,990.01764,2.5551858,21.751602,0.0,0.0
2023-03-19 08:00:00,39.54,312.33255,989.3329,2.3320973,21.81857,0.0,0.0
2023-03-19 09:00:00,40.7,311.89478,989.5439,2.9067774,22.289248,0.0,0.0
2023-03-19 10:00:00,41.9,311.02756,990.52435,4.328897,24.020634,0.0,0.0
2023-03-19 11:00:00,43.9,309.73392,991.6472,5.6188226,27.571,0.0,0.0
2023-03-19 12:00:00,46.11,308.5615,992.7268,6.5110974,31.371534,0.0,0.0
2023-03-19 13:00:00,47.03,307.65637,993.47516,5.361598,34.263535,0.004597008,0.0
2023-03-19 14:00:00,48.07,306.73303,993.807,5.301081,37.519592,0.011079013,0.0
2023-03-19 15:00:00,48.22,305.27252,993.7456,4.488539,44.057236,0.0,0.0
2023-03-19 16:00:00,48.23,303.95868,993.4057,3.9958172,50.338257,0.0,0.0
2023-03-19 17:00:00,49.21,303.14154,993.0513,3.3984134,54.679913,0.0,0.0
2023-03-19 18:00:00,49.82,302.6895,993.0156,2.5935228,57.148396,0.0,0.0
2023-03-19 19:00:00,50.05,302.58185,993.26385,1.3511823,52.90594,0.0,0.0
2023-03-19 20:00:00,49.08,301.95953,993.4894,1.5716588,56.667526,0.0,0.0
2023-03-19 21:00:00,48.03,301.3509,993.40576,1.8022672,61.002438,0.0,0.0
2023-03-19 22:00:00,46.58,300.93054,993.913,1.7639848,65.23881,0.0,0.0
2023-03-19 23:00:00,45.78,302.0409,994.19525,1.6673108,62.99814,0.0,0.0
2023-03-20 00:00:00,48.03,304.03943,994.56726,0.9072883,52.859543,0.018703938,0.0
2023-03-20 01:00:00,47.78,305.46802,994.7617,0.59847784,46.68742,0.0,0.0
2023-03-20 02:00:00,47.94,307.2215,994.0701,1.637877,40.922157,0.0,0.0
2023-03-20 03:00:00,47.07,309.00372,993.2467,2.413422,35.24356,0.0,0.0
2023-03-20 04:00:00,46.72,310.32327,992.1933,3.3915253,30.679794,0.0,0.0
2023-03-20 05:00:00,47.23,311.18057,991.23914,3.8164678,27.949726,0.0,0.0
2023-03-20 06:00:00,47.61,311.87134,990.315,4.0798955,25.807482,0.0,0.0
2023-03-20 07:00:00,47.33,311.8308,990.2109,4.7491617,24.999617,0.0,0.0
2023-03-20 08:00:00,46.87,311.77017,989.94836,5.0841346,23.809368,0.0,0.0
2023-03-20 09:00:00,46.03,311.0669,990.16956,6.0155687,23.661457,0.0,0.0
2023-03-20 10:00:00,44.44,309.8365,991.09393,5.6231284,25.35103,0.0038251283,0.0
2023-03-20 11:00:00,43.72,309.12186,992.3231,5.492854,26.936647,0.0,0.0
2023-03-20 12:00:00,44.05,308.2409,992.8733,5.252166,29.03474,0.0,0.0
2023-03-20 13:00:00,45.22,307.40588,993.29,5.086469,31.342,0.0,0.0
2023-03-20 14:00:00,45.54,306.54926,993.5539,4.935458,34.025158,0.0,0.0
2023-03-20 15:00:00,45.16,305.8111,993.5285,4.691782,36.71652,0.0,0.0
2023-03-20 16:00:00,44.21,305.15747,993.34467,4.221896,39.201843,0.0,0.0
2023-03-20 17:00:00,43.58,304.4709,992.75604,3.4448094,41.61878,0.0,0.0
2023-03-20 18:00:00,43.18,303.85776,992.35175,2.7947233,43.85296,0.0,0.0
2023-03-20 19:00:00,42.27,302.93875,992.5508,2.899549,44.865776,0.0,0.0
2023-03-20 20:00:00,41.78,302.25052,992.76764,2.5029976,47.041706,0.0,0.0
2023-03-20 21:00:00,41.85,301.59473,993.2436,2.1329658,49.478573,0.0,0.0
2023-03-20 22:00:00,41.72,300.94754,993.65845,1.8201878,52.29202,0.0,0.0
2023-03-20 23:00:00,41.76,302.46228,994.56866,1.932743,47.324703,0.0,0.0
2023-03-21 00:00:00,40.83,304.88092,994.91284,3.4343438,40.339096,0.0051073595,0.0
2023-03-21 01:00:00,40.32,306.9602,995.2073,4.287178,36.074787,0.0,0.0
2023-03-21 02:00:00,40.41,308.97128,994.6114,5.2353206,30.518393,0.0,0.0
2023-03-21 03:00:00,41.31,310.37552,993.71735,6.2846093,26.731644,0.0,0.0
2023-03-21 04:00:00,41.74,311.1986,992.83405,6.7258162,24.413074,0.0,0.0
2023-03-21 05:00:00,41.0,311.93042,991.5095,6.7973056,22.792465,0.0,0.0
2023-03-21 06:00:00,40.39,311.71628,990.6106,6.6281333,22.42814,0.0,0.0
2023-03-21 07:00:00,41.39,310.87885,990.54315,7.004881,26.040577,0.0,0.0
2023-03-21 08:00:00,42.75,310.52203,990.3046,6.5502524,27.080784,0.0,0.0
2023-03-21 09:00:00,44.65,309.81537,990.68744,5.9173245,28.945118,0.0,0.0
2023-03-21 10:00:00,45.11,308.85352,991.5664,5.2941556,30.923277,0.024236739,0.0
2023-03-21 11:00:00,45.84,308.1372,992.3303,4.757505,33.021008,0.0,0.0
2023-03-21 12:00:00,47.18,307.50217,993.2642,4.7913313,34.979813,0.0,0.0
2023-03-21 13:00:00,47.5,306.5905,993.5365,4.352917,38.03592,0.0,0.0
2023-03-21 14:00:00,46.93,305.81583,993.79486,3.997707,40.885895,0.0,0.0
2023-03-21 15:00:00,45.65,305.05188,993.5181,3.6371562,43.33095,0.0,0.0
2023-03-21 16:00:00,44.07,304.5357,993.08716,3.4805093,44.9516,0.0,0.0
2023-03-21 17:00:00,43.38,304.09448,992.79846,3.375864,46.36577,0.0,0.0
2023-03-21 18:00:00,42.81,303.6214,992.40125,2.9103577,48.05874,0.0,0.0
2023-03-21 19:00:00,42.75,302.4499,992.03845,2.4172812,50.22515,0.0,0.0
2023-03-21 20:00:00,43.29,301.78354,992.2617,2.3052347,53.020836,0.0,0.0
2023-03-21 21:00:00,42.72,301.27145,992.5105,2.390415,55.185844,0.0,0.0
2023-03-21 22:00:00,41.92,300.8968,992.95544,2.5455034,56.80136,0.0,0.0
2023-03-21 23:00:00,41.66,302.54376,993.58264,2.7368307,51.77821,0.0,0.0
2023-03-22 00:00:00,42.01,304.575,994.04,3.4859517,46.262367,0.025519729,0.0
2023-03-22 01:00:00,41.61,306.37173,994.0346,3.6215663,41.1689,0.0,0.0
2023-03-22 02:00:00,41.39,308.15356,993.3207,4.0061893,36.405285,0.0,0.0
2023-03-22 03:00:00,41.79,309.75653,992.4478,4.5683136,32.476276,0.0013113022,0.0
2023-03-22 04:00:00,42.28,311.0336,991.3024,5.1270947,29.424063,0.0,0.0
2023-03-22 05:00:00,41.23,312.0523,989.90686,5.253657,27.47728,0.0,0.0
2023-03-22 06:00:00,40.7,311.8932,988.911,5.1432695,27.47932,0.0,0.0
2023-03-22 07:00:00,40.25,309.6294,989.59045,7.822691,31.357843,0.33567995,0.0
2023-03-22 08:00:00,40.49,306.1688,990.27655,7.1202016,45.963066,0.01257658,0.0
2023-03-22 09:00:00,42.16,305.9057,990.4147,5.422936,46.324818,0.0,0.0
2023-03-22 10:00:00,44.9,305.46558,991.2212,4.8751683,47.950798,0.0,0.0
2023-03-22 11:00:00,46.7,305.11987,992.0712,6.0639653,50.25296,0.0,0.0
2023-03-22 12:00:00,47.98,304.06738,992.96295,6.2221894,55.82459,0.0,0.0
2023-03-22 13:00:00,48.54,303.48178,993.40265,4.844227,58.305447,0.0,0.0
2023-03-22 14:00:00,48.54,303.1961,993.50116,3.7494268,59.231926,0.0,0.0
2023-03-22 15:00:00,49.11,302.87482,993.4793,2.9348571,60.365074,0.0,0.03
2023-03-22 16:00:00,49.01,302.6125,993.2531,2.6286142,61.410393,0.0,0.0
2023-03-22 17:00:00,47.61,302.2339,992.755,1.5988822,63.259804,0.0,0.0
2023-03-22 18:00:00,46.14,301.81876,992.46643,1.0155613,65.907555,0.0,0.0
2023-03-22 19:00:00,46.71,301.03815,992.9456,3.0194614,70.48577,0.0,0.0
2023-03-22 20:00:00,48.1,300.6846,993.27826,2.8121493,71.91611,0.0,0.0
2023-03-22 21:00:00,49.12,300.4159,993.6474,2.2954514,72.66137,0.0,0.0
2023-03-22 22:00:00,49.18,300.08218,994.04456,1.5682659,74.064766,0.0,0.0
2023-03-22 23:00:00,48.32,300.56882,994.5531,1.2949795,70.80304,0.0,0.0
2023-03-23 00:00:00,48.55,301.85178,995.28406,1.3349029,65.55159,0.3515436,0.0
2023-03-23 01:00:00,48.67,303.46088,995.3797,1.8172442,59.419918,0.0,0.0
2023-03-23 02:00:00,48.83,305.62653,994.85406,2.4680955,51.717163,0.0,0.0
2023-03-23 03:00:00,49.16,307.52902,994.081,3.070474,44.94118,0.0012889504,0.0
2023-03-23 04:00:00,50.13,308.94656,993.07513,3.389101,40.175404,0.0045225024,0.0
2023-03-23 05:00:00,51.15,309.74368,991.6942,3.6462603,37.795048,0.0,0.34
2023-03-23 06:00:00,51.25,310.14297,990.8114,3.8374903,36.556225,0.0,0.0
2023-03-23 07:00:00,50.24,309.93842,990.87506,4.3505135,33.78953,0.0,0.0
2023-03-23 08:00:00,49.16,309.3629,990.60486,4.224894,34.03684,0.0,0.0
2023-03-23 09:00:00,49.23,308.77512,990.7667,3.7686052,33.688866,0.0,0.0
2023-03-23 10:00:00,49.44,308.1914,991.60974,3.5080628,34.72179,0.0,0.0
2023-03-23 11:00:00,48.48,307.5479,992.6286,3.1669924,36.823296,0.0,0.0
2023-03-23 12:00:00,48.77,306.62454,993.6805,2.4827564,39.515656,0.018812716,0.0
2023-03-23 13:00:00,50.0,306.0103,994.3323,2.2678814,42.14223,0.0,0.0
2023-03-23 14:00:00,51.0,305.2533,994.5602,2.2092247,44.939075,0.0,0.0
2023-03-23 15:00:00,51.38,304.3653,994.61096,2.1755111,47.62098,0.0,0.0
2023-03-23 16:00:00,51.11,303.5705,994.3314,2.0353086,50.12721,0.0,0.0
2023-03-23 17:00:00,51.31,302.79483,994.3244,1.0923624,54.889423,0.0,0.0
2023-03-23 18:00:00,51.77,302.12924,993.7246,1.2261496,57.981197,0.0,0.03
2023-03-23 19:00:00,52.53,302.13193,993.3192,1.2382414,57.78282,0.0,0.0
2023-03-23 20:00:00,52.89,301.66095,993.40326,2.0965295,58.218597,0.0,0.0
2023-03-23 21:00:00,51.31,301.23398,993.84705,2.1200433,60.15176,0.0,0.0
2023-03-23 22:00:00,50.25,300.78757,994.43787,1.4778187,64.09928,0.0,0.0
2023-03-23 23:00:00,49.58,301.7899,995.2229,1.3484566,60.455437,0.0,0.0
2023-03-24 00:00:00,50.43,303.52954,995.6786,1.0665265,52.63588,0.02657473,0.0
2023-03-24 01:00:00,49.99,305.16995,995.6654,0.6111072,46.94735,0.0,0.0
2023-03-24 02:00:00,50.07,306.77997,994.9914,1.087574,43.32416,0.0,0.0
2023-03-24 03:00:00,50.21,308.2672,994.3176,2.251829,39.63537,0.0,0.0
2023-03-24 04:00:00,49.88,309.54034,993.2862,2.9715729,36.241398,0.0,0.0
2023-03-24 05:00:00,49.08,310.0838,992.32263,3.1804698,34.52704,0.0,0.0
2023-03-24 06:00:00,48.76,310.49725,991.3806,3.584343,33.118717,0.0,0.0
2023-03-24 07:00:00,47.09,312.37018,990.3758,5.6808224,26.627436,0.0,0.0
2023-03-24 08:00:00,45.84,312.199,990.2983,5.8103156,24.757633,0.0,0.0
2023-03-24 09:00:00,44.83,311.46442,990.7148,5.616507,23.590502,0.0,0.0
2023-03-24 10:00:00,44.8,310.80914,991.6902,4.8477,23.867474,0.0,0.0
2023-03-24 11:00:00,45.83,309.71222,992.20593,3.061723,25.462753,0.0,0.0
2023-03-24 12:00:00,46.22,307.7326,992.84,2.1322784,30.729029,0.0,0.0
2023-03-24 13:00:00,47.45,305.66278,993.5945,3.6496048,42.872055,0.0,0.0
2023-03-24 14:00:00,48.32,303.3639,994.05334,5.2255716,60.43976,0.0,0.0
2023-03-24 15:00:00,48.31,302.2792,994.08984,5.2392383,69.26261,0.0,0.0
2023-03-24 16:00:00,47.63,301.6699,993.7421,4.1086044,74.8475,0.0,0.0
2023-03-24 17:00:00,47.65,301.49268,993.455,3.4002333,75.80331,0.001692772,0.0
2023-03-24 18:00:00,47.73,301.1657,993.35486,2.8056772,77.61389,0.0,0.0
2023-03-24 19:00:00,46.73,300.13513,993.6329,2.870976,80.2967,0.0,0.0
2023-03-24 20:00:00,46.25,299.89374,993.65515,2.4794877,81.988945,0.0,0.0
2023-03-24 21:00:00,45.15,299.7768,993.9969,1.9159516,82.921906,0.0,0.0
2023-03-24 22:00:00,44.37,299.5434,994.3064,0.8864386,84.425606,0.0,0.0
2023-03-24 23:00:00,44.26,300.40585,994.77075,0.10637905,79.06497,0.0,0.0
2023-03-25 00:00:00,45.1,302.146,994.9467,1.0003734,68.90997,0.0040828856,0.0
2023-03-25 01:00:00,44.0,304.56293,994.9922,1.6648781,55.55261,0.0,0.0
2023-03-25 02:00:00,42.46,307.10236,994.2058,2.9593017,40.75719,0.0,0.0
2023-03-25 03:00:00,41.06,309.2704,993.34357,4.536833,29.327234,0.0,0.0
2023-03-25 04:00:00,40.47,311.0655,992.076,5.6590786,22.845127,0.0,0.0
2023-03-25 05:00:00,40.16,312.2135,990.8042,5.892453,18.438751,0.0,0.0
2023-03-25 06:00:00,39.16,312.84238,989.81995,5.704529,16.316162,0.0,0.0
2023-03-25 07:00:00,36.87,313.22003,989.3019,5.4539156,14.356587,0.0,0.0
2023-03-25 08:00:00,33.45,312.92453,989.1046,5.1572337,14.1730175,0.0,0.0
2023-03-25 09:00:00,30.53,312.21118,989.4783,4.744987,14.581299,0.0,0.0
2023-03-25 10:00:00,29.98,310.80768,989.9666,4.3324003,16.081127,0.0,0.0
2023-03-25 11:00:00,30.28,309.9203,990.43384,5.308212,17.340076,0.0,0.0
2023-03-25 12:00:00,31.0,309.18393,991.0733,4.80979,18.689081,0.0,0.0
2023-03-25 13:00:00,32.94,307.78235,991.90546,2.974492,21.41995,0.0,0.0
2023-03-25 14:00:00,33.3,306.26358,992.38104,3.0471544,28.389116,0.0,0.0
2023-03-25 15:00:00,33.75,304.5531,992.3446,4.592539,44.552532,0.0,0.0
2023-03-25 16:00:00,34.08,303.07263,992.39813,5.1493597,60.774178,0.0,0.0
2023-03-25 17:00:00,35.21,302.16156,992.3006,4.8318515,67.05,0.0,0.0
2023-03-25 18:00:00,37.04,301.59122,992.02905,4.35819,70.48145,0.0,0.0
2023-03-25 19:00:00,38.44,300.82532,992.2436,3.9773006,71.02531,0.0,0.0
2023-03-25 20:00:00,39.45,300.34613,992.1395,3.543974,74.58057,0.0,0.0
2023-03-25 21:00:00,39.27,300.01196,992.31464,2.8897731,77.84505,0.0,0.0
2023-03-25 22:00:00,38.62,299.76535,992.51263,2.3048258,80.43874,0.0,0.0
2023-03-25 23:00:00,38.56,300.97174,993.0173,2.6226528,75.56195,0.0,0.0
2023-03-26 00:00:00,39.52,302.91974,993.22626,2.6662152,65.92718,0.0,0.0
2023-03-26 01:00:00,39.89,305.13953,993.2127,2.555938,53.651714,0.0,0.0
2023-03-26 02:00:00,40.3,306.74393,992.5403,2.3468363,44.61549,0.0,0.0
2023-03-26 03:00:00,40.33,307.6817,991.79095,2.3617647,39.7509,0.0,0.0
2023-03-26 04:00:00,40.61,308.35132,990.73486,2.3073688,36.44133,0.0,0.0
2023-03-26 05:00:00,40.1,309.0039,989.705,2.07904,33.735092,0.0,0.0
2023-03-26 06:00:00,39.55,309.37396,989.017,1.8918386,31.993658,0.0,0.0
2023-03-26 07:00:00,39.75,309.849,988.91693,1.608942,29.97251,0.0,0.0
2023-03-26 08:00:00,40.41,309.82727,988.82153,1.6714404,29.602415,0.0,0.0
2023-03-26 09:00:00,40.29,309.4443,989.08844,1.9262253,30.193277,0.0,0.0
2023-03-26 10:00:00,40.33,308.8082,989.70044,2.3231845,31.405699,0.0,0.0
2023-03-26 11:00:00,39.91,308.27167,990.1827,2.9885414,32.933212,0.0,0.0
2023-03-26 12:00:00,40.54,307.61304,990.50775,3.6007485,35.037987,0.0,0.0
2023-03-26 13:00:00,41.87,306.7387,990.8578,4.4146385,38.291092,0.0,0.0
2023-03-26 14:00:00,42.53,305.75037,990.78925,4.7012577,42.74506,0.0,0.0
2023-03-26 15:00:00,43.22,304.8297,990.90186,4.5335197,46.98161,0.0,0.0
2023-03-26 16:00:00,44.61,303.97958,990.863,4.4391127,51.507126,0.0,0.0
2023-03-26 17:00:00,46.02,303.06314,990.8672,4.1819763,57.221455,0.0,0.0
2023-03-26 18:00:00,46.77,302.45538,991.2882,3.7636313,62.274124,0.0,0.0
2023-03-26 19:00:00,48.18,301.6328,991.10706,3.5000901,68.154236,0.0,0.0
2023-03-26 20:00:00,49.65,301.04147,991.28156,3.2384655,72.61061,0.0,0.0
2023-03-26 21:00:00,49.85,300.63928,991.9453,3.2266078,75.53481,0.0,0.0
2023-03-26 22:00:00,49.84,300.30048,991.9956,3.1008453,77.62857,0.0,0.0
2023-03-26 23:00:00,49.77,301.26825,992.7452,3.7343724,74.49635,0.0,0.0
2023-03-27 00:00:00,49.52,303.05438,993.2581,3.605313,67.69713,0.0077068806,0.0
2023-03-27 01:00:00,49.17,304.82455,993.1805,3.146897,58.970104,0.015773624,0.0
2023-03-27 02:00:00,48.75,306.53656,992.59125,3.1226394,50.655216,0.0049211085,0.0
2023-03-27 03:00:00,47.94,307.5525,991.955,2.872723,45.721157,0.027637929,0.0
2023-03-27 04:00:00,47.12,307.9763,991.17017,2.2810557,43.337025,0.0018142164,0.0
2023-03-27 05:00:00,45.96,308.4207,990.4551,1.8452612,40.94382,0.0,0.0
2023-03-27 06:00:00,45.03,308.6455,989.78375,1.1736388,38.678772,0.001847744,0.0
2023-03-27 07:00:00,44.87,308.70917,989.3287,0.97802985,37.437992,0.0,0.0
2023-03-27 08:00:00,45.38,308.84546,989.89264,1.6272353,36.90848,0.0016391277,0.0
2023-03-27 09:00:00,45.75,306.8745,990.8041,4.5283375,43.330997,0.112101436,0.0
2023-03-27 10:00:00,46.45,304.8296,991.77966,5.53399,55.6152,0.011056662,0.0
2023-03-27 11:00:00,47.38,303.8896,992.14294,4.203365,61.40709,0.0,0.0
2023-03-27 12:00:00,48.39,303.73932,992.6291,4.496129,63.066353,0.0,0.0
2023-03-27 13:00:00,49.42,303.3203,992.9905,5.843351,66.633194,0.057443976,0.0
2023-03-27 14:00:00,50.21,302.607,992.83044,6.473938,70.48121,0.0,0.0
2023-03-27 15:00:00,50.28,302.0744,992.91815,5.4703517,72.32437,0.0,0.0
2023-03-27 16:00:00,50.8,301.8189,992.7628,3.8468685,72.46933,0.0,0.0
2023-03-27 17:00:00,51.35,301.57355,992.6708,3.2688618,73.02423,0.0,0.0
2023-03-27 18:00:00,50.52,301.301,992.40686,3.1370146,74.17164,0.0,0.0
2023-03-27 19:00:00,49.0,300.95358,992.40924,2.4121666,74.5495,0.0,0.0
2023-03-27 20:00:00,47.99,300.464,992.4737,2.3646855,77.028076,0.0,0.0
2023-03-27 21:00:00,47.55,300.11035,992.7689,2.144625,78.91308,0.0,0.0
2023-03-27 22:00:00,46.77,299.80884,993.0106,1.9256581,80.49091,0.0,0.0
2023-03-27 23:00:00,46.01,300.6828,993.60944,2.1064188,75.40734,0.0,0.0
2023-03-28 00:00:00,45.24,302.43542,993.805,1.7950915,66.611694,0.24238229,0.0
2023-03-28 01:00:00,44.16,304.16272,993.6777,1.2638127,59.306675,0.0,0.0
2023-03-28 02:00:00,43.21,305.6236,993.1613,0.68718725,52.618347,0.019812956,0.0
2023-03-28 03:00:00,42.41,307.03778,992.40454,1.1465939,45.537693,0.0,0.0
2023-03-28 04:00:00,42.17,308.1748,991.5447,1.7711589,39.614685,0.0,0.0
2023-03-28 05:00:00,41.66,309.14343,990.7594,1.9099633,35.401546,0.0,0.0
2023-03-28 06:00:00,40.78,309.36185,990.32794,1.7554888,33.862427,0.0,0.0
2023-03-28 07:00:00,40.75,309.92825,989.971,0.8003539,31.81385,0.0,0.0
2023-03-28 08:00:00,40.35,309.7406,989.9939,0.7352175,31.843094,0.0,0.0
2023-03-28 09:00:00,40.48,309.19418,990.5397,1.5507281,32.804535,0.0,0.0
2023-03-28 10:00:00,40.52,308.53833,990.7509,2.048571,34.22666,0.0,0.0
2023-03-28 11:00:00,39.76,307.9419,991.56244,3.0091648,36.34734,0.0,0.0
2023-03-28 12:00:00,40.48,307.15866,991.85565,3.8450584,39.658142,0.0,0.0
2023-03-28 13:00:00,42.05,306.21234,992.117,4.5022054,44.0522,0.0,0.0
2023-03-28 14:00:00,43.5,305.3211,992.40155,4.697334,48.90545,0.0,0.0
2023-03-28 15:00:00,44.2,304.46057,992.47534,4.2446527,53.537113,0.0,0.0
2023-03-28 16:00:00,44.34,303.70316,992.4356,3.7910619,57.67985,0.0,0.0
2023-03-28 17:00:00,44.05,302.98883,992.3951,3.4689832,61.770542,0.0,0.0
2023-03-28 18:00:00,43.89,302.34076,992.54,3.5342674,65.83088,0.0,0.0
2023-03-28 19:00:00,41.61,301.68445,992.9917,2.9239514,68.99142,0.0,0.0
2023-03-28 20:00:00,40.83,301.1861,992.67444,3.5299296,72.33885,0.0,0.0
2023-03-28 21:00:00,41.0,300.67758,992.9398,3.5441947,75.660995,0.0,0.0
2023-03-28 22:00:00,40.95,300.3159,993.52795,2.7500317,77.87337,0.0,0.0
2023-03-28 23:00:00,40.58,301.19168,994.12256,3.0256126,74.04324,0.0,0.0
2023-03-29 00:00:00,40.3,302.71802,994.4289,2.8300738,66.32727,0.040590763,0.0
2023-03-29 01:00:00,41.03,304.27377,994.3038,2.5061798,58.426838,0.048980117,0.0
2023-03-29 02:00:00,41.2,305.34613,993.6355,2.016694,53.132774,0.09576231,0.0
2023-03-29 03:00:00,41.39,306.54608,992.93146,1.6797369,48.2071,0.0067725778,0.0
2023-03-29 04:00:00,42.08,307.50073,991.78534,1.6319487,43.47311,0.0,0.0
2023-03-29 05:00:00,43.2,308.4544,990.5584,1.7147207,38.60713,0.0,0.0
2023-03-29 06:00:00,43.8,309.05545,989.83984,1.8094288,35.622375,0.0,0.0
2023-03-29 07:00:00,42.07,308.16196,989.79834,0.774016,39.86936,0.0,0.0
2023-03-29 08:00:00,40.57,308.1786,989.4872,0.6728351,39.017807,0.0,0.0
2023-03-29 09:00:00,40.83,307.88055,989.8039,0.72381943,38.98556,0.0,0.0
2023-03-29 10:00:00,42.2,307.53864,990.34937,1.1003162,39.71618,0.0,0.0
2023-03-29 11:00:00,42.4,307.3094,990.9416,1.5564233,40.391624,0.0,0.0
2023-03-29 12:00:00,42.38,306.9174,991.4517,2.3801858,41.80079,0.0,0.0
2023-03-29 13:00:00,43.03,306.16446,991.6091,2.9691381,44.57639,0.0,0.0
2023-03-29 14:00:00,42.86,305.51672,991.55865,3.3547623,47.009686,0.0,0.0
2023-03-29 15:00:00,42.02,304.67227,991.14813,3.441784,50.298042,0.0,0.0
2023-03-29 16:00:00,40.92,303.9942,990.8599,3.2042863,53.304214,0.0,0.0
2023-03-29 17:00:00,40.43,303.2931,990.4589,2.5855968,56.28731,0.0,0.0
2023-03-29 18:00:00,40.27,302.5709,990.35443,2.079486,59.52874,0.0,0.0
2023-03-29 19:00:00,39.95,301.38483,990.7523,2.4664109,60.411697,0.0,0.0
2023-03-29 20:00:00,39.51,300.8272,990.8843,2.3840427,63.304054,0.0,0.0
2023-03-29 21:00:00,38.98,300.34497,991.1672,2.3152564,65.830894,0.0,0.0
2023-03-29 22:00:00,38.94,299.97406,991.7363,2.291191,67.96721,0.0,0.0
2023-03-29 23:00:00,38.78,301.4775,992.3992,2.6591322,62.216957,0.0,0.0
2023-03-30 00:00:00,38.17,303.76794,992.77765,3.197419,53.797306,0.19386709,0.0
2023-03-30 01:00:00,38.2,305.74036,993.0055,3.0252144,46.934452,0.0,0.0
2023-03-30 02:00:00,38.14,307.25964,992.3256,2.4409416,40.87011,0.0,0.0
2023-03-30 03:00:00,37.89,308.3459,991.5393,2.4145103,35.66919,0.0,0.0
2023-03-30 04:00:00,37.62,309.30212,990.3103,2.7433739,32.103798,0.0,0.0
2023-03-30 05:00:00,36.88,310.068,989.21094,2.6620483,29.739391,0.0,0.0
2023-03-30 06:00:00,36.77,310.5545,988.4825,2.5278332,28.301126,0.0,0.0
2023-03-30 07:00:00,36.0,310.8264,988.19666,1.3037492,26.944748,0.0,0.0
2023-03-30 08:00:00,35.35,310.62216,988.16516,1.2835121,26.9007,0.0,0.0
2023-03-30 09:00:00,34.36,310.31586,988.41034,1.537081,27.216679,0.0,0.0
2023-03-30 10:00:00,34.15,309.69977,988.7219,2.7291565,28.51963,0.0,0.0
2023-03-30 11:00:00,34.21,308.96497,989.46094,3.8694003,31.113321,0.0,0.0
2023-03-30 12:00:00,35.2,308.12775,989.9931,4.5915008,34.36013,0.0,0.0
2023-03-30 13:00:00,37.57,306.9816,990.5193,4.9853578,38.802345,0.0,0.0
2023-03-30 14:00:00,38.71,306.00153,991.0428,4.9688044,43.584366,0.0,0.0
2023-03-30 15:00:00,39.98,304.74966,990.9811,5.1880226,49.47321,0.0,0.0
2023-03-30 16:00:00,40.83,303.56842,991.31287,5.0717735,56.310673,0.0,0.0
2023-03-30 17:00:00,41.67,302.64697,991.4049,4.57077,63.79263,0.0038444996,0.0
2023-03-30 18:00:00,42.1,302.06152,991.5859,4.3797936,69.40219,0.0,0.0
2023-03-30 19:00:00,41.7,300.9344,991.7511,4.163031,73.26291,0.0,0.0
2023-03-30 20:00:00,41.42,300.521,992.51306,3.8415082,76.04376,0.0,0.0
2023-03-30 21:00:00,40.67,300.16586,992.5229,3.5110056,77.86258,0.0,0.0
2023-03-30 22:00:00,39.41,299.9311,993.1067,3.18532,78.95564,0.0,0.0
2023-03-30 23:00:00,38.23,301.20956,993.5567,3.5405612,71.98289,0.0,0.0
2023-03-31 00:00:00,37.76,303.5182,994.0451,3.6201243,59.284824,0.0038444996,0.0
2023-03-31 01:00:00,37.22,305.65906,993.7761,3.411176,48.729816,0.0,0.0
2023-03-31 02:00:00,37.12,307.33966,993.12756,2.748777,41.711884,0.0,0.0
2023-03-31 03:00:00,37.2,308.23495,991.9575,1.9527395,37.268864,0.0,0.0
2023-03-31 04:00:00,37.08,308.9463,991.0222,0.7819103,33.37511,0.0,0.0
2023-03-31 05:00:00,36.45,309.53586,990.1108,0.61449957,31.528547,0.0,0.0
2023-03-31 06:00:00,35.94,310.079,989.51013,0.99097395,30.036491,0.0,0.0
2023-03-31 07:00:00,36.08,309.90894,989.5633,1.298637,30.287111,0.0,0.0
2023-03-31 08:00:00,36.6,309.88293,989.52295,1.3397058,30.120617,0.0,0.0
2023-03-31 09:00:00,37.0,309.52606,990.1381,1.2266473,30.609911,0.0,0.0
2023-03-31 10:00:00,37.85,309.0075,990.7431,1.1922157,31.668407,0.0,0.0
2023-03-31 11:00:00,38.34,308.5672,991.66516,1.4608841,33.292084,0.0,0.0
2023-03-31 12:00:00,38.89,307.86438,992.2639,1.992735,36.25196,0.0,0.0
2023-03-31 13:00:00,39.4,307.188,992.5145,3.044912,38.41292,0.0,0.0
2023-03-31 14:00:00,40.29,306.30072,992.14575,3.9775407,41.09393,0.0,0.0
2023-03-31 15:00:00,41.34,305.3623,991.8606,4.5416274,44.81621,0.0,0.0
2023-03-31 16:00:00,42.21,304.60883,991.5275,4.770853,48.350357,0.0,0.0
2023-03-31 17:00:00,43.66,303.87488,991.3766,4.8046036,51.7041,0.0,0.0
2023-03-31 18:00:00,44.77,303.22278,991.39545,4.8049006,55.53251,0.0,0.0
2023-03-31 19:00:00,45.84,302.14825,991.72656,4.779506,60.204445,0.0,0.0
2023-03-31 20:00:00,45.02,301.7434,991.7605,4.451159,63.500244,0.0,0.0
2023-03-31 21:00:00,42.98,301.43298,991.9472,3.9671903,65.66948,0.0,0.0
2023-03-31 22:00:00,41.54,301.1128,992.4003,3.5321045,67.451614,0.0,0.0
2023-03-31 23:00:00,40.5,302.2343,992.9281,3.7696419,62.814625,0.0,0.0
2023-04-01 00:00:00,40.5,304.455,993.3777,3.871181,53.09573,0.0,0.0
2023-04-01 01:00:00,40.35,306.58435,993.29456,3.6037774,44.065456,0.0,0.0
2023-04-01 02:00:00,39.74,308.23123,992.7439,2.6716352,37.984764,0.0,0.0
2023-04-01 03:00:00,39.54,309.18854,991.71326,1.6753777,34.369884,0.0,0.0
2023-04-01 04:00:00,40.17,310.06567,990.6189,1.1947696,31.540436,0.0,0.0
2023-04-01 05:00:00,40.81,310.32965,989.7113,1.1464684,30.216248,0.0,0.0
2023-04-01 06:00:00,41.12,310.6686,989.0363,1.1539083,28.926329,0.0,0.0
2023-04-01 07:00:00,41.51,310.98444,989.1432,1.3518287,30.93916,0.0,0.0
2023-04-01 08:00:00,41.45,310.45825,989.1756,1.3457859,31.641918,0.0,0.0
2023-04-01 09:00:00,41.54,309.96344,989.3426,1.4804276,32.65161,0.044561923,0.0
2023-04-01 10:00:00,42.39,309.06003,989.98334,2.6643693,35.238552,0.0,0.0
2023-04-01 11:00:00,44.43,308.28256,990.4988,3.8253217,38.29307,0.0,0.0
2023-04-01 12:00:00,46.66,307.33102,991.1697,3.8473773,42.21834,0.0,0.0
2023-04-01 13:00:00,48.35,306.62933,991.51935,3.7547712,45.30539,0.0,0.0
2023-04-01 14:00:00,49.79,306.0462,991.7597,3.6848936,47.58206,0.0,0.0
2023-04-01 15:00:00,50.76,305.3692,991.5437,3.6593451,49.43691,0.005558133,0.22
2023-04-01 16:00:00,51.47,304.7663,991.1916,3.3363435,51.00925,0.0,2.03
2023-04-01 17:00:00,52.25,304.22168,990.86646,3.545951,52.602398,0.0,1.96
2023-04-01 18:00:00,51.87,303.6563,990.54626,3.593117,54.507805,0.0,0.17
2023-04-01 19:00:00,51.54,302.99396,990.72797,4.3912287,57.713867,0.0,0.0
2023-04-01 20:00:00,50.8,302.5385,990.91156,3.805941,60.370255,0.001752378,0.0
2023-04-01 21:00:00,50.69,302.1974,991.40546,3.367375,62.177425,0.0,0.0
2023-04-01 22:00:00,51.3,302.00177,991.55743,2.7525606,63.039963,0.0,0.0
2023-04-01 23:00:00,51.61,302.99854,992.12384,2.3917434,59.0949,0.0,0.0
2023-04-02 00:00:00,52.11,304.93274,992.4545,2.3520172,50.57445,0.052090067,0.0
2023-04-02 01:00:00,51.7,307.0807,992.32416,2.7764683,40.633835,0.0,0.0
2023-04-02 02:00:00,51.0,308.20178,991.745,2.6196818,37.283733,0.0,0.0
2023-04-02 03:00:00,50.88,309.02252,990.8198,2.3018794,35.18411,0.0051259995,0.0
2023-04-02 04:00:00,50.89,309.87646,989.6205,1.8547401,33.256622,0.017479062,0.0
2023-04-02 05:00:00,50.56,310.48276,988.545,1.3022932,31.962872,0.016182661,0.0
2023-04-02 06:00:00,50.05,310.98065,987.8608,0.8819323,31.003439,0.012874603,0.0
2023-04-02 07:00:00,49.96,310.4618,988.12115,1.6987205,33.59056,0.036343932,1.51
2023-04-02 08:00:00,49.47,310.16245,987.96,2.0408015,33.893116,0.014647841,1.8199999
2023-04-02 09:00:00,49.19,309.04816,988.1783,1.9992527,36.28177,0.06848574,0.45
2023-04-02 10:00:00,49.84,306.15588,989.9508,1.5569685,45.16744,0.32040477,0.0
2023-04-02 11:00:00,51.27,303.5707,991.4363,3.4980686,57.298172,0.6926656,0.25
2023-04-02 12:00:00,52.56,303.05432,991.9598,2.9113743,59.952396,0.019341707,2.12
2023-04-02 13:00:00,54.04,301.86737,992.90045,0.87408257,65.99016,0.6862134,3.96
2023-04-02 14:00:00,55.1,300.93213,993.106,0.4870745,71.349365,2.1511047,2.56
2023-04-02 15:00:00,55.83,300.6762,993.14813,1.0739973,72.46606,1.0214746,1.16
2023-04-02 16:00:00,56.56,300.5152,992.98315,1.2979801,73.03492,0.42782724,0.26999998
2023-04-02 17:00:00,57.47,300.26733,992.4973,1.4294301,73.79338,0.44202805,1.92
2023-04-02 18:00:00,57.81,299.8172,992.45154,0.78182876,75.39072,0.8140984,1.0799999
2023-04-02 19:00:00,58.0,297.68665,992.53314,2.7491753,92.41729,1.38161,0.19999999
2023-04-02 20:00:00,57.52,297.65546,992.65015,1.4641389,91.56683,0.2060514,0.78
2023-04-02 21:00:00,56.56,297.77454,993.14923,0.4110442,90.24867,0.1206696,0.71999997
2023-04-02 22:00:00,54.43,298.0011,994.1244,1.0585172,88.923836,0.024584122,0.0
2023-04-02 23:00:00,51.96,298.3678,994.4205,1.0396429,87.38885,0.0060824677,0.0
2023-04-03 00:00:00,45.47,299.24622,994.6678,1.8516887,83.55175,8.487487,0.0
2023-04-03 01:00:00,43.92,300.6604,994.51,1.7746099,77.36662,0.0,0.0
2023-04-03 02:00:00,42.62,301.6569,993.6912,1.1056617,74.12021,0.0,0.0
2023-04-03 03:00:00,41.92,302.97607,992.7143,0.70441765,68.869194,0.0012889504,0.0
2023-04-03 04:00:00,41.51,303.93896,991.743,0.6954839,64.04288,0.016171485,0.0
2023-04-03 05:00:00,40.73,304.6554,990.87787,0.8659033,60.373264,0.0025629997,0.0
2023-04-03 06:00:00,40.73,305.13245,990.4575,1.0322536,57.36222,0.0021345913,0.0
2023-04-03 07:00:00,42.03,305.52353,990.48224,0.8805178,52.073853,0.0017620623,0.0
2023-04-03 08:00:00,43.0,305.52026,990.60034,0.8406277,51.409817,0.0021271408,0.0
2023-04-03 09:00:00,44.07,304.95966,990.8035,1.7564937,53.666954,0.027239323,0.0
2023-04-03 10:00:00,45.33,303.835,991.3699,2.314334,63.54512,0.0,0.0
2023-04-03 11:00:00,46.08,302.97876,992.54,2.4901433,70.00359,0.0,0.0
2023-04-03 12:00:00,46.85,302.09894,993.3459,2.717434,75.27391,0.0,0.0
2023-04-03 13:00:00,47.24,301.3524,993.9054,2.416964,79.54932,0.036719445,0.0
2023-04-03 14:00:00,46.79,300.79083,994.03033,1.5222034,83.09804,0.09290874,0.0
2023-04-03 15:00:00,45.94,300.33923,994.0655,1.3147271,85.46892,0.0,0.0
2023-04-03 16:00:00,44.67,300.09543,993.906,1.3219218,86.4537,0.0,0.0
2023-04-03 17:00:00,44.6,299.85464,993.4153,1.8512005,87.201225,0.0,0.0
2023-04-03 18:00:00,44.52,299.51904,992.97595,1.9403126,88.582245,0.0,0.0
2023-04-03 19:00:00,44.77,299.3899,992.7558,2.0049052,85.911476,0.0,0.0
2023-04-03 20:00:00,44.58,299.0783,992.8855,1.6288527,87.1296,0.0,0.0
2023-04-03 21:00:00,45.02,298.80618,993.4372,1.0566051,89.7491,0.0,0.0
2023-04-03 22:00:00,45.1,298.6648,993.7594,1.0494039,90.47201,0.0,0.0
2023-04-03 23:00:00,45.56,299.8004,994.185,1.0297427,82.36954,0.0,0.0
2023-04-04 00:00:00,47.62,301.23993,994.52234,0.7528606,73.45975,0.18291473,0.0
2023-04-04 01:00:00,48.25,302.82404,994.34235,0.8822277,64.96442,0.0,0.0
2023-04-04 02:00:00,48.85,304.30475,993.91547,1.0246128,57.759052,0.0,0.0
2023-04-04 03:00:00,49.51,305.29102,992.91284,0.9310442,53.678535,0.0,0.0
2023-04-04 04:00:00,49.52,305.99756,991.96625,0.77091223,51.030285,0.0056028366,0.0
2023-04-04 05:00:00,48.74,306.56494,991.11664,0.54211515,49.49369,0.00937283,0.0
2023-04-04 06:00:00,47.42,306.99103,990.3102,0.15716158,48.590233,0.0052005053,0.0
2023-04-04 07:00:00,46.91,307.18817,990.59686,0.87344694,42.879448,0.0,0.0
2023-04-04 08:00:00,46.89,306.8442,990.2885,1.5838487,43.11407,0.11114776,0.0
2023-04-04 09:00:00,47.08,306.373,990.59674,1.6111498,45.811302,0.0,0.0
2023-04-04 10:00:00,48.45,305.16925,991.6216,0.8696115,54.308815,0.0,0.0
2023-04-04 11:00:00,49.63,304.10263,992.57544,0.85503393,62.496613,0.0052303076,0.0
2023-04-04 12:00:00,51.3,303.22433,993.469,1.6017803,68.1708,0.0,0.0
2023-04-04 13:00:00,53.62,302.34766,993.8962,1.8001275,73.1322,0.01655519,0.0
2023-04-04 14:00:00,54.86,301.78757,993.83405,1.6407583,76.1302,0.005468726,1.2199999
2023-04-04 15:00:00,55.78,301.3775,993.8872,1.5290343,78.39316,0.0,7.79
2023-04-04 16:00:00,56.66,300.8746,993.6936,1.8979001,79.969124,0.0,6.69
2023-04-04 17:00:00,56.84,300.57092,993.34357,2.0566547,80.43034,0.0,3.07
2023-04-04 18:00:00,55.54,300.1886,993.2972,1.9721752,81.689514,0.0,0.21
2023-04-04 19:00:00,54.42,299.63242,993.6786,1.2709845,82.357994,0.26126206,0.0
2023-04-04 20:00:00,53.8,299.4254,993.84174,1.3506709,83.71739,0.11000037,0.0
2023-04-04 21:00:00,53.51,299.10083,993.73267,1.6378438,85.754616,0.013917685,0.0
2023-04-04 22:00:00,54.45,299.1076,994.2598,1.5333856,86.12922,0.0030100346,0.0
2023-04-04 23:00:00,54.62,299.5835,994.42413,1.9191221,83.10551,0.0,0.0
2023-04-05 00:00:00,53.5,300.37177,994.9392,1.9864379,78.43138,0.5467832,0.0
2023-04-05 01:00:00,53.05,301.17346,994.9265,1.7187697,73.78369,0.0,0.0
2023-04-05 02:00:00,52.74,302.18695,994.5447,1.2183273,68.88712,0.0,0.0
2023-04-05 03:00:00,53.03,303.1199,993.5758,0.917936,64.61752,0.0,0.0
2023-04-05 04:00:00,53.39,304.27066,992.3511,0.78993344,58.879597,0.0,0.0
2023-04-05 05:00:00,53.27,305.37012,991.3153,0.79887384,53.332703,0.0,0.0
2023-04-05 06:00:00,53.69,306.1201,990.5784,0.7931231,49.37267,0.0029876828,0.0
2023-04-05 07:00:00,54.05,306.4695,990.7486,1.2618934,45.811325,0.0,0.0
2023-04-05 08:00:00,53.9,306.2748,990.47595,1.5403495,45.98555,0.0,0.0
2023-04-05 09:00:00,54.02,305.97638,990.4874,1.1410183,47.330154,0.0,0.0
2023-04-05 10:00:00,54.04,305.04456,990.98346,0.50607353,54.5057,0.0,0.0
2023-04-05 11:00:00,54.08,304.40637,991.66986,1.3863597,60.082127,0.0,0.0
2023-04-05 12:00:00,54.4,303.73325,992.4656,1.2537748,65.10049,0.0,0.0
2023-04-05 13:00:00,54.1,303.12146,992.78424,1.2781466,69.58431,0.0,0.0
2023-04-05 14:00:00,53.81,302.4911,993.0667,1.6066409,73.43389,0.0,0.0
2023-04-05 15:00:00,53.09,301.8078,992.8285,1.7432878,77.08334,0.0,0.08
2023-04-05 16:00:00,53.12,301.39734,992.5009,1.7567741,78.355446,0.0,0.0
2023-04-05 17:00:00,53.56,300.9765,992.22687,2.2856646,78.720894,0.17718971,0.0
2023-04-05 18:00:00,54.33,300.1435,992.3847,3.562103,79.44144,1.580432,0.0
2023-04-05 19:00:00,54.83,300.21948,992.1414,2.8643525,81.34317,0.4685223,0.0
2023-04-05 20:00:00,54.99,299.28903,992.5529,3.6479065,82.898735,0.7341206,0.0
2023-04-05 21:00:00,54.43,298.30093,992.9955,3.673625,85.643616,1.0766089,0.0
2023-04-05 22:00:00,54.08,297.95227,993.4096,2.338547,86.547104,0.43915212,0.0
2023-04-05 23:00:00,54.26,298.78455,993.8736,1.6899716,82.67706,0.0,0.0
2023-04-06 00:00:00,56.37,300.32977,994.6875,2.1565254,76.04418,4.547107,0.0
2023-04-06 01:00:00,56.79,301.93774,994.6183,2.848282,69.78933,0.0,0.0
2023-04-06 02:00:00,56.49,303.4973,994.12,2.802575,64.49531,0.01325272,0.0
2023-04-06 03:00:00,55.56,304.27783,992.96545,2.34041,61.43965,0.12975186,0.0
2023-04-06 04:00:00,55.04,304.96106,991.98,2.023671,59.37983,0.013273209,0.0
2023-04-06 05:00:00,54.38,305.33475,990.8572,1.8685894,58.13555,0.0021457672,0.0
2023-04-06 06:00:00,54.25,305.8083,990.2971,1.7774591,57.048405,0.0010877848,0.0
2023-04-06 07:00:00,53.78,305.53937,990.27234,0.58021665,56.25015,0.024825335,0.84
2023-04-06 08:00:00,53.8,305.02145,989.9397,0.6491628,58.54876,0.04439801,1.77
2023-04-06 09:00:00,53.55,304.61545,990.1152,0.98491985,60.2655,0.0019297004,0.0
2023-04-06 10:00:00,52.18,303.84125,990.7236,0.7772085,65.65775,0.015638769,0.0
2023-04-06 11:00:00,51.61,303.3573,991.1312,0.7200382,70.644264,0.0,0.0
2023-04-06 12:00:00,51.34,302.77618,992.16077,0.84413016,75.72807,0.0,0.0
2023-04-06 13:00:00,53.15,302.07364,992.8638,0.7953094,78.537544,0.3829673,0.0
2023-04-06 14:00:00,54.91,301.57654,993.4347,0.66371167,79.500465,0.70387125,0.0
2023-04-06 15:00:00,55.77,301.1623,992.98016,1.1051121,81.40602,0.0,0.0
2023-04-06 16:00:00,55.83,300.6292,992.65955,2.108829,83.93438,0.0,0.21
2023-04-06 17:00:00,56.02,300.10596,992.0474,2.7881355,85.697136,0.0,0.25
2023-04-06 18:00:00,54.82,299.69904,991.4819,2.2630002,87.22137,0.0,1.13
2023-04-06 19:00:00,52.24,299.33124,991.4611,1.6410083,86.56963,0.0,0.0
2023-04-06 20:00:00,51.19,299.23297,991.5009,2.4004703,86.06461,0.0,0.0
2023-04-06 21:00:00,49.03,299.05585,991.3143,2.2589204,85.39503,0.0,0.0
2023-04-06 22:00:00,46.46,298.89392,991.8237,1.6020123,85.55486,0.0,0.0
2023-04-06 23:00:00,45.27,299.74023,992.6531,1.0406561,79.2827,0.0,0.0
2023-04-07 00:00:00,44.91,301.02417,993.2372,0.87949306,72.15726,1.3378412,0.0
2023-04-07 01:00:00,45.08,302.56262,993.6057,1.7076991,65.10002,0.0,0.0
2023-04-07 02:00:00,43.67,303.98065,993.3421,2.285345,59.6376,0.0,0.0
2023-04-07 03:00:00,43.64,305.28183,992.5117,2.8380375,54.850166,0.0034105033,0.0
2023-04-07 04:00:00,43.77,306.37286,991.27814,3.3391101,50.655018,0.0051148236,0.0
2023-04-07 05:00:00,43.13,307.2243,990.1891,3.602737,47.2089,0.002335757,0.0
2023-04-07 06:00:00,43.94,307.6695,989.4955,3.3589668,44.6796,0.0,0.0
2023-04-07 07:00:00,43.04,308.1078,989.40125,4.184737,38.67489,0.0018365681,0.0
2023-04-07 08:00:00,41.91,307.83508,988.9186,4.6031003,38.115307,0.0022664662,0.0
2023-04-07 09:00:00,40.97,306.7425,989.3172,3.3086658,42.34536,0.0,0.0
2023-04-07 10:00:00,39.93,305.65027,990.3075,1.7571408,47.21919,0.0013709068,0.0
2023-04-07 11:00:00,38.71,304.7328,991.2367,1.2394007,53.394405,0.0,0.0
2023-04-07 12:00:00,37.49,303.5751,991.8934,1.3390625,60.495876,0.0,0.0
2023-04-07 13:00:00,36.35,302.6706,992.1453,1.5090475,66.05217,0.0,0.0
2023-04-07 14:00:00,35.25,301.91464,992.3761,2.0229785,69.30042,0.0,0.0
2023-04-07 15:00:00,35.82,301.05444,991.947,2.5139182,73.74999,0.0,0.0
2023-04-07 16:00:00,35.35,300.48248,991.87335,2.726545,76.13276,0.0,0.0
2023-04-07 17:00:00,34.28,300.00653,991.5371,2.7620666,77.4494,0.0,0.0
2023-04-07 18:00:00,32.55,299.75568,991.37134,2.498214,78.63793,0.0,0.0
2023-04-07 19:00:00,31.89,299.97635,991.40607,3.8029957,41.961823,0.0,0.0
2023-04-07 20:00:00,30.51,299.3513,991.6209,3.8101325,38.542686,0.0,0.0
2023-04-07 21:00:00,29.58,298.66406,991.6715,3.667531,38.079308,0.0,0.0
2023-04-07 22:00:00,28.38,298.0288,992.1622,3.5452921,39.471176,0.0,0.0
2023-04-07 23:00:00,27.69,299.3499,992.5285,3.2712073,38.96587,0.0,0.0
2023-04-08 00:00:00,27.94,302.6369,992.96826,3.749432,30.458256,0.017859587,0.0
2023-04-08 01:00:00,28.34,305.47678,993.0048,4.4443207,22.52588,0.0,0.0
2023-04-08 02:00:00,28.59,307.7715,992.51764,4.9943056,18.063549,0.0,0.0
2023-04-08 03:00:00,29.1,309.44922,991.7872,4.9754457,16.603977,0.0,0.0
2023-04-08 04:00:00,29.12,310.40155,990.64655,4.3099666,17.313341,0.0,0.0
2023-04-08 05:00:00,29.22,310.9142,989.58325,3.5334673,18.176132,0.0,0.0
2023-04-08 06:00:00,28.95,311.23132,988.90857,3.033315,18.353565,0.0,0.0
2023-04-08 07:00:00,28.73,310.93442,989.1836,2.6918607,18.060831,0.0,0.0
2023-04-08 08:00:00,28.38,310.617,988.988,2.659807,18.607914,0.0,0.19
2023-04-08 09:00:00,28.56,309.2243,989.08936,2.5762684,23.801718,0.0,0.0
2023-04-08 10:00:00,28.9,306.72522,989.8736,2.9244277,30.40229,0.0,0.0
2023-04-08 11:00:00,28.82,305.03906,990.51514,3.279421,33.514725,0.0,0.0
2023-04-08 12:00:00,28.53,303.99432,991.15125,3.1510353,34.64939,0.0,0.0
2023-04-08 13:00:00,29.62,303.04715,991.34235,2.087227,37.000168,0.0,0.0
2023-04-08 14:00:00,30.4,301.9996,991.47986,0.58668524,49.909595,0.0,0.0
2023-04-08 15:00:00,32.27,301.22992,991.43713,1.298143,49.473396,0.0,0.0
2023-04-08 16:00:00,34.03,300.7688,991.3159,2.198985,49.790894,0.0,0.0
2023-04-08 17:00:00,35.02,299.96497,990.69617,2.1635556,56.17814,0.0,0.0
2023-04-08 18:00:00,34.6,299.35544,990.25287,2.1410742,60.869522,0.0,0.0
2023-04-08 19:00:00,34.46,298.7188,990.4922,1.5097709,58.020042,0.0,0.0
2023-04-08 20:00:00,34.91,298.46112,990.44,1.3076338,59.86007,0.0,0.0
2023-04-08 21:00:00,37.2,298.27628,990.685,2.3416228,59.538044,0.0,1.8299999
2023-04-08 22:00:00,40.51,298.3329,991.2358,2.7520943,61.37513,0.0,0.0
2023-04-08 23:00:00,43.75,300.13055,991.7441,2.091652,60.837757,0.0,0.0
2023-04-09 00:00:00,48.85,303.73178,992.0422,2.7423096,49.75943,0.0021439514,0.0
2023-04-09 01:00:00,49.72,306.00262,992.20825,4.206018,43.235542,0.0,0.01
2023-04-09 02:00:00,51.65,307.94522,991.8692,5.3253884,36.61357,0.0,0.0
2023-04-09 03:00:00,53.04,309.302,991.0691,5.1085763,32.306583,0.0,0.0
2023-04-09 04:00:00,52.68,310.33926,990.1353,4.908114,29.78124,0.0034198165,0.0
2023-04-09 05:00:00,53.37,311.14136,989.2651,4.660825,28.59567,0.015005469,0.0
2023-04-09 06:00:00,52.81,311.28586,988.2967,4.035493,27.992052,0.042386353,0.0
2023-04-09 07:00:00,52.55,307.76917,989.8975,3.4931157,37.545555,0.2469644,0.0
2023-04-09 08:00:00,52.38,307.5929,989.5656,1.649531,38.14791,0.0,1.5699999
2023-04-09 09:00:00,52.38,307.154,989.51984,0.9624743,39.231262,0.013791025,5.71
2023-04-09 10:00:00,51.9,306.2475,989.9475,1.950321,43.970985,0.0,3.29
2023-04-09 11:00:00,52.09,305.39096,990.4493,2.0383675,48.73994,0.0,0.33999997
2023-04-09 12:00:00,52.41,304.75592,991.07196,2.463864,51.411236,0.0,0.0
2023-04-09 13:00:00,51.17,304.1256,991.44586,2.6386106,53.476036,0.0,0.0
2023-04-09 14:00:00,50.08,303.55573,991.5631,2.9850307,54.834793,0.0,0.0
2023-04-09 15:00:00,49.24,303.0243,991.2523,3.3322456,55.98626,0.0,0.0
2023-04-09 16:00:00,50.29,302.6532,991.03564,3.365236,57.37785,0.0,0.0
2023-04-09 17:00:00,51.54,302.27524,990.5048,3.0309994,59.485477,0.0,0.0
2023-04-09 18:00:00,52.96,301.99606,990.1493,2.7694182,61.363976,0.0,0.0
2023-04-09 19:00:00,53.36,301.436,990.30255,3.2224786,62.651794,0.0,0.0
2023-04-09 20:00:00,53.51,301.1557,990.58655,3.6925623,63.779156,0.0,0.0
2023-04-09 21:00:00,53.68,301.0442,990.8514,4.151324,63.727074,0.0,0.0
2023-04-09 22:00:00,53.17,300.7882,991.46857,4.2218304,63.667053,0.0,0.0
2023-04-09 23:00:00,52.28,301.84515,992.22815,4.5273247,59.459652,0.0,0.0
2023-04-10 00:00:00,51.19,303.29626,992.50287,5.6182594,56.18415,0.3232956,0.0
2023-04-10 01:00:00,51.04,304.53076,992.4636,6.213721,52.88371,0.0,0.0
2023-04-10 02:00:00,51.1,305.9882,991.6141,6.9979734,47.6789,0.0,0.0
2023-04-10 03:00:00,51.41,307.36835,990.49756,7.3652377,42.700836,0.014036894,0.0
2023-04-10 04:00:00,51.59,308.4117,989.3793,7.332382,39.17964,0.0,0.0
2023-04-10 05:00:00,51.74,309.1147,988.34406,7.0169854,36.809044,0.0,0.0
2023-04-10 06:00:00,51.04,309.37054,987.77734,6.4418435,35.63173,0.0,0.02
2023-04-10 07:00:00,50.42,309.05566,987.71875,6.1127753,35.11086,0.0,0.0
2023-04-10 08:00:00,50.72,308.88965,987.9829,5.645896,35.701023,0.0,0.0
2023-04-10 09:00:00,52.17,307.25937,988.3782,5.91743,39.996838,0.022649765,0.78999996
2023-04-10 10:00:00,53.08,306.08624,989.08154,5.2367477,44.21876,0.0,0.0
2023-04-10 11:00:00,53.76,305.53717,989.42896,4.3683863,46.184425,0.0,0.0
2023-04-10 12:00:00,55.07,304.904,990.15564,4.710241,48.598427,0.0,0.0
2023-04-10 13:00:00,55.55,303.95187,990.59235,5.018754,52.85961,0.020474195,0.0
2023-04-10 14:00:00,56.77,302.69916,991.1752,4.594811,59.184628,0.029760603,0.0
2023-04-10 15:00:00,57.46,301.9635,991.27826,3.7699912,63.408916,0.0012516975,0.0
2023-04-10 16:00:00,57.17,301.40866,991.3004,3.2414923,66.646355,0.0070631504,0.0
2023-04-10 17:00:00,57.17,300.97375,990.9311,2.8655062,69.14952,0.0150203705,0.0
2023-04-10 18:00:00,57.6,300.67755,990.1503,3.1717308,70.42627,0.0030100346,0.0
2023-04-10 19:00:00,57.97,301.09515,990.14825,4.0632467,63.15955,0.0,0.0
2023-04-10 20:00:00,58.19,300.7068,989.8616,4.3471713,65.51309,0.0,0.0
2023-04-10 21:00:00,58.63,300.34988,990.64014,4.308803,68.24159,0.0,0.0
2023-04-10 22:00:00,57.75,300.14594,991.2394,4.3421383,70.37477,0.0,0.0
2023-04-10 23:00:00,57.21,300.83087,991.89545,4.6727824,68.34675,0.0,0.0
2023-04-11 00:00:00,56.67,302.09265,992.3092,5.9602237,63.60839,0.11326671,0.0
2023-04-11 01:00:00,56.56,304.08972,992.406,7.938566,56.356007,0.0,0.0
2023-04-11 02:00:00,56.14,305.17346,991.7734,7.464016,52.859135,0.0080913305,0.04
2023-04-11 03:00:00,56.19,305.16583,990.9405,6.8187413,53.21221,0.010855496,0.0
2023-04-11 04:00:00,57.21,306.27295,990.18555,6.1268477,50.455307,0.0036247075,0.0
2023-04-11 05:00:00,57.88,306.8317,989.09717,5.114041,48.799908,0.0034086406,0.0
2023-04-11 06:00:00,57.95,307.72012,988.1733,4.8171716,46.161476,0.013835728,0.59
2023-04-11 07:00:00,58.14,307.6156,987.9003,4.253289,43.77491,0.022932887,0.0
2023-04-11 08:00:00,58.38,305.10742,988.7761,5.6895466,53.0378,0.5846098,0.0
2023-04-11 09:00:00,58.9,301.79807,990.35657,3.5890346,71.77728,3.1951697,0.0
2023-04-11 10:00:00,58.87,301.22534,990.9178,2.5666313,76.29213,1.6937329,0.0
2023-04-11 11:00:00,59.24,301.1463,991.74835,2.1850073,77.86278,1.1445433,0.0
2023-04-11 12:00:00,59.95,300.8994,992.66675,2.1640112,79.67396,2.0677028,0.0
2023-04-11 13:00:00,59.33,300.2575,992.8558,2.3946114,83.208534,2.6755185,0.0
2023-04-11 14:00:00,58.65,299.96277,992.7645,2.4608653,84.92681,0.6016586,0.42999998
2023-04-11 15:00:00,58.75,299.97226,992.03534,2.493526,84.28964,0.05643349,0.16
2023-04-11 16:00:00,59.07,299.91806,991.99365,2.9273884,84.20831,0.0074328855,0.0
2023-04-11 17:00:00,59.84,299.76215,991.65314,3.3914745,84.73109,0.0,0.0
2023-04-11 18:00:00,59.89,299.55847,991.1353,3.5782714,85.10564,0.0,0.0
2023-04-11 19:00:00,58.42,299.5088,991.3035,3.154677,85.00545,0.023081899,0.0
2023-04-11 20:00:00,56.77,299.3806,991.09454,3.477958,85.67441,0.04659593,0.0
2023-04-11 21:00:00,56.63,299.29587,990.9416,3.778057,86.03713,0.01622364,0.0
2023-04-11 22:00:00,55.82,299.0926,991.60626,3.6362746,86.87613,0.0,0.0
2023-04-11 23:00:00,54.93,299.72388,992.8303,3.7890291,83.77248,0.0,0.0
2023-04-12 00:00:00,56.03,300.5149,993.5062,5.270309,78.860245,12.178701,0.0
2023-04-12 01:00:00,56.55,301.6368,993.4208,6.1105833,73.62979,0.0,0.0
2023-04-12 02:00:00,56.08,302.49713,992.81415,6.315115,69.636734,0.021791086,0.0
2023-04-12 03:00:00,56.45,303.51013,991.7893,5.566709,65.81218,0.13878383,0.0
2023-04-12 04:00:00,56.04,304.38092,990.8116,4.323802,63.22514,0.013982877,0.0
2023-04-12 05:00:00,56.21,305.00235,989.8475,3.586871,61.1493,0.01828745,0.0
2023-04-12 06:00:00,56.93,305.13818,989.1375,3.3671618,60.687424,0.019960105,0.0
2023-04-12 07:00:00,57.82,305.6895,988.9402,3.753379,56.680836,0.047281384,0.0
2023-04-12 08:00:00,58.79,305.48825,989.22296,2.924659,56.726093,0.07779896,0.0
2023-04-12 09:00:00,59.56,302.71832,990.26117,4.032844,69.86044,0.15868247,0.0
2023-04-12 10:00:00,59.55,300.6693,991.29297,3.3913388,80.96283,0.45987964,0.19
2023-04-12 11:00:00,60.48,300.10278,992.35913,1.4083146,84.07569,0.41605532,0.0
2023-04-12 12:00:00,60.99,300.01633,992.8972,0.50769097,84.43788,0.14689565,0.0
2023-04-12 13:00:00,60.44,299.5893,993.34344,1.3412123,87.348404,0.38573146,0.0
2023-04-12 14:00:00,59.66,299.15234,993.6853,1.9369154,88.65724,0.96546113,0.11
2023-04-12 15:00:00,60.29,298.86722,993.2587,2.0291393,89.315125,0.39878488,1.17
2023-04-12 16:00:00,61.43,298.82895,992.70306,2.198486,89.49011,0.029817224,1.5
2023-04-12 17:00:00,62.08,298.72852,992.64575,3.0484369,89.2433,0.0102669,0.0
2023-04-12 18:00:00,61.42,298.58755,991.9269,3.1616044,89.34461,0.0153928995,0.35
2023-04-12 19:00:00,58.7,298.18,990.79126,3.2487838,90.16043,0.0,0.93999994
2023-04-12 20:00:00,56.97,297.98627,990.98737,3.6882114,89.46358,0.0,0.0
2023-04-12 21:00:00,55.97,297.90582,991.71454,3.7285318,89.11728,0.0,0.0
2023-04-12 22:00:00,56.2,297.99792,992.5408,4.0087876,88.71077,0.0,0.0
2023-04-12 23:00:00,56.74,298.56772,993.6323,4.07227,87.05331,0.0,0.0
2023-04-13 00:00:00,58.74,299.70502,994.5168,5.853072,80.93749,3.3341198,0.0
2023-04-13 01:00:00,58.4,301.18616,994.6693,6.1151323,73.62085,0.0,0.0
2023-04-13 02:00:00,58.14,302.3308,993.8585,5.653577,68.159515,0.010350719,0.0
2023-04-13 03:00:00,57.32,303.57996,992.65466,5.3334804,62.97719,0.012669712,0.0
2023-04-13 04:00:00,56.01,304.08035,991.66455,4.9084096,60.33752,0.0057443976,0.0
2023-04-13 05:00:00,55.66,304.6279,990.6317,4.374606,58.03678,0.018749386,0.0
2023-04-13 06:00:00,55.18,304.50333,989.7341,3.5064416,58.5076,0.042296946,0.0
2023-04-13 07:00:00,54.94,305.09546,989.5669,4.1926136,54.536976,0.010848045,0.0
2023-04-13 08:00:00,54.97,303.37006,990.09,4.1492553,62.88179,0.065505505,0.0
2023-04-13 09:00:00,55.51,302.21576,990.4437,3.443292,71.42434,0.020839274,0.0
2023-04-13 10:00:00,55.68,301.15372,991.7823,3.4127803,78.21184,0.589028,0.0
2023-04-13 11:00:00,57.17,300.3406,992.7569,2.586429,81.95899,2.005756,1.37
2023-04-13 12:00:00,57.97,299.51636,993.2278,1.7709618,86.07324,1.6564131,4.38
2023-04-13 13:00:00,58.84,299.15924,993.5369,0.6089862,87.58433,0.81789494,3.5099998
2023-04-13 14:00:00,59.19,299.09363,993.409,1.7073231,88.96359,0.13197958,3.27
2023-04-13 15:00:00,58.79,299.00204,993.22266,2.617529,89.495834,0.04425645,0.87
2023-04-13 16:00:00,58.51,298.27698,993.0111,2.0842936,90.1209,2.240181,0.0
2023-04-13 17:00:00,57.73,298.30267,992.1153,2.1088505,90.457886,0.010639429,0.01
2023-04-13 18:00:00,57.19,298.2265,991.40076,2.837813,90.68956,0.0,0.0
2023-04-13 19:00:00,56.34,298.55667,991.0636,2.8823073,90.96699,0.0,0.0
2023-04-13 20:00:00,56.73,298.5791,991.4467,3.191202,90.33236,0.0,0.0
2023-04-13 21:00:00,56.28,298.62332,991.6864,3.574246,89.5995,0.0,0.0
2023-04-13 22:00:00,54.87,298.50146,991.97034,3.9189575,89.27491,0.0,0.0
2023-04-13 23:00:00,53.95,299.08847,992.30896,4.356556,86.1389,0.0,0.0
2023-04-14 00:00:00,54.87,300.35242,992.6585,5.716632,78.04354,7.683367,0.0
2023-04-14 01:00:00,53.67,301.67804,992.3644,6.201655,70.96313,0.0,0.0
2023-04-14 02:00:00,52.73,302.6402,991.95,6.495364,67.27193,0.003412366,0.0
2023-04-14 03:00:00,52.17,303.3717,991.142,6.725338,66.87723,0.012770295,0.0
2023-04-14 04:00:00,51.66,303.9715,990.09357,6.873148,65.39609,0.038817525,0.0
2023-04-14 05:00:00,51.82,303.56647,989.0795,6.736125,64.97826,0.06430596,0.0
2023-04-14 06:00:00,51.35,302.54922,989.1353,7.558183,69.27385,0.3869608,0.0
2023-04-14 07:00:00,51.33,304.29626,987.8589,7.2507195,59.975838,0.09106845,0.0
2023-04-14 08:00:00,49.99,303.79248,988.0125,6.2504888,63.266598,0.1796037,0.0
2023-04-14 09:00:00,49.01,302.8192,988.48865,5.326192,68.38067,0.17037988,0.0
2023-04-14 10:00:00,48.41,301.7442,989.84674,5.39906,73.25146,0.004708767,0.0
2023-04-14 11:00:00,47.48,300.86633,990.47314,5.364764,77.44373,0.010661781,0.0
2023-04-14 12:00:00,44.69,300.1701,991.2264,5.181058,80.70141,0.0,0.0
2023-04-14 13:00:00,39.94,299.59494,991.2531,5.121965,83.18273,0.0,0.0
2023-04-14 14:00:00,36.06,299.15094,991.31287,4.9998903,84.8796,0.0,0.0
2023-04-14 15:00:00,34.66,298.65723,990.7586,4.871546,86.573235,0.0,0.0
2023-04-14 16:00:00,33.89,298.1947,990.465,4.6068645,88.06284,0.0,0.0
2023-04-14 17:00:00,35.23,297.83044,990.3787,4.0761595,89.264366,0.0,0.0
2023-04-14 18:00:00,38.29,297.52213,989.89484,3.6047084,90.452866,0.0,0.0
2023-04-14 19:00:00,44.55,297.24652,989.8262,4.4110866,88.50616,0.02299255,0.0
2023-04-14 20:00:00,49.74,297.13538,990.0706,4.090881,89.05594,0.22017956,0.0
2023-04-14 21:00:00,51.91,297.11316,990.8248,4.238796,88.87401,0.6699711,0.0
2023-04-14 22:00:00,52.78,297.25272,991.493,3.8227005,88.80087,0.42568147,0.0
2023-04-14 23:00:00,53.25,297.44025,992.6822,3.677287,88.91863,0.64863265,0.0
2023-04-15 00:00:00,52.45,297.28723,993.4261,4.913266,83.24458,3.318566,0.0
2023-04-15 01:00:00,51.8,296.80518,993.8353,4.9013195,75.2941,0.0,0.0
2023-04-15 02:00:00,51.83,296.89636,993.6,4.2386093,70.8324,0.2709329,0.0
2023-04-15 03:00:00,51.17,297.62988,992.88306,3.9191046,67.36662,0.087786466,0.0
2023-04-15 04:00:00,50.04,298.87476,991.84674,3.8705528,64.331375,0.0032261014,0.0
2023-04-15 05:00:00,48.63,299.91132,990.9325,4.0233407,62.05126,0.0,0.0
2023-04-15 06:00:00,46.54,300.87537,990.3222,3.9986522,59.733444,0.0,0.0
2023-04-15 07:00:00,42.91,301.38544,990.18884,2.9420485,56.83279,0.0,0.0
2023-04-15 08:00:00,40.1,301.5238,990.51904,2.8243573,56.392544,0.0,0.0
2023-04-15 09:00:00,38.61,300.9735,990.7317,2.3337314,61.265434,0.0,0.0
2023-04-15 10:00:00,37.2,299.9889,991.73303,2.398155,68.30661,0.0,0.0
2023-04-15 11:00:00,36.55,299.25665,992.6647,3.217519,71.04059,0.0,0.0
2023-04-15 12:00:00,36.05,298.4428,993.16516,4.298462,71.722916,0.0,0.0
2023-04-15 13:00:00,34.09,297.40295,993.6503,4.799543,72.55456,0.0,0.0
2023-04-15 14:00:00,31.59,296.58926,993.6783,4.861301,72.89128,0.0,0.0
2023-04-15 15:00:00,29.56,295.8554,993.4766,4.9165034,73.37241,0.0,0.0
2023-04-15 16:00:00,27.44,295.12207,993.35486,5.0513325,73.73965,0.0,0.0
2023-04-15 17:00:00,25.55,294.33685,993.35077,5.150523,73.88293,0.0,0.0
2023-04-15 18:00:00,24.38,293.60803,993.37006,5.2668986,73.768295,0.0,0.0
2023-04-15 19:00:00,24.36,293.13077,993.8332,5.516194,73.194275,0.0,0.0
2023-04-15 20:00:00,23.7,292.61832,994.0691,5.5423155,73.98242,0.0,0.0
2023-04-15 21:00:00,23.13,292.22778,994.5428,5.437119,75.880264,0.0,0.0
2023-04-15 22:00:00,22.77,291.90244,995.35,5.5952306,77.22316,0.0,0.0
2023-04-15 23:00:00,21.99,292.61774,996.2527,6.1295323,72.67316,0.0,0.0
2023-04-16 00:00:00,21.24,293.784,996.85876,7.6263494,62.337067,0.5429089,0.0
2023-04-16 01:00:00,20.97,295.29364,996.9342,7.257229,53.08111,0.0,0.0
2023-04-16 02:00:00,20.67,296.94348,996.257,6.5367656,45.948704,0.0,0.0
2023-04-16 03:00:00,21.01,298.4253,995.11835,5.6991506,41.42944,0.0,0.0
2023-04-16 04:00:00,20.93,299.6508,994.07025,5.0402093,38.33777,0.0,0.0
2023-04-16 05:00:00,19.89,300.57294,993.19763,4.581092,36.478382,0.0,0.0
2023-04-16 06:00:00,18.27,301.1925,992.80524,4.210316,35.30475,0.0,0.0
2023-04-16 07:00:00,16.99,302.08075,992.27625,3.8608093,31.9272,0.0,0.0
2023-04-16 08:00:00,16.31,301.8228,992.6917,4.05106,32.737793,0.0,0.0
2023-04-16 09:00:00,15.1,300.29462,993.2686,3.5322294,41.314983,0.0,0.0
2023-04-16 10:00:00,13.16,297.8316,994.1292,4.028132,49.61306,0.0,0.0
2023-04-16 11:00:00,12.5,296.26114,994.7103,4.5564814,54.63698,0.0,0.0
2023-04-16 12:00:00,12.1,295.2684,995.48553,5.0000153,58.754128,0.0,0.0
2023-04-16 13:00:00,12.34,294.6043,995.9968,5.0417337,62.497402,0.0,0.0
2023-04-16 14:00:00,13.06,294.11578,996.2928,5.035096,65.37776,0.0,0.0
2023-04-16 15:00:00,13.94,293.67114,996.1069,4.8915095,67.526665,0.0,0.0
2023-04-16 16:00:00,14.08,293.2319,996.01636,4.756901,68.98771,0.0,0.0
2023-04-16 17:00:00,13.96,292.80417,996.02954,4.589411,69.848915,0.0,0.0
2023-04-16 18:00:00,13.57,292.33566,995.83984,4.4408326,70.546776,0.0,0.0
2023-04-16 19:00:00,13.14,292.24127,995.7459,4.6441803,67.06203,0.0,0.0
2023-04-16 20:00:00,13.05,291.88684,996.04956,4.5004425,66.63232,0.0,0.0
2023-04-16 21:00:00,12.79,291.4391,996.7007,4.3520274,66.89597,0.0,0.0
2023-04-16 22:00:00,12.69,291.00928,997.45135,4.2807283,67.64406,0.0,0.0
2023-04-16 23:00:00,12.53,292.2727,998.36755,4.26166,63.966698,0.0,0.0
2023-04-17 00:00:00,11.79,294.82758,998.8228,5.5600286,52.758152,0.0,0.0
2023-04-17 01:00:00,11.22,297.45636,999.0879,6.111668,43.134975,0.0,0.0
2023-04-17 02:00:00,10.85,299.75146,998.6255,6.1366835,35.4233,0.0,0.0
2023-04-17 03:00:00,11.13,301.3531,997.85236,5.3901744,31.418001,0.0,0.0
2023-04-17 04:00:00,10.67,302.34833,996.8561,4.4584484,29.86856,0.0,0.0
2023-04-17 05:00:00,10.44,303.01892,995.9959,3.8277857,28.330898,0.0,0.0
2023-04-17 06:00:00,10.26,303.4327,995.4545,3.6666536,26.587152,0.0,0.0
2023-04-17 07:00:00,9.37,304.2359,994.9497,4.1325808,21.537737,0.0,0.0
2023-04-17 08:00:00,8.94,303.77435,995.04736,4.3040347,23.158205,0.0,0.0
2023-04-17 09:00:00,9.52,301.93713,995.8769,4.3331637,29.73527,0.0,0.0
2023-04-17 10:00:00,9.81,299.31067,996.59375,5.0806165,34.872787,0.0,0.0
2023-04-17 11:00:00,10.33,297.70624,997.5056,5.837226,38.04921,0.0,0.0
2023-04-17 12:00:00,10.34,296.50336,998.5703,6.250002,41.434235,0.0,0.0
2023-04-17 13:00:00,10.57,295.4524,999.15704,6.2333055,45.10037,0.0,0.0
2023-04-17 14:00:00,10.52,294.56512,999.66693,5.863225,48.388023,0.0,0.0
2023-04-17 15:00:00,10.7,293.7489,999.69104,5.321263,51.38706,0.0,0.0
2023-04-17 16:00:00,10.5,292.90613,999.53156,4.6129737,54.717327,0.0,0.0
2023-04-17 17:00:00,9.97,292.0797,999.2944,4.020191,58.114506,0.0,0.0
2023-04-17 18:00:00,9.93,291.2713,998.96265,3.5998387,61.549675,0.0,0.0
2023-04-17 19:00:00,9.46,290.9504,998.63794,3.773892,62.571762,0.0,0.0
2023-04-17 20:00:00,8.95,290.2662,999.01904,3.6828032,64.88575,0.0,0.0
2023-04-17 21:00:00,8.78,289.6543,999.1278,3.6454387,66.839424,0.0,0.0
2023-04-17 22:00:00,8.62,289.19177,999.6067,3.528688,68.168846,0.0,0.0
2023-04-17 23:00:00,8.12,290.7686,1000.0684,3.2683504,63.338184,0.0,0.0
2023-04-18 00:00:00,9.04,293.85785,1000.44916,4.028744,49.818707,0.0017185871,0.0
2023-04-18 01:00:00,9.16,296.52563,1000.46124,4.281802,39.92723,0.0,0.0
2023-04-18 02:00:00,9.34,298.90033,999.79205,4.570722,31.66763,0.0,0.0
2023-04-18 03:00:00,9.91,300.74133,998.84375,4.832611,26.512924,0.0,0.0
2023-04-18 04:00:00,10.11,302.12775,997.66565,4.683808,23.825787,0.0,0.0
2023-04-18 05:00:00,10.15,303.16553,996.5017,4.5982146,21.993456,0.0,0.0
2023-04-18 06:00:00,10.95,303.8587,995.78735,4.767063,20.728357,0.0,0.0
2023-04-18 07:00:00,10.83,304.56363,995.5031,4.9117465,18.15221,0.0,0.0
2023-04-18 08:00:00,10.59,304.28107,995.34827,5.0586405,18.834627,0.0,0.0
2023-04-18 09:00:00,10.61,302.64325,995.65564,4.608773,23.88801,0.0,0.0
2023-04-18 10:00:00,11.18,300.23706,996.2742,4.9270267,28.53806,0.0,0.0
2023-04-18 11:00:00,12.48,298.75656,997.375,5.517562,31.295237,0.0,0.0
2023-04-18 12:00:00,12.76,297.5816,998.04016,5.8953977,34.614296,0.0,0.0
2023-04-18 13:00:00,12.59,296.52884,998.54456,5.70918,38.53764,0.0,0.0
2023-04-18 14:00:00,12.75,295.55652,998.7386,5.120402,42.391735,0.0,0.0
2023-04-18 15:00:00,12.74,294.5749,998.5825,4.293966,46.31222,0.0,0.0
2023-04-18 16:00:00,12.68,293.60504,998.22015,3.6378615,50.34435,0.0,0.0
2023-04-18 17:00:00,12.89,292.675,997.80347,3.338405,54.184223,0.0,0.0
2023-04-18 18:00:00,12.94,291.96295,997.677,3.5473828,56.499123,0.0,0.0
2023-04-18 19:00:00,12.09,291.20844,997.3756,3.6258628,57.721687,0.0,0.0
2023-04-18 20:00:00,11.81,290.65494,997.4383,3.5493386,59.586494,0.0,0.0
2023-04-18 21:00:00,11.31,290.17,997.2512,3.607116,60.81669,0.0,0.0
2023-04-18 22:00:00,10.98,289.74573,997.6733,3.548412,61.849667,0.0,0.0
2023-04-18 23:00:00,10.31,291.3203,998.0708,3.392181,57.183083,0.0,0.0
2023-04-19 00:00:00,10.17,294.49774,998.6752,4.533628,45.78364,0.0017169454,0.0
2023-04-19 01:00:00,10.3,297.35645,998.5428,5.11458,38.34466,0.0,0.0
2023-04-19 02:00:00,10.31,300.1418,998.1622,5.333501,30.541405,0.0,0.0
2023-04-19 03:00:00,10.15,302.3957,996.845,6.0430503,23.517254,0.0,0.0
2023-04-19 04:00:00,10.35,303.9182,995.57117,6.313041,20.157722,0.0,0.0
2023-04-19 05:00:00,10.68,304.98468,994.3247,6.1758294,18.087587,0.0,0.0
2023-04-19 06:00:00,11.41,305.64856,993.2713,6.208014,16.662672,0.0,0.0
2023-04-19 07:00:00,11.81,306.17874,992.7509,6.442702,15.596657,0.0,0.0
2023-04-19 08:00:00,12.85,305.67603,992.8642,6.687189,16.171728,0.0,0.0
2023-04-19 09:00:00,13.37,304.1607,993.1209,5.931725,19.259327,0.0,0.0
2023-04-19 10:00:00,13.71,302.01093,994.0781,5.861264,22.977264,0.0,0.0
2023-04-19 11:00:00,14.45,300.65192,994.8157,6.1640525,25.533083,0.0,0.0
2023-04-19 12:00:00,14.79,299.52313,995.6912,6.0442557,27.859968,0.0,0.0
2023-04-19 13:00:00,14.29,298.3863,996.1378,5.444009,30.35346,0.0,0.0
2023-04-19 14:00:00,13.6,297.22006,996.4614,4.672913,33.135258,0.0,0.0
2023-04-19 15:00:00,13.26,296.045,996.09204,4.1156063,35.99405,0.0,0.0
2023-04-19 16:00:00,12.6,295.00024,995.83514,3.898019,38.52303,0.0,0.0
2023-04-19 17:00:00,12.18,294.11905,995.3091,4.10635,40.192818,0.0,0.0
2023-04-19 18:00:00,12.22,293.48505,994.9403,4.3483744,40.72564,0.0,0.0
2023-04-19 19:00:00,13.16,292.4529,995.0657,4.0880637,42.861027,0.0,0.0
2023-04-19 20:00:00,15.6,291.96326,995.243,4.1606135,43.3732,0.0,0.0
2023-04-19 21:00:00,16.69,291.6129,995.54517,4.319665,43.584564,0.0,0.0
2023-04-19 22:00:00,17.14,291.39102,995.9994,4.4027214,43.918507,0.0,0.0
2023-04-19 23:00:00,17.17,293.10443,996.8381,4.7968287,40.199795,0.0,0.0
2023-04-20 00:00:00,18.19,296.00485,997.34174,6.8332367,34.667,0.0025781586,0.0
2023-04-20 01:00:00,17.97,298.84903,997.5882,8.110508,31.572338,0.0,0.0
2023-04-20 02:00:00,17.94,301.54333,997.015,8.560877,28.08557,0.0,0.0
2023-04-20 03:00:00,18.08,303.601,996.06757,8.588665,24.725784,0.0,0.0
2023-04-20 04:00:00,17.83,304.87915,994.7645,7.984037,22.642515,0.0,0.0
2023-04-20 05:00:00,17.74,305.6512,994.02985,7.171013,21.07235,0.0,0.0
2023-04-20 06:00:00,17.98,306.0386,993.40717,6.626747,19.937899,0.0,0.0
2023-04-20 07:00:00,18.38,305.79044,993.738,6.3363547,19.755878,0.0,0.0
2023-04-20 08:00:00,19.0,305.41882,993.96295,6.0724807,20.121616,0.0,0.0
2023-04-20 09:00:00,19.59,304.39694,994.29016,5.1914544,22.000105,0.0,0.0
2023-04-20 10:00:00,20.07,302.5289,995.14575,4.5584,25.56682,0.0,0.0
2023-04-20 11:00:00,20.86,301.277,995.90326,4.7994437,28.001959,0.0,0.0
2023-04-20 12:00:00,21.28,300.27475,996.61554,5.1104913,30.053425,0.0,0.0
2023-04-20 13:00:00,21.48,299.4511,996.8162,5.2952156,32.201134,0.0,0.0
2023-04-20 14:00:00,21.88,298.59338,996.7633,5.24695,34.751827,0.0,0.0
2023-04-20 15:00:00,22.37,297.74512,996.58453,4.7734637,37.285286,0.0,0.0
2023-04-20 16:00:00,22.46,297.02505,996.14575,4.30451,39.24434,0.0,0.0
2023-04-20 17:00:00,22.15,297.11493,995.7905,4.2280498,38.87797,0.0,0.0
2023-04-20 18:00:00,21.87,297.12158,995.5144,4.7178183,38.17168,0.0,0.0
2023-04-20 19:00:00,22.02,296.1714,995.988,4.4465966,40.450485,0.0,0.0
2023-04-20 20:00:00,22.09,295.94086,996.4812,4.3185506,40.876247,0.0,0.0
2023-04-20 21:00:00,21.34,295.706,996.66595,4.3255477,41.207237,0.0,0.0
2023-04-20 22:00:00,20.81,295.25568,997.5282,4.453268,41.719566,0.0,0.0
2023-04-20 23:00:00,21.22,296.4189,998.31116,4.5887723,38.167892,0.0,0.0
2023-04-21 00:00:00,21.35,298.30975,999.1394,7.1768427,31.7348,0.0,0.0
2023-04-21 01:00:00,21.92,300.18423,999.14557,8.344974,26.764309,0.0,0.0
2023-04-21 02:00:00,22.53,302.01993,998.92474,8.478223,23.259466,0.0,0.0
2023-04-21 03:00:00,23.48,303.69672,997.7885,8.4010515,21.142162,0.0,0.0
2023-04-21 04:00:00,23.68,305.08038,996.70154,8.125842,20.19234,0.0,0.0
2023-04-21 05:00:00,24.41,305.82483,995.5628,7.7149606,20.155535,0.0,0.0
2023-04-21 06:00:00,25.62,306.11798,995.10297,7.298535,20.538437,0.0,0.0
2023-04-21 07:00:00,27.01,306.5452,995.3,6.8480506,22.01951,0.0,0.0
2023-04-21 08:00:00,27.97,306.15057,995.5426,6.585833,23.04102,0.0,0.0
2023-04-21 09:00:00,28.34,305.41052,996.10876,5.665007,24.883316,0.0,0.0
2023-04-21 10:00:00,28.82,304.17908,996.6283,4.927416,27.750938,0.0,0.0
2023-04-21 11:00:00,30.03,303.43253,997.438,5.150368,29.72834,0.0,0.0
2023-04-21 12:00:00,30.66,302.69995,997.88763,5.4994855,31.544939,0.0,0.0
2023-04-21 13:00:00,31.46,302.30026,998.205,5.7114515,32.636528,0.0,0.0
2023-04-21 14:00:00,32.25,301.84128,998.2989,5.385566,33.642067,0.0,0.0
2023-04-21 15:00:00,32.85,301.43665,998.1716,4.7034354,34.386597,0.0,0.0
2023-04-21 16:00:00,32.96,300.76935,998.0178,4.1179323,35.63135,0.0,0.0
2023-04-21 17:00:00,32.29,300.26025,997.4908,4.128053,36.236347,0.0,0.0
2023-04-21 18:00:00,31.43,299.6761,997.09015,4.352465,36.588867,0.0,0.0
2023-04-21 19:00:00,31.09,298.14166,997.5996,4.739374,38.35281,0.0,0.0
2023-04-21 20:00:00,30.93,297.69415,997.5725,4.6701446,38.922043,0.0,0.0
2023-04-21 21:00:00,31.58,297.25595,997.8567,4.668804,39.721794,0.0,0.0
2023-04-21 22:00:00,32.48,297.0656,998.2154,4.7125053,40.029892,0.0,0.0
2023-04-21 23:00:00,32.3,298.12183,998.77576,4.7629657,37.463627,0.0,0.0
2023-04-22 00:00:00,33.34,300.07068,999.35406,6.518572,32.13834,0.0,0.0
2023-04-22 01:00:00,33.3,302.0901,999.3128,7.418025,27.432081,0.0,0.0
2023-04-22 02:00:00,33.34,303.95306,998.7381,7.889522,24.151432,0.0,0.0
2023-04-22 03:00:00,33.33,305.63116,997.4409,8.175835,22.108217,0.0,0.0
2023-04-22 04:00:00,33.01,306.85165,996.2347,8.100416,21.559784,0.0,0.0
2023-04-22 05:00:00,32.78,307.47327,995.20557,7.7034492,21.567219,0.0,0.0
2023-04-22 06:00:00,32.72,307.8897,994.5735,7.401863,21.566565,0.0,0.0
2023-04-22 07:00:00,31.64,307.90747,994.6399,6.978756,23.313437,0.0,0.0
2023-04-22 08:00:00,31.55,307.62473,995.1453,6.7323747,23.470257,0.0,0.0
2023-04-22 09:00:00,31.15,306.74326,995.5806,5.987894,24.595165,0.0,0.0
2023-04-22 10:00:00,30.64,305.24622,996.33,5.436143,27.102688,0.0,0.0
2023-04-22 11:00:00,30.35,304.02887,997.2059,5.608,29.05666,0.0,0.0
2023-04-22 12:00:00,29.94,303.23907,997.95,5.7606077,30.3059,0.0,0.0
2023-04-22 13:00:00,29.63,302.47607,998.17975,5.8333273,31.703,0.0,0.0
2023-04-22 14:00:00,29.13,301.84753,998.3697,5.8187146,33.015816,0.0,0.0
2023-04-22 15:00:00,28.6,301.13953,998.1131,5.4980965,34.46562,0.0,0.0
2023-04-22 16:00:00,27.59,300.22644,997.859,4.6886086,36.44533,0.0,0.0
2023-04-22 17:00:00,26.98,299.25067,997.6703,3.97255,38.85446,0.0,0.0
2023-04-22 18:00:00,26.37,298.2189,996.9578,3.673178,41.55583,0.0,0.0
2023-04-22 19:00:00,25.55,297.17804,997.3961,3.790806,45.17372,0.0,0.0
2023-04-22 20:00:00,24.49,296.4335,997.4955,4.0449786,47.097977,0.0,0.0
2023-04-22 21:00:00,23.51,295.90488,997.8908,4.276588,48.085556,0.0,0.0
2023-04-22 22:00:00,23.36,295.55127,998.2651,4.5011353,47.506645,0.0,0.0
2023-04-22 23:00:00,22.63,297.1075,998.8972,4.7942967,40.500362,0.0,0.0
2023-04-23 00:00:00,21.89,299.8463,999.52655,6.6968703,30.597612,0.0,0.0
2023-04-23 01:00:00,21.57,302.36542,999.5655,7.9384837,24.560911,0.0,0.0
2023-04-23 02:00:00,21.43,304.5781,999.09296,8.563513,20.638573,0.0,0.0
2023-04-23 03:00:00,21.14,306.1263,998.1115,8.2603445,18.662058,0.0,0.0
2023-04-23 04:00:00,20.9,307.09625,996.8292,7.3175755,17.976934,0.0,0.0
2023-04-23 05:00:00,20.58,307.69385,995.70166,6.493566,17.562992,0.0,0.0
2023-04-23 06:00:00,20.45,308.03793,995.1523,6.054205,16.882786,0.0,0.0
2023-04-23 07:00:00,19.36,307.97034,994.96844,5.7290053,17.164509,0.0,0.0
2023-04-23 08:00:00,19.1,307.6255,995.10547,5.8085513,16.972044,0.0,0.0
2023-04-23 09:00:00,18.77,306.64435,995.70734,5.0589833,17.795816,0.0,0.0
2023-04-23 10:00:00,18.54,304.79733,996.1941,4.543952,19.95508,0.0,0.0
2023-04-23 11:00:00,18.88,303.4727,996.79236,4.7432013,21.456425,0.0,0.0
2023-04-23 12:00:00,19.6,302.34323,997.2757,4.822096,22.871105,0.0,0.0
2023-04-23 13:00:00,20.04,301.32745,997.7657,4.6955824,24.543165,0.0,0.0
2023-04-23 14:00:00,20.02,300.2849,997.5878,4.326072,26.611742,0.0,0.0
2023-04-23 15:00:00,19.65,299.22626,997.5079,3.9188585,28.83315,0.0,0.0
2023-04-23 16:00:00,18.28,298.03406,997.01624,3.563579,31.268024,0.0,0.0
2023-04-23 17:00:00,17.63,296.88898,996.89264,3.5508103,33.37,0.0,0.0
2023-04-23 18:00:00,17.25,295.99966,996.4347,3.68712,34.493523,0.0,0.0
2023-04-23 19:00:00,16.67,294.96063,996.748,3.4133935,35.50115,0.0,0.0
2023-04-23 20:00:00,16.12,294.10312,996.6155,3.3428478,37.086147,0.0,0.0
2023-04-23 21:00:00,15.52,293.40375,996.8583,3.355083,38.164185,0.0,0.0
2023-04-23 22:00:00,15.07,292.82074,997.382,3.3479784,38.855614,0.0,0.0
2023-04-23 23:00:00,15.05,294.36972,997.92194,3.1849496,34.827805,0.0,0.0
2023-04-24 00:00:00,15.39,297.81717,998.24695,4.0522165,27.132261,0.0,0.0
2023-04-24 01:00:00,15.76,301.06177,998.01984,4.73596,22.28757,0.0,0.0
2023-04-24 02:00:00,15.89,303.86554,997.7081,5.3850822,19.369059,0.0,0.0
2023-04-24 03:00:00,15.92,305.6161,996.59717,5.165239,16.932756,0.0,0.0
2023-04-24 04:00:00,15.73,306.71265,995.2236,4.5270395,15.314213,0.0,0.0
2023-04-24 05:00:00,15.45,307.4901,994.1145,4.000429,14.301064,0.0,0.0
2023-04-24 06:00:00,16.09,307.9425,993.30945,3.581738,13.76978,0.0,0.0
2023-04-24 07:00:00,16.22,308.1501,992.8679,3.1422408,14.534947,0.0,0.0
2023-04-24 08:00:00,16.42,308.0031,993.08905,3.1559415,14.77929,0.0,0.0
2023-04-24 09:00:00,16.46,307.21783,993.60175,2.799042,15.868924,0.0,0.0
2023-04-24 10:00:00,16.94,305.4413,994.2559,2.9594026,18.602112,0.0,0.0
2023-04-24 11:00:00,17.53,303.84937,994.6932,3.366127,21.161516,0.0,0.0
2023-04-24 12:00:00,17.86,302.55054,995.40405,3.6933777,23.550781,0.0,0.0
2023-04-24 13:00:00,18.08,301.51215,995.28796,4.017211,26.121143,0.0,0.0
2023-04-24 14:00:00,18.57,300.78394,995.4473,4.2011566,29.083994,0.0,0.0
2023-04-24 15:00:00,19.47,300.15576,995.07404,4.3107605,32.2474,0.0,0.0
2023-04-24 16:00:00,19.98,299.57153,995.14844,4.3216586,35.022892,0.0,0.0
2023-04-24 17:00:00,20.32,298.96323,994.6121,4.1856856,37.53651,0.0,0.0
2023-04-24 18:00:00,20.0,298.37415,994.1014,3.9128554,40.007828,0.0,0.0
2023-04-24 19:00:00,19.78,297.0178,994.54565,3.333086,42.69025,0.0,0.0
2023-04-24 20:00:00,19.57,296.34705,994.4775,3.1268756,45.27318,0.0,0.0
2023-04-24 21:00:00,19.35,295.73187,994.63983,2.8881123,47.86157,0.0,0.0
2023-04-24 22:00:00,19.37,295.1555,995.1722,2.6602018,50.445374,0.0,0.0
2023-04-24 23:00:00,19.18,296.62112,995.9309,2.3085382,46.993366,0.0,0.0
2023-04-25 00:00:00,18.19,299.9682,995.96204,3.1181953,37.462082,0.0,0.0
2023-04-25 01:00:00,18.37,302.7371,995.8275,3.9336274,30.384317,0.0,0.0
2023-04-25 02:00:00,18.59,305.33478,995.47314,4.4149194,24.9216,0.0,0.0
2023-04-25 03:00:00,18.9,307.09753,994.5135,4.159543,23.257908,0.0,0.0
2023-04-25 04:00:00,19.08,308.07385,993.2799,2.9784224,21.037657,0.0,0.0
2023-04-25 05:00:00,19.34,308.65485,992.3113,1.7887588,19.210163,0.0,0.0
2023-04-25 06:00:00,19.48,308.95996,991.68896,0.8154457,18.095661,0.0,0.0
2023-04-25 07:00:00,18.94,308.9394,991.78326,0.7993133,18.894852,0.0,0.0
2023-04-25 08:00:00,18.69,308.84412,992.2717,1.4276665,18.65106,0.0,0.0
2023-04-25 09:00:00,18.91,308.3107,992.6474,2.1034307,19.387882,0.0,0.0
2023-04-25 10:00:00,19.71,306.8393,993.1158,2.69905,22.287624,0.0,0.0
2023-04-25 11:00:00,20.27,305.47745,993.759,3.1673362,24.946894,0.0,0.0
2023-04-25 12:00:00,20.84,304.27023,994.21454,3.4185514,27.211681,0.0,0.0
2023-04-25 13:00:00,20.9,303.20398,994.53705,3.5739758,29.170918,0.0,0.0
2023-04-25 14:00:00,20.54,302.23773,994.4969,3.5236633,30.868343,0.0,0.0
2023-04-25 15:00:00,20.67,301.30658,994.14264,3.0475843,32.678707,0.0,0.0
2023-04-25 16:00:00,20.27,299.99817,993.90686,2.2357273,37.304893,0.0,0.0
2023-04-25 17:00:00,20.72,298.76685,993.65985,2.136659,39.913975,0.0,0.0
2023-04-25 18:00:00,20.85,297.45874,993.392,1.3714631,44.9407,0.0,0.0
2023-04-25 19:00:00,20.81,296.23248,994.18854,2.3684356,48.11507,0.0,0.0
2023-04-25 20:00:00,19.78,295.47845,994.1788,2.2275105,53.556995,0.0,0.0
2023-04-25 21:00:00,18.95,294.86005,994.4503,1.0760207,60.86511,0.0,0.0
2023-04-25 22:00:00,18.33,294.62506,994.74524,0.972557,61.406673,0.0,0.0
2023-04-25 23:00:00,18.26,295.68582,995.3106,1.4518597,58.495193,0.0,0.0
2023-04-26 00:00:00,19.72,299.53464,995.6926,1.4751229,44.767292,0.0012830369,0.0
2023-04-26 01:00:00,19.82,302.72107,995.8161,1.2141206,34.5141,0.0,0.0
2023-04-26 02:00:00,20.09,305.54422,995.448,1.5834498,25.914244,0.0,0.0
2023-04-26 03:00:00,20.53,307.54657,994.4581,2.0893247,21.058018,0.0,0.0
2023-04-26 04:00:00,20.69,308.6776,993.41266,1.8615108,18.548344,0.0,0.0
2023-04-26 05:00:00,20.49,309.271,992.27234,1.3572869,16.489075,0.0,0.0
2023-04-26 06:00:00,20.33,309.60382,991.6298,0.9027167,15.1455965,0.0,0.0
2023-04-26 07:00:00,20.79,309.54877,992.0089,1.7205851,16.660877,0.0,0.0
2023-04-26 08:00:00,21.12,309.39862,992.10175,2.2123532,16.571539,0.0,0.0
2023-04-26 09:00:00,20.81,308.7384,992.615,2.459338,17.441778,0.0,0.0
2023-04-26 10:00:00,20.34,307.00757,993.2152,3.0625443,20.73151,0.0,0.0
2023-04-26 11:00:00,20.87,305.54248,993.80304,3.6775913,23.009056,0.0,0.0
2023-04-26 12:00:00,20.87,304.38702,994.2595,4.284145,24.387743,0.0,0.0
2023-04-26 13:00:00,20.85,303.6875,994.35516,4.2210255,24.93553,0.0,0.0
2023-04-26 14:00:00,21.03,303.00793,994.2942,3.7239113,25.8287,0.0,0.0
2023-04-26 15:00:00,21.0,302.4151,994.27563,3.1638317,26.97229,0.0,0.0
2023-04-26 16:00:00,20.61,301.71832,994.2064,2.9898934,28.6767,0.0,0.0
2023-04-26 17:00:00,20.59,301.15045,993.96893,3.714165,29.916033,0.0,0.0
2023-04-26 18:00:00,20.69,300.36737,993.58484,3.4461265,31.612518,0.0,0.0
2023-04-26 19:00:00,20.21,298.60175,993.935,2.8854632,35.304108,0.0,0.0
2023-04-26 20:00:00,20.31,297.9223,993.8109,3.0261078,37.226208,0.0,0.0
2023-04-26 21:00:00,21.57,297.46692,994.0197,3.1809983,38.914654,0.0,0.0
2023-04-26 22:00:00,22.64,297.2809,994.7676,3.204523,40.570007,0.0,0.0
2023-04-26 23:00:00,23.77,299.0041,995.3176,2.8595908,39.114807,0.0,0.0
2023-04-27 00:00:00,24.67,302.52966,995.59094,3.2627351,36.657352,0.0,0.0
2023-04-27 01:00:00,25.65,305.61914,995.58844,3.7512152,35.43432,0.0,0.0
2023-04-27 02:00:00,26.37,307.86737,995.01843,4.4082932,31.520117,0.0,0.0
2023-04-27 03:00:00,27.88,309.2013,994.11505,3.9379258,26.32086,0.0,0.0
2023-04-27 04:00:00,28.98,309.87274,993.17615,3.367035,23.401583,0.0,0.0
2023-04-27 05:00:00,30.44,310.3553,992.2647,3.06187,21.700153,0.0,0.0
2023-04-27 06:00:00,31.42,310.6792,991.8162,2.8127353,20.576826,0.0,0.0
2023-04-27 07:00:00,32.04,310.57764,991.90344,1.9028885,24.107405,0.0,0.0
2023-04-27 08:00:00,33.37,310.35397,992.1105,1.7120208,23.948402,0.0,0.0
2023-04-27 09:00:00,34.48,309.8656,992.6647,1.6715591,24.31905,0.0,0.0
2023-04-27 10:00:00,35.24,308.87247,992.98,2.1316113,26.576525,0.0,0.0
2023-04-27 11:00:00,35.95,307.64624,993.54596,2.7489982,28.973913,0.0,0.0
2023-04-27 12:00:00,36.46,306.5326,994.33673,2.9469864,30.925846,0.0,0.0
2023-04-27 13:00:00,36.47,305.5951,995.0428,2.8024929,32.64226,0.0,0.0
2023-04-27 14:00:00,35.38,305.02548,995.15295,2.8707788,33.488243,0.0,0.0
2023-04-27 15:00:00,34.55,304.7467,994.7548,2.8701532,33.586704,0.0,0.0
2023-04-27 16:00:00,34.18,303.9787,994.53925,2.572175,34.917984,0.0,0.0
2023-04-27 17:00:00,33.44,303.12305,994.1897,2.0110815,37.632305,0.0,0.0
2023-04-27 18:00:00,33.7,302.21704,993.9875,2.3268974,39.086372,0.0,0.0
2023-04-27 19:00:00,33.59,301.4666,994.2361,3.4828436,39.941135,0.0,0.0
2023-04-27 20:00:00,33.4,300.80145,994.19666,3.5169437,41.19936,0.0,0.0
2023-04-27 21:00:00,33.33,300.3775,994.42114,3.2634833,42.297512,0.0,0.0
2023-04-27 22:00:00,33.76,300.0138,995.085,2.688832,44.013725,0.0,0.0
2023-04-27 23:00:00,33.46,300.8919,995.83203,1.5556564,44.16621,0.0,0.0
2023-04-28 00:00:00,33.99,302.64423,996.426,0.7342618,41.242416,0.0,0.0
2023-04-28 01:00:00,34.41,304.20502,996.39984,0.4779113,39.00343,0.0,0.0
2023-04-28 02:00:00,35.33,305.8673,995.82166,0.5948324,36.342537,0.0,0.0
2023-04-28 03:00:00,36.09,307.31628,994.8842,0.59150213,33.164616,0.0,0.0
2023-04-28 04:00:00,36.63,308.40857,993.8158,0.8539954,29.613321,0.0,0.0
2023-04-28 05:00:00,37.55,309.15808,992.85315,1.1611583,27.473572,0.0,0.0
2023-04-28 06:00:00,38.32,309.70554,992.2344,1.5237669,25.76284,0.0,0.0
2023-04-28 07:00:00,38.11,310.4762,991.96686,3.1306896,23.669157,0.0,0.0
2023-04-28 08:00:00,38.11,310.2608,992.09485,3.7531276,23.304478,0.0,0.0
2023-04-28 09:00:00,37.82,309.6076,992.54736,4.1694436,23.69834,0.0,0.0
2023-04-28 10:00:00,38.52,308.53067,992.91095,4.4297905,25.147465,0.0,0.0
2023-04-28 11:00:00,38.53,307.55347,993.6294,5.2916946,26.389679,0.0,0.0
2023-04-28 12:00:00,38.41,306.65897,994.4408,6.2155433,26.689163,0.0,0.0
2023-04-28 13:00:00,36.97,305.8321,994.9247,6.7522626,25.689373,0.0,0.0
2023-04-28 14:00:00,35.57,304.76105,995.1756,6.7700653,24.638609,0.0,0.0
2023-04-28 15:00:00,34.41,303.6508,994.8006,6.8551564,23.746204,0.0,0.0
2023-04-28 16:00:00,33.08,302.6471,994.4338,6.931099,23.007444,0.0,0.0
2023-04-28 17:00:00,32.37,301.57962,993.96814,6.6473036,22.835102,0.0,0.0
2023-04-28 18:00:00,31.63,300.72217,993.6791,6.2959065,22.689854,0.0,0.0
2023-04-28 19:00:00,30.68,299.37784,994.10956,4.957796,24.09312,0.0,0.0
2023-04-28 20:00:00,29.82,298.5598,994.2506,4.5133357,24.411526,0.0,0.0
2023-04-28 21:00:00,29.22,297.8717,995.00916,4.316622,24.591541,0.0,0.0
2023-04-28 22:00:00,28.49,297.21844,995.48315,4.4763575,24.61869,0.0,0.0
2023-04-28 23:00:00,27.73,297.9809,996.312,4.73846,22.664745,0.0,0.0
2023-04-29 00:00:00,26.96,299.45215,996.22314,6.5461802,20.244154,0.0,0.0
2023-04-29 01:00:00,27.18,301.3018,995.8469,6.665456,19.032663,0.0,0.0
2023-04-29 02:00:00,27.69,303.29346,995.3113,6.5882163,18.377266,0.0,0.0
2023-04-29 03:00:00,27.19,305.0374,994.0675,6.4795704,17.952713,0.0,0.0
2023-04-29 04:00:00,26.94,306.35208,992.6264,6.22647,17.650023,0.0,0.0
2023-04-29 05:00:00,27.34,307.22543,991.6083,5.875323,17.502058,0.0,0.0
2023-04-29 06:00:00,27.91,307.65652,990.9736,5.53331,17.51231,0.0,0.0
2023-04-29 07:00:00,26.99,307.3372,990.91833,4.9137745,19.284492,0.0,0.0
2023-04-29 08:00:00,25.5,306.96204,990.98157,5.0366244,19.438467,0.0,0.0
2023-04-29 09:00:00,23.8,306.12033,991.4512,4.883677,19.729412,0.0,0.0
2023-04-29 10:00:00,22.74,304.7342,992.08014,4.47842,20.8008,0.0,0.0
2023-04-29 11:00:00,21.87,303.5569,992.6083,4.933813,21.416517,0.0,0.0
2023-04-29 12:00:00,20.49,302.4887,993.20844,5.163728,22.05364,0.0,0.0
2023-04-29 13:00:00,19.86,301.4863,993.4917,5.3563724,22.941633,0.0,0.0
2023-04-29 14:00:00,19.64,300.58447,993.53687,5.412834,23.951323,0.0,0.0
2023-04-29 15:00:00,19.73,299.7395,993.16296,5.4280553,24.95425,0.0,0.0
2023-04-29 16:00:00,19.63,299.0495,992.84576,5.430048,25.741854,0.0,0.0
2023-04-29 17:00:00,19.6,298.26562,992.68896,5.4467516,26.750973,0.0,0.0
2023-04-29 18:00:00,19.55,297.635,992.45374,5.2903266,27.511099,0.0,0.0
2023-04-29 19:00:00,19.48,296.00256,993.24524,4.6537347,30.48853,0.0,0.0
2023-04-29 20:00:00,19.39,295.35443,993.5996,4.285389,31.437487,0.0,0.0
2023-04-29 21:00:00,19.41,294.78555,993.8343,3.932305,32.297905,0.0,0.0
2023-04-29 22:00:00,19.51,294.36285,994.613,3.5953422,33.202282,0.0,0.0
2023-04-29 23:00:00,19.61,295.519,995.1909,3.4217944,31.865114,0.0,0.0
2023-04-30 00:00:00,19.21,297.97678,995.5118,4.5523133,31.478395,0.0025689597,0.0
2023-04-30 01:00:00,19.54,300.42242,995.15985,5.2136183,32.230614,0.0,0.0
2023-04-30 02:00:00,20.03,302.8059,994.59875,5.0589137,30.461317,0.0,0.0
2023-04-30 03:00:00,20.66,304.7758,993.03107,4.682312,28.129995,0.0,0.0
2023-04-30 04:00:00,20.74,306.093,991.9936,3.9919178,26.088861,0.0,0.0
2023-04-30 05:00:00,21.15,306.9585,990.6214,2.9068155,24.624748,0.0,0.0
2023-04-30 06:00:00,21.36,307.3657,990.16547,1.999085,23.827957,0.0,0.0
2023-04-30 07:00:00,23.04,307.49585,990.07935,1.4526803,22.20789,0.0,0.0
2023-04-30 08:00:00,23.73,307.37708,990.17267,1.8784682,22.051168,0.0,0.0
2023-04-30 09:00:00,24.2,306.86835,990.84045,2.9866934,22.919897,0.0,0.0
2023-04-30 10:00:00,25.51,305.42612,991.2742,4.0242767,25.68306,0.0,0.0
2023-04-30 11:00:00,27.08,304.29175,992.233,4.7155447,28.077988,0.0,0.0
2023-04-30 12:00:00,28.39,303.2293,992.6106,4.9692264,30.476284,0.0,0.0
2023-04-30 13:00:00,28.61,302.5954,992.7289,5.16424,32.47996,0.0,0.0
2023-04-30 14:00:00,30.01,302.34204,992.7642,5.4820337,34.18063,0.0,0.0
2023-04-30 15:00:00,31.67,301.9702,992.6002,5.8330507,36.066334,0.0,0.0
2023-04-30 16:00:00,32.29,301.33826,992.59,5.9962163,37.923237,0.0,0.0
2023-04-30 17:00:00,32.59,300.79987,992.59015,6.4006243,39.257942,0.0,0.0
2023-04-30 18:00:00,32.46,300.22922,992.20624,6.8682513,40.55992,0.0,0.0
2023-04-30 19:00:00,32.14,298.5385,992.8233,5.957403,43.54517,0.0,0.0
2023-04-30 20:00:00,32.15,298.01132,993.03925,6.104372,44.786705,0.0,0.0
2023-04-30 21:00:00,32.27,297.65546,993.4757,6.2735343,45.32226,0.0,0.0
2023-04-30 22:00:00,32.06,297.31525,994.33826,6.227337,45.62355,0.0,0.0
2023-04-30 23:00:00,31.77,298.29276,995.1802,6.145752,42.267876,0.0,0.0
2023-05-01 00:00:00,31.34,300.13196,995.7037,7.411499,37.047066,0.0012874602,0.0
2023-05-01 01:00:00,31.94,302.2365,995.8459,7.124333,33.64399,0.0,0.0
2023-05-01 02:00:00,32.55,304.1174,995.27844,6.552485,31.797848,0.0,0.0
2023-05-01 03:00:00,33.18,305.6103,994.0814,5.824393,30.161667,0.0,0.0
2023-05-01 04:00:00,33.74,306.58536,993.01013,4.521954,28.787868,0.0,0.0
2023-05-01 05:00:00,34.84,307.25308,992.1196,2.8920364,26.9629,0.0,0.0
2023-05-01 06:00:00,36.12,307.65533,991.5505,2.0632558,25.644875,0.0,0.0
2023-05-01 07:00:00,38.45,307.69092,991.74414,3.1842628,26.81463,0.0,0.0
2023-05-01 08:00:00,40.84,307.03223,992.1878,3.590531,28.589743,0.0,0.0
2023-05-01 09:00:00,44.49,306.16132,993.2395,4.1540284,31.417185,0.0,0.0
2023-05-01 10:00:00,47.81,305.1856,993.63556,4.4920325,34.847485,0.0,0.0
2023-05-01 11:00:00,49.42,304.29425,994.4725,4.530837,37.67584,0.0,0.0
2023-05-01 12:00:00,49.67,303.70605,995.0799,4.035068,39.553852,0.0,0.0
2023-05-01 13:00:00,48.4,302.8838,995.4764,3.1908472,42.908802,0.0,0.37
2023-05-01 14:00:00,48.46,302.28036,995.92334,2.580001,46.148987,0.0,0.31
2023-05-01 15:00:00,48.19,301.7331,995.89905,2.2826757,48.961304,0.0,0.0
2023-05-01 16:00:00,47.6,301.2814,995.9233,2.2226636,50.514038,0.0,0.0
2023-05-01 17:00:00,47.75,300.90955,995.5986,1.8800901,49.12181,0.0,0.0
2023-05-01 18:00:00,46.78,300.74884,995.48987,2.32452,45.335987,0.0,0.0
2023-05-01 19:00:00,44.61,300.46634,995.5131,1.6233542,49.402473,0.0,0.0
2023-05-01 20:00:00,43.29,299.8584,995.85205,2.7462375,46.553345,0.0,0.0
2023-05-01 21:00:00,42.29,299.32037,996.0828,3.8511286,42.712757,0.0,0.0
2023-05-01 22:00:00,41.38,298.84177,997.0111,5.2158475,36.90565,0.0,0.0
2023-05-01 23:00:00,40.25,299.54303,997.9229,6.2623262,30.470613,0.0,0.0
2023-05-02 00:00:00,38.42,301.29712,998.6822,7.3684072,26.346529,0.0,0.0
2023-05-02 01:00:00,37.91,303.22485,998.8857,7.0651474,24.82779,0.0,0.0
2023-05-02 02:00:00,37.66,304.86963,998.40204,6.2301936,25.611702,0.0,0.0
2023-05-02 03:00:00,36.39,305.88416,997.33374,4.7749386,25.954124,0.0,0.0
2023-05-02 04:00:00,35.82,306.8023,996.17334,3.9448354,24.906181,0.0,0.0
2023-05-02 05:00:00,36.45,307.34564,994.9888,3.4550762,24.116804,0.0,0.0
2023-05-02 06:00:00,36.66,307.64325,994.27795,3.4707134,23.459515,0.0,0.0
2023-05-02 07:00:00,36.1,308.0298,994.4991,3.5850167,23.828058,0.0,0.0
2023-05-02 08:00:00,35.51,307.66617,994.83984,4.402588,23.53448,0.0,0.0
2023-05-02 09:00:00,35.21,307.0258,995.40234,5.3531775,23.67979,0.0,0.0
2023-05-02 10:00:00,35.62,306.05933,996.14,6.445824,24.266785,0.0,0.0
2023-05-02 11:00:00,35.44,304.96484,997.1167,7.6715693,24.172358,0.0,0.0
2023-05-02 12:00:00,35.24,303.93045,997.7395,7.6847267,23.417303,0.0,0.0
2023-05-02 13:00:00,34.02,303.01694,998.03204,7.4546766,21.724138,0.0,0.0
2023-05-02 14:00:00,32.94,302.30298,998.0614,7.155191,19.6988,0.0,0.0
2023-05-02 15:00:00,31.65,301.38724,997.7523,6.457875,19.009703,0.0,0.0
2023-05-02 16:00:00,30.44,300.5408,997.9216,5.820063,19.292707,0.0,0.0
2023-05-02 17:00:00,29.93,299.61517,997.5436,5.563246,20.31052,0.0,0.0
2023-05-02 18:00:00,29.39,298.88266,997.545,5.4815288,21.535395,0.0,0.0
2023-05-02 19:00:00,29.8,297.5161,997.9983,4.286586,23.510288,0.0,0.0
2023-05-02 20:00:00,30.11,296.60797,998.3044,3.8997922,25.093668,0.0,0.0
2023-05-02 21:00:00,29.86,295.90207,998.0969,3.764791,26.409445,0.0,0.0
2023-05-02 22:00:00,28.85,295.29785,999.089,3.9487712,27.565128,0.0,0.0
2023-05-02 23:00:00,28.05,296.20944,999.59515,4.2618484,26.220741,0.0,0.0
2023-05-03 00:00:00,28.05,298.4225,999.9635,5.848712,22.679567,0.0,0.0
2023-05-03 01:00:00,28.3,300.75842,999.99634,6.6877007,19.381514,0.0,0.0
2023-05-03 02:00:00,28.89,302.73773,999.6637,7.076007,16.700754,0.0,0.0
2023-05-03 03:00:00,28.84,304.23175,998.5675,7.009598,15.123105,0.0,0.0
2023-05-03 04:00:00,28.88,305.46988,997.3142,6.8009315,13.9112835,0.0,0.0
2023-05-03 05:00:00,29.25,306.27246,996.1577,6.4540777,13.156494,0.0,0.0
2023-05-03 06:00:00,29.44,306.65405,995.4867,6.0692725,12.881714,0.0,0.0
2023-05-03 07:00:00,29.09,306.7965,995.43823,5.945681,12.42699,0.0,0.0
2023-05-03 08:00:00,28.79,306.3043,995.27924,5.936872,13.1156225,0.0,0.0
2023-05-03 09:00:00,28.41,305.2605,995.8864,5.2121024,14.395409,0.0,0.0
2023-05-03 10:00:00,28.51,303.6594,996.47076,4.848323,16.350716,0.0,0.0
2023-05-03 11:00:00,28.38,302.53214,997.2145,5.158527,17.898712,0.0,0.0
2023-05-03 12:00:00,28.33,301.5026,997.7523,5.3333316,19.295118,0.0,0.0
2023-05-03 13:00:00,27.86,300.5796,998.02765,5.261271,20.415192,0.0,0.0
2023-05-03 14:00:00,27.03,299.67767,997.97797,4.9902616,21.353378,0.0,0.0
2023-05-03 15:00:00,25.98,298.76385,997.62585,4.6387777,22.29704,0.0,0.0
2023-05-03 16:00:00,25.0,297.8329,997.3825,4.333337,23.461615,0.0,0.0
2023-05-03 17:00:00,24.14,296.95117,996.9786,4.1514087,24.755304,0.0,0.0
2023-05-03 18:00:00,23.31,296.20758,996.52783,4.116497,25.943535,0.0,0.0
2023-05-03 19:00:00,22.64,294.81488,996.41284,4.069109,28.714397,0.0,0.0
2023-05-03 20:00:00,22.27,294.12885,996.6653,4.074255,29.651684,0.0,0.0
2023-05-03 21:00:00,21.97,293.5426,996.8361,3.955121,30.490389,0.0,0.0
2023-05-03 22:00:00,21.39,293.0409,997.5361,3.8077335,31.264389,0.0,0.0
2023-05-03 23:00:00,21.17,294.2516,998.425,3.6745348,28.907703,0.0,0.0
2023-05-04 00:00:00,21.4,296.96936,998.81665,4.83824,23.804356,0.0,0.0
2023-05-04 01:00:00,21.38,299.7307,998.7082,5.5631113,19.894035,0.0,0.0
2023-05-04 02:00:00,21.1,302.1695,997.883,6.0539083,16.541132,0.0,0.0
2023-05-04 03:00:00,20.66,303.84717,996.77374,5.657202,14.259252,0.0,0.0
2023-05-04 04:00:00,20.6,304.95468,995.47,4.8781567,12.981068,0.0,0.0
2023-05-04 05:00:00,20.51,305.67676,994.28827,4.274606,12.302907,0.0,0.0
2023-05-04 06:00:00,20.55,306.12186,993.6113,4.083758,11.971632,0.0,0.0
2023-05-04 07:00:00,20.7,306.33716,993.2087,4.15331,12.28562,0.0,0.0
2023-05-04 08:00:00,20.72,306.08414,993.36487,4.2623854,12.504038,0.0,0.0
2023-05-04 09:00:00,20.22,305.10773,993.4712,3.641672,13.581731,0.0,0.0
2023-05-04 10:00:00,20.36,303.36652,994.28394,3.66711,15.978703,0.0,0.0
2023-05-04 11:00:00,20.53,302.0337,994.8871,4.0094495,17.918173,0.0,0.0
2023-05-04 12:00:00,20.59,300.89984,995.5753,4.163594,19.545164,0.0,0.0
2023-05-04 13:00:00,20.66,299.8477,995.72205,4.1162887,21.01474,0.0,0.0
2023-05-04 14:00:00,21.15,298.81708,995.576,3.9613292,22.516212,0.0,0.0
2023-05-04 15:00:00,21.07,297.7809,995.1509,3.909872,24.12569,0.0,0.0
2023-05-04 16:00:00,19.79,296.78928,994.7341,3.8159888,25.78835,0.0,0.0
2023-05-04 17:00:00,18.75,295.8948,994.33765,3.7871573,27.347881,0.0,0.0
2023-05-04 18:00:00,18.1,295.16586,994.1011,3.8425634,28.595356,0.0,0.0
2023-05-04 19:00:00,17.67,293.7978,994.53906,3.6047103,31.286537,0.0,0.0
2023-05-04 20:00:00,17.79,293.12988,994.3719,3.6172256,32.50257,0.0,0.0
2023-05-04 21:00:00,18.14,292.58167,994.6347,3.5650105,33.581146,0.0,0.0
2023-05-04 22:00:00,18.58,292.10254,995.10565,3.4993496,34.603794,0.0,0.0
2023-05-04 23:00:00,19.4,293.4234,995.8553,3.375938,31.993914,0.0,0.0
2023-05-05 00:00:00,18.71,296.5855,996.39514,4.213949,25.756615,0.0,0.0
2023-05-05 01:00:00,18.94,299.7343,996.3047,4.7644286,21.036537,0.0,0.0
2023-05-05 02:00:00,18.89,302.54248,995.71466,5.425132,17.467844,0.0,0.0
2023-05-05 03:00:00,18.75,304.38394,994.7271,5.576718,15.02606,0.0,0.0
2023-05-05 04:00:00,18.77,305.44678,993.34644,4.961988,13.678843,0.0,0.0
2023-05-05 05:00:00,18.89,306.13983,992.2433,4.4247456,12.743706,0.0,0.0
2023-05-05 06:00:00,18.91,306.58823,991.7593,4.161828,12.055841,0.0,0.0
2023-05-05 07:00:00,19.13,306.83276,991.5806,3.3124988,13.401122,0.0,0.0
2023-05-05 08:00:00,19.19,306.6128,991.71674,3.3586802,13.52272,0.0,0.0
2023-05-05 09:00:00,19.69,305.61737,992.25775,2.8941903,15.140046,0.0,0.0
2023-05-05 10:00:00,20.51,303.64172,992.76624,3.5264564,18.562971,0.0,0.0
2023-05-05 11:00:00,20.94,302.21268,993.3416,4.0393844,20.853865,0.0,0.0
2023-05-05 12:00:00,21.58,301.0689,993.90063,4.255232,22.742344,0.0,0.0
2023-05-05 13:00:00,22.47,300.07428,994.3148,4.15255,24.52052,0.0,0.0
2023-05-05 14:00:00,23.4,299.06604,994.22815,3.972312,26.354456,0.0,0.0
2023-05-05 15:00:00,23.89,298.07996,994.1669,3.8545334,28.184752,0.0,0.0
2023-05-05 16:00:00,24.05,297.21637,994.28406,3.8469665,29.749119,0.0,0.0
2023-05-05 17:00:00,24.14,296.51572,993.91,4.0426702,30.797031,0.0,0.0
2023-05-05 18:00:00,24.47,296.04773,993.668,4.248266,31.233961,0.0,0.0
2023-05-05 19:00:00,24.75,295.24457,993.84344,4.5393405,30.926727,0.0,0.0
2023-05-05 20:00:00,24.54,294.9635,994.15094,4.3173323,31.11321,0.0,0.0
2023-05-05 21:00:00,24.88,294.82635,994.26263,4.1522813,31.18482,0.0,0.0
2023-05-05 22:00:00,24.87,294.3479,994.92346,4.050067,32.03927,0.0,0.0
2023-05-05 23:00:00,25.46,295.48602,995.6794,3.723008,30.115097,0.0,0.0
2023-05-06 00:00:00,26.47,298.18378,996.35077,4.741531,25.14598,0.0025657315,0.0
2023-05-06 01:00:00,26.69,300.9298,996.34515,5.5531726,21.32689,0.0,0.0
2023-05-06 02:00:00,26.92,303.547,995.71704,6.1688647,18.44274,0.0,0.0
2023-05-06 03:00:00,26.73,305.45984,994.3897,6.1086726,17.470879,0.0,0.0
2023-05-06 04:00:00,25.9,306.6116,993.26843,5.2353044,17.785812,0.0,0.0
2023-05-06 05:00:00,25.59,307.29108,992.2411,4.482412,17.192513,0.0,0.0
2023-05-06 06:00:00,25.82,307.66937,991.80133,4.3480515,16.340437,0.0,0.0
2023-05-06 07:00:00,25.84,307.61316,991.9292,3.929698,18.23588,0.0,0.0
2023-05-06 08:00:00,25.65,307.34814,992.3363,4.241136,17.959301,0.0,0.0
2023-05-06 09:00:00,25.72,306.2115,992.75354,3.8225324,19.570242,0.0,0.0
2023-05-06 10:00:00,25.7,304.30365,993.6234,4.1448703,22.653154,0.0,0.0
2023-05-06 11:00:00,25.49,303.07635,994.3108,4.5784645,24.301153,0.0,0.0
2023-05-06 12:00:00,25.64,302.1096,995.09467,4.711274,25.765932,0.0,0.0
2023-05-06 13:00:00,27.21,301.24625,995.3295,4.722644,27.40028,0.0,0.0
2023-05-06 14:00:00,29.42,300.3761,995.3022,4.8140874,29.474358,0.0,0.0
2023-05-06 15:00:00,30.74,299.58667,995.2303,4.787008,32.097992,0.0,0.0
2023-05-06 16:00:00,31.04,299.16486,994.7237,4.7218957,34.625267,0.0,0.0
2023-05-06 17:00:00,31.02,298.7305,994.3864,4.8273783,37.3913,0.0,0.0
2023-05-06 18:00:00,31.07,298.46362,994.3349,4.9743066,39.402836,0.0,0.0
2023-05-06 19:00:00,30.27,297.52924,995.42725,4.9639063,41.159927,0.0,0.0
2023-05-06 20:00:00,29.56,297.042,995.72925,5.029784,41.00439,0.0,0.0
2023-05-06 21:00:00,29.17,296.65286,996.0044,5.183178,40.182102,0.0,0.0
2023-05-06 22:00:00,28.82,296.32687,996.65674,5.3559117,39.177425,0.0,0.0
2023-05-06 23:00:00,28.45,297.36615,997.45374,5.3802466,35.125988,0.0,0.0
2023-05-07 00:00:00,28.32,299.4749,997.961,7.2424197,28.445847,0.0,0.0
2023-05-07 01:00:00,28.13,301.66302,997.9723,8.103873,23.972998,0.0,0.0
2023-05-07 02:00:00,28.74,303.74503,997.60876,8.250531,21.227224,0.0,0.0
2023-05-07 03:00:00,29.06,305.35892,996.5357,7.982078,19.902704,0.0,0.0
2023-05-07 04:00:00,29.09,306.4876,995.4774,7.2724953,19.235498,0.0,0.0
2023-05-07 05:00:00,29.24,307.16223,994.4408,6.6101665,18.64451,0.0,0.0
2023-05-07 06:00:00,29.15,307.4772,993.9114,6.3345175,18.164392,0.0,0.0
2023-05-07 07:00:00,28.72,307.27014,994.0558,5.7918367,19.14896,0.0,0.0
2023-05-07 08:00:00,28.61,306.78888,994.4508,5.7548637,19.277212,0.0,0.0
2023-05-07 09:00:00,29.3,305.63254,994.9947,5.2296705,20.623184,0.0,0.0
2023-05-07 10:00:00,29.61,304.13452,995.57733,5.593345,22.644869,0.0,0.0
2023-05-07 11:00:00,28.1,302.89355,996.66156,6.176874,24.155088,0.0,0.0
2023-05-07 12:00:00,26.37,302.0053,997.5032,6.3711567,24.795515,0.0,0.0
2023-05-07 13:00:00,25.46,301.01794,998.0161,6.2425737,25.250238,0.0,0.0
2023-05-07 14:00:00,25.57,300.07318,998.29065,6.094632,25.485575,0.0,0.0
2023-05-07 15:00:00,25.32,299.15945,998.20435,6.048495,25.494919,0.0,0.0
2023-05-07 16:00:00,25.04,298.33295,998.2536,6.1763883,25.073545,0.0,0.0
2023-05-07 17:00:00,24.66,297.61285,998.02936,6.2522726,24.49572,0.0,0.0
2023-05-07 18:00:00,24.43,296.92316,997.80896,6.2130938,24.41724,0.0,0.0
2023-05-07 19:00:00,24.0,295.66858,997.75055,5.9539156,27.305025,0.0,0.0
2023-05-07 20:00:00,23.59,295.0332,998.0134,5.8955956,27.977764,0.0,0.0
2023-05-07 21:00:00,22.99,294.4743,998.05365,5.890041,28.835154,0.0,0.0
2023-05-07 22:00:00,22.34,294.0293,998.87866,5.973421,29.472675,0.0,0.0
2023-05-07 23:00:00,21.57,294.89716,999.44354,5.6247616,27.82208,0.0,0.0
2023-05-08 00:00:00,21.71,296.71786,999.97095,7.863422,24.103424,0.0,0.0
2023-05-08 01:00:00,22.34,298.56982,999.8642,8.292015,21.405481,0.0,0.0
2023-05-08 02:00:00,22.76,300.40814,999.48804,8.235865,19.39114,0.0,0.0
2023-05-08 03:00:00,22.69,301.99902,998.40967,8.094677,17.970829,0.0,0.0
2023-05-08 04:00:00,22.85,303.247,997.13837,7.7581005,16.932442,0.0,0.0
2023-05-08 05:00:00,22.88,304.12045,996.11444,7.2886066,16.199776,0.0,0.0
2023-05-08 06:00:00,22.59,304.60693,995.5508,6.9670005,15.760118,0.0,0.0
2023-05-08 07:00:00,22.26,304.9309,995.6916,6.9118714,16.84274,0.0,0.0
2023-05-08 08:00:00,21.62,304.45636,995.78094,6.704793,17.392681,0.0,0.0
2023-05-08 09:00:00,21.57,303.33337,996.4737,5.6718993,18.909096,0.0,0.0
2023-05-08 10:00:00,22.23,301.74875,996.9475,5.2673235,21.13465,0.0,0.0
2023-05-08 11:00:00,22.3,300.62045,997.675,5.4288173,22.772831,0.0,0.0
2023-05-08 12:00:00,21.6,299.68323,998.8069,5.5797644,24.07341,0.0,0.0
2023-05-08 13:00:00,21.2,298.74216,998.9894,5.708259,25.176207,0.0,0.0
2023-05-08 14:00:00,22.08,297.89484,999.3845,5.8888226,25.895947,0.0,0.0
2023-05-08 15:00:00,22.24,297.10422,999.1914,6.121496,26.23415,0.0,0.0
2023-05-08 16:00:00,21.63,296.39856,999.29407,6.343464,25.998947,0.0,0.0
2023-05-08 17:00:00,21.24,295.68835,999.12274,6.4215083,25.35545,0.0,0.0
2023-05-08 18:00:00,20.83,295.01416,999.0792,6.3669353,24.434748,0.0,0.0
2023-05-08 19:00:00,20.63,293.76654,998.96625,6.0121837,24.672544,0.0,0.0
2023-05-08 20:00:00,20.44,293.07678,999.0054,5.7212214,23.878204,0.0,0.0
2023-05-08 21:00:00,20.25,292.46765,999.53674,5.413332,23.047855,0.0,0.0
2023-05-08 22:00:00,19.67,291.89258,1000.0421,5.318893,22.31802,0.0,0.0
2023-05-08 23:00:00,19.68,292.6681,1000.75525,5.2441297,20.120739,0.0,0.0
2023-05-09 00:00:00,18.12,294.3554,1001.197,7.1805124,16.803265,0.0,0.0
2023-05-09 01:00:00,18.13,296.24097,1001.34937,7.4114203,14.884483,0.0,0.0
2023-05-09 02:00:00,17.62,298.22183,1000.87573,7.149012,13.545225,0.0,0.0
2023-05-09 03:00:00,16.85,300.0448,999.85956,6.8782024,12.566735,0.0,0.0
2023-05-09 04:00:00,16.6,301.5834,998.7971,6.6085806,11.82051,0.0,0.0
2023-05-09 05:00:00,16.26,302.67697,997.9286,6.2745695,11.309439,0.0,0.0
2023-05-09 06:00:00,16.12,303.2835,997.1175,6.0096693,11.045542,0.0,0.0
2023-05-09 07:00:00,16.33,303.78644,996.5156,5.935232,11.601682,0.0,0.0
2023-05-09 08:00:00,16.14,303.41644,996.9434,6.0571327,11.883181,0.0,0.0
2023-05-09 09:00:00,16.35,302.18106,997.3036,5.360811,12.928891,0.0,0.0
2023-05-09 10:00:00,16.41,300.46362,997.96954,5.397161,14.460768,0.0,0.0
2023-05-09 11:00:00,16.32,299.21582,998.8123,5.7983365,15.471235,0.0,0.0
2023-05-09 12:00:00,16.36,298.16107,999.70654,5.999824,16.116642,0.0,0.0
2023-05-09 13:00:00,16.14,297.16754,1000.0057,6.064373,16.572632,0.0,0.0
2023-05-09 14:00:00,15.81,296.26532,1000.23773,6.009582,16.871964,0.0,0.0
2023-05-09 15:00:00,14.98,295.40906,1000.16437,5.871028,17.02587,0.0,0.0
2023-05-09 16:00:00,14.41,294.6015,1000.29156,5.6374536,17.064997,0.0,0.0
2023-05-09 17:00:00,14.17,293.8234,999.9264,5.4227166,17.040495,0.0,0.0
2023-05-09 18:00:00,13.62,293.0625,999.5952,5.138489,17.064621,0.0,0.0
2023-05-09 19:00:00,13.31,291.90292,999.74725,4.7962427,18.263016,0.0,0.0
2023-05-09 20:00:00,12.7,291.14807,999.802,4.696448,18.5654,0.0,0.0
2023-05-09 21:00:00,12.29,290.55408,999.72034,4.7501917,18.850275,0.0,0.0
2023-05-09 22:00:00,12.27,290.11298,1000.089,4.899294,19.184906,0.0,0.0
2023-05-09 23:00:00,12.39,291.14178,1000.63403,4.7917824,18.18351,0.0,0.0
2023-05-10 00:00:00,12.55,293.3173,1001.1842,6.471042,15.712034,0.0,0.0
2023-05-10 01:00:00,12.86,295.53033,1000.98486,6.8751345,13.833377,0.0,0.0
2023-05-10 02:00:00,12.62,297.7646,1000.7265,6.5642095,12.109717,0.0,0.0
2023-05-10 03:00:00,12.41,299.7614,999.6309,6.0857744,10.663183,0.0,0.0
2023-05-10 04:00:00,12.6,301.41663,998.6145,5.597583,9.607789,0.0,0.0
2023-05-10 05:00:00,12.53,302.63086,997.58923,5.2021046,8.92639,0.0,0.0
2023-05-10 06:00:00,12.5,303.38608,996.88403,4.983473,8.569673,0.0,0.0
2023-05-10 07:00:00,12.34,303.97647,996.89526,4.3229914,9.156961,0.0,0.0
2023-05-10 08:00:00,11.65,303.72684,997.22406,4.3692575,9.288963,0.0,0.0
2023-05-10 09:00:00,11.76,302.4828,997.8271,3.896018,10.474985,0.0,0.0
2023-05-10 10:00:00,12.23,300.4585,998.715,4.3029203,12.579014,0.0,0.0
2023-05-10 11:00:00,11.77,299.04102,999.4533,4.6629996,14.107035,0.0,0.0
2023-05-10 12:00:00,11.35,297.87012,1000.0064,4.7678576,15.318783,0.0,0.0
2023-05-10 13:00:00,11.34,296.81006,1000.3683,4.7298613,16.399338,0.0,0.0
2023-05-10 14:00:00,12.35,295.76535,1000.4003,4.626215,17.432045,0.0,0.0
2023-05-10 15:00:00,12.02,294.79028,1000.46185,4.459034,18.367504,0.0,0.0
2023-05-10 16:00:00,11.93,293.87756,1000.32904,4.239624,19.205511,0.0,0.0
2023-05-10 17:00:00,12.12,293.03918,1000.2149,4.138325,19.93791,0.0,0.0
2023-05-10 18:00:00,12.1,292.29877,1000.0037,4.2422495,20.432217,0.0,0.0
2023-05-10 19:00:00,11.91,290.9013,1000.4456,4.124167,22.736668,0.0,0.0
2023-05-10 20:00:00,11.79,290.29504,1000.59143,4.0773187,23.128695,0.0,0.0
2023-05-10 21:00:00,11.68,289.79816,1000.9481,3.9186697,23.447454,0.0,0.0
2023-05-10 22:00:00,11.26,289.3324,1001.74524,3.8531122,23.91844,0.0,0.0
2023-05-10 23:00:00,10.92,290.51624,1002.21735,3.630985,22.305176,0.0,0.0
2023-05-11 00:00:00,10.69,293.61383,1002.88763,4.6370034,17.954813,0.0,0.0
2023-05-11 01:00:00,10.95,296.6151,1002.7071,5.2269754,14.967627,0.0,0.0
2023-05-11 02:00:00,11.35,299.31537,1002.14154,5.4615073,12.685072,0.0,0.0
2023-05-11 03:00:00,11.48,301.3228,1000.9473,5.516637,10.709324,0.0,0.0
2023-05-11 04:00:00,11.65,302.73923,999.76764,5.54902,9.4563,0.0,0.0
2023-05-11 05:00:00,11.92,303.7143,998.728,5.6574063,8.741643,0.0,0.0
2023-05-11 06:00:00,12.07,304.29932,998.1172,5.79162,8.302274,0.0,0.0
2023-05-11 07:00:00,12.36,304.5551,998.33014,5.6950927,8.828119,0.0,0.0
2023-05-11 08:00:00,12.21,304.17548,998.71375,5.7237754,9.045963,0.0,0.0
2023-05-11 09:00:00,12.8,302.88855,999.3728,4.6149464,10.127574,0.0,0.0
2023-05-11 10:00:00,13.49,300.92157,1000.2502,4.1728745,11.742162,0.0,0.0
2023-05-11 11:00:00,13.2,299.4699,1000.698,4.1574116,13.033011,0.0,0.0
2023-05-11 12:00:00,13.2,298.16248,1001.3125,4.108405,14.300688,0.0,0.0
2023-05-11 13:00:00,13.17,296.8763,1001.545,4.0909634,15.693535,0.0,0.0
2023-05-11 14:00:00,14.05,295.69873,1002.008,4.162706,17.033968,0.0,0.0
2023-05-11 15:00:00,13.96,294.67233,1001.9445,4.215329,18.208792,0.0,0.0
2023-05-11 16:00:00,13.26,293.85858,1001.91016,4.4057627,19.167313,0.0,0.0
2023-05-11 17:00:00,12.62,293.2256,1001.83044,4.6681337,19.88062,0.0,0.0
2023-05-11 18:00:00,12.31,292.6798,1001.59106,4.730283,20.510124,0.0,0.0
2023-05-11 19:00:00,11.64,291.06638,1001.3246,4.406725,22.922628,0.0,0.0
2023-05-11 20:00:00,11.31,290.33878,1001.50085,4.1581182,24.123709,0.0,0.0
2023-05-11 21:00:00,10.64,289.70844,1001.59064,3.933679,25.303776,0.0,0.0
2023-05-11 22:00:00,10.16,289.1714,1002.1492,3.888067,26.432991,0.0,0.0
2023-05-11 23:00:00,10.13,290.36865,1002.8667,3.7330384,24.94348,0.0,0.0
2023-05-12 00:00:00,9.52,293.53003,1003.3232,4.889904,20.305437,0.0,0.0
2023-05-12 01:00:00,9.75,296.57208,1003.2019,5.705234,17.126518,0.0,0.0
2023-05-12 02:00:00,9.73,299.26715,1002.67896,6.350441,14.87151,0.0,0.0
2023-05-12 03:00:00,9.74,301.3015,1001.5732,6.8043084,12.800097,0.0,0.0
2023-05-12 04:00:00,9.54,302.74365,1000.4407,6.486228,11.375361,0.0,0.0
2023-05-12 05:00:00,9.49,303.75162,999.20593,6.2462835,10.415944,0.0,0.0
2023-05-12 06:00:00,9.21,304.33893,998.6247,6.265264,9.936875,0.0,0.0
2023-05-12 07:00:00,9.06,304.60468,998.6161,6.6746364,10.258849,0.0,0.0
2023-05-12 08:00:00,8.83,304.0531,999.0252,6.710743,10.627457,0.0,0.0
2023-05-12 09:00:00,9.21,302.6285,999.65656,5.3100705,11.793549,0.0,0.0
2023-05-12 10:00:00,9.52,300.68353,1000.486,4.6625233,13.4845,0.0,0.0
2023-05-12 11:00:00,9.23,299.21082,1001.2148,4.3036647,14.925822,0.0,0.0
2023-05-12 12:00:00,9.0,297.87247,1001.8039,4.146432,16.363348,0.0,0.0
2023-05-12 13:00:00,8.86,296.5595,1001.7456,4.0706463,17.792196,0.0,0.0
2023-05-12 14:00:00,8.96,295.31732,1001.6739,4.0851197,19.148817,0.0,0.0
2023-05-12 15:00:00,8.52,294.19376,1001.2519,4.109786,20.320086,0.0,0.0
2023-05-12 16:00:00,8.17,293.2533,1000.9333,4.1634774,21.201681,0.0,0.0
2023-05-12 17:00:00,7.33,292.45877,1000.47595,4.1303697,21.878736,0.0,0.0
2023-05-12 18:00:00,6.4,291.74185,1000.1386,4.058836,22.531881,0.0,0.0
2023-05-12 19:00:00,6.14,290.3905,1000.1359,4.1396713,24.620693,0.0,0.0
2023-05-12 20:00:00,6.23,289.61267,1000.0364,4.0059667,25.783072,0.0,0.0
2023-05-12 21:00:00,6.29,289.01422,1000.38513,3.8476708,26.790247,0.0,0.0
2023-05-12 22:00:00,6.26,288.50354,1000.812,3.7830422,27.698889,0.0,0.0
2023-05-12 23:00:00,6.3,289.76538,1001.8158,3.5817146,25.710953,0.0,0.0
2023-05-13 00:00:00,6.86,293.1352,1002.455,4.7053733,20.328064,0.0025749204,0.0
2023-05-13 01:00:00,6.97,296.15897,1002.3931,5.7158737,17.253742,0.0,0.0
2023-05-13 02:00:00,7.27,298.8461,1001.95624,6.0426846,15.654668,0.0,0.0
2023-05-13 03:00:00,7.79,300.9509,1000.8086,6.2670765,14.181956,0.0,0.0
2023-05-13 04:00:00,8.09,302.3022,999.573,5.937096,12.606388,0.0,0.0
2023-05-13 05:00:00,8.52,303.18042,998.5334,5.4452925,11.443455,0.0,0.0
2023-05-13 06:00:00,8.5,303.65524,997.7622,5.1006565,10.859474,0.0,0.0
2023-05-13 07:00:00,8.36,303.85513,997.0461,4.907223,11.542593,0.0,0.0
2023-05-13 08:00:00,8.12,303.46332,997.33594,4.706659,11.876833,0.0,0.0
2023-05-13 09:00:00,8.32,302.19647,998.11444,3.6419985,13.285038,0.0,0.0
2023-05-13 10:00:00,8.69,300.21008,998.7391,3.4659238,15.609363,0.0,0.0
2023-05-13 11:00:00,8.95,298.68927,999.433,3.557236,17.48735,0.0,0.0
2023-05-13 12:00:00,8.9,297.31985,999.9878,3.469356,19.281837,0.0,0.0
2023-05-13 13:00:00,9.3,295.9632,999.85175,3.3382456,21.18116,0.0,0.0
2023-05-13 14:00:00,9.66,294.69867,999.9578,3.3600516,22.966173,0.0,0.0
2023-05-13 15:00:00,9.85,293.5835,999.60046,3.4488058,24.374826,0.0,0.0
2023-05-13 16:00:00,10.61,292.68042,999.3375,3.4753706,25.419838,0.0,0.0
2023-05-13 17:00:00,11.0,291.87442,998.9122,3.4185352,26.483664,0.0,0.0
2023-05-13 18:00:00,11.28,291.15796,998.4469,3.2589996,27.683872,0.0,0.0
2023-05-13 19:00:00,10.6,289.67767,998.6841,3.1286569,31.295364,0.0,0.0
2023-05-13 20:00:00,10.14,288.8368,998.7997,3.04421,33.44746,0.0,0.0
2023-05-13 21:00:00,10.14,288.1675,998.82153,2.9046721,35.59485,0.0,0.0
2023-05-13 22:00:00,10.0,287.5846,999.3618,2.7304435,38.045216,0.0,0.0
2023-05-13 23:00:00,10.54,288.70575,1000.2851,2.2880778,37.06731,0.0,0.0
2023-05-14 00:00:00,11.0,292.40088,1000.80347,2.456732,30.038229,0.0,0.0
2023-05-14 01:00:00,11.24,296.04333,1000.49396,2.552974,25.488312,0.0,0.0
2023-05-14 02:00:00,10.93,299.30933,999.89343,2.7819524,22.272346,0.0,0.0
2023-05-14 03:00:00,10.55,301.70462,998.84955,3.0737772,19.277187,0.0,0.0
2023-05-14 04:00:00,10.96,302.82007,997.52344,2.3255334,16.137646,0.0,0.0
2023-05-14 05:00:00,11.04,303.41293,996.4348,1.6308244,14.711681,0.0,0.0
2023-05-14 06:00:00,10.91,303.75494,995.69104,1.5148084,13.9945,0.0,0.0
2023-05-14 07:00:00,11.23,304.0709,995.16266,1.8564585,14.482439,0.0,0.0
2023-05-14 08:00:00,11.22,303.8059,995.3912,2.1158366,14.659901,0.0,0.0
2023-05-14 09:00:00,11.55,302.9879,996.27374,2.341781,15.888986,0.0,0.0
2023-05-14 10:00:00,12.29,301.17938,996.6332,3.0391748,18.716427,0.0,0.0
2023-05-14 11:00:00,12.47,299.6523,997.4316,3.3183708,20.892252,0.0,0.0
2023-05-14 12:00:00,12.33,298.36606,998.048,3.3210492,22.642277,0.0,0.0
2023-05-14 13:00:00,12.08,297.1549,998.34625,3.3062172,24.333893,0.0,0.0
2023-05-14 14:00:00,12.17,296.01154,998.30786,3.5318298,25.791042,0.0,0.0
2023-05-14 15:00:00,11.7,295.09445,998.2301,3.872334,26.735556,0.0,0.0
2023-05-14 16:00:00,11.79,294.35425,997.8325,3.9784994,27.66085,0.0,0.0
2023-05-14 17:00:00,11.92,293.67838,997.55945,3.7212195,28.948816,0.0,0.0
2023-05-14 18:00:00,11.87,292.94623,997.1294,3.295992,30.686422,0.0,0.0
2023-05-14 19:00:00,11.42,291.45026,997.3477,3.0150847,32.536842,0.0,0.0
2023-05-14 20:00:00,11.49,290.59543,997.30865,2.6909885,35.15206,0.0,0.0
2023-05-14 21:00:00,11.64,289.85202,997.49884,2.473823,37.76695,0.0,0.0
2023-05-14 22:00:00,11.56,289.17627,997.76086,2.463165,39.745037,0.0,0.0
2023-05-14 23:00:00,11.61,290.1046,998.71783,2.007269,38.456963,0.0,0.0
2023-05-15 00:00:00,11.74,293.834,999.26935,2.4230845,29.171297,0.0,0.0
2023-05-15 01:00:00,12.33,297.01923,999.4707,2.775031,25.046898,0.0,0.0
2023-05-15 02:00:00,12.53,299.9951,999.1633,3.1123364,22.238947,0.0,0.0
2023-05-15 03:00:00,12.49,302.48865,998.1113,3.5045412,19.843657,0.0,0.0
2023-05-15 04:00:00,12.74,304.0291,997.05084,3.4430702,17.565474,0.0,0.0
2023-05-15 05:00:00,13.1,304.69238,996.008,2.7769613,16.207218,0.0,0.0
2023-05-15 06:00:00,13.91,305.04596,995.6489,2.4381099,15.48724,0.0,0.0
2023-05-15 07:00:00,13.8,304.92926,995.5795,2.3378341,16.053322,0.0,0.0
2023-05-15 08:00:00,12.97,304.69812,995.7361,2.7748585,16.247072,0.0,0.0
2023-05-15 09:00:00,13.07,303.67578,996.34766,2.5747788,18.291298,0.0,0.0
2023-05-15 10:00:00,13.75,301.78442,996.9889,2.9669313,22.16365,0.0,0.0
2023-05-15 11:00:00,13.85,300.11722,997.65875,3.3027263,25.1552,0.0,0.0
2023-05-15 12:00:00,13.93,298.7834,998.1511,3.657635,27.16704,0.0,0.0
2023-05-15 13:00:00,14.03,297.7127,998.223,3.9859066,28.572807,0.0,0.0
2023-05-15 14:00:00,14.69,296.89844,998.39923,4.293053,29.185795,0.0,0.0
2023-05-15 15:00:00,14.24,296.21045,998.12036,4.3659296,29.091856,0.0,0.0
2023-05-15 16:00:00,14.02,295.54297,997.81415,4.1613073,28.896957,0.0,0.0
2023-05-15 17:00:00,13.41,294.8406,997.53796,3.949079,29.323948,0.0,0.0
2023-05-15 18:00:00,13.49,294.18265,997.3807,3.9045835,30.285564,0.0,0.0
2023-05-15 19:00:00,13.34,292.53674,997.83014,3.7470078,31.205925,0.0,0.0
2023-05-15 20:00:00,13.61,291.8053,997.94086,3.5645037,32.913376,0.0,0.0
2023-05-15 21:00:00,14.2,291.2649,998.1103,3.4140608,34.627396,0.0,0.0
2023-05-15 22:00:00,14.82,290.83478,998.7511,3.3802724,36.300777,0.0,0.0
2023-05-15 23:00:00,15.16,291.99017,999.63983,3.3369336,34.715782,0.0,0.0
2023-05-16 00:00:00,16.52,295.33044,1000.2805,4.4634423,28.782984,0.0017195939,0.0
2023-05-16 01:00:00,16.84,298.53766,1000.4906,5.549054,26.239487,0.0,0.0
2023-05-16 02:00:00,17.57,301.491,1000.1853,5.8908234,24.470135,0.0,0.0
2023-05-16 03:00:00,18.11,303.7783,999.30304,5.9138427,22.603155,0.0,0.0
2023-05-16 04:00:00,18.65,305.0191,998.0531,5.076369,21.810972,0.0,0.0
2023-05-16 05:00:00,18.09,305.5963,996.9453,3.8429756,20.941261,0.0,0.0
2023-05-16 06:00:00,17.28,305.90576,996.3915,3.17033,20.06166,0.0,0.0
2023-05-16 07:00:00,17.26,305.95514,996.3803,3.567128,19.256697,0.0,0.0
2023-05-16 08:00:00,17.9,305.6557,996.96606,3.7838564,19.374117,0.0,0.0
2023-05-16 09:00:00,18.55,304.41852,997.25397,3.4078052,21.50875,0.0,0.0
2023-05-16 10:00:00,18.62,302.5584,998.2502,3.80784,24.948048,0.0,0.0
2023-05-16 11:00:00,18.62,301.2429,998.7639,4.343572,27.311226,0.0,0.0
2023-05-16 12:00:00,18.67,300.20322,999.54297,4.7741404,29.26856,0.0,0.0
2023-05-16 13:00:00,19.0,299.3194,999.452,4.945609,31.115976,0.0,0.0
2023-05-16 14:00:00,19.11,298.49548,999.4587,5.0736585,33.05262,0.0,0.0
2023-05-16 15:00:00,19.17,297.70026,999.14294,5.233557,35.029724,0.0,0.0
2023-05-16 16:00:00,19.74,296.95282,998.8974,5.5855803,36.736877,0.0,0.0
2023-05-16 17:00:00,19.67,296.52658,998.7942,6.0345726,37.094337,0.0,0.0
2023-05-16 18:00:00,19.66,296.10593,998.8207,6.1655626,36.813263,0.0,0.0
2023-05-16 19:00:00,19.03,294.54654,999.46826,5.1766224,39.410904,0.0,0.0
2023-05-16 20:00:00,18.75,293.85086,999.72186,4.916831,40.15168,0.0,0.0
2023-05-16 21:00:00,18.33,293.234,999.96674,4.463896,40.966805,0.0,0.0
2023-05-16 22:00:00,18.63,292.6842,1000.6992,4.150213,41.901653,0.0,0.0
2023-05-16 23:00:00,18.77,293.55988,1001.55005,3.8291636,39.530727,0.0,0.0
2023-05-17 00:00:00,18.6,296.10425,1002.1987,5.2396116,33.03937,0.0025749204,0.0
2023-05-17 01:00:00,18.41,298.6416,1002.2775,6.2097697,28.162405,0.0,0.0
2023-05-17 02:00:00,18.37,300.9386,1001.9231,6.8878503,24.336872,0.0,0.0
2023-05-17 03:00:00,18.12,302.5454,1000.70935,6.8282795,21.428183,0.0,0.0
2023-05-17 04:00:00,18.01,303.51172,999.4503,6.041016,19.801687,0.0,0.0
2023-05-17 05:00:00,17.66,304.06342,998.2622,5.2966056,18.896141,0.0,0.0
2023-05-17 06:00:00,17.2,304.32092,997.65265,4.8456297,18.482502,0.0,0.0
2023-05-17 07:00:00,16.88,304.39203,997.14136,4.543409,19.253489,0.0,0.0
2023-05-17 08:00:00,16.49,303.97607,997.7782,4.4952703,19.365854,0.0,0.0
2023-05-17 09:00:00,16.69,302.85825,998.38837,3.882223,20.513361,0.0,0.0
2023-05-17 10:00:00,16.64,301.15796,999.4321,3.922291,22.675232,0.0,0.0
2023-05-17 11:00:00,16.07,299.89444,1000.25586,4.3379116,24.271505,0.0,0.0
2023-05-17 12:00:00,15.43,298.78314,1000.72736,4.6118116,25.872187,0.0,0.0
2023-05-17 13:00:00,15.29,297.7876,1000.9747,4.7382526,27.592575,0.0,0.0
2023-05-17 14:00:00,15.67,296.81775,1001.13873,4.830547,29.420885,0.0,0.0
2023-05-17 15:00:00,15.38,295.91824,1001.128,4.9795985,31.045944,0.0,0.0
2023-05-17 16:00:00,15.17,295.12646,1000.9815,5.146245,32.28387,0.0,0.0
2023-05-17 17:00:00,14.88,294.47437,1000.75037,5.323272,33.090652,0.0,0.0
2023-05-17 18:00:00,14.73,293.89438,1000.70734,5.44043,33.74234,0.0,0.0
2023-05-17 19:00:00,14.62,292.92398,1000.6111,5.4239774,35.407124,0.0,0.0
2023-05-17 20:00:00,14.68,292.30334,1001.03235,5.1860585,36.357544,0.0,0.0
2023-05-17 21:00:00,14.93,291.7185,1001.3641,4.8775263,37.206696,0.0,0.0
2023-05-17 22:00:00,15.11,291.1684,1002.08563,4.5723696,37.930862,0.0,0.0
2023-05-17 23:00:00,15.06,292.00848,1002.7303,4.3221617,35.416164,0.0,0.0
2023-05-18 00:00:00,15.47,294.47705,1003.18964,5.7021117,28.847233,0.0017046927,0.0
2023-05-18 01:00:00,15.18,297.091,1003.0586,6.0580225,23.390377,0.0,0.0
2023-05-18 02:00:00,14.54,299.3352,1002.5694,6.1949034,20.226088,0.0,0.0
2023-05-18 03:00:00,13.66,300.75946,1001.4554,5.575421,18.723635,0.0,0.0
2023-05-18 04:00:00,12.56,301.7181,1000.25385,4.8815956,17.318422,0.0,0.0
2023-05-18 05:00:00,12.33,302.35464,999.26953,4.522896,16.125051,0.0,0.0
2023-05-18 06:00:00,12.05,302.65698,998.46625,4.3471107,15.244554,0.0,0.0
2023-05-18 07:00:00,11.46,302.6219,997.9634,4.2542067,16.399817,0.0,0.0
2023-05-18 08:00:00,10.94,302.26233,998.2333,4.3103685,16.261995,0.0,0.0
2023-05-18 09:00:00,11.02,301.21075,998.6052,3.6802764,17.256279,0.0,0.0
2023-05-18 10:00:00,11.16,299.52386,999.2576,3.5771413,19.45569,0.0,0.0
2023-05-18 11:00:00,11.38,298.22092,999.86945,3.868545,21.140402,0.0,0.0
2023-05-18 12:00:00,11.57,297.08606,1000.5775,4.080664,22.645662,0.0,0.0
2023-05-18 13:00:00,11.88,296.0055,1000.7531,4.108739,24.162214,0.0,0.0
2023-05-18 14:00:00,12.46,294.9672,1001.0048,4.166101,25.657663,0.0,0.0
2023-05-18 15:00:00,12.58,294.01965,1000.93787,4.190229,26.99691,0.0,0.0
2023-05-18 16:00:00,12.93,293.1911,1000.7801,4.110908,28.190231,0.0,0.0
2023-05-18 17:00:00,12.64,292.45334,1000.5641,4.071533,29.252752,0.0,0.0
2023-05-18 18:00:00,12.66,291.8104,1000.48975,4.096601,30.128271,0.0,0.0
2023-05-18 19:00:00,12.71,290.26093,1000.38025,3.8657506,32.921394,0.0,0.0
2023-05-18 20:00:00,12.59,289.47116,1000.503,3.6325543,34.583683,0.0,0.0
2023-05-18 21:00:00,12.37,288.82263,1000.9094,3.3873622,36.14281,0.0,0.0
2023-05-18 22:00:00,11.93,288.25836,1001.55255,3.2410483,37.64933,0.0,0.0
2023-05-18 23:00:00,11.5,289.1978,1002.1477,2.9395301,35.77944,0.0,0.0
2023-05-19 00:00:00,11.38,292.28726,1002.58984,3.671147,28.98654,0.0,0.0
2023-05-19 01:00:00,11.41,295.3795,1002.5582,4.288785,23.67644,0.0,0.0
2023-05-19 02:00:00,11.58,298.1468,1001.954,5.0068808,19.423256,0.0,0.0
2023-05-19 03:00:00,11.08,299.98145,1000.8162,5.54113,16.846388,0.0,0.0
2023-05-19 04:00:00,10.88,300.9829,999.55273,4.995551,15.5532675,0.0,0.0
2023-05-19 05:00:00,10.67,301.6593,998.39374,4.6135955,14.675225,0.0,0.0
2023-05-19 06:00:00,10.69,302.0762,997.78046,4.672732,14.146307,0.0,0.0
2023-05-19 07:00:00,10.81,302.0899,997.40424,5.193881,15.378518,0.0,0.0
2023-05-19 08:00:00,10.27,301.64264,997.5878,5.404553,15.79732,0.0,0.0
2023-05-19 09:00:00,9.88,300.47455,998.17847,4.6788154,17.195992,0.0,0.0
2023-05-19 10:00:00,9.81,298.76953,998.89734,4.4104824,19.392385,0.0,0.0
2023-05-19 11:00:00,9.63,297.51105,999.75696,4.5706887,20.948364,0.0,0.0
2023-05-19 12:00:00,9.16,296.3463,1000.3244,4.724117,22.304558,0.0,0.0
2023-05-19 13:00:00,9.2,295.2742,1000.67267,4.9747047,23.464554,0.0,0.0
2023-05-19 14:00:00,9.13,294.3518,1000.9565,5.272965,24.445118,0.0,0.0
2023-05-19 15:00:00,9.12,293.5837,1001.02826,5.434114,25.441116,0.0,0.0
2023-05-19 16:00:00,9.02,292.87256,1000.7983,5.3630385,26.73093,0.0,0.0
2023-05-19 17:00:00,8.8,292.2086,1000.9727,5.176191,28.275728,0.0,0.0
2023-05-19 18:00:00,9.0,291.55557,1000.8119,5.006686,29.937267,0.0,0.0
2023-05-19 19:00:00,8.4,290.07938,1001.0443,4.625976,33.65982,0.0,0.0
2023-05-19 20:00:00,8.36,289.37497,1001.26154,4.4708924,35.75765,0.0,0.0
2023-05-19 21:00:00,8.53,288.78833,1001.5975,4.375013,37.620064,0.0,0.0
2023-05-19 22:00:00,8.49,288.296,1002.40204,4.358614,39.211346,0.0,0.0
2023-05-19 23:00:00,8.01,289.22778,1003.32166,4.21937,37.261093,0.0,0.0
2023-05-20 00:00:00,8.4,291.81995,1004.02014,5.445809,31.043968,0.0,0.0
2023-05-20 01:00:00,8.16,294.46722,1004.198,6.1593194,25.871977,0.0,0.0
2023-05-20 02:00:00,7.59,296.8462,1003.66406,6.597445,22.10578,0.0,0.0
2023-05-20 03:00:00,7.48,298.36176,1002.61255,6.9830055,18.8683,0.0,0.0
2023-05-20 04:00:00,7.78,299.39105,1001.2395,6.739103,16.922941,0.0,0.0
2023-05-20 05:00:00,7.81,300.15045,1000.1611,6.6248493,15.533357,0.0,0.0
2023-05-20 06:00:00,7.86,300.5534,999.4158,6.727576,14.7531805,0.0,0.0
2023-05-20 07:00:00,7.71,300.64764,999.2445,7.1413946,15.282305,0.0,0.0
2023-05-20 08:00:00,7.72,300.13458,999.3295,7.3238664,15.544438,0.0,0.0
2023-05-20 09:00:00,8.16,298.9118,999.8658,6.3220134,16.804394,0.0,0.0
2023-05-20 10:00:00,7.83,297.38403,1000.365,5.8372345,18.569065,0.0,0.0
2023-05-20 11:00:00,7.28,296.20026,1001.2566,5.795206,20.030407,0.0,0.0
2023-05-20 12:00:00,7.28,295.09857,1001.95233,5.7355638,21.401245,0.0,0.0
2023-05-20 13:00:00,7.5,294.07593,1002.4309,5.645264,22.690395,0.0,0.0
2023-05-20 14:00:00,7.54,293.156,1002.8826,5.525149,23.852371,0.0,0.0
2023-05-20 15:00:00,7.43,292.30975,1002.9628,5.356998,24.863342,0.0,0.0
2023-05-20 16:00:00,7.54,291.53027,1003.10986,5.212516,25.660683,0.0,0.0
2023-05-20 17:00:00,7.22,290.77405,1003.11017,4.9885154,26.388159,0.0,0.0
2023-05-20 18:00:00,6.8,290.00427,1003.0506,4.588568,27.315006,0.0,0.0
2023-05-20 19:00:00,6.2,288.61176,1002.88245,4.5198617,29.631954,0.0,0.0
2023-05-20 20:00:00,5.92,287.79254,1003.3197,4.236775,31.154022,0.0,0.0
2023-05-20 21:00:00,5.86,287.14474,1003.456,4.173904,32.447945,0.0,0.0
2023-05-20 22:00:00,5.78,286.6808,1004.3033,4.2407703,33.51546,0.0,0.0
2023-05-20 23:00:00,5.64,287.74323,1005.1172,4.3632345,31.627855,0.0,0.0
2023-05-21 00:00:00,6.64,290.28305,1005.9739,6.1109457,27.41819,0.0,0.0
2023-05-21 01:00:00,7.02,292.48578,1006.29297,7.9352117,25.296047,0.0,0.0
2023-05-21 02:00:00,6.98,294.39548,1005.97845,8.763775,22.788836,0.0,0.0
2023-05-21 03:00:00,6.84,296.0027,1004.802,8.596605,19.937986,0.0,0.0
2023-05-21 04:00:00,6.73,297.33508,1003.6079,8.117137,17.450588,0.0,0.0
2023-05-21 05:00:00,6.41,298.32797,1002.4176,7.7464795,15.784809,0.0,0.0
2023-05-21 06:00:00,6.8,298.93695,1001.7182,7.5538826,14.788529,0.0,0.0
2023-05-21 07:00:00,6.75,299.23108,1001.4395,7.4454036,14.678931,0.0,0.0
2023-05-21 08:00:00,6.61,298.81342,1001.5887,7.180372,15.178487,0.0,0.0
2023-05-21 09:00:00,6.77,297.60605,1001.71814,5.775279,16.72233,0.0,0.0
2023-05-21 10:00:00,6.9,296.04776,1002.3594,5.152587,18.720217,0.0,0.0
2023-05-21 11:00:00,7.32,294.87567,1002.82733,5.006312,20.261934,0.0,0.0
2023-05-21 12:00:00,7.56,293.81073,1003.4433,4.8936725,21.71144,0.0,0.0
2023-05-21 13:00:00,7.3,292.80585,1003.90436,4.8261256,23.17948,0.0,0.0
2023-05-21 14:00:00,7.28,291.90222,1004.0389,4.835231,24.64306,0.0,0.0
2023-05-21 15:00:00,7.12,291.13803,1004.0111,4.8748527,26.03399,0.0,0.0
2023-05-21 16:00:00,7.14,290.46252,1003.8681,4.7704463,27.456955,0.0,0.0
2023-05-21 17:00:00,6.91,289.81656,1003.71814,4.587252,28.990395,0.0,0.0
2023-05-21 18:00:00,7.02,289.17853,1003.53314,4.3540797,30.67253,0.0,0.0
2023-05-21 19:00:00,6.69,287.57108,1003.29736,4.0921144,34.928825,0.0,0.0
2023-05-21 20:00:00,6.62,286.95935,1003.655,4.0511823,36.98157,0.0,0.0
2023-05-21 21:00:00,6.43,286.4842,1003.8304,4.0753646,38.71396,0.0,0.0
2023-05-21 22:00:00,6.05,286.13593,1004.6744,4.1896086,40.05423,0.0,0.0
2023-05-21 23:00:00,5.86,287.29364,1005.35315,4.1732635,37.462063,0.0,0.0
2023-05-22 00:00:00,5.79,290.2183,1005.9431,5.5598683,30.358389,0.0,0.0
2023-05-22 01:00:00,5.78,292.6872,1005.96094,7.0887313,25.303572,0.0,0.0
2023-05-22 02:00:00,5.55,294.83514,1005.3697,7.9201283,21.47453,0.0,0.0
2023-05-22 03:00:00,5.55,296.68463,1004.0403,7.919209,18.271252,0.0,0.0
2023-05-22 04:00:00,5.64,298.2614,1002.70935,7.5975494,15.713949,0.0,0.0
2023-05-22 05:00:00,5.65,299.43823,1001.44653,7.146985,13.915552,0.0,0.0
2023-05-22 06:00:00,5.95,300.1353,1000.78625,6.713312,12.91229,0.0,0.0
2023-05-22 07:00:00,5.83,300.31757,1000.42346,6.3839293,12.681444,0.0,0.0
2023-05-22 08:00:00,5.92,299.90753,1000.49664,6.0441356,13.13898,0.0,0.0
2023-05-22 09:00:00,6.45,298.50864,1000.9586,4.8245325,15.18985,0.0,0.0
2023-05-22 10:00:00,6.62,296.57895,1001.5396,4.709804,18.190584,0.0,0.0
2023-05-22 11:00:00,6.62,295.26218,1002.03217,4.815907,20.504128,0.0,0.0
2023-05-22 12:00:00,6.64,294.17725,1002.5874,4.7772813,22.451694,0.0,0.0
2023-05-22 13:00:00,6.93,293.16852,1002.8521,4.718577,24.217066,0.0,0.0
2023-05-22 14:00:00,6.93,292.20844,1003.09766,4.6625886,25.858482,0.0,0.0
2023-05-22 15:00:00,6.71,291.28906,1002.9175,4.6058936,27.404196,0.0,0.0
2023-05-22 16:00:00,6.45,290.4603,1002.7477,4.572514,28.74502,0.0,0.0
2023-05-22 17:00:00,6.12,289.72003,1002.46857,4.495511,29.863974,0.0,0.0
2023-05-22 18:00:00,6.09,289.0205,1002.0909,4.2703214,30.88888,0.0,0.0
2023-05-22 19:00:00,6.28,287.5332,1002.3857,4.032786,34.848633,0.0,0.0
2023-05-22 20:00:00,6.48,286.7622,1002.41876,3.935951,36.468094,0.0,0.0
2023-05-22 21:00:00,6.83,286.20227,1002.7419,3.920793,37.70178,0.0,0.0
2023-05-22 22:00:00,7.1,285.7798,1003.03656,3.9282172,38.67514,0.0,0.0
2023-05-22 23:00:00,7.51,286.89795,1003.7589,3.799402,36.114944,0.0,0.0
2023-05-23 00:00:00,8.53,290.08182,1004.0909,4.8198905,29.044638,0.0,0.0
2023-05-23 01:00:00,8.97,293.1899,1004.1379,5.8063855,24.410894,0.0,0.0
2023-05-23 02:00:00,9.33,296.08826,1003.59314,6.2948103,21.686779,0.0,0.0
2023-05-23 03:00:00,9.89,298.52057,1002.51306,6.4798484,19.693434,0.0,0.0
2023-05-23 04:00:00,10.05,300.3297,1001.29,6.3707147,17.968401,0.0,0.0
2023-05-23 05:00:00,10.14,301.6044,1000.2475,5.8457,16.44125,0.0,0.0
2023-05-23 06:00:00,10.64,302.38705,999.517,5.3362193,15.423995,0.0,0.0
2023-05-23 07:00:00,10.39,303.0874,998.887,4.4524813,13.990045,0.0,0.0
2023-05-23 08:00:00,10.76,302.90424,999.0864,4.0824847,14.047297,0.0,0.0
2023-05-23 09:00:00,11.31,301.41226,999.35236,3.440754,16.080194,0.0,0.0
2023-05-23 10:00:00,11.53,299.17883,1000.111,4.1589484,19.51251,0.0,0.0
2023-05-23 11:00:00,11.62,297.67688,1000.329,4.7478933,22.605148,0.0,0.0
2023-05-23 12:00:00,11.55,296.5658,1000.935,4.92032,25.328667,0.0,0.0
2023-05-23 13:00:00,12.02,295.62308,1000.8308,4.899547,27.461592,0.0,0.0
2023-05-23 14:00:00,12.4,294.7953,1001.0442,4.8615093,29.358065,0.0,0.0
2023-05-23 15:00:00,12.35,293.9884,1000.88226,4.78631,30.988117,0.0,0.0
2023-05-23 16:00:00,12.47,293.25702,1000.89404,4.675937,32.214725,0.0,0.0
2023-05-23 17:00:00,12.56,292.59332,1000.73206,4.6472845,32.896,0.0,0.0
2023-05-23 18:00:00,12.63,292.00955,1000.7544,4.614438,33.00294,0.0,0.0
2023-05-23 19:00:00,12.18,290.52896,1000.8719,4.3334584,34.790607,0.0,0.0
2023-05-23 20:00:00,11.92,289.83197,1000.96045,4.3025746,34.99005,0.0,0.0
2023-05-23 21:00:00,12.16,289.2775,1001.5572,4.2194676,35.00933,0.0,0.0
2023-05-23 22:00:00,12.21,288.78964,1002.0577,4.1541276,34.976707,0.0,0.0
2023-05-23 23:00:00,11.86,289.6831,1002.80273,3.8954127,32.22759,0.0,0.0
2023-05-24 00:00:00,11.31,292.7132,1003.22534,4.7854395,25.17902,0.0,0.0
2023-05-24 01:00:00,11.46,295.74664,1003.4778,5.306802,19.953138,0.0,0.0
2023-05-24 02:00:00,11.24,298.5005,1003.03485,5.117453,16.609903,0.0,0.0
2023-05-24 03:00:00,10.8,300.7907,1001.9917,4.721207,14.011389,0.0,0.0
2023-05-24 04:00:00,10.55,302.33923,1000.8791,3.9750445,12.5324745,0.0,0.0
2023-05-24 05:00:00,10.35,303.1425,999.73627,3.04971,11.878692,0.0,0.0
2023-05-24 06:00:00,10.73,303.51743,999.0374,2.3108356,11.429952,0.0,0.0
2023-05-24 07:00:00,10.29,303.84393,998.5785,1.9310948,12.045949,0.0,0.0
2023-05-24 08:00:00,10.47,303.60486,998.7603,2.153748,12.229688,0.0,0.0
2023-05-24 09:00:00,11.07,302.4505,999.3247,2.648208,14.300919,0.0,0.0
2023-05-24 10:00:00,11.18,300.25256,999.7436,3.415664,17.840395,0.0,0.0
2023-05-24 11:00:00,11.14,298.51947,1000.2659,3.7521386,20.599445,0.0,0.0
2023-05-24 12:00:00,11.2,297.12372,1000.4998,3.8393073,22.836498,0.0,0.0
2023-05-24 13:00:00,11.82,295.92294,1000.8045,3.5825968,24.95269,0.0,0.0
2023-05-24 14:00:00,11.79,294.76364,1000.75085,3.315104,27.093637,0.0,0.0
2023-05-24 15:00:00,11.54,293.64282,1000.7707,3.314174,29.186216,0.0,0.0
2023-05-24 16:00:00,11.39,292.65823,1000.6097,3.5046115,30.510204,0.0,0.0
2023-05-24 17:00:00,11.19,291.8631,1000.77704,3.594272,31.210789,0.0,0.0
2023-05-24 18:00:00,10.89,291.1109,1000.65015,3.5088944,32.22822,0.0,0.0
2023-05-24 19:00:00,11.01,289.70154,1000.9747,3.355592,37.309914,0.0,0.0
2023-05-24 20:00:00,11.31,288.8365,1000.88245,3.3587677,39.649483,0.0,0.0
2023-05-24 21:00:00,11.41,288.172,1001.19586,3.307805,41.712578,0.0,0.0
2023-05-24 22:00:00,11.45,287.61026,1001.6686,3.1826584,43.834038,0.0,0.0
2023-05-24 23:00:00,11.19,288.42023,1001.9473,2.7124367,42.65149,0.0,0.0
2023-05-25 00:00:00,11.68,291.8847,1002.545,2.8107965,34.62869,0.0017176603,0.0
2023-05-25 01:00:00,11.7,295.48828,1002.8223,2.8144543,28.0624,0.0,0.0
2023-05-25 02:00:00,11.84,298.58765,1002.33575,2.879089,23.331692,0.0,0.0
2023-05-25 03:00:00,11.63,300.90735,1001.5134,2.9856417,19.480099,0.0,0.0
2023-05-25 04:00:00,11.24,302.16077,1000.29565,2.7802963,16.270178,0.0,0.0
2023-05-25 05:00:00,11.01,302.92075,999.4319,2.937417,14.749151,0.0,0.0
2023-05-25 06:00:00,10.95,303.32202,998.5489,3.305319,13.899486,0.0,0.0
2023-05-25 07:00:00,10.44,303.4892,998.1806,3.594959,14.675273,0.0,0.0
2023-05-25 08:00:00,10.46,303.1323,998.4151,3.8266313,14.649417,0.0,0.0
2023-05-25 09:00:00,10.49,301.82114,998.9018,3.2813041,16.232792,0.0,0.0
2023-05-25 10:00:00,10.52,299.86755,999.508,3.2536774,18.84633,0.0,0.0
2023-05-25 11:00:00,10.46,298.32013,1000.0225,3.5224676,20.80725,0.0,0.0
2023-05-25 12:00:00,10.1,297.02054,1000.4739,3.898737,22.052525,0.0,0.0
2023-05-25 13:00:00,10.27,295.88028,1000.69904,4.3157067,22.837809,0.0,0.0
2023-05-25 14:00:00,10.19,294.884,1000.67126,4.5659976,23.441116,0.0,0.0
2023-05-25 15:00:00,10.41,293.9956,1000.7103,4.5973816,24.270445,0.0,0.0
2023-05-25 16:00:00,10.52,293.2171,1000.4861,4.478067,25.309498,0.0,0.0
2023-05-25 17:00:00,11.0,292.5066,1000.2417,4.358694,26.60326,0.0,0.0
2023-05-25 18:00:00,11.18,291.87128,1000.07385,4.2948446,28.102516,0.0,0.0
2023-05-25 19:00:00,11.32,290.5697,1000.4958,4.214505,31.164433,0.0,0.0
2023-05-25 20:00:00,11.74,289.9596,1000.5228,4.0617065,33.56026,0.0,0.0
2023-05-25 21:00:00,11.77,289.44266,1000.5795,3.7428427,36.338207,0.0,0.0
2023-05-25 22:00:00,11.69,288.96088,1001.1245,3.448704,39.357708,0.0,0.0
2023-05-25 23:00:00,11.31,289.7588,1001.7447,2.945037,39.476707,0.0,0.0
2023-05-26 00:00:00,12.02,293.05966,1002.2445,3.5102837,33.23586,0.0,0.0
2023-05-26 01:00:00,12.0,296.20206,1002.29047,4.3617935,28.18975,0.0,0.0
2023-05-26 02:00:00,12.05,299.0393,1002.11804,5.080465,24.01188,0.0,0.0
2023-05-26 03:00:00,12.6,301.2422,1001.0388,5.919872,21.224493,0.0,0.0
2023-05-26 04:00:00,12.59,302.5291,999.8197,6.6081076,20.234161,0.0,0.0
2023-05-26 05:00:00,12.8,303.25623,998.6216,6.056598,19.732428,0.0,0.0
2023-05-26 06:00:00,13.33,303.7119,997.9409,5.472692,19.55769,0.0,0.0
2023-05-26 07:00:00,13.7,303.96786,997.52545,4.272083,19.63686,0.0,0.0
2023-05-26 08:00:00,14.54,303.7392,997.6328,4.006882,20.43705,0.0,0.0
2023-05-26 09:00:00,15.42,302.56662,998.04614,3.289568,22.909481,0.0,0.0
2023-05-26 10:00:00,15.67,300.6772,998.5159,3.7625823,26.756298,0.0,0.0
2023-05-26 11:00:00,16.07,299.46613,999.2625,4.182671,29.616251,0.0,0.0
2023-05-26 12:00:00,16.38,298.53546,999.52515,4.4007716,32.19582,0.0,0.0
2023-05-26 13:00:00,16.9,297.7096,999.725,4.4438,34.504433,0.0,0.0
2023-05-26 14:00:00,17.16,296.79047,999.6905,4.7563524,36.45025,0.0,0.0
2023-05-26 15:00:00,17.73,296.1501,999.64844,5.733175,36.191605,0.0,0.0
2023-05-26 16:00:00,17.95,295.73718,999.53815,6.7674303,33.68255,0.0,0.0
2023-05-26 17:00:00,17.74,295.30508,999.50256,6.9419756,31.897608,0.0,0.0
2023-05-26 18:00:00,17.51,294.95285,999.39233,6.6972003,31.866337,0.0,0.0
2023-05-26 19:00:00,17.03,293.36127,999.80383,5.4348526,35.00373,0.0,0.0
2023-05-26 20:00:00,16.64,292.62015,999.8044,5.1641355,36.28712,0.0,0.0
2023-05-26 21:00:00,16.34,292.02817,1000.09235,5.1058216,37.899704,0.0,0.0
2023-05-26 22:00:00,16.2,291.52826,1000.7176,5.1116266,39.45967,0.0,0.0
2023-05-26 23:00:00,15.97,292.15207,1001.6478,4.922998,38.14532,0.0,0.0
2023-05-27 00:00:00,15.97,294.15027,1002.1972,6.2660875,32.712734,0.0,0.0
2023-05-27 01:00:00,15.94,296.33435,1002.3127,7.0081544,27.565681,0.0,0.0
2023-05-27 02:00:00,16.08,298.47083,1001.5811,6.811406,23.729757,0.0,0.0
2023-05-27 03:00:00,16.48,300.16547,1000.6417,6.3291364,21.363678,0.0,0.0
2023-05-27 04:00:00,16.43,301.24408,999.3455,5.5417686,20.143055,0.0,0.0
2023-05-27 05:00:00,15.62,301.86002,998.26624,5.1204495,19.205534,0.0,0.0
2023-05-27 06:00:00,14.51,302.1497,997.54065,5.306007,18.194958,0.0,0.0
2023-05-27 07:00:00,13.21,301.94257,996.8572,6.1167927,17.846703,0.0,0.0
2023-05-27 08:00:00,12.42,301.3501,997.2411,6.3139415,17.905378,0.0,0.0
2023-05-27 09:00:00,11.79,300.02673,997.8525,5.3899965,19.063684,0.0,0.0
2023-05-27 10:00:00,11.57,298.37622,998.3709,5.043446,20.573742,0.0,0.0
2023-05-27 11:00:00,11.07,297.1361,999.4369,4.9920235,21.60077,0.0,0.0
2023-05-27 12:00:00,10.81,295.93585,999.90857,5.037251,22.786888,0.0,0.0
2023-05-27 13:00:00,10.23,294.81723,1000.3858,5.219936,23.96423,0.0,0.0
2023-05-27 14:00:00,9.48,293.7649,1000.17847,5.217967,25.074186,0.0,0.0
2023-05-27 15:00:00,8.96,292.80927,1000.2922,5.031951,26.162237,0.0,0.0
2023-05-27 16:00:00,8.58,291.8961,1000.0574,4.8294992,27.296368,0.0,0.0
2023-05-27 17:00:00,8.54,291.06076,999.97186,4.6444607,28.367918,0.0,0.0
2023-05-27 18:00:00,8.76,290.26993,999.96564,4.476191,29.409897,0.0,0.0
2023-05-27 19:00:00,8.7,288.91425,1000.0414,4.1336403,32.898502,0.0,0.0
2023-05-27 20:00:00,8.56,288.13336,1000.2492,3.9267967,34.31123,0.0,0.0
2023-05-27 21:00:00,8.47,287.4428,1000.72406,3.7666042,35.781487,0.0,0.0
2023-05-27 22:00:00,8.48,286.8206,1001.8102,3.6811984,37.278294,0.0,0.0
2023-05-27 23:00:00,8.28,287.54608,1002.63446,3.6223457,35.699974,0.0,0.0
2023-05-28 00:00:00,7.88,290.18927,1003.19495,4.898234,29.431824,0.0012814997,0.0
2023-05-28 01:00:00,7.8,292.79263,1003.0139,5.8981023,24.288109,0.0,0.0
2023-05-28 02:00:00,7.8,295.10394,1002.51654,6.8207664,20.247993,0.0,0.0
2023-05-28 03:00:00,7.82,296.94263,1001.435,7.117774,17.474314,0.0,0.0
2023-05-28 04:00:00,7.74,298.27606,999.98596,6.682586,15.640323,0.0,0.0
2023-05-28 05:00:00,7.81,299.2954,998.7896,6.373046,14.4821615,0.0,0.0
2023-05-28 06:00:00,7.8,299.8277,997.9547,6.2784815,14.139896,0.0,0.0
2023-05-28 07:00:00,7.87,299.93112,997.8932,6.6269794,14.096425,0.0,0.0
2023-05-28 08:00:00,8.45,299.42572,997.96686,6.4627995,14.821771,0.0,0.0
2023-05-28 09:00:00,8.81,298.1162,998.5672,5.2229424,16.59887,0.0,0.0
2023-05-28 10:00:00,8.87,296.4579,999.1311,4.8089194,18.86668,0.0,0.0
2023-05-28 11:00:00,8.47,295.21918,999.8176,4.783241,20.646597,0.0,0.0
2023-05-28 12:00:00,8.82,294.08026,1000.1951,4.7620854,22.342579,0.0,0.0
2023-05-28 13:00:00,9.44,293.00775,1000.53687,4.8505554,23.97521,0.0,0.0
2023-05-28 14:00:00,9.04,292.05133,1000.9511,4.8965216,25.389544,0.0,0.0
2023-05-28 15:00:00,9.2,291.17786,1001.0813,4.86466,26.661703,0.0,0.0
2023-05-28 16:00:00,8.94,290.40143,1001.32983,4.884906,27.847544,0.0,0.0
2023-05-28 17:00:00,8.77,289.70746,1001.20795,5.10981,28.91337,0.0,0.0
2023-05-28 18:00:00,8.41,289.10635,1000.8809,5.3281813,29.876291,0.0,0.0
2023-05-28 19:00:00,7.81,287.9245,1001.1066,4.9630895,32.605793,0.0,0.0
2023-05-28 20:00:00,7.37,287.3327,1001.20404,4.7795076,33.99415,0.0,0.0
2023-05-28 21:00:00,7.45,286.8617,1001.8906,4.6367,35.364063,0.0,0.0
2023-05-28 22:00:00,7.41,286.49432,1002.4975,4.580039,36.672188,0.0,0.0
2023-05-28 23:00:00,7.05,287.43604,1003.3691,4.5046363,35.06133,0.0,0.0
2023-05-29 00:00:00,7.1,290.11142,1003.72107,5.6925426,29.510057,0.0,0.0
2023-05-29 01:00:00,7.07,292.78815,1003.7503,7.16455,24.96203,0.0,0.0
2023-05-29 02:00:00,7.03,295.1263,1003.0335,8.177165,21.268494,0.0,0.0
2023-05-29 03:00:00,6.82,297.07803,1002.0609,8.052192,18.090633,0.0,0.0
2023-05-29 04:00:00,6.52,298.66846,1000.6358,7.586118,15.547301,0.0,0.0
2023-05-29 05:00:00,6.22,299.8828,999.6164,7.123798,13.68528,0.0,0.0
2023-05-29 06:00:00,6.03,300.6004,998.93774,6.8096547,12.654339,0.0,0.0
2023-05-29 07:00:00,5.91,300.7911,998.48883,6.804807,12.248812,0.0,0.0
2023-05-29 08:00:00,6.5,300.36487,998.63367,6.415565,12.735203,0.0,0.0
2023-05-29 09:00:00,6.52,298.93307,999.3236,4.964616,14.430547,0.0,0.0
2023-05-29 10:00:00,6.27,297.01648,999.9168,4.5980506,16.88973,0.0,0.0
2023-05-29 11:00:00,6.16,295.64746,1000.55884,4.6432686,19.054522,0.0,0.0
2023-05-29 12:00:00,6.14,294.47058,1000.95624,4.715623,21.065027,0.0,0.0
2023-05-29 13:00:00,6.56,293.40802,1001.1842,4.7672687,22.826672,0.0,0.0
2023-05-29 14:00:00,6.48,292.4192,1001.23376,4.7019944,24.480429,0.0,0.0
2023-05-29 15:00:00,6.45,291.5033,1001.1154,4.621474,25.898233,0.0,0.0
2023-05-29 16:00:00,6.51,290.64758,1001.03845,4.5987954,27.163774,0.0,0.0
2023-05-29 17:00:00,6.67,289.86865,1001.1428,4.5558047,28.294712,0.0,0.0
2023-05-29 18:00:00,6.36,289.14944,1001.02234,4.418661,29.396864,0.0,0.0
2023-05-29 19:00:00,6.13,287.6632,1000.72705,4.2399487,32.405315,0.0,0.0
2023-05-29 20:00:00,6.29,286.95337,1001.1105,4.251599,34.09006,0.0,0.0
2023-05-29 21:00:00,6.45,286.4532,1001.71405,4.240563,35.605396,0.0,0.0
2023-05-29 22:00:00,6.5,286.06305,1002.64624,4.2437177,37.096386,0.0,0.0
2023-05-29 23:00:00,6.26,286.982,1003.3845,4.0216384,35.75009,0.0,0.0
2023-05-30 00:00:00,6.2,290.03888,1003.79456,5.1459284,29.589739,0.0,0.0
2023-05-30 01:00:00,6.63,292.9498,1003.5622,6.5760145,24.946703,0.0,0.0
2023-05-30 02:00:00,6.96,295.60278,1002.8228,7.6501484,21.073689,0.0,0.0
2023-05-30 03:00:00,6.98,297.83032,1001.7313,7.6224036,17.824223,0.0,0.0
2023-05-30 04:00:00,6.9,299.64972,1000.4325,7.059574,15.34573,0.0,0.0
2023-05-30 05:00:00,6.51,300.96457,999.3424,6.4164615,13.647953,0.0,0.0
2023-05-30 06:00:00,6.75,301.73428,998.5935,5.8816843,12.622263,0.0,0.0
2023-05-30 07:00:00,6.66,302.1458,998.1233,5.0400715,12.324223,0.0,0.0
2023-05-30 08:00:00,6.98,301.85162,998.3641,4.772108,12.651424,0.0,0.0
2023-05-30 09:00:00,6.85,300.17468,998.8639,3.9996278,14.735564,0.0,0.0
2023-05-30 10:00:00,6.8,297.9696,999.41205,4.417503,17.761274,0.0,0.0
2023-05-30 11:00:00,6.72,296.48438,1000.01984,4.72306,20.36515,0.0,0.0
2023-05-30 12:00:00,6.63,295.28906,1000.3834,4.7938457,22.589775,0.0,0.0
2023-05-30 13:00:00,6.44,294.23413,1000.6269,4.7242374,24.425058,0.0,0.0
2023-05-30 14:00:00,6.84,293.21545,1000.7463,4.524789,26.29579,0.0,0.0
2023-05-30 15:00:00,7.23,292.1931,1000.5165,4.267877,28.285095,0.0,0.0
2023-05-30 16:00:00,7.11,291.1806,1000.23047,4.062885,30.393326,0.0,0.0
2023-05-30 17:00:00,6.55,290.25958,1000.0687,3.9737,32.38812,0.0,0.0
2023-05-30 18:00:00,5.78,289.4551,999.80963,4.0191736,34.05196,0.0,0.0
2023-05-30 19:00:00,5.23,288.04895,999.66125,4.059122,38.316605,0.0,0.0
2023-05-30 20:00:00,5.42,287.23273,999.845,4.10176,40.284946,0.0,0.0
2023-05-30 21:00:00,5.01,286.6452,1000.15546,4.0595737,41.555138,0.0,0.0
2023-05-30 22:00:00,4.69,286.17126,1000.6209,3.988609,42.480385,0.0,0.0
2023-05-30 23:00:00,4.23,287.07843,1001.33344,3.6515992,39.909286,0.0,0.0
2023-05-31 00:00:00,4.74,290.5666,1001.71014,4.134516,31.346104,0.0,0.0
2023-05-31 01:00:00,4.87,294.003,1001.7308,4.6286554,24.664984,0.0,0.0
2023-05-31 02:00:00,4.84,296.8194,1001.09564,4.978493,20.303736,0.0,0.0
2023-05-31 03:00:00,4.91,298.91614,1000.1997,5.0928164,16.957,0.0,0.0
2023-05-31 04:00:00,4.95,300.5094,998.82666,4.6697145,14.324376,0.0,0.0
2023-05-31 05:00:00,4.65,301.7104,997.71735,4.188302,12.629753,0.0,0.0
2023-05-31 06:00:00,4.48,302.45227,996.9026,3.6945581,11.555722,0.0,0.0
2023-05-31 07:00:00,4.44,302.84473,996.3339,2.5771463,11.174435,0.0,0.0
2023-05-31 08:00:00,5.19,302.69904,996.52905,2.5035841,11.170538,0.0,0.0
2023-05-31 09:00:00,5.63,301.49258,996.96814,2.566232,12.865511,0.0,0.0
2023-05-31 10:00:00,5.8,299.1394,997.44653,3.3801348,16.128363,0.0,0.0
2023-05-31 11:00:00,5.76,297.2552,998.0082,3.6715817,19.358473,0.0,0.0
2023-05-31 12:00:00,6.45,295.80884,998.6355,3.8629532,22.410883,0.0,0.0
2023-05-31 13:00:00,7.1,294.62653,998.7414,3.9077883,24.991636,0.0,0.0
2023-05-31 14:00:00,6.6,293.6211,998.86896,3.8369057,27.055454,0.0,0.0
2023-05-31 15:00:00,6.4,292.63733,998.516,3.7317874,28.977463,0.0,0.0
2023-05-31 16:00:00,6.04,291.68066,998.27185,3.651092,30.856222,0.0,0.0
2023-05-31 17:00:00,6.2,290.80237,997.9886,3.4955342,32.539207,0.0,0.0
2023-05-31 18:00:00,6.13,289.96396,997.411,3.2659857,34.121742,0.0,0.0
2023-05-31 19:00:00,5.99,288.6104,997.38196,3.3069599,37.593536,0.0,0.0
2023-05-31 20:00:00,5.78,287.59143,997.4701,3.1230328,39.6971,0.0,0.0
2023-05-31 21:00:00,5.8,286.80157,997.5765,3.0173588,41.497578,0.0,0.0
2023-05-31 22:00:00,5.57,286.16095,998.0519,3.0242195,43.17309,0.0,0.0
2023-05-31 23:00:00,5.21,286.9732,998.89935,2.7568014,41.269108,0.0,0.0
2023-06-01 00:00:00,5.75,291.20065,999.47217,3.01125,30.89872,0.0,0.0
2023-06-01 01:00:00,6.23,295.68158,999.5737,3.5191705,22.913794,0.0,0.0
2023-06-01 02:00:00,6.63,299.00934,999.07227,3.8706632,18.585695,0.0,0.0
2023-06-01 03:00:00,7.35,301.10315,998.2686,4.0005684,15.675624,0.0,0.0
2023-06-01 04:00:00,7.22,302.18073,997.17456,2.935095,13.598471,0.0,0.0
2023-06-01 05:00:00,7.07,302.85413,996.0957,2.1133912,12.381632,0.0,0.0
2023-06-01 06:00:00,7.27,303.28836,995.4075,1.672001,11.556973,0.0,0.0
2023-06-01 07:00:00,6.86,303.77722,994.9241,1.0384848,11.531138,0.0,0.0
2023-06-01 08:00:00,7.15,303.54327,995.26556,0.37754095,11.49204,0.0,0.0
2023-06-01 09:00:00,7.35,302.81427,995.5389,0.88134784,12.483902,0.0,0.0
2023-06-01 10:00:00,7.34,301.17322,996.1348,2.0728076,15.0033045,0.0,0.0
2023-06-01 11:00:00,7.51,299.12204,996.63617,2.88252,18.298466,0.0,0.0
2023-06-01 12:00:00,7.46,297.1353,997.0084,3.2538626,21.602844,0.0,0.0
2023-06-01 13:00:00,7.81,295.50226,997.193,3.3349733,24.261873,0.0,0.0
2023-06-01 14:00:00,8.14,294.14026,997.26514,3.3275988,26.832516,0.0,0.0
2023-06-01 15:00:00,8.57,292.9852,996.99615,3.086624,29.624344,0.0,0.0
2023-06-01 16:00:00,8.65,291.74017,996.8778,2.2225158,34.786575,0.0,0.0
2023-06-01 17:00:00,9.05,291.69623,996.84064,1.0328187,33.950253,0.0,0.0
2023-06-01 18:00:00,8.96,290.11795,996.7522,1.1894085,39.112053,0.0,0.0
2023-06-01 19:00:00,8.7,288.25327,997.15546,1.3496699,47.193142,0.0,0.0
2023-06-01 20:00:00,8.55,287.7088,997.30664,1.2010154,48.65013,0.0,0.0
2023-06-01 21:00:00,8.57,286.90454,997.4905,1.3350323,51.60147,0.0,0.0
2023-06-01 22:00:00,8.74,285.8697,998.0569,1.8666399,54.865692,0.0,0.0
2023-06-01 23:00:00,8.7,286.4099,998.6728,1.6485242,54.264618,0.0,0.0
2023-06-02 00:00:00,10.03,290.97308,999.2361,1.4543556,37.921104,0.0,0.0
2023-06-02 01:00:00,10.28,294.85577,999.3491,1.6884959,29.42808,0.0,0.0
2023-06-02 02:00:00,10.26,298.0841,998.97314,1.7948579,23.27396,0.0,0.0
2023-06-02 03:00:00,10.62,300.60495,997.9316,1.9060236,18.832226,0.0,0.0
2023-06-02 04:00:00,10.41,302.36078,996.8449,1.9175056,15.9496155,0.0,0.0
2023-06-02 05:00:00,10.69,303.3416,995.6185,1.7729095,13.883554,0.0,0.0
2023-06-02 06:00:00,10.95,303.81683,994.9494,1.4148047,12.813205,0.0,0.0
2023-06-02 07:00:00,10.85,304.12634,994.98267,0.8763408,12.617787,0.0,0.0
2023-06-02 08:00:00,11.3,303.87292,995.08716,0.75174475,12.653366,0.0,0.0
2023-06-02 09:00:00,11.52,303.16995,995.59705,1.3816707,13.731642,0.0,0.0
2023-06-02 10:00:00,11.72,301.40002,996.1587,2.4036543,16.387894,0.0,0.0
2023-06-02 11:00:00,11.97,299.43484,996.65515,2.9123638,19.544498,0.0,0.0
2023-06-02 12:00:00,12.08,297.78625,996.8797,3.1438563,22.06358,0.0,0.0
2023-06-02 13:00:00,12.47,296.47797,996.8688,3.0813763,23.989466,0.0,0.0
2023-06-02 14:00:00,12.15,295.1109,997.0588,2.564971,26.83633,0.0,0.0
2023-06-02 15:00:00,12.13,293.6855,996.6716,1.706086,32.21359,0.0,0.0
2023-06-02 16:00:00,12.17,294.16376,996.7807,0.53954166,28.492403,0.0,0.0
2023-06-02 17:00:00,12.48,292.34265,996.5731,1.1162782,34.48556,0.0,0.0
2023-06-02 18:00:00,12.41,290.07187,996.5628,1.732366,43.70337,0.0,0.0
2023-06-02 19:00:00,12.87,289.04254,996.87665,1.6630143,51.744877,0.0,0.0
2023-06-02 20:00:00,13.37,288.19073,996.98126,1.8625003,56.086285,0.0,0.0
2023-06-02 21:00:00,13.85,287.56583,997.41705,1.9326452,60.735584,0.0,0.0
2023-06-02 22:00:00,14.31,287.11566,997.71075,2.0812159,64.63854,0.0,0.0
2023-06-02 23:00:00,14.63,287.79083,998.15875,1.8903221,64.32788,0.0,0.0
2023-06-03 00:00:00,14.38,292.37442,998.56177,1.7989619,49.41592,0.001697,0.0
2023-06-03 01:00:00,14.3,296.1994,998.6822,2.0269735,40.989117,0.0,0.0
2023-06-03 02:00:00,14.43,299.0346,998.045,2.1015859,34.049805,0.0,0.0
2023-06-03 03:00:00,14.55,301.15045,997.06335,2.203287,27.460743,0.0,0.0
2023-06-03 04:00:00,14.58,302.53632,995.7497,2.4749205,23.10426,0.0,0.0
2023-06-03 05:00:00,14.51,303.48688,994.7321,3.0686738,21.316187,0.0,0.0
2023-06-03 06:00:00,14.52,303.9701,994.0829,3.4748774,20.839935,0.0,0.0
2023-06-03 07:00:00,13.64,304.25537,994.0528,3.4225407,20.86703,0.0,0.0
2023-06-03 08:00:00,13.69,303.89136,994.2617,3.442724,21.637602,0.0,0.0
2023-06-03 09:00:00,14.1,302.70288,994.7275,2.9135666,23.704676,0.0,0.0
2023-06-03 10:00:00,15.07,300.84924,995.29016,3.1547368,26.93702,0.0,0.0
2023-06-03 11:00:00,16.01,299.37268,995.7975,3.4674911,29.86255,0.0,0.0
2023-06-03 12:00:00,16.63,298.12018,996.2397,3.5935872,32.641396,0.0,0.0
2023-06-03 13:00:00,16.87,297.0509,996.53235,3.488276,35.42262,0.0,0.0
2023-06-03 14:00:00,17.07,296.07642,996.51294,3.3561022,38.505493,0.0,0.0
2023-06-03 15:00:00,17.64,295.09622,996.3006,3.2447407,42.302757,0.0,0.0
2023-06-03 16:00:00,18.16,294.11343,995.92847,3.2410824,46.973686,0.0,0.0
2023-06-03 17:00:00,18.47,293.15344,995.78455,2.9857867,52.21941,0.0,0.0
2023-06-03 18:00:00,18.2,292.26767,995.58325,2.8781688,56.860786,0.0,0.0
2023-06-03 19:00:00,18.63,291.5327,996.04706,2.7458272,64.111465,0.0,0.0
2023-06-03 20:00:00,19.04,290.8464,996.11554,2.2689238,68.26857,0.0,0.0
2023-06-03 21:00:00,19.3,290.1927,996.5346,1.935081,72.896194,0.0,0.0
2023-06-03 22:00:00,19.47,289.5904,997.1545,1.7320123,77.56889,0.0,0.0
2023-06-03 23:00:00,19.31,290.2123,997.8162,1.3041159,77.22704,0.0,0.0
2023-06-04 00:00:00,20.23,293.17523,998.23413,1.3613573,63.27785,0.0,0.0
2023-06-04 01:00:00,20.72,295.56335,998.27844,1.3151699,53.690075,0.0,0.0
2023-06-04 02:00:00,21.94,297.58533,997.59625,1.1169703,45.620907,0.0,0.0
2023-06-04 03:00:00,22.54,299.57166,996.6373,1.2437357,40.22445,0.0,0.0
2023-06-04 04:00:00,22.27,300.93585,995.5589,1.7857307,39.437504,0.0,0.0
2023-06-04 05:00:00,21.96,301.79022,994.55365,2.5605478,37.605698,0.0,0.0
2023-06-04 06:00:00,21.78,302.7461,993.8373,2.8278944,34.319687,0.0,0.0
2023-06-04 07:00:00,21.19,302.97833,993.7637,2.4711497,31.944105,0.0,0.0
2023-06-04 08:00:00,21.57,302.8,993.895,2.2103815,32.34821,0.0,0.0
2023-06-04 09:00:00,21.34,302.10995,994.1287,1.7906382,33.955593,0.0,0.0
2023-06-04 10:00:00,20.95,300.92377,994.6298,1.922446,36.84697,0.0,0.0
2023-06-04 11:00:00,21.17,299.61224,995.12274,2.259558,40.162346,0.0,0.0
2023-06-04 12:00:00,21.56,298.31973,995.4778,2.3680563,43.504242,0.0,0.0
2023-06-04 13:00:00,21.08,297.25177,995.59827,2.3039722,46.49122,0.0,0.0
2023-06-04 14:00:00,20.73,296.23145,995.5608,2.4336505,49.825283,0.0,0.0
2023-06-04 15:00:00,21.24,295.34088,995.3095,2.5200667,53.399666,0.0,0.0
2023-06-04 16:00:00,21.49,294.51923,995.0095,2.5496051,57.222176,0.0,0.0
2023-06-04 17:00:00,22.06,293.70026,994.7575,2.3784919,60.969936,0.0,0.0
2023-06-04 18:00:00,21.77,292.88702,994.72327,2.115564,64.85854,0.0,0.0
2023-06-04 19:00:00,21.98,292.13623,995.10315,2.2143342,66.968216,0.0,0.0
2023-06-04 20:00:00,22.2,291.62756,995.45166,2.1005871,69.57952,0.0,0.0
2023-06-04 21:00:00,22.18,291.08038,995.6306,1.9854355,72.48666,0.0,0.0
2023-06-04 22:00:00,22.25,290.4993,996.28217,1.8126521,75.76189,0.0,0.0
2023-06-04 23:00:00,23.11,291.03986,997.14545,1.268648,74.84389,0.0,0.0
2023-06-05 00:00:00,24.13,293.88016,997.6548,1.3946533,61.99798,0.0012814999,0.0
2023-06-05 01:00:00,24.66,296.46658,997.76636,2.016499,54.059177,0.0,0.0
2023-06-05 02:00:00,24.0,298.69098,997.41705,2.5137806,48.583088,0.0,0.0
2023-06-05 03:00:00,22.92,300.3641,996.5712,2.7415457,44.813435,0.0,0.0
2023-06-05 04:00:00,22.0,301.67093,995.533,3.1380913,41.66075,0.0,0.0
2023-06-05 05:00:00,21.83,302.65182,994.3286,3.5232525,38.30221,0.0,0.0
2023-06-05 06:00:00,21.94,303.31003,993.6651,3.813275,35.723522,0.0,0.0
2023-06-05 07:00:00,22.46,303.5943,993.4833,3.2935135,32.795044,0.0,0.0
2023-06-05 08:00:00,23.01,303.38797,993.59143,3.3546653,32.884914,0.0,0.0
2023-06-05 09:00:00,23.44,302.58313,993.8549,2.798832,34.71028,0.0,0.0
2023-06-05 10:00:00,24.19,301.2752,994.3803,2.5613286,38.176437,0.0,0.0
2023-06-05 11:00:00,25.39,300.15295,994.8244,2.8591068,41.802128,0.0,0.0
2023-06-05 12:00:00,26.18,299.14148,995.2713,3.133894,45.71797,0.0,0.0
2023-06-05 13:00:00,26.68,298.23743,995.39923,3.2924762,49.730366,0.0,0.0
2023-06-05 14:00:00,26.88,297.39432,995.4736,3.4161332,53.74229,0.0,0.0
2023-06-05 15:00:00,26.56,296.6214,995.5123,3.4333272,57.555252,0.0,0.0
2023-06-05 16:00:00,26.51,295.9143,995.7004,3.5160518,61.170948,0.0,0.0
2023-06-05 17:00:00,26.59,295.25873,995.8244,3.5607727,64.86479,0.0,0.0
2023-06-05 18:00:00,26.59,294.59418,995.7953,3.1373534,68.021736,0.0,0.0
2023-06-05 19:00:00,27.4,293.66785,995.71857,2.5581365,70.79104,0.0,0.0
2023-06-05 20:00:00,27.87,292.96533,995.87854,2.1248286,73.655106,0.0,0.0
2023-06-05 21:00:00,28.35,292.1722,996.28656,1.5899984,77.6905,0.0,0.0
2023-06-05 22:00:00,29.23,291.6585,997.3179,1.2404116,80.734184,0.0,0.0
2023-06-05 23:00:00,31.06,292.2022,998.26294,1.5009332,78.75314,0.0,0.0
2023-06-06 00:00:00,31.57,294.87167,998.9989,1.4906654,64.86235,0.0,0.0
2023-06-06 01:00:00,32.14,296.78464,999.221,0.83862287,56.7505,0.0,0.0
2023-06-06 02:00:00,33.04,298.42712,998.88873,0.21943974,51.789272,0.0,0.0
2023-06-06 03:00:00,33.75,299.76086,998.0003,0.6848707,48.323563,0.0,0.0
2023-06-06 04:00:00,33.89,300.8559,996.92664,1.2694267,45.231117,0.0,0.0
2023-06-06 05:00:00,33.91,301.71808,995.9288,1.6695619,42.70557,0.0,0.0
2023-06-06 06:00:00,33.16,302.23996,995.3234,1.8684212,41.023262,0.0,0.0
2023-06-06 07:00:00,32.3,302.9577,995.37726,1.8385149,38.48694,0.0,0.0
2023-06-06 08:00:00,32.39,302.84637,995.61084,2.2688828,38.88441,0.0,0.0
2023-06-06 09:00:00,33.28,302.21133,996.1741,3.0036526,40.743683,0.0,0.0
2023-06-06 10:00:00,33.79,301.22647,996.4443,4.057809,43.733818,0.0,0.0
2023-06-06 11:00:00,33.99,299.9254,997.0653,5.1368566,46.973522,0.0,0.0
2023-06-06 12:00:00,34.36,298.71613,997.3738,5.085517,50.203503,0.0,0.0
2023-06-06 13:00:00,33.88,297.6844,997.5731,4.559854,53.421444,0.0,0.0
2023-06-06 14:00:00,33.46,296.9662,997.65704,3.9562593,55.991375,0.0,0.0
2023-06-06 15:00:00,33.74,296.4748,997.8484,3.3042943,57.99195,0.0,0.0
2023-06-06 16:00:00,33.33,296.1395,997.8603,2.6282845,59.460785,0.0,0.0
2023-06-06 17:00:00,33.02,295.901,997.7034,2.0922513,60.57651,0.0,0.0
2023-06-06 18:00:00,32.46,295.61206,997.6161,1.9034387,61.825222,0.0,0.0
2023-06-06 19:00:00,31.91,294.568,997.8819,1.6334686,67.09701,0.0,0.0
2023-06-06 20:00:00,31.94,294.3258,998.09625,1.493399,68.05559,0.0,0.0
2023-06-06 21:00:00,31.69,293.97864,998.46606,1.5080781,69.282814,0.0,0.0
2023-06-06 22:00:00,31.48,293.7335,999.0627,1.2028799,70.69154,0.0,0.0
2023-06-06 23:00:00,31.71,294.2299,999.90607,1.0760427,67.88654,0.0,0.0
2023-06-07 00:00:00,33.35,295.98904,1000.5742,1.502872,59.82276,0.0,0.0
2023-06-07 01:00:00,33.13,297.46484,1001.0447,2.0456984,55.76062,0.0,0.0
2023-06-07 02:00:00,32.89,298.70563,1000.73987,2.530278,52.98295,0.0,0.0
2023-06-07 03:00:00,32.75,299.9989,1000.0623,3.0432732,49.167126,0.0,0.0
2023-06-07 04:00:00,31.86,300.9076,998.97235,3.22513,46.398705,0.0,0.0
2023-06-07 05:00:00,31.73,301.93533,998.2114,3.32633,43.427746,0.0,0.0
2023-06-07 06:00:00,31.18,302.5836,997.53314,3.2362218,41.300518,0.0,0.0
2023-06-07 07:00:00,30.9,303.32904,997.1409,2.3573225,37.69018,0.0,0.0
2023-06-07 08:00:00,30.55,303.17554,996.921,2.1352377,37.77278,0.0,0.0
2023-06-07 09:00:00,31.0,302.614,997.47314,2.0103912,39.084602,0.0,0.0
2023-06-07 10:00:00,30.9,301.543,997.8487,2.381403,42.105396,0.0,0.0
2023-06-07 11:00:00,30.99,300.48108,998.38336,2.845537,45.273724,0.0,0.0
2023-06-07 12:00:00,31.89,299.54895,998.6403,3.2053406,48.119076,0.0,0.0
2023-06-07 13:00:00,31.86,298.91507,998.9448,3.4424853,50.04675,0.0,0.0
2023-06-07 14:00:00,31.4,298.245,998.9486,3.6933475,51.950806,0.0,0.0
2023-06-07 15:00:00,31.42,297.61053,998.8141,4.0554495,53.541927,0.0,0.0
2023-06-07 16:00:00,31.83,296.97614,998.77014,4.344674,54.691963,0.0,0.0
2023-06-07 17:00:00,31.99,296.49286,998.60345,4.35525,55.158646,0.0,0.0
2023-06-07 18:00:00,32.0,296.09552,998.3075,4.0039763,56.00881,0.0,0.0
2023-06-07 19:00:00,31.57,295.27972,998.3914,3.269468,61.783703,0.0,0.0
2023-06-07 20:00:00,30.98,294.72797,998.5714,3.014431,64.36742,0.0,0.0
2023-06-07 21:00:00,30.38,294.35077,998.83563,2.9590104,66.165276,0.0,0.0
2023-06-07 22:00:00,29.92,293.92297,999.2372,2.965372,67.90509,0.0,0.0
2023-06-07 23:00:00,29.18,294.4632,999.8536,2.895561,65.599075,0.0,0.0
2023-06-08 00:00:00,28.7,296.45343,1000.1573,3.8797631,57.125656,0.0017166138,0.0
2023-06-08 01:00:00,28.57,298.6798,1000.3111,4.5973034,48.538364,0.0,0.0
2023-06-08 02:00:00,28.33,301.23212,999.8308,4.8947597,40.780373,0.0,0.0
2023-06-08 03:00:00,28.0,303.3371,998.8934,4.926856,35.09435,0.0,0.0
2023-06-08 04:00:00,27.94,304.69385,997.7089,4.4893184,31.481833,0.0,0.0
2023-06-08 05:00:00,27.92,305.65082,996.8247,3.957717,28.702831,0.0,0.0
2023-06-08 06:00:00,27.87,306.07483,996.12,3.5817606,26.537313,0.0,0.0
2023-06-08 07:00:00,27.61,305.82275,995.7506,3.4930527,28.529802,0.0,0.0
2023-06-08 08:00:00,27.71,305.67798,995.8864,3.987518,28.417877,0.0,0.0
2023-06-08 09:00:00,27.29,304.6938,996.252,4.0804853,30.29852,0.0,0.0
2023-06-08 10:00:00,26.68,303.51227,996.4075,4.7012286,32.506413,0.0,0.0
2023-06-08 11:00:00,26.14,302.3362,997.02423,5.2516284,33.999096,0.0,0.0
2023-06-08 12:00:00,26.61,301.31744,997.4638,5.4902506,34.427067,0.0,0.0
2023-06-08 13:00:00,26.44,300.36597,997.6286,5.497818,34.694492,0.0,0.0
2023-06-08 14:00:00,26.22,299.5467,997.9515,5.5235944,34.958942,0.0,0.0
2023-06-08 15:00:00,26.2,298.81573,997.98376,5.3429313,35.419846,0.0,0.0
2023-06-08 16:00:00,25.89,298.1518,997.8859,4.9873557,36.10492,0.0,0.0
2023-06-08 17:00:00,25.94,297.59274,997.5836,4.654329,36.743443,0.0,0.0
2023-06-08 18:00:00,26.14,297.1239,997.3501,4.388963,37.189503,0.0,0.0
2023-06-08 19:00:00,25.97,296.03528,997.14685,3.285835,42.29562,0.0,0.0
2023-06-08 20:00:00,25.25,295.3448,997.08826,3.111946,43.820766,0.0,0.0
2023-06-08 21:00:00,24.58,294.70038,997.2544,3.0787685,45.399338,0.0,0.0
2023-06-08 22:00:00,24.15,294.1294,998.0396,3.1171525,46.851814,0.0,0.0
2023-06-08 23:00:00,23.77,294.514,998.4397,2.9502733,45.859715,0.0,0.0
2023-06-09 00:00:00,24.13,297.03214,999.0547,3.4609373,39.35704,0.0,0.0
2023-06-09 01:00:00,24.58,299.54364,998.885,3.8934836,34.57097,0.0,0.0
2023-06-09 02:00:00,24.9,302.01953,998.41064,4.1239448,31.09204,0.0,0.0
2023-06-09 03:00:00,24.54,304.13693,997.31,4.0286326,28.166004,0.0,0.0
2023-06-09 04:00:00,23.89,305.3828,995.9674,3.245052,25.760067,0.0,0.0
2023-06-09 05:00:00,23.24,306.01874,994.9375,2.3449242,24.142933,0.0,0.0
2023-06-09 06:00:00,23.38,306.27344,994.52515,1.5594293,22.87791,0.0,0.0
2023-06-09 07:00:00,23.93,306.1446,994.2704,1.1976274,23.017067,0.0,0.0
2023-06-09 08:00:00,24.16,305.96436,994.5519,1.0278529,22.955864,0.0,0.0
2023-06-09 09:00:00,24.02,305.357,994.78125,1.5028254,24.244543,0.0,0.0
2023-06-09 10:00:00,24.17,304.10345,995.2006,2.4853256,27.626196,0.0,0.0
2023-06-09 11:00:00,24.52,303.12286,995.7265,2.876905,29.819193,0.0,0.0
2023-06-09 12:00:00,25.44,302.0343,995.9737,3.19497,32.04854,0.0,0.0
2023-06-09 13:00:00,25.94,301.15735,996.14343,3.3337295,33.826645,0.0,0.0
2023-06-09 14:00:00,26.39,300.3659,995.9325,3.20393,35.298954,0.0,0.0
2023-06-09 15:00:00,27.29,299.89957,995.78015,2.8087785,36.06447,0.0,0.0
2023-06-09 16:00:00,27.33,299.25775,995.3928,2.7306912,37.058002,0.0,0.0
2023-06-09 17:00:00,27.59,298.69183,995.2322,2.7673516,37.960464,0.0,0.0
2023-06-09 18:00:00,27.75,298.09082,995.23315,3.2017748,39.01751,0.0,0.0
2023-06-09 19:00:00,27.55,296.59134,995.345,3.5510416,43.14376,0.0,0.0
2023-06-09 20:00:00,27.89,296.4193,995.34534,3.918143,43.53506,0.0,0.0
2023-06-09 21:00:00,28.92,296.3975,995.58514,4.294319,44.2812,0.0,0.0
2023-06-09 22:00:00,29.74,296.2727,995.9944,4.4623256,45.500153,0.0,0.0
2023-06-09 23:00:00,30.08,296.96924,996.6811,4.4326954,45.050236,0.0,0.0
2023-06-10 00:00:00,31.29,299.5401,997.2986,5.1321416,40.957047,0.0025749204,0.0
2023-06-10 01:00:00,31.03,301.66278,997.335,5.7121067,38.288273,0.0,0.0
2023-06-10 02:00:00,30.94,303.54584,997.015,5.6821404,35.178715,0.0,0.0
2023-06-10 03:00:00,30.71,304.82288,996.2394,5.807283,33.026104,0.0,0.0
2023-06-10 04:00:00,29.81,305.5697,995.1806,5.364395,31.034866,0.0,0.0
2023-06-10 05:00:00,28.96,306.06293,994.2852,4.579117,28.902021,0.0,0.0
2023-06-10 06:00:00,27.79,306.27982,993.74976,3.8485038,27.262768,0.0,0.0
2023-06-10 07:00:00,27.94,306.60272,993.6577,3.052205,26.471907,0.0,0.0
2023-06-10 08:00:00,27.77,306.28137,993.8893,2.7748451,26.04297,0.0,0.0
2023-06-10 09:00:00,28.42,305.44662,994.59393,2.3028834,26.866943,0.0,0.0
2023-06-10 10:00:00,28.52,303.92627,995.1669,2.4801857,29.2792,0.0,0.0
2023-06-10 11:00:00,27.03,302.59247,995.7608,2.7559054,31.495375,0.0,0.0
2023-06-10 12:00:00,26.42,301.37625,996.21454,3.000242,33.662823,0.0,0.0
2023-06-10 13:00:00,25.19,300.36603,996.4445,3.0979862,35.583107,0.0,0.0
2023-06-10 14:00:00,24.56,299.4917,996.556,3.2140036,37.733887,0.0,0.0
2023-06-10 15:00:00,24.7,298.90845,996.3817,3.0476434,39.774105,0.0,0.0
2023-06-10 16:00:00,24.7,298.19656,996.065,2.386,42.908695,0.0,0.0
2023-06-10 17:00:00,25.13,297.33945,995.9944,1.8557959,47.67454,0.0,0.0
2023-06-10 18:00:00,25.62,296.44763,996.2461,1.4510698,53.74453,0.0,0.0
2023-06-10 19:00:00,25.8,295.873,996.0229,3.2663374,57.663334,0.0,0.0
2023-06-10 20:00:00,25.4,295.34943,996.0472,2.3575635,58.880894,0.0,0.0
2023-06-10 21:00:00,24.56,294.35516,996.4467,1.2213479,63.457424,0.0,0.0
2023-06-10 22:00:00,23.99,293.89893,996.9266,1.9860759,63.158714,0.0,0.0
2023-06-10 23:00:00,24.18,294.53275,997.7686,2.3992355,61.366432,0.0,0.0
2023-06-11 00:00:00,24.39,297.57416,998.2364,2.7062302,50.306828,0.0025745272,0.0
2023-06-11 01:00:00,24.4,299.79883,998.2079,2.5844657,41.109756,0.0,0.0
2023-06-11 02:00:00,24.08,301.6602,997.8097,1.9842563,35.06002,0.0,0.0
2023-06-11 03:00:00,23.97,303.14886,996.8807,1.5016401,30.796364,0.0,0.0
2023-06-11 04:00:00,23.62,304.29037,995.7251,1.4578277,27.656576,0.0,0.0
2023-06-11 05:00:00,23.0,305.0263,994.7721,1.5752238,25.743622,0.0,0.0
2023-06-11 06:00:00,22.06,305.3226,994.27435,1.5320206,24.957756,0.0,0.0
2023-06-11 07:00:00,22.42,305.64313,994.3064,1.8315024,24.26936,0.0,0.0
2023-06-11 08:00:00,22.36,305.372,994.8097,2.1673477,24.562777,0.0,0.0
2023-06-11 09:00:00,22.58,304.5645,995.33716,2.2290325,26.318764,0.0,0.0
2023-06-11 10:00:00,22.56,303.34674,996.0736,2.25066,29.560522,0.0,0.0
2023-06-11 11:00:00,22.81,302.39603,996.58844,2.1863265,32.213436,0.0,0.0
2023-06-11 12:00:00,23.44,301.34344,997.16,1.9888836,35.429928,0.0,0.0
2023-06-11 13:00:00,23.37,300.37268,997.0975,1.6269749,38.673183,0.0,0.0
2023-06-11 14:00:00,23.47,299.73557,997.22327,1.2256738,39.80372,0.0,0.0
2023-06-11 15:00:00,24.01,297.7533,996.8488,1.7205591,46.742676,0.0,0.0
2023-06-11 16:00:00,24.89,296.8379,996.8289,2.448473,49.34726,0.0,0.0
2023-06-11 17:00:00,25.17,296.11307,996.74023,2.8477125,52.31365,0.0,0.0
2023-06-11 18:00:00,25.47,295.39728,996.81213,2.6105037,55.108597,0.0,0.0
2023-06-11 19:00:00,25.71,295.2124,996.7358,2.5793612,56.95893,0.0,0.0
2023-06-11 20:00:00,25.85,294.3008,997.0158,2.0469542,61.082996,0.0,0.0
2023-06-11 21:00:00,25.76,293.7765,997.503,1.3600742,65.01404,0.0,0.0
2023-06-11 22:00:00,25.44,293.17044,998.0072,0.9825521,67.178116,0.0,0.0
2023-06-11 23:00:00,25.15,293.13452,998.83716,0.973836,68.72288,0.0,0.0
2023-06-12 00:00:00,24.7,295.85483,999.5274,0.8678395,54.247517,0.0,0.0
2023-06-12 01:00:00,24.86,298.19888,999.79297,0.6997618,45.317104,0.0,0.0
2023-06-12 02:00:00,25.21,300.44147,999.47314,0.43706962,38.079273,0.0,0.0
2023-06-12 03:00:00,25.22,302.61786,998.5214,1.0094613,32.05193,0.0,0.0
2023-06-12 04:00:00,24.93,304.2931,997.3928,2.3943865,27.038088,0.0,0.0
2023-06-12 05:00:00,25.04,305.05432,996.3402,2.8784983,25.26171,0.0,0.0
2023-06-12 06:00:00,25.1,305.3068,995.6008,2.8041153,24.714268,0.0,0.0
2023-06-12 07:00:00,25.27,305.21558,995.90015,2.6245897,24.694677,0.0,0.0
2023-06-12 08:00:00,25.13,304.91962,995.9933,3.050462,24.830702,0.0,0.0
2023-06-12 09:00:00,24.84,303.94968,996.53125,2.7775228,26.956802,0.0,0.0
2023-06-12 10:00:00,24.7,302.46155,997.03577,2.887608,30.792946,0.0,0.0
2023-06-12 11:00:00,24.8,301.37146,997.4191,2.9698875,33.53813,0.0,0.0
2023-06-12 12:00:00,24.97,300.3823,997.66846,2.9071612,35.969406,0.0,0.0
2023-06-12 13:00:00,24.61,299.32397,997.6348,2.998403,38.50459,0.0,0.0
2023-06-12 14:00:00,24.85,298.3676,997.8253,3.393592,40.16245,0.0,0.0
2023-06-12 15:00:00,25.3,297.55383,997.8624,3.7726798,40.8103,0.0,0.0
2023-06-12 16:00:00,25.32,296.88922,997.743,3.796764,40.9824,0.0,0.0
2023-06-12 17:00:00,24.88,296.2523,997.59436,3.6830099,41.226208,0.0,0.0
2023-06-12 18:00:00,24.44,295.61478,997.57904,3.7819636,41.50743,0.0,0.0
2023-06-12 19:00:00,24.06,294.52402,997.62085,4.0983715,44.25655,0.0,0.0
2023-06-12 20:00:00,23.56,294.11224,997.6744,4.3326607,43.372105,0.0,0.0
2023-06-12 21:00:00,22.67,293.7472,998.0845,4.3694887,42.218163,0.0,0.0
2023-06-12 22:00:00,21.66,293.36682,998.7218,4.3475633,41.208508,0.0,0.0
2023-06-12 23:00:00,21.49,293.8487,999.21405,4.259609,38.444702,0.0,0.0
2023-06-13 00:00:00,22.23,296.21033,999.77094,4.977282,31.506824,0.0017345808,0.0
2023-06-13 01:00:00,22.26,298.71997,999.8816,6.022919,25.750824,0.0,0.0
2023-06-13 02:00:00,22.53,301.0535,999.3292,6.39822,22.081291,0.0,0.0
2023-06-13 03:00:00,22.73,302.94107,998.4581,6.179707,20.942144,0.0,0.0
2023-06-13 04:00:00,22.59,304.208,997.1023,5.3162165,20.567022,0.0,0.0
2023-06-13 05:00:00,22.99,304.93356,996.2336,4.2779913,20.460651,0.0,0.0
2023-06-13 06:00:00,23.12,305.21378,995.52985,3.4991007,20.314795,0.0,0.0
2023-06-13 07:00:00,23.32,305.30673,995.44653,2.9106638,21.261497,0.0,0.0
2023-06-13 08:00:00,23.61,304.997,995.27264,2.946979,21.584173,0.0,0.0
2023-06-13 09:00:00,23.75,303.96295,995.77203,2.7118282,23.369614,0.0,0.0
2023-06-13 10:00:00,23.86,302.27637,996.325,3.1974556,26.433426,0.0,0.0
2023-06-13 11:00:00,24.1,300.98935,996.8089,3.643983,28.65305,0.0,0.0
2023-06-13 12:00:00,24.25,299.89957,997.33716,3.8569722,30.40282,0.0,0.0
2023-06-13 13:00:00,24.0,298.87268,997.58484,4.0354576,31.779999,0.0,0.0
2023-06-13 14:00:00,24.38,297.95807,997.5986,4.464388,32.29676,0.0,0.0
2023-06-13 15:00:00,24.31,297.15558,997.65924,4.9447,31.985468,0.0,0.0
2023-06-13 16:00:00,24.26,296.5811,997.29974,5.1624427,31.407732,0.0,0.0
2023-06-13 17:00:00,24.1,296.21716,997.34515,5.150997,31.083954,0.0,0.0
2023-06-13 18:00:00,24.23,295.75397,997.34796,5.015137,31.268492,0.0,0.0
2023-06-13 19:00:00,24.45,294.63742,997.4496,4.7216644,34.225292,0.0,0.0
2023-06-13 20:00:00,24.79,294.09763,997.72107,4.437633,35.06664,0.0,0.0
2023-06-13 21:00:00,24.86,293.55045,998.08844,4.0869308,36.018627,0.0,0.0
2023-06-13 22:00:00,24.84,293.3288,998.88635,3.8223147,36.409847,0.0,0.0
2023-06-13 23:00:00,25.02,293.67444,999.7097,3.5946145,35.764973,0.0,0.0
2023-06-14 00:00:00,25.3,295.67847,1000.3002,4.51344,31.485838,0.0,0.0
2023-06-14 01:00:00,25.03,297.89984,1000.3865,5.0605264,27.6122,0.0,0.0
2023-06-14 02:00:00,24.92,300.1521,999.86,4.954076,24.094082,0.0,0.0
2023-06-14 03:00:00,24.59,301.94595,998.66583,4.493407,21.556225,0.0,0.0
2023-06-14 04:00:00,23.89,303.21783,997.3078,3.8119016,20.193336,0.0,0.0
2023-06-14 05:00:00,23.16,304.02374,996.1167,2.86319,19.775202,0.0,0.0
2023-06-14 06:00:00,23.0,304.41168,995.50354,1.9383956,19.799448,0.0,0.0
2023-06-14 07:00:00,23.13,304.32022,995.71954,1.4474788,20.911362,0.0,0.0
2023-06-14 08:00:00,22.96,304.16965,995.9002,2.1655452,21.146124,0.0,0.0
2023-06-14 09:00:00,23.02,303.2041,996.29266,3.4632947,22.258093,0.0,0.0
2023-06-14 10:00:00,23.46,301.64343,996.9163,5.1021276,23.610643,0.0,0.0
2023-06-14 11:00:00,23.86,300.53036,997.27545,6.0756297,23.793428,0.0,0.0
2023-06-14 12:00:00,23.88,299.54703,997.9741,5.8570423,24.174147,0.0,0.0
2023-06-14 13:00:00,24.07,298.69128,998.0861,5.3175154,24.833372,0.0,0.0
2023-06-14 14:00:00,23.88,297.87265,998.45044,4.8563724,25.688028,0.0,0.0
2023-06-14 15:00:00,23.45,297.05884,998.448,4.461962,26.652353,0.0,0.0
2023-06-14 16:00:00,23.28,296.1732,998.4135,4.195834,27.865028,0.0,0.0
2023-06-14 17:00:00,22.86,295.6384,998.2043,4.174238,28.534641,0.0,0.0
2023-06-14 18:00:00,22.85,295.38998,998.2477,4.2405324,28.690233,0.0,0.0
2023-06-14 19:00:00,22.92,294.48807,998.1253,4.425903,30.054838,0.0,0.0
2023-06-14 20:00:00,23.07,293.9132,998.33514,4.2810903,30.70738,0.0,0.0
2023-06-14 21:00:00,23.48,293.62912,998.65173,4.039158,31.059473,0.0,0.0
2023-06-14 22:00:00,23.3,293.15186,999.04614,3.9005976,32.12327,0.0,0.0
2023-06-14 23:00:00,23.0,293.73407,999.76385,3.6403098,31.579277,0.0,0.0
2023-06-15 00:00:00,23.04,295.39136,1000.40094,4.4121385,29.38946,0.0017203189,0.0
2023-06-15 01:00:00,23.14,297.76233,1000.3753,4.9253635,26.877937,0.0,0.0
2023-06-15 02:00:00,23.53,299.90112,999.7854,4.7441864,24.468178,0.0,0.0
2023-06-15 03:00:00,23.72,301.56894,998.7986,4.1598263,22.193537,0.0,0.0
2023-06-15 04:00:00,23.59,302.815,997.442,3.347588,20.645962,0.0,0.0
2023-06-15 05:00:00,23.9,303.4786,996.2823,2.419518,19.962957,0.0,0.0
2023-06-15 06:00:00,24.34,303.8307,995.5469,1.6499135,19.869514,0.0,0.0
2023-06-15 07:00:00,24.8,303.9242,995.415,1.4473891,21.029707,0.0,0.0
2023-06-15 08:00:00,25.22,303.7871,995.9578,1.7049932,21.426157,0.0,0.0
2023-06-15 09:00:00,25.5,303.0272,996.07635,2.4160442,22.599897,0.0,0.0
2023-06-15 10:00:00,25.42,301.40967,996.8284,3.520397,25.086292,0.0,0.0
2023-06-15 11:00:00,25.23,300.28668,997.1945,4.232815,26.353174,0.0,0.0
2023-06-15 12:00:00,24.66,299.16858,997.48517,4.550467,27.290556,0.0,0.0
2023-06-15 13:00:00,24.57,298.22882,997.536,4.573798,27.738974,0.0,0.0
2023-06-15 14:00:00,24.92,297.4773,997.5759,4.438519,27.83405,0.0,0.0
2023-06-15 15:00:00,24.68,296.66675,997.6463,4.2444606,28.207779,0.0,0.0
2023-06-15 16:00:00,24.58,295.92026,997.47,4.180704,28.936258,0.0,0.0
2023-06-15 17:00:00,24.36,295.2415,997.3489,4.136729,30.276245,0.0,0.0
2023-06-15 18:00:00,24.18,294.6253,997.29095,4.009804,32.205986,0.0,0.0
2023-06-15 19:00:00,24.15,293.51416,997.6103,3.9392881,34.653206,0.0,0.0
2023-06-15 20:00:00,24.04,292.96484,997.585,3.936416,36.390198,0.0,0.0
2023-06-15 21:00:00,23.86,292.42944,997.7714,3.9252377,38.431053,0.0,0.0
2023-06-15 22:00:00,24.21,292.0141,998.1858,3.8047934,40.410084,0.0,0.0
2023-06-15 23:00:00,24.92,292.58582,998.89813,3.594149,39.957222,0.0,0.0
2023-06-16 00:00:00,27.95,295.21472,999.4428,4.117506,34.861874,0.0012854093,0.0
2023-06-16 01:00:00,28.27,298.36697,999.4856,4.2580166,30.159702,0.0,0.0
2023-06-16 02:00:00,28.63,300.865,999.13794,4.0140653,29.136532,0.0,0.0
2023-06-16 03:00:00,28.89,302.62384,997.91516,4.110844,27.824312,0.0,0.0
2023-06-16 04:00:00,29.04,303.75848,996.4389,3.997737,27.052048,0.0,0.0
2023-06-16 05:00:00,29.03,304.3406,995.0349,3.415518,26.704464,0.0,0.0
2023-06-16 06:00:00,28.28,304.58655,994.34033,2.7281456,26.484144,0.0,0.0
2023-06-16 07:00:00,28.14,304.76733,994.21924,1.7988716,26.012352,0.0,0.0
2023-06-16 08:00:00,28.02,304.50476,994.21765,1.660846,26.18093,0.0,0.0
2023-06-16 09:00:00,27.82,303.87695,994.39404,1.6002696,27.01492,0.0,0.0
2023-06-16 10:00:00,27.69,302.72873,995.4437,2.2287006,29.0048,0.0,0.0
2023-06-16 11:00:00,28.13,301.4234,996.08716,2.7821822,31.267681,0.0,0.0
2023-06-16 12:00:00,28.37,300.3436,996.8145,3.1972558,33.168945,0.0,0.0
2023-06-16 13:00:00,28.59,299.46255,997.41016,3.4980154,34.683735,0.0,0.0
2023-06-16 14:00:00,29.18,298.6826,997.72485,3.6605356,35.472187,0.0,0.0
2023-06-16 15:00:00,28.81,298.0179,997.5553,3.5941353,34.48345,0.0,0.0
2023-06-16 16:00:00,28.86,297.3275,997.1428,2.753046,33.41826,0.0,0.0
2023-06-16 17:00:00,28.15,296.23126,996.4613,1.3967454,38.531185,0.0,0.0
2023-06-16 18:00:00,27.23,296.062,996.1778,0.48147455,36.946693,0.0,0.0
2023-06-16 19:00:00,27.16,294.22375,996.96265,0.9191394,43.38457,0.0,0.0
2023-06-16 20:00:00,27.22,293.1446,997.3693,0.66338205,47.13247,0.0,0.0
2023-06-16 21:00:00,27.17,292.08023,997.7017,0.90701735,52.096687,0.0,0.0
2023-06-16 22:00:00,27.33,291.47815,998.5438,1.5339793,50.817913,0.0,0.0
2023-06-16 23:00:00,28.05,291.90652,999.5598,1.7893369,47.74372,0.0,0.0
2023-06-17 00:00:00,29.13,294.6424,1000.1252,2.2024877,37.41501,0.0021413227,0.0
2023-06-17 01:00:00,29.36,297.1537,1000.5528,2.1549203,30.965815,0.0,0.0
2023-06-17 02:00:00,29.97,299.4024,1000.03125,1.8689215,27.296852,0.0,0.0
2023-06-17 03:00:00,29.76,301.33813,999.26764,1.6276816,24.89031,0.0,0.0
2023-06-17 04:00:00,29.21,302.87253,997.6064,1.7893538,23.501999,0.0,0.0
2023-06-17 05:00:00,28.24,303.9057,996.449,2.5223913,23.292427,0.0,0.0
2023-06-17 06:00:00,28.21,304.28275,995.65857,2.7074223,23.52067,0.0,0.0
2023-06-17 07:00:00,28.34,304.21167,995.486,2.4071312,23.317764,0.0,0.0
2023-06-17 08:00:00,27.7,303.84485,995.6174,1.954893,23.504938,0.0,0.0
2023-06-17 09:00:00,27.42,303.21738,996.2464,1.6432958,24.512184,0.0,0.0
2023-06-17 10:00:00,27.45,302.11383,996.66125,1.9680698,27.10974,0.0,0.0
2023-06-17 11:00:00,27.61,301.0119,997.16095,2.421071,29.196892,0.0,0.0
2023-06-17 12:00:00,27.93,299.74545,997.77905,3.018963,30.412392,0.0,0.0
2023-06-17 13:00:00,28.13,298.77457,998.02783,3.596351,30.267965,0.0,0.0
2023-06-17 14:00:00,28.67,298.11652,998.22,3.9683216,29.668608,0.0,0.0
2023-06-17 15:00:00,28.74,297.4374,998.01874,4.14703,30.040154,0.0,0.35999998
2023-06-17 16:00:00,28.66,296.6668,997.91235,3.9413338,31.487661,0.0,0.0
2023-06-17 17:00:00,28.61,295.86102,997.6853,3.4607687,33.590668,0.0,0.0
2023-06-17 18:00:00,28.62,294.98193,997.3797,2.9089837,36.564507,0.0,0.0
2023-06-17 19:00:00,28.82,293.97272,997.9437,2.4715662,38.315063,0.0,0.0
2023-06-17 20:00:00,28.41,293.17932,997.7965,2.2977378,41.94292,0.0,0.0
2023-06-17 21:00:00,28.18,292.4104,997.66,2.6437345,45.246033,0.0,0.0
2023-06-17 22:00:00,27.99,291.98636,998.2978,3.2143414,46.663242,0.0,0.0
2023-06-17 23:00:00,27.6,292.65262,999.14703,3.5402653,43.756027,0.0,0.0
2023-06-18 00:00:00,27.32,295.76294,999.7941,4.3421183,34.000282,0.0017041157,0.0
2023-06-18 01:00:00,27.06,299.02664,1000.1272,5.24216,26.100317,0.0,0.0
2023-06-18 02:00:00,27.11,301.28473,999.72015,5.796861,20.989244,0.0,0.0
2023-06-18 03:00:00,26.96,302.8803,998.94165,5.4069276,18.352858,0.0,0.0
2023-06-18 04:00:00,27.39,303.86908,997.49396,4.2635436,17.192312,0.0,0.0
2023-06-18 05:00:00,27.5,304.49457,996.30756,3.490232,16.761967,0.0,0.0
2023-06-18 06:00:00,27.08,304.87503,995.2418,3.0621283,16.579185,0.0,0.0
2023-06-18 07:00:00,27.23,305.30536,994.8855,2.9096346,16.648611,0.0,0.0
2023-06-18 08:00:00,27.47,305.09378,995.22107,2.3695107,16.705801,0.0,0.0
2023-06-18 09:00:00,27.33,304.24228,995.7405,2.030767,18.518517,0.0,0.0
2023-06-18 10:00:00,27.13,302.76434,995.84906,2.6193736,21.352072,0.0,0.0
2023-06-18 11:00:00,27.42,301.15277,996.28815,3.2708225,24.002504,0.0,0.0
2023-06-18 12:00:00,27.36,299.8682,996.4949,3.795279,25.398397,0.0,0.0
2023-06-18 13:00:00,26.96,298.88568,997.0603,3.916675,26.476892,0.0,0.0
2023-06-18 14:00:00,27.26,297.97845,997.33795,3.7222836,27.75747,0.0,0.0
2023-06-18 15:00:00,26.89,297.1136,997.1964,3.6114173,29.199657,0.0,0.0
2023-06-18 16:00:00,26.69,296.3489,996.9836,3.6805768,30.544441,0.0,0.0
2023-06-18 17:00:00,26.17,295.56436,996.6453,3.594156,31.947983,0.0,0.0
2023-06-18 18:00:00,25.83,294.8551,996.3005,3.5100439,33.173565,0.0,0.0
2023-06-18 19:00:00,25.37,293.7038,996.0884,3.3719177,35.818565,0.0,0.0
2023-06-18 20:00:00,25.09,292.94977,996.1856,3.50636,37.74864,0.0,0.0
2023-06-18 21:00:00,25.1,292.39746,996.4498,3.465853,38.949997,0.0,0.0
2023-06-18 22:00:00,25.2,291.94214,997.1314,3.3068273,39.66643,0.0,0.0
2023-06-18 23:00:00,25.27,292.33868,998.0789,3.107019,38.256733,0.0,0.0
2023-06-19 00:00:00,25.16,295.3816,998.53143,3.470581,30.35041,0.0,0.0
2023-06-19 01:00:00,25.06,298.4271,998.5539,4.0942335,23.106934,0.0,0.0
2023-06-19 02:00:00,25.65,300.81445,998.4353,4.0888267,17.91316,0.0,0.0
2023-06-19 03:00:00,25.79,302.7119,997.5388,4.1253195,14.665039,0.0,0.0
2023-06-19 04:00:00,25.68,304.07077,996.1799,4.1199784,13.584564,0.0,0.0
2023-06-19 05:00:00,24.84,304.9822,995.0375,3.9075904,13.232298,0.0,0.0
2023-06-19 06:00:00,24.1,305.51776,994.3783,3.607704,12.799321,0.0,0.0
2023-06-19 07:00:00,23.9,305.59207,994.3683,2.2954564,13.459374,0.0,0.0
2023-06-19 08:00:00,23.88,305.35632,994.5697,1.4316564,13.432678,0.0,0.0
2023-06-19 09:00:00,24.03,304.71887,995.04407,0.5940046,14.311782,0.0,0.0
2023-06-19 10:00:00,23.86,303.5298,995.65686,1.1774668,16.30794,0.0,0.0
2023-06-19 11:00:00,23.64,301.69788,996.2224,2.3133974,19.348358,0.0,0.0
2023-06-19 12:00:00,23.45,299.7469,996.6914,2.9350955,22.382536,0.0,0.0
2023-06-19 13:00:00,23.49,298.3913,997.0586,3.3563344,23.768185,0.0,0.0
2023-06-19 14:00:00,23.15,297.4771,997.23456,3.62917,23.416943,0.0,0.0
2023-06-19 15:00:00,21.97,296.69208,996.90564,3.7615347,22.172955,0.0,0.0
2023-06-19 16:00:00,21.62,295.8993,997.0119,3.834767,21.530867,0.0,0.0
2023-06-19 17:00:00,20.82,295.04254,997.02045,3.7276008,22.420637,0.0,0.0
2023-06-19 18:00:00,20.18,294.27734,996.90045,3.8284254,24.348148,0.0,0.0
2023-06-19 19:00:00,20.32,292.75714,996.8597,3.7901804,26.602718,0.0,0.0
2023-06-19 20:00:00,20.26,292.23602,996.59644,3.900127,26.925425,0.0,0.0
2023-06-19 21:00:00,21.17,291.98135,996.5416,4.008226,27.729622,0.0,0.0
2023-06-19 22:00:00,21.9,291.66852,997.06195,4.014981,29.368076,0.0,0.0
2023-06-19 23:00:00,21.72,292.2569,997.48706,4.0124598,29.762722,0.0,0.0
2023-06-20 00:00:00,21.73,295.40247,997.8895,4.0368505,26.465967,0.0,0.0
2023-06-20 01:00:00,21.84,298.59845,997.8692,4.5426316,25.534367,0.0,0.0
2023-06-20 02:00:00,22.14,301.07214,997.3111,5.12213,25.589947,0.0,0.0
2023-06-20 03:00:00,22.26,303.0434,996.33435,6.051124,23.137562,0.0,0.0
2023-06-20 04:00:00,22.36,304.40564,994.9739,6.058607,19.831095,0.0,0.0
2023-06-20 05:00:00,22.47,305.29053,993.8797,5.5976076,18.050432,0.0,0.0
2023-06-20 06:00:00,23.08,305.81396,993.3807,4.9123793,17.469341,0.0,0.0
2023-06-20 07:00:00,24.25,306.04388,993.4406,3.5660703,17.990442,0.0,0.0
2023-06-20 08:00:00,24.87,305.7812,993.5466,3.2589004,18.740707,0.0,0.0
2023-06-20 09:00:00,25.37,304.64267,994.2239,2.44795,21.017603,0.0,0.0
2023-06-20 10:00:00,26.06,302.8095,994.8883,2.7793872,24.689621,0.0,0.0
2023-06-20 11:00:00,27.33,301.113,995.6295,3.2634196,28.635847,0.0,0.0
2023-06-20 12:00:00,28.12,299.90216,996.3074,3.9118786,32.742115,0.0,0.0
2023-06-20 13:00:00,28.38,298.93506,996.7631,4.530649,37.82336,0.0,0.0
2023-06-20 14:00:00,29.67,298.1153,997.1118,5.1814737,45.99247,0.0,0.0
2023-06-20 15:00:00,30.55,297.22775,997.16815,5.023048,56.329433,0.0,0.0
2023-06-20 16:00:00,31.05,296.451,997.1236,4.3719063,63.67671,0.0,0.0
2023-06-20 17:00:00,32.29,295.7288,997.27716,3.0720468,68.84467,0.0,0.0
2023-06-20 18:00:00,33.39,294.97205,997.3713,1.870978,73.22284,0.0,0.0
2023-06-20 19:00:00,33.88,293.6493,997.7936,1.0830694,63.8892,0.0,0.0
2023-06-20 20:00:00,33.83,293.01727,997.6337,1.0703859,65.85456,0.0,0.0
2023-06-20 21:00:00,33.79,292.73108,997.83923,1.7806858,66.05556,0.0,0.0
2023-06-20 22:00:00,34.64,292.32013,997.927,2.0212533,71.455124,0.0,0.0
2023-06-20 23:00:00,36.03,293.00714,998.17236,2.1607203,72.55997,0.0,0.0
2023-06-21 00:00:00,35.64,295.75037,998.34717,2.526565,66.66713,0.0017424667,0.0
2023-06-21 01:00:00,36.48,297.73895,998.3937,2.574927,68.11418,0.0,0.0
2023-06-21 02:00:00,37.05,299.72488,997.88983,3.682921,60.48103,0.0012628734,0.0
2023-06-21 03:00:00,37.13,301.47247,996.9308,4.3091307,51.521812,0.0,0.0
2023-06-21 04:00:00,37.64,302.89044,995.60596,4.712908,44.320904,0.0,0.0
2023-06-21 05:00:00,38.66,303.96252,994.5222,5.1427937,39.44998,0.0,0.0
2023-06-21 06:00:00,40.47,304.58673,993.67883,5.3497267,36.62919,0.0,0.0
2023-06-21 07:00:00,41.85,305.08752,993.3105,5.8728814,33.743294,0.0,0.0
2023-06-21 08:00:00,42.15,303.2622,994.285,6.896426,43.185394,0.0,0.0
2023-06-21 09:00:00,42.71,300.04932,995.2475,6.9426327,60.130096,0.0067949295,0.0
2023-06-21 10:00:00,43.55,297.8374,996.3622,6.920649,67.93743,0.011920929,0.17999999
2023-06-21 11:00:00,43.43,296.20013,996.98486,6.1832542,69.79185,0.064238906,0.0
2023-06-21 12:00:00,42.51,295.1679,997.6639,4.721372,70.519,0.050224364,0.0
2023-06-21 13:00:00,40.62,294.43167,997.8014,3.4133859,72.30518,0.58716834,0.0
2023-06-21 14:00:00,39.97,293.91583,998.3214,2.8870735,74.20863,0.5868972,0.0
2023-06-21 15:00:00,39.97,293.43918,998.38336,2.9331543,77.496956,2.6740282,0.0
2023-06-21 16:00:00,39.51,292.7954,998.2064,2.7547321,83.70741,3.2324493,0.0
2023-06-21 17:00:00,39.54,292.49384,998.0181,2.8233085,86.03994,2.1454096,0.0
2023-06-21 18:00:00,39.98,292.18872,997.8289,3.3038113,86.026855,0.9241402,0.0
2023-06-21 19:00:00,38.89,292.77448,997.7325,3.4731655,77.96135,0.15699863,0.0
2023-06-21 20:00:00,36.16,292.58,998.0404,3.5978444,78.77255,0.07584691,0.0
2023-06-21 21:00:00,33.42,292.2902,998.15784,3.6414466,78.988754,0.043451786,0.0
2023-06-21 22:00:00,30.91,292.0467,998.47906,3.7467012,78.694305,0.021129847,0.0
2023-06-21 23:00:00,28.43,292.11136,999.0607,4.3567443,75.67841,0.0,0.0
2023-06-22 00:00:00,26.54,292.70566,999.6689,5.2242155,70.64472,10.581958,0.0
2023-06-22 01:00:00,26.26,293.7529,999.9075,5.631054,65.43856,0.0,0.0
2023-06-22 02:00:00,25.64,295.04474,999.3733,5.586265,60.789913,0.0,0.0
2023-06-22 03:00:00,24.42,296.20325,998.52545,5.287724,57.45746,0.0,0.0
2023-06-22 04:00:00,23.97,297.2281,997.5505,4.809941,55.027832,0.0,0.0
2023-06-22 05:00:00,23.54,297.87094,996.6518,4.419305,53.722717,0.0,0.0
2023-06-22 06:00:00,23.45,298.34265,996.1316,4.117473,52.734184,0.0,0.0
2023-06-22 07:00:00,23.75,298.81763,995.5081,3.624615,51.427704,0.0,0.0
2023-06-22 08:00:00,23.35,298.53107,995.67126,3.7987545,51.70839,0.0,0.0
2023-06-22 09:00:00,22.68,297.31262,995.90326,3.2479696,58.085716,0.0,0.0
2023-06-22 10:00:00,22.19,295.7569,996.26227,3.3163314,64.45103,0.0,0.0
2023-06-22 11:00:00,22.75,294.68256,996.7908,3.4981089,67.20033,0.0,0.0
2023-06-22 12:00:00,22.96,293.72592,997.2595,3.8386521,68.14308,0.0,0.0
2023-06-22 13:00:00,23.23,292.92178,997.3681,4.197101,67.881905,0.0,0.0
2023-06-22 14:00:00,23.9,292.13525,997.552,4.3617926,67.71065,0.0,0.0
2023-06-22 15:00:00,24.34,291.44543,997.4393,4.323285,67.69215,0.0,0.0
2023-06-22 16:00:00,24.4,290.86084,997.3718,3.9870446,68.0959,0.0,0.0
2023-06-22 17:00:00,23.99,290.31757,997.3363,3.4865828,69.16085,0.0,0.0
2023-06-22 18:00:00,23.95,289.89252,997.4444,3.1430411,70.19904,0.0,0.0
2023-06-22 19:00:00,23.82,289.52023,997.26276,3.3438182,72.408134,0.0,0.0
2023-06-22 20:00:00,23.62,289.28906,997.2734,3.3065252,71.94497,0.0,0.0
2023-06-22 21:00:00,23.73,289.0801,996.98987,3.1342275,72.04869,0.0,0.0
2023-06-22 22:00:00,24.16,288.8365,997.38745,2.908994,72.92869,0.0,0.0
2023-06-22 23:00:00,24.46,289.58313,997.82135,2.6932378,70.67532,0.0,0.0
2023-06-23 00:00:00,23.77,291.35678,998.47675,3.0887277,62.225597,0.0021419337,0.0
2023-06-23 01:00:00,24.1,293.43652,998.5997,3.1663496,56.044548,0.0,0.0
2023-06-23 02:00:00,24.51,295.34082,998.1775,2.8581872,52.38899,0.0,0.0
2023-06-23 03:00:00,23.8,297.00403,997.2731,2.713919,49.932976,0.0,0.0
2023-06-23 04:00:00,24.11,298.17715,996.2314,2.7987447,48.370506,0.0,0.0
2023-06-23 05:00:00,24.37,299.09247,995.2699,2.9278293,47.203846,0.0,0.0
2023-06-23 06:00:00,24.86,299.63727,994.6083,3.0854158,46.544777,0.0,0.0
2023-06-23 07:00:00,26.34,300.67978,993.8947,3.5341063,43.457706,0.0,0.0
2023-06-23 08:00:00,26.53,300.18982,994.08435,4.5200434,45.075714,0.0,0.0
2023-06-23 09:00:00,26.1,298.5399,994.48627,4.3073707,52.111446,0.0,0.0
2023-06-23 10:00:00,25.7,296.8637,995.07806,4.222432,57.227333,0.0,0.0
2023-06-23 11:00:00,25.94,295.8625,995.5719,3.769806,59.28254,0.0,0.0
2023-06-23 12:00:00,25.54,294.93796,995.9344,3.1139371,61.826687,0.0,0.0
2023-06-23 13:00:00,24.41,294.03363,996.33484,2.7761023,65.013916,0.0,0.0
2023-06-23 14:00:00,23.54,293.2272,996.54126,2.8708413,66.89664,0.0,0.0
2023-06-23 15:00:00,23.04,292.52063,996.5469,3.083262,68.00302,0.0,0.0
2023-06-23 16:00:00,23.8,291.91272,996.52924,3.1505156,69.0156,0.0,0.0
2023-06-23 17:00:00,24.91,291.42996,996.545,3.0772784,70.229195,0.0,0.0
2023-06-23 18:00:00,26.27,290.9286,996.4172,3.043315,71.50258,0.0,0.0
2023-06-23 19:00:00,26.77,290.25287,996.3655,2.8401845,75.06016,0.0,0.0
2023-06-23 20:00:00,26.41,289.8499,996.4225,2.7657452,75.80772,0.0,0.0
2023-06-23 21:00:00,25.16,289.50217,996.78265,2.5448825,76.66932,0.0,0.0
2023-06-23 22:00:00,24.01,289.17795,997.22284,2.2864468,78.102425,0.0,0.0
2023-06-23 23:00:00,23.94,289.60062,997.9804,1.9608066,77.72123,0.0,0.0
2023-06-24 00:00:00,25.64,292.1211,998.6064,2.3425655,63.983612,0.0029994815,0.0
2023-06-24 01:00:00,26.38,294.4745,998.8793,2.7261415,55.20132,0.0,0.0
2023-06-24 02:00:00,26.79,296.6405,998.3055,2.9418516,49.178814,0.0,0.0
2023-06-24 03:00:00,26.52,298.47662,997.432,3.271017,44.951485,0.0,0.0
2023-06-24 04:00:00,26.06,299.88776,996.27954,3.3493931,42.059242,0.0,0.0
2023-06-24 05:00:00,25.03,300.80927,995.28827,3.2839785,40.570526,0.0,0.0
2023-06-24 06:00:00,25.31,301.28607,994.50464,3.375604,40.09118,0.0,0.0
2023-06-24 07:00:00,26.05,301.98883,993.6408,3.557009,36.715744,0.0,0.0
2023-06-24 08:00:00,26.4,301.6018,993.79456,3.594756,37.625603,0.0,0.0
2023-06-24 09:00:00,27.3,299.99866,994.1164,3.6575675,44.306095,0.0,0.0
2023-06-24 10:00:00,27.51,298.05545,994.609,4.4276476,50.031235,0.0,0.0
2023-06-24 11:00:00,27.75,296.9488,994.8572,4.583103,51.71526,0.0,0.0
2023-06-24 12:00:00,27.54,295.99225,995.294,4.3937683,52.615826,0.0,0.0
2023-06-24 13:00:00,27.73,295.01755,995.7802,4.0404544,53.588593,0.0,0.0
2023-06-24 14:00:00,27.14,294.0998,995.96826,3.6668673,54.558037,0.0,0.0
2023-06-24 15:00:00,27.41,293.2295,995.8878,3.4267485,55.68195,0.0,0.0
2023-06-24 16:00:00,27.83,292.49084,995.7542,3.3144639,56.598587,0.0,0.0
2023-06-24 17:00:00,27.33,291.847,995.71783,3.2736726,57.39926,0.0,0.0
2023-06-24 18:00:00,27.31,291.26715,995.59607,3.103117,58.43562,0.0,0.0
2023-06-24 19:00:00,27.1,290.60614,995.1806,3.072209,58.19482,0.0,0.0
2023-06-24 20:00:00,27.02,290.19623,995.2764,2.9720254,59.162254,0.0,0.0
2023-06-24 21:00:00,26.92,289.78564,995.0808,2.7823007,60.893135,0.0,0.0
2023-06-24 22:00:00,27.07,289.344,995.5239,2.4965718,64.082596,0.0,0.0
2023-06-24 23:00:00,27.2,289.54364,995.90375,1.9635346,68.23602,0.0,0.0
2023-06-25 00:00:00,27.39,292.97437,996.2885,1.9641949,51.16043,0.0017225741,0.0
2023-06-25 01:00:00,28.22,295.9256,996.5061,1.8807365,43.501984,0.0,0.0
2023-06-25 02:00:00,28.64,298.63828,996.0034,1.2272851,38.56666,0.0,0.0
2023-06-25 03:00:00,28.89,300.85202,995.2439,0.7966465,35.391132,0.0,0.0
2023-06-25 04:00:00,29.06,302.41577,994.18726,1.5063775,34.028564,0.0,0.0
2023-06-25 05:00:00,28.91,303.3136,993.34784,1.9813567,33.481033,0.0,0.0
2023-06-25 06:00:00,28.86,303.71997,992.70435,2.0967586,33.398663,0.0,0.0
2023-06-25 07:00:00,29.65,304.43848,991.93335,2.5534222,32.835506,0.0,0.0
2023-06-25 08:00:00,30.45,303.9187,992.4402,3.3641598,34.625343,0.0,0.0
2023-06-25 09:00:00,31.74,302.19965,992.96185,3.5349596,41.223305,0.0,0.0
2023-06-25 10:00:00,32.82,300.36902,993.6238,3.5247989,47.74808,0.0,0.0
2023-06-25 11:00:00,34.21,299.11786,993.8917,3.3418531,52.014194,0.0,0.0
2023-06-25 12:00:00,35.24,298.04236,994.3793,2.9770126,55.84644,0.0,0.0
2023-06-25 13:00:00,36.46,296.93204,994.46844,2.5794075,60.38278,0.0,0.0
2023-06-25 14:00:00,37.66,295.975,994.5084,2.115785,65.63241,0.0,0.0
2023-06-25 15:00:00,37.66,295.2339,994.49414,1.479228,73.37336,0.0,0.0
2023-06-25 16:00:00,37.64,295.20538,994.6022,0.92874575,70.07216,0.0,0.0
2023-06-25 17:00:00,37.18,295.4185,994.6514,0.6789961,66.0111,0.0,0.0
2023-06-25 18:00:00,36.72,294.75406,994.4188,0.84863025,71.92155,0.0,0.0
2023-06-25 19:00:00,36.43,294.1717,994.1917,1.4147253,75.7748,0.0,0.0
2023-06-25 20:00:00,36.35,294.22034,994.2986,2.138251,71.60913,0.0,0.0
2023-06-25 21:00:00,36.35,293.9912,994.4506,2.350235,71.96404,0.0,0.0
2023-06-25 22:00:00,36.43,293.57825,994.968,2.4410121,72.52883,0.0,0.0
2023-06-25 23:00:00,36.87,293.79663,995.56305,2.209515,70.82144,0.0,0.0
2023-06-26 00:00:00,,295.30402,996.1824,2.343483,60.47436,0.0012851289,0.0
2023-06-26 01:00:00,,297.22052,996.37476,2.4102325,47.709133,0.0,0.0
2023-06-26 02:00:00,,298.82172,996.1872,2.2639086,40.257854,0.0,0.0
2023-06-26 03:00:00,,299.08606,995.41595,2.1735103,38.613132,0.0,0.0
2023-06-26 04:00:00,,299.69638,994.405,2.624947,36.761227,0.0,0.0
2023-06-26 05:00:00,,300.232,993.6575,4.0047574,35.06085,0.0,0.0
2023-06-26 06:00:00,,299.73944,993.10297,5.1024966,36.469467,0.0,0.0
2023-06-26 07:00:00,,301.7965,993.2425,3.5643785,32.347263,0.0,0.0
2023-06-26 08:00:00,,301.48773,993.89484,4.5270367,33.31843,0.0,0.0
2023-06-26 09:00:00,,300.08896,994.2391,5.319875,37.206966,0.0,0.0
2023-06-26 10:00:00,,297.9436,995.2283,6.6940503,44.972755,0.0,0.0
2023-06-26 11:00:00,,295.37604,996.37897,7.0606356,58.418472,0.002115965,0.0
2023-06-26 12:00:00,,293.76865,997.29407,5.8657494,68.44212,0.15935302,0.0
2023-06-26 13:00:00,,293.11813,997.724,4.838573,72.28222,0.2968096,0.0
2023-06-26 14:00:00,,292.83295,998.2509,4.3773932,74.058586,0.9240143,0.0
2023-06-26 15:00:00,,292.5885,998.3844,4.0526257,75.87567,1.2412401,0.0
2023-06-26 16:00:00,,292.25165,998.113,3.819018,78.43095,1.3588767,0.08
2023-06-26 17:00:00,,291.8178,998.0204,3.8038323,81.98447,1.736626,0.17
2023-06-26 18:00:00,,291.7292,997.8148,3.6954396,84.005745,1.7554909,0.78
2023-06-26 19:00:00,,291.2101,999.04065,3.2941654,83.89569,2.4191499,1.45
2023-06-26 20:00:00,,291.22168,998.9554,2.7867928,84.27909,1.6777962,2.86
2023-06-26 21:00:00,,291.172,999.4228,2.2525508,86.30916,1.7596036,4.0099998
2023-06-26 22:00:00,,291.22607,1000.0066,2.486409,86.85563,2.0581484,3.3000002
2023-06-26 23:00:00,,291.2482,999.7981,3.0028276,85.944,1.8022507,3.51
2023-06-27 00:00:00,,291.55927,1000.3237,2.8823838,84.45875,18.71936,2.1599998
2023-06-27 01:00:00,,291.6335,1001.13525,2.5525746,85.64084,0.0,1.9399998
2023-06-27 02:00:00,,291.66153,1000.91766,3.3166919,84.39278,5.4743757,1.13
2023-06-27 03:00:00,,291.7052,1000.356,3.2399716,83.60661,5.0053077,1.94
2023-06-27 04:00:00,,291.75018,999.90875,2.686557,83.37285,4.165754,1.1700001
2023-06-27 05:00:00,,291.80612,999.2514,2.570951,83.69342,2.9905663,2.7399998
2023-06-27 06:00:00,,291.88287,998.98846,2.6329176,81.93959,2.4138541,5.76
2023-06-27 07:00:00,,292.69714,999.106,2.647426,80.16728,0.91536343,2.37
2023-06-27 08:00:00,,292.7234,999.5139,3.27701,80.517235,0.48784912,1.43
2023-06-27 09:00:00,,292.49567,999.82623,3.3708887,81.25557,1.2374911,1.1999999
2023-06-27 10:00:00,,292.27582,1000.3917,3.5903223,82.11402,1.9763708,1.21
2023-06-27 11:00:00,,292.12073,1000.4947,4.0254164,82.362236,1.228705,0.02
2023-06-27 12:00:00,,291.94885,1001.01337,3.700408,82.77365,1.9985865,0.0
2023-06-27 13:00:00,,291.8977,1001.21857,3.1190314,83.265724,1.1452734,0.0
2023-06-27 14:00:00,,291.90173,1001.5095,2.5049934,83.83251,0.7505119,0.44
2023-06-27 15:00:00,,291.8172,1001.3278,2.3130543,85.06858,0.7403195,0.53
2023-06-27 16:00:00,,291.68652,1001.15826,2.5136223,86.25198,0.6107539,0.0
2023-06-27 17:00:00,,291.57352,1001.0533,2.5931666,86.97378,0.36007166,0.0
2023-06-27 18:00:00,,291.51794,1000.6809,2.5876632,87.47342,0.2863109,0.0
2023-06-27 19:00:00,,291.64838,1000.30786,1.7078788,86.534004,0.01847744,0.0
2023-06-27 20:00:00,,291.26105,1000.4009,2.7087777,89.597496,0.0,0.08
2023-06-27 21:00:00,,291.0678,1000.7688,3.608083,90.93571,0.0,0.0
2023-06-27 22:00:00,,290.72833,1001.3513,3.9361959,92.04059,0.0,0.0
2023-06-27 23:00:00,,290.7625,1002.0105,3.8152142,92.17605,0.06043911,0.0
2023-06-28 00:00:00,,291.39484,1002.67017,4.7424207,88.81555,35.988964,0.0
2023-06-28 01:00:00,,292.2496,1002.3303,5.183829,84.98309,0.0,0.0
2023-06-28 02:00:00,,293.26508,1002.08185,5.375871,79.68001,0.0,0.0
2023-06-28 03:00:00,,294.48895,1001.322,5.012562,72.5222,0.014215708,0.0
2023-06-28 04:00:00,,295.24796,1000.4725,4.5105667,70.18017,0.0,0.0
2023-06-28 05:00:00,,295.80084,999.71313,4.2297378,67.7435,0.0,0.0
2023-06-28 06:00:00,,296.22614,999.0879,4.096155,66.08766,0.0,0.0
2023-06-28 07:00:00,,295.6153,999.07623,3.6004894,73.36915,0.14486909,0.0
2023-06-28 08:00:00,,295.73047,999.53156,3.7408755,73.33581,0.0,0.0
2023-06-28 09:00:00,,295.25345,999.9171,3.3274384,77.1751,0.031486154,0.0
2023-06-28 10:00:00,,294.50842,1000.139,3.5944567,80.395386,0.02168119,0.0
2023-06-28 11:00:00,,293.83698,1000.4295,3.841548,82.30641,0.0,0.0
2023-06-28 12:00:00,,293.5464,1000.9099,4.15085,82.576294,0.0072419643,0.0
2023-06-28 13:00:00,,293.29623,1001.0065,4.4550614,82.61558,0.0,0.0
2023-06-28 14:00:00,,293.09055,1001.3105,4.626834,82.57454,0.0,0.0
2023-06-28 15:00:00,,292.90973,1001.3245,4.6147237,82.468834,0.031486154,0.0
2023-06-28 16:00:00,,292.7948,1001.0687,4.541491,82.27839,0.021705026,0.0
2023-06-28 17:00:00,,292.71423,1000.71716,4.4230742,82.364174,0.0,0.0
2023-06-28 18:00:00,,292.64673,1000.2043,4.2544756,82.775375,0.0,0.0
2023-06-28 19:00:00,,292.4464,1000.3162,4.1171937,82.75547,0.0,0.0
2023-06-28 20:00:00,,292.30664,1000.1992,4.344709,83.50782,0.0,0.0
2023-06-28 21:00:00,,292.01086,1000.15155,4.499293,84.51046,0.0,0.0
2023-06-28 22:00:00,,291.64807,1000.3812,4.420764,85.34213,0.0,0.0
2023-06-28 23:00:00,,291.74945,1001.02124,4.1918335,84.99084,0.0,0.0
2023-06-29 00:00:00,,292.64142,1001.73083,5.2356267,79.49582,0.3509164,0.0
2023-06-29 01:00:00,,293.54874,1001.8267,5.7987037,74.723015,0.0,0.08
2023-06-29 02:00:00,,294.5606,1001.45526,5.835278,70.77369,0.0,0.089999996
2023-06-29 03:00:00,,295.5642,1000.7304,5.8891983,67.187515,0.0,1.9599999
2023-06-29 04:00:00,,296.3245,999.4931,5.7031846,64.9256,0.0,1.0699999
2023-06-29 05:00:00,,296.84387,998.65674,5.397612,63.08953,0.0,0.99
2023-06-29 06:00:00,,297.05618,998.1719,5.394698,62.010868,0.0,0.11
2023-06-29 07:00:00,,297.66266,997.62225,3.5237944,65.109924,0.0,0.01
2023-06-29 08:00:00,,297.3191,997.6799,3.1421423,69.34519,0.0,0.049999997
2023-06-29 09:00:00,,296.18307,997.9966,2.933372,75.89497,0.51650405,0.07
2023-06-29 10:00:00,,295.2826,998.20654,2.8351007,80.13683,0.2399683,0.0
2023-06-29 11:00:00,,294.7984,998.6219,3.158008,81.647705,0.36643445,0.0
2023-06-29 12:00:00,,294.39682,999.0731,3.916546,81.97721,0.0038236612,1.3
2023-06-29 13:00:00,,294.04596,999.34344,4.5022936,81.428185,0.003516674,2.01
2023-06-29 14:00:00,,293.44525,999.58984,4.750837,82.26545,0.35852194,3.3899999
2023-06-29 15:00:00,,292.97412,999.6956,5.008356,83.727104,0.6355344,2.24
2023-06-29 16:00:00,,292.50415,999.3842,5.0977597,84.00128,1.143071,2.81
2023-06-29 17:00:00,,292.08276,999.207,5.0319743,85.938484,1.533726,0.22999999
2023-06-29 18:00:00,,291.4914,998.8878,5.0320907,89.509285,2.3240447,2.97
2023-06-29 19:00:00,,291.32593,998.2053,4.4793997,88.333145,2.2433991,3.6799998
2023-06-29 20:00:00,,290.94598,998.3619,4.1136165,88.91642,0.84513426,2.01
2023-06-29 21:00:00,,290.74506,998.247,3.7302556,88.82475,0.44246018,1.8
2023-06-29 22:00:00,,290.47147,998.8683,3.5440202,89.074615,0.62415004,4.4
2023-06-29 23:00:00,,290.67902,999.5549,3.5876365,88.36842,0.52535534,7.4799995
2023-06-30 00:00:00,,291.06406,1000.3345,3.698371,86.14627,12.2033415,1.63
2023-06-30 01:00:00,,291.55066,1000.465,4.598144,82.54173,0.0,1.5999999
2023-06-30 02:00:00,,292.07037,1000.1593,5.132938,80.85315,0.6041862,3.26
2023-06-30 03:00:00,,292.59985,1000.0366,5.0097523,78.31744,0.48578903,0.04
2023-06-30 04:00:00,,292.3677,999.28424,4.4965453,78.935646,0.4824549,5.2799997
2023-06-30 05:00:00,,292.19006,998.0637,4.6991763,78.89722,0.42954087,5.43
2023-06-30 06:00:00,,292.82214,997.65076,4.9888773,76.82311,0.41072816,1.68
2023-06-30 07:00:00,,293.94116,998.43,3.4013157,76.23949,0.03810227,2.8899999
2023-06-30 08:00:00,,293.1897,999.086,3.0623736,80.641075,0.14786422,2.65
2023-06-30 09:00:00,,292.5238,999.1408,3.9879189,83.61095,0.25127968,3.3
2023-06-30 10:00:00,,291.5699,999.57623,4.718318,85.89768,0.085920095,0.42
2023-06-30 11:00:00,,290.89825,1000.0359,4.95946,86.35695,0.079363585,0.41
2023-06-30 12:00:00,,290.37616,1000.22327,4.8920856,86.38451,0.13540685,0.67999995
2023-06-30 13:00:00,,290.0529,1000.7341,4.0610094,86.13952,0.09575486,1.87
2023-06-30 14:00:00,,289.8946,1001.2126,3.1082559,85.94322,0.3867713,0.0
2023-06-30 15:00:00,,289.75934,1001.2081,2.9854214,86.03056,0.8413219,0.0
2023-06-30 16:00:00,,289.69928,1000.7949,3.4245574,84.42074,1.3717711,0.0
2023-06-30 17:00:00,,289.66595,1000.04126,3.418245,84.648834,1.1285278,0.0
2023-06-30 18:00:00,,289.5016,999.81146,2.9031384,85.82632,0.9883773,0.0
2023-06-30 19:00:00,,288.81085,999.6467,3.472157,88.3121,1.1762083,0.0
2023-06-30 20:00:00,,288.5032,999.87445,3.5445325,89.619514,0.034958124,0.0
2023-06-30 21:00:00,,288.14218,999.9387,3.6712499,90.684906,0.9922832,0.0
2023-06-30 22:00:00,,288.13376,1000.4934,4.000977,90.83229,0.24382117,0.0
2023-06-30 23:00:00,,288.30145,1001.4289,4.301775,90.75395,0.17806701,0.0
2023-07-01 00:00:00,,289.10577,1002.0062,5.262785,87.729744,11.718789,0.0
2023-07-01 01:00:00,,290.09677,1002.27655,5.6680183,83.00522,0.0,0.0
2023-07-01 02:00:00,,291.0288,1001.90186,5.756476,77.841156,0.045781955,0.0
2023-07-01 03:00:00,,292.6988,1000.8547,5.8256073,72.00467,0.020988286,0.0
2023-07-01 04:00:00,,293.38055,999.7358,5.1378617,68.930176,0.12551993,0.0
2023-07-01 05:00:00,,293.70276,998.9719,4.611943,68.2302,0.16310066,0.0
2023-07-01 06:00:00,,293.48358,998.6217,4.229285,69.59946,0.012502074,0.0
2023-07-01 07:00:00,,292.76074,999.1392,3.8493109,73.710075,0.01782924,0.0
2023-07-01 08:00:00,,292.13968,999.70123,3.9719267,78.43123,0.071041286,0.0
2023-07-01 09:00:00,,291.63733,1000.07764,4.2677937,81.535324,0.046521425,0.0
2023-07-01 10:00:00,,291.35278,1000.885,4.586689,82.30358,0.024661422,0.0
2023-07-01 11:00:00,,291.05823,1001.38904,4.8290215,82.494804,0.017791986,0.0
2023-07-01 12:00:00,,290.7543,1001.98267,4.941306,82.95115,0.043809414,0.0
2023-07-01 13:00:00,,290.4869,1002.53796,5.0651813,83.222466,0.015377998,0.0
2023-07-01 14:00:00,,290.2316,1002.96704,5.359085,82.87717,0.012600445,0.0
2023-07-01 15:00:00,,289.86084,1002.8736,5.5687666,81.9613,0.007405877,0.0
2023-07-01 16:00:00,,289.44534,1002.6685,5.549842,81.56617,0.0035464764,0.0
2023-07-01 17:00:00,,289.02643,1002.46375,5.529506,82.226654,0.0017285347,0.0
2023-07-01 18:00:00,,288.6903,1002.0636,5.5550084,82.965,0.0033974648,0.0
2023-07-01 19:00:00,,288.46704,1001.9486,5.7211294,82.16531,0.0,0.0
2023-07-01 20:00:00,,288.3094,1001.7491,5.7607985,81.95914,0.0,0.0
2023-07-01 21:00:00,,287.9286,1001.8192,5.5835905,82.317444,0.0,0.0
2023-07-01 22:00:00,,287.5661,1002.2605,5.4565835,82.64611,0.0,0.0
2023-07-01 23:00:00,,287.69672,1002.8479,5.103226,82.20473,0.0,0.0
2023-07-02 00:00:00,,288.41992,1003.3646,6.345777,77.24635,0.6885767,0.0
2023-07-02 01:00:00,,289.40747,1003.3528,6.5161633,74.18772,0.0,0.0
2023-07-02 02:00:00,,290.5951,1003.1739,6.1248064,71.42849,0.0,0.0
2023-07-02 03:00:00,,291.92822,1002.0414,5.818478,68.70889,0.0,0.0
2023-07-02 04:00:00,,293.09723,1000.90784,5.654203,65.992195,0.0,0.0
2023-07-02 05:00:00,,293.90283,999.9556,5.5066395,63.263165,0.0,0.0
2023-07-02 06:00:00,,294.54352,999.5133,5.3899493,59.270676,0.0,0.0
2023-07-02 07:00:00,,294.68887,999.2397,5.657647,57.964973,0.0,0.0
2023-07-02 08:00:00,,294.27252,999.1953,5.4442306,59.38514,0.0,0.0
2023-07-02 09:00:00,,292.76172,999.5609,5.1134768,67.307076,0.0,0.0
2023-07-02 10:00:00,,291.39948,1000.3418,5.4647436,72.691605,0.0,0.0
2023-07-02 11:00:00,,290.7135,1001.0449,5.675331,75.03577,0.0,0.0
2023-07-02 12:00:00,,290.2749,1001.5653,5.76709,76.28476,0.0,0.0
2023-07-02 13:00:00,,289.82672,1002.093,5.6976976,77.25357,0.0,0.0
2023-07-02 14:00:00,,289.4373,1002.2205,5.3765945,77.9832,0.0,0.0
2023-07-02 15:00:00,,289.21002,1001.98755,4.9500804,78.46539,0.0,0.0
2023-07-02 16:00:00,,289.06512,1001.8147,4.69373,78.847885,0.0,0.0
2023-07-02 17:00:00,,288.66553,1001.53284,4.5270686,79.97305,0.0,0.0
2023-07-02 18:00:00,,288.61487,1001.0672,4.658426,79.86359,0.0,0.0
2023-07-02 19:00:00,,288.65057,1000.7466,3.8141136,82.28249,0.0,0.0
2023-07-02 20:00:00,,288.2461,1000.6228,4.053215,83.92291,0.0,0.0
2023-07-02 21:00:00,,287.6791,1000.8003,4.2704287,85.13621,0.0,0.0
2023-07-02 22:00:00,,287.11035,1001.03845,4.231904,85.9518,0.0,0.0
2023-07-02 23:00:00,,287.16327,1001.8664,3.9703808,85.46027,0.0,0.0
2023-07-03 00:00:00,12.37,288.31546,1002.54767,4.9974165,78.4668,0.0,0.0
2023-07-03 01:00:00,12.59,289.5099,1002.724,5.932949,72.07874,0.0,0.0
2023-07-03 02:00:00,12.2,290.8258,1002.2996,6.249258,66.43364,0.0,0.0
2023-07-03 03:00:00,12.15,292.0689,1001.1697,5.801145,62.587376,0.0,0.0
2023-07-03 04:00:00,12.21,292.97913,1000.04266,5.0452714,60.607193,0.0,0.0
2023-07-03 05:00:00,12.15,293.6582,998.6381,4.3178825,57.17051,0.0,0.0
2023-07-03 06:00:00,12.51,294.18164,997.73737,3.7895265,54.685856,0.0,0.0
2023-07-03 07:00:00,12.33,294.86078,996.90283,2.8106833,52.102547,0.0,0.0
2023-07-03 08:00:00,12.24,294.71808,996.89685,2.3307261,51.951088,0.0,0.0
2023-07-03 09:00:00,12.36,293.7058,997.06635,1.8656663,60.833733,0.0,0.0
2023-07-03 10:00:00,12.84,291.9707,997.2385,2.524309,69.152916,0.0,0.0
2023-07-03 11:00:00,13.23,290.474,997.77936,2.8205795,74.72789,0.0,0.0
2023-07-03 12:00:00,13.38,289.57904,998.2633,2.9559348,77.85205,0.0,0.0
2023-07-03 13:00:00,13.82,288.95825,998.27826,3.1781127,79.57523,0.0,0.0
2023-07-03 14:00:00,14.32,288.64062,998.5584,3.4370375,80.94135,0.0,0.0
2023-07-03 15:00:00,14.67,288.19586,998.52704,3.5465698,82.93088,0.0,0.0
2023-07-03 16:00:00,15.03,287.867,998.4917,3.3930001,84.552055,0.0,0.0
2023-07-03 17:00:00,15.53,287.61813,998.5513,3.1515985,85.97009,0.0,0.0
2023-07-03 18:00:00,15.54,287.3556,998.1925,3.0742538,87.11625,0.0,0.0
2023-07-03 19:00:00,15.98,287.33948,997.8606,2.9099748,87.1508,0.0,0.0
2023-07-03 20:00:00,15.82,287.53247,997.5681,2.8722568,87.12656,0.0,0.0
2023-07-03 21:00:00,15.33,287.57855,997.5197,2.883923,87.23246,0.0,0.0
2023-07-03 22:00:00,15.42,287.4056,997.83264,2.951298,87.697044,0.0,0.0
2023-07-03 23:00:00,15.42,287.50616,998.51,3.0452182,87.481964,0.0,0.0
2023-07-04 00:00:00,16.34,289.2516,999.1622,3.7883427,80.50472,0.0017136335,0.0
2023-07-04 01:00:00,16.88,290.95435,999.2456,4.1191854,74.43147,0.0,0.0
2023-07-04 02:00:00,17.63,292.40088,999.22845,3.62682,70.47619,0.0,0.0
2023-07-04 03:00:00,18.23,293.74976,998.3568,2.9948173,66.700905,0.0,0.0
2023-07-04 04:00:00,18.17,294.56116,997.32794,2.2232678,63.164574,0.0,0.0
2023-07-04 05:00:00,18.61,295.06073,996.4302,1.3511764,58.712452,0.0,0.0
2023-07-04 06:00:00,19.17,295.45587,995.7364,1.0020162,56.89815,0.0,0.0
2023-07-04 07:00:00,19.73,296.56378,995.3533,1.201546,50.458675,0.0,0.0
2023-07-04 08:00:00,20.58,296.3915,995.50446,1.0294963,51.053883,0.0,0.0
2023-07-04 09:00:00,21.04,295.70532,995.8786,0.67163813,57.573425,0.0,0.0
2023-07-04 10:00:00,21.17,294.0282,996.1979,0.9803319,73.08474,0.0,0.0
2023-07-04 11:00:00,21.45,292.80643,996.8739,1.3294367,76.10111,0.0,0.0
2023-07-04 12:00:00,20.82,292.00787,997.2849,1.3751124,77.40709,0.0,0.0
2023-07-04 13:00:00,20.64,291.54877,997.4486,1.1935176,75.955536,0.0,0.0
2023-07-04 14:00:00,20.77,291.87646,997.7034,0.8464128,70.97586,0.0,0.0
2023-07-04 15:00:00,20.9,291.26,997.53125,0.41259435,73.54209,0.0,0.0
2023-07-04 16:00:00,21.26,290.7111,997.12805,0.41011468,75.989136,0.0,0.0
2023-07-04 17:00:00,21.6,290.16748,996.93274,0.7636018,78.77069,0.0,0.0
2023-07-04 18:00:00,21.33,288.77496,996.67755,1.3460838,87.09195,0.0,0.0
2023-07-04 19:00:00,21.0,289.5155,996.355,1.2192073,85.039696,0.0,0.0
2023-07-04 20:00:00,20.53,289.43677,996.5736,1.0876626,85.750374,0.0,0.0
2023-07-04 21:00:00,19.95,289.63797,996.85297,0.8443302,84.91956,0.0,0.0
2023-07-04 22:00:00,20.34,289.50024,996.99866,0.6041116,85.53304,0.0,0.0
2023-07-04 23:00:00,20.37,289.5124,998.07404,0.3818472,86.031136,0.0,0.0
2023-07-05 00:00:00,20.29,291.1936,998.75116,0.15639044,80.93192,0.0,0.0
2023-07-05 01:00:00,20.18,293.23364,998.97015,0.4618526,71.83643,0.0,0.0
2023-07-05 02:00:00,20.27,295.05292,998.65375,0.64849,61.94618,0.0,0.0
2023-07-05 03:00:00,20.73,296.03485,997.8283,1.000415,57.918518,0.0,0.0
2023-07-05 04:00:00,20.34,296.74304,996.83295,1.8790593,57.417625,0.0,0.0
2023-07-05 05:00:00,20.5,297.19952,995.911,2.792352,56.92721,0.0,0.0
2023-07-05 06:00:00,20.91,297.51172,995.54456,3.5482059,56.24934,0.0,0.0
2023-07-05 07:00:00,21.4,298.0425,994.8111,2.7116625,52.393486,0.0,0.0
2023-07-05 08:00:00,21.9,297.70264,995.15314,2.5967596,54.952847,0.0,0.0
2023-07-05 09:00:00,22.28,296.38397,995.5767,2.367417,64.464096,0.0,0.0
2023-07-05 10:00:00,21.99,294.6706,996.08344,2.6143956,72.29256,0.0,0.0
2023-07-05 11:00:00,21.78,293.3743,996.77594,2.6313403,77.10521,0.0,0.0
2023-07-05 12:00:00,21.98,292.34613,997.2338,2.5300584,80.4415,0.0,0.0
2023-07-05 13:00:00,21.61,291.33356,997.5847,2.3167307,83.669754,0.0,0.0
2023-07-05 14:00:00,21.04,290.3883,997.63654,1.9941678,86.69248,0.0,0.0
2023-07-05 15:00:00,20.72,289.74957,997.8131,1.5648136,87.70789,0.0,0.0
2023-07-05 16:00:00,20.15,290.37805,997.7291,0.971704,82.02208,0.0,0.0
2023-07-05 17:00:00,19.58,290.32684,997.7508,0.27344656,81.45238,0.0,0.0
2023-07-05 18:00:00,19.43,289.89236,997.7033,0.63123655,83.37638,0.0,0.0
2023-07-05 19:00:00,19.78,289.347,997.7961,0.9504497,83.11663,0.0,0.0
2023-07-05 20:00:00,19.65,288.952,997.9963,1.0086882,85.19959,0.0,0.0
2023-07-05 21:00:00,19.67,288.00403,998.17505,1.2120409,89.23333,0.0,0.0
2023-07-05 22:00:00,20.14,288.5421,998.6738,0.8516785,87.97259,0.0,0.0
2023-07-05 23:00:00,20.54,288.4596,999.21454,0.34654206,88.92776,0.0,0.0
2023-07-06 00:00:00,19.87,290.52466,999.9989,0.47268173,83.61309,0.0,0.0
2023-07-06 01:00:00,20.18,292.8191,1000.51447,0.90372425,73.67155,0.0,0.0
2023-07-06 02:00:00,20.27,294.71255,1000.1916,1.4113967,65.056946,0.0,0.0
2023-07-06 03:00:00,20.53,296.25885,999.42065,2.0683248,57.963467,0.0,0.0
2023-07-06 04:00:00,20.13,297.29175,998.3498,2.4408705,51.92179,0.0,0.0
2023-07-06 05:00:00,19.84,297.8656,997.47174,2.2385123,48.693974,0.0,0.0
2023-07-06 06:00:00,20.19,298.15414,996.98065,1.844923,47.21464,0.0,0.0
2023-07-06 07:00:00,20.23,298.64737,997.3972,0.81150436,44.277855,0.0,0.0
2023-07-06 08:00:00,20.76,298.52798,997.58795,0.7011524,44.429146,0.0,0.0
2023-07-06 09:00:00,20.83,297.81665,997.9639,0.5968631,49.28408,0.0,0.0
2023-07-06 10:00:00,21.01,297.008,998.6178,0.6032973,49.92886,0.0,0.0
2023-07-06 11:00:00,20.84,296.42212,999.33875,0.6707637,51.500217,0.0,0.0
2023-07-06 12:00:00,19.89,295.84503,999.67365,0.7919205,53.33577,0.0,0.0
2023-07-06 13:00:00,19.14,293.45596,999.8725,1.3878075,67.13354,0.0,0.0
2023-07-06 14:00:00,19.14,291.68555,999.8375,2.5717049,76.18407,0.0,0.0
2023-07-06 15:00:00,19.32,290.79333,999.96765,3.2166848,78.67006,0.0,0.0
2023-07-06 16:00:00,19.01,289.97052,999.8632,3.504185,81.51811,0.0,0.0
2023-07-06 17:00:00,19.04,289.52124,999.74536,3.5045617,82.81065,0.0,0.0
2023-07-06 18:00:00,19.34,289.20416,999.60046,3.4266472,83.39049,0.0,0.0
2023-07-06 19:00:00,19.55,288.72217,999.33234,3.016424,84.34878,0.0,0.0
2023-07-06 20:00:00,19.07,288.42657,999.497,2.918483,84.64027,0.0,0.0
2023-07-06 21:00:00,18.95,288.09943,999.76385,3.0951698,84.60209,0.0,0.0
2023-07-06 22:00:00,18.99,287.8451,1000.33954,3.4073918,83.90047,0.0,0.0
2023-07-06 23:00:00,18.64,288.1723,1001.08484,3.5637236,81.97841,0.0,0.0
2023-07-07 00:00:00,19.2,290.22626,1002.06476,4.1838436,73.67389,0.0,0.0
2023-07-07 01:00:00,19.24,292.3274,1002.3017,4.6051044,66.158424,0.0,0.0
2023-07-07 02:00:00,19.06,294.2227,1002.11,4.6477704,61.22389,0.0,0.0
2023-07-07 03:00:00,19.1,295.84235,1001.13403,4.594092,57.16241,0.0,0.0
2023-07-07 04:00:00,18.6,296.9054,1000.2739,4.4883065,53.802418,0.0,0.0
2023-07-07 05:00:00,18.38,297.8164,999.20514,4.370777,50.978035,0.0,0.0
2023-07-07 06:00:00,18.95,298.24084,998.7503,4.273954,49.082737,0.0,0.0
2023-07-07 07:00:00,19.09,299.1208,998.2034,3.5533495,43.745655,0.0,0.0
2023-07-07 08:00:00,19.12,298.56363,998.565,3.2399676,49.83218,0.0,0.0
2023-07-07 09:00:00,18.86,296.58075,999.0463,3.5865026,58.63148,0.0,0.0
2023-07-07 10:00:00,18.66,294.6903,999.618,4.2597485,63.71263,0.0,0.0
2023-07-07 11:00:00,18.36,293.32193,1000.33844,4.883625,66.0374,0.0,0.0
2023-07-07 12:00:00,18.19,292.2825,1000.8903,5.1850524,67.40569,0.0,0.0
2023-07-07 13:00:00,18.93,291.50812,1001.4075,5.0256653,68.735435,0.0,0.0
2023-07-07 14:00:00,19.6,290.88,1001.60944,4.718903,70.19662,0.0,0.0
2023-07-07 15:00:00,19.78,290.33325,1001.78906,4.4494042,71.48864,0.0,0.0
2023-07-07 16:00:00,19.9,289.924,1001.6982,4.2786274,72.357475,0.0,0.0
2023-07-07 17:00:00,20.42,289.6291,1001.4539,4.0648003,73.11836,0.0,0.0
2023-07-07 18:00:00,20.7,289.15106,1001.20264,3.8422253,74.539444,0.0,0.0
2023-07-07 19:00:00,20.72,289.15234,1000.91,3.664967,73.35858,0.0,0.0
2023-07-07 20:00:00,20.06,288.80484,1000.6727,3.5279248,74.17176,0.0,0.0
2023-07-07 21:00:00,20.12,288.58865,1000.9561,3.5476985,74.350716,0.0,0.0
2023-07-07 22:00:00,20.71,288.23343,1001.5455,3.6278193,74.74776,0.0,0.0
2023-07-07 23:00:00,20.79,288.50763,1002.3219,3.748524,73.998276,0.0,0.0
2023-07-08 00:00:00,20.39,290.32782,1002.84,4.4033675,67.132484,0.0,0.0
2023-07-08 01:00:00,20.52,292.26782,1003.2198,5.3087797,60.3968,0.0,0.0
2023-07-08 02:00:00,20.26,294.2028,1002.65967,5.5510244,56.454353,0.0,0.0
2023-07-08 03:00:00,20.53,296.0067,1001.952,5.603301,53.191494,0.0,0.0
2023-07-08 04:00:00,20.59,297.49994,1000.95154,5.5223317,50.68285,0.0,0.0
2023-07-08 05:00:00,21.3,298.51898,999.9556,5.372129,49.03086,0.0,0.0
2023-07-08 06:00:00,21.96,299.11746,999.2592,5.1866765,48.043762,0.0,0.0
2023-07-08 07:00:00,22.36,299.61646,999.0784,4.254565,44.340343,0.0,0.0
2023-07-08 08:00:00,22.57,298.95496,999.2394,3.5803645,50.847553,0.0,0.0
2023-07-08 09:00:00,22.77,296.97385,999.74524,3.786613,59.66496,0.0,0.0
2023-07-08 10:00:00,23.29,294.8812,1000.29517,4.2909303,65.99515,0.0,0.0
2023-07-08 11:00:00,23.25,293.67877,1000.77936,4.6421556,69.06105,0.0,0.0
2023-07-08 12:00:00,22.99,292.89276,1001.303,4.8763657,71.03767,0.0,0.0
2023-07-08 13:00:00,23.29,292.3201,1001.47595,4.998944,72.36731,0.0,0.0
2023-07-08 14:00:00,23.37,291.89764,1001.8365,5.0889635,73.1336,0.0,0.0
2023-07-08 15:00:00,23.32,291.555,1001.72375,5.152799,73.61065,0.0,0.0
2023-07-08 16:00:00,23.42,291.1546,1001.82886,5.10464,74.65406,0.0,0.0
2023-07-08 17:00:00,23.52,290.74054,1001.5133,4.9124703,76.07212,0.0,0.0
2023-07-08 18:00:00,23.35,290.37564,1001.343,4.697677,76.963905,0.0,0.0
2023-07-08 19:00:00,23.17,290.036,1000.8298,4.3783083,77.08675,0.0,0.0
2023-07-08 20:00:00,23.04,289.64978,1000.9025,4.483714,76.80033,0.0,0.0
2023-07-08 21:00:00,23.36,289.27948,1000.9414,4.5040383,76.184044,0.0,0.0
2023-07-08 22:00:00,23.99,288.84204,1001.5134,4.4370074,75.86468,0.0,0.0
2023-07-08 23:00:00,23.82,288.9478,1002.01685,4.3107524,74.66195,0.0,0.0
2023-07-09 00:00:00,22.84,290.54114,1002.47876,4.892733,67.17214,0.0,0.0
2023-07-09 01:00:00,22.25,292.23038,1002.49744,5.7058434,59.03634,0.0,0.0
2023-07-09 02:00:00,21.53,293.90088,1001.89087,5.56719,53.771774,0.0,0.0
2023-07-09 03:00:00,21.49,295.39493,1000.9302,5.40114,49.33268,0.0,0.0
2023-07-09 04:00:00,20.71,296.55222,999.9872,5.260638,45.928017,0.0,0.0
2023-07-09 05:00:00,20.43,297.2815,998.9826,5.0588117,43.7013,0.0,0.0
2023-07-09 06:00:00,20.55,297.57245,998.2893,4.900415,42.464645,0.0,0.0
2023-07-09 07:00:00,19.83,298.10748,997.6412,5.25758,38.31436,0.0,0.0
2023-07-09 08:00:00,18.86,297.2769,997.8526,4.558294,43.781765,0.0,0.0
2023-07-09 09:00:00,18.4,295.2425,998.36774,4.4487443,50.87263,0.0,0.0
2023-07-09 10:00:00,17.7,293.04858,998.9803,4.7013173,55.651196,0.0,0.0
2023-07-09 11:00:00,16.65,291.60165,999.7157,5.1086965,56.33282,0.0,0.0
2023-07-09 12:00:00,15.25,290.42334,1000.258,5.2638555,56.45883,0.0,0.0
2023-07-09 13:00:00,14.32,289.4253,1000.4434,5.200805,57.8349,0.0,0.0
2023-07-09 14:00:00,13.14,288.59015,1000.58514,4.9550934,60.13338,0.0,0.0
2023-07-09 15:00:00,12.22,287.84122,1000.8497,4.6458106,62.78112,0.0,0.0
2023-07-09 16:00:00,11.51,287.14166,1000.7575,4.3128066,65.33466,0.0,0.0
2023-07-09 17:00:00,11.49,286.50302,1000.5479,4.0279164,67.63956,0.0,0.0
2023-07-09 18:00:00,11.34,285.9234,1000.32,3.7948742,69.678055,0.0,0.0
2023-07-09 19:00:00,11.06,285.39557,999.7596,3.5262086,70.79497,0.0,0.0
2023-07-09 20:00:00,10.76,284.89548,999.81915,3.4422395,72.62085,0.0,0.0
2023-07-09 21:00:00,10.42,284.48322,999.9787,3.385485,74.12834,0.0,0.0
2023-07-09 22:00:00,10.53,284.1529,1000.4914,3.3355343,75.34445,0.0,0.0
2023-07-09 23:00:00,10.35,284.56354,1001.0739,3.152946,75.25364,0.0,0.0
2023-07-10 00:00:00,10.9,287.04712,1001.7266,3.6387725,65.87876,0.0,0.0
2023-07-10 01:00:00,11.36,289.29535,1001.9261,4.3459496,57.69971,0.0,0.0
2023-07-10 02:00:00,11.39,291.4065,1001.34076,4.3246,52.714764,0.0,0.0
2023-07-10 03:00:00,11.29,293.36633,1000.425,4.0286345,48.652943,0.0,0.0
2023-07-10 04:00:00,10.78,295.0582,999.3041,3.8225505,45.218216,0.0,0.0
2023-07-10 05:00:00,10.92,296.42914,998.1867,3.731056,42.275734,0.0,0.0
2023-07-10 06:00:00,11.79,297.44785,997.3459,3.683519,39.98787,0.0,0.0
2023-07-10 07:00:00,12.65,298.95853,996.71326,3.5327435,33.356647,0.0,0.0
2023-07-10 08:00:00,12.92,298.61496,996.8583,2.8031507,39.191265,0.0,0.0
2023-07-10 09:00:00,13.25,296.56403,997.188,3.296696,48.790863,0.0,0.0
2023-07-10 10:00:00,13.78,293.9638,997.7361,4.013241,55.79588,0.0,0.0
2023-07-10 11:00:00,14.3,292.69547,998.5577,4.4131417,58.560913,0.0,0.0
2023-07-10 12:00:00,15.02,291.90427,999.0458,4.68425,60.38084,0.0,0.0
2023-07-10 13:00:00,15.79,291.30145,999.4811,4.72825,62.543644,0.0,0.0
2023-07-10 14:00:00,16.33,290.6879,999.60126,4.6341686,65.31361,0.0,0.0
2023-07-10 15:00:00,17.02,290.12427,999.6838,4.580483,68.0126,0.0,0.0
2023-07-10 16:00:00,17.37,289.68634,999.66486,4.6381025,70.0596,0.0,0.0
2023-07-10 17:00:00,18.29,289.3177,999.64435,4.6041503,71.45812,0.0,0.0
2023-07-10 18:00:00,19.32,288.89984,999.41974,4.430128,72.52931,0.0,0.0
2023-07-10 19:00:00,19.56,288.23758,999.1372,3.6872869,74.250885,0.0,0.0
2023-07-10 20:00:00,19.89,287.73987,999.2678,3.6346006,75.29692,0.0,0.0
2023-07-10 21:00:00,20.27,287.28766,999.8161,3.592181,76.05321,0.0,0.0
2023-07-10 22:00:00,21.2,286.87277,1000.517,3.6490288,76.621506,0.0,0.0
2023-07-10 23:00:00,21.1,287.1866,1001.3337,3.57665,75.6204,0.0,0.0
2023-07-11 00:00:00,22.04,289.48914,1002.20624,4.0207086,66.61982,0.0012876897,0.0
2023-07-11 01:00:00,22.18,291.77365,1002.3778,4.6225767,57.164406,0.0,0.0
2023-07-11 02:00:00,21.56,293.92154,1001.9242,4.4928784,50.848812,0.0,0.0
2023-07-11 03:00:00,21.5,295.90448,1000.9136,4.137413,45.8871,0.0,0.0
2023-07-11 04:00:00,21.47,297.58792,999.7531,3.7399967,42.04319,0.0,0.0
2023-07-11 05:00:00,21.91,298.87128,998.8083,3.434764,39.271465,0.0,0.0
2023-07-11 06:00:00,22.09,299.67627,998.13586,3.2860498,37.4642,0.0,0.0
2023-07-11 07:00:00,22.13,300.83203,997.4453,2.9667609,33.504547,0.0,0.0
2023-07-11 08:00:00,22.05,300.1621,997.7584,2.8110788,40.391598,0.0,0.0
2023-07-11 09:00:00,21.9,298.047,998.4571,3.4128978,49.232327,0.0,0.0
2023-07-11 10:00:00,21.37,295.56403,999.4289,4.120081,55.46041,0.0,0.0
2023-07-11 11:00:00,20.51,294.26758,1000.2128,4.66254,56.929695,0.0,0.0
2023-07-11 12:00:00,19.99,293.42117,1000.6061,4.894337,57.47763,0.0,0.0
2023-07-11 13:00:00,19.8,292.71024,1000.7562,4.917057,58.755417,0.0,0.0
2023-07-11 14:00:00,19.8,292.0461,1001.1478,4.846035,60.79116,0.0,0.0
2023-07-11 15:00:00,19.71,291.43262,1001.1301,4.680302,63.1041,0.0,0.0
2023-07-11 16:00:00,19.59,290.90613,1001.0325,4.51267,65.2765,0.0,0.0
2023-07-11 17:00:00,19.67,290.41983,1001.0167,4.3768616,67.186775,0.0,0.0
2023-07-11 18:00:00,19.71,289.9356,1000.7207,4.386704,68.66724,0.0,0.0
2023-07-11 19:00:00,19.73,289.52216,1000.4408,3.9474685,69.71186,0.0,0.0
2023-07-11 20:00:00,19.33,289.18936,1000.5837,4.0103273,70.30865,0.0,0.0
2023-07-11 21:00:00,19.46,288.82474,1000.83295,4.036209,70.78907,0.0,0.0
2023-07-11 22:00:00,19.6,288.41028,1001.3013,4.088771,71.314835,0.0,0.0
2023-07-11 23:00:00,19.0,288.6537,1001.8187,4.081148,70.46931,0.0,0.0
2023-07-12 00:00:00,18.34,290.8818,1002.3733,4.354958,62.858086,0.0017057754,0.0
2023-07-12 01:00:00,18.28,293.34534,1002.58673,5.2655454,52.8683,0.0,0.0
2023-07-12 02:00:00,18.44,295.64798,1002.2851,5.2465878,46.021732,0.0,0.0
2023-07-12 03:00:00,18.94,297.6059,1001.1711,5.1017256,40.731327,0.0,0.0
2023-07-12 04:00:00,18.53,299.17493,1000.1716,5.0354786,36.681015,0.0,0.0
2023-07-12 05:00:00,18.34,300.26147,998.76917,4.9062815,33.837032,0.0,0.0
2023-07-12 06:00:00,18.73,300.96753,998.10046,4.79815,31.925583,0.0,0.0
2023-07-12 07:00:00,18.6,301.83118,997.67267,4.151252,29.003202,0.0,0.0
2023-07-12 08:00:00,18.32,300.94543,997.5539,3.469691,36.117493,0.0,0.0
2023-07-12 09:00:00,17.86,298.4944,998.08154,3.9114766,44.229332,0.0,0.0
2023-07-12 10:00:00,17.57,295.91757,998.56006,4.411973,49.776474,0.0,0.0
2023-07-12 11:00:00,17.48,294.51355,999.0691,4.7272906,51.59555,0.0,0.0
2023-07-12 12:00:00,17.25,293.55087,999.44763,4.8596735,52.629448,0.0,0.0
2023-07-12 13:00:00,17.29,292.7367,999.55475,4.8306985,54.11481,0.0,0.0
2023-07-12 14:00:00,17.47,292.01196,999.78076,4.7344637,55.984642,0.0,0.0
2023-07-12 15:00:00,17.47,291.3789,999.872,4.536004,58.246346,0.0,0.0
2023-07-12 16:00:00,17.75,290.76758,1000.02344,4.2606273,61.02165,0.0,0.0
2023-07-12 17:00:00,18.29,290.1611,1000.04205,4.048344,63.7409,0.0,0.0
2023-07-12 18:00:00,18.83,289.6107,1000.0386,3.976459,65.734825,0.0,0.0
2023-07-12 19:00:00,18.78,289.13123,999.48834,3.7482703,67.885445,0.0,0.0
2023-07-12 20:00:00,18.53,288.60852,999.73883,3.7480707,69.03236,0.0,0.0
2023-07-12 21:00:00,18.44,288.13452,1000.0822,3.6729193,69.97955,0.0,0.0
2023-07-12 22:00:00,18.17,287.7149,1000.6312,3.6624177,70.63689,0.0,0.0
2023-07-12 23:00:00,17.83,288.0462,1001.35486,3.5613377,69.74663,0.0,0.0
2023-07-13 00:00:00,18.28,290.6562,1001.78906,3.8747444,60.470642,0.00214617,0.0
2023-07-13 01:00:00,18.05,293.25018,1001.85693,4.8451347,49.89502,0.0,0.0
2023-07-13 02:00:00,18.01,295.5516,1000.877,5.004682,43.4305,0.0,0.0
2023-07-13 03:00:00,18.21,297.70795,1000.0547,4.7469897,38.365177,0.0,0.0
2023-07-13 04:00:00,18.33,299.44055,998.78815,4.2869806,34.57222,0.0,0.0
2023-07-13 05:00:00,18.77,300.66956,997.84796,3.8714283,32.024487,0.0,0.0
2023-07-13 06:00:00,18.88,301.41827,997.10425,3.6683483,30.36642,0.0,0.0
2023-07-13 07:00:00,19.11,301.98322,996.85736,2.8907223,29.183897,0.0,0.0
2023-07-13 08:00:00,19.35,301.38263,996.8502,2.4382682,34.922363,0.0,0.0
2023-07-13 09:00:00,18.81,299.33112,997.366,3.0761442,43.99775,0.0,0.0
2023-07-13 10:00:00,18.23,296.49194,997.9295,3.6999714,51.54457,0.0,0.0
2023-07-13 11:00:00,18.17,294.83844,998.4243,4.0033894,54.272263,0.0,0.0
2023-07-13 12:00:00,18.18,293.7643,998.9525,4.141605,55.01957,0.0,0.0
2023-07-13 13:00:00,18.02,292.92676,999.02686,4.1768804,55.779778,0.0,0.0
2023-07-13 14:00:00,17.53,292.2364,999.27234,4.154284,56.97619,0.0,0.0
2023-07-13 15:00:00,16.87,291.60602,999.2347,4.1128435,58.63034,0.0,0.0
2023-07-13 16:00:00,16.51,291.0553,999.17194,4.0730906,60.57864,0.0,0.0
2023-07-13 17:00:00,16.74,290.59692,999.0623,3.9860177,62.420547,0.0,0.0
2023-07-13 18:00:00,17.33,290.16418,998.8953,3.8495035,64.36051,0.0,0.0
2023-07-13 19:00:00,17.38,289.54767,998.6799,3.5134737,67.654976,0.0,0.0
2023-07-13 20:00:00,17.12,288.9879,998.9832,3.2724402,70.55366,0.0,0.0
2023-07-13 21:00:00,17.07,288.47778,999.09406,3.215471,72.865616,0.0,0.0
2023-07-13 22:00:00,17.48,288.04935,999.6161,3.233169,74.57365,0.0,0.0
2023-07-13 23:00:00,17.31,288.33966,1000.28467,3.0801556,74.9322,0.0,0.0
2023-07-14 00:00:00,17.82,291.29694,1000.7447,3.2138672,65.201965,0.0017277605,0.0
2023-07-14 01:00:00,18.03,294.21307,1000.78186,3.7569363,54.70453,0.0,0.0
2023-07-14 02:00:00,18.11,296.60568,1000.1629,3.8030264,47.784378,0.0,0.0
2023-07-14 03:00:00,18.39,298.61642,999.197,3.3147972,42.062653,0.0,0.0
2023-07-14 04:00:00,18.31,300.14655,998.2308,2.4972005,36.73455,0.0,0.0
2023-07-14 05:00:00,18.42,301.11975,997.45764,1.5108086,32.75332,0.0,0.0
2023-07-14 06:00:00,18.51,301.65906,996.8063,0.6376445,30.367378,0.0,0.0
2023-07-14 07:00:00,18.54,302.4038,996.1884,0.60426426,28.551144,0.0,0.0
2023-07-14 08:00:00,19.0,301.99915,996.1049,1.4974145,32.06204,0.0,0.0
2023-07-14 09:00:00,19.09,300.11426,996.3454,2.4968476,42.71273,0.0,0.0
2023-07-14 10:00:00,19.55,297.61963,996.8912,3.0177667,51.172874,0.0,0.0
2023-07-14 11:00:00,19.77,295.7484,997.4905,3.0514705,57.26913,0.0,0.0
2023-07-14 12:00:00,20.35,294.27155,997.7449,3.1542091,61.33801,0.0,0.0
2023-07-14 13:00:00,20.59,293.0838,998.09357,3.2017949,64.11918,0.0,0.0
2023-07-14 14:00:00,20.75,292.09308,998.1278,3.084536,66.3576,0.0,0.0
2023-07-14 15:00:00,20.84,291.13068,998.2954,2.8256154,69.58103,0.0,0.0
2023-07-14 16:00:00,20.85,290.3157,998.16205,2.728051,71.75623,0.0,0.0
2023-07-14 17:00:00,21.22,289.70752,998.02826,2.835943,72.302536,0.0,0.0
2023-07-14 18:00:00,21.54,289.19315,997.60565,3.0004323,72.09995,0.0,0.0
2023-07-14 19:00:00,21.53,288.41498,997.7936,2.7709708,75.18343,0.0,0.0
2023-07-14 20:00:00,21.03,287.8587,997.589,2.7598913,76.01183,0.0,0.0
2023-07-14 21:00:00,20.59,287.45538,997.6958,2.7760189,76.48552,0.0,0.0
2023-07-14 22:00:00,20.04,287.19708,997.9548,2.9764743,76.374886,0.0,0.0
2023-07-14 23:00:00,19.4,287.69336,998.5528,2.954072,75.20155,0.0,0.0
2023-07-15 00:00:00,18.46,290.8189,998.957,3.0005739,65.02973,0.0,0.0
2023-07-15 01:00:00,18.69,294.39307,999.17444,3.0904875,54.765926,0.0,0.0
2023-07-15 02:00:00,18.85,297.41214,998.6994,3.1501484,47.511734,0.0,0.0
2023-07-15 03:00:00,18.73,299.65585,997.7636,3.2812676,41.7095,0.0,0.0
2023-07-15 04:00:00,18.35,301.13013,996.52045,3.4731722,35.533413,0.0,0.0
2023-07-15 05:00:00,18.73,301.98563,995.5416,3.679928,31.429642,0.0,0.0
2023-07-15 06:00:00,19.23,302.3924,994.7883,3.748432,29.716406,0.0,0.0
2023-07-15 07:00:00,19.53,302.9333,994.052,3.400047,28.567225,0.0,0.0
2023-07-15 08:00:00,19.43,302.34845,994.35626,3.0290816,32.784863,0.0,0.0
2023-07-15 09:00:00,19.82,300.2566,994.91315,3.3028104,41.3864,0.0,0.0
2023-07-15 10:00:00,20.53,297.62997,995.3628,3.8220947,49.26749,0.0,0.0
2023-07-15 11:00:00,20.78,296.06543,996.04456,3.9082735,53.116024,0.0,0.0
2023-07-15 12:00:00,21.4,295.0293,996.7034,3.8889258,55.26938,0.0,0.0
2023-07-15 13:00:00,21.76,294.17996,997.0006,3.8345218,57.276375,0.0,0.0
2023-07-15 14:00:00,22.05,293.46716,997.1735,3.8455477,58.970093,0.0,0.0
2023-07-15 15:00:00,22.26,292.84247,997.28064,3.8104675,60.621536,0.0,0.0
2023-07-15 16:00:00,22.33,292.21106,997.1689,3.6085308,63.02079,0.0,0.0
2023-07-15 17:00:00,22.38,291.57416,997.0226,3.3600829,65.97323,0.0,0.0
2023-07-15 18:00:00,22.26,290.9822,996.75775,3.3337548,68.53407,0.0,0.0
2023-07-15 19:00:00,22.23,290.43158,996.7346,3.4147494,69.24375,0.0,0.0
2023-07-15 20:00:00,22.23,289.94385,997.0811,3.3388114,71.06101,0.0,0.0
2023-07-15 21:00:00,22.62,289.52084,997.29224,3.2688694,72.78007,0.0,0.0
2023-07-15 22:00:00,22.89,289.1961,997.8753,3.1928267,74.24143,0.0,0.0
2023-07-15 23:00:00,22.87,289.59265,998.77435,2.9134147,74.24966,0.0,0.0
2023-07-16 00:00:00,22.58,292.61514,999.50037,2.8111362,63.660793,0.0,0.0
2023-07-16 01:00:00,22.52,295.6192,999.85046,3.1311927,52.5124,0.0,0.0
2023-07-16 02:00:00,22.69,298.1517,999.41,3.3883648,45.853115,0.0,0.0
2023-07-16 03:00:00,22.64,300.324,998.4949,3.4177184,41.08626,0.0,0.0
2023-07-16 04:00:00,22.51,301.91354,997.1978,2.9460263,37.567913,0.0,0.0
2023-07-16 05:00:00,22.83,302.85522,996.34094,2.1093342,34.912457,0.0,0.0
2023-07-16 06:00:00,23.25,303.29303,995.6072,1.3054951,33.0996,0.0,0.0
2023-07-16 07:00:00,23.58,303.8154,995.5781,0.83475167,29.897,0.0,0.0
2023-07-16 08:00:00,24.05,303.6673,995.8081,0.65231866,30.099354,0.0,0.0
2023-07-16 09:00:00,24.7,302.13052,996.2486,2.1732645,38.90189,0.0,0.0
2023-07-16 10:00:00,24.74,299.65814,996.9914,3.1306598,47.879887,0.0,0.0
2023-07-16 11:00:00,24.82,297.653,997.4603,3.3696902,54.513138,0.0,0.0
2023-07-16 12:00:00,25.49,296.31775,998.29456,3.4452908,58.292103,0.0,0.0
2023-07-16 13:00:00,25.72,295.37296,998.5993,3.453552,60.904568,0.0,0.0
2023-07-16 14:00:00,25.64,294.80957,998.887,3.4770103,61.45986,0.0,0.0
2023-07-16 15:00:00,24.99,294.54596,998.9257,3.8112574,59.30201,0.0,0.0
2023-07-16 16:00:00,25.17,294.40152,998.8633,4.174396,56.74073,0.0,0.0
2023-07-16 17:00:00,25.2,294.25623,998.6404,4.297128,55.97673,0.0,0.0
2023-07-16 18:00:00,25.03,293.87463,998.4225,4.299811,56.948425,0.0,0.0
2023-07-16 19:00:00,24.48,293.72882,998.4783,4.031345,57.80384,0.0,0.0
2023-07-16 20:00:00,23.86,293.4842,998.28516,4.022227,58.996582,0.0,0.0
2023-07-16 21:00:00,23.92,293.1033,998.6145,3.9399233,60.72782,0.0,0.0
2023-07-16 22:00:00,24.06,292.734,999.1433,3.9137738,62.26567,0.0,0.0
2023-07-16 23:00:00,23.39,293.04993,1000.0261,3.894027,61.7632,0.0,0.0
2023-07-17 00:00:00,22.28,295.5032,1000.8661,3.97746,53.897892,0.0,0.0
2023-07-17 01:00:00,21.65,297.6906,1000.9897,5.029558,44.295578,0.0,0.0
2023-07-17 02:00:00,20.79,299.7107,1000.83295,5.301872,38.412415,0.0,0.0
2023-07-17 03:00:00,20.84,301.50098,999.9073,5.2766676,33.78404,0.0,0.0
2023-07-17 04:00:00,20.67,302.70145,998.79486,4.92316,30.56658,0.0,0.0
2023-07-17 05:00:00,20.67,303.3507,997.76697,4.430748,28.767582,0.0,0.0
2023-07-17 06:00:00,19.94,303.6782,996.9405,4.0158525,27.664188,0.0,0.0
2023-07-17 07:00:00,19.62,303.80206,996.52673,3.290216,27.064217,0.0,0.0
2023-07-17 08:00:00,19.27,303.3382,996.65607,3.2347152,28.574293,0.0,0.0
2023-07-17 09:00:00,19.66,301.3469,997.08734,3.3669329,35.659946,0.0,0.0
2023-07-17 10:00:00,19.19,299.11798,997.9249,3.9828808,41.10593,0.0,0.0
2023-07-17 11:00:00,18.12,297.82257,998.6959,4.5070586,42.400856,0.0,0.0
2023-07-17 12:00:00,17.7,296.94714,999.4213,4.860015,42.269684,0.0,0.0
2023-07-17 13:00:00,17.05,296.2495,999.8036,5.171237,41.813847,0.0,0.0
2023-07-17 14:00:00,16.65,295.57153,1000.0598,5.5119457,41.54144,0.0,0.0
2023-07-17 15:00:00,15.84,294.95023,1000.2764,5.6856914,41.669857,0.0,0.0
2023-07-17 16:00:00,15.34,294.09454,1000.2717,5.6148195,42.861572,0.0,0.0
2023-07-17 17:00:00,14.67,293.2847,1000.33014,5.4577074,44.352535,0.0,0.0
2023-07-17 18:00:00,13.75,292.46005,1000.12305,5.293241,45.969986,0.0,0.0
2023-07-17 19:00:00,12.71,291.65222,1000.3367,5.007906,47.954407,0.0,0.0
2023-07-17 20:00:00,11.97,290.78772,1000.0372,4.7668276,50.156147,0.0,0.0
2023-07-17 21:00:00,11.82,290.14926,1000.5655,4.61461,52.018093,0.0,0.0
2023-07-17 22:00:00,11.91,289.5594,1000.9614,4.471559,53.784786,0.0,0.0
2023-07-17 23:00:00,11.66,289.84845,1001.7391,4.3092046,53.606613,0.0,0.0
2023-07-18 00:00:00,11.25,292.5078,1002.26556,4.4134126,46.599613,0.0,0.0
2023-07-18 01:00:00,11.42,295.57233,1002.4927,5.2830887,38.212864,0.0,0.0
2023-07-18 02:00:00,11.48,298.16937,1002.1675,5.8775783,32.409412,0.0,0.0
2023-07-18 03:00:00,11.77,299.9522,1000.9152,6.89709,27.07616,0.0,0.0
2023-07-18 04:00:00,11.74,300.8809,999.5603,6.706352,24.219105,0.0,0.0
2023-07-18 05:00:00,12.1,301.51215,998.4021,6.167986,22.669415,0.0,0.0
2023-07-18 06:00:00,12.18,301.88757,997.52466,5.641729,21.744589,0.0,0.0
2023-07-18 07:00:00,11.79,302.1467,997.03595,5.580064,21.621939,0.0,0.0
2023-07-18 08:00:00,11.62,301.78973,997.0161,4.8420143,22.971638,0.0,0.0
2023-07-18 09:00:00,12.18,300.0027,997.3733,3.5383978,29.226532,0.0,0.0
2023-07-18 10:00:00,12.5,297.69666,997.81757,3.747607,36.07388,0.0,0.0
2023-07-18 11:00:00,12.75,296.16858,998.5666,4.135826,40.234055,0.0,0.0
2023-07-18 12:00:00,13.46,295.1873,999.1282,4.6010027,42.17795,0.0,0.0
2023-07-18 13:00:00,13.75,294.56525,999.332,5.0005975,42.92998,0.0,0.0
2023-07-18 14:00:00,14.09,294.0744,999.5589,5.211888,43.509663,0.0,0.0
2023-07-18 15:00:00,14.15,293.6057,999.3929,5.1852713,44.280197,0.0,0.0
2023-07-18 16:00:00,14.56,293.14307,999.2664,4.9732575,45.400803,0.0,0.0
2023-07-18 17:00:00,14.86,292.57336,999.23737,4.774806,47.100357,0.0,0.0
2023-07-18 18:00:00,15.24,291.95056,998.8619,4.719159,49.04604,0.0,0.0
2023-07-18 19:00:00,15.03,290.7525,999.0056,4.151875,54.481953,0.0,0.0
2023-07-18 20:00:00,14.87,290.294,998.9855,4.111987,56.272156,0.0,0.0
2023-07-18 21:00:00,15.16,289.76624,999.2843,4.1269455,58.121277,0.0,0.0
2023-07-18 22:00:00,14.93,289.4734,999.7045,4.1981964,59.02603,0.0,0.0
2023-07-18 23:00:00,14.66,290.0072,1000.43823,4.1583624,57.529015,0.0,0.0
2023-07-19 00:00:00,15.36,292.55722,1000.9603,4.4552517,49.387478,0.0012841464,0.0
2023-07-19 01:00:00,15.75,295.68134,1000.88403,5.599297,39.533264,0.0,0.0
2023-07-19 02:00:00,15.73,298.2243,1000.2469,6.101964,33.090935,0.0,0.0
2023-07-19 03:00:00,15.71,300.09796,998.9398,5.872414,28.83187,0.0,0.0
2023-07-19 04:00:00,15.84,301.01166,997.6811,4.235905,27.540052,0.0,0.0
2023-07-19 05:00:00,16.2,301.38867,996.66876,2.5035403,27.226704,0.0,0.0
2023-07-19 06:00:00,16.42,301.54736,995.86774,1.2910193,26.77562,0.0,0.0
2023-07-19 07:00:00,16.26,301.67682,995.79584,0.18091628,25.55248,0.0,0.0
2023-07-19 08:00:00,16.68,301.6292,995.8449,1.1914004,25.49447,0.0,0.0
2023-07-19 09:00:00,17.07,300.34113,995.9341,2.988177,31.857437,0.0,0.0
2023-07-19 10:00:00,17.31,298.3139,996.062,4.0891404,36.98022,0.0,0.0
2023-07-19 11:00:00,17.58,296.9203,996.34906,4.5222807,39.489956,0.0,0.0
2023-07-19 12:00:00,18.06,295.92426,996.97595,4.462229,41.495045,0.0,0.0
2023-07-19 13:00:00,17.94,294.95,997.03937,4.1802874,43.909966,0.0,0.0
2023-07-19 14:00:00,17.84,294.0373,997.4934,3.814038,46.57435,0.0,0.0
2023-07-19 15:00:00,17.68,293.3687,997.5183,3.4455214,49.03263,0.0,0.0
2023-07-19 16:00:00,17.77,292.549,997.4422,3.1752403,52.264458,0.0,0.0
2023-07-19 17:00:00,17.59,291.98413,997.2484,3.0455074,54.92789,0.0,0.0
2023-07-19 18:00:00,16.99,291.49658,997.0695,3.1624224,56.58509,0.0,0.0
2023-07-19 19:00:00,16.43,291.04437,996.9447,2.6625266,60.295033,0.0,0.0
2023-07-19 20:00:00,15.95,290.99332,996.86487,2.5996099,60.764515,0.0,0.0
2023-07-19 21:00:00,15.91,290.7497,997.24536,2.7467368,60.97893,0.0,0.0
2023-07-19 22:00:00,15.34,290.5022,997.8317,2.8742278,61.02684,0.0,0.0
2023-07-19 23:00:00,14.92,290.94763,998.655,2.8030257,59.22513,0.0,0.0
2023-07-20 00:00:00,16.0,292.94733,999.4955,3.2277896,50.862164,0.0025636868,0.0
2023-07-20 01:00:00,16.58,295.10443,999.9381,3.8945189,43.409546,0.0,0.0
2023-07-20 02:00:00,17.08,297.4505,999.7986,4.2139997,36.912495,0.0,0.0
2023-07-20 03:00:00,16.79,299.1285,998.786,4.153639,32.161446,0.0,0.0
2023-07-20 04:00:00,16.06,300.5425,997.6611,3.638627,28.43524,0.0,0.0
2023-07-20 05:00:00,15.82,301.06827,996.8272,2.4994316,26.124313,0.0,0.0
2023-07-20 06:00:00,15.62,301.23315,996.38135,2.105299,25.09063,0.0,0.0
2023-07-20 07:00:00,15.62,301.91235,995.85205,2.4300468,24.47762,0.0,0.0
2023-07-20 08:00:00,15.23,301.7143,996.264,2.8270926,24.505024,0.0,0.0
2023-07-20 09:00:00,14.98,300.3552,996.5795,3.158864,29.467445,0.0,0.0
2023-07-20 10:00:00,14.44,298.4048,997.15845,4.0246,34.41366,0.0,0.0
2023-07-20 11:00:00,14.34,297.07727,997.9486,4.537811,36.700516,0.0,0.0
2023-07-20 12:00:00,14.53,296.0714,998.73206,4.822671,37.87168,0.0,0.0
2023-07-20 13:00:00,13.97,295.13727,999.1867,5.212658,38.44,0.0,0.0
2023-07-20 14:00:00,13.89,294.35913,999.55804,5.6978474,37.852867,0.0,0.0
2023-07-20 15:00:00,13.59,293.75653,999.8716,5.90357,37.21138,0.0,0.0
2023-07-20 16:00:00,13.03,293.1241,999.6831,5.729682,37.716705,0.0,0.0
2023-07-20 17:00:00,12.43,292.47357,999.74097,5.4867344,38.9696,0.0,0.0
2023-07-20 18:00:00,11.6,291.78003,999.5627,5.188908,40.575073,0.0,0.0
2023-07-20 19:00:00,10.73,291.08386,999.44977,4.7711062,44.931786,0.0,0.0
2023-07-20 20:00:00,10.18,290.49268,999.6869,4.455416,47.100266,0.0,0.0
2023-07-20 21:00:00,10.6,289.8764,1000.0873,4.243387,49.354362,0.0,0.0
2023-07-20 22:00:00,10.81,289.3136,1000.81354,3.9462073,51.473248,0.0,0.0
2023-07-20 23:00:00,10.85,289.54675,1001.50397,3.4219854,51.925343,0.0,0.0
2023-07-21 00:00:00,12.03,292.5216,1002.14844,3.211295,43.49016,0.0,0.0
2023-07-21 01:00:00,11.66,295.71863,1002.7667,3.600861,35.112778,0.0,0.0
2023-07-21 02:00:00,11.55,298.36658,1002.61096,4.52063,29.145645,0.0,0.0
2023-07-21 03:00:00,11.44,299.99542,1001.73,6.2837057,23.434444,0.0,0.0
2023-07-21 04:00:00,11.51,300.8391,1000.6199,6.549226,21.661676,0.0,0.0
2023-07-21 05:00:00,11.82,301.3634,999.6353,6.438595,21.021494,0.0,0.0
2023-07-21 06:00:00,12.13,301.5913,999.0183,6.335474,20.956648,0.0,0.0
2023-07-21 07:00:00,12.07,301.8012,999.0878,5.8999696,20.801487,0.0,0.0
2023-07-21 08:00:00,12.08,301.41315,999.3539,5.8004684,21.191004,0.0,0.0
2023-07-21 09:00:00,11.97,300.01947,999.7802,4.5526743,24.259735,0.0,0.0
2023-07-21 10:00:00,11.66,297.91583,1000.5325,4.0661035,28.76356,0.0,0.0
2023-07-21 11:00:00,11.9,296.48108,1001.1541,3.9151266,31.918447,0.0,0.0
2023-07-21 12:00:00,12.0,295.21375,1001.5053,3.753711,34.863876,0.0,0.0
2023-07-21 13:00:00,11.76,294.0345,1001.85913,3.8434546,37.576374,0.0,0.0
2023-07-21 14:00:00,11.89,293.04114,1002.17084,4.0637164,39.472218,0.0,0.0
2023-07-21 15:00:00,11.7,292.2928,1002.4265,4.2961917,40.57352,0.0,0.0
2023-07-21 16:00:00,11.63,291.73868,1002.22,4.4827185,41.193504,0.0,0.0
2023-07-21 17:00:00,12.16,291.3098,1002.0224,4.6653113,41.574116,0.0,0.0
2023-07-21 18:00:00,12.86,290.93524,1001.8688,4.934955,41.820793,0.0,0.0
2023-07-21 19:00:00,12.97,290.04443,1002.02185,4.682391,44.79654,0.0,0.0
2023-07-21 20:00:00,12.88,289.51028,1002.14014,4.6044703,46.604706,0.0,0.0
2023-07-21 21:00:00,13.38,289.17987,1002.3775,4.538902,48.0088,0.0,0.0
2023-07-21 22:00:00,13.25,288.99695,1003.192,4.576986,49.130894,0.0,0.0
2023-07-21 23:00:00,12.97,289.47595,1003.9023,4.5663543,48.647625,0.0,0.0
2023-07-22 00:00:00,14.18,291.66754,1004.70734,5.0910134,43.274822,0.0,0.0
2023-07-22 01:00:00,14.19,294.51358,1004.97687,6.4669657,36.964233,0.0,0.0
2023-07-22 02:00:00,14.52,296.913,1004.6281,7.005081,32.590874,0.0,0.0
2023-07-22 03:00:00,14.32,299.1452,1003.7912,7.2727103,28.790808,0.0,0.0
2023-07-22 04:00:00,14.17,300.5755,1002.4963,7.5149584,26.109234,0.0,0.0
2023-07-22 05:00:00,14.18,301.3229,1001.39294,6.9998403,24.192936,0.0,0.0
2023-07-22 06:00:00,14.56,301.58038,1000.73755,6.6417704,23.50565,0.0,0.0
2023-07-22 07:00:00,15.26,301.64117,1000.40735,6.3078246,22.975485,0.0,0.0
2023-07-22 08:00:00,15.68,301.19263,1000.65704,6.3751593,23.452692,0.0,0.0
2023-07-22 09:00:00,15.76,299.80707,1001.14154,5.2700186,26.548084,0.0,0.0
2023-07-22 10:00:00,14.69,297.84875,1001.9869,4.9498563,30.676056,0.0,0.0
2023-07-22 11:00:00,13.84,296.69656,1002.3627,4.8883963,32.94898,0.0,0.0
2023-07-22 12:00:00,13.39,295.48578,1002.70404,4.7445574,35.155697,0.0,0.0
2023-07-22 13:00:00,12.72,294.3395,1002.97424,5.246259,36.497513,0.0,0.0
2023-07-22 14:00:00,12.51,293.59106,1003.44696,6.241102,35.60381,0.0,0.0
2023-07-22 15:00:00,11.86,293.1568,1003.84534,6.891415,34.036858,0.0,0.0
2023-07-22 16:00:00,11.59,292.56378,1003.8382,6.875147,33.854034,0.0,0.0
2023-07-22 17:00:00,11.22,291.9184,1003.84796,6.845539,34.36541,0.0,0.0
2023-07-22 18:00:00,10.32,291.21918,1003.71875,6.907094,34.515106,0.0,0.0
2023-07-22 19:00:00,8.84,290.40308,1003.9226,7.420779,32.63985,0.0,0.0
2023-07-22 20:00:00,8.21,289.79605,1004.0811,7.2966046,31.60823,0.0,0.0
2023-07-22 21:00:00,7.99,289.1704,1004.31226,7.2965736,31.425869,0.0,0.0
2023-07-22 22:00:00,7.46,288.6054,1005.2595,7.3307323,31.913063,0.0,0.0
2023-07-22 23:00:00,7.2,288.77057,1006.1384,7.3332367,31.544186,0.0,0.0
2023-07-23 00:00:00,6.86,290.38474,1006.70404,7.969747,28.333532,0.0012814999,0.0
2023-07-23 01:00:00,6.81,292.1764,1007.08966,9.411671,25.26015,0.0,0.0
2023-07-23 02:00:00,6.9,293.89197,1006.83923,9.686572,22.713072,0.0,0.0
2023-07-23 03:00:00,6.36,295.21094,1005.77875,9.717909,20.314358,0.0,0.0
2023-07-23 04:00:00,5.99,296.15027,1004.26874,8.972191,18.043114,0.0,0.0
2023-07-23 05:00:00,5.9,296.8405,1003.0656,8.330086,16.33697,0.0,0.0
2023-07-23 06:00:00,5.84,297.2196,1002.0039,7.999029,15.154089,0.0,0.0
2023-07-23 07:00:00,5.76,297.54813,1001.76697,7.6946626,15.51956,0.0,0.0
2023-07-23 08:00:00,5.43,297.04703,1001.84094,7.458785,15.378051,0.0,0.0
2023-07-23 09:00:00,5.31,295.80203,1002.45935,5.996297,16.885666,0.0,0.0
2023-07-23 10:00:00,4.72,293.94696,1002.9558,5.4399524,19.4881,0.0,0.0
2023-07-23 11:00:00,4.49,292.6689,1003.6022,5.4050107,21.422949,0.0,0.0
2023-07-23 12:00:00,4.67,291.5929,1004.19867,5.388032,23.27712,0.0,0.0
2023-07-23 13:00:00,4.78,290.60364,1004.4855,5.407027,25.223402,0.0,0.0
2023-07-23 14:00:00,5.14,289.7319,1004.5803,5.458841,27.107939,0.0,0.0
2023-07-23 15:00:00,5.39,289.04724,1004.8386,5.5288863,28.748903,0.0,0.0
2023-07-23 16:00:00,5.56,288.4903,1004.67365,5.5443606,30.253288,0.0,0.0
2023-07-23 17:00:00,5.97,288.0077,1004.61414,5.406841,31.808714,0.0,0.0
2023-07-23 18:00:00,5.82,287.5256,1004.29346,5.2064705,33.661297,0.0,0.0
2023-07-23 19:00:00,5.38,286.51755,1004.3928,4.9165936,38.3956,0.0,0.0
2023-07-23 20:00:00,5.59,286.00574,1004.3656,4.876097,40.96131,0.0,0.0
2023-07-23 21:00:00,5.93,285.64395,1004.5929,4.914827,43.041256,0.0,0.0
2023-07-23 22:00:00,5.7,285.41974,1005.104,5.1839256,44.55723,0.0,0.0
2023-07-23 23:00:00,5.8,286.16235,1005.92487,5.7565446,43.420612,0.0,0.0
2023-07-24 00:00:00,5.13,288.32422,1006.525,6.8145657,38.30954,0.0021517277,0.0
2023-07-24 01:00:00,5.0,289.9544,1006.54,9.392741,33.844162,0.0,0.0
2023-07-24 02:00:00,4.99,291.46173,1006.0218,9.767185,28.167465,0.0,0.0
2023-07-24 03:00:00,4.63,292.97443,1004.8947,9.508902,22.9034,0.0,0.0
2023-07-24 04:00:00,4.56,294.28894,1003.3889,9.032336,19.814842,0.0,0.0
2023-07-24 05:00:00,4.48,295.31464,1002.35065,8.591289,18.263962,0.0,0.0
2023-07-24 06:00:00,4.46,295.9193,1001.373,8.259433,17.57045,0.0,0.0
2023-07-24 07:00:00,4.53,296.5611,1001.2731,8.227808,16.233116,0.0,0.0
2023-07-24 08:00:00,4.65,296.0407,1001.2061,7.93928,17.352608,0.0,0.0
2023-07-24 09:00:00,4.95,294.74304,1001.90814,6.4153037,20.157618,0.0,0.0
2023-07-24 10:00:00,4.82,292.95258,1002.16156,5.905372,23.394009,0.0,0.0
2023-07-24 11:00:00,4.89,291.765,1002.78424,5.757572,25.769543,0.0,0.0
2023-07-24 12:00:00,5.19,290.80396,1003.3894,5.7100863,28.146645,0.0,0.0
2023-07-24 13:00:00,5.45,289.98398,1003.8064,5.580116,30.876848,0.0,0.0
2023-07-24 14:00:00,5.55,289.2511,1004.1965,5.3209615,33.68767,0.0,0.0
2023-07-24 15:00:00,5.74,288.5376,1004.093,5.1033444,36.249283,0.0,0.0
2023-07-24 16:00:00,5.65,287.91095,1004.1763,4.939205,38.466408,0.0,0.0
2023-07-24 17:00:00,5.56,287.33228,1004.058,4.830828,40.485683,0.0,0.0
2023-07-24 18:00:00,5.36,286.8128,1003.8158,4.8128014,42.123703,0.0,0.0
2023-07-24 19:00:00,4.85,286.01953,1003.925,4.7824507,45.41745,0.0,0.0
2023-07-24 20:00:00,4.64,285.51917,1003.87256,4.8058157,46.564667,0.0,0.0
2023-07-24 21:00:00,4.54,285.21655,1004.4847,5.0267606,46.67881,0.0,0.0
2023-07-24 22:00:00,3.86,285.04733,1005.1624,5.3715653,46.098347,0.0,0.0
2023-07-24 23:00:00,3.63,285.75983,1005.8434,5.783505,43.397278,0.0,0.0
2023-07-25 00:00:00,4.1,287.95172,1006.44977,6.506653,36.899433,0.0,0.0
2023-07-25 01:00:00,3.88,289.8246,1006.6119,8.698744,31.204605,0.0,0.0
2023-07-25 02:00:00,3.63,291.64044,1006.1334,9.062843,26.707542,0.0,0.0
2023-07-25 03:00:00,3.97,293.35577,1005.1091,8.710068,23.445047,0.0,0.0
2023-07-25 04:00:00,4.74,294.84103,1003.73987,8.200038,20.96647,0.0,0.0
2023-07-25 05:00:00,4.73,296.02008,1002.47577,7.713532,19.134464,0.0,0.0
2023-07-25 06:00:00,4.78,296.81863,1001.384,7.286557,17.888706,0.0,0.0
2023-07-25 07:00:00,4.89,297.33368,1001.0041,6.6938195,15.901178,0.0,0.0
2023-07-25 08:00:00,4.95,297.09354,1001.149,6.0972238,16.144806,0.0,0.0
2023-07-25 09:00:00,4.61,295.88138,1001.6373,4.5243487,18.85064,0.0,0.0
2023-07-25 10:00:00,4.56,293.71924,1002.0147,3.9616904,23.609535,0.0,0.0
2023-07-25 11:00:00,4.85,292.2426,1002.59235,4.019224,27.424559,0.0,0.0
2023-07-25 12:00:00,4.89,290.9881,1002.82556,4.054577,30.83601,0.0,0.0
2023-07-25 13:00:00,5.21,289.93094,1003.1958,4.115714,33.9071,0.0,0.0
2023-07-25 14:00:00,5.84,289.02808,1003.5876,4.0642085,36.758774,0.0,0.0
2023-07-25 15:00:00,6.0,288.2219,1003.6267,3.8703682,39.537617,0.0,0.0
2023-07-25 16:00:00,6.04,287.4334,1003.45874,3.7115238,42.353897,0.0,0.0
2023-07-25 17:00:00,6.25,286.69904,1003.3367,3.677621,44.96017,0.0,0.0
2023-07-25 18:00:00,6.68,286.04507,1002.8605,3.6675391,47.346355,0.0,0.0
2023-07-25 19:00:00,7.41,284.87692,1002.6043,3.8029776,51.711906,0.0,0.0
2023-07-25 20:00:00,8.17,284.30627,1002.7683,3.5944464,54.560757,0.0,0.0
2023-07-25 21:00:00,8.7,283.91788,1003.3016,3.3582213,57.181446,0.0,0.0
2023-07-25 22:00:00,8.75,283.60895,1003.7481,3.2535741,59.67576,0.0,0.0
2023-07-25 23:00:00,9.02,284.2664,1004.25586,3.0905921,59.2014,0.0,0.0
2023-07-26 00:00:00,9.51,287.6549,1004.40125,3.6431832,48.474445,0.0013033691,0.0
2023-07-26 01:00:00,9.58,290.77277,1004.4024,4.7337747,40.491165,0.0,0.0
2023-07-26 02:00:00,9.67,293.39404,1003.675,5.4885907,35.426434,0.0,0.0
2023-07-26 03:00:00,9.65,295.542,1002.3815,5.909043,31.549067,0.0,0.0
2023-07-26 04:00:00,9.98,297.1054,1001.0142,5.7578855,28.659763,0.0,0.0
2023-07-26 05:00:00,9.96,298.16205,999.81,4.944935,26.522123,0.0,0.0
2023-07-26 06:00:00,9.79,298.82852,999.15356,4.1439276,24.9984,0.0,0.0
2023-07-26 07:00:00,9.68,299.2398,998.7489,2.7866302,21.893679,0.0,0.0
2023-07-26 08:00:00,9.78,299.11118,998.7981,2.1831725,21.827354,0.0,0.0
2023-07-26 09:00:00,9.93,298.48328,999.326,1.4647763,23.821318,0.0,0.0
2023-07-26 10:00:00,10.03,297.04044,999.46344,2.047357,28.017313,0.0,0.0
2023-07-26 11:00:00,10.31,295.04376,1000.082,2.7502115,33.862286,0.0,0.0
2023-07-26 12:00:00,10.39,293.1699,1000.42377,3.0557637,39.17669,0.0,0.0
2023-07-26 13:00:00,10.97,291.8122,1000.7966,3.2144892,42.766827,0.0,0.0
2023-07-26 14:00:00,11.24,290.86554,1001.1464,3.3322847,45.296566,0.0,0.0
2023-07-26 15:00:00,11.75,290.13785,1001.1692,3.345622,47.355534,0.0,0.0
2023-07-26 16:00:00,12.32,289.50793,1000.93475,3.3607564,49.164627,0.0,0.0
2023-07-26 17:00:00,12.87,288.92102,1000.95013,3.2744925,51.06573,0.0,0.0
2023-07-26 18:00:00,12.88,288.3069,1000.6727,3.1484916,53.23556,0.0,0.0
2023-07-26 19:00:00,12.67,286.73816,1000.8123,2.256656,63.23186,0.0,0.0
2023-07-26 20:00:00,12.67,286.05338,1000.6532,2.4210713,65.19761,0.0,0.0
2023-07-26 21:00:00,12.63,285.64178,1001.1947,2.8832388,66.050476,0.0,0.0
2023-07-26 22:00:00,11.78,285.31003,1001.7896,3.2134757,67.43941,0.0,0.0
2023-07-26 23:00:00,11.15,286.0158,1002.39874,3.031658,65.53254,0.0,0.0
2023-07-27 00:00:00,11.87,289.5744,1002.7388,3.1627376,53.01855,0.0,0.0
2023-07-27 01:00:00,12.15,293.28693,1002.77423,3.4065597,42.48917,0.0,0.0
2023-07-27 02:00:00,12.4,296.24695,1002.4114,3.4897676,35.21005,0.0,0.0
2023-07-27 03:00:00,12.38,297.9671,1001.3814,3.004684,30.2465,0.0,0.0
2023-07-27 04:00:00,12.57,298.64526,1000.34406,1.777667,27.774508,0.0,0.0
2023-07-27 05:00:00,12.56,299.1352,999.4151,1.1975312,26.46965,0.0,0.0
2023-07-27 06:00:00,12.64,299.48907,998.70374,1.0143951,25.463474,0.0,0.0
2023-07-27 07:00:00,13.15,300.01923,998.36096,0.8631391,24.689047,0.0,0.0
2023-07-27 08:00:00,13.34,299.89178,998.4966,1.212335,24.8223,0.0,0.0
2023-07-27 09:00:00,13.51,299.33102,998.9377,1.7637078,27.002037,0.0,0.0
2023-07-27 10:00:00,13.76,297.80804,999.35205,2.6783175,31.978521,0.0,0.0
2023-07-27 11:00:00,14.03,296.19043,999.9163,3.1073976,36.825462,0.0,0.0
2023-07-27 12:00:00,14.02,294.94592,1000.31195,3.2419927,40.0318,0.0,0.0
2023-07-27 13:00:00,13.92,293.88467,1000.62695,3.1143765,42.994823,0.0,0.0
2023-07-27 14:00:00,14.1,292.90253,1000.6305,2.919174,46.137207,0.0,0.0
2023-07-27 15:00:00,14.4,291.93887,1000.5469,2.818949,49.450356,0.0,0.0
2023-07-27 16:00:00,14.45,290.8686,1000.2103,2.9286096,52.625584,0.0,0.0
2023-07-27 17:00:00,14.67,289.92627,999.9779,3.1040127,54.827454,0.0,0.0
2023-07-27 18:00:00,14.15,289.17245,999.6358,3.1049585,56.118454,0.0,0.0
2023-07-27 19:00:00,13.23,288.09448,999.3889,2.4919686,63.10733,0.0,0.0
2023-07-27 20:00:00,13.27,287.29285,999.30365,2.3977735,65.58722,0.0,0.0
2023-07-27 21:00:00,13.28,286.68073,999.65204,2.2997305,67.60319,0.0,0.0
2023-07-27 22:00:00,12.96,286.2008,1000.35846,2.2984722,68.92702,0.0,0.0
2023-07-27 23:00:00,12.85,286.6209,1000.9947,1.9722512,68.319664,0.0,0.0
2023-07-28 00:00:00,13.24,290.89038,1001.51624,1.7764431,50.670563,0.0,0.0
2023-07-28 01:00:00,12.86,295.04086,1001.79596,1.848071,38.109528,0.0,0.0
2023-07-28 02:00:00,12.48,298.13794,1001.5028,1.9744058,30.259466,0.0,0.0
2023-07-28 03:00:00,12.28,299.69873,1000.35767,1.8395615,26.202488,0.0,0.0
2023-07-28 04:00:00,12.3,300.35443,999.10956,1.1062256,24.172047,0.0,0.0
2023-07-28 05:00:00,12.18,300.8736,998.0622,0.7112784,22.777948,0.0,0.0
2023-07-28 06:00:00,11.8,301.2185,997.39764,0.58344036,21.717989,0.0,0.0
2023-07-28 07:00:00,11.9,301.93756,996.8847,1.0256798,20.14611,0.0,0.0
2023-07-28 08:00:00,11.74,301.82385,997.1178,1.4994209,20.053108,0.0,0.0
2023-07-28 09:00:00,11.53,301.16934,997.7427,1.842565,21.731321,0.0,0.0
2023-07-28 10:00:00,11.01,299.5538,998.39514,2.7027535,26.142508,0.0,0.0
2023-07-28 11:00:00,11.21,297.7411,999.19635,3.18833,30.492655,0.0,0.0
2023-07-28 12:00:00,11.75,296.32202,999.77936,3.4604752,33.434307,0.0,0.0
2023-07-28 13:00:00,11.99,295.13458,999.9469,3.4828222,35.86827,0.0,0.0
2023-07-28 14:00:00,12.03,294.09778,1000.08307,3.3359885,38.15247,0.0,0.0
2023-07-28 15:00:00,11.91,293.08728,999.8147,2.999282,40.784065,0.0,0.0
2023-07-28 16:00:00,12.09,292.01462,999.66907,2.5927389,44.590157,0.0,0.0
2023-07-28 17:00:00,12.66,290.91962,999.5623,2.4329832,48.52348,0.0,0.0
2023-07-28 18:00:00,12.62,290.0583,999.4844,2.6832404,49.653156,0.0,0.0
2023-07-28 19:00:00,12.24,289.4153,999.8311,2.82882,52.214504,0.0,0.0
2023-07-28 20:00:00,13.08,288.60266,999.6903,2.8454096,54.398304,0.0,0.0
2023-07-28 21:00:00,13.94,288.1897,1000.07874,2.9562316,54.812653,0.0,0.0
2023-07-28 22:00:00,13.6,287.83685,1000.5772,2.8987274,54.784523,0.0,0.0
2023-07-28 23:00:00,13.39,288.56665,1001.4419,2.248527,53.429924,0.0,0.0
2023-07-29 00:00:00,13.11,292.05237,1001.97876,1.7345084,40.99486,0.0,0.0
2023-07-29 01:00:00,13.34,295.61383,1002.1654,1.3890303,30.57241,0.0,0.0
2023-07-29 02:00:00,13.54,298.58066,1001.8114,1.085336,24.991241,0.0,0.0
2023-07-29 03:00:00,14.26,301.01367,1000.66547,1.6767422,21.12095,0.0,0.0
2023-07-29 04:00:00,15.11,302.29285,999.3336,1.3934337,20.263489,0.0,0.0
2023-07-29 05:00:00,15.65,302.71396,998.1968,0.8827299,20.72345,0.0,0.0
2023-07-29 06:00:00,16.29,303.07318,997.6912,1.0272273,20.245268,0.0,0.0
2023-07-29 07:00:00,16.74,303.62897,997.15594,1.6504657,19.894066,0.0,0.0
2023-07-29 08:00:00,17.62,303.45264,997.03796,2.5577612,19.96384,0.0,0.0
2023-07-29 09:00:00,18.09,302.71194,997.6779,3.4089499,20.736029,0.0,0.0
2023-07-29 10:00:00,18.47,300.86548,998.2003,4.049898,22.986382,0.0,0.0
2023-07-29 11:00:00,19.01,299.45242,998.8117,4.2687516,24.22803,0.0,0.0
2023-07-29 12:00:00,19.27,298.25195,999.4295,3.9048848,25.036854,0.0,0.0
2023-07-29 13:00:00,19.45,297.365,999.82874,3.486557,25.605234,0.0,0.0
2023-07-29 14:00:00,19.59,296.4659,999.9197,3.281016,26.558876,0.0,0.0
2023-07-29 15:00:00,19.31,295.58862,999.9983,3.30628,27.93062,0.0,0.0
2023-07-29 16:00:00,19.22,294.9641,999.7244,3.5541644,29.418177,0.0,0.0
2023-07-29 17:00:00,19.38,294.2345,999.4902,3.5965347,31.999296,0.0,0.0
2023-07-29 18:00:00,19.3,293.6856,999.3094,3.537284,34.87235,0.0,0.0
2023-07-29 19:00:00,19.2,292.54822,999.07794,2.9491036,37.346054,0.0,0.0
2023-07-29 20:00:00,19.63,291.93735,999.15424,3.0513504,40.490562,0.0,0.0
2023-07-29 21:00:00,20.31,291.655,999.5287,3.065654,42.773724,0.0,0.0
2023-07-29 22:00:00,20.76,291.21936,1000.14984,3.1891053,45.06202,0.0,0.0
2023-07-29 23:00:00,21.2,291.59497,1001.2611,3.1413069,45.380524,0.0,0.0
2023-07-30 00:00:00,20.86,294.52252,1001.8631,3.740433,38.775368,0.0017145877,0.0
2023-07-30 01:00:00,20.86,297.43967,1001.9877,4.3343596,35.074963,0.0,0.0
2023-07-30 02:00:00,21.12,300.2339,1001.5436,4.5710406,33.626503,0.0,0.0
2023-07-30 03:00:00,21.56,302.60266,1000.235,4.9954557,32.475582,0.0,0.0
2023-07-30 04:00:00,22.31,304.2226,999.0696,5.173485,29.55298,0.0,0.0
2023-07-30 05:00:00,22.79,304.97925,997.9636,4.3933806,26.7011,0.0,0.0
2023-07-30 06:00:00,23.44,305.07568,997.3264,3.5716937,25.495604,0.0,0.0
2023-07-30 07:00:00,23.89,305.66968,997.2969,3.2753692,22.55801,0.0,0.0
2023-07-30 08:00:00,23.89,305.34116,997.41205,3.985034,23.44065,0.0,0.0
2023-07-30 09:00:00,23.74,304.46765,998.0064,4.312933,26.223522,0.0,0.0
2023-07-30 10:00:00,24.12,302.7755,998.5437,4.2576504,30.888834,0.0,0.0
2023-07-30 11:00:00,25.7,301.7379,999.411,4.2831683,34.647274,0.0,0.0
2023-07-30 12:00:00,26.87,300.85437,999.90454,4.4948006,37.408604,0.0,0.0
2023-07-30 13:00:00,28.05,299.99927,1000.2901,4.6987853,39.800213,0.0,0.0
2023-07-30 14:00:00,28.23,299.04794,1000.39294,4.4744983,42.764713,0.0,0.0
2023-07-30 15:00:00,27.94,298.30005,1000.0984,4.1338973,45.29496,0.0,0.0
2023-07-30 16:00:00,28.15,297.59406,999.9943,3.9186122,47.555397,0.0,0.0
2023-07-30 17:00:00,27.48,297.09113,999.6287,3.9349813,49.084137,0.0,0.0
2023-07-30 18:00:00,26.64,296.56366,999.20703,4.1603594,50.654285,0.0,0.0
2023-07-30 19:00:00,26.32,295.5407,999.08405,4.469149,53.97176,0.0,0.0
2023-07-30 20:00:00,26.47,295.49994,998.8591,4.6178384,54.16354,0.0,0.0
2023-07-30 21:00:00,26.23,295.36038,999.1905,4.5244117,54.693474,0.0,0.0
2023-07-30 22:00:00,26.88,295.14233,999.83673,4.3397846,55.42272,0.0,0.0
2023-07-30 23:00:00,28.46,295.56894,1000.5698,3.9846196,54.00648,0.0,0.0
2023-07-31 00:00:00,32.19,297.6372,1001.2408,4.339825,47.282837,0.0,0.0
2023-07-31 01:00:00,32.31,299.60446,1001.57196,4.8642015,41.44016,0.0,0.0
2023-07-31 02:00:00,32.31,301.57898,1001.35956,5.434607,36.31874,0.0,0.0
2023-07-31 03:00:00,31.98,303.50592,1000.20734,6.4364147,31.80357,0.0,0.0
2023-07-31 04:00:00,31.47,304.7172,998.90967,6.661303,29.21122,0.0,0.0
2023-07-31 05:00:00,30.96,305.63306,997.6744,5.943482,27.278921,0.0,0.0
2023-07-31 06:00:00,30.45,305.94196,996.8723,5.2178364,26.177519,0.0,0.0
2023-07-31 07:00:00,30.48,305.5498,997.22687,5.359646,27.51842,0.0,0.0
2023-07-31 08:00:00,30.33,305.41965,997.29767,4.954252,27.432453,0.0,0.0
2023-07-31 09:00:00,29.74,304.74182,997.7846,3.8210673,28.419292,0.0,0.0
2023-07-31 10:00:00,29.37,303.384,998.4625,3.3709836,30.808437,0.0,0.0
2023-07-31 11:00:00,29.35,302.08685,998.91077,3.8493955,33.365017,0.0,0.0
2023-07-31 12:00:00,29.29,301.08838,999.40765,4.369954,35.52189,0.0,0.0
2023-07-31 13:00:00,28.96,300.35767,999.8359,4.695964,37.254734,0.0,0.0
2023-07-31 14:00:00,28.53,299.8152,999.7371,4.844651,38.57261,0.0,0.0
2023-07-31 15:00:00,28.19,299.10254,999.7623,4.818633,40.30588,0.0,0.0
2023-07-31 16:00:00,27.99,298.47403,999.6955,4.7861323,41.805725,0.0,0.0
2023-07-31 17:00:00,27.72,298.11835,999.78925,4.8812337,42.464317,0.0,0.0
2023-07-31 18:00:00,27.11,297.54813,999.805,5.2503347,43.642136,0.0,0.0
2023-07-31 19:00:00,26.78,297.04297,999.59216,4.361478,43.189423,0.0,0.0
2023-07-31 20:00:00,25.94,296.6732,999.46893,4.3438435,43.581657,0.0,0.0
2023-07-31 21:00:00,24.9,295.87592,999.7587,4.460985,45.468536,0.0,0.0
2023-07-31 22:00:00,23.39,295.0675,1000.2688,4.6095314,47.67191,0.0,0.0
2023-07-31 23:00:00,22.77,295.24173,1001.02545,4.6197724,47.140877,0.0,0.0
2023-08-01 00:00:00,23.47,297.38123,1001.65424,5.5031753,40.665855,0.0,0.0
2023-08-01 01:00:00,23.62,300.079,1002.149,6.125654,33.155098,0.0,0.0
2023-08-01 02:00:00,23.39,302.68524,1001.6994,6.3653064,26.86642,0.0,0.0
2023-08-01 03:00:00,23.02,304.6787,1000.76764,6.692547,22.727554,0.0,0.0
2023-08-01 04:00:00,22.74,305.73962,999.44,6.4096613,20.90716,0.0,0.0
2023-08-01 05:00:00,22.44,306.32233,998.4523,5.9589233,19.572199,0.0,0.0
2023-08-01 06:00:00,21.87,306.5775,997.6703,5.5953484,18.557499,0.0,0.0
2023-08-01 07:00:00,21.26,306.71094,997.5469,4.6864614,17.854412,0.0,0.0
2023-08-01 08:00:00,20.86,306.36346,997.77655,4.6249638,17.86308,0.0,0.0
2023-08-01 09:00:00,20.65,305.3735,998.1192,3.919498,18.963902,0.0,0.0
2023-08-01 10:00:00,20.24,303.3483,998.8284,3.813048,21.668777,0.0,0.0
2023-08-01 11:00:00,19.82,301.8712,999.3357,4.256753,24.000376,0.0,0.0
2023-08-01 12:00:00,19.17,300.69324,999.98047,4.6571584,26.13478,0.0,0.0
2023-08-01 13:00:00,19.01,299.72137,1000.0567,4.896481,28.249191,0.0,0.0
2023-08-01 14:00:00,19.52,298.9439,1000.3283,5.298896,30.344095,0.0,0.0
2023-08-01 15:00:00,20.02,298.27893,1000.4277,5.5805454,32.34944,0.0,0.0
2023-08-01 16:00:00,20.12,297.69974,1000.36224,5.698037,33.89555,0.0,0.0
2023-08-01 17:00:00,20.01,297.14423,1000.3475,5.843861,35.086,0.0,0.0
2023-08-01 18:00:00,19.83,296.51703,1000.21674,5.907194,36.349487,0.0,0.0
2023-08-01 19:00:00,19.3,295.25574,1000.34375,5.4208894,38.417694,0.0,0.0
2023-08-01 20:00:00,19.16,294.59393,1000.279,5.286402,39.87319,0.0,0.0
2023-08-01 21:00:00,18.28,294.06604,1000.7329,5.305809,41.2112,0.0,0.0
2023-08-01 22:00:00,16.86,293.63263,1001.1294,5.509908,42.35218,0.0,0.0
2023-08-01 23:00:00,16.17,294.21448,1001.91675,5.7703924,40.933743,0.0,0.0
2023-08-02 00:00:00,15.78,296.551,1002.27264,6.367819,35.15699,0.002139556,0.0
2023-08-02 01:00:00,15.94,299.33365,1002.5145,6.888012,28.941563,0.0,0.0
2023-08-02 02:00:00,16.1,301.8246,1002.0281,6.9264994,24.604778,0.0,0.0
2023-08-02 03:00:00,15.78,303.45105,1001.0505,6.8851104,22.044685,0.0,0.0
2023-08-02 04:00:00,15.4,304.4332,999.85406,6.512751,19.518059,0.0,0.0
2023-08-02 05:00:00,15.8,305.05322,998.89136,6.1444826,17.950478,0.0,0.0
2023-08-02 06:00:00,16.48,305.30823,998.2053,5.759018,17.224806,0.0,0.0
2023-08-02 07:00:00,16.41,305.3366,998.3011,5.6676626,16.81026,0.0,0.0
2023-08-02 08:00:00,16.25,304.90646,998.47186,5.46648,17.156855,0.0,0.0
2023-08-02 09:00:00,16.14,303.9041,998.9869,4.467761,18.305578,0.0,0.0
2023-08-02 10:00:00,16.0,301.95032,999.41156,3.9085634,20.82135,0.0,0.0
2023-08-02 11:00:00,16.77,300.50458,1000.0348,4.13941,23.068718,0.0,0.0
2023-08-02 12:00:00,16.72,299.3282,1000.67126,4.357432,25.16579,0.0,0.0
2023-08-02 13:00:00,16.74,298.31464,1001.10706,4.407107,27.232174,0.0,0.0
2023-08-02 14:00:00,16.78,297.36813,1001.29767,4.431729,29.386532,0.0,0.0
2023-08-02 15:00:00,16.99,296.50146,1001.35913,4.37809,31.569063,0.0,0.0
2023-08-02 16:00:00,17.32,295.6966,1001.2713,4.1976995,33.754326,0.0,0.0
2023-08-02 17:00:00,17.36,294.9573,1001.0419,4.0499616,35.858727,0.0,0.0
2023-08-02 18:00:00,17.32,294.3427,1000.7722,4.0359936,37.726227,0.0,0.0
2023-08-02 19:00:00,17.0,293.04688,1001.09216,4.0621953,40.339783,0.0,0.0
2023-08-02 20:00:00,17.4,292.49533,1001.2912,4.0096865,42.117435,0.0,0.0
2023-08-02 21:00:00,17.48,292.0662,1001.67114,3.981305,43.574364,0.0,0.0
2023-08-02 22:00:00,17.33,291.71082,1002.1228,3.9464407,44.734783,0.0,0.0
2023-08-02 23:00:00,17.34,292.4334,1002.79803,3.7850602,42.861504,0.0,0.0
2023-08-03 00:00:00,17.68,295.59033,1003.46844,4.5364895,34.679173,0.0017106533,0.0
2023-08-03 01:00:00,17.68,298.85944,1003.5578,5.563427,27.286533,0.0,0.0
2023-08-03 02:00:00,17.8,301.6694,1003.0823,6.013228,22.195553,0.0,0.0
2023-08-03 03:00:00,18.13,303.51105,1001.8694,5.667676,20.867212,0.0,0.0
2023-08-03 04:00:00,17.98,304.48663,1000.64575,4.2192516,19.68378,0.0,0.0
2023-08-03 05:00:00,17.63,305.08374,999.5073,3.1694427,18.474535,0.0,0.0
2023-08-03 06:00:00,17.64,305.45087,998.83563,2.7144327,17.686108,0.0,0.0
2023-08-03 07:00:00,17.5,305.549,998.9788,2.9334843,18.607924,0.0,0.0
2023-08-03 08:00:00,17.43,305.35013,998.9355,3.1022375,18.788628,0.0,0.0
2023-08-03 09:00:00,17.27,304.61148,999.72076,2.84747,19.831284,0.0,0.0
2023-08-03 10:00:00,17.2,302.831,1000.15295,3.159505,22.435934,0.0,0.0
2023-08-03 11:00:00,18.04,301.29532,1000.9556,3.6631012,25.07837,0.0,0.0
2023-08-03 12:00:00,18.25,300.02087,1001.58264,3.954109,27.71259,0.0,0.0
2023-08-03 13:00:00,18.11,298.98148,1002.15845,3.956467,30.232529,0.0,0.0
2023-08-03 14:00:00,18.24,298.1216,1002.4503,3.8617754,32.51274,0.0,0.0
2023-08-03 15:00:00,18.5,297.38663,1002.42084,3.7079027,34.510693,0.0,0.0
2023-08-03 16:00:00,18.97,296.62897,1002.3588,3.4942768,36.57223,0.0,0.0
2023-08-03 17:00:00,19.65,295.7295,1002.1623,3.278055,39.105297,0.0,0.0
2023-08-03 18:00:00,19.58,294.8081,1001.91187,3.2186527,41.80598,0.0,0.0
2023-08-03 19:00:00,19.26,293.06964,1002.1767,3.1958606,46.400322,0.0,0.0
2023-08-03 20:00:00,19.25,292.19266,1002.1895,3.3562388,49.50296,0.0,0.0
2023-08-03 21:00:00,18.66,291.7063,1002.4257,3.4694133,51.27911,0.0,0.0
2023-08-03 22:00:00,18.87,291.48862,1002.94604,3.4622068,51.95375,0.0,0.0
2023-08-03 23:00:00,19.53,292.3822,1003.623,3.0965128,49.2877,0.0,0.0
2023-08-04 00:00:00,20.47,296.039,1004.3752,3.2857184,39.22708,0.0,0.0
2023-08-04 01:00:00,21.01,299.68005,1004.53925,4.199033,31.620815,0.0,0.0
2023-08-04 02:00:00,21.02,302.5878,1004.383,5.387381,26.726088,0.0,0.0
2023-08-04 03:00:00,21.51,304.4502,1003.3812,5.9158254,23.42712,0.0,0.0
2023-08-04 04:00:00,21.96,305.26556,1002.3497,5.0050592,21.929794,0.0,0.0
2023-08-04 05:00:00,22.32,305.70844,1001.32245,4.261603,21.164713,0.0,0.0
2023-08-04 06:00:00,22.43,305.9651,1000.6169,4.0216165,20.769085,0.0,0.0
2023-08-04 07:00:00,22.44,306.08847,1000.4833,3.212543,21.156416,0.0,0.0
2023-08-04 08:00:00,22.76,305.8823,1000.94635,3.4164727,21.45876,0.0,0.0
2023-08-04 09:00:00,22.86,305.13904,1001.46533,3.3728902,22.623457,0.0,0.0
2023-08-04 10:00:00,23.04,303.65106,1001.7629,3.85129,25.10341,0.0,0.0
2023-08-04 11:00:00,23.23,302.18378,1002.2294,4.686308,27.846395,0.0,0.0
2023-08-04 12:00:00,23.32,301.25598,1002.92017,5.1193147,29.874329,0.0,0.0
2023-08-04 13:00:00,23.33,300.45636,1003.2058,4.889814,31.546207,0.0,0.0
2023-08-04 14:00:00,23.54,299.6485,1003.40356,4.4249563,33.148594,0.0,0.0
2023-08-04 15:00:00,23.66,299.17374,1003.31415,4.1470385,34.18907,0.0,0.0
2023-08-04 16:00:00,23.93,298.48004,1003.0464,4.1380076,35.73495,0.0,0.0
2023-08-04 17:00:00,23.86,297.66473,1002.765,4.173748,37.450867,0.0,0.0
2023-08-04 18:00:00,23.51,297.11902,1002.47034,4.396323,38.49293,0.0,0.0
2023-08-04 19:00:00,23.12,295.80893,1002.844,4.122814,41.587574,0.0,0.0
2023-08-04 20:00:00,23.1,295.09778,1002.89453,4.1944084,43.444176,0.0,0.0
2023-08-04 21:00:00,23.16,294.82855,1003.3855,4.213437,44.88439,0.0,0.0
2023-08-04 22:00:00,23.25,294.6272,1004.0631,4.456269,46.733128,0.0,0.0
2023-08-04 23:00:00,23.36,295.056,1004.97205,4.6226764,46.93767,0.0,0.0
2023-08-05 00:00:00,23.46,297.6694,1005.28406,5.798685,39.866127,0.0,0.0
2023-08-05 01:00:00,23.15,300.29788,1005.59595,6.806848,31.914743,0.0,0.0
2023-08-05 02:00:00,22.82,302.65747,1005.072,6.9593554,26.678234,0.0,0.0
2023-08-05 03:00:00,22.54,304.1681,1004.0203,6.998541,24.347855,0.0,0.0
2023-08-05 04:00:00,22.02,304.87744,1002.66516,6.829463,22.54292,0.0,0.0
2023-08-05 05:00:00,21.24,305.3178,1001.56226,6.6795983,21.287031,0.0,0.0
2023-08-05 06:00:00,20.12,305.50372,1000.69086,6.499151,20.484982,0.0,0.0
2023-08-05 07:00:00,19.14,305.81006,1000.0652,7.191748,19.070488,0.0,0.0
2023-08-05 08:00:00,18.74,305.3328,1000.0588,7.330273,18.688456,0.0,0.0
2023-08-05 09:00:00,18.27,304.27875,1000.5121,6.4745197,19.179573,0.0,0.0
2023-08-05 10:00:00,17.81,302.5904,1001.1867,5.7138424,20.678442,0.0,0.0
2023-08-05 11:00:00,17.03,301.32922,1002.1832,5.5509152,21.920172,0.0,0.0
2023-08-05 12:00:00,16.11,300.08945,1002.5875,5.1798644,23.353827,0.0,0.0
2023-08-05 13:00:00,16.09,298.78656,1002.88477,4.9087987,25.079144,0.0,0.0
2023-08-05 14:00:00,16.53,297.55902,1002.9487,4.8462205,26.798248,0.0,0.0
2023-08-05 15:00:00,16.8,296.54504,1002.7568,4.939527,28.21934,0.0,0.0
2023-08-05 16:00:00,16.57,295.82327,1002.7633,5.226158,29.33786,0.0,0.0
2023-08-05 17:00:00,16.49,295.3395,1002.555,5.674484,30.663168,0.0,0.0
2023-08-05 18:00:00,16.54,295.0688,1002.7014,6.1638145,32.6689,0.0,0.0
2023-08-05 19:00:00,16.72,293.77133,1002.71014,5.386522,35.582237,0.0,0.0
2023-08-05 20:00:00,16.95,293.5618,1003.03674,5.6386943,37.65061,0.0,0.0
2023-08-05 21:00:00,16.88,293.2951,1003.31836,5.53443,39.148483,0.0,0.0
2023-08-05 22:00:00,16.78,293.0047,1004.1156,5.43821,40.185516,0.0,0.0
2023-08-05 23:00:00,16.79,293.67004,1004.4574,5.4207406,38.826923,0.0,0.0
2023-08-06 00:00:00,16.46,295.95248,1004.64844,6.2981358,33.98975,0.0,0.0
2023-08-06 01:00:00,16.72,298.35187,1004.8603,7.5689063,29.828697,0.0,0.0
2023-08-06 02:00:00,16.69,300.50177,1004.33234,8.331533,26.619068,0.0,0.0
2023-08-06 03:00:00,16.82,302.1755,1003.0861,8.484864,23.904947,0.0,0.0
2023-08-06 04:00:00,16.9,303.25616,1001.863,7.715796,22.075012,0.0,0.0
2023-08-06 05:00:00,16.92,303.87146,1000.66956,6.578198,21.181654,0.0,0.0
2023-08-06 06:00:00,16.88,304.14166,999.8716,5.6701975,20.67703,0.0,0.0
2023-08-06 07:00:00,16.46,304.3189,999.87634,5.6214795,19.471571,0.0,0.0
2023-08-06 08:00:00,15.91,303.98343,999.85175,5.5274944,19.804958,0.0,0.0
2023-08-06 09:00:00,15.47,303.1144,1000.39484,4.8220353,21.211565,0.0,0.0
2023-08-06 10:00:00,15.68,301.33075,1000.9211,4.1923833,24.255995,0.0,0.0
2023-08-06 11:00:00,16.04,300.06528,1001.6185,4.5831985,26.807863,0.0,0.0
2023-08-06 12:00:00,16.6,299.07837,1002.1838,4.97859,28.992867,0.0,0.0
2023-08-06 13:00:00,16.7,298.25223,1002.36206,5.340919,30.742859,0.0,0.0
2023-08-06 14:00:00,16.59,297.50208,1002.6591,5.679286,32.099796,0.0,0.0
2023-08-06 15:00:00,16.53,296.74817,1002.5712,5.872506,33.252834,0.0,0.0
2023-08-06 16:00:00,16.29,296.05682,1002.66846,6.1413665,34.007774,0.0,0.0
2023-08-06 17:00:00,15.44,295.50247,1002.6189,6.5488067,34.181114,0.0,0.0
2023-08-06 18:00:00,13.97,294.99304,1002.4517,6.7348747,34.26056,0.0,0.0
2023-08-06 19:00:00,13.05,293.021,1002.7279,5.021067,39.40324,0.0,0.0
2023-08-06 20:00:00,12.18,292.40527,1002.6223,5.052745,40.45806,0.0,0.0
2023-08-06 21:00:00,11.34,291.88058,1003.2572,5.066782,40.967705,0.0,0.0
2023-08-06 22:00:00,10.81,291.42743,1003.84125,5.057761,41.097183,0.0,0.0
2023-08-06 23:00:00,10.34,292.0735,1004.3108,4.8872247,38.768005,0.0,0.0
2023-08-07 00:00:00,10.35,294.51703,1004.6244,5.9706078,32.66053,0.0,0.0
2023-08-07 01:00:00,10.68,296.9683,1004.5689,7.1631756,27.958736,0.0,0.0
2023-08-07 02:00:00,11.39,298.9949,1003.6765,8.087307,24.512457,0.0,0.0
2023-08-07 03:00:00,12.04,300.5821,1002.5997,8.777876,22.189207,0.0,0.0
2023-08-07 04:00:00,12.05,301.70398,1001.1863,8.642243,20.680742,0.0,0.0
2023-08-07 05:00:00,11.45,302.52466,999.97406,8.032982,19.301601,0.0,0.0
2023-08-07 06:00:00,11.16,303.01746,999.17487,7.392572,18.513199,0.0,0.0
2023-08-07 07:00:00,11.21,303.3609,998.96924,6.8369083,17.464413,0.0,0.0
2023-08-07 08:00:00,11.31,303.0617,998.9311,6.3794384,17.836243,0.0,0.0
2023-08-07 09:00:00,11.33,302.2339,999.63416,5.1858344,18.99645,0.0,0.0
2023-08-07 10:00:00,11.71,300.41528,1000.1044,4.2243958,21.537611,0.0,0.0
2023-08-07 11:00:00,12.17,299.0365,1000.9361,4.374421,23.797882,0.0,0.0
2023-08-07 12:00:00,12.49,297.90515,1001.4949,4.7086306,25.847324,0.0,0.0
2023-08-07 13:00:00,12.87,296.96368,1001.78906,4.8677692,27.634415,0.0,0.0
2023-08-07 14:00:00,12.72,296.10803,1002.0458,4.885437,29.054,0.0,0.0
2023-08-07 15:00:00,12.17,295.28027,1002.03845,4.821578,29.9963,0.0,0.0
2023-08-07 16:00:00,11.98,294.4452,1002.0008,4.7467093,30.663416,0.0,0.0
2023-08-07 17:00:00,11.7,293.59424,1001.77374,4.699298,31.350893,0.0,0.0
2023-08-07 18:00:00,10.96,292.75406,1001.6641,4.664128,32.241413,0.0,0.0
2023-08-07 19:00:00,10.62,291.52753,1001.7846,4.710957,34.273327,0.0,0.0
2023-08-07 20:00:00,10.59,290.7693,1002.0109,4.672495,35.683075,0.0,0.0
2023-08-07 21:00:00,10.11,290.1817,1002.6869,4.6345572,37.04332,0.0,0.0
2023-08-07 22:00:00,9.48,289.71057,1003.0691,4.572783,38.311363,0.0,0.0
2023-08-07 23:00:00,8.87,290.49213,1003.7575,4.3269787,36.866642,0.0,0.0
2023-08-08 00:00:00,9.0,293.40393,1003.9091,5.3491874,30.700174,0.0,0.0
2023-08-08 01:00:00,9.53,296.50586,1003.96985,6.3864393,25.283617,0.0,0.0
2023-08-08 02:00:00,9.95,299.3379,1003.562,7.29695,21.02106,0.0,0.0
2023-08-08 03:00:00,10.26,301.50958,1002.3815,7.931187,18.011873,0.0,0.0
2023-08-08 04:00:00,10.33,302.76718,1001.19977,7.5317125,16.845041,0.0,0.0
2023-08-08 05:00:00,10.21,303.4876,999.96826,6.555721,16.093811,0.0,0.0
2023-08-08 06:00:00,10.93,303.9287,999.2586,5.720214,15.544549,0.0,0.0
2023-08-08 07:00:00,11.08,304.10474,999.03595,4.871337,15.075924,0.0,0.0
2023-08-08 08:00:00,11.28,303.85013,998.98517,4.432058,15.301418,0.0,0.0
2023-08-08 09:00:00,11.42,302.99554,999.558,3.4464653,16.336445,0.0,0.0
2023-08-08 10:00:00,11.19,300.9873,999.9968,3.4199188,18.94111,0.0,0.0
2023-08-08 11:00:00,11.31,299.395,1000.7621,3.8788126,21.383427,0.0,0.0
2023-08-08 12:00:00,11.55,298.08304,1001.1354,4.2511015,23.753275,0.0,0.0
2023-08-08 13:00:00,11.65,297.02753,1001.5195,4.524418,25.928501,0.0,0.0
2023-08-08 14:00:00,11.92,296.15515,1001.5711,4.7078037,27.66002,0.0,0.0
2023-08-08 15:00:00,11.78,295.38593,1001.60596,4.754367,29.015133,0.0,0.0
2023-08-08 16:00:00,11.62,294.67957,1001.65515,4.68057,30.130205,0.0,0.0
2023-08-08 17:00:00,11.34,294.01917,1001.6297,4.6396465,31.089485,0.0,0.0
2023-08-08 18:00:00,11.03,293.4144,1001.52234,4.606723,31.954647,0.0,0.0
2023-08-08 19:00:00,11.11,292.00677,1001.96906,4.206171,34.89401,0.0,0.0
2023-08-08 20:00:00,11.39,291.3321,1002.0117,4.1502542,36.010876,0.0,0.0
2023-08-08 21:00:00,11.2,290.80182,1002.4949,4.045256,36.887848,0.0,0.0
2023-08-08 22:00:00,11.41,290.35123,1003.20764,4.0300817,37.542503,0.0,0.0
2023-08-08 23:00:00,11.5,291.15326,1004.01904,3.8830125,35.347057,0.0,0.0
2023-08-09 00:00:00,11.45,294.32623,1004.4994,4.9081388,27.90685,0.0,0.0
2023-08-09 01:00:00,11.53,297.75208,1004.6195,5.816186,21.81931,0.0,0.0
2023-08-09 02:00:00,11.24,300.6748,1004.03705,6.429229,17.6421,0.0,0.0
2023-08-09 03:00:00,10.91,302.23483,1003.1926,5.6884317,16.01661,0.0,0.0
2023-08-09 04:00:00,10.86,303.02252,1001.8113,4.900966,15.098969,0.0,0.0
2023-08-09 05:00:00,11.07,303.62976,1000.91125,4.5907526,14.57767,0.0,0.0
2023-08-09 06:00:00,11.03,303.98407,1000.06,4.213222,14.383656,0.0,0.0
2023-08-09 07:00:00,11.01,304.3517,999.5164,3.884945,14.743317,0.0,0.0
2023-08-09 08:00:00,11.27,304.09274,999.31647,3.6743472,15.108061,0.0,0.0
2023-08-09 09:00:00,11.14,303.3049,999.6622,2.958402,16.18951,0.0,0.0
2023-08-09 10:00:00,11.46,301.55655,1000.32056,3.0282795,18.562317,0.0,0.0
2023-08-09 11:00:00,11.93,299.8736,1000.8677,3.5359077,21.030365,0.0,0.0
2023-08-09 12:00:00,12.26,298.53363,1001.6222,3.8952374,23.341187,0.0,0.0
2023-08-09 13:00:00,12.13,297.4165,1001.81696,4.052913,25.661263,0.0,0.0
2023-08-09 14:00:00,12.33,296.65155,1002.0486,4.028522,27.51192,0.0,0.0
2023-08-09 15:00:00,12.18,295.9628,1001.8166,4.033371,29.185272,0.0,0.0
2023-08-09 16:00:00,12.37,295.28815,1001.6643,3.9333088,30.961477,0.0,0.0
2023-08-09 17:00:00,12.18,294.4209,1001.34717,3.8714716,33.27185,0.0,0.0
2023-08-09 18:00:00,12.04,293.8082,1001.2012,3.7680686,35.08821,0.0,0.0
2023-08-09 19:00:00,12.31,292.79016,1001.43304,4.1155014,37.59193,0.0,0.0
2023-08-09 20:00:00,12.72,292.3625,1001.22766,4.099616,38.796974,0.0,0.0
2023-08-09 21:00:00,12.84,292.1272,1001.411,4.096878,39.63497,0.0,0.0
2023-08-09 22:00:00,13.38,292.02008,1001.943,4.0933695,40.334007,0.0,0.0
2023-08-09 23:00:00,13.82,293.02588,1002.6104,3.907275,38.542416,0.0,0.0
2023-08-10 00:00:00,14.38,295.97824,1003.1216,4.6728487,32.46997,0.0021450645,0.0
2023-08-10 01:00:00,14.69,299.35345,1003.12024,5.3508534,26.612305,0.0,0.0
2023-08-10 02:00:00,14.87,301.9607,1002.5847,5.7895136,22.701132,0.0,0.0
2023-08-10 03:00:00,15.22,302.89957,1001.6104,4.7401133,20.914387,0.0,0.0
2023-08-10 04:00:00,15.22,303.68512,1000.32404,4.318268,19.724285,0.0,0.0
2023-08-10 05:00:00,14.87,304.22546,999.1811,4.0448303,18.73848,0.0,0.0
2023-08-10 06:00:00,14.63,304.58594,998.47174,3.877569,17.720457,0.0,0.0
2023-08-10 07:00:00,14.45,304.82886,998.2128,3.0730286,17.688066,0.0,0.0
2023-08-10 08:00:00,14.08,304.6628,998.00604,3.2297683,17.233583,0.0,0.0
2023-08-10 09:00:00,13.32,304.0376,998.3016,2.9765964,17.316208,0.0,0.0
2023-08-10 10:00:00,12.94,302.40305,998.781,2.8574765,18.987455,0.0,0.0
2023-08-10 11:00:00,12.84,300.81995,999.303,3.2538662,20.901546,0.0,0.0
2023-08-10 12:00:00,12.92,299.35553,1000.0365,3.6270652,22.926601,0.0,0.0
2023-08-10 13:00:00,12.92,298.15125,1000.3022,3.815212,24.956736,0.0,0.0
2023-08-10 14:00:00,13.41,297.1565,1000.46967,3.8541741,26.897398,0.0,0.0
2023-08-10 15:00:00,13.3,296.23358,1000.387,3.8378272,28.69843,0.0,0.0
2023-08-10 16:00:00,13.17,295.38675,1000.385,3.9040694,30.327208,0.0,0.0
2023-08-10 17:00:00,12.78,294.62933,1000.1036,3.9480534,31.66197,0.0,0.0
2023-08-10 18:00:00,12.33,294.01794,1000.1692,3.9575112,32.684566,0.0,0.0
2023-08-10 19:00:00,12.48,292.84222,1000.0706,3.9852395,34.99364,0.0,0.0
2023-08-10 20:00:00,12.57,292.2608,1000.01654,3.9432583,36.408714,0.0,0.0
2023-08-10 21:00:00,12.15,291.86957,1000.33716,4.010544,37.658707,0.0,0.0
2023-08-10 22:00:00,12.47,291.59857,1000.7363,4.0715237,38.944073,0.0,0.0
2023-08-10 23:00:00,13.34,292.6794,1001.3091,3.910566,37.486546,0.0,0.0
2023-08-11 00:00:00,14.32,296.26837,1001.692,4.5081096,31.15149,0.0,0.0
2023-08-11 01:00:00,14.77,299.83606,1001.5817,5.334248,26.381985,0.0,0.0
2023-08-11 02:00:00,15.3,302.4309,1001.08325,6.12992,23.440277,0.0,0.0
2023-08-11 03:00:00,15.97,303.51117,1000.21234,5.0891037,21.438284,0.0,0.0
2023-08-11 04:00:00,16.51,304.16412,998.899,4.3106127,20.173525,0.0,0.0
2023-08-11 05:00:00,16.26,304.6488,997.8791,3.7171946,19.182386,0.0,0.0
2023-08-11 06:00:00,15.6,304.89566,996.96405,3.1104283,18.45264,0.0,0.0
2023-08-11 07:00:00,15.17,305.11603,996.59235,2.3940406,18.835949,0.0,0.0
2023-08-11 08:00:00,15.17,304.87665,996.5915,1.9450749,18.755375,0.0,0.0
2023-08-11 09:00:00,15.0,304.37256,996.8306,1.5442408,19.082148,0.0,0.0
2023-08-11 10:00:00,15.29,303.2425,997.34564,1.8088284,20.64522,0.0,0.0
2023-08-11 11:00:00,14.96,301.67944,997.8109,2.6631365,23.106853,0.0,0.0
2023-08-11 12:00:00,14.94,299.94995,998.3144,3.2836652,25.832834,0.0,0.0
2023-08-11 13:00:00,14.82,298.65317,998.60046,3.7054596,28.096693,0.0,0.0
2023-08-11 14:00:00,15.01,297.67328,998.6019,3.9496837,30.082146,0.0,0.0
2023-08-11 15:00:00,15.38,296.85663,998.8169,3.8776507,31.883345,0.0,0.0
2023-08-11 16:00:00,15.74,295.9836,998.54706,3.7177975,33.919003,0.0,0.0
2023-08-11 17:00:00,15.65,295.09384,998.40295,3.546726,36.352875,0.0,0.0
2023-08-11 18:00:00,15.54,294.29852,998.1535,3.4010217,38.99158,0.0,0.0
2023-08-11 19:00:00,15.7,292.98245,998.58374,3.6982315,42.137928,0.0,0.0
2023-08-11 20:00:00,15.58,292.36884,998.4363,3.592838,44.518246,0.0,0.0
2023-08-11 21:00:00,15.62,291.9604,998.6864,3.5305693,46.314575,0.0,0.0
2023-08-11 22:00:00,15.62,291.63174,999.41626,3.4614742,47.724518,0.0,0.0
2023-08-11 23:00:00,15.36,292.62924,999.9819,3.0773745,45.333626,0.0,0.0
2023-08-12 00:00:00,15.52,296.49768,1000.34705,3.3589532,35.500084,0.0,0.0
2023-08-12 01:00:00,15.62,300.1084,1000.47485,4.1105447,27.953777,0.0,0.0
2023-08-12 02:00:00,15.79,302.8805,1000.09326,5.5305014,21.840357,0.0,0.0
2023-08-12 03:00:00,15.95,304.0611,999.21704,4.8298817,18.895327,0.0,0.0
2023-08-12 04:00:00,15.94,304.71167,998.16205,3.72433,17.513868,0.0,0.0
2023-08-12 05:00:00,15.47,305.18628,996.9011,3.0553925,16.571331,0.0,0.0
2023-08-12 06:00:00,15.14,305.4569,996.09906,2.4354374,16.113367,0.0,0.0
2023-08-12 07:00:00,14.83,305.76935,995.7394,2.5743103,16.48112,0.0,0.0
2023-08-12 08:00:00,14.89,305.5661,995.9597,2.2414165,17.278286,0.0,0.0
2023-08-12 09:00:00,14.73,304.9726,996.1562,1.4750639,18.61746,0.0,0.0
2023-08-12 10:00:00,15.27,303.8716,996.54736,0.5750308,20.412903,0.0,0.0
2023-08-12 11:00:00,15.35,302.35284,996.96924,1.5820355,24.029161,0.0,0.0
2023-08-12 12:00:00,15.2,300.7445,997.68475,2.6479745,25.972313,0.0,0.0
2023-08-12 13:00:00,15.69,299.26947,997.9023,3.3280725,28.867647,0.0,0.0
2023-08-12 14:00:00,16.04,298.17255,998.0588,3.6186612,31.607183,0.0,0.0
2023-08-12 15:00:00,16.35,297.55865,998.08624,3.6647372,33.638546,0.0,0.0
2023-08-12 16:00:00,17.13,297.10843,997.70154,3.744428,34.871544,0.0,0.0
2023-08-12 17:00:00,17.46,296.7274,997.544,3.5986738,36.05349,0.0,0.0
2023-08-12 18:00:00,17.87,296.17136,997.3831,3.2940488,37.836514,0.0,0.0
2023-08-12 19:00:00,18.79,294.14865,997.89966,2.1342635,43.259743,0.0,0.0
2023-08-12 20:00:00,19.24,293.0211,998.1369,2.1805127,46.866817,0.0,0.0
2023-08-12 21:00:00,19.5,292.33765,998.6761,2.1886365,49.452324,0.0,0.0
2023-08-12 22:00:00,19.71,291.8437,999.285,2.221478,51.503967,0.0,0.0
2023-08-12 23:00:00,19.89,292.57776,999.78394,1.9789877,49.675415,0.0,0.0
2023-08-13 00:00:00,20.23,296.15656,1000.2209,2.2547808,38.379646,0.0,0.0
2023-08-13 01:00:00,20.52,299.21753,1000.4542,2.320966,31.120468,0.0,0.0
2023-08-13 02:00:00,21.18,301.76135,1000.1525,2.625593,27.399233,0.0,0.0
2023-08-13 03:00:00,22.01,303.64117,998.9348,3.413638,25.91647,0.0,0.0
2023-08-13 04:00:00,22.24,304.8135,997.7353,3.4308445,23.67582,0.0,0.0
2023-08-13 05:00:00,22.28,305.2714,996.5552,2.6334271,22.468857,0.0,0.0
2023-08-13 06:00:00,22.44,305.5497,995.65216,2.1103356,21.8618,0.0,0.0
2023-08-13 07:00:00,21.94,306.24185,995.3851,1.8579315,20.657753,0.0,0.0
2023-08-13 08:00:00,21.12,306.04187,995.40936,1.4963272,20.6812,0.0,0.0
2023-08-13 09:00:00,20.64,305.62585,995.85986,1.291722,21.149261,0.0,0.0
2023-08-13 10:00:00,20.66,304.29102,996.3159,2.260651,23.433231,0.0,0.0
2023-08-13 11:00:00,20.74,302.73737,996.8454,3.000427,26.095108,0.0,0.0
2023-08-13 12:00:00,20.8,301.3209,997.4344,3.5579295,28.505608,0.0,0.0
2023-08-13 13:00:00,20.72,300.21548,997.9902,3.7356555,30.385002,0.0,0.0
2023-08-13 14:00:00,20.47,299.19986,998.1489,3.3764179,32.068832,0.0,0.0
2023-08-13 15:00:00,20.15,298.086,998.26013,2.3013036,35.092323,0.0,0.0
2023-08-13 16:00:00,20.01,297.72537,997.925,0.9750513,37.139122,0.0,0.0
2023-08-13 17:00:00,19.8,297.4206,997.6214,0.97397,36.472443,0.0,0.0
2023-08-13 18:00:00,19.42,295.77808,997.3725,1.3532869,42.831688,0.0,0.0
2023-08-13 19:00:00,19.43,294.08215,997.76654,1.3648372,49.48746,0.0,0.0
2023-08-13 20:00:00,19.42,293.67914,997.6683,1.2156262,50.101707,0.0,0.0
2023-08-13 21:00:00,19.25,292.39746,998.22217,2.1001935,53.997803,0.0,0.0
2023-08-13 22:00:00,19.09,291.9467,998.7634,2.3050356,54.736877,0.0,0.0
2023-08-13 23:00:00,19.16,292.51764,999.2841,1.4933467,56.915974,0.0,0.0
2023-08-14 00:00:00,19.73,296.60507,999.79236,1.1352589,39.086872,0.0012814999,0.0
2023-08-14 01:00:00,19.92,299.09967,1000.3064,1.1287644,32.58077,0.0,0.0
2023-08-14 02:00:00,20.12,301.42133,999.9986,1.7260001,28.041088,0.0,0.0
2023-08-14 03:00:00,20.07,303.38586,998.74603,2.1451309,24.778627,0.0,0.0
2023-08-14 04:00:00,19.48,304.48837,997.1559,1.4049008,23.081879,0.0,0.0
2023-08-14 05:00:00,19.14,305.13635,996.2725,0.47019976,21.955875,0.0,0.0
2023-08-14 06:00:00,18.86,305.5705,995.5659,0.5196728,21.103283,0.0,0.0
2023-08-14 07:00:00,19.0,305.84918,995.0533,0.58846945,21.184849,0.0,0.0
2023-08-14 08:00:00,19.06,305.68597,995.1312,0.63341445,21.105856,0.0,0.0
2023-08-14 09:00:00,18.66,305.32886,995.6316,1.2134438,21.425625,0.0,0.0
2023-08-14 10:00:00,18.64,304.2522,996.0064,2.3924005,23.090054,0.0,0.0
2023-08-14 11:00:00,18.65,302.89175,996.65643,3.0265126,25.295895,0.0,0.0
2023-08-14 12:00:00,18.51,301.6997,997.16187,3.490444,27.249947,0.0,0.0
2023-08-14 13:00:00,18.74,300.65118,997.4076,3.693597,29.068676,0.0,0.0
2023-08-14 14:00:00,18.82,299.70026,997.5703,3.6090722,30.958405,0.0,0.0
2023-08-14 15:00:00,18.79,298.71048,997.6157,3.2348244,33.181362,0.0,0.0
2023-08-14 16:00:00,19.33,297.70908,997.3906,2.7649271,35.763214,0.0,0.0
2023-08-14 17:00:00,19.45,296.6267,997.18115,2.4121482,39.07482,0.0,0.0
2023-08-14 18:00:00,19.58,295.5465,996.8069,2.149298,42.96783,0.0,0.0
2023-08-14 19:00:00,19.66,294.5047,997.1058,2.0317795,45.46161,0.0,0.0
2023-08-14 20:00:00,19.84,293.5232,997.4761,1.9760619,48.80523,0.0,0.0
2023-08-14 21:00:00,20.2,292.82953,998.1061,1.6349099,52.779526,0.0,0.0
2023-08-14 22:00:00,20.46,293.1153,998.99164,1.1668714,50.700085,0.0,0.0
2023-08-14 23:00:00,20.17,293.69836,999.58093,0.90715235,49.635227,0.0,0.0
2023-08-15 00:00:00,20.11,296.78946,1000.20795,1.2491374,38.36447,0.0,0.0
2023-08-15 01:00:00,20.32,299.07474,1000.59705,1.8922322,33.204132,0.0,0.0
2023-08-15 02:00:00,20.78,301.21344,1000.36884,2.3686748,29.13112,0.0,0.0
2023-08-15 03:00:00,20.83,303.1536,999.41266,2.8090994,25.846634,0.0,0.0
2023-08-15 04:00:00,20.24,304.6105,997.9604,2.975285,23.498539,0.0,0.0
2023-08-15 05:00:00,20.15,305.35486,996.83685,2.5080726,22.354912,0.0,0.0
2023-08-15 06:00:00,20.09,305.74884,996.1615,1.7341262,21.609106,0.0,0.0
2023-08-15 07:00:00,20.22,306.1886,995.9453,1.5569246,21.969381,0.0,0.0
2023-08-15 08:00:00,20.03,305.9879,995.8159,1.5959249,22.054533,0.0,0.0
2023-08-15 09:00:00,20.29,305.54736,996.2717,1.7468424,22.56541,0.0,0.0
2023-08-15 10:00:00,20.6,304.4619,996.74603,2.1404095,24.409893,0.0,0.0
2023-08-15 11:00:00,20.42,303.1788,997.3381,2.5165095,26.659092,0.0,0.0
2023-08-15 12:00:00,20.25,301.88293,997.9865,2.7242458,29.092392,0.0,0.0
2023-08-15 13:00:00,20.27,300.7174,997.9864,2.8857305,31.448257,0.0,0.0
2023-08-15 14:00:00,20.32,299.7685,998.1121,3.030384,33.418365,0.0,0.0
2023-08-15 15:00:00,20.05,298.99487,997.9122,3.2199712,35.038292,0.0,0.0
2023-08-15 16:00:00,20.15,298.35617,997.22534,3.2870173,36.37108,0.0,0.0
2023-08-15 17:00:00,19.98,297.6898,996.7149,3.2411788,37.88888,0.0,0.0
2023-08-15 18:00:00,19.65,296.7774,996.1982,2.9938684,40.297886,0.0,0.0
2023-08-15 19:00:00,19.47,295.83325,996.6428,4.606974,43.949898,0.0,0.0
2023-08-15 20:00:00,19.39,295.02197,996.998,3.3192234,46.31303,0.0,0.0
2023-08-15 21:00:00,19.72,294.0904,997.6459,1.9740974,50.88967,0.0,0.0
2023-08-15 22:00:00,19.99,294.1601,998.53687,0.94409984,50.73403,0.0,0.0
2023-08-15 23:00:00,19.76,294.72104,999.30096,0.57779765,48.289734,0.0,0.0
2023-08-16 00:00:00,20.01,296.7591,999.80505,0.7994354,41.35485,0.0,0.0
2023-08-16 01:00:00,20.09,298.6931,1000.0276,1.7624031,36.765846,0.0,0.0
2023-08-16 02:00:00,20.09,300.84717,999.4984,2.7723613,32.33343,0.0,0.0
2023-08-16 03:00:00,19.86,302.7593,998.448,3.343423,28.651047,0.0,0.0
2023-08-16 04:00:00,19.69,304.08243,997.04706,3.2812974,26.192692,0.0,0.0
2023-08-16 05:00:00,19.76,304.94095,996.05444,2.913173,24.738285,0.0,0.0
2023-08-16 06:00:00,19.88,305.3934,995.1825,2.5401838,23.986792,0.0,0.0
2023-08-16 07:00:00,20.06,305.76178,994.82056,2.2034545,23.0477,0.0,0.0
2023-08-16 08:00:00,19.97,305.5629,994.9153,2.2441874,23.291443,0.0,0.0
2023-08-16 09:00:00,20.3,304.98944,995.0634,2.3562853,24.120516,0.0,0.0
2023-08-16 10:00:00,20.27,303.7729,995.66425,2.4697425,26.312565,0.0,0.0
2023-08-16 11:00:00,19.85,302.5567,996.28925,2.8024714,28.750288,0.0,0.0
2023-08-16 12:00:00,20.01,301.3683,996.54474,3.3157508,31.300137,0.0,0.0
2023-08-16 13:00:00,20.43,300.41693,996.8709,3.8327737,33.410393,0.0,0.0
2023-08-16 14:00:00,21.23,299.64478,996.7753,4.0714536,35.08679,0.0,0.0
2023-08-16 15:00:00,21.39,298.94485,996.9208,4.0818143,36.624447,0.0,0.0
2023-08-16 16:00:00,21.64,298.20087,996.3511,4.09553,38.267006,0.0,0.0
2023-08-16 17:00:00,21.5,297.5489,996.3161,4.8151846,40.373802,0.0,0.0
2023-08-16 18:00:00,20.97,296.91565,995.9194,5.4952297,42.895752,0.0,0.0
2023-08-16 19:00:00,20.57,296.18793,996.37714,5.699031,45.28728,0.0,0.0
2023-08-16 20:00:00,20.32,295.69772,996.5527,5.177938,45.426968,0.0,0.0
2023-08-16 21:00:00,20.17,295.02686,997.12225,4.0986943,46.549057,0.0,0.0
2023-08-16 22:00:00,20.05,294.32086,997.84454,2.8584442,48.237183,0.0,0.0
2023-08-16 23:00:00,19.81,294.48865,998.49927,1.4041222,50.633408,0.0,0.0
2023-08-17 00:00:00,19.74,297.04065,999.0212,1.1954105,39.152752,0.0,0.0
2023-08-17 01:00:00,19.96,299.17438,999.6145,1.9270132,32.45631,0.0,0.0
2023-08-17 02:00:00,20.48,301.2284,999.4136,3.0014737,26.435066,0.0,0.0
2023-08-17 03:00:00,20.52,303.0586,998.5864,3.656668,22.672161,0.0,0.0
2023-08-17 04:00:00,20.37,304.30566,997.2939,3.661709,21.867598,0.0,0.0
2023-08-17 05:00:00,20.26,305.0909,996.18896,3.2800744,21.62609,0.0,0.0
2023-08-17 06:00:00,20.11,305.51306,995.37616,2.8727107,21.38412,0.0,0.0
2023-08-17 07:00:00,19.95,305.62466,995.3694,3.069069,22.095322,0.0,0.0
2023-08-17 08:00:00,19.16,305.46228,995.577,3.0225377,22.266466,0.0,0.0
2023-08-17 09:00:00,19.08,304.9069,995.7686,3.027413,22.87905,0.0,0.0
2023-08-17 10:00:00,19.07,303.4596,996.1541,2.9024227,25.34569,0.0,0.0
2023-08-17 11:00:00,18.74,302.2209,996.75635,3.3453743,27.413956,0.0,0.0
2023-08-17 12:00:00,19.14,301.06677,997.1092,3.6764097,29.134962,0.0,0.0
2023-08-17 13:00:00,19.28,300.08124,997.47266,4.0076933,30.34538,0.0,0.0
2023-08-17 14:00:00,19.18,299.22107,997.7365,4.4332275,30.98596,0.0,0.0
2023-08-17 15:00:00,18.57,298.4944,997.7886,5.041761,30.627754,0.0,0.0
2023-08-17 16:00:00,17.87,297.80023,997.74774,5.541272,29.242363,0.0,0.0
2023-08-17 17:00:00,16.85,297.11487,997.6914,5.6302676,27.663126,0.0,0.0
2023-08-17 18:00:00,16.3,296.44107,997.28235,5.5933056,26.635185,0.0,0.0
2023-08-17 19:00:00,16.19,295.31094,998.1447,5.524124,27.454937,0.0,0.0
2023-08-17 20:00:00,15.69,294.75363,997.9931,5.468231,27.488274,0.0,0.0
2023-08-17 21:00:00,15.38,294.31317,998.2595,5.3323464,28.23427,0.0,0.0
2023-08-17 22:00:00,15.28,293.8046,999.0009,5.140356,29.618979,0.0,0.0
2023-08-17 23:00:00,15.05,294.6292,999.9719,4.7981796,28.938671,0.0,0.0
2023-08-18 00:00:00,15.13,296.70752,1000.44275,6.3042603,26.304363,0.0,0.0
2023-08-18 01:00:00,15.39,298.94415,1000.81506,6.9584026,23.953564,0.0,0.0
2023-08-18 02:00:00,15.75,301.3021,1000.3761,6.872237,21.404911,0.0,0.0
2023-08-18 03:00:00,16.07,303.3969,999.3225,6.8359137,19.388441,0.0,0.0
2023-08-18 04:00:00,16.42,304.9599,998.0916,6.6641207,18.45656,0.0,0.0
2023-08-18 05:00:00,16.83,305.94666,997.0109,6.0945354,18.325285,0.0,0.0
2023-08-18 06:00:00,17.09,306.48697,996.3261,5.523031,18.33607,0.0,0.0
2023-08-18 07:00:00,17.56,306.62396,996.3145,4.78417,18.127289,0.0,0.0
2023-08-18 08:00:00,17.42,306.44333,996.2622,4.539481,18.301373,0.0,0.0
2023-08-18 09:00:00,17.46,305.74622,996.5463,3.9442492,19.245209,0.0,0.0
2023-08-18 10:00:00,18.09,303.86905,996.9178,3.4147487,22.040272,0.0,0.0
2023-08-18 11:00:00,18.84,302.43872,997.53064,3.8206503,24.35328,0.0,0.0
2023-08-18 12:00:00,19.43,301.25827,998.00885,4.267011,26.289474,0.0,0.0
2023-08-18 13:00:00,19.52,300.23016,998.2967,4.6339746,28.104105,0.0,0.0
2023-08-18 14:00:00,19.99,299.37878,998.47345,5.1602,29.724043,0.0,0.0
2023-08-18 15:00:00,19.96,298.77118,998.7614,5.7107086,30.922714,0.0,0.0
2023-08-18 16:00:00,19.65,298.36932,998.7551,6.033602,31.910381,0.0,0.0
2023-08-18 17:00:00,19.21,298.06003,998.6789,6.1334133,33.20406,0.0,0.0
2023-08-18 18:00:00,18.85,297.76917,998.5228,6.235529,34.318947,0.0,0.0
2023-08-18 19:00:00,18.91,296.32028,999.7949,6.0599313,37.014194,0.0,0.0
2023-08-18 20:00:00,18.68,295.7566,999.7893,6.166133,37.476017,0.0,0.0
2023-08-18 21:00:00,19.11,295.35553,1000.37305,6.1311784,37.510334,0.0,0.0
2023-08-18 22:00:00,19.41,294.93915,1001.05865,5.9208884,37.747864,0.0,0.0
2023-08-18 23:00:00,19.53,295.8045,1001.66626,5.4843464,35.40108,0.0,0.0
2023-08-19 00:00:00,,297.8182,1002.22656,7.40177,30.713923,0.0,0.0
2023-08-19 01:00:00,,299.9052,1002.4802,8.388464,26.963175,0.0,0.0
2023-08-19 02:00:00,,302.0067,1001.9572,8.38043,23.97931,0.0,0.0
2023-08-19 03:00:00,,303.82275,1001.0527,8.147908,21.87651,0.0,0.0
2023-08-19 04:00:00,,305.22455,999.8145,7.7494874,20.42659,0.0,0.0
2023-08-19 05:00:00,,306.12042,998.64954,7.2102623,19.561138,0.0,0.0
2023-08-19 06:00:00,,306.53528,997.76874,6.726763,19.188383,0.0,0.0
2023-08-19 07:00:00,,306.72827,997.389,5.972507,19.482056,0.0,0.0
2023-08-19 08:00:00,,306.36237,997.5109,5.77648,19.674114,0.0,0.0
2023-08-19 09:00:00,,305.48145,998.04596,5.173355,20.66009,0.0,0.0
2023-08-19 10:00:00,,303.67657,998.51416,4.7044573,23.100508,0.0,0.0
2023-08-19 11:00:00,,302.36667,999.4283,5.056733,24.92435,0.0,0.0
2023-08-19 12:00:00,,301.24164,999.855,5.4154186,26.368422,0.0,0.0
2023-08-19 13:00:00,,300.26984,1000.3084,5.4953823,27.49756,0.0,0.0
2023-08-19 14:00:00,,299.3907,1000.41406,5.550351,28.337872,0.0,0.0
2023-08-19 15:00:00,,298.62122,1000.8745,5.5964026,28.748432,0.0,0.0
2023-08-19 16:00:00,,297.82788,1000.7997,5.707875,28.839981,0.0,0.0
2023-08-19 17:00:00,,297.0929,1000.65125,5.892528,28.588808,0.0,0.0
2023-08-19 18:00:00,,296.4684,1000.27625,6.01543,28.314146,0.0,0.0
2023-08-19 19:00:00,,295.1231,1000.5114,5.6173944,30.719242,0.0,0.0
2023-08-19 20:00:00,,294.52234,1000.5335,5.3842344,31.01668,0.0,0.0
2023-08-19 21:00:00,,294.0175,1001.0036,5.3454514,31.485685,0.0,0.0
2023-08-19 22:00:00,,293.57507,1001.4196,5.391043,31.993666,0.0,0.0
2023-08-19 23:00:00,,294.52237,1001.92487,5.2493815,30.00616,0.0,0.0
2023-08-20 00:00:00,,296.947,1002.58685,6.605127,25.260214,0.0,0.0
2023-08-20 01:00:00,,299.63934,1002.9455,6.861687,21.144135,0.0,0.0
2023-08-20 02:00:00,,302.23846,1002.308,6.6727443,18.213692,0.0,0.0
2023-08-20 03:00:00,,303.9427,1001.0949,5.7907333,17.7844,0.0,0.0
2023-08-20 04:00:00,,304.7497,1000.0996,4.3956404,17.490097,0.0,0.0
2023-08-20 05:00:00,,305.22473,999.049,3.5018454,17.022184,0.0,0.0
2023-08-20 06:00:00,,305.50604,998.1326,3.172136,16.416512,0.0,0.0
2023-08-20 07:00:00,,305.81195,997.6906,2.785764,16.191034,0.0,0.0
2023-08-20 08:00:00,,305.5564,997.54626,2.9960828,16.065903,0.0,0.0
2023-08-20 09:00:00,,304.9146,998.057,3.129323,16.391642,0.0,0.0
2023-08-20 10:00:00,,303.23596,998.228,3.001674,18.06335,0.0,0.0
2023-08-20 11:00:00,,301.78378,999.0436,3.2947214,19.549507,0.0,0.0
2023-08-20 12:00:00,,300.4173,999.5325,3.5298412,20.948938,0.0,0.0
2023-08-20 13:00:00,,299.19586,999.9231,3.7638404,22.228544,0.0,0.0
2023-08-20 14:00:00,,298.12958,1000.1364,4.318725,23.284506,0.0,0.0
2023-08-20 15:00:00,,297.2202,1000.2897,4.8924136,23.84823,0.0,0.0
2023-08-20 16:00:00,,296.35742,1000.02515,5.009783,23.897789,0.0,0.0
2023-08-20 17:00:00,,295.46472,999.617,4.724913,23.701488,0.0,0.0
2023-08-20 18:00:00,,294.60916,999.22144,4.5335784,23.141857,0.0,0.0
2023-08-20 19:00:00,,293.2401,999.50476,4.4736705,24.87939,0.0,0.0
2023-08-20 20:00:00,,292.49683,999.52985,4.2547565,24.0616,0.0,0.0
2023-08-20 21:00:00,,291.89587,999.8271,4.08374,23.216904,0.0,0.0
2023-08-20 22:00:00,,291.4079,1000.4398,3.8401606,22.695469,0.0,0.0
2023-08-20 23:00:00,,292.5205,1000.9978,3.3873267,20.804491,0.0,0.0
2023-08-21 00:00:00,,295.65878,1001.51953,4.236395,16.623203,0.0,0.0
2023-08-21 01:00:00,,298.7694,1001.8363,4.633758,14.122502,0.0,0.0
2023-08-21 02:00:00,,301.4057,1001.5862,4.919471,12.954105,0.0,0.0
2023-08-21 03:00:00,,303.0621,1000.5223,4.9400897,12.774895,0.0,0.0
2023-08-21 04:00:00,,304.27515,999.2514,5.326877,12.1505785,0.0,0.0
2023-08-21 05:00:00,,305.1161,998.05,5.675667,11.766733,0.0,0.0
2023-08-21 06:00:00,,305.5509,997.2759,5.7104535,11.589603,0.0,0.0
2023-08-21 07:00:00,,305.65155,996.7097,5.283071,11.760779,0.0,0.0
2023-08-21 08:00:00,,305.32227,996.91437,5.4129286,11.604963,0.0,0.0
2023-08-21 09:00:00,,304.44412,997.5033,4.882684,11.933844,0.0,0.0
2023-08-21 10:00:00,,302.49332,997.91327,3.9357169,13.3001585,0.0,0.0
2023-08-21 11:00:00,,300.9292,998.76843,3.9353359,14.466125,0.0,0.0
2023-08-21 12:00:00,,299.54443,999.46686,4.04704,15.439045,0.0,0.0
2023-08-21 13:00:00,,298.2962,999.8618,4.090178,16.239939,0.0,0.0
2023-08-21 14:00:00,,297.177,1000.1472,4.146438,16.900959,0.0,0.0
2023-08-21 15:00:00,,296.13013,1000.05975,4.0615726,17.542809,0.0,0.0
2023-08-21 16:00:00,,295.15274,999.7495,3.9605286,18.265465,0.0,0.0
2023-08-21 17:00:00,,294.24463,999.4398,3.876363,19.053968,0.0,0.0
2023-08-21 18:00:00,,293.45288,999.4129,3.9112954,19.784966,0.0,0.0
2023-08-21 19:00:00,,292.29465,999.65765,4.2173553,20.84019,0.0,0.0
2023-08-21 20:00:00,,291.60547,999.6912,4.1218286,21.604633,0.0,0.0
2023-08-21 21:00:00,,291.05347,1000.12384,4.053274,22.283852,0.0,0.0
2023-08-21 22:00:00,,290.58148,1000.7452,3.9536636,22.981493,0.0,0.0
2023-08-21 23:00:00,,291.84555,1001.4077,3.551355,21.544659,0.0,0.0
2023-08-22 00:00:00,,295.53595,1001.9433,4.276783,17.124285,0.0,0.0
2023-08-22 01:00:00,,299.1162,1002.16656,4.815484,14.047554,0.0,0.0
2023-08-22 02:00:00,,301.89114,1001.55475,6.0480347,12.204166,0.0,0.0
2023-08-22 03:00:00,,303.56235,1000.3862,7.610791,11.1558485,0.0,0.0
2023-08-22 04:00:00,,304.64273,999.1064,7.5824614,10.292064,0.0,0.0
2023-08-22 05:00:00,,305.32263,997.7184,7.071376,9.626175,0.0,0.0
2023-08-22 06:00:00,,305.70428,996.96936,6.588401,9.188408,0.0,0.0
2023-08-22 07:00:00,,305.56793,996.28766,5.561245,9.771097,0.0,0.0
2023-08-22 08:00:00,,305.2618,996.625,5.1785808,9.949152,0.0,0.0
2023-08-22 09:00:00,,304.32135,997.0725,4.0941606,10.905375,0.0,0.0
2023-08-22 10:00:00,,302.1795,997.49774,3.562903,13.235172,0.0,0.0
2023-08-22 11:00:00,,300.6129,998.2551,3.7880476,15.160855,0.0,0.0
2023-08-22 12:00:00,,299.30212,998.853,3.9924521,16.878819,0.0,0.0
2023-08-22 13:00:00,,298.13763,998.9988,4.0624986,18.56584,0.0,0.0
2023-08-22 14:00:00,,297.05994,999.1686,4.13992,20.248821,0.0,0.0
2023-08-22 15:00:00,,296.05026,999.1206,4.2727685,21.86253,0.0,0.0
2023-08-22 16:00:00,,295.1904,999.1794,4.418376,23.184278,0.0,0.0
2023-08-22 17:00:00,,294.46228,999.09204,4.484739,24.218252,0.0,0.0
2023-08-22 18:00:00,,293.83667,998.9836,4.5075436,24.961811,0.0,0.0
2023-08-22 19:00:00,,292.62494,999.8218,4.2393756,26.457575,0.0,0.0
2023-08-22 20:00:00,,291.8993,1000.08185,4.0754037,27.539185,0.0,0.0
2023-08-22 21:00:00,,291.31857,1000.52313,3.893266,28.494581,0.0,0.0
2023-08-22 22:00:00,,290.86212,1001.22595,3.7432537,29.332867,0.0,0.0
2023-08-22 23:00:00,,292.17603,1001.94763,3.357673,27.280748,0.0,0.0
2023-08-23 00:00:00,,295.87158,1002.53986,4.1785655,21.234718,0.0,0.0
2023-08-23 01:00:00,,299.46753,1002.70013,5.1943445,16.7773,0.0,0.0
2023-08-23 02:00:00,,302.6239,1002.03217,6.075997,13.508637,0.0,0.0
2023-08-23 03:00:00,,304.7129,1000.4839,6.497932,11.838919,0.0,0.0
2023-08-23 04:00:00,,305.67633,999.09766,5.4984055,11.134234,0.0,0.0
2023-08-23 05:00:00,,306.17743,997.6834,4.788695,10.64246,0.0,0.0
2023-08-23 06:00:00,,306.45007,997.03326,4.511357,10.343902,0.0,0.0
2023-08-23 07:00:00,,306.75824,996.6136,4.599537,10.531449,0.0,0.0
2023-08-23 08:00:00,,306.3811,996.5513,4.5699487,10.595072,0.0,0.0
2023-08-23 09:00:00,,305.48413,996.9875,3.9731574,11.078676,0.0,0.0
2023-08-23 10:00:00,,303.38324,997.5843,3.4712722,12.644969,0.0,0.0
2023-08-23 11:00:00,,301.75568,998.3278,3.689042,14.069934,0.0,0.0
2023-08-23 12:00:00,,300.34457,998.8641,4.0063267,15.411627,0.0,0.0
2023-08-23 13:00:00,,299.16168,999.0721,4.201373,16.613785,0.0,0.0
2023-08-23 14:00:00,,298.11633,999.1047,4.313035,17.690569,0.0,0.0
2023-08-23 15:00:00,,297.1501,999.1997,4.4185266,18.742992,0.0,0.0
2023-08-23 16:00:00,,296.25366,999.2201,4.547406,19.746717,0.0,0.0
2023-08-23 17:00:00,,295.53436,999.14825,4.648295,20.455458,0.0,0.0
2023-08-23 18:00:00,,295.03833,999.2433,4.873154,20.764284,0.0,0.0
2023-08-23 19:00:00,,293.70923,999.8872,4.8136096,22.572308,0.0,0.0
2023-08-23 20:00:00,,293.06555,1000.1841,4.7230496,23.615582,0.0,0.0
2023-08-23 21:00:00,,292.5901,1000.79016,4.621279,24.574991,0.0,0.0
2023-08-23 22:00:00,,292.21185,1001.63745,4.6357937,25.41871,0.0,0.0
2023-08-23 23:00:00,,293.5591,1002.47955,4.4437575,23.73082,0.0,0.0
2023-08-24 00:00:00,,296.77332,1002.9794,5.6453567,19.506477,0.0017224121,0.0
2023-08-24 01:00:00,,299.87396,1003.3047,6.6728077,16.197618,0.0,0.0
2023-08-24 02:00:00,,302.5594,1002.6342,7.143472,13.771495,0.0,0.0
2023-08-24 03:00:00,,304.4728,1001.4467,6.89408,12.317325,0.0,0.0
2023-08-24 04:00:00,,305.4796,1000.24097,5.9953094,11.557593,0.0,0.0
2023-08-24 05:00:00,,305.9886,999.1708,5.250579,11.137044,0.0,0.0
2023-08-24 06:00:00,,306.25635,998.4214,5.0643883,10.896577,0.0,0.0
2023-08-24 07:00:00,,306.28998,997.9302,5.1332445,11.587952,0.0,0.0
2023-08-24 08:00:00,,305.91193,998.0014,5.297638,11.797513,0.0,0.0
2023-08-24 09:00:00,,304.99298,998.47406,4.7809105,12.526342,0.0,0.0
2023-08-24 10:00:00,,302.9883,999.03406,4.072535,14.24506,0.0,0.0
2023-08-24 11:00:00,,301.45187,999.646,4.1782546,15.69805,0.0,0.0
2023-08-24 12:00:00,,300.12762,1000.1339,4.3914685,17.021301,0.0,0.0
2023-08-24 13:00:00,,298.9297,1000.522,4.679311,18.244944,0.0,0.0
2023-08-24 14:00:00,,297.9048,1000.8247,5.0636315,19.188295,0.0,0.0
2023-08-24 15:00:00,,297.0346,1000.86084,5.2919965,19.82045,0.0,0.0
2023-08-24 16:00:00,,296.26202,1000.6955,5.3612638,20.26785,0.0,0.0
2023-08-24 17:00:00,,295.57263,1000.5527,5.4159617,20.570427,0.0,0.0
2023-08-24 18:00:00,,294.95453,1000.47955,5.4106483,20.787336,0.0,0.0
2023-08-24 19:00:00,,293.4875,1000.92487,4.683626,22.37514,0.0,0.0
2023-08-24 20:00:00,,292.66858,1001.02234,4.4595337,23.537172,0.0,0.0
2023-08-24 21:00:00,,291.97302,1001.5157,4.2259245,24.775702,0.0,0.0
2023-08-24 22:00:00,,291.35223,1002.15485,4.0620136,26.08127,0.0,0.0
2023-08-24 23:00:00,,292.57526,1002.7947,3.641414,24.711071,0.0,0.0
2023-08-25 00:00:00,,295.9488,1003.065,4.7755685,20.192972,0.0,0.0
2023-08-25 01:00:00,,299.2647,1002.9334,5.840804,16.841503,0.0,0.0
2023-08-25 02:00:00,,302.12903,1002.173,7.1374207,14.718251,0.0,0.0
2023-08-25 03:00:00,,303.94257,1000.8911,8.256937,13.771491,0.0,0.0
2023-08-25 04:00:00,,305.0406,999.498,7.779249,12.565404,0.0,0.0
2023-08-25 05:00:00,,305.86615,998.3658,7.428229,11.637264,0.0,0.0
2023-08-25 06:00:00,,306.35168,997.42487,7.1891217,11.0553055,0.0,0.0
2023-08-25 07:00:00,,306.59064,997.0822,7.182278,11.319312,0.0,0.0
2023-08-25 08:00:00,,306.2565,997.22595,7.0797834,11.302003,0.0,0.0
2023-08-25 09:00:00,,305.3152,997.7442,6.007732,11.8424425,0.0,0.0
2023-08-25 10:00:00,,303.3078,998.06366,4.9152966,13.288069,0.0,0.0
2023-08-25 11:00:00,,301.77017,998.79596,4.8938594,14.508064,0.0,0.0
2023-08-25 12:00:00,,300.47418,999.53546,4.99419,15.624038,0.0,0.0
2023-08-25 13:00:00,,299.2781,1000.049,5.125408,16.815714,0.0,0.0
2023-08-25 14:00:00,,298.22577,1000.57275,5.1991916,18.04572,0.0,0.0
2023-08-25 15:00:00,,297.24982,1000.40063,5.207763,19.292639,0.0,0.0
2023-08-25 16:00:00,,296.42297,1000.22,5.2850547,20.35929,0.0,0.0
2023-08-25 17:00:00,,295.7182,1000.0,5.2943788,21.218063,0.0,0.0
2023-08-25 18:00:00,,295.07663,999.9892,5.192881,21.986254,0.0,0.0
2023-08-25 19:00:00,,293.34894,1000.10913,4.4731417,24.527826,0.0,0.0
2023-08-25 20:00:00,,292.63916,1000.45264,4.3905783,25.783318,0.0,0.0
2023-08-25 21:00:00,,292.09366,1000.8259,4.3797755,26.833704,0.0,0.0
2023-08-25 22:00:00,,291.72412,1001.59064,4.490016,27.626095,0.0,0.0
2023-08-25 23:00:00,,293.24896,1002.3617,4.480782,25.391718,0.0,0.0
2023-08-26 00:00:00,,296.51685,1003.0545,5.8395786,20.577421,0.0,0.0
2023-08-26 01:00:00,,299.54324,1002.7439,7.072355,16.71708,0.0,0.0
2023-08-26 02:00:00,,302.17987,1001.8917,8.311811,13.626642,0.0,0.0
2023-08-26 03:00:00,,303.8043,1000.60626,8.730469,11.687771,0.0,0.0
2023-08-26 04:00:00,,304.867,999.225,7.927426,10.788908,0.0,0.0
2023-08-26 05:00:00,,305.60825,998.176,7.2505274,10.151354,0.0,0.0
2023-08-26 06:00:00,,306.01978,997.5743,6.7400503,9.700876,0.0,0.0
2023-08-26 07:00:00,,306.1129,997.3013,6.7602525,9.899478,0.0,0.0
2023-08-26 08:00:00,,305.75446,997.5787,6.394214,9.824657,0.0,0.0
2023-08-26 09:00:00,,304.79352,998.15485,5.235306,10.273883,0.0,0.0
2023-08-26 10:00:00,,302.60895,998.64514,4.1955767,11.68848,0.0,0.0
2023-08-26 11:00:00,,300.94092,999.33734,4.2892423,12.818516,0.0,0.0
2023-08-26 12:00:00,,299.57108,999.8727,4.557501,13.668794,0.0,0.0
2023-08-26 13:00:00,,298.35974,1000.18,4.6876717,14.411032,0.0,0.0
2023-08-26 14:00:00,,297.22913,1000.15155,4.806575,15.196215,0.0,0.0
2023-08-26 15:00:00,,296.20767,1000.0739,4.8690405,16.071404,0.0,0.0
2023-08-26 16:00:00,,295.33356,999.98444,4.8521447,17.0199,0.0,0.0
2023-08-26 17:00:00,,294.57837,1000.02966,4.7893724,18.064672,0.0,0.0
2023-08-26 18:00:00,,293.88812,999.7573,4.6065006,19.190832,0.0,0.0
2023-08-26 19:00:00,,292.33203,1000.0513,4.2656426,22.04012,0.0,0.0
2023-08-26 20:00:00,,291.64835,999.8691,4.3354974,23.36795,0.0,0.0
2023-08-26 21:00:00,,291.2176,1000.0623,4.5983353,24.3332,0.0,0.0
2023-08-26 22:00:00,,290.99307,1000.71954,4.9692826,24.933664,0.0,0.0
2023-08-26 23:00:00,,292.74536,1001.3928,5.2007275,22.660582,0.0,0.0
2023-08-27 00:00:00,,296.0846,1002.05695,6.784823,18.445934,0.0,0.0
2023-08-27 01:00:00,,299.1787,1002.08936,8.287691,15.521966,0.0,0.0
2023-08-27 02:00:00,,301.79468,1001.23267,8.959952,14.221557,0.0,0.0
2023-08-27 03:00:00,,303.72818,1000.10156,9.180011,14.208667,0.0,0.0
2023-08-27 04:00:00,,305.0277,998.7486,8.257539,13.740373,0.0,0.0
2023-08-27 05:00:00,,305.9021,997.4204,7.2063475,13.003109,0.0,0.0
2023-08-27 06:00:00,,306.4806,996.7517,6.5016937,12.420438,0.0,0.0
2023-08-27 07:00:00,,306.6775,996.12976,5.7734094,10.767468,0.0,0.0
2023-08-27 08:00:00,,306.42798,996.38916,5.4522223,10.832171,0.0,0.0
2023-08-27 09:00:00,,305.51514,996.7503,4.437851,11.52692,0.0,0.0
2023-08-27 10:00:00,,303.2926,997.2072,3.741467,13.432093,0.0,0.0
2023-08-27 11:00:00,,301.59747,997.8446,3.8942645,15.138838,0.0,0.0
2023-08-27 12:00:00,,300.18896,998.58203,4.096371,16.66645,0.0,0.0
2023-08-27 13:00:00,,298.94513,998.86127,4.1076207,18.103027,0.0,0.0
2023-08-27 14:00:00,,297.74628,998.9402,3.9412012,19.594385,0.0,0.0
2023-08-27 15:00:00,,296.58105,999.1593,3.6616623,21.199041,0.0,0.0
2023-08-27 16:00:00,,295.40387,999.0989,3.4747136,22.973614,0.0,0.0
2023-08-27 17:00:00,,294.36365,999.0731,3.5567791,24.583368,0.0,0.0
2023-08-27 18:00:00,,293.54407,998.8181,3.841652,25.642405,0.0,0.0
2023-08-27 19:00:00,,291.94156,998.7503,3.921392,28.020535,0.0,0.0
2023-08-27 20:00:00,,291.17914,998.66986,3.9575403,28.820297,0.0,0.0
2023-08-27 21:00:00,,290.70227,999.1697,3.996872,28.831726,0.0,0.0
2023-08-27 22:00:00,,290.4437,999.94336,4.096442,28.30853,0.0,0.0
2023-08-27 23:00:00,,292.2401,1000.7617,3.848434,24.819166,0.0,0.0
2023-08-28 00:00:00,,296.28268,1001.2072,5.0218086,18.864378,0.0,0.0
2023-08-28 01:00:00,,300.05905,1001.243,6.0544252,15.341049,0.0,0.0
2023-08-28 02:00:00,,303.17596,1000.6821,7.0002136,13.562864,0.0,0.0
2023-08-28 03:00:00,,305.18167,999.63556,7.707295,13.043392,0.0,0.0
2023-08-28 04:00:00,,306.07285,998.3058,6.736336,13.017295,0.0,0.0
2023-08-28 05:00:00,,306.7365,997.25,6.0032215,12.363476,0.0,0.0
2023-08-28 06:00:00,,307.14038,996.565,5.4707456,11.869684,0.0,0.0
2023-08-28 07:00:00,,307.48218,995.961,5.0051045,11.115308,0.0,0.0
2023-08-28 08:00:00,,307.2514,996.0641,4.776303,11.190049,0.0,0.0
2023-08-28 09:00:00,,306.39117,996.5678,3.93101,11.862532,0.0,0.0
2023-08-28 10:00:00,,304.2206,997.0503,3.5594585,13.6161585,0.0,0.0
2023-08-28 11:00:00,,302.4813,997.63,3.804071,15.20253,0.0,0.0
2023-08-28 12:00:00,,300.9967,998.0754,4.088813,16.676758,0.0,0.0
2023-08-28 13:00:00,,299.75793,998.632,4.2882357,18.068537,0.0,0.0
2023-08-28 14:00:00,,298.66327,998.8897,4.355213,19.446001,0.0,0.0
2023-08-28 15:00:00,,297.6892,999.1813,4.3815966,20.791985,0.0,0.0
2023-08-28 16:00:00,,296.75253,998.8666,4.344925,22.159283,0.0,0.0
2023-08-28 17:00:00,,295.94232,998.7459,4.2571044,23.381918,0.0,0.0
2023-08-28 18:00:00,,295.2079,998.53,4.1757455,24.45473,0.0,0.0
2023-08-28 19:00:00,,293.32294,998.7372,3.6696203,29.047035,0.0,0.0
2023-08-28 20:00:00,,292.44943,998.628,3.6756127,30.795279,0.0,0.0
2023-08-28 21:00:00,,291.84845,999.16125,3.7313507,32.02627,0.0,0.0
2023-08-28 22:00:00,,291.4172,999.8947,3.8376856,32.896652,0.0,0.0
2023-08-28 23:00:00,,293.24524,1000.7175,3.6329284,29.550657,0.0,0.0
2023-08-29 00:00:00,,297.5122,1001.2977,4.559005,22.710238,0.0,0.0
2023-08-29 01:00:00,,301.47906,1001.26654,5.542533,17.856865,0.0,0.0
2023-08-29 02:00:00,,304.2692,1000.6344,6.963184,14.377292,0.0,0.0
2023-08-29 03:00:00,,305.44025,999.4392,6.6960664,12.367506,0.0,0.0
2023-08-29 04:00:00,,306.27713,998.08264,6.0441413,11.513562,0.0,0.0
2023-08-29 05:00:00,,306.9397,996.75586,5.4490786,10.9237585,0.0,0.0
2023-08-29 06:00:00,,307.3426,996.04047,4.9906855,10.650895,0.0,0.0
2023-08-29 07:00:00,,307.60388,995.42456,4.4786005,10.5104065,0.0,0.0
2023-08-29 08:00:00,,307.35703,995.58185,4.4170322,10.730536,0.0,0.0
2023-08-29 09:00:00,,306.4724,995.84406,3.7485762,11.465963,0.0,0.0
2023-08-29 10:00:00,,304.38617,996.53156,3.2825413,13.209809,0.0,0.0
2023-08-29 11:00:00,,302.62964,997.0884,3.429515,14.875874,0.0,0.0
2023-08-29 12:00:00,,301.0479,997.44867,3.4509754,16.510891,0.0,0.0
2023-08-29 13:00:00,,299.59106,997.8836,3.420417,18.168535,0.0,0.0
2023-08-29 14:00:00,,298.23346,997.81,3.406362,19.87252,0.0,0.0
2023-08-29 15:00:00,,297.01025,997.84436,3.5054595,21.490244,0.0017166139,0.0
2023-08-29 16:00:00,,295.94843,997.4786,3.644863,22.908276,0.0,0.0
2023-08-29 17:00:00,,295.03778,997.16626,3.6604908,24.106466,0.0,0.0
2023-08-29 18:00:00,,294.19208,996.9406,3.6451752,25.210459,0.0,0.0
2023-08-29 19:00:00,,292.33594,997.36664,3.5142472,28.882118,0.0,0.0
2023-08-29 20:00:00,,291.31396,997.48846,3.3756132,31.057861,0.0,0.0
2023-08-29 21:00:00,,290.55328,998.22595,3.3494718,33.011444,0.0,0.0
2023-08-29 22:00:00,,289.98016,999.15936,3.3852243,34.748615,0.0,0.0
2023-08-29 23:00:00,,291.7448,1000.10547,3.0739913,31.619617,0.0,0.0
2023-08-30 00:00:00,7.96,296.19446,1000.6936,3.4225237,23.934372,0.0025629997,0.0
2023-08-30 01:00:00,8.22,300.53845,1000.9275,3.8874946,18.449068,0.0,0.0
2023-08-30 02:00:00,8.12,303.93317,1000.2198,4.5386763,14.79114,0.0,0.0
2023-08-30 03:00:00,8.17,305.94867,999.5567,6.041308,10.864067,0.0,0.0
2023-08-30 04:00:00,8.2,306.8528,998.197,5.767107,9.70651,0.0,0.0
2023-08-30 05:00:00,7.63,307.55392,997.10583,5.395621,8.905748,0.0,0.0
2023-08-30 06:00:00,7.19,307.94196,996.3166,5.0126343,8.453458,0.0,0.0
2023-08-30 07:00:00,7.29,308.24643,995.9018,4.8917694,8.781523,0.0,0.0
2023-08-30 08:00:00,6.79,307.91296,995.83417,4.637379,8.833952,0.0,0.0
2023-08-30 09:00:00,6.39,306.95935,996.16516,3.7487426,9.443903,0.0,0.0
2023-08-30 10:00:00,6.63,304.78503,996.6582,3.2583628,10.990012,0.0,0.0
2023-08-30 11:00:00,6.9,302.9856,997.3822,3.2774608,12.540181,0.0,0.0
2023-08-30 12:00:00,7.19,301.29776,997.98376,3.3214667,14.157073,0.0,0.0
2023-08-30 13:00:00,7.36,299.72717,998.40344,3.3519194,15.793206,0.0,0.0
2023-08-30 14:00:00,7.31,298.2965,998.47284,3.4413877,17.364548,0.0,0.0
2023-08-30 15:00:00,7.09,297.02725,998.4581,3.5144289,18.816093,0.0,0.0
2023-08-30 16:00:00,6.61,295.90033,998.0128,3.5205643,20.136303,0.0,0.0
2023-08-30 17:00:00,6.37,294.9333,997.6699,3.4797368,21.297657,0.0,0.0
2023-08-30 18:00:00,6.6,294.11694,997.3644,3.5134928,22.24315,0.0,0.0
2023-08-30 19:00:00,6.68,292.33618,997.9205,3.4959772,25.200289,0.0,0.0
2023-08-30 20:00:00,6.97,291.41333,998.163,3.3674822,26.739216,0.0,0.0
2023-08-30 21:00:00,7.14,290.70865,998.5186,3.2618463,28.151766,0.0,0.0
2023-08-30 22:00:00,7.12,290.1177,999.585,3.2092812,29.539267,0.0,0.0
2023-08-30 23:00:00,6.99,291.83795,1000.47595,3.3305476,26.350752,0.0,0.0
2023-08-31 00:00:00,6.99,296.11475,1001.199,4.2999864,19.203272,0.0,0.0
2023-08-31 01:00:00,6.86,300.1808,1001.39526,5.0137067,14.285965,0.0,0.0
2023-08-31 02:00:00,6.93,303.4433,1000.77686,5.481725,11.480752,0.0,0.0
2023-08-31 03:00:00,6.79,305.8442,999.85693,5.6827016,9.796784,0.0,0.0
2023-08-31 04:00:00,6.6,307.2649,998.67267,5.6415777,8.544155,0.0,0.0
2023-08-31 05:00:00,6.47,307.97958,997.5734,5.235633,7.842105,0.0,0.0
2023-08-31 06:00:00,6.59,308.32114,996.8236,4.7389655,7.535857,0.0,0.0
2023-08-31 07:00:00,6.69,308.43842,996.1348,4.2954063,8.491343,0.0,0.0
2023-08-31 08:00:00,6.67,308.11047,996.09155,4.0581546,8.607733,0.0,0.0
2023-08-31 09:00:00,6.77,307.2026,996.368,3.1857738,9.160314,0.0,0.0
2023-08-31 10:00:00,7.0,305.05972,996.7528,3.1360383,10.514053,0.0,0.0
2023-08-31 11:00:00,7.1,303.06635,997.2022,3.5953712,11.841242,0.0,0.0
2023-08-31 12:00:00,7.48,301.47437,997.7252,4.1314454,12.898013,0.0,0.0
2023-08-31 13:00:00,7.72,300.2131,998.1194,4.715224,13.851341,0.0,0.0
2023-08-31 14:00:00,7.79,299.22992,998.1998,5.2963924,14.75984,0.0,0.0
2023-08-31 15:00:00,7.86,298.41315,998.52814,5.5608616,15.720902,0.0,0.0
2023-08-31 16:00:00,7.87,297.58273,998.09454,5.4524374,16.774834,0.0,0.0
2023-08-31 17:00:00,7.83,296.71698,997.89514,5.215748,17.875385,0.0,0.0
2023-08-31 18:00:00,8.11,295.8776,997.7605,5.093681,19.004627,0.0,0.0
2023-08-31 19:00:00,8.27,294.04968,998.8347,4.2008524,21.710598,0.0,0.0
2023-08-31 20:00:00,8.31,293.1372,998.8338,4.0367355,23.349724,0.0,0.0
2023-08-31 21:00:00,8.3,292.44012,999.29565,3.8299627,24.895977,0.0,0.0
2023-08-31 22:00:00,8.68,291.85638,999.83044,3.5468807,26.448769,0.0,0.0
2023-08-31 23:00:00,8.88,293.36658,1000.4059,3.087133,24.846418,0.0,0.0
2023-09-01 00:00:00,9.33,296.84552,1000.8005,3.8809443,20.298151,0.0,0.0
2023-09-01 01:00:00,9.48,300.11652,1000.56,4.1360054,17.037169,0.0,0.0
2023-09-01 02:00:00,9.62,303.04956,999.8454,3.9676907,14.455171,0.0,0.0
2023-09-01 03:00:00,9.38,305.22394,998.6256,3.7204537,12.508051,0.0,0.0
2023-09-01 04:00:00,9.47,306.51202,997.3273,3.1621082,11.350771,0.0,0.0
2023-09-01 05:00:00,9.53,307.1933,995.99365,2.3728077,10.570698,0.0,0.0
2023-09-01 06:00:00,9.61,307.4978,995.1552,1.5431442,10.069607,0.0,0.0
2023-09-01 07:00:00,9.77,307.50046,994.7635,0.7894001,10.148953,0.0,0.0
2023-09-01 08:00:00,9.4,307.2652,994.6781,0.23915967,10.179678,0.0,0.0
2023-09-01 09:00:00,9.57,306.896,995.12695,0.7805068,10.369055,0.0,0.0
2023-09-01 10:00:00,9.62,305.62622,995.4983,2.50808,11.637605,0.0,0.0
2023-09-01 11:00:00,9.66,303.55835,996.15674,3.2092023,13.484311,0.0,0.0
2023-09-01 12:00:00,9.54,301.99677,996.28467,3.516325,14.70973,0.0,0.0
2023-09-01 13:00:00,9.45,300.70187,996.43463,3.46743,15.819207,0.0,0.0
2023-09-01 14:00:00,9.43,299.31427,996.3446,3.2583182,17.290575,0.0,0.0
2023-09-01 15:00:00,9.56,297.82214,996.4317,2.9833899,19.285336,0.0,0.0
2023-09-01 16:00:00,9.69,296.3507,996.27716,2.6951723,21.800396,0.0,0.0
2023-09-01 17:00:00,10.05,294.93918,996.00226,2.314123,25.070957,0.0,0.0
2023-09-01 18:00:00,10.25,293.74545,995.7446,2.2208476,27.708288,0.0,0.0
2023-09-01 19:00:00,9.93,292.444,995.78766,2.050145,31.092829,0.0,0.0
2023-09-01 20:00:00,9.54,291.48334,995.8093,2.1598265,32.72871,0.0,0.0
2023-09-01 21:00:00,9.61,290.47235,996.30664,1.7290438,36.988525,0.0,0.0
2023-09-01 22:00:00,9.76,289.8922,996.9864,1.8760817,38.348736,0.0,0.0
2023-09-01 23:00:00,10.26,291.90674,997.8144,1.8497962,33.69126,0.0,0.0
2023-09-02 00:00:00,11.25,296.50354,998.0631,1.6211882,23.503029,0.00255896,0.0
2023-09-02 01:00:00,11.77,300.13007,998.3212,1.94412,19.827494,0.0,0.0
2023-09-02 02:00:00,11.78,303.10388,997.90125,2.3300607,17.341965,0.0,0.0
2023-09-02 03:00:00,11.87,305.43335,996.9144,3.0493932,15.693736,0.0,0.0
2023-09-02 04:00:00,12.21,306.87674,995.5481,3.911164,14.0842705,0.0,0.0
2023-09-02 05:00:00,12.76,307.44955,994.4995,3.5792527,13.461868,0.0,0.0
2023-09-02 06:00:00,12.86,307.72156,993.70276,3.1948018,13.535134,0.0,0.0
2023-09-02 07:00:00,13.29,307.9854,993.082,2.751245,13.567183,0.0,0.0
2023-09-02 08:00:00,13.36,307.69543,993.1113,2.3485143,13.933913,0.0,0.0
2023-09-02 09:00:00,13.65,307.11658,993.2458,1.8911699,14.574809,0.0,0.0
2023-09-02 10:00:00,13.91,305.8921,993.46173,1.3324325,16.11306,0.0,0.0
2023-09-02 11:00:00,14.56,304.4682,993.91675,1.49418,18.465145,0.0,0.0
2023-09-02 12:00:00,16.2,302.58926,994.40717,2.1818445,20.80757,0.0,0.0
2023-09-02 13:00:00,17.25,300.88232,994.6174,2.662221,22.503025,0.0,0.0
2023-09-02 14:00:00,18.15,299.48724,994.78107,2.730968,23.670965,0.0,0.0
2023-09-02 15:00:00,18.03,298.43735,994.948,3.299028,24.70437,0.0,0.0
2023-09-02 16:00:00,17.27,297.5003,994.98413,3.532281,28.204351,0.0,0.0
2023-09-02 17:00:00,16.06,296.64178,994.8197,3.4659865,32.3553,0.0,0.0
2023-09-02 18:00:00,15.4,295.7969,994.9473,3.7036734,36.600555,0.0,0.0
2023-09-02 19:00:00,14.94,294.5917,995.73096,3.7471972,43.807854,0.0,0.0
2023-09-02 20:00:00,14.78,293.5733,995.9116,3.6527545,49.855938,0.0,0.0
2023-09-02 21:00:00,14.59,292.75293,996.51,3.3372772,57.172077,0.0,0.0
2023-09-02 22:00:00,14.56,292.18573,997.36914,3.2084942,64.1135,0.0,0.0
2023-09-02 23:00:00,14.34,293.82376,998.0658,3.2625597,62.845318,0.0,0.0
2023-09-03 00:00:00,14.24,297.0468,998.6155,3.9846094,53.67577,0.0,0.0
2023-09-03 01:00:00,14.87,300.03778,998.73157,4.012986,37.582268,0.0,0.0
2023-09-03 02:00:00,14.74,302.36865,998.18774,3.5953047,27.497313,0.0,0.0
2023-09-03 03:00:00,15.0,304.3156,996.86475,3.6715422,21.253252,0.0,0.0
2023-09-03 04:00:00,15.75,305.82098,995.68463,4.0730057,17.230385,0.0,0.0
2023-09-03 05:00:00,15.83,306.63562,994.35315,4.1199675,15.959345,0.0,0.0
2023-09-03 06:00:00,16.13,307.02362,993.6228,4.0404215,15.810284,0.0,0.0
2023-09-03 07:00:00,16.13,307.07324,993.5042,3.960338,16.0093,0.0,0.0
2023-09-03 08:00:00,15.73,306.77325,993.33923,4.005392,16.376053,0.0,0.0
2023-09-03 09:00:00,15.63,306.04578,993.4545,3.8290462,17.244051,0.0,0.0
2023-09-03 10:00:00,15.85,304.4428,993.9394,2.8849287,19.221573,0.0,0.0
2023-09-03 11:00:00,15.92,303.052,994.3792,2.9344194,21.161741,0.0,0.0
2023-09-03 12:00:00,15.97,301.753,995.14874,3.3153288,23.303493,0.0,0.0
2023-09-03 13:00:00,15.59,300.5738,995.27234,3.9891717,25.905148,0.0,0.0
2023-09-03 14:00:00,16.06,299.54376,995.5698,4.4434977,29.195892,0.0,0.0
2023-09-03 15:00:00,16.98,298.53223,995.6861,4.555254,33.271015,0.0,0.0
2023-09-03 16:00:00,16.98,297.55273,995.50903,4.841969,40.188408,0.0,0.0
2023-09-03 17:00:00,15.85,296.79065,995.3133,4.7776847,47.951668,0.0,0.0
2023-09-03 18:00:00,15.26,296.09445,994.98236,4.101362,50.779926,0.0,0.0
2023-09-03 19:00:00,14.67,294.56747,995.3183,3.4589908,53.346634,0.0,0.0
2023-09-03 20:00:00,14.52,293.67328,995.5048,2.99606,52.725483,0.0,0.0
2023-09-03 21:00:00,14.55,292.80695,996.14575,2.509198,52.59976,0.0,0.0
2023-09-03 22:00:00,14.68,291.83563,996.8654,1.9316771,54.271484,0.0,0.0
2023-09-03 23:00:00,14.85,293.31403,997.5852,1.0760441,50.20216,0.0,0.0
2023-09-04 00:00:00,14.8,296.39563,998.30237,1.0496778,32.418602,0.0,0.0
2023-09-04 01:00:00,15.25,298.93134,998.5226,1.8114815,22.977945,0.0,0.0
2023-09-04 02:00:00,15.51,301.44305,998.2567,2.7274106,16.946346,0.0,0.0
2023-09-04 03:00:00,14.89,303.56015,997.2726,3.2887127,13.657197,0.0,0.0
2023-09-04 04:00:00,14.37,304.94092,996.0987,3.194399,14.188557,0.0,0.0
2023-09-04 05:00:00,14.09,305.72717,994.93835,2.596569,14.795406,0.0,0.0
2023-09-04 06:00:00,13.62,306.14044,994.28094,2.0470476,15.055755,0.0,0.0
2023-09-04 07:00:00,13.02,306.36975,994.2988,2.1499958,15.141363,0.0,0.0
2023-09-04 08:00:00,12.46,306.15826,994.1575,2.166603,15.059262,0.0,0.0
2023-09-04 09:00:00,12.46,305.6411,994.4643,1.9709377,15.344903,0.0,0.0
2023-09-04 10:00:00,12.66,304.5906,994.72095,1.6199492,16.514278,0.0,0.0
2023-09-04 11:00:00,12.98,303.4906,995.4481,1.3814329,18.09361,0.0,0.0
2023-09-04 12:00:00,13.37,301.8686,995.95,1.0606146,23.747179,0.0,0.0
2023-09-04 13:00:00,13.16,301.3083,996.3122,0.89345545,21.882086,0.0,0.0
2023-09-04 14:00:00,13.03,300.87317,996.21814,0.7338305,21.342196,0.0,0.0
2023-09-04 15:00:00,12.84,299.99072,996.1926,0.6098889,22.691305,0.0,0.0
2023-09-04 16:00:00,12.46,298.47583,995.82874,0.98027027,25.687943,0.0,0.0
2023-09-04 17:00:00,12.26,295.61176,995.52515,1.5835551,32.73619,0.0,0.0
2023-09-04 18:00:00,11.96,293.71738,995.3267,2.2842133,36.273335,0.0,0.0
2023-09-04 19:00:00,12.06,293.26025,996.0706,3.4732077,38.93982,0.0,0.0
2023-09-04 20:00:00,12.24,292.5797,996.16833,3.4977067,39.60968,0.0,0.0
2023-09-04 21:00:00,12.52,292.0879,996.5326,3.4756613,37.88124,0.0,0.0
2023-09-04 22:00:00,12.4,291.70715,997.1875,3.1836092,35.5839,0.0,0.0
2023-09-04 23:00:00,12.2,293.4396,997.6614,2.1749406,30.443182,0.0,0.0
2023-09-05 00:00:00,12.18,296.88257,998.1156,1.5763966,22.413803,0.002142787,0.0
2023-09-05 01:00:00,12.43,299.51837,998.37,1.4864601,19.180742,0.0,0.0
2023-09-05 02:00:00,12.71,302.23932,997.8909,1.9711604,16.774904,0.0,0.0
2023-09-05 03:00:00,12.76,304.72052,996.8398,2.1898723,14.826319,0.0,0.0
2023-09-05 04:00:00,12.51,306.3459,995.76056,2.0986102,13.897663,0.0,0.0
2023-09-05 05:00:00,12.14,307.07758,994.7592,1.9964511,14.189779,0.0,0.0
2023-09-05 06:00:00,12.48,307.48703,993.98456,1.7961974,13.55688,0.0,0.0
2023-09-05 07:00:00,12.7,307.6127,993.9636,0.9017623,12.280014,0.0,0.0
2023-09-05 08:00:00,12.44,307.35846,994.0461,0.42431948,12.163695,0.0,0.0
2023-09-05 09:00:00,12.61,306.93707,994.1543,0.948784,12.28205,0.0,0.0
2023-09-05 10:00:00,12.97,305.90366,994.73267,2.2202437,13.250111,0.0,0.0
2023-09-05 11:00:00,13.06,304.3379,995.1172,3.0625935,14.773008,0.0,0.0
2023-09-05 12:00:00,13.74,302.88544,995.41125,3.5649438,16.203339,0.0,0.0
2023-09-05 13:00:00,13.87,301.69772,995.63104,3.9412546,17.36773,0.0,0.0
2023-09-05 14:00:00,14.27,300.72644,995.72186,4.244065,18.416817,0.0,0.0
2023-09-05 15:00:00,14.78,299.91736,995.78955,4.326425,19.373281,0.0,0.0
2023-09-05 16:00:00,15.48,299.23264,995.4992,3.9395475,20.085295,0.0,0.0
2023-09-05 17:00:00,15.64,298.23376,995.27954,3.44122,21.020369,0.0,0.0
2023-09-05 18:00:00,15.65,297.49158,995.0875,3.0968795,21.56648,0.0,0.0
2023-09-05 19:00:00,15.33,295.68552,995.98584,2.9133937,26.19574,0.0,0.0
2023-09-05 20:00:00,15.19,294.93674,996.3539,3.3507717,28.123743,0.0,0.0
2023-09-05 21:00:00,14.52,294.401,996.7506,3.1658363,29.503891,0.0,0.0
2023-09-05 22:00:00,14.29,294.03027,997.36096,2.9789085,29.600311,0.0,0.0
2023-09-05 23:00:00,13.97,295.5194,997.8421,2.6153097,25.81205,0.0,0.0
2023-09-06 00:00:00,14.04,298.49457,998.10297,3.0533884,19.615438,0.0,0.0
2023-09-06 01:00:00,14.16,301.03693,998.2353,3.0379405,16.41322,0.0,0.0
2023-09-06 02:00:00,14.18,303.44824,997.7972,2.6237175,14.327572,0.0,0.0
2023-09-06 03:00:00,14.43,305.45776,996.87866,2.3968,12.752917,0.0,0.0
2023-09-06 04:00:00,14.64,306.94067,995.81714,2.3474395,11.675989,0.0,0.0
2023-09-06 05:00:00,15.07,307.75125,994.72314,1.9487555,11.579862,0.0,0.0
2023-09-06 06:00:00,16.03,308.03455,993.8703,1.1669011,12.276695,0.0,0.0
2023-09-06 07:00:00,16.83,308.34137,993.54156,0.55228007,12.976745,0.0,0.0
2023-09-06 08:00:00,16.69,308.07654,993.5103,0.20678774,13.026307,0.0,0.0
2023-09-06 09:00:00,17.33,307.69333,993.8647,0.96504265,13.2132845,0.0,0.0
2023-09-06 10:00:00,17.58,306.67545,994.2338,2.1563268,14.194718,0.0,0.0
2023-09-06 11:00:00,17.7,305.00513,994.97906,2.8308282,15.788353,0.0,0.0
2023-09-06 12:00:00,17.94,303.40332,995.593,3.253988,17.185665,0.0,0.0
2023-09-06 13:00:00,16.57,302.07422,995.88983,3.5501943,18.0994,0.0,0.0
2023-09-06 14:00:00,15.78,300.9519,995.97534,3.7431865,18.802227,0.0,0.0
2023-09-06 15:00:00,15.26,299.9594,996.0045,3.8988454,19.536467,0.0,0.0
2023-09-06 16:00:00,14.99,299.05963,995.58344,3.9271355,20.382395,0.0,0.0
2023-09-06 17:00:00,15.14,298.23862,995.14124,3.6789806,21.32982,0.0,0.0
2023-09-06 18:00:00,15.06,297.0421,995.2809,2.5386972,23.750906,0.0,0.0
2023-09-06 19:00:00,14.67,295.49304,995.5769,2.4098,26.807032,0.0,0.0
2023-09-06 20:00:00,14.62,294.17313,996.33594,2.0353649,30.518198,0.0,0.0
2023-09-06 21:00:00,15.16,293.22144,997.0631,2.0590076,32.466892,0.0,0.0
2023-09-06 22:00:00,15.57,292.49924,997.8699,1.420964,36.454906,0.0,0.0
2023-09-06 23:00:00,15.44,294.47177,998.59015,0.82073134,33.914158,0.0,0.0
2023-09-07 00:00:00,14.22,298.3534,998.8819,1.080412,22.034733,0.0,0.0
2023-09-07 01:00:00,14.15,301.33478,998.97656,2.0318422,17.448244,0.0,0.0
2023-09-07 02:00:00,14.03,303.91187,998.27673,3.797542,14.1497,0.0,0.0
2023-09-07 03:00:00,13.9,306.08096,997.29456,5.1498914,11.780761,0.0,0.0
2023-09-07 04:00:00,13.72,307.74817,996.0607,5.5039725,10.5558195,0.0,0.0
2023-09-07 05:00:00,13.51,308.7018,994.8426,5.0406966,10.2848425,0.0,0.0
2023-09-07 06:00:00,13.41,309.19815,994.11273,4.615019,10.3742075,0.0,0.0
2023-09-07 07:00:00,13.63,309.54626,993.5736,4.1267657,10.502167,0.0,0.0
2023-09-07 08:00:00,13.69,309.37177,993.71204,4.146627,10.490091,0.0,0.0
2023-09-07 09:00:00,13.98,308.6357,993.8832,3.812739,10.940406,0.0,0.0
2023-09-07 10:00:00,14.02,306.53864,994.4397,3.5936637,12.386469,0.0,0.0
2023-09-07 11:00:00,14.27,304.86328,994.9772,4.311816,13.513708,0.0,0.0
2023-09-07 12:00:00,14.7,303.56085,995.5452,5.0411816,14.362799,0.0,0.0
2023-09-07 13:00:00,15.38,302.5967,995.77893,5.7232337,15.025512,0.0,0.0
2023-09-07 14:00:00,16.41,301.81232,996.0433,5.972826,15.650511,0.0,0.0
2023-09-07 15:00:00,17.2,301.0985,996.17017,5.75419,16.266153,0.0,0.0
2023-09-07 16:00:00,17.67,300.39526,995.85376,5.6317067,16.92528,0.0,0.0
2023-09-07 17:00:00,17.9,299.8947,995.64594,5.8379016,17.447166,0.0,0.0
2023-09-07 18:00:00,17.67,299.29437,995.5889,5.96206,18.202051,0.0,0.0
2023-09-07 19:00:00,18.32,297.39832,996.332,4.7763863,21.140394,0.0,0.0
2023-09-07 20:00:00,19.4,296.5675,996.89014,4.3327794,22.384693,0.0,0.0
2023-09-07 21:00:00,20.04,295.83517,997.53674,4.055651,23.49663,0.0,0.0
2023-09-07 22:00:00,20.76,295.34027,998.23596,4.076935,24.265139,0.0,0.0
2023-09-07 23:00:00,22.11,297.0193,998.9055,4.128989,22.075289,0.0,0.0
2023-09-08 00:00:00,24.91,299.60638,999.3261,5.434005,18.80763,0.0,0.0
2023-09-08 01:00:00,25.15,302.26193,999.51373,5.3660874,16.408373,0.0,0.0
2023-09-08 02:00:00,25.09,304.68817,998.7336,4.328864,15.4811535,0.0,0.0
2023-09-08 03:00:00,24.64,306.477,997.7506,2.9348714,16.098333,0.0,0.0
2023-09-08 04:00:00,23.5,307.62915,996.34625,1.9244316,17.25296,0.0,0.0
2023-09-08 05:00:00,22.94,308.47174,995.296,1.8294843,17.661757,0.0,0.0
2023-09-08 06:00:00,22.98,309.15338,994.4531,2.4189641,16.986713,0.0,0.0
2023-09-08 07:00:00,22.95,309.76447,994.0112,2.7756913,15.680114,0.0,0.0
2023-09-08 08:00:00,23.19,309.62433,993.8823,2.1170185,15.52825,0.0,0.0
2023-09-08 09:00:00,23.87,309.16766,994.16034,1.1276448,15.803188,0.0,0.0
2023-09-08 10:00:00,24.71,308.45972,994.7567,0.37103397,16.712936,0.0,0.0
2023-09-08 11:00:00,25.85,307.58917,995.2442,1.643798,18.007076,0.0,0.0
2023-09-08 12:00:00,26.95,306.2148,995.7765,2.5267367,19.836023,0.0,0.0
2023-09-08 13:00:00,27.79,304.80438,995.9641,3.366479,21.388834,0.0,0.0
2023-09-08 14:00:00,28.09,303.995,996.04376,3.5849082,22.099781,0.0,0.0
2023-09-08 15:00:00,27.59,302.9607,995.9968,2.5871947,23.310127,0.0,0.0
2023-09-08 16:00:00,26.89,301.919,995.6733,2.2584674,25.146547,0.0,0.0
2023-09-08 17:00:00,26.74,301.13055,995.735,3.3401775,26.666637,0.0,0.0
2023-09-08 18:00:00,26.32,300.32166,995.9193,3.7160144,29.960737,0.0,0.0
2023-09-08 19:00:00,25.67,298.78003,996.3716,3.8486652,32.810272,0.0,0.0
2023-09-08 20:00:00,24.72,298.03616,996.8875,3.649772,34.44853,0.0,0.0
2023-09-08 21:00:00,24.67,297.3736,997.6225,3.5754247,35.93139,0.0,0.0
2023-09-08 22:00:00,24.55,297.15582,998.3176,3.8613803,36.16093,0.0,0.0
2023-09-08 23:00:00,24.29,299.42926,999.34546,4.3512397,31.352562,0.0,0.0
2023-09-09 00:00:00,24.24,302.86084,999.66986,6.0696363,25.36246,0.0,0.0
2023-09-09 01:00:00,24.07,305.23407,999.84076,7.2946706,21.087482,0.0,0.0
2023-09-09 02:00:00,23.85,306.78775,999.1404,6.7895646,18.47215,0.0,0.0
2023-09-09 03:00:00,23.96,307.88306,998.15295,6.1841254,16.938168,0.0,0.0
2023-09-09 04:00:00,24.19,308.71246,996.97284,5.6407933,15.177438,0.0,0.0
2023-09-09 05:00:00,23.88,309.31015,995.9082,4.9323993,14.022154,0.0,0.0
2023-09-09 06:00:00,23.12,309.63428,995.10425,4.1655674,13.724296,0.0,0.0
2023-09-09 07:00:00,22.5,309.8642,994.72766,3.3331585,13.639267,0.0,0.0
2023-09-09 08:00:00,21.82,309.63086,995.0824,2.7707503,13.749883,0.0,0.0
2023-09-09 09:00:00,21.38,309.08524,995.2872,2.0966673,14.118683,0.0,0.0
2023-09-09 10:00:00,22.15,307.97693,995.88025,2.0775874,15.3306675,0.0,0.0
2023-09-09 11:00:00,22.64,306.34207,996.3206,2.7520385,17.11995,0.0,0.0
2023-09-09 12:00:00,22.94,305.10266,996.8708,3.0036554,18.524466,0.0,0.0
2023-09-09 13:00:00,23.06,304.07104,997.34436,3.365913,19.751205,0.0,0.0
2023-09-09 14:00:00,22.56,303.33932,997.5264,3.5860264,20.784164,0.0,0.0
2023-09-09 15:00:00,22.13,302.72864,997.5753,3.7890465,21.748251,0.0017166138,0.0
2023-09-09 16:00:00,22.01,302.02188,997.4755,3.7834888,22.813091,0.0,0.0
2023-09-09 17:00:00,22.0,301.31754,997.2237,4.036391,23.762003,0.0,0.0
2023-09-09 18:00:00,21.43,300.82855,997.22906,4.680904,24.144512,0.0,0.0
2023-09-09 19:00:00,21.05,298.96442,997.78284,4.2394657,27.023035,0.0,0.0
2023-09-09 20:00:00,20.47,297.92554,998.5775,3.1557987,28.283125,0.0,0.0
2023-09-09 21:00:00,19.99,296.7047,999.38873,2.3587186,30.904758,0.0,0.0
2023-09-09 22:00:00,19.34,295.536,1000.40375,1.8662801,35.78063,0.0,0.0
2023-09-09 23:00:00,18.77,297.36414,1001.3028,1.173828,34.663437,0.0,0.0
2023-09-10 00:00:00,17.96,300.84634,1001.7347,1.5464182,24.678646,0.0034362078,0.0
2023-09-10 01:00:00,17.78,303.3335,1001.7618,2.5434818,19.318577,0.0,0.0
2023-09-10 02:00:00,17.19,305.65778,1000.9944,3.1855865,16.21079,0.0,0.0
2023-09-10 03:00:00,16.29,307.81598,999.83563,3.6819875,13.891397,0.0,0.0
2023-09-10 04:00:00,15.63,309.24158,998.3999,3.525615,12.135256,0.0,0.0
2023-09-10 05:00:00,15.5,310.04916,997.13226,3.3360765,11.036848,0.0,0.0
2023-09-10 06:00:00,15.81,310.5725,996.2664,3.6646447,10.25473,0.0,0.0
2023-09-10 07:00:00,16.07,311.0172,995.85297,4.0007553,10.534953,0.0,0.0
2023-09-10 08:00:00,16.21,310.7318,995.86127,4.326221,10.425872,0.0,0.0
2023-09-10 09:00:00,16.42,309.9538,996.4406,4.2743945,10.683167,0.0,0.0
2023-09-10 10:00:00,16.31,308.02423,997.0826,3.716245,11.95164,0.0,0.0
2023-09-10 11:00:00,16.13,306.43237,997.6378,3.9967704,13.101767,0.0,0.0
2023-09-10 12:00:00,15.95,305.02307,998.44336,4.175167,14.249687,0.0,0.0
2023-09-10 13:00:00,15.76,303.71973,998.5885,4.457233,15.38998,0.0,0.0
2023-09-10 14:00:00,15.73,302.65222,998.85046,4.845015,16.243486,0.0,0.0
2023-09-10 15:00:00,15.89,301.7503,998.73157,5.284464,16.765713,0.0,0.0
2023-09-10 16:00:00,16.01,300.97446,998.4938,5.729004,17.248413,0.0,0.0
2023-09-10 17:00:00,16.37,300.35602,998.4066,6.1482925,18.007492,0.0,0.0
2023-09-10 18:00:00,16.19,299.76697,998.2486,6.289218,19.163218,0.0,0.0
2023-09-10 19:00:00,16.13,297.93945,998.7531,5.0390944,22.302185,0.0,0.0
2023-09-10 20:00:00,16.15,297.30383,999.09155,4.9588175,23.836115,0.0,0.0
2023-09-10 21:00:00,16.25,296.82507,999.4428,5.0353336,24.98768,0.0,0.0
2023-09-10 22:00:00,15.95,296.5806,1000.335,5.002317,25.662956,0.0,0.0
2023-09-10 23:00:00,15.95,298.4989,1001.0633,4.763741,23.155436,0.0,0.0
2023-09-11 00:00:00,16.69,301.64954,1001.5397,6.1838474,19.133602,0.0017106523,0.0
2023-09-11 01:00:00,16.74,304.7367,1001.4464,7.0491657,15.872799,0.0,0.0
2023-09-11 02:00:00,16.66,307.21686,1000.8019,7.900538,13.689995,0.0,0.0
2023-09-11 03:00:00,16.72,308.60254,999.65985,7.278379,12.078265,0.0,0.0
2023-09-11 04:00:00,16.29,309.50204,998.1436,6.333528,10.841876,0.0,0.0
2023-09-11 05:00:00,15.75,310.18634,997.0597,5.744898,10.2001505,0.0,0.0
2023-09-11 06:00:00,15.6,310.54404,996.3,5.5175166,9.9649105,0.0,0.0
2023-09-11 07:00:00,15.16,310.37317,995.76166,5.3245025,10.44702,0.0,0.0
2023-09-11 08:00:00,15.09,309.95264,995.5696,5.318842,10.628249,0.0,0.0
2023-09-11 09:00:00,15.34,309.1252,996.2527,4.8427787,11.201121,0.0,0.0
2023-09-11 10:00:00,15.79,307.1185,997.08014,3.928144,12.973374,0.0,0.0
2023-09-11 11:00:00,15.75,305.5714,997.94836,4.077204,14.394212,0.0,0.0
2023-09-11 12:00:00,15.71,304.24243,998.6814,4.355933,15.586267,0.0,0.0
2023-09-11 13:00:00,15.78,303.04858,999.03705,4.6401463,16.710741,0.0,0.0
2023-09-11 14:00:00,16.04,302.0581,999.1833,5.014699,17.658445,0.0,0.0
2023-09-11 15:00:00,16.13,301.25513,999.2049,5.4092345,18.33205,0.0,0.0
2023-09-11 16:00:00,16.15,300.4566,998.88904,5.649312,18.769278,0.0,0.0
2023-09-11 17:00:00,15.93,299.77118,998.9992,5.873763,18.839722,0.0,0.0
2023-09-11 18:00:00,15.93,299.16113,998.9344,5.9768844,18.916487,0.0,0.0
2023-09-11 19:00:00,15.66,297.73465,998.8479,5.4004474,20.939857,0.0,0.0
2023-09-11 20:00:00,15.46,296.99835,999.1687,5.1447077,21.877327,0.0,0.0
2023-09-11 21:00:00,15.12,296.4148,999.58826,4.992726,22.619234,0.0,0.0
2023-09-11 22:00:00,14.71,296.14752,1000.6297,4.978021,22.888493,0.0,0.0
2023-09-11 23:00:00,14.32,298.13983,1001.66956,4.958483,20.32829,0.0,0.0
2023-09-12 00:00:00,13.56,301.15466,1002.1113,6.732192,16.732653,0.0,0.0
2023-09-12 01:00:00,13.21,303.73193,1002.0058,8.228533,13.603562,0.0,0.0
2023-09-12 02:00:00,12.84,305.7075,1001.30304,8.846357,11.567762,0.0,0.0
2023-09-12 03:00:00,12.82,307.10742,1000.18243,8.139495,10.619812,0.0,0.0
2023-09-12 04:00:00,12.42,307.97784,998.9085,6.8530197,10.187419,0.0,0.0
2023-09-12 05:00:00,12.13,308.40637,997.9122,5.599122,9.865923,0.0,0.0
2023-09-12 06:00:00,11.82,308.59418,997.0678,5.1405063,9.224138,0.0,0.0
2023-09-12 07:00:00,10.86,308.44843,996.21655,5.271118,8.916161,0.0,0.0
2023-09-12 08:00:00,10.12,307.98737,996.09766,5.071087,8.904667,0.0,0.0
2023-09-12 09:00:00,9.44,307.11075,996.6728,4.646965,9.201048,0.0,0.0
2023-09-12 10:00:00,8.79,305.17712,997.42,4.0585895,10.229122,0.0,0.0
2023-09-12 11:00:00,8.87,303.62756,998.35376,4.525201,11.012698,0.0,0.0
2023-09-12 12:00:00,8.52,302.31873,999.0496,5.16209,11.642634,0.0,0.0
2023-09-12 13:00:00,8.25,301.23062,999.49365,5.734959,12.219098,0.0,0.0
2023-09-12 14:00:00,8.12,300.24603,999.7367,6.0372567,12.805075,0.0,0.0
2023-09-12 15:00:00,7.75,299.29913,999.84595,6.1737194,13.326327,0.0,0.0
2023-09-12 16:00:00,7.44,298.3861,999.59235,6.2720356,13.541527,0.0,0.0
2023-09-12 17:00:00,7.52,297.5642,999.33923,6.2780285,13.237615,0.0,0.0
2023-09-12 18:00:00,6.83,296.8454,999.2739,6.092731,12.625447,0.0,0.0
2023-09-12 19:00:00,6.05,295.23276,999.6168,5.58254,13.610889,0.0,0.0
2023-09-12 20:00:00,5.7,294.3194,999.65326,5.0721383,14.155044,0.0,0.0
2023-09-12 21:00:00,6.48,293.59125,1000.28906,4.8171825,14.946122,0.0,0.0
2023-09-12 22:00:00,7.07,293.1989,1000.8107,4.6366086,15.7570095,0.0,0.0
2023-09-12 23:00:00,7.65,295.37292,1001.7378,4.7227716,14.519897,0.0,0.0
2023-09-13 00:00:00,7.89,298.72156,1002.28375,6.186068,13.133587,0.0,0.0
2023-09-13 01:00:00,8.32,301.76407,1002.15216,7.055184,13.516171,0.0,0.0
2023-09-13 02:00:00,8.28,304.25955,1001.2449,7.6648984,13.844726,0.0,0.0
2023-09-13 03:00:00,8.36,306.09238,999.9472,7.312861,12.563388,0.0,0.0
2023-09-13 04:00:00,8.51,307.20648,998.36334,5.83148,10.728549,0.0,0.0
2023-09-13 05:00:00,8.52,307.9698,997.04956,4.8643794,9.876799,0.0,0.0
2023-09-13 06:00:00,8.61,308.4134,996.10315,4.35368,9.680018,0.0,0.0
2023-09-13 07:00:00,8.31,308.38446,995.80164,3.360803,8.588294,0.0,0.0
2023-09-13 08:00:00,8.28,308.10123,995.6361,3.0758977,8.954139,0.0,0.0
2023-09-13 09:00:00,8.44,307.46088,996.025,2.5208042,9.709428,0.0,0.0
2023-09-13 10:00:00,8.72,306.15344,996.4856,1.9142705,11.127393,0.0,0.0
2023-09-13 11:00:00,9.22,304.64233,997.1808,2.207771,13.098341,0.0,0.0
2023-09-13 12:00:00,9.95,302.8736,997.6967,2.6957371,15.569379,0.0,0.0
2023-09-13 13:00:00,10.42,301.32678,998.0607,3.1497934,18.265232,0.0,0.0
2023-09-13 14:00:00,11.22,300.11737,998.2678,3.4388041,21.250933,0.0,0.0
2023-09-13 15:00:00,12.15,299.27252,998.5195,3.7646668,24.047726,0.0,0.0
2023-09-13 16:00:00,12.88,298.74628,998.0106,4.043112,26.1846,0.0,0.0
2023-09-13 17:00:00,13.73,298.573,997.8308,4.188705,27.263206,0.0,0.0
2023-09-13 18:00:00,14.12,297.9489,997.9603,4.126121,28.747154,0.0,0.0
2023-09-13 19:00:00,14.53,296.00693,998.26654,3.9209404,31.435612,0.0,0.0
2023-09-13 20:00:00,14.83,295.06616,998.7787,4.0237536,33.145294,0.0,0.0
2023-09-13 21:00:00,15.18,294.2296,999.3516,2.9481716,35.8664,0.0,0.0
2023-09-13 22:00:00,15.4,293.54974,1000.5631,2.247588,40.282448,0.0,0.0
2023-09-13 23:00:00,16.01,295.75995,1001.6311,2.219305,37.34021,0.0,0.0
2023-09-14 00:00:00,15.74,298.5237,1002.07983,2.431228,34.7085,0.0,0.0
2023-09-14 01:00:00,15.57,300.83228,1002.15234,2.1928658,30.3644,0.0,0.0
2023-09-14 02:00:00,15.41,303.19604,1001.6145,2.6073976,25.04905,0.0,0.0
2023-09-14 03:00:00,15.54,305.4264,1000.6414,3.639152,20.417791,0.0,0.0
2023-09-14 04:00:00,15.45,306.71216,999.2598,3.569773,16.97885,0.0,0.0
2023-09-14 05:00:00,15.1,307.25916,998.20374,2.7587228,15.01521,0.0,0.0
2023-09-14 06:00:00,15.57,307.52686,997.30664,2.3048215,13.906041,0.0,0.0
2023-09-14 07:00:00,16.19,307.84952,996.93884,2.238133,13.506,0.0,0.0
2023-09-14 08:00:00,16.7,307.63428,996.93115,2.2049508,13.166796,0.0,0.0
2023-09-14 09:00:00,16.95,307.1922,997.4391,2.2485962,13.062625,0.0,0.0
2023-09-14 10:00:00,16.76,306.08,998.1439,1.9251648,13.920267,0.0,0.0
2023-09-14 11:00:00,15.69,304.8781,998.54846,2.1250336,15.082027,0.0,0.0
2023-09-14 12:00:00,15.08,303.34857,999.1585,2.4048564,16.76924,0.0,0.0
2023-09-14 13:00:00,14.51,301.7709,999.45984,2.5546815,18.65731,0.0,0.0
2023-09-14 14:00:00,14.42,300.36072,999.4545,2.6603742,20.506142,0.0,0.0
2023-09-14 15:00:00,14.6,299.1178,999.46906,2.7698376,22.231106,0.0,0.0
2023-09-14 16:00:00,14.6,298.08905,998.8795,3.0481877,23.528147,0.0,0.0
2023-09-14 17:00:00,14.55,297.27045,998.6205,3.536456,24.41685,0.0,0.0
2023-09-14 18:00:00,14.31,296.59497,998.73846,3.8949652,25.193274,0.0,0.0
2023-09-14 19:00:00,14.57,295.24768,998.9533,3.9313984,29.08687,0.0,0.0
2023-09-14 20:00:00,14.75,294.79626,999.3544,4.2836757,30.108997,0.0,0.0
2023-09-14 21:00:00,14.6,294.67566,999.76935,4.5655723,30.464104,0.0,0.0
2023-09-14 22:00:00,14.15,294.67807,1000.76166,4.5185943,30.881926,0.0,0.0
2023-09-14 23:00:00,14.58,296.99847,1001.4867,4.214647,27.47667,0.0,0.0
2023-09-15 00:00:00,14.82,300.4164,1002.03815,5.0285206,22.69012,0.0017225741,0.0
2023-09-15 01:00:00,14.54,303.25842,1001.96045,5.6715355,19.43972,0.0,0.0
2023-09-15 02:00:00,14.28,305.64502,1001.3231,6.251741,16.325748,0.0,0.0
2023-09-15 03:00:00,14.01,307.09515,1000.0036,5.7444906,13.488746,0.0,0.0
2023-09-15 04:00:00,13.65,307.86285,998.7483,4.967259,11.876125,0.0,0.0
2023-09-15 05:00:00,13.31,308.35672,997.2731,4.654649,11.085809,0.0,0.0
2023-09-15 06:00:00,13.04,308.64752,996.6348,4.4729557,10.583156,0.0,0.0
2023-09-15 07:00:00,12.41,308.87103,996.0924,4.618117,10.911867,0.0,0.0
2023-09-15 08:00:00,11.79,308.5526,996.23096,4.608549,10.864338,0.0,0.0
2023-09-15 09:00:00,11.09,307.7705,996.58325,4.2478967,11.180835,0.0,0.0
2023-09-15 10:00:00,10.47,305.86597,997.2505,3.4354107,12.519842,0.0,0.0
2023-09-15 11:00:00,10.47,304.33002,998.0396,3.6438935,13.647429,0.0,0.0
2023-09-15 12:00:00,10.64,302.96527,998.8497,3.979057,14.677088,0.0,0.0
2023-09-15 13:00:00,11.05,301.79962,999.33264,4.198683,15.685744,0.0,0.0
2023-09-15 14:00:00,11.16,300.84186,999.49585,4.5568247,16.831701,0.0,0.0
2023-09-15 15:00:00,11.95,300.08295,999.6146,4.928963,18.28954,0.0,0.0
2023-09-15 16:00:00,13.25,299.5426,999.14795,5.161148,19.948118,0.0,0.0
2023-09-15 17:00:00,15.06,299.01532,998.6894,5.2929854,21.691536,0.0,0.0
2023-09-15 18:00:00,16.16,298.44775,998.52893,5.316246,23.478212,0.0,0.0
2023-09-15 19:00:00,16.52,297.06482,998.71924,4.824252,26.652313,0.0,0.0
2023-09-15 20:00:00,16.45,296.63574,998.86597,4.5569134,28.353405,0.0,0.0
2023-09-15 21:00:00,16.46,296.1496,999.3692,4.2661805,29.859808,0.0,0.0
2023-09-15 22:00:00,16.02,295.99762,999.94604,3.9931693,30.501822,0.0,0.0
2023-09-15 23:00:00,15.65,297.8382,1000.7475,3.9498694,27.323288,0.0,0.0
2023-09-16 00:00:00,15.18,300.98798,1001.0058,5.2978797,21.673817,0.0,0.0
2023-09-16 01:00:00,14.78,304.4123,1000.7355,6.450807,16.530548,0.0,0.0
2023-09-16 02:00:00,14.24,306.3543,1000.0609,7.9171376,14.326012,0.0,0.0
2023-09-16 03:00:00,13.25,307.22388,999.1122,6.9043884,13.294917,0.0,0.0
2023-09-16 04:00:00,12.14,307.8963,997.8191,6.3284287,11.797416,0.0,0.0
2023-09-16 05:00:00,11.8,308.38983,996.66235,5.9348197,10.660402,0.0,0.0
2023-09-16 06:00:00,11.35,308.6454,995.8823,5.547625,10.148571,0.0,0.0
2023-09-16 07:00:00,10.77,308.9641,995.3281,5.69881,9.77249,0.0,0.0
2023-09-16 08:00:00,10.82,308.62396,995.2551,5.473306,10.01585,0.0,0.0
2023-09-16 09:00:00,11.37,307.823,995.78033,4.740303,10.691965,0.0,0.0
2023-09-16 10:00:00,11.61,305.94183,996.4416,3.5645776,12.280509,0.0,0.0
2023-09-16 11:00:00,11.63,304.405,996.8514,3.7284565,13.7417345,0.0,0.0
2023-09-16 12:00:00,11.08,303.04938,997.5011,3.9194703,15.138812,0.0,0.0
2023-09-16 13:00:00,10.92,301.84308,998.1266,4.073229,16.474363,0.0,0.0
2023-09-16 14:00:00,11.49,300.76764,998.4886,4.183434,17.748867,0.0,0.0
2023-09-16 15:00:00,12.12,299.77017,998.526,4.2514334,19.076803,0.0,0.0
2023-09-16 16:00:00,12.79,298.83344,998.2445,4.260352,20.556787,0.0,0.0
2023-09-16 17:00:00,13.87,297.977,997.8067,4.1364336,22.159727,0.0,0.0
2023-09-16 18:00:00,14.62,297.29144,997.67303,4.1646686,23.648579,0.0,0.0
2023-09-16 19:00:00,15.1,295.90717,998.0878,4.057087,25.749884,0.0,0.0
2023-09-16 20:00:00,15.01,295.31927,998.1222,4.09725,27.009815,0.0,0.0
2023-09-16 21:00:00,14.56,294.74054,998.97925,3.6827095,28.115187,0.0,0.0
2023-09-16 22:00:00,13.78,293.99506,999.6947,2.7985463,29.720015,0.0,0.0
2023-09-16 23:00:00,13.28,296.15192,1000.71063,2.0718737,26.38627,0.0,0.0
2023-09-17 00:00:00,13.92,299.69507,1001.0408,2.494392,20.595764,0.0,0.0
2023-09-17 01:00:00,13.63,302.64337,1000.8828,3.2167985,16.509659,0.0,0.0
2023-09-17 02:00:00,12.71,305.29547,999.81476,4.0192657,13.516463,0.0,0.0
2023-09-17 03:00:00,11.83,306.9588,998.65765,4.8723335,11.934044,0.0,0.0
2023-09-17 04:00:00,11.58,307.74786,997.1546,4.6219783,11.203549,0.0,0.0
2023-09-17 05:00:00,11.32,308.34143,995.9819,4.39156,10.661908,0.0,0.0
2023-09-17 06:00:00,11.31,308.66254,994.97797,4.1290584,10.309566,0.0,0.0
2023-09-17 07:00:00,10.65,308.95764,994.21515,3.7976751,9.700136,0.0,0.0
2023-09-17 08:00:00,10.59,308.7246,994.0032,3.9585273,9.820943,0.0,0.0
2023-09-17 09:00:00,10.7,308.0349,994.2622,3.842178,10.34846,0.0,0.0
2023-09-17 10:00:00,10.73,306.30194,994.66797,3.0230954,11.800633,0.0,0.0
2023-09-17 11:00:00,11.47,304.8014,995.4363,3.218615,13.310595,0.0,0.0
2023-09-17 12:00:00,11.41,303.32806,995.9122,3.634644,15.012444,0.0,0.0
2023-09-17 13:00:00,11.74,302.07678,996.3624,4.030356,16.857811,0.0,0.0
2023-09-17 14:00:00,11.95,301.07327,996.5097,4.191984,18.94793,0.0,0.0
2023-09-17 15:00:00,12.18,300.2494,996.5369,4.304799,21.368977,0.0,0.0
2023-09-17 16:00:00,12.1,299.5732,996.09454,4.3288226,23.798769,0.0,0.0
2023-09-17 17:00:00,11.84,298.98645,995.85016,4.180844,25.741634,0.0,0.0
2023-09-17 18:00:00,11.63,298.2645,995.59155,4.0398073,27.428032,0.0,0.0
2023-09-17 19:00:00,12.03,296.94525,995.8733,4.0664105,29.50008,0.0,0.0
2023-09-17 20:00:00,12.65,295.97412,995.9927,3.434904,31.639782,0.0,0.0
2023-09-17 21:00:00,14.24,294.9814,996.9944,3.1332054,34.06524,0.0,0.0
2023-09-17 22:00:00,15.44,294.51624,997.81995,2.839034,38.45479,0.0,0.0
2023-09-17 23:00:00,15.59,296.5976,998.71704,2.3005326,41.071434,0.0,0.0
2023-09-18 00:00:00,16.27,299.21497,999.09454,2.218948,40.613094,0.0,0.0
2023-09-18 01:00:00,16.35,302.30426,998.92267,1.9511445,34.40326,0.0,0.0
2023-09-18 02:00:00,16.66,304.9529,998.2516,2.1972573,23.582184,0.0,0.0
2023-09-18 03:00:00,16.41,306.8414,997.38635,3.437988,16.409565,0.0,0.0
2023-09-18 04:00:00,16.02,307.71198,995.9317,3.6330025,14.409542,0.0,0.0
2023-09-18 05:00:00,15.92,308.26874,994.79456,3.2257314,13.483745,0.0,0.0
2023-09-18 06:00:00,15.66,308.5578,993.84424,2.694838,12.892689,0.0,0.0
2023-09-18 07:00:00,14.84,308.91043,993.3175,2.1300085,12.388459,0.0,0.0
2023-09-18 08:00:00,14.44,308.64227,993.20984,1.4536844,12.39576,0.0,0.0
2023-09-18 09:00:00,14.7,308.17987,993.3569,0.7606968,12.61616,0.0,0.0
2023-09-18 10:00:00,14.95,307.376,993.95874,1.9493432,13.448827,0.0,0.0
2023-09-18 11:00:00,15.13,305.6106,994.3334,2.7103674,15.263735,0.0,0.0
2023-09-18 12:00:00,14.82,304.10352,994.8536,2.921397,16.878582,0.0,0.0
2023-09-18 13:00:00,15.34,302.82556,995.2933,2.851548,18.35829,0.0,0.0
2023-09-18 14:00:00,15.79,301.43344,995.3228,3.0890818,19.957695,0.0,0.0
2023-09-18 15:00:00,16.34,300.36642,995.3153,3.777311,21.046305,0.0,0.0
2023-09-18 16:00:00,17.36,299.3238,994.7333,3.2085779,22.299753,0.0,0.0
2023-09-18 17:00:00,18.66,298.0405,994.7785,2.5941122,24.857605,0.0,0.0
2023-09-18 18:00:00,17.81,297.0271,994.655,3.5562294,28.869307,0.0,0.0
2023-09-18 19:00:00,17.25,295.8687,994.7953,3.4529014,41.11249,0.0,0.0
2023-09-18 20:00:00,17.32,295.21786,995.007,3.0425055,48.244686,0.0,0.0
2023-09-18 21:00:00,17.94,294.6106,995.6253,3.0386307,54.049637,0.0,0.0
2023-09-18 22:00:00,18.58,294.26257,996.58734,2.981889,58.705257,0.0,0.0
2023-09-18 23:00:00,19.08,296.69757,997.4366,3.1326122,52.766396,0.0,0.0
2023-09-19 00:00:00,18.64,299.84705,998.00616,3.5745528,41.650352,0.0,0.0
2023-09-19 01:00:00,18.47,302.30396,997.9998,3.1201062,33.199364,0.0,0.0
2023-09-19 02:00:00,18.22,304.5105,997.41,2.5340633,27.269989,0.0,0.0
2023-09-19 03:00:00,18.16,306.36993,996.34296,2.1662228,22.83041,0.0,0.0
2023-09-19 04:00:00,18.29,307.68338,995.2954,2.286749,18.907537,0.0,0.0
2023-09-19 05:00:00,18.67,308.26654,993.9892,2.1369553,16.476322,0.0,0.0
2023-09-19 06:00:00,19.1,308.25183,993.23706,1.5470225,15.92443,0.0,0.0
2023-09-19 07:00:00,19.32,308.80402,992.73663,1.2111806,14.98483,0.0,0.0
2023-09-19 08:00:00,19.8,308.48822,992.68274,0.99434066,15.134337,0.0,0.0
2023-09-19 09:00:00,20.46,308.30115,993.2368,1.2839895,15.309602,0.0,0.0
2023-09-19 10:00:00,20.6,307.57574,993.58295,1.9895048,16.094673,0.0,0.0
2023-09-19 11:00:00,20.51,306.80856,994.0577,2.5923324,16.880867,0.0,0.0
2023-09-19 12:00:00,20.19,306.0834,994.4861,3.093994,17.422384,0.0,0.0
2023-09-19 13:00:00,20.28,305.37192,994.6795,3.2577343,17.834599,0.0,0.0
2023-09-19 14:00:00,20.01,304.61356,994.92737,3.1092815,18.372866,0.0,0.0
2023-09-19 15:00:00,19.79,303.36096,995.0159,2.4252818,19.920391,0.0,0.0
2023-09-19 16:00:00,19.74,301.93414,994.6746,1.2239714,24.176172,0.0,0.0
2023-09-19 17:00:00,20.44,300.7505,994.6097,2.3734746,24.258718,0.0,0.0
2023-09-19 18:00:00,21.6,299.8009,994.7787,3.7315795,27.436903,0.0,0.0
2023-09-19 19:00:00,22.07,298.89932,995.43463,4.4085813,41.24792,0.0,0.0
2023-09-19 20:00:00,21.79,297.94516,995.57513,4.09182,52.338963,0.0,0.0
2023-09-19 21:00:00,21.91,297.12894,996.0444,3.625778,59.73926,0.0,0.0
2023-09-19 22:00:00,22.67,296.48825,996.73315,3.166503,65.39547,0.0,0.0
2023-09-19 23:00:00,23.55,298.3866,997.5401,3.4345982,60.249336,0.0,0.0
2023-09-20 00:00:00,23.64,300.91498,998.02905,3.7518606,47.11014,0.0,0.0
2023-09-20 01:00:00,23.14,303.12317,998.07117,3.4713507,36.778656,0.0,0.0
2023-09-20 02:00:00,22.53,304.9779,997.6096,2.9307082,30.63662,0.0,0.0
2023-09-20 03:00:00,22.15,306.5861,996.6143,2.2396717,25.497505,0.0,0.0
2023-09-20 04:00:00,21.64,307.84198,995.15985,1.6680803,21.87007,0.0,0.0
2023-09-20 05:00:00,21.83,308.6974,993.998,1.4380811,19.48247,0.0,0.0
2023-09-20 06:00:00,22.05,309.22168,993.1409,0.89071625,17.005995,0.0,0.0
2023-09-20 07:00:00,22.2,309.14334,992.84955,1.7837056,16.076159,0.0,0.0
2023-09-20 08:00:00,22.78,308.9996,992.54407,1.5873878,16.073729,0.0,0.0
2023-09-20 09:00:00,24.0,308.68427,992.8885,1.019945,16.290062,0.0,0.0
2023-09-20 10:00:00,24.68,307.9911,993.4364,1.059543,17.097397,0.0,0.0
2023-09-20 11:00:00,25.11,307.21268,993.9503,2.356168,18.167002,0.0,0.0
2023-09-20 12:00:00,24.66,305.9641,994.43756,2.9891016,19.672884,0.0,0.0
2023-09-20 13:00:00,24.63,305.1718,994.748,2.9014695,20.501694,0.0,0.0
2023-09-20 14:00:00,24.18,304.23904,994.61664,2.232157,21.77146,0.0,0.0
2023-09-20 15:00:00,24.09,303.07654,994.7706,1.6768962,24.740486,0.0,0.0
2023-09-20 16:00:00,24.3,302.31555,994.497,2.6378691,24.037117,0.0,0.0
2023-09-20 17:00:00,23.46,301.5385,994.26306,3.0065956,24.658833,0.0,0.0
2023-09-20 18:00:00,23.0,301.1474,994.4416,3.502718,25.176394,0.0,0.0
2023-09-20 19:00:00,24.06,299.8822,994.6273,3.8404617,26.601168,0.0,0.0
2023-09-20 20:00:00,25.0,298.91055,995.2908,4.207316,35.231815,0.0,0.0
2023-09-20 21:00:00,24.47,297.70508,996.08594,3.850296,53.19035,0.0,0.0
2023-09-20 22:00:00,23.05,297.02655,996.8867,3.3230703,66.197235,0.0,0.0
2023-09-20 23:00:00,22.29,298.4306,997.6986,3.8023164,65.46673,0.0,0.0
2023-09-21 00:00:00,21.09,300.6938,998.3035,3.8582027,56.969154,0.0,0.0
2023-09-21 01:00:00,20.4,303.3672,998.28796,3.386315,45.03496,0.0,0.0
2023-09-21 02:00:00,20.06,305.68457,997.8183,2.5852718,35.626865,0.0,0.0
2023-09-21 03:00:00,19.78,307.52655,996.7174,1.9900725,28.253538,0.0,0.0
2023-09-21 04:00:00,20.36,308.89752,995.72076,2.6561468,23.122494,0.0,0.0
2023-09-21 05:00:00,20.99,309.93872,994.59424,3.7263708,19.047945,0.0,0.0
2023-09-21 06:00:00,21.77,310.3192,994.04596,3.3617718,18.015226,0.0,0.0
2023-09-21 07:00:00,22.28,310.55286,993.4983,2.3731172,15.876744,0.0,0.0
2023-09-21 08:00:00,22.08,310.37415,993.4511,1.8185824,15.384971,0.0,0.0
2023-09-21 09:00:00,22.65,310.20074,993.7484,1.8981156,14.978949,0.0,0.0
2023-09-21 10:00:00,23.93,309.06445,994.161,2.8539972,16.169886,0.0,0.0
2023-09-21 11:00:00,24.51,307.79517,994.442,3.3686604,17.65857,0.0,0.0
2023-09-21 12:00:00,23.84,306.57724,994.9422,3.5198574,19.047407,0.0,0.0
2023-09-21 13:00:00,23.51,305.7581,995.2258,3.0879855,19.952724,0.0,0.0
2023-09-21 14:00:00,23.35,304.95294,995.40515,2.660197,20.792713,0.0,0.0
2023-09-21 15:00:00,23.47,303.9328,995.6281,2.9995892,21.612368,0.0,0.0
2023-09-21 16:00:00,23.79,303.18173,995.19653,3.1903615,22.588995,0.0,0.0
2023-09-21 17:00:00,24.28,302.50476,994.89185,3.2674015,24.362005,0.0,0.0
2023-09-21 18:00:00,24.53,301.49323,994.6777,3.2858493,27.231369,0.0,0.0
2023-09-21 19:00:00,24.29,300.42596,995.52014,2.5929034,31.363232,0.0,0.0
2023-09-21 20:00:00,24.05,299.49347,995.9866,2.5644586,36.21452,0.0,0.0
2023-09-21 21:00:00,24.02,298.6687,996.79486,2.7411695,41.335938,0.0,0.0
2023-09-21 22:00:00,24.22,298.30975,997.3778,2.715087,45.457813,0.0,0.0
2023-09-21 23:00:00,22.94,299.90253,998.0114,2.790168,44.065723,0.0,0.0
2023-09-22 00:00:00,22.23,302.41547,998.423,2.473557,37.55565,0.0,0.0
2023-09-22 01:00:00,21.61,305.04922,998.3208,1.8072973,30.248117,0.0,0.0
2023-09-22 02:00:00,20.91,307.80438,997.7692,3.2717674,22.883179,0.0,0.0
2023-09-22 03:00:00,20.57,310.42285,996.8801,6.705043,15.8267,0.0,0.0
2023-09-22 04:00:00,20.09,311.70874,995.40735,7.93955,11.824797,0.0,0.0
2023-09-22 05:00:00,19.42,312.30307,994.20166,7.7027383,10.371908,0.0,0.0
2023-09-22 06:00:00,18.97,312.5672,993.41266,7.4332585,9.830845,0.0,0.0
2023-09-22 07:00:00,18.51,312.71396,992.9214,5.988769,9.811961,0.0,0.0
2023-09-22 08:00:00,18.15,312.28613,992.8748,5.9513664,9.916931,0.0,0.0
2023-09-22 09:00:00,17.82,311.39767,993.3658,5.4310446,10.409457,0.0,0.0
2023-09-22 10:00:00,18.21,309.46915,994.09094,4.400152,11.72025,0.0,0.0
2023-09-22 11:00:00,18.77,307.9798,994.84814,4.4485116,12.813999,0.0,0.0
2023-09-22 12:00:00,18.34,306.69818,995.33813,4.532335,13.765189,0.0,0.0
2023-09-22 13:00:00,18.03,305.50378,995.5544,4.5970273,14.601165,0.0,0.0
2023-09-22 14:00:00,17.65,304.24887,995.89825,4.751961,15.491878,0.0,0.0
2023-09-22 15:00:00,17.42,303.1429,995.90356,5.0515447,16.242632,0.0,0.0
2023-09-22 16:00:00,17.1,302.3625,995.5698,5.3013678,16.619835,0.0,0.0
2023-09-22 17:00:00,16.51,301.76105,995.23773,5.350096,16.849762,0.0,0.0
2023-09-22 18:00:00,16.09,301.13953,994.9889,5.130774,17.232124,0.0,0.0
2023-09-22 19:00:00,15.83,299.55127,995.1609,4.242179,19.165552,0.0,0.0
2023-09-22 20:00:00,15.43,298.63123,995.3567,3.7596676,20.326519,0.0,0.0
2023-09-22 21:00:00,15.08,297.77762,996.0731,3.1965683,21.633467,0.0,0.0
2023-09-22 22:00:00,14.69,297.13593,996.85266,2.762205,22.994629,0.0,0.0
2023-09-22 23:00:00,14.29,300.0021,997.3311,2.3587468,19.660755,0.0,0.0
2023-09-23 00:00:00,14.32,304.4133,997.6385,3.2948017,14.569725,0.003004074,0.0
2023-09-23 01:00:00,13.71,307.8916,997.4748,3.3439896,11.809611,0.0,0.0
2023-09-23 02:00:00,13.47,310.01385,996.8167,4.7112,10.082683,0.0,0.0
2023-09-23 03:00:00,13.19,311.0868,996.04736,5.8106446,9.395916,0.0,0.0
2023-09-23 04:00:00,13.16,311.72394,994.81854,5.957816,8.914881,0.0,0.0
2023-09-23 05:00:00,12.99,312.11172,993.7017,5.881289,8.503902,0.0,0.0
2023-09-23 06:00:00,13.27,312.2532,992.9297,5.76121,8.266068,0.0,0.0
2023-09-23 07:00:00,13.5,312.2479,992.40936,5.815276,8.155562,0.0,0.0
2023-09-23 08:00:00,13.57,311.79605,992.4215,5.6331134,8.30865,0.0,0.0
2023-09-23 09:00:00,13.51,310.94952,992.8878,4.9376674,8.709731,0.0,0.0
2023-09-23 10:00:00,13.87,308.92896,993.60034,3.6284726,9.883659,0.0,0.0
2023-09-23 11:00:00,14.49,307.24078,994.2791,3.5213597,10.968712,0.0,0.0
2023-09-23 12:00:00,14.76,305.69064,995.10706,3.6640685,12.008024,0.0,0.0
2023-09-23 13:00:00,14.85,304.27744,995.34064,3.765836,12.9851265,0.0,0.0
2023-09-23 14:00:00,14.89,303.02264,995.35,3.8808389,13.921057,0.0,0.0
2023-09-23 15:00:00,15.18,301.9762,995.19653,3.8773448,14.777035,0.0,0.0
2023-09-23 16:00:00,14.82,301.0413,994.93225,3.807161,15.6313505,0.0,0.0
2023-09-23 17:00:00,14.55,300.1466,994.2726,3.7255487,16.545835,0.0,0.0
2023-09-23 18:00:00,14.81,299.20456,994.0569,3.6052547,17.649082,0.0,0.0
2023-09-23 19:00:00,15.09,297.5479,994.3142,3.5224943,20.425,0.0,0.0
2023-09-23 20:00:00,14.56,296.68933,994.6287,3.7911193,21.850773,0.0,0.0
2023-09-23 21:00:00,14.22,296.24304,995.20874,3.919429,22.733091,0.0,0.0
2023-09-23 22:00:00,14.05,296.22345,995.90607,3.6522372,23.026226,0.0,0.0
2023-09-23 23:00:00,14.09,299.10046,996.54175,3.3291333,19.471113,0.0,0.0
2023-09-24 00:00:00,13.63,303.20502,997.1264,3.9375482,15.090929,0.0,0.0
2023-09-24 01:00:00,13.54,306.68842,996.9977,4.524908,11.936547,0.0,0.0
2023-09-24 02:00:00,13.29,309.122,996.16626,5.1058474,9.6095,0.0,0.0
2023-09-24 03:00:00,13.22,310.6264,995.0689,5.8397865,8.437046,0.0,0.0
2023-09-24 04:00:00,13.29,311.61206,993.8867,6.3253245,7.930659,0.0,0.0
2023-09-24 05:00:00,13.0,312.18234,992.35065,6.5340047,7.5098968,0.0,0.0
2023-09-24 06:00:00,12.86,312.4314,991.6747,6.624174,7.1872377,0.0,0.0
2023-09-24 07:00:00,12.8,312.43652,990.8203,5.8288226,7.1601152,0.0,0.0
2023-09-24 08:00:00,12.8,311.998,991.1822,5.675533,7.2013674,0.0,0.0
2023-09-24 09:00:00,12.74,311.06903,991.8169,5.017644,7.5270443,0.0,0.0
2023-09-24 10:00:00,12.62,308.83636,992.63416,3.9768784,8.609395,0.0,0.0
2023-09-24 11:00:00,12.56,307.09076,993.45154,4.000197,9.58495,0.0,0.0
2023-09-24 12:00:00,12.56,305.55685,994.0697,4.122745,10.525832,0.0,0.0
2023-09-24 13:00:00,12.93,304.1021,994.2344,4.0846744,11.480278,0.0,0.0
2023-09-24 14:00:00,13.25,302.80225,994.22455,4.0664277,12.385027,0.0,0.0
2023-09-24 15:00:00,13.67,301.65213,994.10315,3.9803843,13.20769,0.0,0.0
2023-09-24 16:00:00,13.73,300.61877,993.7569,3.9998033,13.979917,0.0,0.0
2023-09-24 17:00:00,13.79,299.7019,993.52124,4.088118,14.716218,0.0,0.0
2023-09-24 18:00:00,13.85,298.84064,993.52985,4.035204,15.506675,0.0,0.0
2023-09-24 19:00:00,14.26,297.39166,993.51953,3.7954621,16.401896,0.0,0.0
2023-09-24 20:00:00,14.69,296.6415,993.9739,3.8207996,17.168333,0.0,0.0
2023-09-24 21:00:00,14.58,296.13382,994.79486,3.6261225,17.705498,0.0,0.0
2023-09-24 22:00:00,15.13,295.69724,995.37573,2.9705694,18.411905,0.0,0.0
2023-09-24 23:00:00,15.55,298.64948,996.3289,2.5151734,15.535431,0.0,0.0
2023-09-25 00:00:00,15.3,303.0017,996.77313,3.105537,11.621879,0.0,0.0
2023-09-25 01:00:00,14.75,306.40503,996.6499,3.7412198,9.368569,0.0,0.0
2023-09-25 02:00:00,14.61,308.91522,995.9412,4.1196704,8.110518,0.0,0.0
2023-09-25 03:00:00,14.44,310.4843,995.0739,4.777161,7.436658,0.0,0.0
2023-09-25 04:00:00,14.31,311.3963,993.8672,4.3764124,7.0059905,0.0,0.0
2023-09-25 05:00:00,14.11,311.93665,992.8511,3.664684,6.741712,0.0,0.0
2023-09-25 06:00:00,13.99,312.2036,992.03467,3.0431206,6.6351585,0.0,0.0
2023-09-25 07:00:00,13.75,312.45123,991.53064,2.8828447,6.605212,0.0,0.0
2023-09-25 08:00:00,13.49,312.1191,991.3209,2.5008714,6.6947474,0.0,0.0
2023-09-25 09:00:00,14.05,311.58655,991.96875,2.2458763,6.893804,0.0,0.0
2023-09-25 10:00:00,14.47,310.13715,992.81244,2.0134428,7.7558665,0.0,0.0
2023-09-25 11:00:00,14.85,308.30472,993.5739,2.6080196,8.904773,0.0,0.0
2023-09-25 12:00:00,14.96,306.43323,994.21094,3.1742942,10.101296,0.0,0.0
2023-09-25 13:00:00,15.25,304.70956,994.3003,3.0220923,11.387033,0.0,0.0
2023-09-25 14:00:00,15.63,303.1012,994.2047,2.9932294,12.641579,0.0,0.0
2023-09-25 15:00:00,15.8,301.8679,993.9464,3.3026397,13.512121,0.0,0.0
2023-09-25 16:00:00,16.19,299.71957,993.60596,1.8563571,17.242287,0.0,0.0
2023-09-25 17:00:00,16.45,298.39026,993.873,2.6003551,22.795921,0.0,0.0
2023-09-25 18:00:00,17.47,297.2722,994.3004,3.477291,46.144928,0.0,0.0
2023-09-25 19:00:00,18.4,296.1852,994.6372,2.5336497,73.771675,0.0,0.0
2023-09-25 20:00:00,20.3,295.4671,994.904,2.506702,81.4838,0.0,0.0
2023-09-25 21:00:00,22.32,294.82175,995.5428,2.581977,87.508896,0.0,0.0
2023-09-25 22:00:00,23.2,294.71426,996.027,2.2344794,88.75273,0.0,0.0
2023-09-25 23:00:00,23.24,297.38135,997.0538,2.3703458,74.31483,0.0,0.0
2023-09-26 00:00:00,23.12,300.25238,997.53296,1.9737221,58.80313,0.0,0.0
2023-09-26 01:00:00,23.27,302.98212,997.2714,1.2724581,46.08972,0.0,0.0
2023-09-26 02:00:00,23.06,305.60602,996.63226,0.98430485,34.300266,0.0,0.0
2023-09-26 03:00:00,22.23,308.10452,995.7431,1.7954471,24.797966,0.0,0.0
2023-09-26 04:00:00,21.56,310.17444,994.5393,2.7170627,18.253147,0.0,0.0
2023-09-26 05:00:00,20.15,311.03253,993.21045,2.7956047,14.400296,0.0,0.0
2023-09-26 06:00:00,19.37,311.63586,992.6622,2.624621,12.473412,0.0,0.0
2023-09-26 07:00:00,18.65,312.70593,991.66565,3.5524955,9.940707,0.0,0.0
2023-09-26 08:00:00,17.64,312.6032,991.7402,4.0466166,9.463727,0.0,0.0
2023-09-26 09:00:00,16.33,311.9917,992.0337,4.403533,9.527405,0.0,0.0
2023-09-26 10:00:00,15.72,310.14282,992.8658,3.932363,10.617267,0.0,0.0
2023-09-26 11:00:00,15.4,308.69226,993.72217,4.111584,11.489968,0.0,0.0
2023-09-26 12:00:00,14.85,307.19714,994.4688,4.0949416,12.37946,0.0,0.0
2023-09-26 13:00:00,14.69,305.97968,994.78564,4.202103,12.982613,0.0,0.0
2023-09-26 14:00:00,14.68,304.80298,994.8119,4.330711,13.363518,0.0,0.0
2023-09-26 15:00:00,14.64,303.6645,994.77295,4.239476,13.533883,0.0,0.0
2023-09-26 16:00:00,14.47,302.5752,994.5555,4.1974974,13.94164,0.0,0.0
2023-09-26 17:00:00,14.51,301.72943,994.2386,4.785708,14.54494,0.0,0.0
2023-09-26 18:00:00,14.95,301.0591,994.3084,4.8568287,15.410428,0.0,0.0
2023-09-26 19:00:00,16.13,298.89185,994.9924,2.4195082,19.497078,0.0,0.0
2023-09-26 20:00:00,17.7,297.07977,995.6652,2.4457006,30.801275,0.0,0.0
2023-09-26 21:00:00,19.11,295.8018,996.2976,2.5809035,47.139687,0.0,0.0
2023-09-26 22:00:00,19.51,295.01703,997.1959,1.9977889,62.385094,0.0,0.0
2023-09-26 23:00:00,20.0,297.67477,997.9702,1.2629418,60.89005,0.0,0.0
2023-09-27 00:00:00,20.71,301.43655,998.7752,0.59564805,45.963257,0.0,0.0
2023-09-27 01:00:00,20.35,304.51367,998.69604,0.5752334,28.57196,0.0,0.0
2023-09-27 02:00:00,19.82,306.8993,998.20056,0.9833506,20.23007,0.0,0.0
2023-09-27 03:00:00,19.1,309.10876,997.1166,1.7038639,14.986321,0.0,0.0
2023-09-27 04:00:00,17.43,311.0454,995.9816,2.429726,11.504017,0.0,0.0
2023-09-27 05:00:00,17.04,312.39734,994.4175,3.1943195,9.436722,0.0,0.0
2023-09-27 06:00:00,17.05,313.0812,993.4875,3.751981,8.505623,0.0,0.0
2023-09-27 07:00:00,17.5,313.70258,992.51874,5.3264027,7.839802,0.0,0.0
2023-09-27 08:00:00,17.6,313.19678,992.3872,5.694088,8.369822,0.0,0.0
2023-09-27 09:00:00,17.78,312.397,993.0744,5.532652,8.991141,0.0,0.0
2023-09-27 10:00:00,17.86,311.23837,994.0162,4.5288844,9.931385,0.0,0.0
2023-09-27 11:00:00,18.24,310.08035,994.9281,4.4354634,10.838884,0.0,0.0
2023-09-27 12:00:00,18.13,308.8576,995.555,4.658368,11.833018,0.0,0.0
2023-09-27 13:00:00,18.64,307.7563,995.7644,4.5003567,12.829411,0.0,0.0
2023-09-27 14:00:00,19.11,306.50348,995.70026,4.2588997,13.983929,0.0,0.0
2023-09-27 15:00:00,19.16,305.45276,995.84094,4.462344,15.0455475,0.0,0.0
2023-09-27 16:00:00,19.24,304.56976,995.6036,4.199061,16.119995,0.0,0.0
2023-09-27 17:00:00,21.21,303.40598,995.7058,3.234498,17.657875,0.0,0.0
2023-09-27 18:00:00,24.32,301.94406,996.07935,2.3816736,20.931929,0.0,0.089999996
2023-09-27 19:00:00,26.16,299.89783,996.13916,2.853678,36.35277,0.0,0.0
2023-09-27 20:00:00,27.14,298.62164,996.63086,2.9201412,54.93997,0.0,0.0
2023-09-27 21:00:00,27.17,297.60846,997.2081,2.560726,70.43175,0.0,0.0
2023-09-27 22:00:00,27.9,297.20422,998.10297,1.6444389,76.6718,0.0,0.0
2023-09-27 23:00:00,28.3,298.88806,999.07385,1.3830193,72.6022,0.0,0.0
2023-09-28 00:00:00,28.12,301.49792,999.52686,0.8689895,60.17722,0.0,0.0
2023-09-28 01:00:00,28.51,304.71216,999.2408,0.7979569,41.744568,0.0,0.0
2023-09-28 02:00:00,29.02,308.10052,998.5574,2.8479884,25.895416,0.0,0.0
2023-09-28 03:00:00,28.37,310.71582,997.5203,5.2513213,16.346445,0.0,0.0
2023-09-28 04:00:00,26.38,311.4346,996.5019,5.8925214,13.120336,0.0,0.0
2023-09-28 05:00:00,24.5,311.82407,995.378,6.064359,12.470902,0.0,0.0
2023-09-28 06:00:00,23.12,312.0089,994.7703,6.0570316,12.343275,0.0,0.0
2023-09-28 07:00:00,22.02,311.86487,994.2435,5.8715415,12.657839,0.0,0.0
2023-09-28 08:00:00,21.79,311.4502,993.9764,5.6564727,12.71193,0.0,0.0
2023-09-28 09:00:00,21.89,310.69974,994.7129,4.8583565,12.8874855,0.0,0.0
2023-09-28 10:00:00,22.4,309.2083,995.35266,3.0233505,13.896757,0.0,0.06
2023-09-28 11:00:00,22.29,307.95154,996.2018,2.7240593,14.920221,0.0,0.0
2023-09-28 12:00:00,22.52,306.48608,996.73224,2.9781919,16.147823,0.0,0.0
2023-09-28 13:00:00,23.06,305.15872,996.84644,3.1895556,17.225216,0.0,0.0
2023-09-28 14:00:00,23.03,304.42603,996.88983,3.1692934,17.711119,0.0,0.0
2023-09-28 15:00:00,22.33,303.45416,997.1183,3.1833518,18.624374,0.0,0.0
2023-09-28 16:00:00,21.31,302.8082,997.0089,3.3575394,19.492065,0.0,0.0
2023-09-28 17:00:00,20.89,302.24225,996.8125,3.6960702,20.47458,0.0,0.0
2023-09-28 18:00:00,21.24,301.4967,996.7922,3.6895082,21.742525,0.0,0.0
2023-09-28 19:00:00,21.76,299.99078,996.59033,2.7534916,24.675962,0.0,0.0
2023-09-28 20:00:00,22.15,298.6543,997.10547,2.1269135,27.973328,0.0,0.0
2023-09-28 21:00:00,22.36,297.3861,997.67456,1.9785371,33.88972,0.0,0.0
2023-09-28 22:00:00,22.49,296.68982,998.6311,1.6509587,42.915936,0.0,0.0
2023-09-28 23:00:00,22.03,299.76312,999.3511,0.9821889,42.15967,0.0,0.0
2023-09-29 00:00:00,21.37,303.27625,999.6369,1.3808438,30.155117,0.0,0.0
2023-09-29 01:00:00,20.58,306.59637,999.3544,4.2371545,19.434273,0.0,0.0
2023-09-29 02:00:00,19.42,309.39075,998.4727,6.22224,13.895013,0.0,0.0
2023-09-29 03:00:00,18.72,311.01453,997.448,6.2273645,11.940851,0.0,0.0
2023-09-29 04:00:00,18.23,312.16385,996.0723,6.35443,9.886702,0.0,0.0
2023-09-29 05:00:00,17.55,312.17966,995.0465,6.5888042,9.470559,0.0,0.0
2023-09-29 06:00:00,17.59,312.1297,994.30133,6.6550207,9.508284,0.0,0.0
2023-09-29 07:00:00,17.71,311.71033,994.1912,6.6797194,10.148436,0.0,0.0
2023-09-29 08:00:00,17.88,311.18484,994.34766,6.568936,10.546261,0.0,0.0
2023-09-29 09:00:00,18.43,310.4268,994.8194,6.1000986,11.200213,0.0,0.0
2023-09-29 10:00:00,18.94,308.78687,995.78564,5.237357,12.648724,0.0,0.0
2023-09-29 11:00:00,19.53,307.4464,996.4509,4.843811,13.863672,0.0,0.0
2023-09-29 12:00:00,20.02,306.24298,997.26514,4.332838,14.985302,0.0,0.0
2023-09-29 13:00:00,20.74,305.11203,997.28906,3.921557,16.078175,0.0,0.0
2023-09-29 14:00:00,21.6,304.16992,997.49414,3.4111211,17.132477,0.0,0.0
2023-09-29 15:00:00,22.17,303.13153,997.33875,2.9586077,18.432774,0.0,0.0
2023-09-29 16:00:00,21.95,301.84766,997.23267,2.7583656,20.524578,0.0,0.0
2023-09-29 17:00:00,22.51,300.28687,997.08124,3.7606423,31.261467,0.0,0.0
2023-09-29 18:00:00,24.39,299.02206,997.0425,3.5478947,56.78382,0.0,0.0
2023-09-29 19:00:00,24.78,298.28778,997.3296,3.3576114,74.25782,0.0,0.0
2023-09-29 20:00:00,25.1,297.55978,997.09784,2.9447274,78.83653,0.0,0.0
2023-09-29 21:00:00,24.73,296.98157,997.65076,2.29967,81.75944,0.0,0.0
2023-09-29 22:00:00,24.09,296.91748,998.02655,1.791036,82.5101,0.0,0.0
2023-09-29 23:00:00,23.23,298.92844,998.72186,2.2262375,73.07845,0.0,0.0
2023-09-30 00:00:00,21.58,301.34604,999.1373,1.8381053,61.258614,0.0,0.0
2023-09-30 01:00:00,21.65,304.02905,999.0122,1.1859621,48.24837,0.0,0.0
2023-09-30 02:00:00,21.99,306.52896,998.24866,0.22169785,33.72242,0.0,0.0
2023-09-30 03:00:00,21.74,308.69946,997.0,1.7875066,23.309067,0.0,0.0
2023-09-30 04:00:00,19.75,310.1749,995.61487,2.8038366,17.836008,0.0,0.0
2023-09-30 05:00:00,18.18,311.06537,994.1993,3.09523,14.217767,0.0,0.0
2023-09-30 06:00:00,17.14,311.61316,993.3186,3.3102872,12.478813,0.0,0.0
2023-09-30 07:00:00,16.5,311.8926,992.52966,2.9790916,11.463194,0.0,0.0
2023-09-30 08:00:00,15.65,311.44785,992.33435,2.610241,11.17218,0.0,0.0
2023-09-30 09:00:00,15.24,310.87988,992.6472,1.8891332,11.046259,0.0,0.0
2023-09-30 10:00:00,15.32,309.8023,993.2509,0.041777443,11.78695,0.0,0.0
2023-09-30 11:00:00,15.7,308.74072,993.83435,1.7922059,12.997757,0.0,0.0
2023-09-30 12:00:00,15.95,307.03525,994.40234,2.7266088,14.994282,0.0,0.0
2023-09-30 13:00:00,16.54,305.43805,994.4868,2.868256,17.001856,0.0,0.0
2023-09-30 14:00:00,17.21,303.95953,994.6037,1.7635605,19.922478,0.0,0.0
2023-09-30 15:00:00,17.76,302.98456,994.743,1.5378946,21.054417,0.0,0.0
2023-09-30 16:00:00,18.29,301.83176,994.66486,3.6922574,22.471096,0.0,0.0
2023-09-30 17:00:00,18.79,301.52185,994.33936,3.5588622,24.62542,0.0,0.0
2023-09-30 18:00:00,19.4,301.6591,994.1733,3.6641166,27.210608,0.0,0.0
2023-09-30 19:00:00,20.84,299.1957,994.3479,3.725817,28.22851,0.0,0.0
2023-09-30 20:00:00,22.3,298.1845,994.4992,3.4926832,51.07774,0.0,0.0
2023-09-30 21:00:00,23.5,297.28326,994.8538,2.9468331,69.31026,0.0,0.0
2023-09-30 22:00:00,24.06,297.31097,995.44763,3.0214207,77.87401,0.0,0.0
2023-09-30 23:00:00,24.3,299.47308,996.0831,3.6796339,70.552956,0.0,0.0
2023-10-01 00:00:00,26.39,302.47827,996.4725,3.6761909,55.29248,0.0017183154,0.0
2023-10-01 01:00:00,26.89,305.6114,996.3736,3.8671677,40.23918,0.0,0.0
2023-10-01 02:00:00,26.77,308.25287,995.55096,3.8291008,30.39481,0.0,0.0
2023-10-01 03:00:00,26.54,310.23047,994.66656,3.2660177,23.177483,0.0,0.0
2023-10-01 04:00:00,27.32,311.54047,993.48987,2.9800477,17.876915,0.0,0.0
2023-10-01 05:00:00,27.71,312.11383,992.4114,2.654548,15.296674,0.0,0.0
2023-10-01 06:00:00,26.76,312.33356,991.7553,2.185649,14.635901,0.0,0.0
2023-10-01 07:00:00,26.41,312.22516,990.97705,0.1443282,14.905378,0.0,0.0
2023-10-01 08:00:00,26.98,311.97537,990.8781,1.0735221,14.730117,0.0,0.0
2023-10-01 09:00:00,27.93,311.75766,990.8728,2.160878,15.00251,0.0,0.0
2023-10-01 10:00:00,29.06,310.63757,991.632,2.9870932,16.789429,0.0,0.0
2023-10-01 11:00:00,29.75,309.7729,991.96844,3.3383303,18.404978,0.0,0.0
2023-10-01 12:00:00,30.65,308.7189,992.44006,3.140152,20.134012,0.0,0.0
2023-10-01 13:00:00,31.23,307.7603,993.1297,3.5100267,21.998705,0.0,0.0
2023-10-01 14:00:00,32.51,305.895,993.77014,5.5877256,29.376572,0.0,0.0
2023-10-01 15:00:00,33.05,304.0876,994.1576,7.1198273,40.899773,0.0,0.0
2023-10-01 16:00:00,32.86,302.74335,994.2263,7.0101347,47.385,0.0,0.0
2023-10-01 17:00:00,32.81,301.73102,994.33203,6.331954,52.129818,0.0,0.0
2023-10-01 18:00:00,33.32,300.8479,994.74646,6.0002522,55.98968,0.0,0.0
2023-10-01 19:00:00,33.34,299.81116,995.2095,5.348921,60.694103,0.0,0.0
2023-10-01 20:00:00,32.16,299.2069,995.606,4.9359207,63.591934,0.0,0.0
2023-10-01 21:00:00,31.95,298.70453,996.22107,4.5057373,66.47722,0.0,0.0
2023-10-01 22:00:00,31.94,298.62894,996.7711,3.7912104,67.89863,0.0,0.0
2023-10-01 23:00:00,31.8,300.252,997.5948,4.625955,61.14091,0.0,0.0
2023-10-02 00:00:00,31.04,302.63388,998.3699,4.633391,50.130325,0.0,0.0
2023-10-02 01:00:00,31.99,305.02313,998.4637,4.7548127,40.097675,0.0,0.0
2023-10-02 02:00:00,32.22,307.1445,997.8738,4.838174,32.853943,0.0,0.0
2023-10-02 03:00:00,31.98,308.77213,996.9925,4.834084,28.087,0.0,0.0
2023-10-02 04:00:00,32.16,310.162,995.6725,4.5424504,23.812895,0.0,0.0
2023-10-02 05:00:00,32.29,310.6755,994.7111,4.411637,21.927578,0.0,0.0
2023-10-02 06:00:00,32.22,311.19144,993.8228,4.0697613,20.68129,0.0,0.0
2023-10-02 07:00:00,31.64,310.89404,993.14484,2.9161165,20.706766,0.0,0.0
2023-10-02 08:00:00,30.74,310.4756,992.9986,2.658482,21.032528,0.0,0.0
2023-10-02 09:00:00,30.51,310.09595,993.2195,2.6498582,21.477148,0.0,0.0
2023-10-02 10:00:00,31.0,309.28442,993.86127,2.0028505,22.591482,0.0,0.0
2023-10-02 11:00:00,30.61,308.6071,994.4839,1.9148006,23.69531,0.0,0.0
2023-10-02 12:00:00,30.79,307.6759,995.1489,2.1083617,25.260317,0.0,0.0
2023-10-02 13:00:00,31.52,306.46707,995.5559,2.4783385,27.236832,0.0,0.0
2023-10-02 14:00:00,32.7,305.42816,995.6278,3.2851698,29.34908,0.0,0.0
2023-10-02 15:00:00,32.39,304.41974,995.66797,4.5632825,35.1214,0.0,0.0
2023-10-02 16:00:00,30.26,303.37152,995.18414,5.5451927,44.445507,0.0,0.0
2023-10-02 17:00:00,29.38,302.72247,995.0811,5.4108453,47.86167,0.0,0.0
2023-10-02 18:00:00,28.7,302.40076,994.54407,4.7530622,45.724243,0.0,0.0
2023-10-02 19:00:00,28.13,301.01526,995.0002,3.6197853,42.477844,0.0,0.0
2023-10-02 20:00:00,27.33,300.1039,995.2058,3.4112692,43.97479,0.0,0.0
2023-10-02 21:00:00,27.08,299.2503,996.02313,3.4013603,46.483295,0.0,0.0
2023-10-02 22:00:00,27.78,299.07953,996.79846,3.263764,48.197685,0.0,0.0
2023-10-02 23:00:00,27.91,301.22375,997.6661,3.954203,43.231823,0.0,0.0
2023-10-03 00:00:00,28.51,303.70917,998.2963,4.024909,34.67225,0.0,0.0
2023-10-03 01:00:00,28.46,306.0388,998.28595,4.432217,27.048153,0.0,0.0
2023-10-03 02:00:00,28.28,308.24432,997.72815,4.8085494,21.500086,0.0,0.0
2023-10-03 03:00:00,27.96,310.28253,996.8074,4.8275194,17.225307,0.0,0.0
2023-10-03 04:00:00,27.04,311.80768,995.6289,4.813562,14.856725,0.0,0.0
2023-10-03 05:00:00,26.22,312.61172,994.39966,4.5063744,13.860051,0.0,0.0
2023-10-03 06:00:00,25.56,312.93,993.4794,4.052624,12.76637,0.0,0.0
2023-10-03 07:00:00,24.85,312.97577,993.17206,3.5666437,13.00426,0.0,0.0
2023-10-03 08:00:00,23.26,312.9372,993.2019,4.049668,12.710484,0.0,0.0
2023-10-03 09:00:00,22.33,312.30624,993.49414,4.499636,12.7811165,0.0,0.0
2023-10-03 10:00:00,21.75,311.20358,994.07983,3.9674773,13.367049,0.0,0.0
2023-10-03 11:00:00,20.71,309.9885,994.59283,4.1308,13.933593,0.0,0.0
2023-10-03 12:00:00,19.62,308.61813,995.29987,4.693655,14.402284,0.0,0.0
2023-10-03 13:00:00,19.01,307.6368,995.79724,5.4297137,14.316325,0.0,0.0
2023-10-03 14:00:00,18.59,306.7492,996.0403,6.0813775,14.372227,0.0,0.0
2023-10-03 15:00:00,18.24,305.78687,995.68964,5.935151,15.021942,0.0,0.0
2023-10-03 16:00:00,17.91,304.95862,995.3655,5.473984,15.757439,0.0,0.0
2023-10-03 17:00:00,17.77,303.94083,994.8653,5.0451784,16.714758,0.0,0.0
2023-10-03 18:00:00,17.51,303.00385,994.7955,5.185569,17.656298,0.0,0.0
2023-10-03 19:00:00,17.57,301.51724,995.705,5.530218,18.889927,0.0,0.0
2023-10-03 20:00:00,17.81,300.72128,996.18915,5.153793,19.191832,0.0,0.0
2023-10-03 21:00:00,17.77,300.04245,997.31445,4.5128055,19.102242,0.0,0.0
2023-10-03 22:00:00,17.88,299.85834,998.39624,4.2941017,18.476097,0.0,0.0
2023-10-03 23:00:00,17.94,301.61682,999.36096,5.2220445,15.38734,0.0,0.0
2023-10-04 00:00:00,17.55,303.57138,1000.02954,7.0146184,12.502151,0.0017344801,0.0
2023-10-04 01:00:00,17.45,305.74036,999.895,7.159212,10.486564,0.0,0.0
2023-10-04 02:00:00,17.12,307.85843,999.07166,7.212264,9.116321,0.0,0.0
2023-10-04 03:00:00,16.41,309.60718,997.9772,7.077801,8.438484,0.0,0.0
2023-10-04 04:00:00,15.7,310.75317,996.7617,6.8495345,8.390206,0.0,0.0
2023-10-04 05:00:00,15.18,311.5759,995.622,6.686852,8.511159,0.0,0.0
2023-10-04 06:00:00,14.81,311.9506,994.8067,6.553849,8.585925,0.0,0.0
2023-10-04 07:00:00,14.71,312.14792,994.4916,6.2350817,8.762311,0.0,0.0
2023-10-04 08:00:00,14.97,311.70828,994.3539,6.024428,9.003236,0.0,0.0
2023-10-04 09:00:00,15.37,310.84323,994.84033,5.6654196,9.405048,0.0,0.0
2023-10-04 10:00:00,15.96,309.00427,995.52405,4.724813,10.456808,0.0,0.0
2023-10-04 11:00:00,16.76,307.4983,996.16376,4.976564,11.309554,0.0,0.0
2023-10-04 12:00:00,17.15,306.25653,996.63654,5.326479,11.91418,0.0,0.0
2023-10-04 13:00:00,17.26,305.18408,996.7447,5.6320105,12.167958,0.0,0.0
2023-10-04 14:00:00,17.28,304.26126,996.8717,5.8234935,12.025419,0.0,0.0
2023-10-04 15:00:00,17.05,303.3313,996.60315,5.8621154,11.829241,0.0,0.0
2023-10-04 16:00:00,16.58,302.4735,996.1873,5.905522,11.752216,0.0,0.0
2023-10-04 17:00:00,16.15,301.7846,996.0733,5.9701467,11.737465,0.0,0.0
2023-10-04 18:00:00,15.64,301.08737,995.9975,5.8531775,11.838284,0.0,0.0
2023-10-04 19:00:00,15.22,299.27106,996.5739,5.622241,12.753569,0.0,0.0
2023-10-04 20:00:00,15.01,298.50513,996.9369,5.1912727,13.00412,0.0,0.0
2023-10-04 21:00:00,15.86,297.84494,997.53906,4.3544583,13.430302,0.0,0.0
2023-10-04 22:00:00,16.22,297.70728,998.70795,3.2702093,14.1304035,0.0,0.0
2023-10-04 23:00:00,16.26,300.1604,999.51404,3.3577611,13.523427,0.0,0.0
2023-10-05 00:00:00,16.15,302.8764,999.7383,4.6157284,15.131913,0.0,0.0
2023-10-05 01:00:00,16.79,305.68015,999.4783,5.648507,15.988143,0.0,0.0
2023-10-05 02:00:00,17.51,308.2704,998.6131,6.0335994,15.169464,0.0,0.0
2023-10-05 03:00:00,17.89,310.24603,997.2749,5.97168,13.903211,0.0,0.0
2023-10-05 04:00:00,18.22,311.47507,996.0475,5.2538915,13.355167,0.0,0.0
2023-10-05 05:00:00,18.69,312.17795,994.7034,4.4551663,12.990865,0.0,0.0
2023-10-05 06:00:00,18.96,312.5006,993.724,3.847501,12.628669,0.0,0.0
2023-10-05 07:00:00,19.66,312.701,993.25604,2.2193606,10.904601,0.0,0.0
2023-10-05 08:00:00,20.48,312.4286,993.04565,2.0076478,10.973457,0.0,0.0
2023-10-05 09:00:00,21.92,311.97635,993.5168,2.1412344,11.20732,0.0,0.0
2023-10-05 10:00:00,23.75,310.79437,994.2342,2.3996215,12.205112,0.0,0.0
2023-10-05 11:00:00,25.21,309.57172,994.6372,2.7148669,13.309151,0.0,0.0
2023-10-05 12:00:00,26.91,307.90076,995.09595,3.1589935,14.867908,0.0,0.0
2023-10-05 13:00:00,28.55,306.5022,995.57404,3.3531663,16.53533,0.0,0.0
2023-10-05 14:00:00,29.84,305.4551,996.0492,3.3447855,18.364113,0.0,0.0
2023-10-05 15:00:00,31.14,304.8385,995.9568,3.4675462,19.965748,0.0,0.0
2023-10-05 16:00:00,31.61,304.10184,995.9225,3.925028,21.924372,0.0,0.0
2023-10-05 17:00:00,32.81,303.58337,995.95,3.955655,24.416348,0.0,0.0
2023-10-05 18:00:00,33.53,302.86298,996.2628,3.5206048,28.358797,0.0,0.0
2023-10-05 19:00:00,34.64,302.03912,996.61475,5.924655,27.930206,0.0,0.0
2023-10-05 20:00:00,34.88,301.5199,997.33,5.715528,28.727325,0.0,0.0
2023-10-05 21:00:00,34.76,301.2602,998.1472,5.792699,27.784931,0.0,0.0
2023-10-05 22:00:00,35.3,301.43823,998.91235,5.81709,25.870806,0.0,0.0
2023-10-05 23:00:00,35.95,302.88596,999.7589,6.984302,22.86841,0.0,0.0
2023-10-06 00:00:00,33.95,304.64667,1000.25415,7.497123,20.929813,0.0017106533,0.0
2023-10-06 01:00:00,32.28,306.6278,999.9447,7.394872,21.33649,0.0,0.0
2023-10-06 02:00:00,30.38,308.11597,999.14484,6.752187,23.315512,0.0,0.0
2023-10-06 03:00:00,30.03,309.5539,997.8706,5.853149,21.394577,0.0,0.0
2023-10-06 04:00:00,29.82,310.03195,996.7431,4.748024,19.757124,0.0,0.0
2023-10-06 05:00:00,29.43,310.60663,995.83234,3.3045342,17.871895,0.0,0.0
2023-10-06 06:00:00,28.95,310.6387,995.16797,2.0220997,16.834957,0.0,0.0
2023-10-06 07:00:00,29.89,311.14047,994.1828,0.5884761,15.05617,0.0,0.0
2023-10-06 08:00:00,30.68,311.17426,994.0739,0.89886165,14.7164,0.0,0.0
2023-10-06 09:00:00,33.53,310.7776,994.18744,1.3435905,14.880904,0.0,0.13
2023-10-06 10:00:00,37.7,309.943,995.26556,2.088682,15.958625,0.0,1.3599999
2023-10-06 11:00:00,40.88,308.5589,995.9286,3.5380247,17.899553,0.0,1.8399999
2023-10-06 12:00:00,41.71,306.71106,996.73517,5.3668895,24.834297,0.0,1.56
2023-10-06 13:00:00,39.14,304.89447,997.17096,5.866713,33.642155,0.0,0.86
2023-10-06 14:00:00,36.37,304.15814,997.5525,5.126441,36.990547,0.0,0.03
2023-10-06 15:00:00,35.18,303.8569,997.29877,4.6218863,38.185165,0.0,0.0
2023-10-06 16:00:00,34.42,303.579,996.83435,3.7731411,37.891773,0.0,0.0
2023-10-06 17:00:00,33.85,303.5631,996.3964,2.1808186,33.795826,0.0,0.0
2023-10-06 18:00:00,33.64,302.96378,996.3235,2.724495,30.044258,0.0,0.0
2023-10-06 19:00:00,32.8,301.39557,997.5079,3.7552617,22.990881,0.0,0.0
2023-10-06 20:00:00,31.4,300.54593,998.0122,4.1682224,23.262096,0.0,0.0
2023-10-06 21:00:00,29.32,299.8037,998.5795,4.307871,23.624212,0.0,0.0
2023-10-06 22:00:00,27.39,299.9112,999.4522,4.39466,22.361132,0.0,0.0
2023-10-06 23:00:00,25.32,301.38263,1000.28174,5.3550415,17.781044,0.0,0.0
2023-10-07 00:00:00,23.77,302.97137,1000.69995,6.7246346,13.056623,0.0,0.0
2023-10-07 01:00:00,23.75,304.90125,1000.462,7.151505,10.533526,0.0,0.0
2023-10-07 02:00:00,23.54,306.7055,999.7887,6.8748226,10.032338,0.0,0.0
2023-10-07 03:00:00,23.33,308.0396,998.7006,5.878238,10.6518755,0.0,0.0
2023-10-07 04:00:00,23.46,308.92773,997.6094,4.4443803,11.272974,0.0,0.0
2023-10-07 05:00:00,23.72,309.33496,996.3377,3.3722167,11.897642,0.0,0.0
2023-10-07 06:00:00,24.07,309.5171,995.57135,3.2271352,12.247711,0.0,0.0
2023-10-07 07:00:00,23.17,310.8789,994.2014,1.9603913,13.128691,0.0,0.0
2023-10-07 08:00:00,21.86,310.52997,994.01904,1.9387792,12.992983,0.0,0.0
2023-10-07 09:00:00,20.82,310.26993,994.699,2.872887,13.085248,0.0,0.0
2023-10-07 10:00:00,19.91,308.79196,995.4525,3.583515,15.017967,0.0,0.0
2023-10-07 11:00:00,19.15,307.36536,995.88654,4.962,15.473591,0.0,0.0
2023-10-07 12:00:00,18.24,306.04306,996.71515,7.0251546,12.88626,0.0,0.0
2023-10-07 13:00:00,17.41,304.55786,997.40924,7.2726383,10.785666,0.0,0.0
2023-10-07 14:00:00,16.7,303.23212,997.85736,6.5901327,11.003027,0.0,0.0
2023-10-07 15:00:00,16.28,302.25742,997.9286,6.105775,11.461389,0.0,0.0
2023-10-07 16:00:00,15.66,301.41272,997.6833,5.9263496,11.86207,0.0,0.0
2023-10-07 17:00:00,14.87,300.60913,997.67847,5.8970904,12.215909,0.0,0.0
2023-10-07 18:00:00,14.18,299.8458,997.6208,5.821022,12.358126,0.0,0.0
2023-10-07 19:00:00,13.31,297.87076,998.279,4.678315,15.141623,0.0,0.0
2023-10-07 20:00:00,13.08,297.00397,998.9861,4.2305636,15.324865,0.0,0.0
2023-10-07 21:00:00,12.75,296.2511,999.6298,3.7976584,15.542002,0.0,0.0
2023-10-07 22:00:00,12.17,296.25082,1000.3823,3.3943193,15.362443,0.0,0.0
2023-10-07 23:00:00,11.72,299.0809,1001.567,3.8643863,12.1868105,0.0,0.0
2023-10-08 00:00:00,11.54,302.0876,1001.8002,4.7511525,9.947966,0.0,0.0
2023-10-08 01:00:00,11.39,304.9079,1001.7967,5.5012436,8.669286,0.0,0.0
2023-10-08 02:00:00,10.96,307.02167,1000.9994,5.913189,7.724468,0.0,0.0
2023-10-08 03:00:00,10.4,308.4267,999.64655,5.2873263,7.2357817,0.0,0.0
2023-10-08 04:00:00,9.91,309.41168,998.3228,4.6026,7.078604,0.0,0.0
2023-10-08 05:00:00,9.54,310.0,996.85815,4.0869823,7.1128755,0.0,0.0
2023-10-08 06:00:00,9.14,310.3219,996.1675,3.7569647,7.233353,0.0,0.0
2023-10-08 07:00:00,8.49,310.39825,995.34827,3.5857408,7.071749,0.0,0.0
2023-10-08 08:00:00,8.42,310.13992,995.4506,3.67212,7.066345,0.0,0.0
2023-10-08 09:00:00,8.4,309.48636,995.73346,3.759851,7.190157,0.0,0.0
2023-10-08 10:00:00,8.64,307.70117,996.55,3.308084,8.102232,0.0,0.0
2023-10-08 11:00:00,8.57,306.0341,997.1755,3.771183,8.958769,0.0,0.0
2023-10-08 12:00:00,8.72,304.5707,997.66235,4.279066,9.778914,0.0,0.0
2023-10-08 13:00:00,9.17,303.32086,998.1057,4.6702228,10.652414,0.0,0.0
2023-10-08 14:00:00,9.25,302.19724,998.22,4.950838,11.583049,0.0,0.0
2023-10-08 15:00:00,8.88,301.1714,997.9204,4.9756527,12.490512,0.0,0.0
2023-10-08 16:00:00,8.75,300.20203,997.53784,4.860187,13.388987,0.0,0.0
2023-10-08 17:00:00,8.99,299.29126,997.266,4.6499066,14.321656,0.0,0.0
2023-10-08 18:00:00,9.16,298.49042,997.3837,4.5649347,15.247728,0.0,0.0
2023-10-08 19:00:00,9.08,295.96652,997.9778,3.9421575,19.222832,0.0,0.0
2023-10-08 20:00:00,9.24,295.12216,998.4035,4.1429553,20.455406,0.0,0.0
2023-10-08 21:00:00,9.39,294.6283,999.29126,4.192971,21.29698,0.0,0.0
2023-10-08 22:00:00,9.25,295.01273,999.98267,4.1009517,21.102608,0.0,0.0
2023-10-08 23:00:00,9.47,298.2768,1000.9397,4.5747986,17.420408,0.0,0.0
2023-10-09 00:00:00,9.24,301.94708,1001.1287,5.4411683,13.980103,0.0,0.0
2023-10-09 01:00:00,9.41,305.3773,1000.98663,6.1449122,11.405542,0.0,0.0
2023-10-09 02:00:00,9.12,307.7158,1000.1146,7.384997,9.385315,0.0,0.0
2023-10-09 03:00:00,8.79,308.8385,998.96924,6.442337,8.205557,0.0,0.0
2023-10-09 04:00:00,8.57,309.60916,997.625,5.6014695,7.504243,0.0,0.0
2023-10-09 05:00:00,8.44,310.12265,996.1791,5.072087,7.0210643,0.0,0.0
2023-10-09 06:00:00,8.57,310.43375,995.34393,4.7829256,6.688376,0.0,0.0
2023-10-09 07:00:00,8.33,310.53247,994.73016,4.572332,6.928142,0.0,0.0
2023-10-09 08:00:00,8.26,310.17072,994.61646,4.297642,6.9857717,0.0,0.0
2023-10-09 09:00:00,8.11,309.49817,995.2446,4.061067,7.218062,0.0,0.0
2023-10-09 10:00:00,8.01,307.61575,996.0494,3.3270514,8.214019,0.0,0.0
2023-10-09 11:00:00,7.96,305.89618,996.74115,3.6478615,9.177625,0.0,0.0
2023-10-09 12:00:00,7.95,304.39163,997.26685,4.031804,10.052839,0.0,0.0
2023-10-09 13:00:00,8.39,303.10425,997.4442,4.4051294,10.826459,0.0,0.0
2023-10-09 14:00:00,8.38,302.023,997.6261,4.582312,11.53802,0.0,0.0
2023-10-09 15:00:00,8.22,300.99908,997.21533,4.5648894,12.305636,0.0,0.0
2023-10-09 16:00:00,8.12,300.04474,996.757,4.679322,13.157296,0.0,0.0
2023-10-09 17:00:00,8.1,299.2155,996.3792,4.754364,14.04717,0.0,0.0
2023-10-09 18:00:00,8.01,298.54333,996.1697,4.743583,14.905663,0.0,0.0
2023-10-09 19:00:00,8.14,295.89087,996.7739,3.93373,18.348099,0.0,0.0
2023-10-09 20:00:00,8.27,295.09705,997.2517,4.2179685,19.547369,0.0,0.0
2023-10-09 21:00:00,8.64,294.71454,998.0183,4.4585075,20.277414,0.0,0.0
2023-10-09 22:00:00,8.84,295.39966,998.878,4.5103173,19.674988,0.0,0.0
2023-10-09 23:00:00,9.0,299.0405,999.7467,4.876399,15.860923,0.0,0.0
2023-10-10 00:00:00,8.58,303.18195,999.9412,5.4869847,12.400324,0.0,0.0
2023-10-10 01:00:00,9.09,306.70566,999.56946,5.955501,10.151176,0.0,0.0
2023-10-10 02:00:00,9.03,308.73645,998.8267,6.069625,8.516516,0.0,0.0
2023-10-10 03:00:00,8.78,309.6186,997.81946,5.1412587,7.6579504,0.0,0.0
2023-10-10 04:00:00,8.37,310.26175,996.47797,4.5658765,7.223781,0.0,0.0
2023-10-10 05:00:00,8.14,310.71735,995.1356,4.148478,6.9390693,0.0,0.0
2023-10-10 06:00:00,8.34,310.9408,994.285,3.7515602,6.8553066,0.0,0.0
2023-10-10 07:00:00,8.41,310.8761,993.77563,2.975568,7.209643,0.0,0.0
2023-10-10 08:00:00,8.72,310.6272,993.6814,2.9407926,7.3347144,0.0,0.0
2023-10-10 09:00:00,9.09,310.08026,994.045,2.8275154,7.5965962,0.0,0.0
2023-10-10 10:00:00,9.55,308.64423,994.9656,2.3386505,8.482049,0.0,0.0
2023-10-10 11:00:00,9.91,307.0747,995.3943,2.634573,9.513907,0.0,0.0
2023-10-10 12:00:00,9.9,305.28308,996.14056,3.1583245,10.652757,0.0,0.0
2023-10-10 13:00:00,10.3,303.69614,996.4773,3.6075718,11.687541,0.0,0.0
2023-10-10 14:00:00,10.18,302.47375,996.4336,4.0286098,12.540564,0.0,0.0
2023-10-10 15:00:00,9.84,301.46204,996.03485,4.352902,13.269461,0.0,0.0
2023-10-10 16:00:00,9.74,300.5467,995.4451,4.2562284,13.985537,0.0,0.0
2023-10-10 17:00:00,9.95,299.62027,995.1658,3.9748447,14.835833,0.0,0.0
2023-10-10 18:00:00,10.46,298.85687,995.08374,3.9506397,15.635196,0.0,0.0
2023-10-10 19:00:00,10.71,297.00775,995.3717,3.3794641,18.8798,0.0,0.0
2023-10-10 20:00:00,10.82,296.1552,995.6211,3.2918806,20.100529,0.0,0.0
2023-10-10 21:00:00,10.77,295.5901,996.5321,3.3832326,20.972265,0.0,0.0
2023-10-10 22:00:00,10.77,295.9486,997.39685,3.1553109,20.872597,0.0,0.0
2023-10-10 23:00:00,10.56,299.73877,998.5048,3.2892425,16.734856,0.0,0.0
2023-10-11 00:00:00,10.31,303.6106,998.8538,3.9522793,13.561169,0.0017288129,0.0
2023-10-11 01:00:00,10.56,307.06952,998.83453,4.4762573,11.028587,0.0,0.0
2023-10-11 02:00:00,10.48,309.6853,998.30347,5.3723097,8.5887,0.0,0.0
2023-10-11 03:00:00,10.43,310.7003,997.14154,4.346642,7.849267,0.0,0.0
2023-10-11 04:00:00,10.37,311.26038,995.983,3.12822,7.537945,0.0,0.0
2023-10-11 05:00:00,10.42,311.65546,994.7438,2.3964748,7.29583,0.0,0.0
2023-10-11 06:00:00,10.76,311.929,994.0655,2.0225558,7.135027,0.0,0.0
2023-10-11 07:00:00,10.52,312.0376,993.48737,1.8369331,7.2297187,0.0,0.0
2023-10-11 08:00:00,10.4,311.78235,993.46893,1.8144308,7.301544,0.0,0.0
2023-10-11 09:00:00,10.51,311.31223,994.03204,2.1806555,7.4469075,0.0,0.0
2023-10-11 10:00:00,10.77,309.8487,994.7723,2.8553424,8.152153,0.0,0.0
2023-10-11 11:00:00,10.97,308.13647,995.46405,3.471988,8.936712,0.0,0.0
2023-10-11 12:00:00,11.2,306.55853,996.3722,3.5782924,9.620962,0.0,0.0
2023-10-11 13:00:00,11.15,305.07617,996.6066,3.7243705,10.307623,0.0,0.0
2023-10-11 14:00:00,11.05,303.7381,996.91,3.7493222,11.060411,0.0,0.0
2023-10-11 15:00:00,10.72,302.3855,996.63165,3.5573118,12.091975,0.0,0.0
2023-10-11 16:00:00,10.35,301.018,996.08545,3.3824813,13.332793,0.0,0.0
2023-10-11 17:00:00,10.48,300.14392,995.83154,4.1091757,14.157902,0.0,0.0
2023-10-11 18:00:00,10.64,299.63007,995.8253,3.943514,14.820158,0.0,0.0
2023-10-11 19:00:00,11.17,297.6867,996.4725,1.9775132,20.502714,0.0,0.0
2023-10-11 20:00:00,11.91,296.4353,997.2993,1.6429307,24.55033,0.0,0.0
2023-10-11 21:00:00,13.08,295.24402,998.27966,1.9987211,34.685932,0.0,0.0
2023-10-11 22:00:00,14.89,295.31268,999.3019,1.2586172,45.547695,0.0,0.0
2023-10-11 23:00:00,16.48,298.6056,1000.2625,0.89057815,48.346497,0.0,0.0
2023-10-12 00:00:00,17.54,301.55444,1000.65875,0.7429811,43.889088,0.0,0.0
2023-10-12 01:00:00,17.73,304.977,1000.4866,1.2725388,28.997103,0.0,0.0
2023-10-12 02:00:00,17.92,308.16827,999.6367,2.7408733,17.631498,0.0,0.0
2023-10-12 03:00:00,16.39,310.6604,998.41986,3.6377354,10.925837,0.0,0.0
2023-10-12 04:00:00,14.33,311.8036,997.2058,3.2774727,8.055666,0.0,0.0
2023-10-12 05:00:00,12.94,312.16452,995.7132,2.4650226,7.4597692,0.0,0.0
2023-10-12 06:00:00,12.4,312.5183,995.13403,2.1789243,7.135748,0.0,0.0
2023-10-12 07:00:00,11.98,312.58618,994.6392,1.5295409,7.0598774,0.0,0.0
2023-10-12 08:00:00,11.83,312.3645,994.3303,1.5304756,7.04502,0.0,0.0
2023-10-12 09:00:00,11.82,311.89853,994.8836,1.5295326,7.2284937,0.0,0.0
2023-10-12 10:00:00,11.63,310.81232,995.4347,2.1200762,7.884121,0.0,0.0
2023-10-12 11:00:00,11.18,309.10608,996.1142,2.9994454,9.005765,0.0,0.0
2023-10-12 12:00:00,10.94,307.4454,996.5606,3.28088,10.167158,0.0,0.0
2023-10-12 13:00:00,10.7,305.96423,996.8137,3.3627698,11.256793,0.0,0.0
2023-10-12 14:00:00,10.8,304.47653,996.8791,3.2116475,12.423296,0.0,0.0
2023-10-12 15:00:00,10.89,302.782,996.8434,2.6321223,13.931065,0.0,0.0
2023-10-12 16:00:00,11.78,301.5888,996.40405,2.6269748,15.049511,0.0,0.0
2023-10-12 17:00:00,13.85,300.78796,996.01953,1.6796758,17.981644,0.0,0.0
2023-10-12 18:00:00,16.1,300.85107,996.3105,3.4238095,18.063797,0.0,0.0
2023-10-12 19:00:00,18.63,298.01004,997.29553,4.090055,49.997734,0.0,0.0
2023-10-12 20:00:00,19.86,297.0639,997.53827,3.3787384,73.96836,0.0,0.0
2023-10-12 21:00:00,20.74,296.45386,998.39526,2.56771,84.78654,0.0,0.0
2023-10-12 22:00:00,20.82,296.72223,998.9391,1.7726047,86.347565,0.0,0.0
2023-10-12 23:00:00,20.81,298.91714,999.8567,2.4252336,74.20419,0.0,0.0
2023-10-13 00:00:00,20.38,301.79614,1000.0491,2.1425242,57.473606,0.0,0.0
2023-10-13 01:00:00,20.21,304.96658,999.67847,1.2590234,40.77371,0.0,0.0
2023-10-13 02:00:00,20.16,307.9934,998.6873,1.6709884,27.520592,0.0,0.0
2023-10-13 03:00:00,19.85,310.76453,997.67206,3.645747,18.549591,0.0,0.0
2023-10-13 04:00:00,18.64,312.6025,996.5224,4.987164,13.380218,0.0,0.0
2023-10-13 05:00:00,18.08,313.40927,995.28125,4.474828,10.025924,0.0,0.0
2023-10-13 06:00:00,18.3,313.86768,994.33795,3.9566917,8.557296,0.0,0.0
2023-10-13 07:00:00,18.56,314.15216,993.6225,3.6941981,8.431777,0.0,0.0
2023-10-13 08:00:00,19.06,313.93,993.3571,3.3623188,8.406433,0.0,0.0
2023-10-13 09:00:00,19.43,313.34857,993.48065,3.1625116,8.728349,0.0,0.0
2023-10-13 10:00:00,19.77,311.61505,994.2916,3.0970771,10.05037,0.0,0.0
2023-10-13 11:00:00,19.88,310.05054,994.71234,3.5956357,11.167349,0.0,0.0
2023-10-13 12:00:00,20.25,309.06888,995.58,4.025019,11.926014,0.0,0.0
2023-10-13 13:00:00,21.42,308.4389,995.7517,4.985452,12.522982,0.0,0.0
2023-10-13 14:00:00,22.23,308.0468,995.9403,6.1820397,12.957555,0.0,0.0
2023-10-13 15:00:00,22.97,307.52844,995.7939,6.7151227,13.627333,0.0,0.0
2023-10-13 16:00:00,23.57,306.93744,995.4391,6.8902903,14.553606,0.0,0.0
2023-10-13 17:00:00,23.97,306.3401,995.3245,6.905743,15.442106,0.0,0.0
2023-10-13 18:00:00,24.12,305.63022,995.5554,6.3621078,16.332779,0.0,0.0
2023-10-13 19:00:00,23.7,304.03067,996.10156,5.4607315,16.90959,0.0,0.0
2023-10-13 20:00:00,22.44,303.23425,996.78546,4.4590654,17.415304,0.0,0.0
2023-10-13 21:00:00,21.37,302.11783,997.4532,3.4456017,18.698238,0.0,0.0
2023-10-13 22:00:00,20.49,301.82578,998.53357,2.549396,19.824814,0.0,0.0
2023-10-13 23:00:00,20.07,304.06503,999.40234,2.6255374,18.054201,0.0,0.0
2023-10-14 00:00:00,,306.53073,999.77545,4.1131635,15.481284,0.0017291213,0.0
2023-10-14 01:00:00,,308.84253,999.6303,5.722258,12.221369,0.0,0.0
2023-10-14 02:00:00,,310.942,998.6414,6.794171,9.951476,0.0,0.0
2023-10-14 03:00:00,,312.06955,997.53314,6.534913,8.537761,0.0,0.0
2023-10-14 04:00:00,,312.9063,996.43384,5.707298,7.9045877,0.0,0.0
2023-10-14 05:00:00,,313.31833,995.1954,4.893159,7.646592,0.0,0.0
2023-10-14 06:00:00,,313.55334,994.3805,4.5015907,7.404403,0.0,0.0
2023-10-14 07:00:00,,313.60132,993.66595,4.513786,7.662982,0.0,0.0
2023-10-14 08:00:00,,313.33484,993.663,4.30537,7.5875177,0.0,0.0
2023-10-14 09:00:00,,312.81543,993.9942,4.0786324,7.524595,0.0,0.0
2023-10-14 10:00:00,,311.05286,994.8391,3.298617,8.379733,0.0,0.0
2023-10-14 11:00:00,,309.38547,995.45135,3.5981739,9.270275,0.0,0.0
2023-10-14 12:00:00,,308.00214,995.9228,4.0400233,9.992149,0.0,0.0
2023-10-14 13:00:00,,306.8406,996.10724,4.572144,10.544,0.0,0.0
2023-10-14 14:00:00,,305.79874,996.52295,4.9554486,10.999436,0.0,0.0
2023-10-14 15:00:00,,304.80035,996.431,4.974627,11.477724,0.0,0.0
2023-10-14 16:00:00,,303.75385,996.15405,4.887147,12.088827,0.0,0.0
2023-10-14 17:00:00,,302.73407,995.8731,4.7605596,12.782817,0.0,0.0
2023-10-14 18:00:00,,301.83923,995.7928,4.5427113,13.4679575,0.0,0.0
2023-10-14 19:00:00,,299.69522,996.3781,3.6259823,16.009056,0.0,0.0
2023-10-14 20:00:00,,298.8579,996.7957,3.7555482,16.809446,0.0,0.0
2023-10-14 21:00:00,,298.1944,997.3982,3.3078926,17.565495,0.0,0.0
2023-10-14 22:00:00,,298.06372,998.36664,2.2553048,18.477379,0.0,0.0
2023-10-14 23:00:00,,301.55457,999.3592,1.9097337,14.61677,0.0,0.0
2023-10-15 00:00:00,13.85,304.75806,999.6353,2.2269397,12.425559,0.0017046927,0.0
2023-10-15 01:00:00,13.36,307.55038,999.48596,2.766211,10.750671,0.0,0.0
2023-10-15 02:00:00,12.95,309.7973,998.76086,3.1086464,9.261886,0.0,0.0
2023-10-15 03:00:00,13.16,311.22394,997.6411,3.2202234,8.305109,0.0,0.0
2023-10-15 04:00:00,13.41,312.2232,996.3619,3.4624312,7.711095,0.0,0.0
2023-10-15 05:00:00,13.22,312.96375,995.3325,3.82656,7.2643785,0.0,0.0
2023-10-15 06:00:00,13.29,313.46774,994.33673,4.500622,6.8345366,0.0,0.0
2023-10-15 07:00:00,13.24,313.88916,993.6783,5.357313,6.3998237,0.0,0.0
2023-10-15 08:00:00,13.13,313.61108,993.56274,6.209934,6.3330545,0.0,0.0
2023-10-15 09:00:00,12.76,312.7212,993.9263,6.6633897,6.636442,0.0,0.0
2023-10-15 10:00:00,12.51,310.80154,994.71094,5.4119635,7.5005255,0.0,0.0
2023-10-15 11:00:00,12.21,309.1626,995.51624,5.2314396,8.235352,0.0,0.0
2023-10-15 12:00:00,11.97,307.70874,996.10657,4.9986496,8.897991,0.0,0.0
2023-10-15 13:00:00,11.68,306.25552,996.1845,4.656433,9.613162,0.0,0.0
2023-10-15 14:00:00,11.53,304.87622,996.5492,4.3625226,10.341373,0.0,0.0
2023-10-15 15:00:00,11.57,303.58887,996.41095,4.2299094,11.044469,0.0,0.0
2023-10-15 16:00:00,11.53,302.49164,996.28424,4.3977633,11.626579,0.0,0.0
2023-10-15 17:00:00,11.19,301.58133,995.9246,4.621245,12.123739,0.0,0.0
2023-10-15 18:00:00,10.69,300.8172,995.8904,4.8139224,12.635981,0.0,0.0
2023-10-15 19:00:00,10.73,299.62268,996.03033,5.201091,13.968068,0.0,0.0
2023-10-15 20:00:00,10.58,298.83606,996.51935,5.04557,14.690741,0.0,0.0
2023-10-15 21:00:00,10.15,298.1245,997.1761,4.7576804,15.351512,0.0,0.0
2023-10-15 22:00:00,9.81,298.4593,997.8522,4.418025,15.069945,0.0,0.0
2023-10-15 23:00:00,10.01,301.40228,998.6728,5.0311317,12.268977,0.0,0.0
2023-10-16 00:00:00,10.02,304.58752,999.1002,5.8295813,9.557483,0.0012874602,0.0
2023-10-16 01:00:00,9.75,307.48123,998.89685,6.1716895,7.5526423,0.0,0.0
2023-10-16 02:00:00,9.55,309.67322,998.3674,6.3363714,6.4102464,0.0,0.0
2023-10-16 03:00:00,9.03,310.90274,997.4478,5.729256,5.9542856,0.0,0.0
2023-10-16 04:00:00,8.44,311.56873,996.4175,5.142571,5.543289,0.0,0.0
2023-10-16 05:00:00,8.18,312.00812,995.31287,4.8514695,5.113514,0.0,0.0
2023-10-16 06:00:00,8.13,312.24683,994.5158,4.795157,4.755899,0.0,0.0
2023-10-16 07:00:00,7.61,312.2721,994.21625,4.609656,5.024053,0.0,0.0
2023-10-16 08:00:00,7.53,311.93008,993.9261,4.845833,4.8546934,0.0,0.0
2023-10-16 09:00:00,7.16,311.21872,994.4096,4.9100513,4.89395,0.0,0.0
2023-10-16 10:00:00,6.88,309.25702,995.08594,3.9988134,5.577032,0.0,0.0
2023-10-16 11:00:00,6.84,307.59244,995.76654,4.4648366,6.2383404,0.0,0.0
2023-10-16 12:00:00,6.72,306.2375,996.47314,5.440554,6.824773,0.0,0.0
2023-10-16 13:00:00,6.96,305.1369,997.0549,6.06336,7.301806,0.0,0.0
2023-10-16 14:00:00,7.14,304.12927,997.40674,6.1707463,7.7363634,0.0,0.0
2023-10-16 15:00:00,7.14,303.1485,997.65906,6.028201,8.212394,0.0,0.0
2023-10-16 16:00:00,6.95,302.19925,997.2774,5.925954,8.739936,0.0,0.0
2023-10-16 17:00:00,7.16,301.33984,996.8671,5.7661395,9.298633,0.0,0.0
2023-10-16 18:00:00,7.41,300.54312,996.7475,5.554856,9.9290085,0.0,0.0
2023-10-16 19:00:00,7.44,298.95126,996.8036,5.3358464,11.644948,0.0,0.0
2023-10-16 20:00:00,7.35,298.10223,997.3628,5.054881,12.503862,0.0,0.0
2023-10-16 21:00:00,7.38,297.3805,997.9807,4.752852,13.291494,0.0,0.0
2023-10-16 22:00:00,7.41,297.79294,998.51245,4.329585,13.305547,0.0,0.0
2023-10-16 23:00:00,7.64,301.12048,999.52295,4.5786448,11.139609,0.0,0.0
2023-10-17 00:00:00,7.67,304.7843,999.8153,5.311279,9.237502,0.0,0.0
2023-10-17 01:00:00,7.62,307.9251,999.8823,6.4159093,7.948369,0.0,0.0
2023-10-17 02:00:00,7.24,309.66937,999.3214,8.068057,6.760172,0.0,0.0
2023-10-17 03:00:00,7.42,310.59268,998.5455,7.839644,6.2155514,0.0,0.0
2023-10-17 04:00:00,7.36,311.26184,997.68756,7.3819313,5.951359,0.0,0.0
2023-10-17 05:00:00,7.66,311.6535,996.78595,6.8496203,5.8676095,0.0,0.0
2023-10-17 06:00:00,7.9,311.78873,996.0397,6.381676,5.8823137,0.0,0.0
2023-10-17 07:00:00,8.1,311.84125,995.55756,5.494061,5.563221,0.0,0.0
2023-10-17 08:00:00,8.16,311.44324,995.6464,5.188936,5.6639795,0.0,0.0
2023-10-17 09:00:00,8.3,310.6834,996.09357,4.738892,5.9398355,0.0,0.0
2023-10-17 10:00:00,8.37,308.68243,996.7687,3.529723,6.909304,0.0,0.0
2023-10-17 11:00:00,8.99,306.9903,997.44,3.706541,7.8757577,0.0,0.0
2023-10-17 12:00:00,9.33,305.47565,997.78186,4.1496677,8.857802,0.0,0.0
2023-10-17 13:00:00,9.65,304.21542,998.1286,4.453225,9.813917,0.0,0.0
2023-10-17 14:00:00,9.79,303.1441,998.27405,4.6399846,10.743751,0.0,0.0
2023-10-17 15:00:00,9.73,302.16223,998.2092,4.7096667,11.684978,0.0,0.0
2023-10-17 16:00:00,9.91,301.21823,997.9868,4.638953,12.681714,0.0,0.0
2023-10-17 17:00:00,9.92,300.34314,997.6004,4.530012,13.706583,0.0,0.0
2023-10-17 18:00:00,9.83,299.54004,997.32886,4.3718767,14.700432,0.0,0.0
2023-10-17 19:00:00,10.06,297.87396,997.6169,3.7950325,16.534248,0.0,0.0
2023-10-17 20:00:00,9.91,296.96106,998.0181,3.5919366,17.735064,0.0,0.0
2023-10-17 21:00:00,9.61,296.10468,998.46875,3.2154644,18.930466,0.0,0.0
2023-10-17 22:00:00,9.24,296.19824,999.22565,2.463617,19.502104,0.0,0.0
2023-10-17 23:00:00,8.83,299.9735,1000.027,2.460355,15.1122465,0.0,0.0
2023-10-18 00:00:00,8.62,303.55603,1000.36646,2.8296607,12.190524,0.0017225741,0.0
2023-10-18 01:00:00,8.6,306.7312,1000.29956,3.3408358,10.14296,0.0,0.0
2023-10-18 02:00:00,8.64,309.31552,999.3308,4.2116,8.4316025,0.0,0.0
2023-10-18 03:00:00,8.45,310.72733,998.29333,4.1365433,6.798736,0.0,0.0
2023-10-18 04:00:00,7.93,311.43845,997.3867,3.546789,6.0934715,0.0,0.0
2023-10-18 05:00:00,7.81,311.97534,996.22687,3.397398,5.688901,0.0,0.0
2023-10-18 06:00:00,7.85,312.28577,995.33936,3.3730376,5.487061,0.0,0.0
2023-10-18 07:00:00,7.05,312.5567,994.54736,3.8337197,5.821042,0.0,0.0
2023-10-18 08:00:00,7.04,312.23718,994.4519,3.9402122,5.8165765,0.0,0.0
2023-10-18 09:00:00,6.91,311.547,994.78064,3.90507,5.9819613,0.0,0.0
2023-10-18 10:00:00,6.65,309.78265,995.4177,3.044099,6.7829638,0.0,0.0
2023-10-18 11:00:00,7.13,308.1191,996.12524,3.0859034,7.595429,0.0,0.0
2023-10-18 12:00:00,7.09,306.43573,996.67267,3.3033876,8.470307,0.0,0.0
2023-10-18 13:00:00,7.63,304.8446,997.1799,3.3919919,9.384987,0.0,0.0
2023-10-18 14:00:00,8.28,303.40063,997.2989,3.5291,10.310392,0.0,0.0
2023-10-18 15:00:00,8.19,302.1318,997.0684,3.6664968,11.201882,0.0,0.0
2023-10-18 16:00:00,8.29,301.01196,996.65295,3.6327612,12.076363,0.0,0.0
2023-10-18 17:00:00,8.21,299.93866,996.3424,3.5948014,12.999502,0.0,0.0
2023-10-18 18:00:00,8.28,298.93292,996.1584,3.549208,13.927032,0.0,0.0
2023-10-18 19:00:00,8.44,297.17822,996.2689,3.6269393,16.233406,0.0,0.0
2023-10-18 20:00:00,8.52,296.1916,996.8603,3.5023227,17.254412,0.0,0.0
2023-10-18 21:00:00,8.51,295.3751,997.47046,3.369885,18.02397,0.0,0.0
2023-10-18 22:00:00,8.71,295.79926,998.03546,2.8950617,17.650743,0.0,0.0
2023-10-18 23:00:00,8.81,299.8238,998.84674,2.6509469,14.123397,0.0,0.0
2023-10-19 00:00:00,9.97,303.7801,999.04016,2.4230235,13.66176,0.0025629988,0.0
2023-10-19 01:00:00,10.17,306.69873,998.8247,1.8906976,14.127691,0.0,0.0
2023-10-19 02:00:00,10.11,309.19925,998.0447,1.8844677,11.732881,0.0,0.0
2023-10-19 03:00:00,9.28,310.87814,997.01196,2.151154,8.635751,0.0,0.0
2023-10-19 04:00:00,8.67,311.79816,995.9377,2.3690162,7.0198216,0.0,0.0
2023-10-19 05:00:00,8.45,312.38013,994.9261,2.4665174,6.274397,0.0,0.0
2023-10-19 06:00:00,8.64,312.68088,993.9306,2.4352348,5.7645946,0.0,0.0
2023-10-19 07:00:00,8.16,313.20557,993.2461,2.627835,5.5357013,0.0,0.0
2023-10-19 08:00:00,7.76,312.97125,993.0066,2.592431,5.4206486,0.0,0.0
2023-10-19 09:00:00,7.7,312.4561,993.4629,2.337272,5.4728317,0.0,0.0
2023-10-19 10:00:00,7.68,311.18256,994.18,1.6748807,6.0762486,0.0,0.0
2023-10-19 11:00:00,7.71,309.6339,994.6205,1.8680322,6.9512687,0.0,0.0
2023-10-19 12:00:00,7.53,307.40985,994.9921,2.2131832,8.311035,0.0,0.0
2023-10-19 13:00:00,7.66,305.28958,995.54156,2.4834063,9.492571,0.0,0.0
2023-10-19 14:00:00,7.36,303.60617,995.59875,2.8492155,10.22444,0.0,0.0
2023-10-19 15:00:00,6.73,302.27057,995.3385,3.1699831,10.551778,0.0,0.0
2023-10-19 16:00:00,6.69,301.15137,994.58655,3.4255028,10.75272,0.0,0.0
2023-10-19 17:00:00,6.39,300.19107,994.1373,3.5776865,11.009818,0.0,0.0
2023-10-19 18:00:00,6.22,299.26764,993.9637,3.5839877,11.413101,0.0,0.0
2023-10-19 19:00:00,6.48,297.2512,994.4677,3.3157437,14.53157,0.0,0.0
2023-10-19 20:00:00,7.01,296.07532,994.90875,3.269535,15.439984,0.0,0.0
2023-10-19 21:00:00,7.55,295.2066,995.6571,3.3105936,16.05563,0.0,0.0
2023-10-19 22:00:00,7.66,295.8197,996.27704,2.9782095,15.437744,0.0,0.0
2023-10-19 23:00:00,7.97,300.52716,997.1156,3.092088,11.364247,0.0,0.0
2023-10-20 00:00:00,7.17,305.60458,997.28046,3.5912697,8.257963,0.0017225741,0.0
2023-10-20 01:00:00,6.93,309.3164,997.3259,4.365227,7.113948,0.0,0.0
2023-10-20 02:00:00,6.86,311.63693,996.5838,5.0020657,5.7481494,0.0,0.0
2023-10-20 03:00:00,7.29,312.6741,995.61414,4.1414423,4.979894,0.0,0.0
2023-10-20 04:00:00,7.07,313.20856,994.79047,3.2311325,4.5732646,0.0,0.0
2023-10-20 05:00:00,6.87,313.57785,993.733,2.7486176,4.353715,0.0,0.0
2023-10-20 06:00:00,6.81,313.7702,992.98224,2.3977768,4.2029715,0.0,0.0
2023-10-20 07:00:00,6.69,314.12207,992.09564,2.226948,4.470894,0.0,0.0
2023-10-20 08:00:00,6.8,313.83047,991.84686,2.188029,4.4844294,0.0,0.0
2023-10-20 09:00:00,7.56,313.26965,992.05884,2.0183313,4.5805125,0.0,0.0
2023-10-20 10:00:00,7.32,312.01407,992.6,1.4178106,5.1506586,0.0,0.0
2023-10-20 11:00:00,7.32,310.2025,992.9782,1.3130481,7.5281887,0.0,0.0
2023-10-20 12:00:00,7.45,307.99213,993.52026,1.513499,8.074945,0.0,0.0
2023-10-20 13:00:00,7.88,305.5414,993.8663,2.1420753,9.0369215,0.0,0.0
2023-10-20 14:00:00,8.19,303.9513,994.257,3.0347366,9.150337,0.0,0.0
2023-10-20 15:00:00,8.2,302.6701,993.6322,3.3876953,9.693856,0.0,0.0
2023-10-20 16:00:00,8.3,301.4375,993.2006,3.2851942,10.4435835,0.0,0.0
2023-10-20 17:00:00,8.46,300.41742,992.66974,3.5393765,11.011687,0.0,0.0
2023-10-20 18:00:00,8.76,299.59283,992.76935,3.964317,11.3099165,0.0,0.0
2023-10-20 19:00:00,9.7,297.73407,993.71533,3.651497,18.442797,0.0,0.0
2023-10-20 20:00:00,11.63,296.74023,994.3158,3.0527787,34.374092,0.0,0.0
2023-10-20 21:00:00,12.96,296.03912,995.1756,2.9213946,50.534775,0.0,0.0
2023-10-20 22:00:00,13.84,296.53674,995.7509,2.3861146,59.61857,0.0,0.0
2023-10-20 23:00:00,14.43,300.06476,996.6044,2.737479,53.69732,0.0,0.0
2023-10-21 00:00:00,15.53,303.4867,996.87,2.5244853,43.02355,0.0017116729,0.0
2023-10-21 01:00:00,15.64,306.3407,996.99005,2.2443411,34.076504,0.0,0.0
2023-10-21 02:00:00,15.46,308.55774,996.3536,2.646005,28.069548,0.0,0.0
2023-10-21 03:00:00,14.78,310.3676,995.6305,2.0729725,22.254745,0.0,0.0
2023-10-21 04:00:00,13.71,311.66028,994.6164,1.1178247,16.195724,0.0,0.0
2023-10-21 05:00:00,13.55,312.30188,993.71533,0.78062606,12.255516,0.0,0.0
2023-10-21 06:00:00,14.28,312.83987,992.9803,1.1167496,10.022546,0.0,0.0
2023-10-21 07:00:00,14.5,313.73785,991.9803,1.9496527,7.767354,0.0,0.0
2023-10-21 08:00:00,14.3,313.47464,992.0765,1.9301922,7.729855,0.0,0.0
2023-10-21 09:00:00,14.37,313.0309,992.30725,1.8964682,7.7827306,0.0,0.0
2023-10-21 10:00:00,13.93,311.852,992.9637,2.424748,8.558116,0.0,0.0
2023-10-21 11:00:00,12.8,310.0125,993.24884,3.193909,9.82533,0.0,0.0
2023-10-21 12:00:00,11.22,308.55637,993.7317,3.588324,10.587589,0.0,0.0
2023-10-21 13:00:00,11.87,307.03992,994.0712,3.6185305,11.296205,0.0,0.0
2023-10-21 14:00:00,12.82,305.89685,993.8965,3.7356038,11.670197,0.0,0.0
2023-10-21 15:00:00,14.87,304.79236,993.46094,3.7393343,12.038277,0.0,0.0
2023-10-21 16:00:00,17.71,303.64972,993.08154,1.2304056,13.256388,0.0,0.0
2023-10-21 17:00:00,20.18,301.40356,993.4428,3.5307612,17.6432,0.0,0.0
2023-10-21 18:00:00,21.52,299.37064,994.23267,6.116806,44.95083,0.0,0.0
2023-10-21 19:00:00,21.67,298.56876,995.58514,3.3178513,62.5081,0.0,0.0
2023-10-21 20:00:00,22.02,297.90143,995.9003,3.7932003,67.888214,0.0,0.0
2023-10-21 21:00:00,21.86,297.26932,996.4638,3.8677683,73.145775,0.0,0.0
2023-10-21 22:00:00,20.87,297.7855,996.72095,3.5790594,72.70967,0.0,0.0
2023-10-21 23:00:00,19.79,300.39514,997.2353,3.8564973,61.477398,0.0,0.0
2023-10-22 00:00:00,19.25,303.36267,997.5828,3.3978438,48.10591,0.0012860663,0.0
2023-10-22 01:00:00,18.46,305.83014,997.21063,2.029318,35.993145,0.0,0.0
2023-10-22 02:00:00,17.31,307.73376,996.57733,0.6658378,27.606941,0.0,0.0
2023-10-22 03:00:00,15.87,309.44812,995.49,0.21009243,22.720438,0.0,0.0
2023-10-22 04:00:00,15.47,310.9687,994.42914,0.28458825,19.049883,0.0,0.0
2023-10-22 05:00:00,15.36,312.17078,993.3937,0.34261122,15.894002,0.0,0.0
2023-10-22 06:00:00,15.22,312.8675,992.4485,0.2058298,13.349708,0.0,0.0
2023-10-22 07:00:00,15.71,314.08105,991.6417,0.9340331,7.924202,0.0,0.0
2023-10-22 08:00:00,15.61,313.75836,991.49713,0.58787197,7.8727098,0.0,0.0
2023-10-22 09:00:00,15.55,313.36328,991.79315,0.7919498,7.8820744,0.0,0.0
2023-10-22 10:00:00,15.86,312.52722,992.07623,1.7974403,8.512194,0.0,0.0
2023-10-22 11:00:00,17.37,310.91116,992.88794,2.5186076,9.939049,0.0,0.0
2023-10-22 12:00:00,18.94,309.14362,993.1169,2.7733576,11.558831,0.0,0.0
2023-10-22 13:00:00,19.54,307.3056,993.39294,3.660915,13.089007,0.0,0.0
2023-10-22 14:00:00,20.57,305.54462,993.5691,6.154784,21.38117,0.0,0.0
2023-10-22 15:00:00,23.1,303.12817,993.5119,7.1067753,40.068413,0.0,0.0
2023-10-22 16:00:00,24.54,301.89273,993.3844,6.5118055,50.152187,0.0,0.0
2023-10-22 17:00:00,26.07,301.18,993.77545,5.185789,54.45314,0.0,0.0
2023-10-22 18:00:00,26.83,300.30862,994.3136,5.4618416,59.192867,0.0,0.0
2023-10-22 19:00:00,27.11,298.80927,995.1038,4.479179,66.82378,0.0,0.0
2023-10-22 20:00:00,27.49,298.1622,995.677,4.449064,70.25178,0.0,0.0
2023-10-22 21:00:00,27.66,297.60687,995.9797,4.4883265,73.50626,0.0,0.0
2023-10-22 22:00:00,27.37,298.077,996.51385,4.792141,72.49541,0.0,0.0
2023-10-22 23:00:00,26.53,300.16693,996.9675,5.2402596,61.924458,0.0,0.0
2023-10-23 00:00:00,24.3,302.84174,996.97455,5.087674,47.624695,0.0,0.0
2023-10-23 01:00:00,24.12,305.59137,996.6922,4.872606,36.199173,0.0,0.0
2023-10-23 02:00:00,23.13,308.03156,995.8755,4.9110084,29.060453,0.0,0.0
2023-10-23 03:00:00,22.41,310.15396,995.1301,5.117605,24.163368,0.0,0.0
2023-10-23 04:00:00,22.63,311.8158,993.8603,5.2207,20.201462,0.0,0.0
2023-10-23 05:00:00,23.88,312.39847,992.87463,4.492003,17.229929,0.0,0.0
2023-10-23 06:00:00,25.33,312.86887,992.28217,3.8700316,14.393934,0.0,0.0
2023-10-23 07:00:00,25.12,313.29745,991.39166,2.702249,11.005546,0.0,0.0
2023-10-23 08:00:00,25.06,313.15955,991.4428,2.7427113,11.035154,0.0,0.0
2023-10-23 09:00:00,25.45,312.62317,991.6863,2.8296292,11.449148,0.0,0.0
2023-10-23 10:00:00,25.55,310.99246,992.40405,3.050701,12.997788,0.0,0.0
2023-10-23 11:00:00,25.19,309.4154,992.8303,3.3827074,14.772889,0.0,0.0
2023-10-23 12:00:00,24.26,308.0731,993.07135,3.8093243,16.417347,0.0,0.0
2023-10-23 13:00:00,25.86,306.65363,993.2104,5.126832,19.813719,0.0,0.0
2023-10-23 14:00:00,27.79,304.68146,993.4467,6.444686,34.259773,0.0,0.0
2023-10-23 15:00:00,29.58,303.07397,993.044,6.1689157,48.24281,0.0,0.0
2023-10-23 16:00:00,29.31,302.07565,992.8024,5.658442,54.951054,0.0,0.0
2023-10-23 17:00:00,28.27,301.2661,992.35876,5.2541876,58.81834,0.0,0.0
2023-10-23 18:00:00,28.66,300.5816,992.34375,4.584538,62.16437,0.0,0.0
2023-10-23 19:00:00,29.16,299.51038,993.21185,4.3272567,70.4307,0.0,0.0
2023-10-23 20:00:00,29.23,298.89038,993.9914,3.8062053,72.82187,0.0,0.0
2023-10-23 21:00:00,29.18,298.31726,994.72565,3.3058515,74.87037,0.0,0.0
2023-10-23 22:00:00,28.05,298.73224,995.45953,3.299653,72.47717,0.0,0.0
2023-10-23 23:00:00,27.63,300.7392,996.12897,3.763592,60.306583,0.0,0.0
2023-10-24 00:00:00,28.42,303.23322,996.5159,3.5511568,46.3579,0.0025689602,0.0
2023-10-24 01:00:00,28.65,305.7138,996.3468,3.987796,36.220367,0.0,0.0
2023-10-24 02:00:00,28.37,307.9215,995.55804,4.6588254,29.156929,0.0,0.0
2023-10-24 03:00:00,27.99,309.87274,994.4389,4.564717,23.255802,0.0,0.0
2023-10-24 04:00:00,27.87,311.6243,993.39087,4.107812,18.346142,0.0,0.0
2023-10-24 05:00:00,27.31,312.67657,992.2114,3.159437,15.478648,0.0,0.0
2023-10-24 06:00:00,26.38,313.08087,991.688,1.6493447,13.920358,0.0,0.0
2023-10-24 07:00:00,25.61,313.09625,991.516,1.2165179,14.239606,0.0,0.0
2023-10-24 08:00:00,25.25,312.8877,991.3569,0.9906257,13.83784,0.0,0.0
2023-10-24 09:00:00,24.58,312.5393,991.77844,1.1404023,13.841891,0.0,0.0
2023-10-24 10:00:00,24.01,311.79138,992.2102,1.6980731,14.562109,0.0,0.0
2023-10-24 11:00:00,23.43,310.61478,993.04974,2.3467271,16.188345,0.0,0.0
2023-10-24 12:00:00,22.99,309.08023,993.29767,2.706657,18.269537,0.0,0.0
2023-10-24 13:00:00,23.04,307.57782,993.5547,2.8424156,20.448704,0.0,0.0
2023-10-24 14:00:00,23.17,306.53748,993.52783,3.0570805,21.96515,0.0,0.0
2023-10-24 15:00:00,24.74,305.549,993.0648,4.81415,23.986609,0.0,0.0
2023-10-24 16:00:00,26.5,303.7873,992.78375,6.1662874,37.77004,0.0,0.0
2023-10-24 17:00:00,27.76,302.33868,992.5453,5.8755503,52.625977,0.0,0.0
2023-10-24 18:00:00,29.47,301.76685,992.52545,5.1898637,58.71739,0.0,0.0
2023-10-24 19:00:00,31.71,301.1001,993.20264,5.68203,63.713676,0.0,0.0
2023-10-24 20:00:00,34.06,300.54126,993.99097,4.3107953,66.29133,0.0,0.0
2023-10-24 21:00:00,34.36,300.04044,995.33594,2.146373,68.01522,0.0,0.0
2023-10-24 22:00:00,34.06,300.42856,996.1742,2.6447253,66.34856,0.0,0.0
2023-10-24 23:00:00,33.91,302.23578,996.58905,3.8320718,57.520485,0.0,0.0
2023-10-25 00:00:00,33.4,304.56592,996.67194,3.5114655,46.204395,0.0,0.0
2023-10-25 01:00:00,33.63,307.11978,996.2461,2.7735796,36.39594,0.0,0.0
2023-10-25 02:00:00,33.14,309.52032,995.40594,2.1107912,28.580248,0.0,0.0
2023-10-25 03:00:00,32.55,311.80823,994.4074,1.6292329,21.703552,0.0,0.0
2023-10-25 04:00:00,31.69,313.49146,993.44495,1.0339522,15.443177,0.0,0.0
2023-10-25 05:00:00,30.69,314.4106,992.40314,1.9501113,12.480846,0.0,0.0
2023-10-25 06:00:00,30.19,314.89523,991.73914,2.2002907,11.303872,0.0,0.0
2023-10-25 07:00:00,29.75,314.8864,991.3102,2.5975327,12.096903,0.0,0.0
2023-10-25 08:00:00,29.47,314.91718,991.1884,3.0932784,12.113575,0.0,0.0
2023-10-25 09:00:00,29.51,314.35052,991.84467,3.3812714,12.456416,0.0,0.0
2023-10-25 10:00:00,30.01,313.02588,992.70825,3.0551677,13.763208,0.0,0.0
2023-10-25 11:00:00,29.65,312.01816,993.0178,2.372717,15.029715,0.0,0.0
2023-10-25 12:00:00,29.57,310.78638,993.41656,1.5244466,16.899822,0.0,0.0
2023-10-25 13:00:00,30.25,309.1402,993.4077,1.3107691,20.001434,0.0,0.0
2023-10-25 14:00:00,30.43,307.43335,993.6755,1.9593166,21.444664,0.0,0.0
2023-10-25 15:00:00,31.2,306.16174,993.19977,2.1549644,22.90525,0.0,0.0
2023-10-25 16:00:00,32.68,305.49683,993.0106,0.9003676,24.075024,0.0,0.0
2023-10-25 17:00:00,34.24,304.8444,993.2559,0.31083322,25.269762,0.0,0.0
2023-10-25 18:00:00,35.09,302.94962,993.4384,3.8760958,31.655693,0.0,0.0
2023-10-25 19:00:00,34.97,301.25122,993.7589,2.5541642,57.864304,0.0,0.0
2023-10-25 20:00:00,34.81,300.19077,994.4774,1.0897835,67.98122,0.0,0.0
2023-10-25 21:00:00,33.74,299.5078,995.253,1.5301342,72.300804,0.0,0.0
2023-10-25 22:00:00,31.23,300.38525,996.0975,1.6643289,69.79467,0.0,0.0
2023-10-25 23:00:00,28.63,302.90332,996.8826,1.7674912,59.163944,0.0,0.0
2023-10-26 00:00:00,25.53,306.51785,997.44446,3.5599763,38.196518,0.0,0.0
2023-10-26 01:00:00,25.23,310.23065,997.25226,6.9272404,18.419771,0.0,0.0
2023-10-26 02:00:00,24.21,312.49707,996.35046,8.03439,12.026711,0.0,0.0
2023-10-26 03:00:00,23.29,313.9408,995.0783,7.5725007,10.614087,0.0,0.0
2023-10-26 04:00:00,23.23,314.7801,993.90765,6.553456,10.717821,0.0,0.0
2023-10-26 05:00:00,23.32,315.33804,992.8614,5.8003917,10.489309,0.0,0.0
2023-10-26 06:00:00,23.1,315.6272,991.9953,5.688865,9.952009,0.0,0.0
2023-10-26 07:00:00,23.12,315.9134,991.2392,4.659518,9.553437,0.0,0.0
2023-10-26 08:00:00,23.14,315.61743,991.46765,4.8831897,9.44804,0.0,0.0
2023-10-26 09:00:00,23.36,314.8187,991.8921,5.096521,9.813465,0.0,0.0
2023-10-26 10:00:00,23.6,313.03497,992.74664,4.5243278,11.004816,0.0,0.0
2023-10-26 11:00:00,23.51,311.53113,993.46326,4.944742,12.143648,0.0,0.0
2023-10-26 12:00:00,23.77,310.25238,994.0178,5.199996,13.227084,0.0,0.0
2023-10-26 13:00:00,24.07,309.1222,994.60596,5.5045657,14.244977,0.0,0.0
2023-10-26 14:00:00,23.75,308.1087,995.07654,6.1787534,15.07057,0.0,0.0
2023-10-26 15:00:00,23.5,307.1161,994.7717,6.5358224,15.655679,0.0,0.0
2023-10-26 16:00:00,23.3,306.17838,994.71466,6.8789415,15.96898,0.0,0.0
2023-10-26 17:00:00,23.15,305.34326,994.59827,6.9041553,16.080446,0.0,0.0
2023-10-26 18:00:00,22.95,304.4689,994.63,6.141866,16.463158,0.0,0.0
2023-10-26 19:00:00,22.35,302.34094,996.1261,4.7931013,18.741322,0.0,0.0
2023-10-26 20:00:00,22.36,301.4826,996.7562,4.470381,19.418678,0.0,0.0
2023-10-26 21:00:00,22.16,300.82504,997.5868,4.4173846,19.925354,0.0,0.0
2023-10-26 22:00:00,21.65,301.47238,998.4352,4.4130163,18.884804,0.0,0.0
2023-10-26 23:00:00,21.5,303.62598,999.255,6.1583395,15.660111,0.0,0.0
2023-10-27 00:00:00,19.97,305.67932,999.5261,7.179799,13.199568,0.0012874602,0.0
2023-10-27 01:00:00,19.95,307.87714,999.34515,7.263591,11.288886,0.0,0.0
2023-10-27 02:00:00,19.5,309.91016,998.4437,7.124807,9.897789,0.0,0.0
2023-10-27 03:00:00,18.64,311.5515,997.44946,6.673124,8.995409,0.0,0.0
2023-10-27 04:00:00,18.35,312.69745,996.15845,6.099012,8.472007,0.0,0.0
2023-10-27 05:00:00,18.72,313.4248,995.1348,5.543584,8.241417,0.0,0.0
2023-10-27 06:00:00,18.4,313.75378,993.9389,5.0780773,8.209265,0.0,0.0
2023-10-27 07:00:00,18.28,314.23267,993.2578,4.4285316,8.807951,0.0,0.0
2023-10-27 08:00:00,18.2,313.90564,993.00836,4.530296,8.804205,0.0,0.0
2023-10-27 09:00:00,17.85,313.15295,993.6266,4.3698196,9.055098,0.0,0.0
2023-10-27 10:00:00,17.37,311.42014,994.2064,3.7449064,10.037898,0.0,0.0
2023-10-27 11:00:00,17.08,309.90512,995.0189,3.9405203,10.895539,0.0,0.0
2023-10-27 12:00:00,16.66,308.4412,995.3142,4.0876265,11.637317,0.0,0.0
2023-10-27 13:00:00,16.38,307.1327,995.8017,4.1343617,12.315169,0.0,0.0
2023-10-27 14:00:00,16.19,305.94098,995.96625,4.44274,13.067285,0.0,0.0
2023-10-27 15:00:00,16.06,304.82745,995.58704,4.263301,13.926479,0.0,0.0
2023-10-27 16:00:00,15.88,303.72952,995.0394,4.2466416,14.901845,0.0,0.0
2023-10-27 17:00:00,15.91,302.8327,994.77405,4.7358212,15.730427,0.0,0.0
2023-10-27 18:00:00,16.06,302.17322,994.54346,4.904104,16.167185,0.0,0.0
2023-10-27 19:00:00,16.01,300.03873,995.83453,3.3769305,18.465569,0.0,0.0
2023-10-27 20:00:00,15.51,299.00934,996.42114,3.2402422,19.396482,0.0,0.0
2023-10-27 21:00:00,14.49,298.0952,997.05194,3.2700558,20.099745,0.0,0.0
2023-10-27 22:00:00,13.44,298.77475,997.9911,3.1638865,18.810734,0.0,0.0
2023-10-27 23:00:00,12.36,302.07904,998.9939,4.0057993,14.3630085,0.0,0.0
2023-10-28 00:00:00,11.73,304.93744,999.3071,5.07687,10.838119,0.0017206273,0.0
2023-10-28 01:00:00,11.13,307.64032,999.05054,5.682263,8.527813,0.0,0.0
2023-10-28 02:00:00,10.41,310.02783,998.57367,5.748835,7.026915,0.0,0.0
2023-10-28 03:00:00,9.69,311.67056,997.2763,5.1362333,6.332837,0.0,0.0
2023-10-28 04:00:00,8.68,312.72238,996.09155,4.4695997,6.122857,0.0,0.0
2023-10-28 05:00:00,8.04,313.3797,994.78674,4.0800843,5.5906544,0.0,0.0
2023-10-28 06:00:00,7.11,313.70697,993.7622,3.7893062,5.0698833,0.0,0.0
2023-10-28 07:00:00,6.97,314.20514,992.5787,4.22763,4.8514476,0.0,0.0
2023-10-28 08:00:00,6.76,313.82907,992.35034,4.055303,4.6521125,0.0,0.0
2023-10-28 09:00:00,6.07,313.08145,992.6127,3.8125706,4.5890803,0.0,0.0
2023-10-28 10:00:00,5.89,311.11237,993.3475,3.2399375,5.2054806,0.0,0.0
2023-10-28 11:00:00,5.71,309.17395,994.0012,3.509692,5.8431735,0.0,0.0
2023-10-28 12:00:00,5.75,307.35074,994.5066,3.871291,6.4218974,0.0,0.0
2023-10-28 13:00:00,5.51,305.7699,994.85547,4.037543,6.8891993,0.0,0.0
2023-10-28 14:00:00,4.95,304.40234,995.1944,4.165084,7.2970004,0.0,0.0
2023-10-28 15:00:00,4.93,303.12128,994.8683,4.2748356,7.669591,0.0,0.0
2023-10-28 16:00:00,4.69,302.0034,994.40826,4.42532,7.9785438,0.0,0.0
2023-10-28 17:00:00,4.78,301.03387,994.08936,4.357945,8.260603,0.0,0.0
2023-10-28 18:00:00,4.78,300.09375,993.9139,4.218405,8.590202,0.0,0.0
2023-10-28 19:00:00,5.04,298.25244,994.4208,4.504801,10.167648,0.0,0.0
2023-10-28 20:00:00,5.24,297.48883,994.8148,4.4078126,10.498345,0.0,0.0
2023-10-28 21:00:00,5.45,296.64502,995.5742,3.9146006,11.050074,0.0,0.0
2023-10-28 22:00:00,6.38,297.26062,996.35876,3.393382,10.920717,0.0,0.0
2023-10-28 23:00:00,7.23,301.07724,997.21014,3.5998976,9.362232,0.0,0.0
2023-10-29 00:00:00,7.49,304.50635,997.5031,3.7168899,13.494656,0.0,0.0
2023-10-29 01:00:00,7.24,307.53754,997.41437,3.9460053,12.391903,0.0,0.0
2023-10-29 02:00:00,6.75,310.01218,996.85156,4.330479,8.983097,0.0,0.0
2023-10-29 03:00:00,6.71,311.56345,995.6782,3.8944514,6.8793616,0.0,0.0
2023-10-29 04:00:00,6.67,312.35242,994.23267,2.7187731,5.7225156,0.0,0.0
2023-10-29 05:00:00,6.74,312.80084,993.0659,1.6484362,5.0070906,0.0,0.0
2023-10-29 06:00:00,6.74,312.9959,992.09845,0.99714726,4.510855,0.0,0.0
2023-10-29 07:00:00,6.89,313.5633,990.6239,0.92787534,5.829617,0.0,0.0
2023-10-29 08:00:00,7.17,313.3631,990.6262,0.8099442,5.5842443,0.0,0.0
2023-10-29 09:00:00,7.28,312.904,990.8575,0.6142712,5.5035796,0.0,0.0
2023-10-29 10:00:00,7.65,312.00372,991.65186,0.68835425,5.9532633,0.0,0.0
2023-10-29 11:00:00,8.34,310.63763,992.1216,1.5272743,6.951543,0.0,0.0
2023-10-29 12:00:00,8.51,308.49152,992.7008,2.1704762,8.732702,0.0,0.0
2023-10-29 13:00:00,8.49,306.6949,992.8423,2.7137911,10.116219,0.0,0.0
2023-10-29 14:00:00,8.45,305.07275,993.0335,2.9440534,11.494572,0.0,0.0
2023-10-29 15:00:00,9.85,303.88318,992.67096,3.1536214,12.372932,0.0,0.0
2023-10-29 16:00:00,13.23,302.7812,992.03815,1.7436808,14.0604925,0.0,0.0
2023-10-29 17:00:00,16.24,300.43546,991.78015,2.6626446,16.73021,0.0,0.0
2023-10-29 18:00:00,18.78,299.36563,991.97986,4.8873234,35.00427,0.0,0.0
2023-10-29 19:00:00,20.37,298.5334,992.52057,4.318722,67.87311,0.0,0.0
2023-10-29 20:00:00,20.08,298.08514,993.0975,3.8441532,72.11751,0.0,0.0
2023-10-29 21:00:00,19.64,297.5948,993.6714,3.7535615,74.887,0.0,0.0
2023-10-29 22:00:00,20.29,298.48102,994.47107,3.7084124,71.883484,0.0,0.0
2023-10-29 23:00:00,21.27,301.00143,995.0578,4.5672827,62.92287,0.0,0.0
2023-10-30 00:00:00,21.18,303.86353,995.2986,4.713382,50.320442,0.0012646933,0.0
2023-10-30 01:00:00,21.88,306.67352,995.08093,4.6601877,38.188477,0.0,0.0
2023-10-30 02:00:00,22.23,309.17218,994.5623,4.6380315,29.581964,0.0,0.0
2023-10-30 03:00:00,22.65,311.16296,993.71783,4.4307036,23.026157,0.0,0.0
2023-10-30 04:00:00,23.5,312.5053,992.68005,3.600535,17.782806,0.0,0.0
2023-10-30 05:00:00,24.68,313.09674,991.60376,3.1868944,14.708678,0.0,0.0
2023-10-30 06:00:00,25.87,313.47263,990.72534,2.7665155,13.133181,0.0,0.0
2023-10-30 07:00:00,27.09,313.5929,989.9803,3.407145,13.308908,0.0,0.0
2023-10-30 08:00:00,28.35,313.27325,989.94727,3.1369295,13.42223,0.0,0.0
2023-10-30 09:00:00,29.32,312.66907,990.141,3.0119212,14.031504,0.0,0.0
2023-10-30 10:00:00,29.89,311.40958,990.9553,2.8135004,15.761335,0.0,0.0
2023-10-30 11:00:00,30.16,309.8781,991.5225,3.3590937,18.398306,0.0,0.0
2023-10-30 12:00:00,30.39,308.43414,992.28467,4.3858175,21.797369,0.0,0.0
2023-10-30 13:00:00,30.11,306.9298,992.71313,6.278345,28.90699,0.0,0.0
2023-10-30 14:00:00,30.43,305.0315,993.0602,7.006867,39.955284,0.0,0.0
2023-10-30 15:00:00,31.54,303.60944,992.7986,7.2817154,48.085995,0.0,0.0
2023-10-30 16:00:00,33.28,302.67853,992.18494,7.18342,56.16633,0.0,0.0
2023-10-30 17:00:00,35.77,302.08405,992.1079,6.436258,62.613834,0.0,0.0
2023-10-30 18:00:00,37.37,301.48135,992.20026,5.5248737,66.75075,0.0,0.0
2023-10-30 19:00:00,36.08,300.1751,993.5578,4.218769,70.44014,0.0,0.0
2023-10-30 20:00:00,35.43,299.66937,994.223,3.6908214,73.77221,0.0,0.0
2023-10-30 21:00:00,34.97,299.02435,994.5389,3.2249632,77.31862,0.0,0.0
2023-10-30 22:00:00,34.79,299.2755,995.4319,3.6401138,76.38783,0.0,0.0
2023-10-30 23:00:00,34.28,300.88654,996.14624,3.9370923,67.07085,0.0,0.0
2023-10-31 00:00:00,33.71,303.20593,996.26263,3.8226388,54.49631,0.0017160289,0.0
2023-10-31 01:00:00,33.87,305.7895,996.36523,3.7892413,42.813362,0.0,0.0
2023-10-31 02:00:00,34.0,308.26752,995.7064,3.9434958,33.500614,0.0,0.0
2023-10-31 03:00:00,34.15,310.43823,994.8066,4.129474,26.244757,0.0,0.0
2023-10-31 04:00:00,34.41,312.03226,993.6472,3.920975,21.160069,0.0,0.0
2023-10-31 05:00:00,35.24,312.55273,992.52075,3.4990137,19.104776,0.0,0.0
2023-10-31 06:00:00,35.46,312.85388,991.8133,3.006653,18.08423,0.0,0.0
2023-10-31 07:00:00,34.53,312.73807,991.40283,3.2725005,19.59945,0.0,0.0
2023-10-31 08:00:00,33.73,312.43793,991.1708,2.812337,19.478104,0.0,0.0
2023-10-31 09:00:00,33.09,311.99115,991.60516,2.3420486,19.77393,0.0,0.0
2023-10-31 10:00:00,32.49,310.87735,992.573,1.8285369,22.285696,0.0,0.0
2023-10-31 11:00:00,31.91,309.75665,993.211,1.6603866,25.502563,0.0,0.0
2023-10-31 12:00:00,31.96,308.3766,993.93243,2.0938835,29.005543,0.0,0.0
2023-10-31 13:00:00,32.77,307.68182,994.0227,2.795835,29.450941,0.0,0.0
2023-10-31 14:00:00,33.42,307.1127,994.13,4.107521,29.85398,0.0,0.0
2023-10-31 15:00:00,34.59,306.16632,993.5648,6.311842,35.75846,0.0,0.0
2023-10-31 16:00:00,35.04,305.22687,993.02716,6.973971,40.418427,0.0,0.0
2023-10-31 17:00:00,35.15,304.60342,992.39233,6.365872,40.792103,0.0,0.0
2023-10-31 18:00:00,34.7,303.9486,992.24475,5.321752,40.722347,0.0,0.0
2023-10-31 19:00:00,34.59,301.7968,993.27313,4.0577497,55.39894,0.0,0.0
2023-10-31 20:00:00,35.04,301.04694,993.7635,3.7748516,58.757244,0.0,0.0
2023-10-31 21:00:00,35.59,300.3603,994.4352,3.688343,61.783813,0.0,0.0
2023-10-31 22:00:00,36.49,300.93192,995.166,3.717197,59.403072,0.0,0.0
2023-10-31 23:00:00,36.44,303.0233,995.9277,3.9835904,48.59568,0.0,0.0
2023-11-01 00:00:00,34.62,305.30475,996.4261,3.305955,38.446022,0.002135257,0.0
2023-11-01 01:00:00,34.84,307.54422,996.3695,2.8635213,31.06334,0.0,0.0
2023-11-01 02:00:00,35.62,309.80597,995.802,3.0586782,24.792442,0.0,0.0
2023-11-01 03:00:00,36.0,311.7989,994.78925,3.3188214,20.31804,0.0,0.0
2023-11-01 04:00:00,36.72,312.7989,993.73016,1.8761575,17.996016,0.0,0.0
2023-11-01 05:00:00,37.16,313.0036,993.0447,1.366545,17.259615,0.0,0.0
2023-11-01 06:00:00,36.33,313.24365,992.0389,1.4039763,16.800255,0.0,0.0
2023-11-01 07:00:00,35.84,313.02515,991.85,1.4444481,18.70755,0.0,0.0
2023-11-01 08:00:00,35.48,312.79065,991.59564,1.2719598,18.751802,0.0,0.0
2023-11-01 09:00:00,34.49,312.38043,992.2986,1.193311,19.054413,0.0,0.0
2023-11-01 10:00:00,33.55,311.1513,992.9006,2.1198123,20.85451,0.01744777,0.0
2023-11-01 11:00:00,34.09,309.934,993.4492,2.3512967,24.574257,0.0,0.0
2023-11-01 12:00:00,34.73,308.82715,993.5747,2.4520624,27.148071,0.0,0.0
2023-11-01 13:00:00,35.2,307.80048,993.7753,2.148277,29.750496,0.0,0.0
2023-11-01 14:00:00,35.23,306.9143,993.8811,2.4657273,32.277645,0.0,0.0
2023-11-01 15:00:00,35.66,306.08365,993.8256,3.9364073,33.54328,0.0,0.0
2023-11-01 16:00:00,36.25,304.92044,993.4693,5.5759797,42.05305,0.0,0.0
2023-11-01 17:00:00,36.44,303.70233,992.9908,5.457244,52.58855,0.0,0.0
2023-11-01 18:00:00,36.09,302.9659,992.65405,4.4267344,57.550217,0.0,0.0
2023-11-01 19:00:00,35.88,301.72327,993.24774,3.3294997,61.542976,0.0,0.0
2023-11-01 20:00:00,34.88,301.06235,993.7804,3.0113986,64.92833,0.0,0.0
2023-11-01 21:00:00,34.02,300.61237,994.14,2.9264936,66.99513,0.0,0.0
2023-11-01 22:00:00,32.99,301.29602,994.7571,2.7460434,63.724335,0.0,0.0
2023-11-01 23:00:00,33.09,303.58832,995.2375,2.864723,50.497807,0.0,0.0
2023-11-02 00:00:00,34.86,306.1239,995.09595,2.5047133,37.808876,0.018775463,0.0
2023-11-02 01:00:00,35.49,308.40314,994.89764,2.3399117,29.894464,0.0,0.0
2023-11-02 02:00:00,35.62,310.72885,994.10345,2.441109,23.41348,0.0,0.0
2023-11-02 03:00:00,35.59,312.35773,993.108,2.3599212,19.107332,0.0,0.0
2023-11-02 04:00:00,35.49,312.9921,992.47095,1.8177367,17.222755,0.0,0.0
2023-11-02 05:00:00,35.36,312.68878,991.89343,1.2805196,18.015133,0.0,0.0
2023-11-02 06:00:00,34.82,312.75403,991.22125,0.3919546,17.70075,0.0,0.0
2023-11-02 07:00:00,34.39,313.78595,990.3677,0.92640936,15.33637,0.0,0.0
2023-11-02 08:00:00,34.04,313.60327,990.2983,0.7341234,15.297315,0.0,0.0
2023-11-02 09:00:00,33.29,313.27335,990.5595,0.5751476,15.451039,0.0,0.0
2023-11-02 10:00:00,33.88,312.5819,991.1161,0.70197916,16.24781,0.0,0.0
2023-11-02 11:00:00,35.02,311.7025,991.64825,0.6376705,17.843998,0.0,0.0
2023-11-02 12:00:00,36.08,310.83603,991.8205,0.8475224,19.6203,0.0,0.0
2023-11-02 13:00:00,36.91,309.35147,992.1794,1.446484,22.779654,0.0,0.0
2023-11-02 14:00:00,36.86,308.11072,992.20233,1.6252613,25.088299,0.0,0.0
2023-11-02 15:00:00,37.76,307.05594,992.1425,1.4642143,27.415995,0.0,0.0
2023-11-02 16:00:00,38.64,306.35278,991.77924,2.435665,27.405527,0.0,0.0
2023-11-02 17:00:00,39.37,305.83008,991.5807,3.0335486,27.262678,0.0,0.0
2023-11-02 18:00:00,40.16,305.0144,991.6484,3.7126646,28.209585,0.0,0.0
2023-11-02 19:00:00,39.15,302.2986,992.45135,4.9323826,59.845806,0.0,0.0
2023-11-02 20:00:00,39.29,301.73486,992.72766,3.9118304,63.050472,0.0,0.0
2023-11-02 21:00:00,39.48,301.32034,993.52734,2.936955,64.31079,0.0,0.0
2023-11-02 22:00:00,39.38,302.00302,994.40375,2.6401095,61.148518,0.0,0.0
2023-11-02 23:00:00,39.35,304.02142,994.9356,3.2641466,52.155216,0.0,0.0
2023-11-03 00:00:00,39.71,306.50876,994.91516,3.2962332,42.113106,0.0025629988,0.0
2023-11-03 01:00:00,39.6,309.30215,994.4972,3.055479,32.442844,0.0,0.0
2023-11-03 02:00:00,39.37,311.48315,993.5203,2.8089345,24.771025,0.0021196902,0.0
2023-11-03 03:00:00,38.63,312.90253,992.72095,1.9760567,20.735294,0.0072456896,0.0
2023-11-03 04:00:00,37.78,313.31973,992.2528,1.0907944,18.757175,0.0,0.0
2023-11-03 05:00:00,37.34,313.4579,991.6213,1.5901144,18.182852,0.0013187528,0.0
2023-11-03 06:00:00,37.3,313.2698,990.7455,2.0608587,18.053917,0.0040605664,0.0
2023-11-03 07:00:00,37.87,313.79797,989.85406,1.6756239,16.250633,0.0,0.0
2023-11-03 08:00:00,38.37,313.5107,989.3767,1.3381029,16.257566,0.0,0.0
2023-11-03 09:00:00,38.73,313.28925,989.6436,2.0408635,16.36585,0.0,0.0
2023-11-03 10:00:00,39.36,312.40295,990.5683,1.9803678,17.401058,0.0,0.0
2023-11-03 11:00:00,39.75,311.1314,991.40533,1.9011605,19.64459,0.0,0.0
2023-11-03 12:00:00,39.76,310.4505,992.03766,3.219852,20.901909,0.0,0.0
2023-11-03 13:00:00,39.85,309.32123,992.4352,5.011753,23.100342,0.003412366,0.0
2023-11-03 14:00:00,40.39,308.30075,992.7047,5.9172544,25.770565,0.0,0.53
2023-11-03 15:00:00,41.87,307.56345,992.3594,6.3296423,27.124954,0.0,1.27
2023-11-03 16:00:00,43.35,307.0677,992.0822,6.8091946,28.103983,0.0,0.37
2023-11-03 17:00:00,43.74,306.1217,991.63873,6.354913,30.150867,0.0,0.12
2023-11-03 18:00:00,42.86,305.5119,991.60657,5.798533,31.43674,0.0,0.0
2023-11-03 19:00:00,41.76,303.16754,992.8328,5.8116355,38.544777,0.0,0.0
2023-11-03 20:00:00,40.98,302.84314,993.77435,5.8920383,37.426804,0.0,0.0
2023-11-03 21:00:00,40.28,302.61594,994.4358,5.4953046,36.465,0.0,0.0
2023-11-03 22:00:00,39.4,303.40283,995.1942,4.635704,34.723366,0.0,0.0
2023-11-03 23:00:00,39.28,305.2638,995.7919,5.8877406,31.173265,0.0,0.0
2023-11-04 00:00:00,38.45,307.38098,995.6314,6.3948264,27.226746,0.018149614,0.0
2023-11-04 01:00:00,37.47,309.653,995.21045,6.687065,23.307182,0.0,0.0
2023-11-04 02:00:00,36.28,311.59143,994.2364,6.3252807,20.125212,0.0,0.84
2023-11-04 03:00:00,34.62,313.02753,993.28,5.4164276,17.667301,0.0,0.53999996
2023-11-04 04:00:00,33.26,313.88507,992.1174,4.349491,16.104498,0.0,0.0
2023-11-04 05:00:00,32.67,314.50888,991.0435,3.462632,15.063039,0.0,0.0
2023-11-04 06:00:00,31.99,314.66364,990.3013,2.905075,14.736313,0.0,0.0
2023-11-04 07:00:00,32.1,314.88733,989.67206,3.0854666,14.413616,0.0,0.0
2023-11-04 08:00:00,32.43,314.47223,989.6956,2.4510903,14.342449,0.0,0.0
2023-11-04 09:00:00,32.75,314.02615,990.12866,2.6098228,14.230776,0.0,0.33999997
2023-11-04 10:00:00,33.01,312.94626,990.9611,2.9454024,16.143122,0.0,0.0
2023-11-04 11:00:00,33.15,311.70776,991.7289,3.6164675,18.127813,0.0,0.0
2023-11-04 12:00:00,33.36,310.69336,992.50397,4.494189,19.224455,0.0027865171,0.0
2023-11-04 13:00:00,33.19,309.469,993.07794,5.1412477,20.709995,0.0,0.0
2023-11-04 14:00:00,32.76,308.6643,993.57806,5.547067,22.350233,0.0,0.0
2023-11-04 15:00:00,31.84,308.03107,993.25995,5.5656996,24.188229,0.0,0.0
2023-11-04 16:00:00,30.81,307.26773,993.0422,5.308817,26.024282,0.0,0.0
2023-11-04 17:00:00,30.31,306.5058,992.64874,4.538505,27.598715,0.0,0.0
2023-11-04 18:00:00,29.56,305.8631,992.6104,4.028988,28.771511,0.0,0.0
2023-11-04 19:00:00,28.35,304.55438,992.6467,4.8535905,28.113218,0.0,0.0
2023-11-04 20:00:00,27.14,303.9854,993.345,3.9991608,28.607485,0.0,0.0
2023-11-04 21:00:00,26.74,303.4206,994.0539,2.996239,29.46218,0.0,0.0
2023-11-04 22:00:00,27.25,303.78363,994.74603,2.640186,28.988302,0.0,0.0
2023-11-04 23:00:00,27.92,305.80554,995.7722,3.7679024,24.6235,0.0,0.0
2023-11-05 00:00:00,29.5,308.2356,995.80255,5.2633944,19.800722,0.0070632105,0.0
2023-11-05 01:00:00,29.73,311.0807,995.52295,6.750057,15.323893,0.0,0.0
2023-11-05 02:00:00,31.16,313.1304,994.2928,7.2794523,12.809767,0.0,0.0
2023-11-05 03:00:00,31.26,314.55057,993.2166,6.3576875,11.446242,0.0,0.0
2023-11-05 04:00:00,30.31,315.30258,992.1067,4.684214,11.08823,0.0,0.0
2023-11-05 05:00:00,29.24,315.75415,991.16833,3.5045888,10.854958,0.0,0.0
2023-11-05 06:00:00,28.52,315.8985,990.26776,2.8910048,10.671298,0.0,0.0
2023-11-05 07:00:00,28.83,315.53534,989.6129,2.4945407,12.027003,0.0,0.0
2023-11-05 08:00:00,29.16,315.43182,989.1072,3.0066128,12.1016245,0.0,0.0
2023-11-05 09:00:00,29.0,315.05847,989.47034,3.86943,12.399499,0.0,0.0
2023-11-05 10:00:00,28.9,313.76474,990.73376,3.9611113,13.485477,0.0,0.0
2023-11-05 11:00:00,29.28,312.57947,991.432,4.2714944,14.726484,0.0,0.0
2023-11-05 12:00:00,30.47,311.46613,992.4581,4.4995365,16.737623,0.0,0.0
2023-11-05 13:00:00,31.58,309.8185,993.28064,4.9603105,21.48006,0.0,0.0
2023-11-05 14:00:00,32.54,307.97055,993.56665,4.4816775,28.87674,0.0,0.0
2023-11-05 15:00:00,33.64,307.04376,993.6239,3.8979938,33.306183,0.0,0.0
2023-11-05 16:00:00,34.4,306.1727,993.6877,3.767779,36.45408,0.0,0.0
2023-11-05 17:00:00,34.86,305.76642,993.40607,3.7328515,37.88516,0.0,0.0
2023-11-05 18:00:00,34.89,305.2317,992.7347,2.8392766,39.92855,0.0,0.0
2023-11-05 19:00:00,35.18,303.33667,992.97314,3.0911236,42.341938,0.0,0.0
2023-11-05 20:00:00,36.39,302.42908,993.21075,2.8258183,45.368645,0.0,0.0
2023-11-05 21:00:00,37.45,301.64056,994.1272,2.3223526,50.772823,0.0,0.0
2023-11-05 22:00:00,37.24,302.08948,994.8801,2.2086375,54.593613,0.0,0.0
2023-11-05 23:00:00,36.57,303.66895,995.6422,2.3797622,53.519295,0.0,0.0
2023-11-06 00:00:00,37.01,305.6529,996.00305,1.8939061,46.430702,0.0025934512,0.0
2023-11-06 01:00:00,37.06,307.51575,995.66797,1.2029788,40.231045,0.0,0.0
2023-11-06 02:00:00,36.97,309.4435,995.1821,1.4190593,34.13049,0.004004687,0.0
2023-11-06 03:00:00,36.02,311.31366,994.0025,2.5250168,28.046413,0.016760081,0.0
2023-11-06 04:00:00,34.63,312.71472,992.9394,3.0404718,23.646126,0.0012889504,0.0
2023-11-06 05:00:00,33.86,313.2874,991.7774,3.033973,21.544212,0.0,0.0
2023-11-06 06:00:00,33.9,313.8711,990.82654,2.975251,20.15469,0.0,0.0
2023-11-06 07:00:00,34.61,314.64078,989.4355,3.0318458,16.04105,0.0,0.0
2023-11-06 08:00:00,34.55,314.29187,989.3324,2.4153483,16.365805,0.0,0.0
2023-11-06 09:00:00,33.44,313.62305,989.48834,2.1980412,16.771675,0.0,0.0
2023-11-06 10:00:00,33.17,313.0194,990.394,2.6765356,17.279543,0.0,0.0
2023-11-06 11:00:00,33.41,311.89685,991.5027,4.7031994,18.710625,0.0,0.0
2023-11-06 12:00:00,34.5,310.45483,992.0946,5.6426587,22.12625,0.0,0.0
2023-11-06 13:00:00,36.24,308.46442,992.827,7.428118,29.0047,0.0,0.0
2023-11-06 14:00:00,37.91,306.7755,993.3158,6.182492,36.432472,0.0,0.0
2023-11-06 15:00:00,38.27,305.87106,993.02856,4.4311404,41.704185,0.0,0.0
2023-11-06 16:00:00,37.76,305.03317,992.53424,4.0451674,46.80219,0.0,0.0
2023-11-06 17:00:00,36.89,304.14917,992.1805,3.8595085,51.960617,0.0,0.0
2023-11-06 18:00:00,35.48,303.256,992.1454,3.6059802,57.069565,0.0,0.0
2023-11-06 19:00:00,35.39,301.71704,992.4519,3.104858,65.392944,0.0,0.0
2023-11-06 20:00:00,34.9,301.12012,993.1062,2.9948025,68.05693,0.0,0.0
2023-11-06 21:00:00,35.99,300.55936,993.9302,2.951169,71.47798,0.0,0.0
2023-11-06 22:00:00,37.35,300.89053,994.5354,3.561173,72.23053,0.0,0.0
2023-11-06 23:00:00,39.35,302.48203,995.34735,3.893424,65.19196,0.0,0.0
2023-11-07 00:00:00,39.5,304.78528,995.47687,3.9097407,54.13156,0.022906065,0.0
2023-11-07 01:00:00,39.17,307.24054,995.1475,3.783433,44.140972,0.0,0.0
2023-11-07 02:00:00,38.32,309.36792,994.17206,3.4144738,35.93632,0.0,0.0
2023-11-07 03:00:00,37.33,311.17044,992.9225,3.0632098,28.991678,0.0,0.0
2023-11-07 04:00:00,37.15,312.50525,991.6824,2.681407,23.88993,0.0,0.0
2023-11-07 05:00:00,36.68,313.0551,990.94696,2.011056,20.092297,0.0,0.0
2023-11-07 06:00:00,35.34,312.85834,990.33344,1.3235584,19.50628,0.0,0.0
2023-11-07 07:00:00,34.87,313.27014,989.4417,1.9035004,19.100784,0.0,0.0
2023-11-07 08:00:00,34.64,312.93018,989.0845,2.0841653,18.994287,0.0,0.0
2023-11-07 09:00:00,34.66,311.9829,989.81506,1.94116,20.083628,0.011920929,0.0
2023-11-07 10:00:00,35.74,311.39478,990.52893,2.373656,20.99116,0.0,0.0
2023-11-07 11:00:00,38.04,310.76346,991.54694,3.1998603,22.27445,0.0,0.0
2023-11-07 12:00:00,40.21,309.91956,991.96875,4.062288,23.599216,0.0,0.0
2023-11-07 13:00:00,42.06,308.9819,992.1223,4.5995975,25.13163,0.0,0.37
2023-11-07 14:00:00,44.65,308.08707,992.3695,4.054808,26.588568,0.006467104,2.53
2023-11-07 15:00:00,46.93,307.27374,992.0411,3.2029321,28.706821,0.0,3.54
2023-11-07 16:00:00,48.86,306.28192,991.65894,2.723055,31.895866,0.0,4.3599997
2023-11-07 17:00:00,49.16,305.45456,991.3102,3.0392826,36.279392,0.0,2.25
2023-11-07 18:00:00,48.69,304.46042,991.06116,3.7816107,44.22869,0.0,0.15
2023-11-07 19:00:00,46.12,301.4834,992.5072,3.4735863,73.65917,0.0,1.3499999
2023-11-07 20:00:00,43.34,301.07373,992.9303,2.9207315,75.882256,0.0,0.35
2023-11-07 21:00:00,40.94,300.77478,993.22766,2.073033,77.05406,0.0,0.31
2023-11-07 22:00:00,37.82,301.39832,993.9244,1.1931709,73.7981,0.0,0.0
2023-11-07 23:00:00,34.95,302.7517,994.45807,0.48281226,66.91317,0.0,0.0
2023-11-08 00:00:00,31.56,305.14203,994.62085,0.42796707,51.585537,0.019282103,0.0
2023-11-08 01:00:00,31.33,307.8432,993.9457,1.5687088,38.217773,0.0,0.0
2023-11-08 02:00:00,31.16,310.0998,993.1733,1.7379179,27.466389,0.0,0.0
2023-11-08 03:00:00,30.32,311.3993,991.90314,1.1768602,23.514277,0.03068149,0.0
2023-11-08 04:00:00,30.18,312.3336,990.7979,0.5631481,21.483904,0.020023435,0.0
2023-11-08 05:00:00,29.6,313.20917,989.7075,1.5963063,19.779627,0.0,0.0
2023-11-08 06:00:00,28.65,313.5338,988.715,2.310988,18.91187,0.0038295984,0.0
2023-11-08 07:00:00,29.14,314.0545,987.8053,2.8745844,15.88277,0.0,0.0
2023-11-08 08:00:00,30.83,313.79095,987.5701,2.9633384,16.201551,0.0,0.0
2023-11-08 09:00:00,32.11,313.14523,987.88165,2.6300123,16.794031,0.0,0.0
2023-11-08 10:00:00,31.85,312.5896,988.7943,2.3906012,17.167196,0.0,0.0
2023-11-08 11:00:00,32.49,311.91086,989.73346,2.3844748,18.03846,0.0,0.0
2023-11-08 12:00:00,33.36,310.90234,990.5156,3.69135,18.628254,0.0,0.0
2023-11-08 13:00:00,35.12,309.68573,991.183,5.3784842,22.452822,0.017105889,0.0
2023-11-08 14:00:00,36.81,308.37823,991.8353,5.7897687,29.387262,0.04105786,0.0
2023-11-08 15:00:00,38.72,307.40796,991.7494,4.2566457,33.662407,0.0029802322,0.0
2023-11-08 16:00:00,40.72,306.4393,991.06476,3.806851,37.610252,0.0,0.0
2023-11-08 17:00:00,42.78,305.60773,990.93884,4.3429403,43.195976,0.0,0.0
2023-11-08 18:00:00,44.26,304.5495,990.8831,4.0675983,51.192932,0.0,0.0
2023-11-08 19:00:00,42.46,302.17993,991.4983,5.647463,67.64625,0.0,0.0
2023-11-08 20:00:00,40.62,301.7292,991.94275,4.732737,70.00436,0.0,0.0
2023-11-08 21:00:00,39.12,301.3437,992.435,3.824882,71.8065,0.0,0.0
2023-11-08 22:00:00,38.25,301.70578,993.27545,4.0411024,70.124435,0.0,0.0
2023-11-08 23:00:00,37.12,302.97522,993.88873,3.436824,64.20758,0.0,0.0
2023-11-09 00:00:00,36.59,304.94983,994.2042,2.9256177,55.16636,0.118261576,0.0
2023-11-09 01:00:00,36.31,307.13565,993.81476,2.9126785,45.12256,0.0,0.0
2023-11-09 02:00:00,36.38,309.41205,992.9631,3.0509362,35.072765,0.011203811,0.0
2023-11-09 03:00:00,36.73,311.04977,992.07495,2.9766397,27.439325,0.033045188,0.0
2023-11-09 04:00:00,37.26,312.4287,991.057,2.6587248,21.654753,0.033330172,0.0
2023-11-09 05:00:00,38.01,313.169,990.1955,2.8297193,19.952284,0.028539449,0.0
2023-11-09 06:00:00,37.95,313.56403,989.2523,3.3458097,19.230734,0.021085143,0.0
2023-11-09 07:00:00,38.24,313.77594,988.6028,3.230121,18.344006,0.0,0.0
2023-11-09 08:00:00,38.32,313.52545,988.4355,3.8262353,18.372232,0.0,0.0
2023-11-09 09:00:00,38.26,311.86584,989.3821,4.3006463,19.567484,0.020422041,0.0
2023-11-09 10:00:00,38.87,311.07172,990.07544,5.0369477,21.901045,0.0,0.0
2023-11-09 11:00:00,39.69,310.28183,991.0097,5.0315166,24.520943,0.0,0.0
2023-11-09 12:00:00,40.37,309.06818,992.0136,5.29645,27.720684,0.0,0.0
2023-11-09 13:00:00,39.81,308.1394,992.54846,5.532603,30.544489,0.0,0.0
2023-11-09 14:00:00,40.18,307.40585,992.7986,6.009442,32.637413,0.0,0.0
2023-11-09 15:00:00,40.06,306.54865,992.26807,5.9189477,36.23464,0.0,0.0
2023-11-09 16:00:00,38.89,305.4716,991.7494,6.08268,43.073006,0.0,0.0
2023-11-09 17:00:00,37.04,304.02136,991.3176,6.0998235,53.022408,0.0,0.0
2023-11-09 18:00:00,35.75,302.85248,991.2664,5.667302,60.121845,0.0,0.0
2023-11-09 19:00:00,35.61,301.93567,991.8409,5.549337,69.28883,0.0,0.0
2023-11-09 20:00:00,36.7,301.48346,992.16516,5.04975,72.37044,0.0,0.0
2023-11-09 21:00:00,37.38,301.07355,992.8762,4.6515613,74.90243,0.0,0.0
2023-11-09 22:00:00,37.97,301.3641,993.57587,5.048689,73.75075,0.0,0.0
2023-11-09 23:00:00,37.84,302.8382,994.1421,4.9166846,66.35187,0.0,0.71999997
2023-11-10 00:00:00,39.12,304.98407,994.34796,4.608195,56.068905,0.14849305,1.17
2023-11-10 01:00:00,39.94,307.5664,994.2459,4.454333,45.437244,0.0,0.37
2023-11-10 02:00:00,40.58,309.7312,993.4891,4.476565,36.937553,0.0,0.0
2023-11-10 03:00:00,39.83,311.61627,992.46893,4.1949472,29.089651,0.024490058,0.13
2023-11-10 04:00:00,39.16,312.83453,991.60626,3.29539,23.06087,0.014312565,0.46999997
2023-11-10 05:00:00,38.85,313.47678,990.6273,2.9512258,21.13556,0.030204654,0.40999997
2023-11-10 06:00:00,38.31,313.52325,989.5461,2.6908407,20.195593,0.024735928,0.16
2023-11-10 07:00:00,37.41,312.8417,989.2092,2.5354958,22.78976,0.0010877848,0.0
2023-11-10 08:00:00,36.54,312.90015,988.81116,3.304564,22.218443,0.0,0.0
2023-11-10 09:00:00,35.55,311.59863,989.8501,2.6902916,23.793955,0.043556094,0.0
2023-11-10 10:00:00,36.68,308.4013,991.6867,3.3371513,32.824818,0.6880313,0.0
2023-11-10 11:00:00,39.26,308.18234,992.3652,4.2485433,33.05297,0.046402216,0.0
2023-11-10 12:00:00,40.91,307.95755,992.6747,3.5443673,34.09851,0.0,0.0
2023-11-10 13:00:00,41.67,307.32916,993.0588,3.3920271,36.37281,0.0,0.0
2023-11-10 14:00:00,42.68,306.59595,992.99115,4.18953,38.268967,0.0,0.0
2023-11-10 15:00:00,44.02,305.69293,992.5544,5.5791817,41.80672,0.0,0.0
2023-11-10 16:00:00,46.06,304.27856,991.85205,6.2984285,51.338375,0.0,0.0
2023-11-10 17:00:00,46.97,302.9339,991.4306,6.350387,60.793686,0.0,0.0
2023-11-10 18:00:00,46.29,301.9436,991.3786,5.7997117,67.05188,0.0,0.0
2023-11-10 19:00:00,44.36,300.86163,992.07697,4.961978,73.82422,0.0,0.0
2023-11-10 20:00:00,42.67,300.31793,992.6719,4.254793,76.7197,0.0,0.0
2023-11-10 21:00:00,40.59,299.93933,993.60175,3.9120197,78.96149,0.0,0.0
2023-11-10 22:00:00,38.54,300.28973,994.3251,4.72817,77.24832,0.0,0.0
2023-11-10 23:00:00,37.55,301.83386,995.1707,4.751527,68.90214,0.0,0.0
2023-11-11 00:00:00,38.08,303.80984,995.2905,4.3455567,58.753716,0.8728206,0.0
2023-11-11 01:00:00,38.25,305.92734,995.22424,3.8071673,49.556225,0.0,0.0
2023-11-11 02:00:00,39.46,307.98776,994.4211,3.6318696,41.988773,0.0,0.0
2023-11-11 03:00:00,40.45,309.90997,993.4649,3.7699769,35.59857,0.0032931566,0.0
2023-11-11 04:00:00,41.16,311.41272,992.3831,3.7280407,30.281258,0.050928444,0.0
2023-11-11 05:00:00,41.58,312.4095,991.5528,3.322492,26.344093,0.008959323,0.0
2023-11-11 06:00:00,41.68,312.91553,990.4928,3.205612,23.99105,0.0,0.0
2023-11-11 07:00:00,41.31,312.787,990.01294,3.015705,22.807806,0.0,0.0
2023-11-11 08:00:00,40.4,312.42947,989.97015,2.6937478,22.955046,0.0,0.0
2023-11-11 09:00:00,38.99,311.53882,990.22284,2.8047006,24.065245,0.0,0.0
2023-11-11 10:00:00,38.12,310.81128,991.26733,3.7766097,25.264206,0.0,0.0
2023-11-11 11:00:00,38.85,309.35138,992.3569,5.1887274,28.875261,0.0,0.77
2023-11-11 12:00:00,40.39,308.26428,993.40967,4.662563,32.582607,0.003840032,1.48
2023-11-11 13:00:00,43.22,307.29752,993.99915,3.5009785,36.073147,0.0,1.71
2023-11-11 14:00:00,45.74,306.45273,994.09204,4.349116,40.09094,0.0,0.44
2023-11-11 15:00:00,47.44,305.11624,993.7414,5.4469557,47.233562,0.0,0.0
2023-11-11 16:00:00,49.0,303.83002,993.5731,5.2494073,53.179977,0.0,0.0
2023-11-11 17:00:00,49.12,302.88953,993.50385,4.715795,56.985046,0.0,0.0
2023-11-11 18:00:00,48.04,302.12457,993.4844,4.927614,60.310726,0.0,0.0
2023-11-11 19:00:00,45.89,301.84747,994.34735,3.8842087,61.81929,0.0,0.0
2023-11-11 20:00:00,43.8,301.1968,994.49194,4.339177,65.37477,0.0,0.0
2023-11-11 21:00:00,42.87,300.6902,995.02893,4.0896435,68.39809,0.0,0.0
2023-11-11 22:00:00,42.6,300.89386,995.9933,3.8112795,67.6114,0.0,0.0
2023-11-11 23:00:00,41.7,301.98538,996.8144,2.922999,61.340652,0.0,0.0
2023-11-12 00:00:00,41.43,303.8187,997.08453,2.2082644,51.98095,0.07033348,0.0
2023-11-12 01:00:00,41.18,305.74457,996.8707,2.0231185,44.027817,0.0,0.0
2023-11-12 02:00:00,41.32,307.48953,996.2061,2.2315361,38.86938,0.0,0.0
2023-11-12 03:00:00,40.39,309.05872,995.2539,2.4307058,35.086124,0.013753772,0.0
2023-11-12 04:00:00,39.28,310.27026,994.15955,2.2419696,31.86515,0.012047589,0.0
2023-11-12 05:00:00,38.09,311.1917,993.149,1.8081189,29.192268,0.018939376,0.0
2023-11-12 06:00:00,38.37,311.44565,992.0265,1.737281,28.334745,0.0,0.0
2023-11-12 07:00:00,38.93,311.95923,991.21045,1.7749006,23.74631,0.0,0.0
2023-11-12 08:00:00,39.22,312.0174,990.8882,1.8836203,23.151735,0.0,0.0
2023-11-12 09:00:00,39.61,311.48224,991.1711,1.7327921,23.364323,0.0,0.0
2023-11-12 10:00:00,39.8,310.89868,991.6859,2.0159123,23.844494,0.0,0.0
2023-11-12 11:00:00,39.38,310.4587,992.33,2.0422328,24.349636,0.0,0.0
2023-11-12 12:00:00,38.5,309.852,992.8061,1.502334,25.695414,0.0,0.0
2023-11-12 13:00:00,37.64,309.04962,993.17444,1.3016183,27.79597,0.0,0.0
2023-11-12 14:00:00,37.4,308.09277,993.3297,1.5252368,30.535078,0.0,0.0
2023-11-12 15:00:00,38.04,307.58655,993.19696,2.5077963,31.322258,0.0,0.0
2023-11-12 16:00:00,39.31,306.4976,993.08484,4.1855154,34.047516,0.0,0.0
2023-11-12 17:00:00,40.76,304.7784,992.80524,6.01146,43.190773,0.0,0.0
2023-11-12 18:00:00,42.3,303.21014,992.65466,5.98878,53.823616,0.0,0.0
2023-11-12 19:00:00,41.43,302.3509,993.3184,5.3605537,60.463684,0.0,0.0
2023-11-12 20:00:00,40.67,301.77185,993.72766,5.2400026,63.7053,0.0,0.0
2023-11-12 21:00:00,39.34,301.2852,994.30096,4.6124573,65.055695,0.0,0.0
2023-11-12 22:00:00,38.99,301.64178,995.048,4.922924,61.024605,0.0,0.0
2023-11-12 23:00:00,39.2,303.05972,995.71606,4.876643,52.236927,0.0,0.0
2023-11-13 00:00:00,39.74,305.102,995.7773,4.5547476,43.064194,0.045627356,0.0
2023-11-13 01:00:00,39.54,307.27682,995.58453,4.339479,35.150288,0.0,0.0
2023-11-13 02:00:00,39.24,309.47437,994.6457,4.3600855,28.578594,0.0,0.0
2023-11-13 03:00:00,38.81,311.172,993.4973,3.9664922,24.126417,0.0,0.0
2023-11-13 04:00:00,38.39,312.07904,992.3019,3.0632446,22.010178,0.0,0.0
2023-11-13 05:00:00,37.46,312.511,991.2459,2.5770829,21.081585,0.0,0.0
2023-11-13 06:00:00,35.91,312.8084,990.2456,2.5992904,20.170147,0.0,0.0
2023-11-13 07:00:00,35.77,312.53113,989.61993,0.80617577,20.757925,0.0,0.0
2023-11-13 08:00:00,35.76,312.5029,989.69226,0.70226264,20.367592,0.0,0.0
2023-11-13 09:00:00,37.8,312.28125,989.7488,0.563851,20.322748,0.0,0.0
2023-11-13 10:00:00,40.96,311.93817,990.54987,1.1497126,20.577297,0.0,0.0
2023-11-13 11:00:00,44.21,311.07785,991.1175,2.3068788,22.265682,0.0,0.0
2023-11-13 12:00:00,46.46,310.1411,991.9216,3.051406,23.899263,0.0,0.0
2023-11-13 13:00:00,47.09,309.0933,992.21906,3.253818,25.62265,0.0,0.0
2023-11-13 14:00:00,47.47,308.41858,992.627,2.7684877,27.25393,0.0,0.0
2023-11-13 15:00:00,47.31,307.37372,992.455,2.3458211,30.47277,0.0,0.0
2023-11-13 16:00:00,47.7,306.3132,992.41266,3.0400846,34.598328,0.0,0.0
2023-11-13 17:00:00,48.54,305.357,992.14874,3.3593075,39.6596,0.0,0.0
2023-11-13 18:00:00,49.59,304.51703,991.9931,3.2050126,44.36551,0.0,2.7799997
2023-11-13 19:00:00,49.31,302.94855,992.3692,3.4170449,51.453636,0.0,0.0
2023-11-13 20:00:00,47.62,302.33273,992.8125,3.3241265,55.491554,0.0,0.0
2023-11-13 21:00:00,45.48,301.8208,993.48267,3.3610492,59.596245,0.0,0.0
2023-11-13 22:00:00,44.89,302.05692,994.3242,4.498727,62.192726,0.0,0.0
2023-11-13 23:00:00,44.71,303.39236,994.77435,4.985825,57.4186,0.0,0.0
2023-11-14 00:00:00,45.34,305.2799,994.6789,4.903454,48.305065,0.001727127,0.0
2023-11-14 01:00:00,45.68,307.4286,994.3228,4.177069,39.29626,0.0,0.0
2023-11-14 02:00:00,46.25,309.3083,993.5669,3.2325761,32.59179,0.0,0.0
2023-11-14 03:00:00,45.87,310.87238,992.5005,2.4002738,27.76723,0.0,0.0
2023-11-14 04:00:00,45.14,311.80304,991.6144,1.7902769,24.982555,0.0,0.0
2023-11-14 05:00:00,44.66,312.1258,990.7103,1.512335,23.99173,0.0,0.0
2023-11-14 06:00:00,44.04,312.6079,989.83563,1.6001955,23.233215,0.0,0.0
2023-11-14 07:00:00,43.86,312.7187,989.21094,2.1935391,24.935112,0.0,0.0
2023-11-14 08:00:00,43.9,312.73132,989.0263,2.3738399,24.760586,0.0,0.0
2023-11-14 09:00:00,43.99,312.41592,989.4956,2.5086522,25.09026,0.0,0.0
2023-11-14 10:00:00,44.85,311.74146,990.36096,2.8588603,26.034546,0.0,0.0
2023-11-14 11:00:00,45.08,310.92413,991.1861,2.888196,27.335125,0.0,0.0
2023-11-14 12:00:00,45.12,310.5428,991.62866,2.5010128,27.917913,0.0,0.0
2023-11-14 13:00:00,45.84,309.81982,992.1317,3.4489346,29.00514,0.0,0.0
2023-11-14 14:00:00,46.71,309.06134,992.258,3.862871,30.219883,0.0,0.01
2023-11-14 15:00:00,47.75,307.94318,992.2439,4.9279895,33.19881,0.015348196,0.0
2023-11-14 16:00:00,47.8,306.59268,992.17804,6.382673,39.94047,0.0,0.0
2023-11-14 17:00:00,47.66,304.67072,992.09906,6.319953,51.510574,0.0,0.0
2023-11-14 18:00:00,47.62,303.57257,992.05914,5.5391703,57.37796,0.0,0.0
2023-11-14 19:00:00,47.88,302.55615,992.20233,5.072736,61.657608,0.0,0.0
2023-11-14 20:00:00,48.29,302.05273,992.66266,4.5687914,64.312805,0.0,0.0
2023-11-14 21:00:00,47.44,301.64548,993.2883,4.2369804,66.49289,0.0,0.0
2023-11-14 22:00:00,45.81,302.02475,993.97943,4.8797407,64.13385,0.0,0.0
2023-11-14 23:00:00,44.36,303.64526,994.61334,4.957699,54.116337,0.0,0.0
2023-11-15 00:00:00,39.45,306.1009,994.6806,4.6758995,41.014053,0.015348196,0.0
2023-11-15 01:00:00,39.26,308.55157,994.3762,4.4620194,30.292982,0.0,0.0
2023-11-15 02:00:00,38.46,311.0473,993.4972,4.472487,21.685236,0.0,0.0
2023-11-15 03:00:00,36.39,312.8839,992.3064,4.4797115,17.155605,0.0,0.0
2023-11-15 04:00:00,35.17,313.90894,991.2611,4.251717,16.16517,0.0,0.0
2023-11-15 05:00:00,33.44,314.36508,990.1675,3.7384374,15.735791,0.0,0.0
2023-11-15 06:00:00,31.72,314.5703,989.37573,3.0415645,15.419358,0.0,0.0
2023-11-15 07:00:00,31.39,314.6878,988.80225,2.0068882,15.868315,0.0,0.0
2023-11-15 08:00:00,31.11,314.44348,988.5803,2.1191738,15.958573,0.0,0.0
2023-11-15 09:00:00,31.09,314.05646,988.9254,2.0717351,16.206366,0.0,0.0
2023-11-15 10:00:00,32.27,313.37662,989.4581,1.9364294,16.80945,0.0,0.0
2023-11-15 11:00:00,34.16,312.6466,990.03406,1.5870394,17.749485,0.0,0.0
2023-11-15 12:00:00,35.91,311.63535,990.3661,2.0673864,19.125072,0.0,0.0
2023-11-15 13:00:00,36.48,310.46594,990.93536,2.8645372,20.732887,0.0,0.0
2023-11-15 14:00:00,36.95,309.0277,991.4446,6.1849694,24.755182,0.0,0.0
2023-11-15 15:00:00,37.26,306.3043,991.6083,7.9678383,40.940895,0.0,0.0
2023-11-15 16:00:00,38.37,304.6499,991.4955,7.033397,51.03603,0.0,0.0
2023-11-15 17:00:00,40.1,303.81577,990.965,6.0018735,55.378765,0.0,0.0
2023-11-15 18:00:00,41.2,303.1742,990.92303,5.472583,58.39156,0.0,0.0
2023-11-15 19:00:00,39.85,302.51755,991.70404,5.113295,62.140995,0.0,0.0
2023-11-15 20:00:00,38.96,302.18567,992.1367,4.7277966,63.74584,0.0,0.0
2023-11-15 21:00:00,38.56,301.7275,992.8158,4.153559,65.999435,0.0,0.0
2023-11-15 22:00:00,37.79,302.05457,993.4304,5.0114193,64.0923,0.0,0.0
2023-11-15 23:00:00,37.06,303.53915,993.9997,5.1645555,55.77255,0.0,0.0
2023-11-16 00:00:00,37.81,305.83188,994.00745,4.9842186,44.157032,0.0,0.0
2023-11-16 01:00:00,37.76,308.29425,993.96,4.764039,33.929634,0.0,0.0
2023-11-16 02:00:00,38.01,310.4848,993.2517,4.7700176,26.784567,0.0,0.0
2023-11-16 03:00:00,38.37,312.24182,992.37335,4.8571835,22.259611,0.0,0.0
2023-11-16 04:00:00,38.4,313.29373,991.59576,4.9473643,19.545729,0.0,0.0
2023-11-16 05:00:00,37.69,314.25134,990.64404,4.8474784,17.598791,0.0,0.0
2023-11-16 06:00:00,36.8,314.54657,989.7025,4.4687014,16.921825,0.0,0.0
2023-11-16 07:00:00,35.96,314.6623,989.073,2.9189847,16.46308,0.0,0.0
2023-11-16 08:00:00,36.32,314.49252,988.8186,2.7333992,16.394266,0.0,0.0
2023-11-16 09:00:00,36.25,314.0109,989.03156,2.5044494,16.699276,0.0,0.0
2023-11-16 10:00:00,36.25,313.30133,989.6683,2.1883035,17.378817,0.0,0.0
2023-11-16 11:00:00,36.52,312.40613,990.1,2.139191,18.546818,0.0,0.0
2023-11-16 12:00:00,36.36,311.2951,990.4486,2.7540004,20.124228,0.0,0.0
2023-11-16 13:00:00,35.49,310.17474,990.8758,4.55543,22.363447,0.0,0.0
2023-11-16 14:00:00,35.68,308.15582,991.2335,6.914161,28.577011,0.0,0.0
2023-11-16 15:00:00,36.77,306.07495,991.3897,7.8785524,38.27526,0.0,0.0
2023-11-16 16:00:00,37.64,304.77103,990.9935,6.75322,46.374817,0.0,0.0
2023-11-16 17:00:00,37.34,303.75085,990.8664,6.0784516,51.293694,0.0,0.0
2023-11-16 18:00:00,36.76,302.89413,990.7572,5.20374,54.472412,0.0,0.0
2023-11-16 19:00:00,35.63,301.72247,992.07654,4.7992134,57.5195,0.0,0.0
2023-11-16 20:00:00,33.44,301.27795,992.43915,4.0153093,59.92754,0.0,0.0
2023-11-16 21:00:00,32.03,300.70947,992.9929,4.0296626,63.3672,0.0,0.0
2023-11-16 22:00:00,32.93,301.03204,993.7123,4.8089066,63.693195,0.0,0.0
2023-11-16 23:00:00,34.51,302.65988,994.13275,5.1168423,55.790703,0.0,0.0
2023-11-17 00:00:00,33.29,304.802,994.22375,4.6876607,45.193733,0.0017265306,0.0
2023-11-17 01:00:00,32.92,307.1082,994.10333,4.8200526,34.79309,0.0,0.0
2023-11-17 02:00:00,32.15,309.31607,993.2389,5.0354133,26.978388,0.0,0.0
2023-11-17 03:00:00,31.76,311.60544,992.27716,5.139496,21.186613,0.0,0.0
2023-11-17 04:00:00,31.76,313.2679,991.1464,5.1225233,17.66372,0.0,0.0
2023-11-17 05:00:00,31.67,314.41257,990.14307,4.9579434,15.560831,0.0,0.0
2023-11-17 06:00:00,31.95,314.98376,989.1401,4.623696,14.512285,0.0,0.0
2023-11-17 07:00:00,31.71,315.3074,988.65216,4.115149,12.727709,0.0,0.0
2023-11-17 08:00:00,31.52,315.16833,988.4275,3.6559916,12.577062,0.0,0.0
2023-11-17 09:00:00,31.33,314.63818,988.73096,3.164105,12.796778,0.0,0.0
2023-11-17 10:00:00,31.13,313.66473,989.296,2.4287813,13.606445,0.0,0.0
2023-11-17 11:00:00,30.93,312.35965,989.79614,2.9522715,15.2163105,0.0,0.0
2023-11-17 12:00:00,30.6,311.21564,990.21716,3.5427566,17.00691,0.0,0.0
2023-11-17 13:00:00,30.36,309.9101,990.6962,4.6483636,19.294947,0.0,0.0
2023-11-17 14:00:00,31.81,308.37152,990.8906,7.0220866,27.410343,0.0,0.0
2023-11-17 15:00:00,33.9,306.25543,990.808,7.5706215,39.892967,0.0,0.0
2023-11-17 16:00:00,35.6,305.2074,990.3631,6.727956,46.850933,0.0,0.0
2023-11-17 17:00:00,36.36,304.65497,989.96765,6.729117,49.320118,0.0,0.0
2023-11-17 18:00:00,36.92,304.1731,989.65857,6.6422734,50.03605,0.0,0.0
2023-11-17 19:00:00,37.17,303.3642,990.3061,5.819392,52.294262,0.0,0.0
2023-11-17 20:00:00,37.0,302.9646,990.7199,5.276347,53.411274,0.0,0.0
2023-11-17 21:00:00,36.84,302.33264,991.40063,4.60403,55.507545,0.0,0.0
2023-11-17 22:00:00,36.33,302.61127,992.0799,5.0218606,54.610466,0.0,0.0
2023-11-17 23:00:00,35.6,304.25107,992.64624,5.241487,48.247684,0.0,0.0
2023-11-18 00:00:00,34.04,306.4475,992.54596,4.557358,39.74689,0.0017136334,0.0
2023-11-18 01:00:00,34.37,308.66827,992.4082,3.6916564,32.276237,0.0,0.0
2023-11-18 02:00:00,34.5,310.66617,991.8915,2.9530377,27.09485,0.0,0.0
2023-11-18 03:00:00,34.6,312.4771,990.8867,2.5464964,23.185354,0.0,0.0
2023-11-18 04:00:00,34.27,314.03955,990.065,2.072295,19.651316,0.0,0.0
2023-11-18 05:00:00,33.85,314.76398,989.33844,0.9473366,16.937546,0.0,0.0
2023-11-18 06:00:00,32.65,314.77667,988.7154,0.45927027,15.970685,0.0,0.0
2023-11-18 07:00:00,31.67,315.38348,987.6973,0.4862524,15.384497,0.0,0.0
2023-11-18 08:00:00,29.98,315.37537,987.5669,0.5773877,15.165687,0.0,0.0
2023-11-18 09:00:00,28.98,315.11066,987.81146,1.0889347,15.301853,0.0,0.0
2023-11-18 10:00:00,29.9,314.47708,988.4997,1.9070541,16.025124,0.0,0.0
2023-11-18 11:00:00,32.04,313.4514,988.8016,2.694124,17.643036,0.0,0.0
2023-11-18 12:00:00,34.19,312.34308,989.2559,3.0525038,19.293245,0.0,0.0
2023-11-18 13:00:00,35.68,311.09473,989.71924,2.4375262,21.160334,0.0,0.0
2023-11-18 14:00:00,36.81,309.96344,990.0388,3.5732887,22.86029,0.0,0.0
2023-11-18 15:00:00,38.52,307.84116,990.45483,6.996056,34.497852,0.0,0.0
2023-11-18 16:00:00,40.33,305.11182,990.2464,7.6678987,53.90572,0.0,0.0
2023-11-18 17:00:00,41.35,304.19556,990.03406,6.9238462,59.1501,0.0,0.0
2023-11-18 18:00:00,43.06,303.66968,990.2548,6.4804683,61.363285,0.0,0.0
2023-11-18 19:00:00,42.1,303.23206,991.16034,5.0746183,63.3862,0.0,0.0
2023-11-18 20:00:00,41.09,302.69174,991.8727,5.0749907,65.19985,0.0,0.0
2023-11-18 21:00:00,40.88,302.21924,992.3906,4.6031528,66.10734,0.0,0.0
2023-11-18 22:00:00,41.16,302.79565,993.2911,5.1087613,61.715412,0.0,0.0
2023-11-18 23:00:00,41.61,304.6193,993.96704,4.895449,52.459,0.0,0.0
2023-11-19 00:00:00,43.16,306.69824,994.2913,3.9737878,43.857403,0.0,0.0
2023-11-19 01:00:00,43.45,308.4383,994.39026,2.76831,37.622173,0.0,0.0
2023-11-19 02:00:00,43.58,310.03528,993.90515,2.1202836,32.922993,0.0,0.0
2023-11-19 03:00:00,44.01,311.41107,993.0176,2.2444124,29.295353,0.005610287,0.0
2023-11-19 04:00:00,43.63,313.127,992.17267,2.6752884,25.321957,0.015370548,0.0
2023-11-19 05:00:00,42.95,313.8374,991.2861,2.560705,23.501085,0.013209879,0.0
2023-11-19 06:00:00,42.15,314.2689,990.41583,2.373244,22.592892,0.001706183,0.0
2023-11-19 07:00:00,43.19,314.84558,989.13116,2.3822646,20.628242,0.007264316,0.0
2023-11-19 08:00:00,45.04,314.13226,989.31195,2.6307478,21.223589,0.0,0.29
2023-11-19 09:00:00,47.35,313.67578,989.9861,2.5106654,21.647213,0.18274784,4.6
2023-11-19 10:00:00,48.54,309.62808,991.5864,8.773738,33.372894,0.07535516,3.81
2023-11-19 11:00:00,49.24,307.27753,992.6555,6.2472887,41.06994,0.055104494,3.27
2023-11-19 12:00:00,50.58,306.31946,994.0325,1.3674525,43.106182,0.099122524,3.37
2023-11-19 13:00:00,48.56,305.2917,994.46375,0.7484371,46.436607,0.088229775,1.51
2023-11-19 14:00:00,46.31,305.12332,994.2263,3.2919044,47.535904,0.0,0.0
2023-11-19 15:00:00,44.48,304.62744,993.96735,3.0735657,49.90682,0.002771616,0.0
2023-11-19 16:00:00,42.61,304.19482,993.8042,1.9325181,52.0241,0.0,0.0
2023-11-19 17:00:00,41.41,303.82028,993.46545,1.4633347,53.80885,0.0,0.0
2023-11-19 18:00:00,40.69,303.37347,993.3797,2.1386333,54.688602,0.0,0.0
2023-11-19 19:00:00,41.46,301.1204,993.252,0.48531592,71.315575,0.0,0.0
2023-11-19 20:00:00,42.47,301.12634,994.2625,0.8366264,71.435356,0.0,0.0
2023-11-19 21:00:00,42.37,300.98474,994.7477,1.1906669,72.58738,0.0,0.0
2023-11-19 22:00:00,41.59,301.54376,995.677,1.7936376,69.31056,0.0,0.0
2023-11-19 23:00:00,40.75,302.97217,996.1763,2.2384894,62.50208,0.0,0.0
2023-11-20 00:00:00,38.48,304.7597,996.18115,2.1545594,55.126255,0.5499799,0.0
2023-11-20 01:00:00,39.25,306.63794,995.93225,1.9468242,48.087303,0.0,0.0
2023-11-20 02:00:00,39.24,308.3635,995.15155,1.7347001,42.059944,0.011961907,0.0
2023-11-20 03:00:00,38.86,309.8943,994.2988,1.6047751,36.607944,0.03214553,0.0
2023-11-20 04:00:00,38.82,311.35495,993.4939,2.1687217,30.659103,0.019177794,0.0
2023-11-20 05:00:00,38.13,312.46222,992.29236,2.3380306,26.42907,0.0044703484,0.0
2023-11-20 06:00:00,38.71,312.81677,991.5683,2.2908814,23.970772,0.0,0.0
2023-11-20 07:00:00,37.3,313.63885,991.4558,4.291752,20.782364,0.0021234155,0.0
2023-11-20 08:00:00,34.34,313.11853,991.0952,4.788151,18.357853,0.0,0.0
2023-11-20 09:00:00,31.69,312.56473,991.5159,3.56204,16.696682,0.0,0.0
2023-11-20 10:00:00,30.56,312.12796,991.8576,1.2058104,15.900561,0.0,0.0
2023-11-20 11:00:00,31.02,311.4884,992.39545,0.9901276,16.949562,0.0,0.0
2023-11-20 12:00:00,31.25,310.10022,992.7302,2.6828086,20.06728,0.0,0.0
2023-11-20 13:00:00,32.98,308.29257,993.29407,4.474472,25.68059,0.0,0.0
2023-11-20 14:00:00,34.21,306.2505,993.63904,6.242961,36.091103,0.0,0.0
2023-11-20 15:00:00,35.05,304.87512,993.7175,5.940182,44.10309,0.0,0.0
2023-11-20 16:00:00,36.01,304.1543,993.5609,4.7267413,46.875896,0.0,0.39999998
2023-11-20 17:00:00,36.6,303.52658,993.6457,3.243362,49.452454,0.0,0.0
2023-11-20 18:00:00,37.0,302.95563,993.7113,2.896108,52.71492,0.0,0.0
2023-11-20 19:00:00,35.31,302.56403,993.95233,4.140656,59.805725,0.0,0.0
2023-11-20 20:00:00,33.41,302.05972,994.72485,4.0768185,62.4579,0.0,0.0
2023-11-20 21:00:00,31.64,301.7105,994.9844,4.215771,63.81852,0.0,0.0
2023-11-20 22:00:00,30.44,302.16333,995.4406,4.7616878,61.113083,0.0,0.0
2023-11-20 23:00:00,28.98,303.95453,995.6842,4.848732,52.009464,0.0,0.0
2023-11-21 00:00:00,25.37,306.08804,995.46686,4.421983,43.271286,0.07162094,0.0
2023-11-21 01:00:00,24.59,308.19916,995.18665,4.131967,35.287514,0.0,0.0
2023-11-21 02:00:00,23.4,310.07123,994.3544,3.98642,28.717241,0.0,0.0
2023-11-21 03:00:00,22.32,311.73083,993.32306,3.7873945,22.923607,0.0,0.0
2023-11-21 04:00:00,22.22,312.85895,992.1236,3.425502,18.608833,0.0,0.0
2023-11-21 05:00:00,22.97,313.56757,991.1611,2.8181245,14.981043,0.0,0.0
2023-11-21 06:00:00,23.23,313.95364,990.27325,2.4677038,13.106852,0.0,0.0
2023-11-21 07:00:00,22.75,314.2213,989.1783,2.5322416,12.231729,0.0,0.0
2023-11-21 08:00:00,22.55,314.15118,989.03094,2.7848182,11.819803,0.0,0.0
2023-11-21 09:00:00,22.23,313.60852,988.8873,2.8140593,11.783527,0.0,0.0
2023-11-21 10:00:00,22.69,312.8891,989.97766,1.8387301,12.099013,0.0,0.0
2023-11-21 11:00:00,23.29,311.83163,990.6967,1.8658106,13.05394,0.0,0.0
2023-11-21 12:00:00,23.64,310.33014,991.21844,2.9089177,14.871653,0.0,0.0
2023-11-21 13:00:00,26.73,308.96765,991.5359,2.4317942,16.81227,0.0,0.0
2023-11-21 14:00:00,29.94,307.68384,991.9777,2.47319,20.608868,0.0,0.0
2023-11-21 15:00:00,32.46,306.01254,992.29846,3.6922495,26.991064,0.0,0.0
2023-11-21 16:00:00,33.76,305.26282,992.56274,4.165715,31.610912,0.0,0.0
2023-11-21 17:00:00,35.0,304.0888,992.46967,5.2934484,43.67937,0.0,0.0
2023-11-21 18:00:00,38.21,302.8329,992.3247,5.2069116,56.40799,0.0,0.0
2023-11-21 19:00:00,40.42,301.52887,992.7675,3.2721894,63.413918,0.0,0.0
2023-11-21 20:00:00,40.5,301.3994,993.89404,2.209653,64.24267,0.0,0.0
2023-11-21 21:00:00,40.34,301.34515,994.47516,2.129585,63.581627,0.0,0.0
2023-11-21 22:00:00,39.98,302.12643,995.2571,2.8644547,58.977085,0.0,0.0
2023-11-21 23:00:00,39.67,303.5182,995.6472,3.4856048,52.477676,0.0,0.0
2023-11-22 00:00:00,39.17,305.27313,995.21814,3.7334864,45.922516,0.0,0.0
2023-11-22 01:00:00,38.91,307.1646,994.72577,3.8957572,39.846336,0.0,0.0
2023-11-22 02:00:00,37.88,309.141,993.5664,4.1764135,34.05283,0.0,0.0
2023-11-22 03:00:00,36.71,310.8778,992.3389,4.187884,28.550518,0.011704862,0.0
2023-11-22 04:00:00,35.56,312.2229,991.1167,3.5223246,24.126047,0.009171665,0.0
2023-11-22 05:00:00,34.36,312.95752,990.0108,2.3541377,21.462376,0.0,0.0
2023-11-22 06:00:00,33.39,313.1757,988.9842,1.0689571,20.262175,0.0,0.0
2023-11-22 07:00:00,33.17,313.08597,989.01526,1.5619628,19.465202,0.0,0.0
2023-11-22 08:00:00,32.57,312.56207,988.71704,1.0395308,19.771376,0.0,0.0
2023-11-22 09:00:00,33.45,311.67664,989.17596,1.4014219,20.170788,0.0,0.0
2023-11-22 10:00:00,34.49,311.12482,989.8303,1.2659435,19.504694,0.0,0.0
2023-11-22 11:00:00,35.69,310.76892,990.5153,1.7721198,20.310595,0.0,0.0
2023-11-22 12:00:00,37.51,309.9435,991.4512,2.3103447,21.778622,0.0,0.0
2023-11-22 13:00:00,38.1,308.65808,992.06616,3.5132513,25.024206,0.0,0.0
2023-11-22 14:00:00,38.3,307.12122,992.6778,5.6913967,30.715036,0.0,0.0
2023-11-22 15:00:00,38.86,305.02335,992.4395,5.9100432,39.843117,0.0,0.48
2023-11-22 16:00:00,40.47,303.82678,992.0043,4.5473614,45.1618,0.0,0.44
2023-11-22 17:00:00,42.16,303.24774,991.70917,3.5522227,48.003708,0.0,0.0
2023-11-22 18:00:00,43.23,302.75528,991.6919,3.0803335,50.518044,0.0,1.02
2023-11-22 19:00:00,45.28,302.42517,992.02454,2.5952718,56.714706,0.21733938,1.49
2023-11-22 20:00:00,45.85,300.48157,993.2227,3.3140004,66.860344,0.6288737,3.55
2023-11-22 21:00:00,43.89,300.07147,993.82385,2.0068803,67.277405,0.24680793,2.77
2023-11-22 22:00:00,41.61,300.65936,994.3253,2.345814,63.706142,0.001847744,1.42
2023-11-22 23:00:00,40.2,302.0453,994.74335,1.794035,59.078133,0.0,0.0
2023-11-23 00:00:00,37.09,303.24478,994.9462,0.9066053,55.090134,1.1169404,0.0
2023-11-23 01:00:00,35.61,304.84174,994.65686,0.711801,49.485336,0.0,0.0
2023-11-23 02:00:00,33.19,306.29498,993.5641,0.64696676,43.87115,0.0,0.0
2023-11-23 03:00:00,30.64,307.74933,992.46295,0.24217226,38.51119,0.086441636,0.0
2023-11-23 04:00:00,28.74,308.9356,991.50635,0.13621292,34.50746,0.08470565,0.0
2023-11-23 05:00:00,27.76,309.74225,990.503,0.3497818,31.311665,0.068850815,0.0
2023-11-23 06:00:00,26.57,310.573,989.3811,0.4314321,28.437904,0.015504658,0.0
2023-11-23 07:00:00,25.8,310.75214,988.2036,1.8071643,26.299757,0.0,0.0
2023-11-23 08:00:00,25.6,310.8246,987.9867,2.1255717,25.414598,0.0,0.0
2023-11-23 09:00:00,26.01,310.49365,988.09705,2.270498,24.918322,0.0,0.0
2023-11-23 10:00:00,27.06,309.83362,988.8169,2.458558,25.461214,0.0,0.0
2023-11-23 11:00:00,28.4,309.30017,990.1289,3.939064,26.63526,0.0,0.0
2023-11-23 12:00:00,29.52,305.79376,991.6277,6.259952,37.349937,0.3258139,0.0
2023-11-23 13:00:00,31.35,305.013,992.1791,5.285603,41.488377,0.0072717667,0.0
2023-11-23 14:00:00,32.5,304.63293,992.02765,4.963641,43.561207,0.0,0.0
2023-11-23 15:00:00,33.24,303.90186,991.53,5.292866,46.480907,0.0,0.0
2023-11-23 16:00:00,34.33,303.03363,991.1289,4.7149587,49.477394,0.0,0.0
2023-11-23 17:00:00,34.92,302.3891,990.4847,3.9761274,51.57658,0.0,0.0
2023-11-23 18:00:00,36.13,301.84866,990.2367,3.048826,53.520836,0.0,0.0
2023-11-23 19:00:00,36.71,301.35815,990.3272,3.9504197,52.230335,0.0,0.0
2023-11-23 20:00:00,36.13,300.80786,990.78674,3.4612885,54.91647,0.0,0.0
2023-11-23 21:00:00,34.7,300.38477,991.46124,2.9968548,57.36652,0.0,0.0
2023-11-23 22:00:00,33.47,301.32703,992.52124,2.9859142,54.582195,0.0,0.0
2023-11-23 23:00:00,32.9,303.3814,993.14764,3.3738372,47.47694,0.0,0.0
2023-11-24 00:00:00,34.36,305.28226,993.15265,3.0374324,42.457825,0.5899012,0.0
2023-11-24 01:00:00,34.54,306.83044,992.8577,2.125357,38.39602,0.0,0.0
2023-11-24 02:00:00,33.92,308.1712,992.1268,1.3609358,33.780357,0.0,0.0
2023-11-24 03:00:00,33.69,309.2124,991.19507,0.79338425,30.354101,0.0,0.0
2023-11-24 04:00:00,33.27,310.21027,990.34784,0.77875507,27.75328,0.0,0.0
2023-11-24 05:00:00,32.42,310.75494,989.3717,0.97798944,26.396772,0.0,0.0
2023-11-24 06:00:00,31.09,311.14978,988.69135,1.0296792,25.020847,0.0,0.0
2023-11-24 07:00:00,29.79,311.90457,987.85486,1.7666959,21.613186,0.0015050173,0.26999998
2023-11-24 08:00:00,29.31,311.96802,987.60425,2.4731002,21.30656,0.0,0.96999997
2023-11-24 09:00:00,29.77,311.4052,987.88403,2.4371161,21.583342,0.0,1.02
2023-11-24 10:00:00,30.59,310.94568,988.8744,2.7259226,21.371473,0.0036656854,0.0
2023-11-24 11:00:00,31.79,310.1178,989.9119,3.2070293,21.341372,0.0,0.0
2023-11-24 12:00:00,32.11,309.3805,990.53174,2.4452295,21.95271,0.0,0.0
2023-11-24 13:00:00,32.45,308.71918,990.98065,0.47554088,23.139494,0.0,0.0
2023-11-24 14:00:00,33.38,307.48895,991.30005,1.7355188,26.492191,0.0,0.0
2023-11-24 15:00:00,34.89,306.2426,991.1821,3.2754629,31.574417,0.0,0.0
2023-11-24 16:00:00,37.09,304.84088,990.8606,4.3351445,39.433723,0.0,0.0
2023-11-24 17:00:00,39.07,303.9035,990.3663,4.1636877,45.593014,0.0,0.0
2023-11-24 18:00:00,40.2,303.19812,990.30347,3.9770615,50.09061,0.0,0.0
2023-11-24 19:00:00,40.11,302.31073,990.66296,5.3271995,58.294117,0.0,0.0
2023-11-24 20:00:00,38.29,301.86887,991.03375,5.573481,62.69562,0.0,0.0
2023-11-24 21:00:00,37.62,301.3806,991.2011,5.1485066,67.43578,0.0,0.0
2023-11-24 22:00:00,38.03,301.78625,992.0795,5.42405,68.43313,0.0,0.0
2023-11-24 23:00:00,38.39,303.2481,992.54346,5.366954,61.808468,0.0,0.0
2023-11-25 00:00:00,38.01,305.41217,992.59985,5.098958,50.76276,0.006097555,0.0
2023-11-25 01:00:00,37.71,307.5949,992.1298,4.879264,40.821785,0.0,0.0
2023-11-25 02:00:00,37.4,309.58173,991.3119,4.4603496,32.777557,0.04568696,0.0
2023-11-25 03:00:00,36.57,310.96307,990.0681,3.770481,27.549904,0.040769577,0.0
2023-11-25 04:00:00,35.62,312.112,989.10455,3.155387,23.762957,0.012464821,0.0
2023-11-25 05:00:00,33.95,312.88986,988.26013,2.5748553,21.583502,0.0,0.0
2023-11-25 06:00:00,31.9,313.27844,987.33264,2.572157,20.232029,0.0,0.0
2023-11-25 07:00:00,31.2,313.87866,986.5131,2.453539,16.211582,0.0,0.0
2023-11-25 08:00:00,30.06,313.47568,986.03986,2.2773721,15.411796,0.0,0.0
2023-11-25 09:00:00,30.21,312.98035,986.28467,2.1995118,14.705218,0.0,0.0
2023-11-25 10:00:00,31.58,312.02005,987.1863,2.5891287,15.360366,0.0,0.0
2023-11-25 11:00:00,33.38,311.25833,988.6086,2.5889587,16.103128,0.0,0.0
2023-11-25 12:00:00,35.13,310.2952,989.2573,3.1543272,17.35347,0.0,0.0
2023-11-25 13:00:00,36.0,309.71597,989.9164,4.348401,18.83672,0.0,0.0
2023-11-25 14:00:00,36.24,308.21997,990.39813,4.615636,23.41336,0.0,0.0
2023-11-25 15:00:00,36.55,307.0571,990.6147,3.4318254,27.637854,0.0,0.0
2023-11-25 16:00:00,36.82,306.11548,990.315,3.4255493,31.419827,0.0,0.0
2023-11-25 17:00:00,37.22,305.3728,989.82764,3.9217477,36.2631,0.0,0.0
2023-11-25 18:00:00,36.88,304.30753,989.5014,4.0079,43.419857,0.0,0.17
2023-11-25 19:00:00,37.19,303.56427,989.64905,3.922308,48.762714,0.0025629997,0.0
2023-11-25 20:00:00,37.68,302.98688,990.009,3.8688443,52.428116,0.0,0.0
2023-11-25 21:00:00,39.0,302.33038,990.5608,3.760215,56.672096,0.0,0.0
2023-11-25 22:00:00,39.33,302.8142,991.3825,4.215978,57.001663,0.0,0.0
2023-11-25 23:00:00,38.77,304.29684,992.0842,3.6353652,51.146816,0.0,0.0
2023-11-26 00:00:00,36.04,305.9607,992.0483,2.7698576,44.14875,0.10147691,0.0
2023-11-26 01:00:00,35.62,307.71036,991.85266,2.1126657,37.449604,0.0,0.0
2023-11-26 02:00:00,34.86,309.37628,990.9949,1.4651424,30.211603,0.022057444,0.0
2023-11-26 03:00:00,34.07,310.88806,989.8156,1.083561,23.70768,0.009994954,0.0
2023-11-26 04:00:00,33.51,311.9582,988.85187,1.0865072,20.51997,0.0064596534,0.0
2023-11-26 05:00:00,33.16,312.8769,987.8275,1.3572066,18.246916,0.003412366,0.0
2023-11-26 06:00:00,32.25,313.3813,986.9952,1.701045,16.72917,0.0,0.0
2023-11-26 07:00:00,30.88,313.1521,986.7953,1.5295758,16.10731,0.0,0.0
2023-11-26 08:00:00,30.1,313.15,986.3275,1.6613593,15.467045,0.0,0.0
2023-11-26 09:00:00,30.3,312.85663,986.5111,1.6055592,14.635733,0.0,0.0
2023-11-26 10:00:00,31.71,312.25607,986.89575,0.7979031,14.46312,0.0,0.0
2023-11-26 11:00:00,33.43,311.43213,987.65533,2.0257409,15.925429,0.0,0.0
2023-11-26 12:00:00,34.22,310.10193,988.1956,2.7906544,17.990662,0.0,0.0
2023-11-26 13:00:00,35.68,308.95883,989.07153,3.1344948,19.919882,0.0,0.0
2023-11-26 14:00:00,36.09,307.66888,989.70654,1.3629397,22.539139,0.0,0.0
2023-11-26 15:00:00,37.03,306.28113,990.0681,3.501687,26.927444,0.0,0.0
2023-11-26 16:00:00,38.63,304.89142,989.9175,4.9941645,39.594112,0.0,0.0
2023-11-26 17:00:00,40.16,303.74307,989.29846,5.142249,51.414745,0.0,0.0
2023-11-26 18:00:00,41.88,303.02704,988.858,4.848217,57.957504,0.0,0.0
2023-11-26 19:00:00,40.41,302.14337,989.4735,4.5473723,63.639008,0.0,0.0
2023-11-26 20:00:00,38.4,301.6331,989.8803,4.568727,67.21494,0.0,0.0
2023-11-26 21:00:00,37.32,301.18268,990.3769,4.6698575,70.65019,0.0,0.0
2023-11-26 22:00:00,37.04,301.59097,991.1661,5.3572736,70.33116,0.0,0.0
2023-11-26 23:00:00,36.47,303.1864,991.5616,5.5435424,62.778103,0.0,0.0
2023-11-27 00:00:00,,305.45813,991.78217,5.317606,51.58494,0.044077046,0.0
2023-11-27 01:00:00,,307.8557,991.42975,5.133769,41.3874,0.0,0.0
2023-11-27 02:00:00,,309.9139,990.6951,4.9338574,33.87622,0.014748424,0.0
2023-11-27 03:00:00,,311.44775,989.5765,4.537603,28.024271,0.0,0.0
2023-11-27 04:00:00,,312.40158,988.5986,3.5455747,23.830877,0.0,0.0
2023-11-27 05:00:00,,312.9007,987.8437,2.9271421,21.920305,0.0,0.0
2023-11-27 06:00:00,,313.29724,987.10986,2.661175,20.73327,0.0,0.0
2023-11-27 07:00:00,,312.67722,986.8416,1.787977,20.605692,0.0,0.0
2023-11-27 08:00:00,,312.5366,986.4617,1.9428759,20.517084,0.0,0.0
2023-11-27 09:00:00,,312.22986,986.7781,2.0274508,20.678366,0.0,0.0
2023-11-27 10:00:00,,311.6001,987.76154,2.8186202,21.457272,0.0,0.0
2023-11-27 11:00:00,,310.8857,988.42065,3.9557009,22.450727,0.0,0.0
2023-11-27 12:00:00,,309.87347,988.9856,5.292754,24.86722,0.0,0.0
2023-11-27 13:00:00,,308.33105,989.54407,6.372438,31.049723,0.0,0.0
2023-11-27 14:00:00,,306.9679,990.1948,6.6864996,39.49634,0.0,0.0
2023-11-27 15:00:00,,305.815,990.142,6.0573707,47.68757,0.0,0.0
2023-11-27 16:00:00,,304.8053,989.91705,5.9219327,54.56041,0.0,0.12
2023-11-27 17:00:00,,303.86334,989.89,5.9823074,59.557056,0.0,0.28
2023-11-27 18:00:00,,303.04657,989.84155,5.9733305,63.16062,0.0,0.38
2023-11-27 19:00:00,,302.25696,990.55646,5.129684,66.04066,0.0,0.17999999
2023-11-27 20:00:00,,301.8174,991.02936,4.531928,67.89927,0.0,0.14999999
2023-11-27 21:00:00,,301.49817,991.4556,3.7640364,69.391235,0.0,0.0
2023-11-27 22:00:00,,301.7159,992.53436,3.5073333,68.538895,0.0,0.0
2023-11-27 23:00:00,,302.7658,992.98724,3.588381,63.54432,0.0,0.0
2023-11-28 00:00:00,,303.88257,993.386,3.727038,58.347927,0.014960766,0.0
2023-11-28 01:00:00,,305.2746,993.1214,3.5685742,51.969494,0.0,0.0
2023-11-28 02:00:00,,307.26685,992.3642,3.1860824,44.199486,0.0,0.0
2023-11-28 03:00:00,,308.77026,991.32935,2.618614,38.424156,0.01577288,0.0
2023-11-28 04:00:00,,310.2306,990.3016,1.9906818,32.94328,0.01661852,0.0
2023-11-28 05:00:00,,311.26785,989.1344,1.769467,29.513308,0.0023432076,0.0
2023-11-28 06:00:00,,311.42188,988.2988,2.0880477,28.66774,0.0,0.0
2023-11-28 07:00:00,,311.48157,987.8019,2.3523428,27.958107,0.0,0.0
2023-11-28 08:00:00,,311.2964,987.465,2.293076,28.000557,0.0,0.0
2023-11-28 09:00:00,,311.03174,987.5986,2.0588148,28.188995,0.0,0.0
2023-11-28 10:00:00,,310.55795,988.2706,1.7831748,28.407005,0.029928986,0.0
2023-11-28 11:00:00,,310.16656,988.47144,1.3864344,28.700214,0.0,0.0
2023-11-28 12:00:00,,309.95428,989.1431,1.8991213,28.864548,0.0,0.0
2023-11-28 13:00:00,,309.22192,989.44,4.1723027,29.882309,0.0,0.0
2023-11-28 14:00:00,,307.86255,989.92993,6.3961167,35.458847,0.0,0.0
2023-11-28 15:00:00,,306.29776,989.7428,6.7262783,43.72244,0.0,0.0
2023-11-28 16:00:00,,305.23642,989.57245,6.161269,48.13293,0.0,0.0
2023-11-28 17:00:00,,304.4519,989.5222,5.7427144,50.248234,0.0,0.0
2023-11-28 18:00:00,,303.59818,989.705,5.4309855,52.65376,0.0,0.0
2023-11-28 19:00:00,,302.38306,990.2566,5.336602,61.398273,0.0,0.0
2023-11-28 20:00:00,,301.805,990.70776,4.760571,63.461685,0.0,0.0
2023-11-28 21:00:00,,301.35168,991.4403,4.4428344,64.95729,0.0,0.0
2023-11-28 22:00:00,,301.62592,992.0123,4.867905,62.244946,0.0,0.0
2023-11-28 23:00:00,,302.9555,992.56744,4.7923694,53.83767,0.0,0.0
2023-11-29 00:00:00,42.41,304.73596,992.5725,4.5293083,45.67544,0.065523386,0.0
2023-11-29 01:00:00,42.25,306.59024,992.3812,4.251247,39.582672,0.0,0.0
2023-11-29 02:00:00,42.85,308.46924,991.84766,4.0641937,34.32386,0.0,0.0
2023-11-29 03:00:00,43.48,309.93066,990.95795,4.010706,30.643574,0.0,0.0
2023-11-29 04:00:00,42.19,311.31305,990.0544,4.210558,27.699968,0.0,0.0
2023-11-29 05:00:00,40.59,312.35718,989.0114,4.5062284,25.65205,0.0,0.0
2023-11-29 06:00:00,39.49,312.40393,988.3131,5.0287566,25.121065,0.0,0.0
2023-11-29 07:00:00,38.64,312.70142,988.1222,5.377213,22.80937,0.0,0.0
2023-11-29 08:00:00,37.8,312.33337,987.5559,5.5896482,23.156305,0.0018551946,0.0
2023-11-29 09:00:00,38.07,311.8974,988.09265,5.5931597,23.953918,0.0,0.0
2023-11-29 10:00:00,38.6,310.97528,988.7272,5.917885,25.47076,0.0,0.0
2023-11-29 11:00:00,39.44,309.8259,989.4611,6.7430153,28.811342,0.0,0.0
2023-11-29 12:00:00,40.2,308.27493,990.33905,7.113078,33.469692,0.0,0.0
2023-11-29 13:00:00,39.76,307.2113,990.9046,6.884294,36.54598,0.0,0.0
2023-11-29 14:00:00,39.98,306.3465,991.33203,6.7775626,39.434544,0.0,0.0
2023-11-29 15:00:00,40.12,305.43094,991.3114,6.6353073,42.898685,0.0,0.0
2023-11-29 16:00:00,39.25,304.60858,991.1987,6.5053744,45.939217,0.0,0.0
2023-11-29 17:00:00,36.34,303.75177,990.9336,6.0880866,48.13637,0.0,0.0
2023-11-29 18:00:00,31.51,302.9935,990.92737,5.660045,49.05618,0.0,0.0
2023-11-29 19:00:00,29.55,301.69867,991.52765,4.344369,49.72367,0.0,0.0
2023-11-29 20:00:00,28.3,300.93396,991.8641,3.9496088,51.972996,0.0,0.0
2023-11-29 21:00:00,27.51,300.2519,992.5609,3.6392007,54.780357,0.0,0.0
2023-11-29 22:00:00,27.59,300.47034,993.5806,4.4240646,53.886925,0.0,0.0
2023-11-29 23:00:00,28.54,301.71997,994.1995,4.457593,47.164516,0.0,0.0
2023-11-30 00:00:00,30.06,303.51425,994.0594,4.1540346,38.984043,0.002732873,0.0
2023-11-30 01:00:00,30.59,305.54504,993.59705,3.8843958,31.923288,0.0,0.0
2023-11-30 02:00:00,30.48,307.5913,992.8425,3.948963,26.510942,0.0,0.0
2023-11-30 03:00:00,30.84,309.40573,991.65405,4.444944,23.601128,0.0,0.0
2023-11-30 04:00:00,30.68,310.88242,990.8125,5.0606647,21.78722,0.0,0.0
2023-11-30 05:00:00,31.44,311.8758,989.7042,5.545889,20.4577,0.0,0.0
2023-11-30 06:00:00,32.4,312.44647,988.6383,5.8202953,19.433857,0.0,0.0
2023-11-30 07:00:00,32.05,312.73383,988.31616,5.6346636,19.419994,0.0,0.0
2023-11-30 08:00:00,31.34,312.46918,987.85834,5.867736,19.491869,0.0,0.0
2023-11-30 09:00:00,30.73,311.84076,988.09125,5.71405,20.022257,0.0,0.0
2023-11-30 10:00:00,29.57,310.88806,988.5552,4.9826303,21.074053,0.0,0.0
2023-11-30 11:00:00,28.59,310.01782,989.28076,3.8339365,22.30729,0.0,0.0
2023-11-30 12:00:00,27.67,309.05963,989.6611,3.5056849,23.875757,0.0,0.0
2023-11-30 13:00:00,28.15,308.03192,989.8569,4.2761617,25.972858,0.0,0.0
2023-11-30 14:00:00,28.11,306.9314,990.3678,5.766687,28.916996,0.0,0.0
2023-11-30 15:00:00,27.84,305.7528,990.2425,6.4413314,31.887617,0.0,0.0
2023-11-30 16:00:00,27.88,304.74237,990.1831,6.1959534,32.60885,0.0,0.0
2023-11-30 17:00:00,27.18,303.7558,990.0765,5.800501,32.56249,0.0,0.0
2023-11-30 18:00:00,26.15,302.6831,989.89026,5.630499,33.88418,0.0,0.0
2023-11-30 19:00:00,26.13,301.65222,990.5673,5.220061,37.530144,0.0,0.0
2023-11-30 20:00:00,26.97,300.60773,990.6069,4.964416,42.309742,0.0,0.0
2023-11-30 21:00:00,27.8,299.73492,991.508,4.6444855,46.763718,0.0,0.0
2023-11-30 22:00:00,28.63,299.8949,992.1956,5.268262,47.250492,0.0,0.0
2023-11-30 23:00:00,28.86,301.4792,992.93604,5.593348,40.76346,0.0,0.0
2023-12-01 00:00:00,29.42,303.80896,992.8928,5.6943254,31.570343,0.0,0.0
2023-12-01 01:00:00,29.78,306.34216,992.6677,5.812831,23.224312,0.0,0.0
2023-12-01 02:00:00,29.93,308.3916,991.9881,5.8171186,19.588718,0.0,0.0
2023-12-01 03:00:00,29.83,309.93942,991.0666,5.6670165,19.181337,0.0,0.0
2023-12-01 04:00:00,30.03,311.14343,990.0454,5.5207653,19.15158,0.0,0.0
2023-12-01 05:00:00,30.38,312.0266,989.0887,5.475827,18.86019,0.0,0.0
2023-12-01 06:00:00,30.6,312.50427,988.08264,5.4789934,18.593035,0.0,0.0
2023-12-01 07:00:00,29.82,312.57642,987.21454,5.2974315,19.486845,0.0,0.0
2023-12-01 08:00:00,28.52,312.2834,987.06287,5.1919584,19.957417,0.0,0.0
2023-12-01 09:00:00,28.12,311.69525,987.1195,5.153184,20.617523,0.0,0.0
2023-12-01 10:00:00,27.6,310.80676,988.0227,4.704637,21.441826,0.0,0.0
2023-12-01 11:00:00,26.59,309.8236,988.5745,4.235229,22.326931,0.0,0.0
2023-12-01 12:00:00,25.44,308.77032,989.40704,4.562186,23.191048,0.0,0.0
2023-12-01 13:00:00,25.28,307.55927,989.62115,5.155299,24.732027,0.0,0.0
2023-12-01 14:00:00,25.36,306.25797,990.2967,5.561604,27.523375,0.0,0.0
2023-12-01 15:00:00,25.21,304.96765,990.1264,5.7000766,31.453434,0.0,0.0
2023-12-01 16:00:00,24.67,303.94885,989.8084,5.6077013,35.34306,0.0,0.0
2023-12-01 17:00:00,24.75,303.10852,989.3261,5.2529163,38.188538,0.0,0.0
2023-12-01 18:00:00,24.96,302.23285,989.21173,4.8920345,40.51468,0.0,0.0
2023-12-01 19:00:00,24.82,301.11694,990.1926,4.7037487,43.92186,0.0,0.0
2023-12-01 20:00:00,24.68,300.28394,990.5813,4.292051,46.47937,0.0,0.0
2023-12-01 21:00:00,25.1,299.60455,991.58936,3.8007057,48.989147,0.0,0.0
2023-12-01 22:00:00,26.49,299.91656,992.6453,4.2161036,48.992863,0.0,0.0
2023-12-01 23:00:00,27.52,301.3382,993.4444,4.285084,44.693497,0.0,0.0
2023-12-02 00:00:00,30.05,303.34534,993.6877,4.1813264,38.016376,0.0,0.0
2023-12-02 01:00:00,30.02,305.61115,993.4487,4.1469855,31.645456,0.0,0.0
2023-12-02 02:00:00,29.6,307.78925,992.85077,4.136679,27.801367,0.0,0.0
2023-12-02 03:00:00,28.97,309.62253,991.8429,4.076608,25.960594,0.0,0.0
2023-12-02 04:00:00,28.44,311.14227,990.72815,4.1867404,24.249039,0.0,0.0
2023-12-02 05:00:00,28.83,312.36584,989.74493,4.472545,22.101187,0.0,0.0
2023-12-02 06:00:00,29.66,312.95093,988.8805,4.71664,20.368206,0.0,0.0
2023-12-02 07:00:00,31.1,313.4171,988.3728,4.3728695,18.247028,0.0,0.0
2023-12-02 08:00:00,31.37,313.2152,988.09424,4.64769,17.93182,0.0,0.0
2023-12-02 09:00:00,31.71,312.55792,988.5312,4.797408,18.73858,0.0,0.0
2023-12-02 10:00:00,32.03,311.50308,989.15717,4.533223,20.52992,0.0,0.0
2023-12-02 11:00:00,31.88,310.54666,989.97534,3.8771486,22.33774,0.0,0.0
2023-12-02 12:00:00,31.34,309.58795,990.568,3.7003615,24.074568,0.0,0.0
2023-12-02 13:00:00,31.9,308.546,990.98474,3.967559,25.974936,0.0,0.0
2023-12-02 14:00:00,33.04,307.60315,991.4211,4.484075,28.383297,0.0,0.0
2023-12-02 15:00:00,33.49,306.47644,991.28546,4.802838,32.333054,0.0,0.0
2023-12-02 16:00:00,33.91,305.45074,990.8245,5.0277023,36.81136,0.0,0.0
2023-12-02 17:00:00,34.45,304.6155,990.40875,5.0756807,40.54628,0.0,0.0
2023-12-02 18:00:00,35.0,303.96222,990.25586,4.6536217,42.506744,0.0,0.0
2023-12-02 19:00:00,36.08,303.30463,991.1301,4.2020493,45.20405,0.0,0.0
2023-12-02 20:00:00,37.02,302.84967,991.65485,3.8402786,45.84476,0.0,0.0
2023-12-02 21:00:00,37.3,302.18973,992.5066,3.3490884,47.214016,0.0,0.0
2023-12-02 22:00:00,35.98,302.55185,993.58575,3.361525,45.604343,0.0,0.0
2023-12-02 23:00:00,35.38,303.96707,993.9355,3.7493606,40.556915,0.0,0.0
2023-12-03 00:00:00,35.27,306.18915,993.872,4.1877003,34.565834,0.0,0.0
2023-12-03 01:00:00,35.68,308.65604,993.53925,4.5222406,29.41621,0.0,0.0
2023-12-03 02:00:00,35.53,310.62506,992.9151,4.403699,26.040993,0.0,0.0
2023-12-03 03:00:00,35.66,312.15314,992.1032,3.5520804,22.904099,0.0,0.0
2023-12-03 04:00:00,36.13,312.83386,991.33795,2.0536435,21.007471,0.0021457672,0.0
2023-12-03 05:00:00,36.34,313.76096,990.60767,0.8839062,19.187214,0.004068017,0.0
2023-12-03 06:00:00,36.01,314.22873,989.71,0.597217,17.927113,0.0,0.0
2023-12-03 07:00:00,34.49,315.10574,989.1121,1.4956479,15.415274,0.0,0.0
2023-12-03 08:00:00,32.7,315.01508,988.7036,1.5029473,15.247081,0.0,0.0
2023-12-03 09:00:00,31.8,314.89056,988.72925,1.6380639,15.21337,0.0,0.0
2023-12-03 10:00:00,32.03,314.4229,989.11206,1.83093,15.380852,0.050023198,0.0
2023-12-03 11:00:00,33.31,313.42505,989.55743,2.8006563,16.688433,0.0,0.0
2023-12-03 12:00:00,34.43,312.35352,990.3313,3.6414678,17.886261,0.0,0.0
2023-12-03 13:00:00,36.24,311.21362,991.14,3.552745,19.17072,0.020518899,0.0
2023-12-03 14:00:00,38.0,310.15656,991.8984,2.2748759,20.773216,0.023841858,0.0
2023-12-03 15:00:00,40.67,309.4983,991.72485,2.1282806,22.127481,0.0,0.22
2023-12-03 16:00:00,43.12,308.76144,991.1817,2.6420197,23.462671,0.0,0.87
2023-12-03 17:00:00,44.38,307.91388,990.59644,2.527006,25.030985,0.0,0.65
2023-12-03 18:00:00,43.05,307.12442,990.46344,2.4823518,26.709572,0.0,0.049999997
2023-12-03 19:00:00,40.54,304.41165,992.01294,5.0666585,47.521053,0.0,0.0
2023-12-03 20:00:00,38.04,303.59274,992.1859,5.189362,53.739975,0.0,0.0
2023-12-03 21:00:00,36.58,303.06677,992.8253,5.32191,56.3548,0.0,0.0
2023-12-03 22:00:00,35.92,303.66098,993.4868,4.6205497,53.29273,0.0,0.0
2023-12-03 23:00:00,36.12,305.6906,994.1658,4.5432653,42.113525,0.0,0.0
2023-12-04 00:00:00,39.5,307.99792,994.1423,4.567536,32.113834,0.10058284,0.0
2023-12-04 01:00:00,39.07,310.42706,993.71436,4.030656,25.174023,0.0,0.0
2023-12-04 02:00:00,38.78,312.43146,992.97675,3.0418303,21.063862,0.0,0.0
2023-12-04 03:00:00,39.3,313.8,991.90515,1.8848393,18.821571,0.0,0.0
2023-12-04 04:00:00,38.92,314.8419,990.7925,2.1225579,17.666315,0.0,0.0
2023-12-04 05:00:00,38.83,315.40936,989.6282,2.4886193,17.196495,0.0,0.0
2023-12-04 06:00:00,39.01,315.78302,988.4534,2.6479588,17.031984,0.004798174,0.049999997
2023-12-04 07:00:00,40.31,316.43225,987.5836,2.6111884,16.216042,0.0,0.37
2023-12-04 08:00:00,40.66,316.47314,987.3056,4.980622,15.544692,0.036381185,0.04
2023-12-04 09:00:00,40.24,313.75037,988.9586,8.161382,18.908024,0.7342994,0.35999998
2023-12-04 10:00:00,40.72,312.10278,990.58124,4.303609,20.058363,0.13844669,0.0
2023-12-04 11:00:00,40.88,311.17078,990.8812,4.365612,22.513618,0.0,0.0
2023-12-04 12:00:00,41.18,310.27136,991.17236,4.13783,25.013914,0.0,0.0
2023-12-04 13:00:00,41.32,309.44736,991.7134,3.8886,27.255844,0.0,0.0
2023-12-04 14:00:00,41.46,308.01135,991.8205,3.9301522,30.887016,0.0,0.0
2023-12-04 15:00:00,40.82,306.83847,991.6364,3.4150388,34.901577,0.0,0.0
2023-12-04 16:00:00,40.82,305.855,991.1005,2.7259793,38.95106,0.0,0.07
2023-12-04 17:00:00,41.24,304.89893,990.7927,2.0417888,44.07117,0.0,0.0
2023-12-04 18:00:00,42.05,304.1412,990.6842,2.0459611,47.4829,0.0,0.0
2023-12-04 19:00:00,41.99,304.63843,991.1409,2.9056578,40.86048,0.0,0.0
2023-12-04 20:00:00,42.07,304.08472,991.6192,3.1739895,44.53053,0.0,0.0
2023-12-04 21:00:00,42.45,303.5736,991.9927,3.3422217,49.207886,0.0,0.0
2023-12-04 22:00:00,42.64,303.9506,992.96674,3.0475357,50.610916,0.0,0.0
2023-12-04 23:00:00,42.17,305.16437,993.3005,3.0100408,46.992695,0.0,0.0
2023-12-05 00:00:00,40.45,307.37054,993.48517,3.4614623,39.255146,0.913918,0.0
2023-12-05 01:00:00,39.93,309.515,993.3717,3.302894,32.316063,0.0,0.0
2023-12-05 02:00:00,40.29,311.2422,992.4841,2.6402578,27.03121,0.0,0.0
2023-12-05 03:00:00,41.27,312.60547,991.5701,1.3474972,23.18735,0.0,0.0
2023-12-05 04:00:00,41.54,312.90753,990.73456,0.70492977,21.275381,0.0,0.0
2023-12-05 05:00:00,40.97,313.83533,989.7898,0.51678383,19.57473,0.0012591481,0.0
2023-12-05 06:00:00,40.26,314.5032,988.85156,0.7309519,18.3104,0.0,0.0
2023-12-05 07:00:00,40.22,315.2149,988.012,0.83384377,14.684352,0.0,0.0
2023-12-05 08:00:00,40.95,315.383,987.77716,0.7457333,14.219114,0.0,0.08
2023-12-05 09:00:00,41.02,315.13416,987.8064,0.16814879,14.141202,0.0,0.0
2023-12-05 10:00:00,41.21,314.74408,988.3098,0.7548797,14.308511,0.0,0.26999998
2023-12-05 11:00:00,41.14,313.92612,988.9147,1.8400552,15.506087,0.0,0.78999996
2023-12-05 12:00:00,40.57,312.77734,989.50854,2.3732896,16.829285,0.0,0.21
2023-12-05 13:00:00,40.73,311.4973,989.84094,2.3261273,18.542297,0.0,0.0
2023-12-05 14:00:00,40.93,310.33795,990.40924,3.6786928,20.760246,0.0,0.0
2023-12-05 15:00:00,41.34,308.76874,990.3988,5.5050063,26.996735,0.0,0.0
2023-12-05 16:00:00,40.69,306.8144,990.37195,5.8147526,38.472565,0.0,0.0
2023-12-05 17:00:00,41.16,305.69525,990.0781,4.8453593,44.569813,0.0,0.0
2023-12-05 18:00:00,42.05,305.06787,990.19885,4.5831017,47.37963,0.0,0.0
2023-12-05 19:00:00,42.19,303.62292,991.54456,3.7177722,53.33451,0.020742416,0.0
2023-12-05 20:00:00,42.46,303.1343,992.30646,3.738524,57.186073,0.0,0.0
2023-12-05 21:00:00,42.75,302.8282,992.5511,3.8256211,59.69269,0.0,0.0
2023-12-05 22:00:00,42.92,303.45892,993.02405,4.581897,58.592842,0.0,0.0
2023-12-05 23:00:00,42.85,305.5537,993.40265,4.586794,50.33337,0.0,0.0
2023-12-06 00:00:00,42.26,308.3966,993.23047,4.5252934,40.365364,0.022429228,0.0
2023-12-06 01:00:00,42.38,311.14978,992.90015,4.7974777,31.123089,0.0,0.0
2023-12-06 02:00:00,42.59,312.98718,992.0156,4.500956,25.290462,0.007662922,0.0
2023-12-06 03:00:00,41.8,314.0335,991.09283,3.351495,22.36017,0.002335757,0.0
2023-12-06 04:00:00,40.29,314.0978,990.1639,2.0058258,21.470926,0.0,0.0
2023-12-06 05:00:00,39.39,314.18842,989.4158,1.1600517,20.879055,0.0,0.0
2023-12-06 06:00:00,38.36,314.26617,988.9997,1.0262415,20.498041,0.0,0.0
2023-12-06 07:00:00,36.37,315.20557,987.8871,1.2006245,17.44926,0.0,0.0
2023-12-06 08:00:00,36.23,314.79083,987.39703,1.1124606,17.404118,0.0,0.0
2023-12-06 09:00:00,37.48,314.7448,987.65,1.5716053,16.556507,0.0,0.0
2023-12-06 10:00:00,38.29,314.2425,988.15186,1.4933681,16.15952,0.0,0.14999999
2023-12-06 11:00:00,39.4,313.59967,989.2022,1.4495852,17.162823,0.0,0.46999997
2023-12-06 12:00:00,40.91,312.99127,989.82166,1.7467935,17.521864,0.0,1.81
2023-12-06 13:00:00,42.85,312.18402,990.5174,2.8069725,18.009111,0.0,2.69
2023-12-06 14:00:00,44.34,311.32666,990.83014,4.5544224,19.10924,0.0,1.5899999
2023-12-06 15:00:00,45.11,309.07104,990.8074,7.1782393,29.207697,0.0,0.52
2023-12-06 16:00:00,46.48,307.03296,990.66736,6.4662285,45.062202,0.0,1.3499999
2023-12-06 17:00:00,48.12,305.9422,990.3328,5.807631,53.22468,0.0,1.76
2023-12-06 18:00:00,47.72,305.15118,989.9333,5.6345577,58.09922,0.0,1.52
2023-12-06 19:00:00,44.37,303.29016,991.27875,5.8079085,64.48964,0.0,0.089999996
2023-12-06 20:00:00,42.04,302.6282,991.4451,5.244771,66.186066,0.0,0.0
2023-12-06 21:00:00,43.53,302.24585,992.3881,4.3147273,67.07452,0.0,0.0
2023-12-06 22:00:00,45.08,302.6516,993.24445,4.944684,64.355484,0.0,0.0
2023-12-06 23:00:00,45.13,304.30853,993.5559,4.646411,56.53076,0.0,0.0
2023-12-07 00:00:00,46.46,306.6474,993.4679,4.903655,46.866833,0.010848045,0.0
2023-12-07 01:00:00,45.92,308.99103,992.8759,5.331208,38.57022,0.0,0.0
2023-12-07 02:00:00,44.69,311.0187,992.0344,5.3440995,32.00725,0.008605421,0.0
2023-12-07 03:00:00,43.97,312.5251,990.8881,4.960709,27.493303,0.015430152,0.0
2023-12-07 04:00:00,43.04,313.61792,989.7644,4.3367624,24.505762,0.0012740493,0.0
2023-12-07 05:00:00,41.92,314.00366,988.7482,3.2189953,23.065979,0.0,0.0
2023-12-07 06:00:00,40.49,314.22107,988.0962,2.3761177,22.556444,0.0,0.0
2023-12-07 07:00:00,39.87,313.2079,987.99615,0.8666089,24.913355,0.0,0.0
2023-12-07 08:00:00,38.72,313.01334,987.8513,0.22990438,24.799616,0.0018551946,0.0
2023-12-07 09:00:00,39.17,312.05368,988.2722,0.35683453,25.401625,0.0,0.0
2023-12-07 10:00:00,40.48,310.97235,989.0886,1.717225,27.19088,0.039577484,0.0
2023-12-07 11:00:00,41.65,310.23465,989.66095,4.3184557,30.041079,0.007264316,0.0
2023-12-07 12:00:00,42.68,309.18964,990.47705,2.0199494,33.08018,0.019654632,0.0
2023-12-07 13:00:00,42.8,308.35858,991.11743,2.451702,35.592964,0.10366738,0.08
2023-12-07 14:00:00,42.91,307.5264,991.3136,2.8849974,39.156197,0.08554757,0.0
2023-12-07 15:00:00,44.1,306.6383,990.8932,2.8072014,43.38593,0.054493546,0.0
2023-12-07 16:00:00,46.46,306.0164,990.05273,2.9551857,46.82097,0.0017136335,0.0
2023-12-07 17:00:00,48.61,305.10736,989.9451,3.669531,50.74181,0.16848743,0.0
2023-12-07 18:00:00,49.75,304.1095,989.8475,5.2737737,55.936314,0.17617643,0.0
2023-12-07 19:00:00,49.02,303.60626,990.1356,5.991306,67.02945,0.008136034,0.0
2023-12-07 20:00:00,49.82,302.98083,990.8792,4.712932,70.50782,0.0,0.0
2023-12-07 21:00:00,50.3,302.5197,991.6036,4.013553,72.65068,0.012531877,0.22999999
2023-12-07 22:00:00,50.43,302.77594,992.74927,3.9873474,70.39737,0.012174249,0.0
2023-12-07 23:00:00,50.28,303.78418,993.4356,3.0196726,63.60343,0.035464764,0.08
2023-12-08 00:00:00,49.33,305.14157,993.20844,2.9704518,55.97262,0.7529408,0.21
2023-12-08 01:00:00,48.41,307.26114,992.6813,3.2623913,46.762707,0.0,0.049999997
2023-12-08 02:00:00,47.72,309.22388,991.9625,3.3361633,39.57441,0.0,0.0
2023-12-08 03:00:00,47.17,310.60385,991.1478,3.2181256,34.54607,0.021480024,0.0
2023-12-08 04:00:00,46.11,311.80286,990.2354,2.6186771,30.72532,0.010337681,0.0
2023-12-08 05:00:00,45.44,312.58984,989.1824,2.3236248,28.517115,0.005695969,0.0
2023-12-08 06:00:00,44.16,313.1089,988.33905,2.3948147,27.18696,0.021446496,0.0
2023-12-08 07:00:00,44.08,312.0905,987.90295,1.4515256,27.187092,0.008631498,0.0
2023-12-08 08:00:00,44.14,312.09943,987.442,1.8178095,26.742828,0.0081807375,0.0
2023-12-08 09:00:00,43.78,311.9542,987.4997,2.3697238,26.324188,0.0030249357,0.0
2023-12-08 10:00:00,44.79,311.47775,988.15717,2.312777,26.704512,0.0,0.0
2023-12-08 11:00:00,46.42,311.0103,988.897,2.1983657,27.580906,0.001001361,0.0
2023-12-08 12:00:00,49.05,309.95673,989.8041,4.396466,31.475422,0.0027418137,0.0
2023-12-08 13:00:00,50.19,307.76843,990.6752,6.553676,42.159664,0.0045746565,0.0
2023-12-08 14:00:00,50.94,306.51608,991.1864,5.7401724,48.054188,0.0,0.0
2023-12-08 15:00:00,51.25,305.99597,991.108,4.5847616,50.06137,0.0,0.0
2023-12-08 16:00:00,51.41,305.51056,990.5689,4.545455,52.02855,0.0,0.0
2023-12-08 17:00:00,51.08,304.94202,989.86487,5.093614,54.841835,0.0,0.0
2023-12-08 18:00:00,51.41,304.31946,989.4663,5.030329,58.60154,0.0,0.0
2023-12-08 19:00:00,53.98,303.48642,989.27124,3.7818255,59.96547,0.0,0.0
2023-12-08 20:00:00,54.16,303.23663,989.6647,3.1496172,62.36087,0.0,0.07
2023-12-08 21:00:00,53.38,302.68488,990.33203,2.252729,65.348595,0.063240096,0.9
2023-12-08 22:00:00,53.54,302.80298,991.50354,2.2957413,65.62632,0.06735325,0.0
2023-12-08 23:00:00,54.21,303.5876,992.47955,1.7621793,62.46875,0.02835691,0.17999999
2023-12-09 00:00:00,53.18,304.73096,992.73737,1.28981,57.1787,0.25738218,0.0
2023-12-09 01:00:00,52.48,306.2119,992.5044,2.2406597,50.906826,0.0,0.0
2023-12-09 02:00:00,50.77,307.1137,991.68365,2.688628,47.197334,0.0,0.0
2023-12-09 03:00:00,49.55,308.3313,990.84717,2.03803,41.517498,0.0,0.0
2023-12-09 04:00:00,47.85,309.31403,989.9736,1.6395361,37.44293,0.0047273934,0.0
2023-12-09 05:00:00,47.19,310.71936,989.08765,1.764673,33.255283,0.0045523047,0.0
2023-12-09 06:00:00,46.51,311.54437,987.9366,2.0504117,30.868536,0.0064596534,0.22999999
2023-12-09 07:00:00,46.52,311.92795,986.8402,2.2000422,28.31573,0.00834465,0.28
2023-12-09 08:00:00,47.29,309.29584,987.8558,7.0493183,38.387714,1.5956461,0.43
2023-12-09 09:00:00,48.45,307.77545,988.332,4.9510064,42.57307,0.2795607,0.0
2023-12-09 10:00:00,49.46,307.5138,988.7427,2.8336546,43.00584,0.0,0.48
2023-12-09 11:00:00,50.24,307.32037,989.44977,2.99357,45.32499,0.0,0.0
2023-12-09 12:00:00,52.23,306.68976,990.1855,3.5313087,49.38615,0.06069243,0.0
2023-12-09 13:00:00,54.28,305.6905,990.5616,5.1743965,53.854828,0.0,0.0
2023-12-09 14:00:00,55.59,304.7074,991.4031,5.043691,60.00083,0.0051409006,0.11
2023-12-09 15:00:00,56.82,302.99622,991.8628,3.6186068,68.81665,0.643909,1.19
2023-12-09 16:00:00,57.4,300.93988,991.6772,3.142296,80.510345,8.623764,4.06
2023-12-09 17:00:00,57.52,299.67377,991.4917,1.2450594,86.24021,6.4358263,4.8999996
2023-12-09 18:00:00,57.22,299.89926,990.9931,1.3282715,83.7348,0.89873374,3.12
2023-12-09 19:00:00,54.48,300.97693,991.4803,2.5523667,78.28804,1.2187362,1.1800001
2023-12-09 20:00:00,51.49,300.4613,991.5927,2.9983835,76.50729,0.6660372,0.65999997
2023-12-09 21:00:00,49.28,300.3244,991.7483,2.5238202,75.99799,0.046610832,0.44
2023-12-09 22:00:00,48.04,300.62567,992.1301,2.7467213,72.07489,0.0,0.39
2023-12-09 23:00:00,46.19,300.97925,992.4911,4.235235,63.581085,0.0,0.04
2023-12-10 00:00:00,43.0,301.12943,992.8239,6.129435,55.131237,20.499706,0.0
2023-12-10 01:00:00,42.26,301.6031,992.8013,7.320477,51.19102,0.0,0.0
2023-12-10 02:00:00,41.45,302.5969,992.27295,7.2974286,48.839676,0.0,0.0
2023-12-10 03:00:00,40.3,304.17023,991.41705,6.5692463,46.11247,0.0,0.0
2023-12-10 04:00:00,39.61,305.43915,990.35455,5.5905104,43.833427,0.0,0.0
2023-12-10 05:00:00,38.53,306.26715,989.47034,4.813489,41.914818,0.0,0.0
2023-12-10 06:00:00,37.26,307.0728,988.6213,4.3852615,40.007378,0.0,0.0
2023-12-10 07:00:00,36.14,307.3741,987.73047,4.050066,37.79996,0.0,0.0
2023-12-10 08:00:00,35.58,307.80832,987.4472,4.053684,36.184174,0.0,0.0
2023-12-10 09:00:00,34.75,307.59314,987.79346,3.6119118,37.708088,0.0,0.0
2023-12-10 10:00:00,33.48,305.76926,988.52057,2.2473187,50.953663,0.0,0.0
2023-12-10 11:00:00,31.28,303.9026,989.40173,2.1994722,60.15199,0.0,0.0
2023-12-10 12:00:00,28.71,303.47934,990.15985,3.2903402,54.58253,0.0,0.0
2023-12-10 13:00:00,26.17,303.17624,990.8982,5.266675,49.320755,0.0,0.0
2023-12-10 14:00:00,24.12,302.26453,991.3936,7.0123987,43.78327,0.0,0.0
2023-12-10 15:00:00,22.1,301.22046,991.17236,7.3599706,40.286438,0.0,0.0
2023-12-10 16:00:00,20.47,300.1595,990.9155,7.3608294,38.79486,0.0,0.0
2023-12-10 17:00:00,18.43,299.10272,990.8158,7.211622,37.904633,0.0,0.0
2023-12-10 18:00:00,17.39,298.0838,991.1705,6.9218264,37.361164,0.0,0.0
2023-12-10 19:00:00,17.56,296.80072,992.012,6.6559687,35.336777,0.0,0.0
2023-12-10 20:00:00,18.16,295.88696,992.59326,6.6378994,35.64145,0.0,0.0
2023-12-10 21:00:00,18.61,295.06567,993.4416,6.51258,36.490776,0.0,0.0
2023-12-10 22:00:00,18.51,295.27124,994.17914,6.2877603,36.666393,0.0,0.0
2023-12-10 23:00:00,17.83,296.3483,994.59607,8.005196,32.3836,0.0,0.0
2023-12-11 00:00:00,18.53,297.92255,994.53986,7.6066236,29.765379,0.002556052,0.0
2023-12-11 01:00:00,18.01,299.85605,994.34015,7.0046086,26.707247,0.0,0.0
2023-12-11 02:00:00,17.9,301.81177,993.57983,6.339617,24.008984,0.0,0.0
2023-12-11 03:00:00,16.32,303.61993,992.60077,5.6895075,22.002584,0.0,0.0
2023-12-11 04:00:00,14.38,305.114,991.47095,5.0399904,20.65913,0.0,0.0
2023-12-11 05:00:00,11.91,306.25708,990.40283,4.2839503,19.786354,0.0,0.0
2023-12-11 06:00:00,9.88,307.0436,989.40155,3.807537,18.802568,0.0,0.0
2023-12-11 07:00:00,8.4,307.67465,988.3674,3.9397695,17.181734,0.0,0.0
2023-12-11 08:00:00,7.6,307.7408,988.0785,4.3076525,15.716357,0.0,0.0
2023-12-11 09:00:00,7.34,307.2859,988.5803,4.421167,15.506736,0.0,0.0
2023-12-11 10:00:00,7.56,305.27698,989.1325,3.7852187,20.30571,0.0,0.0
2023-12-11 11:00:00,7.41,302.79675,989.9902,4.166777,22.885332,0.0,0.0
2023-12-11 12:00:00,7.44,301.20325,990.76556,4.674183,22.208204,0.0,0.0
2023-12-11 13:00:00,7.97,299.9734,991.28174,4.881602,21.877123,0.0,0.0
2023-12-11 14:00:00,8.67,298.97333,991.5033,4.923787,22.002644,0.0,0.0
2023-12-11 15:00:00,9.41,298.03516,990.9581,4.760167,23.000076,0.0,0.0
2023-12-11 16:00:00,10.44,297.1549,990.44617,4.492263,24.771582,0.0,0.0
2023-12-11 17:00:00,11.73,296.34723,990.0847,4.2201695,26.916603,0.0,0.0
2023-12-11 18:00:00,13.11,295.6051,989.986,4.0213056,28.85107,0.0,0.0
2023-12-11 19:00:00,14.34,294.52155,990.72595,3.9548774,28.26547,0.0,0.0
2023-12-11 20:00:00,15.01,293.9054,990.9057,3.6379678,31.357136,0.0,0.0
2023-12-11 21:00:00,15.02,293.45728,991.3635,3.4508805,33.65123,0.0,0.0
2023-12-11 22:00:00,15.42,294.51813,992.0603,3.23314,33.793037,0.0,0.0
2023-12-11 23:00:00,15.75,298.5877,992.5564,4.226534,20.918552,0.0,0.0
2023-12-12 00:00:00,16.39,301.69495,992.5315,4.8995748,17.56896,0.0,0.0
2023-12-12 01:00:00,16.79,304.50574,992.2843,4.9734607,17.132742,0.0,0.0
2023-12-12 02:00:00,17.64,306.7224,991.59467,4.6810436,17.96143,0.0,0.0
2023-12-12 03:00:00,18.45,308.195,990.56757,3.5925999,18.275469,0.0,0.0
2023-12-12 04:00:00,19.17,309.11664,989.805,2.469065,19.447723,0.0,0.0
2023-12-12 05:00:00,19.49,309.7079,988.85156,1.4979501,19.545414,0.0,0.0
2023-12-12 06:00:00,19.09,310.16772,988.03906,0.88176394,18.706127,0.0,0.0
2023-12-12 07:00:00,18.09,310.57574,987.1827,0.15933082,16.416082,0.0,0.0
2023-12-12 08:00:00,17.61,310.6207,986.8723,0.36594602,15.6562805,0.0,0.0
2023-12-12 09:00:00,17.61,310.4921,987.2866,0.90512115,15.294915,0.0,0.0
2023-12-12 10:00:00,17.8,309.9052,988.05664,1.7260267,15.954508,0.0,0.0
2023-12-12 11:00:00,17.84,307.97852,988.5709,2.4006035,22.400225,0.0,0.0
2023-12-12 12:00:00,17.7,305.8717,989.32874,2.824099,25.724161,0.0,0.0
2023-12-12 13:00:00,17.97,304.24472,989.601,3.1106842,26.23087,0.0,0.0
2023-12-12 14:00:00,18.34,302.88452,989.813,3.169808,26.394033,0.0,0.0
2023-12-12 15:00:00,18.91,301.5693,989.54517,2.9919398,27.602175,0.0,0.0
2023-12-12 16:00:00,19.28,300.6826,988.96515,3.06478,25.520157,0.0,0.0
2023-12-12 17:00:00,18.69,299.6552,988.66156,2.9393954,25.977436,0.0,0.0
2023-12-12 18:00:00,17.86,299.0111,988.61597,2.0577638,30.129349,0.0,0.0
2023-12-12 19:00:00,16.82,297.24457,989.40717,2.733894,44.302498,0.0,0.0
2023-12-12 20:00:00,16.43,296.40817,989.8245,2.9211721,47.392563,0.0,0.0
2023-12-12 21:00:00,15.34,295.89337,990.3055,2.9350212,51.604134,0.0,0.0
2023-12-12 22:00:00,14.85,296.82907,990.85767,2.5247731,51.69866,0.0,0.0
2023-12-12 23:00:00,13.72,301.4459,991.3823,2.708698,30.832275,0.0,0.0
2023-12-13 00:00:00,12.58,304.97025,991.4994,2.5004156,15.934469,0.0017106532,0.0
2023-12-13 01:00:00,13.28,307.88196,991.465,2.5567908,11.140032,0.0,0.0
2023-12-13 02:00:00,13.56,310.3251,990.9735,3.2308247,9.430313,0.0,0.0
2023-12-13 03:00:00,13.66,311.84003,990.1225,3.2669752,8.762208,0.0,0.0
2023-12-13 04:00:00,13.24,312.71146,989.4088,2.628682,9.615874,0.0,0.0
2023-12-13 05:00:00,14.02,313.31177,988.6213,1.9868813,9.938524,0.0,0.0
2023-12-13 06:00:00,14.42,313.70776,987.8911,1.432065,9.777121,0.0,0.0
2023-12-13 07:00:00,13.69,314.3416,986.90546,1.3033144,9.337577,0.0,0.0
2023-12-13 08:00:00,13.21,314.29816,986.4892,1.5602264,8.953149,0.0,0.0
2023-12-13 09:00:00,13.07,314.03592,987.08435,1.832396,8.707019,0.0,0.0
2023-12-13 10:00:00,12.76,313.27966,987.9852,2.3776844,8.847152,0.0,0.0
2023-12-13 11:00:00,12.76,311.6685,988.5691,3.1706772,9.709604,0.0,0.0
2023-12-13 12:00:00,12.99,309.93176,989.0433,3.6449034,10.52793,0.0,0.0
2023-12-13 13:00:00,13.78,308.4975,989.17065,3.982359,11.014781,0.0,0.0
2023-12-13 14:00:00,14.23,307.4311,989.307,4.0492597,11.276523,0.0,0.0
2023-12-13 15:00:00,14.73,306.26514,988.9941,3.7927723,11.616941,0.0,0.0
2023-12-13 16:00:00,15.11,304.89755,988.6764,3.0384245,12.426651,0.0,0.0
2023-12-13 17:00:00,14.86,303.1548,988.55615,1.7660087,16.325668,0.0,0.0
2023-12-13 18:00:00,14.63,301.51114,988.9441,2.0860536,18.563509,0.0,0.0
2023-12-13 19:00:00,14.82,299.94028,989.6916,4.1271276,26.309092,0.0,0.0
2023-12-13 20:00:00,14.27,298.9057,989.7693,4.130303,38.38548,0.0,0.0
2023-12-13 21:00:00,13.15,298.06256,990.1895,3.9039648,44.666744,0.0,0.0
2023-12-13 22:00:00,12.81,299.10132,990.9888,3.5141797,39.682774,0.0,0.0
2023-12-13 23:00:00,12.72,302.7308,991.5486,3.8837686,25.169096,0.0,0.0
2023-12-14 00:00:00,13.12,306.48322,991.6086,4.2007494,14.876177,0.0,0.0
2023-12-14 01:00:00,13.02,309.67737,991.58563,4.0872293,9.663024,0.0,0.0
2023-12-14 02:00:00,13.65,311.67776,990.80237,3.6661613,7.7029676,0.0,0.0
2023-12-14 03:00:00,14.35,313.62866,989.9786,3.599978,6.3945436,0.0,0.0
2023-12-14 04:00:00,14.7,314.89954,989.2072,3.503205,5.745763,0.0,0.0
2023-12-14 05:00:00,15.05,315.61026,988.2534,3.260792,5.7561035,0.0,0.0
2023-12-14 06:00:00,14.78,316.10065,987.4455,3.1674287,5.752372,0.0,0.0
2023-12-14 07:00:00,14.54,316.44965,986.2928,2.3575664,5.9876585,0.0,0.0
2023-12-14 08:00:00,14.33,316.32343,985.84467,2.3655028,6.0805354,0.0,0.0
2023-12-14 09:00:00,14.18,316.02576,985.83673,2.5983036,6.1632204,0.0,0.0
2023-12-14 10:00:00,13.87,314.89264,986.0442,3.0310616,6.514095,0.0,0.0
2023-12-14 11:00:00,13.34,312.71277,986.83124,3.917535,7.2391605,0.0,0.0
2023-12-14 12:00:00,13.54,311.00494,987.2724,4.29038,7.7621775,0.0,0.0
2023-12-14 13:00:00,14.09,309.62476,987.9648,4.1551423,8.317378,0.0,0.0
2023-12-14 14:00:00,14.51,308.5078,988.0222,3.6519916,8.8583,0.0,0.0
2023-12-14 15:00:00,14.43,307.03162,988.0673,2.2255647,10.215452,0.0,0.0
2023-12-14 16:00:00,14.69,305.6397,987.90735,3.0229042,11.144566,0.0,0.0
2023-12-14 17:00:00,15.29,303.7918,987.84143,4.3111973,16.976484,0.0,0.0
2023-12-14 18:00:00,15.99,302.37036,987.6011,5.2079844,27.662445,0.0,0.0
2023-12-14 19:00:00,16.36,301.6067,987.96344,4.6120577,29.0644,0.0,0.0
2023-12-14 20:00:00,16.52,301.04428,988.0839,4.806189,29.42479,0.0,0.0
2023-12-14 21:00:00,16.82,300.6786,988.1926,4.8842125,28.118229,0.0,0.0
2023-12-14 22:00:00,17.28,301.8366,989.0242,4.6055746,24.19903,0.0,0.0
2023-12-14 23:00:00,17.27,304.65527,989.4828,5.35852,18.427742,0.0,0.0
2023-12-15 00:00:00,18.41,307.21368,989.5606,5.9620485,15.323122,0.0,0.0
2023-12-15 01:00:00,18.16,309.8321,989.4787,5.8845925,13.082129,0.0,0.0
2023-12-15 02:00:00,17.91,312.40387,988.96423,5.2806883,10.22616,0.0,0.0
2023-12-15 03:00:00,17.22,314.52112,988.01794,4.033234,7.805799,0.0,0.0
2023-12-15 04:00:00,17.45,316.03934,987.15356,2.8208897,6.33784,0.0,0.0
2023-12-15 05:00:00,17.22,317.03323,986.0594,2.6158037,5.451842,0.0,0.0
2023-12-15 06:00:00,16.72,317.50543,985.238,2.286483,5.3200097,0.0,0.0
2023-12-15 07:00:00,16.2,318.2196,984.0042,3.099391,5.5608597,0.0,0.0
2023-12-15 08:00:00,15.75,318.01776,983.6019,3.1185348,5.7488074,0.0,0.0
2023-12-15 09:00:00,16.05,317.60074,983.47217,3.407804,5.9375577,0.0,0.0
2023-12-15 10:00:00,15.99,316.3874,984.10986,3.2761414,6.493534,0.0,0.0
2023-12-15 11:00:00,15.47,314.628,984.6292,3.941899,7.248578,0.0,0.0
2023-12-15 12:00:00,15.12,313.08954,985.33374,4.2715416,7.892769,0.0,0.0
2023-12-15 13:00:00,15.09,311.9204,985.4819,4.493443,8.34438,0.0,0.0
2023-12-15 14:00:00,15.62,310.7208,985.76843,4.4564385,8.610427,0.0,0.0
2023-12-15 15:00:00,16.41,309.33313,985.53986,3.27469,9.029147,0.0,0.0
2023-12-15 16:00:00,17.1,307.18707,985.5446,2.5339427,12.4681225,0.0,0.0
2023-12-15 17:00:00,16.97,305.1789,985.8386,3.6448636,21.426329,0.0,0.0
2023-12-15 18:00:00,17.07,303.6966,986.11554,4.5444055,34.815495,0.0,0.0
2023-12-15 19:00:00,18.81,303.10406,986.0185,3.990946,34.774563,0.0,0.0
2023-12-15 20:00:00,18.35,302.00778,986.8053,3.9061854,37.614685,0.0,0.0
2023-12-15 21:00:00,17.44,301.33588,987.1384,4.909747,40.22404,0.0,0.0
2023-12-15 22:00:00,18.02,301.84296,987.8399,5.387296,40.367462,0.0,0.0
2023-12-15 23:00:00,19.06,304.26996,988.16327,5.840657,34.077187,0.0,0.0
2023-12-16 00:00:00,22.22,306.77728,988.6075,4.3755617,26.792442,0.0017106532,0.0
2023-12-16 01:00:00,22.59,308.58917,988.8194,2.0041127,22.588766,0.0,0.0
2023-12-16 02:00:00,23.49,310.23273,988.77435,1.1458515,19.781961,0.0,0.0
2023-12-16 03:00:00,24.43,311.93292,987.83405,1.6564653,17.431343,0.0,0.0
2023-12-16 04:00:00,26.43,313.58813,987.1177,2.3328352,15.429423,0.0,0.0
2023-12-16 05:00:00,28.4,314.7539,986.0363,2.632765,13.971011,0.0,0.0
2023-12-16 06:00:00,29.64,315.48535,984.97217,2.45915,12.876262,0.0,0.0
2023-12-16 07:00:00,30.48,315.70197,984.6144,2.8673468,13.123068,0.0,0.0
2023-12-16 08:00:00,31.6,315.4263,984.5442,2.6871302,13.463892,0.0,0.0
2023-12-16 09:00:00,33.67,315.05115,984.53064,2.4682062,13.890017,0.0,0.0
2023-12-16 10:00:00,35.14,314.49457,985.35516,2.347633,14.682035,0.0,0.0
2023-12-16 11:00:00,36.1,313.57037,986.12573,2.8506277,17.210001,0.0,0.0
2023-12-16 12:00:00,37.15,312.1363,987.0878,5.061195,22.955015,0.0,0.0
2023-12-16 13:00:00,38.05,310.19742,987.7925,7.4163265,33.433006,0.0,0.0
2023-12-16 14:00:00,39.4,309.148,988.6067,6.49257,38.29265,0.0,0.0
2023-12-16 15:00:00,41.25,308.68958,988.87836,4.4060698,39.333725,0.0,0.0
2023-12-16 16:00:00,42.96,308.0905,988.77185,4.2267585,38.07194,0.0,0.0
2023-12-16 17:00:00,44.24,306.64514,988.5662,5.248566,40.84315,0.0,0.0
2023-12-16 18:00:00,45.74,305.0068,988.53955,5.744404,47.529377,0.0,0.0
2023-12-16 19:00:00,44.5,303.1773,988.9853,5.258568,59.881985,0.0,0.0
2023-12-16 20:00:00,44.34,302.41095,989.6346,4.8587303,62.16244,0.0,0.0
2023-12-16 21:00:00,43.62,301.77765,990.3386,4.0173726,63.142937,0.0,0.0
2023-12-16 22:00:00,42.14,301.92676,991.40533,4.323189,59.41832,0.0,0.0
2023-12-16 23:00:00,39.36,303.41193,991.5438,4.959855,48.91779,0.0,0.0
2023-12-17 00:00:00,36.15,305.6068,991.5084,5.262966,37.86353,0.0,0.0
2023-12-17 01:00:00,36.08,307.88544,990.99854,5.162782,29.198923,0.0,0.0
2023-12-17 02:00:00,35.19,310.06784,990.5778,4.8791933,22.820623,0.0,0.0
2023-12-17 03:00:00,34.18,311.94116,989.4196,4.754245,18.542658,0.0,0.0
2023-12-17 04:00:00,33.88,313.33377,988.3549,4.7235003,16.91305,0.0,0.0
2023-12-17 05:00:00,33.59,314.21606,987.4041,4.3029304,16.585342,0.0,0.0
2023-12-17 06:00:00,32.97,314.63428,986.7375,3.3701873,16.477055,0.0,0.0
2023-12-17 07:00:00,32.93,314.67572,986.1625,2.2770386,17.20408,0.0,0.0
2023-12-17 08:00:00,33.5,314.53604,985.8873,2.532459,17.423634,0.0,0.0
2023-12-17 09:00:00,35.09,314.25583,986.15765,2.8983662,17.598837,0.0,0.0
2023-12-17 10:00:00,36.01,313.68427,986.71295,3.2750137,17.794462,0.0,0.0
2023-12-17 11:00:00,36.02,313.04736,987.46936,3.2132094,18.055462,0.0,0.0
2023-12-17 12:00:00,36.57,312.56702,987.94116,3.0017936,18.335348,0.0,0.0
2023-12-17 13:00:00,37.57,311.85773,988.2024,3.038362,19.030975,0.0,0.0
2023-12-17 14:00:00,38.87,310.6709,988.681,5.847786,21.862803,0.0,0.0
2023-12-17 15:00:00,40.15,308.12732,988.7698,7.8268065,30.752615,0.0,0.0
2023-12-17 16:00:00,40.68,306.4483,988.79877,6.6146007,35.605877,0.0,0.0
2023-12-17 17:00:00,40.56,305.3684,988.4386,5.8770723,38.172497,0.0,0.0
2023-12-17 18:00:00,40.14,304.37915,988.5022,5.9912815,40.667435,0.0,0.0
2023-12-17 19:00:00,39.63,303.30707,988.8744,5.0216904,45.469967,0.0,0.0
2023-12-17 20:00:00,38.3,302.49695,989.23047,4.416383,48.075,0.0,0.0
2023-12-17 21:00:00,36.78,301.80786,990.37805,4.100228,50.63309,0.0,0.0
2023-12-17 22:00:00,36.11,301.87286,991.4663,4.248887,50.89959,0.0,0.0
2023-12-17 23:00:00,36.79,303.11246,991.8783,4.1814103,46.31459,0.0,0.0
2023-12-18 00:00:00,37.93,305.0017,991.8798,4.1073866,39.51723,0.0017106533,0.0
2023-12-18 01:00:00,38.1,307.27887,991.5589,4.194144,32.77166,0.0,0.0
2023-12-18 02:00:00,38.19,309.58075,991.0852,4.322731,27.073551,0.0,0.0
2023-12-18 03:00:00,38.12,311.68933,990.07904,4.3669715,22.857996,0.0,0.0
2023-12-18 04:00:00,37.76,313.3236,989.03204,4.2412972,20.468725,0.0,0.0
2023-12-18 05:00:00,37.51,314.4406,988.10333,3.964371,19.253311,0.0,0.0
2023-12-18 06:00:00,37.61,315.1289,987.2793,3.8440022,18.560072,0.0,0.0
2023-12-18 07:00:00,37.38,315.53955,987.0285,3.0727057,17.529655,0.0,0.0
2023-12-18 08:00:00,37.83,315.4281,986.7332,2.438005,17.541468,0.0,0.0
2023-12-18 09:00:00,38.75,315.1283,987.0045,2.1005101,17.724255,0.0,0.0
2023-12-18 10:00:00,38.87,314.6765,987.7603,2.7369733,18.199057,0.0,0.0
2023-12-18 11:00:00,39.19,313.97754,988.1234,3.4362438,19.216915,0.0,0.0
2023-12-18 12:00:00,39.64,313.04984,988.16034,4.1162486,20.579056,0.0,0.0
2023-12-18 13:00:00,39.87,312.40286,988.19,4.3191166,21.518072,0.0,0.0
2023-12-18 14:00:00,40.28,311.63342,988.2989,5.174476,22.847128,0.0,0.0
2023-12-18 15:00:00,41.28,309.61218,988.1166,8.053206,29.497194,0.0,0.0
2023-12-18 16:00:00,40.92,307.47052,987.84125,8.146288,35.207893,0.0,0.0
2023-12-18 17:00:00,39.85,306.3549,987.4917,7.273236,36.699192,0.0,0.0
2023-12-18 18:00:00,39.5,305.4665,987.4893,6.7288804,38.225452,0.0,0.0
2023-12-18 19:00:00,38.84,304.60254,988.14624,6.064097,40.096138,0.0,0.0
2023-12-18 20:00:00,38.65,303.65033,988.5969,5.6733932,42.81239,0.0,0.0
2023-12-18 21:00:00,38.56,302.9004,989.5522,5.214485,44.807045,0.0,0.0
2023-12-18 22:00:00,37.68,303.07196,990.575,5.367782,43.216396,0.0,0.0
2023-12-18 23:00:00,36.63,304.362,991.15607,5.650634,37.065525,0.0,0.0
2023-12-19 00:00:00,37.07,306.49414,991.28705,5.61552,29.885838,0.0017046927,0.0
2023-12-19 01:00:00,36.13,308.83804,991.20483,5.538389,24.167727,0.0,0.0
2023-12-19 02:00:00,33.93,311.15076,990.8636,6.0752974,20.014915,0.0,0.0
2023-12-19 03:00:00,31.46,313.27148,989.4082,6.4540925,16.95906,0.0,0.0
2023-12-19 04:00:00,30.47,315.2475,988.0076,6.503513,14.569499,0.0,0.0
2023-12-19 05:00:00,30.05,316.70868,986.6936,6.247069,13.102945,0.0,0.0
2023-12-19 06:00:00,28.93,317.65005,985.8985,5.873856,12.289539,0.0,0.0
2023-12-19 07:00:00,28.53,317.75537,984.933,5.966938,12.245299,0.0,0.0
2023-12-19 08:00:00,28.27,317.79535,984.29877,5.4061475,12.113253,0.0,0.0
2023-12-19 09:00:00,28.3,317.50797,984.4787,4.7019157,12.18157,0.0,0.0
2023-12-19 10:00:00,28.14,316.6043,984.9586,3.5395005,12.758246,0.0,0.0
2023-12-19 11:00:00,28.51,314.7681,985.288,4.070068,14.174609,0.0,0.0
2023-12-19 12:00:00,29.5,313.34357,985.9222,5.1298265,15.407811,0.0,0.0
2023-12-19 13:00:00,31.03,312.35846,986.116,6.0400634,16.332521,0.0,0.0
2023-12-19 14:00:00,32.2,311.6642,986.4116,6.5634522,17.061758,0.0,0.0
2023-12-19 15:00:00,33.38,309.44302,986.5574,7.9166174,25.189268,0.0,0.0
2023-12-19 16:00:00,35.09,306.87616,986.3421,8.433006,42.8569,0.0,0.0
2023-12-19 17:00:00,36.21,305.9446,986.02655,8.190892,45.328773,0.0,0.0
2023-12-19 18:00:00,36.52,305.11438,985.9286,8.074814,45.94369,0.0,0.0
2023-12-19 19:00:00,36.23,304.5158,986.5667,7.6711993,47.386215,0.0,0.0
2023-12-19 20:00:00,36.41,303.50995,986.7837,6.8425446,50.516014,0.0,0.0
2023-12-19 21:00:00,36.24,302.69592,987.70123,6.7066035,52.516735,0.0,0.0
2023-12-19 22:00:00,36.32,302.787,988.4925,6.7234564,51.452328,0.0,0.0
2023-12-19 23:00:00,35.74,304.29846,989.0563,7.5771694,44.91912,0.0,0.0
2023-12-20 00:00:00,35.18,306.58966,988.68024,7.6897225,37.365402,0.0,0.0
2023-12-20 01:00:00,35.66,309.18762,988.46716,7.3665133,30.710463,0.0,0.0
2023-12-20 02:00:00,36.45,311.71832,987.66156,6.850954,25.268286,0.0,0.0
2023-12-20 03:00:00,36.82,313.9749,986.6729,6.3532233,21.33773,0.0,0.0
2023-12-20 04:00:00,37.25,315.85013,985.7865,5.80025,18.692556,0.0,0.0
2023-12-20 05:00:00,37.69,317.23434,985.05853,4.9814587,16.702547,0.0,0.0
2023-12-20 06:00:00,37.4,318.05145,984.21155,3.2269,14.741008,0.0,0.0
2023-12-20 07:00:00,37.05,317.17352,984.17236,4.012165,16.37045,0.0,0.0
2023-12-20 08:00:00,37.22,316.80438,983.985,3.86728,16.802639,0.0,0.0
2023-12-20 09:00:00,38.31,316.41043,984.575,3.1021712,16.657194,0.0,0.0
2023-12-20 10:00:00,39.1,315.61462,985.3675,4.754763,17.70893,0.15190244,0.0
2023-12-20 11:00:00,41.22,314.25482,985.9127,5.12286,20.55241,0.0,0.0
2023-12-20 12:00:00,44.03,313.1366,987.0017,4.9284086,22.333904,0.0,0.0
2023-12-20 13:00:00,47.6,311.80344,987.6686,4.4751215,25.69844,0.0,0.0
2023-12-20 14:00:00,50.67,309.39722,988.8578,6.2515936,37.115723,0.0,0.02
2023-12-20 15:00:00,53.02,307.5194,989.6778,5.151804,44.9591,0.0,2.9899998
2023-12-20 16:00:00,55.49,306.19592,990.60565,1.4308155,49.67395,0.14065206,5.37
2023-12-20 17:00:00,56.09,305.96893,990.6261,1.6759497,50.561054,0.0,5.5699997
2023-12-20 18:00:00,56.16,305.45258,990.3965,2.5953147,52.92742,0.032767653,2.9499998
2023-12-20 19:00:00,53.42,303.54565,990.52704,5.7239556,57.02877,0.0,1.96
2023-12-20 20:00:00,50.73,303.28864,990.2461,5.333497,59.4255,0.0,1.27
2023-12-20 21:00:00,47.79,303.169,990.9032,5.3022885,61.18077,0.0,0.62
2023-12-20 22:00:00,44.41,303.5338,991.7653,5.250783,60.85275,0.0,0.22999999
2023-12-20 23:00:00,41.49,304.5929,992.1277,5.679965,57.965397,0.0,0.0
2023-12-21 00:00:00,38.08,306.3364,992.2787,5.5441885,52.9832,0.32574832,0.0
2023-12-21 01:00:00,37.6,308.24246,991.9423,4.822416,47.46494,0.0,0.0
2023-12-21 02:00:00,36.91,309.87335,991.49097,3.981747,42.568382,0.0,0.0
2023-12-21 03:00:00,36.4,311.33777,990.4454,3.3200233,37.924747,0.0,0.0
2023-12-21 04:00:00,35.82,312.6938,989.58795,2.863997,32.990013,0.0022053719,0.0
2023-12-21 05:00:00,36.19,313.81097,988.8591,2.5404394,28.902302,0.0017657876,0.0
2023-12-21 06:00:00,36.04,314.6206,988.0386,2.4828293,26.584105,0.0,0.0
2023-12-21 07:00:00,34.8,314.52252,987.368,1.568696,25.447437,0.0021234155,0.0
2023-12-21 08:00:00,33.47,314.70825,986.96643,1.7425708,24.079292,0.0,0.0
2023-12-21 09:00:00,33.24,314.58862,987.1675,1.7846847,23.385563,0.0,0.0
2023-12-21 10:00:00,34.26,314.11053,988.41486,2.4457774,22.661303,0.0,0.0
2023-12-21 11:00:00,34.6,312.75082,989.46606,1.9404693,24.157843,0.0,0.0
2023-12-21 12:00:00,35.43,311.34918,990.4764,4.5832376,28.765907,0.0,0.0
2023-12-21 13:00:00,37.73,309.17206,991.2851,5.9965277,37.638184,0.0,0.0
2023-12-21 14:00:00,39.11,307.9855,991.595,5.266501,42.924957,0.0,0.0
2023-12-21 15:00:00,39.48,307.43726,991.6755,5.068879,44.823353,0.0,0.0
2023-12-21 16:00:00,41.21,306.3593,991.4741,5.8515086,48.02801,0.0,0.0
2023-12-21 17:00:00,44.31,304.91858,991.4907,5.9889574,53.37081,0.0,0.0
2023-12-21 18:00:00,47.05,303.72867,991.66766,5.597878,58.846664,0.0,0.0
2023-12-21 19:00:00,46.41,303.20096,992.5664,5.0064473,60.394394,0.0,0.0
2023-12-21 20:00:00,44.22,302.62595,992.8127,4.5089693,63.808937,0.0,0.0
2023-12-21 21:00:00,41.73,302.24792,993.65826,3.725997,66.127304,0.0,0.0
2023-12-21 22:00:00,40.45,302.5119,994.6962,3.5823536,65.116,0.0,0.0
2023-12-21 23:00:00,40.05,303.69647,995.21826,3.5093043,59.774513,0.0,0.0
2023-12-22 00:00:00,42.76,305.51184,995.2136,3.3098493,52.682083,0.006556511,0.0
2023-12-22 01:00:00,42.77,307.50644,994.79297,3.3900466,46.09941,0.0,0.0
2023-12-22 02:00:00,43.36,309.3813,993.9797,3.2314584,40.58554,0.0,0.0
2023-12-22 03:00:00,43.85,311.0193,992.8303,2.8207743,36.015793,0.010356307,0.0
2023-12-22 04:00:00,43.16,312.34473,991.8308,2.2575035,31.838718,0.022314489,0.0
2023-12-22 05:00:00,41.67,313.47083,990.72034,2.1253932,28.36841,0.022344291,0.0
2023-12-22 06:00:00,39.34,314.32883,989.8984,2.2660127,25.83387,0.015430152,0.0
2023-12-22 07:00:00,37.21,315.0243,988.72705,1.9131508,22.197298,0.0,0.0
2023-12-22 08:00:00,35.48,314.92816,988.4913,2.203967,21.874762,0.0,0.0
2023-12-22 09:00:00,34.55,314.78937,988.60547,2.7961452,21.520567,0.0,0.0
2023-12-22 10:00:00,35.75,314.22858,989.4963,3.9816318,18.833612,0.0,0.0
2023-12-22 11:00:00,38.35,313.2294,990.2604,3.6324081,19.824827,0.0,0.0
2023-12-22 12:00:00,41.87,312.50787,990.6736,3.6871624,20.791178,0.0,0.0
2023-12-22 13:00:00,44.54,311.61005,990.8292,4.5049915,23.061659,0.0,0.0
2023-12-22 14:00:00,46.71,310.71832,990.9476,4.9640975,26.555601,0.0,0.0
2023-12-22 15:00:00,48.31,309.9009,990.715,5.57617,29.72747,0.0,0.0
2023-12-22 16:00:00,49.26,308.5647,990.3842,6.4013834,34.975796,0.0,0.0
2023-12-22 17:00:00,50.72,307.06122,990.27765,6.3021855,43.60264,0.0,0.0
2023-12-22 18:00:00,53.39,305.88412,990.21625,5.7037683,50.67799,0.0,0.0
2023-12-22 19:00:00,53.89,304.5014,991.3055,5.2920003,54.046364,0.0,0.0
2023-12-22 20:00:00,53.29,304.08545,991.66693,5.272197,55.90083,0.0,0.0
2023-12-22 21:00:00,52.95,303.82745,992.2381,5.014607,56.17768,0.0,0.099999994
2023-12-22 22:00:00,51.45,304.01318,993.15094,5.128512,53.88511,0.0042915344,0.0
2023-12-22 23:00:00,50.2,305.04575,993.7049,5.3788,47.454712,0.02104044,0.0
2023-12-23 00:00:00,49.46,306.97714,993.6853,5.2608967,39.53156,0.09663701,0.0
2023-12-23 01:00:00,49.77,308.94952,993.51935,5.522654,34.06506,0.0,0.0
2023-12-23 02:00:00,49.43,310.30792,992.6968,5.4752455,30.80209,0.0,0.0
2023-12-23 03:00:00,48.12,312.403,991.6353,5.3485017,26.88165,0.0,0.0
2023-12-23 04:00:00,46.44,313.9101,990.51654,5.1440806,23.952011,0.0030174851,0.0
2023-12-23 05:00:00,45.09,315.19116,989.3709,4.713171,21.089552,0.007517636,0.0
2023-12-23 06:00:00,43.68,315.7462,988.551,4.3794484,19.697527,0.010251999,0.0
2023-12-23 07:00:00,42.6,315.2235,987.8936,3.6847272,20.978376,0.0,0.0
2023-12-23 08:00:00,42.84,314.53815,987.5203,3.6693363,21.78451,0.0,0.0
2023-12-23 09:00:00,43.67,313.78162,987.61597,2.341329,22.867622,0.006824732,0.0
2023-12-23 10:00:00,45.54,313.4724,988.5639,1.3711039,23.078089,0.0039339066,0.0
2023-12-23 11:00:00,47.91,312.49243,989.4038,0.9440206,24.57744,0.0044912086,0.67999995
2023-12-23 12:00:00,49.81,310.31616,990.95593,6.30656,30.537636,0.051900744,1.09
2023-12-23 13:00:00,52.03,309.29187,991.3094,5.7480903,34.341812,0.00255357,0.45
2023-12-23 14:00:00,53.58,309.01486,991.44165,3.7979345,34.752186,0.0,0.0
2023-12-23 15:00:00,54.56,308.60443,990.6872,4.1542273,35.126747,0.0,0.0
2023-12-23 16:00:00,54.6,308.0581,990.1287,5.4414344,36.65729,0.0,0.0
2023-12-23 17:00:00,55.39,307.19604,989.87885,6.389376,41.042732,0.0,0.01
2023-12-23 18:00:00,55.85,306.19168,989.5797,6.395809,45.678085,0.0,0.65
2023-12-23 19:00:00,53.84,305.07373,991.7289,4.975293,48.011787,0.0119688045,0.28
2023-12-23 20:00:00,52.25,304.33197,992.13306,4.2990813,51.068054,0.003874302,0.0
2023-12-23 21:00:00,50.43,303.8089,992.5478,4.0432134,54.1699,0.0,0.0
2023-12-23 22:00:00,48.44,303.76636,993.4772,4.389335,55.9554,0.0,0.0
2023-12-23 23:00:00,46.25,304.66492,993.83124,4.1363416,52.527004,0.0,0.0
2023-12-24 00:00:00,40.3,306.3094,993.28217,3.5606773,45.99658,0.106316805,0.0
2023-12-24 01:00:00,39.75,308.77594,992.8094,2.7296166,37.3542,0.0,0.0
2023-12-24 02:00:00,39.22,310.59473,992.22174,2.2390347,31.430239,0.0,0.0
2023-12-24 03:00:00,39.55,312.16858,991.253,2.246557,27.124825,0.0,0.0
2023-12-24 04:00:00,40.75,313.3519,990.1867,1.9649312,24.579195,0.023826957,0.0
2023-12-24 05:00:00,42.48,314.41998,989.02423,1.8893683,22.585587,0.01977384,0.0
2023-12-24 06:00:00,43.28,315.15546,988.28143,2.3424928,20.814571,0.019736588,0.0
2023-12-24 07:00:00,43.09,316.16583,986.89935,2.625933,17.891533,0.003840032,0.0
2023-12-24 08:00:00,42.23,316.161,986.14905,2.889061,17.586176,0.002130866,0.0
2023-12-24 09:00:00,41.79,315.7667,986.1227,2.9421182,17.564701,0.0,0.0
2023-12-24 10:00:00,41.12,315.17383,986.8657,2.7967954,18.017664,0.0,0.0
2023-12-24 11:00:00,40.64,314.44028,987.4598,3.1015828,18.771519,0.0,0.0
2023-12-24 12:00:00,39.57,313.71063,988.6105,3.2028067,18.890013,0.0,0.0
2023-12-24 13:00:00,39.04,311.9177,989.3808,2.8528967,22.503244,0.0,0.0
2023-12-24 14:00:00,38.41,311.1423,989.37524,4.15887,24.394695,0.0,0.0
2023-12-24 15:00:00,38.8,308.95386,989.2834,6.6735725,34.59977,0.0,0.0
2023-12-24 16:00:00,40.98,306.75714,988.96344,7.7074656,48.423206,0.0,0.0
2023-12-24 17:00:00,42.71,305.7799,988.79584,8.0264225,53.846233,0.0,0.0
2023-12-24 18:00:00,44.05,305.34595,988.4638,7.462373,54.63211,0.0,0.0
2023-12-24 19:00:00,44.55,304.43735,989.03424,7.187851,58.28722,0.0,0.0
2023-12-24 20:00:00,45.09,304.02826,989.5739,6.8925247,57.175552,0.0,0.0
2023-12-24 21:00:00,45.76,303.48395,990.08765,6.1758966,58.183582,0.0,0.0
2023-12-24 22:00:00,46.31,303.52972,990.952,6.0076323,58.471565,0.0,0.0
2023-12-24 23:00:00,46.14,304.92432,991.5307,6.0604434,53.19283,0.0,0.0
2023-12-25 00:00:00,44.6,306.95737,991.62256,5.545792,46.076767,0.07017865,0.0
2023-12-25 01:00:00,44.5,309.09055,991.5005,5.341581,39.44381,0.0,0.0
2023-12-25 02:00:00,45.01,311.40884,990.7567,5.029999,32.726185,0.0,0.0
2023-12-25 03:00:00,44.2,313.49286,989.73236,4.2657948,26.132206,0.014565885,0.0
2023-12-25 04:00:00,42.87,314.97458,988.60657,3.4224823,22.031786,0.0034347177,0.0
2023-12-25 05:00:00,41.65,315.901,987.49414,2.8996322,19.561403,0.0,0.0
2023-12-25 06:00:00,41.0,316.3824,986.81244,2.9466813,17.756502,0.0,0.0
2023-12-25 07:00:00,40.67,316.32617,986.43634,1.8128759,17.099102,0.0,0.0
2023-12-25 08:00:00,40.9,316.13086,985.9011,2.053461,17.041414,0.0,0.0
2023-12-25 09:00:00,41.5,315.8526,985.8933,2.2755535,17.08704,0.0,0.0
2023-12-25 10:00:00,42.21,315.25305,986.2978,2.8255134,17.553122,0.0,0.0
2023-12-25 11:00:00,43.01,314.2126,987.9504,3.3177688,18.319695,0.0,0.0
2023-12-25 12:00:00,43.9,313.17328,989.12085,5.168237,19.62527,0.0051259995,0.0
2023-12-25 13:00:00,45.13,311.60553,989.5016,5.875278,22.675875,0.0,0.0
2023-12-25 14:00:00,46.75,310.99344,989.90875,5.3122973,24.16548,0.0,0.0
2023-12-25 15:00:00,47.62,310.1742,989.7653,4.7857594,26.7142,0.0,0.0
2023-12-25 16:00:00,47.17,309.36087,989.312,4.7024407,29.8858,0.0,0.0
2023-12-25 17:00:00,45.99,308.4795,988.58795,5.530139,34.489803,0.0,0.0
2023-12-25 18:00:00,46.5,307.23108,988.28827,6.5182524,41.557884,0.0,0.0
2023-12-25 19:00:00,47.23,305.6043,988.8301,6.097716,48.39465,0.0,0.0
2023-12-25 20:00:00,46.85,304.82745,989.5097,5.5918317,51.231544,0.0,0.0
2023-12-25 21:00:00,45.91,304.15106,990.0888,5.107672,53.43039,0.0,0.0
2023-12-25 22:00:00,45.07,304.19925,991.0989,5.2101235,52.80956,0.0,0.0
2023-12-25 23:00:00,44.45,305.57788,991.67346,5.5877733,47.03242,0.0,0.0
2023-12-26 00:00:00,45.22,307.54248,991.70197,5.5667977,40.17199,0.024217367,0.0
2023-12-26 01:00:00,45.16,309.69293,991.808,5.5049314,33.90837,0.0,0.0
2023-12-26 02:00:00,44.92,311.92316,991.32904,5.362022,28.414959,0.0,0.0
2023-12-26 03:00:00,43.46,313.86407,990.34875,5.198783,24.068619,0.0,0.0
2023-12-26 04:00:00,42.21,315.41794,989.37994,4.6386375,20.580835,0.0,0.0
2023-12-26 05:00:00,41.0,316.13492,988.5217,3.3211594,18.23799,0.0,0.0
2023-12-26 06:00:00,39.6,316.16925,987.79736,2.5366492,17.552296,0.0,0.0
2023-12-26 07:00:00,39.26,316.02722,987.2475,2.026578,17.595785,0.0,0.0
2023-12-26 08:00:00,39.32,316.1099,987.04706,1.7148944,17.314651,0.0,0.0
2023-12-26 09:00:00,40.09,315.71613,986.7272,1.3953094,17.433006,0.0,0.0
2023-12-26 10:00:00,40.75,315.3108,987.5768,1.9692965,17.714159,0.0,0.0
2023-12-26 11:00:00,41.47,314.36096,988.7145,1.6140145,19.31638,0.0,0.0
2023-12-26 12:00:00,42.39,314.4727,989.98,0.11502266,18.62848,0.0,0.0
2023-12-26 13:00:00,44.01,312.69525,990.91284,2.111441,21.018768,0.0,0.52
2023-12-26 14:00:00,45.76,311.51825,990.6122,3.0264597,23.655893,0.0,0.0
2023-12-26 15:00:00,46.66,310.49463,990.21643,2.357722,25.668413,0.0,0.0
2023-12-26 16:00:00,48.14,309.5941,989.9217,3.3936722,27.551758,0.0,0.0
2023-12-26 17:00:00,50.68,308.31326,989.7596,5.643486,35.812984,0.0,0.26999998
2023-12-26 18:00:00,53.45,306.69894,989.637,5.8969707,48.27802,0.0,0.93999994
2023-12-26 19:00:00,54.1,304.62625,991.16,5.681363,61.64682,0.0,0.38
2023-12-26 20:00:00,53.72,303.99918,991.6995,5.9080276,65.02244,0.0,0.24000001
2023-12-26 21:00:00,52.97,303.32928,992.45984,5.739035,67.87225,0.0,0.0
2023-12-26 22:00:00,51.02,303.21906,993.32697,5.416938,67.51013,0.0,0.03
2023-12-26 23:00:00,48.98,304.43118,993.92096,5.006638,61.021328,0.0,0.01
2023-12-27 00:00:00,47.01,306.19998,993.8894,4.552584,52.147354,0.005590915,0.0
2023-12-27 01:00:00,47.11,308.2345,993.8013,4.152148,43.84459,0.0,0.0
2023-12-27 02:00:00,46.9,310.38928,993.1372,3.8079739,36.4673,0.0,0.0
2023-12-27 03:00:00,45.32,312.50946,992.02966,3.6464813,30.290216,0.0,0.0
2023-12-27 04:00:00,44.94,314.33078,991.0786,3.2294478,24.981316,0.012747943,0.0
2023-12-27 05:00:00,44.91,315.1736,990.2597,2.7799232,22.299015,0.015877187,0.0
2023-12-27 06:00:00,44.95,315.87592,989.3778,2.3441648,20.391508,0.0096187,0.0
2023-12-27 07:00:00,44.47,315.32355,989.3886,2.774598,19.732754,0.00988692,0.0
2023-12-27 08:00:00,45.26,313.9308,989.7166,3.9435096,22.459347,0.027544796,0.0
2023-12-27 09:00:00,45.45,312.54718,989.7519,2.5545938,24.419552,0.0,0.0
2023-12-27 10:00:00,45.08,312.75354,990.1858,2.6756876,23.91321,0.0,0.0
2023-12-27 11:00:00,45.49,312.03174,991.3594,4.92528,26.183834,0.0,0.0
2023-12-27 12:00:00,45.37,310.37543,992.3987,5.100207,32.32705,0.0,0.0
2023-12-27 13:00:00,46.46,309.44653,992.9305,4.5251336,35.48072,0.0,0.0
2023-12-27 14:00:00,48.0,308.70056,992.95764,4.127176,37.59034,0.0,0.0
2023-12-27 15:00:00,50.11,308.09055,992.8644,4.6093087,39.871586,0.0021457672,0.16
2023-12-27 16:00:00,51.36,307.41968,992.0795,4.1798253,42.745678,0.0,0.0
2023-12-27 17:00:00,51.85,306.83936,991.96436,3.5544338,45.152466,0.0,0.0
2023-12-27 18:00:00,53.56,306.35986,992.0712,3.5843878,47.377926,0.0,0.0
2023-12-27 19:00:00,54.92,304.6304,992.1316,4.5233226,59.652912,0.039640073,0.0
2023-12-27 20:00:00,55.15,304.14752,992.38477,4.46706,62.597244,0.0,0.0
2023-12-27 21:00:00,55.09,303.81824,993.14954,4.37446,64.76919,0.0,0.0
2023-12-27 22:00:00,55.32,303.8641,994.0845,4.746266,65.041214,0.0,0.04
2023-12-27 23:00:00,55.13,304.77567,994.60376,4.6981616,61.104755,0.0,0.02
2023-12-28 00:00:00,54.17,306.6371,994.72876,4.016509,53.550606,0.118780136,0.0
2023-12-28 01:00:00,54.02,308.45825,994.7942,3.2565503,47.053394,0.0,0.0
2023-12-28 02:00:00,53.59,310.00894,994.3116,2.7980564,41.72256,0.00885129,0.0
2023-12-28 03:00:00,52.59,311.51086,993.42267,2.718112,36.727913,0.013902783,0.0
2023-12-28 04:00:00,52.18,312.65796,992.6105,2.9346821,33.163376,0.04377216,0.0
2023-12-28 05:00:00,51.59,313.1438,991.98456,3.2359784,32.055904,0.14478713,0.0
2023-12-28 06:00:00,50.55,313.02628,991.34717,4.1214113,32.740707,0.12895465,0.0
2023-12-28 07:00:00,49.98,315.4557,989.9803,2.8530488,23.278833,0.0029951334,0.0
2023-12-28 08:00:00,50.85,311.6592,990.2545,1.8414148,30.724058,0.3132373,0.0
2023-12-28 09:00:00,51.9,311.8826,990.32056,0.81645703,30.486992,0.0064969063,0.8
2023-12-28 10:00:00,53.29,311.64294,991.66986,3.5404975,29.786018,0.32149255,1.73
2023-12-28 11:00:00,53.66,308.1784,992.9736,5.3295827,40.1633,0.42419136,2.34
2023-12-28 12:00:00,54.83,307.97333,992.8739,4.238399,41.386505,0.0,0.28
2023-12-28 13:00:00,54.93,307.8493,992.9897,3.7823906,42.90839,0.0,0.0
2023-12-28 14:00:00,54.12,307.33438,993.1848,3.1414306,45.63387,0.0,0.0
2023-12-28 15:00:00,52.39,306.831,992.66486,2.7046933,48.192055,0.0,0.0
2023-12-28 16:00:00,51.44,306.38397,991.9743,2.8202558,49.978535,0.0,0.0
2023-12-28 17:00:00,51.03,305.9121,991.53687,3.4937565,51.110065,0.0,0.0
2023-12-28 18:00:00,49.85,305.54462,991.18726,4.439131,51.70693,0.0,0.0
2023-12-28 19:00:00,49.38,304.95557,991.48486,3.7130942,53.709705,0.0,0.0
2023-12-28 20:00:00,49.01,304.49924,991.6786,3.4032567,55.229282,0.0,0.0
2023-12-28 21:00:00,48.61,304.0011,992.42834,2.966171,57.22913,0.0,0.0
2023-12-28 22:00:00,47.86,304.2074,993.3067,3.0551798,57.08558,0.0,0.0
2023-12-28 23:00:00,47.45,305.38037,994.0778,3.7548552,53.24568,0.0,0.0
2023-12-29 00:00:00,48.81,307.37408,994.094,3.692882,45.545845,1.4086962,0.0
2023-12-29 01:00:00,49.17,309.46173,994.02203,3.6853805,37.572063,0.0,0.0
2023-12-29 02:00:00,49.4,311.56052,993.40515,3.767261,30.719454,0.0,0.0
2023-12-29 03:00:00,49.04,313.3379,992.58185,3.7383053,25.950483,0.0,0.0
2023-12-29 04:00:00,47.6,314.71762,991.54706,3.519116,22.680424,0.0,0.0
2023-12-29 05:00:00,45.97,315.5434,990.6856,2.5077004,20.138407,0.0,0.0
2023-12-29 06:00:00,44.35,315.56186,990.28015,1.2425033,19.05817,0.0,0.0
2023-12-29 07:00:00,43.27,316.61905,988.7317,2.7712414,16.824167,0.0,0.0
2023-12-29 08:00:00,42.83,316.72372,988.295,2.3715122,16.156773,0.0,0.0
2023-12-29 09:00:00,41.92,316.29926,988.3511,1.8317518,15.970497,0.0012814999,0.0
2023-12-29 10:00:00,40.78,315.6339,989.48,0.16324975,16.399666,0.0,0.0
2023-12-29 11:00:00,40.52,314.41098,990.2735,3.8249316,19.970095,0.0,0.0
2023-12-29 12:00:00,41.14,308.92694,991.7202,8.266368,40.730846,0.0,0.0
2023-12-29 13:00:00,42.04,306.06396,992.0602,6.6435876,53.43303,0.0,0.0
2023-12-29 14:00:00,41.72,306.0391,992.4956,5.951718,53.00805,0.0,0.0
2023-12-29 15:00:00,41.88,305.76147,992.21423,5.698004,53.800247,0.0,0.049999997
2023-12-29 16:00:00,41.05,305.6352,991.66815,4.8850365,54.131474,0.0,0.0
2023-12-29 17:00:00,40.99,305.3828,991.26624,4.302286,55.048985,0.0,0.0
2023-12-29 18:00:00,40.94,305.03973,990.97986,3.6803255,55.941124,0.0,0.0
2023-12-29 19:00:00,40.13,304.22998,991.1869,4.5078363,51.89778,0.0,0.0
2023-12-29 20:00:00,40.07,303.87244,991.72955,2.7608001,51.115616,0.0,0.0
2023-12-29 21:00:00,41.48,303.3559,992.96967,2.3621247,53.15523,0.0,0.0
2023-12-29 22:00:00,42.5,303.77667,993.7559,3.171699,52.097404,0.0,0.0
2023-12-29 23:00:00,42.24,305.23236,994.04724,3.6348953,45.04612,0.0,0.0
2023-12-30 00:00:00,42.62,307.21033,993.8669,3.4879851,37.385838,0.003892183,0.0
2023-12-30 01:00:00,42.34,309.39194,993.7333,3.0836844,30.567682,0.0,0.0
2023-12-30 02:00:00,42.17,311.6407,993.04553,2.5945158,25.172037,0.0,0.0
2023-12-30 03:00:00,41.82,313.57416,992.0811,2.248251,21.596237,0.0,0.0
2023-12-30 04:00:00,41.54,315.094,990.8917,1.9299892,19.354994,0.0,0.0
2023-12-30 05:00:00,41.1,315.85132,989.57245,0.5103754,18.123337,0.0,0.0
2023-12-30 06:00:00,40.75,315.9876,988.97424,0.33286366,17.96989,0.0,0.0
2023-12-30 07:00:00,40.06,316.7854,987.7611,1.375266,18.207926,0.0,0.0
2023-12-30 08:00:00,39.17,316.97858,987.16174,1.6471404,17.814022,0.0,0.0
2023-12-30 09:00:00,38.13,316.9021,986.9788,1.8179544,17.620031,0.0,0.0
2023-12-30 10:00:00,38.55,316.41852,987.20154,2.3356898,17.939564,0.0021234155,0.0
2023-12-30 11:00:00,40.01,315.5733,988.29724,2.2184567,19.032196,0.0,0.0
2023-12-30 12:00:00,41.29,314.13422,989.37506,0.96324563,21.132149,0.004544854,0.0
2023-12-30 13:00:00,41.3,313.04498,990.4384,1.9438293,23.539665,0.025331974,0.0
2023-12-30 14:00:00,40.64,311.9544,991.065,3.3118224,25.85189,0.0,0.0
2023-12-30 15:00:00,40.84,311.03607,991.2319,2.8541324,27.722588,0.0,0.13
2023-12-30 16:00:00,43.09,310.08014,991.3049,4.0162225,29.559534,0.0,0.53
2023-12-30 17:00:00,45.04,308.39008,991.14453,5.685787,34.642933,0.0,0.29
2023-12-30 18:00:00,45.56,306.70215,991.15985,5.7373123,40.39918,0.0,0.0
2023-12-30 19:00:00,45.42,305.36868,991.291,4.9895134,44.741978,0.0,0.0
2023-12-30 20:00:00,45.17,304.8949,991.5888,4.8340635,46.7071,0.0,0.0
2023-12-30 21:00:00,44.94,304.50443,991.81976,4.587153,48.48243,0.0,0.02
2023-12-30 22:00:00,44.66,304.58362,993.1407,4.767297,49.04954,0.0,0.03
2023-12-30 23:00:00,45.05,305.65906,993.84265,5.304828,45.553284,0.0,0.0
2023-12-31 00:00:00,45.69,307.34528,994.2477,5.0465856,39.690327,0.03285706,0.0
2023-12-31 01:00:00,46.69,309.1975,994.045,4.660224,34.099995,0.0,0.0
2023-12-31 02:00:00,47.68,311.73694,993.5588,4.4696455,28.145487,0.0,0.0
2023-12-31 03:00:00,47.43,313.8689,992.498,4.2324433,24.044025,0.0,0.0
2023-12-31 04:00:00,46.85,315.22916,991.4119,3.5991411,21.640024,0.008583069,0.0
2023-12-31 05:00:00,46.1,316.0907,990.34735,2.9783719,20.091461,0.0021904707,0.0
2023-12-31 06:00:00,45.04,316.40894,989.5714,2.036926,18.961903,0.0,0.0
2023-12-31 07:00:00,44.47,315.4397,989.4369,1.8489478,21.051273,0.0065416098,0.0
2023-12-31 08:00:00,44.33,315.06958,988.96075,1.8096358,21.300646,0.004723668,0.0
2023-12-31 09:00:00,44.01,314.76984,989.113,1.2884704,21.572435,0.0030249357,0.0
2023-12-31 10:00:00,44.32,314.6958,989.3325,1.8406831,21.63591,0.0,0.0
2023-12-31 11:00:00,44.47,313.84433,990.31366,3.0834272,23.291904,0.0,0.0
2023-12-31 12:00:00,45.13,312.59595,991.3714,2.5071836,26.10115,0.0,0.04
2023-12-31 13:00:00,45.49,311.7212,991.93524,2.4102917,28.390491,0.014334919,0.0
2023-12-31 14:00:00,45.89,310.71912,992.3125,2.7746115,30.67672,0.03321469,0.0
2023-12-31 15:00:00,47.47,310.1634,991.9969,2.5224519,32.010075,0.0,0.0
2023-12-31 16:00:00,49.64,309.6074,991.56464,2.8570821,32.872494,0.0,0.0
2023-12-31 17:00:00,50.03,308.96082,991.33936,3.4475152,33.517708,0.0,0.0
2023-12-31 18:00:00,49.66,308.38776,991.0264,4.432589,34.284843,0.0,0.0
2023-12-31 19:00:00,49.6,305.9673,992.15063,2.1165717,48.460327,0.01488626,0.0
2023-12-31 20:00:00,48.5,305.80582,993.10956,2.1208544,48.744194,0.0027269125,0.0
2023-12-31 21:00:00,48.48,305.67792,993.87286,1.2491269,48.839973,0.0,0.0
2023-12-31 22:00:00,48.12,305.83865,994.5274,2.0758457,48.08572,0.0,0.0
2023-12-31 23:00:00,48.15,306.6645,994.8038,3.6169052,45.094658,0.0,0.0
2024-01-01 00:00:00,48.33,307.8395,994.79,3.7069154,41.603626,0.09196401,0.0
2024-01-01 01:00:00,47.88,309.31982,994.08765,3.5169635,36.594784,0.0,0.0
2024-01-01 02:00:00,46.53,311.12402,993.2075,2.855132,30.652628,0.0,0.0
2024-01-01 03:00:00,46.68,312.90515,992.21405,2.387576,26.37308,0.0,0.0
2024-01-01 04:00:00,47.52,314.18665,991.09064,2.6721432,23.44365,0.015240163,0.0
2024-01-01 05:00:00,47.99,315.24103,990.14844,3.1288862,21.234068,0.013098121,0.0
2024-01-01 06:00:00,49.02,316.05176,989.39514,3.5060885,19.629631,0.006046146,0.0
2024-01-01 07:00:00,49.76,310.72668,990.52515,5.840233,35.406956,0.009410083,0.45999998
2024-01-01 08:00:00,50.38,311.38202,990.2739,4.426948,31.646097,0.0,0.95
2024-01-01 09:00:00,51.02,311.39716,990.3964,3.3119254,30.221241,0.0,0.58
2024-01-01 10:00:00,50.01,311.21307,990.7955,2.4701815,29.708904,0.0,0.06
2024-01-01 11:00:00,48.63,310.79184,991.61414,1.3970004,30.252434,0.0,0.0
2024-01-01 12:00:00,48.53,309.97174,992.5997,2.8516653,32.3403,0.023837391,0.0
2024-01-01 13:00:00,49.76,309.35306,992.2185,2.8289254,34.42149,0.0,0.0
2024-01-01 14:00:00,49.56,308.72226,991.94,2.8293085,36.856762,0.0,0.0
2024-01-01 15:00:00,48.54,308.13867,991.0639,2.6808653,39.29012,0.0,0.0
2024-01-01 16:00:00,48.35,307.76318,990.28314,2.9885728,41.078247,0.0025331974,0.0
2024-01-01 17:00:00,48.89,307.18042,989.4947,3.7042565,43.014393,0.0,0.0
2024-01-01 18:00:00,49.59,306.757,989.2289,4.090341,44.37543,0.0,0.0
2024-01-01 19:00:00,48.51,306.16217,989.8377,4.3537183,48.847843,0.0,0.0
2024-01-01 20:00:00,47.92,305.80264,990.13135,4.6153927,48.39979,0.0,0.0
2024-01-01 21:00:00,46.98,305.38965,990.78955,4.6742153,47.683,0.0,0.0
2024-01-01 22:00:00,46.12,305.3672,991.3014,5.069528,46.1232,0.0,0.0
2024-01-01 23:00:00,45.7,306.77966,991.66296,6.2549787,39.858086,0.0,0.0
2024-01-02 00:00:00,45.4,308.64154,991.7403,6.700596,34.804737,0.070142746,0.0
2024-01-02 01:00:00,46.09,310.4092,991.4003,6.7660866,32.26183,0.0,0.0
2024-01-02 02:00:00,46.4,312.16837,990.9988,6.6938853,29.896727,0.0,0.0
2024-01-02 03:00:00,46.03,313.54803,989.9364,6.562277,27.724243,0.011157244,0.0
2024-01-02 04:00:00,45.42,314.7084,989.03815,6.268679,25.343128,0.0048987567,0.0
2024-01-02 05:00:00,44.63,315.1629,988.1209,5.251632,23.505453,0.0,0.0
2024-01-02 06:00:00,43.71,315.3521,987.7128,4.502103,22.949905,0.0031888485,0.0
2024-01-02 07:00:00,42.91,315.63803,986.5552,3.7578442,19.941082,0.0,0.0
2024-01-02 08:00:00,42.08,315.8128,985.639,3.3164167,19.457973,0.0,0.0
2024-01-02 09:00:00,41.27,315.3343,985.81714,3.4543583,19.93954,0.0,0.0
2024-01-02 10:00:00,41.03,314.2196,987.08044,6.4152927,22.031889,0.0036239617,0.0
2024-01-02 11:00:00,41.09,311.16315,988.8231,7.409879,28.164291,0.33941865,0.0
2024-01-02 12:00:00,41.73,310.079,989.4252,4.9684706,30.32983,0.0,0.0
2024-01-02 13:00:00,43.66,309.30777,989.9263,3.6698217,32.640472,0.0,0.0
2024-01-02 14:00:00,46.14,308.6364,990.46234,3.3668625,35.118786,0.0,0.0
2024-01-02 15:00:00,47.9,307.97018,990.1923,3.4804363,37.58331,0.0,0.0
2024-01-02 16:00:00,47.38,307.30618,989.77594,4.4278445,40.512432,0.0,0.0
2024-01-02 17:00:00,45.68,306.41306,989.57544,5.7710657,46.06124,0.0,0.0
2024-01-02 18:00:00,43.87,305.30048,989.41034,5.8284497,52.37155,0.0,0.0
2024-01-02 19:00:00,42.77,304.15643,989.32404,5.773467,58.185905,0.0,0.0
2024-01-02 20:00:00,42.98,303.65488,989.79565,5.2238355,60.69778,0.0,0.0
2024-01-02 21:00:00,43.86,303.21286,990.5986,4.768452,63.407272,0.0,0.0
2024-01-02 22:00:00,43.34,303.39172,991.52783,5.108701,63.35181,0.0,0.0
2024-01-02 23:00:00,43.04,304.7942,992.14935,5.499602,56.55062,0.0,0.0
2024-01-03 00:00:00,43.95,306.90656,992.31104,5.368691,46.62292,0.3640294,0.0
2024-01-03 01:00:00,44.22,309.15878,992.2381,5.640594,37.82571,0.0,0.0
2024-01-03 02:00:00,45.53,311.2878,991.4536,6.120861,31.884617,0.0,0.0
2024-01-03 03:00:00,46.41,312.83127,990.46466,6.2855663,28.437992,0.021122396,0.0
2024-01-03 04:00:00,46.45,313.96826,989.5925,6.1284165,26.230213,0.02270937,0.0
2024-01-03 05:00:00,46.5,314.82434,988.633,5.8532205,24.729362,0.016346574,0.0
2024-01-03 06:00:00,46.25,315.42212,987.743,5.786012,23.638456,0.017695129,0.0
2024-01-03 07:00:00,45.53,314.08856,987.9381,3.6509402,24.028696,0.0,0.0
2024-01-03 08:00:00,45.95,313.59375,987.66266,4.248102,24.35295,0.0,0.0
2024-01-03 09:00:00,46.47,311.7624,988.3764,5.9600244,28.46317,0.30527264,0.03
2024-01-03 10:00:00,47.27,310.6471,988.74805,5.183106,31.20291,0.0,0.0
2024-01-03 11:00:00,47.88,310.032,989.74866,4.7709365,33.027287,0.0,0.0
2024-01-03 12:00:00,47.64,309.3634,990.7586,4.4009824,34.312542,0.0,0.0
2024-01-03 13:00:00,48.08,308.5066,991.8889,4.142241,36.143265,0.016272068,0.0
2024-01-03 14:00:00,48.67,307.40213,992.687,5.1452727,40.052364,0.0,0.0
2024-01-03 15:00:00,50.37,306.1472,992.6189,5.717124,45.792114,0.0,0.0
2024-01-03 16:00:00,51.55,305.20508,992.1925,5.5435543,49.906643,0.0,0.0
2024-01-03 17:00:00,51.57,304.62372,991.627,4.767222,52.494198,0.0,0.0
2024-01-03 18:00:00,52.25,304.25232,991.5181,4.020727,54.262363,0.0,0.0
2024-01-03 19:00:00,51.5,304.04724,991.9811,4.673948,58.550827,0.0,0.06
2024-01-03 20:00:00,49.67,303.39648,992.0097,4.3425736,63.000168,0.0,0.2
2024-01-03 21:00:00,47.39,302.88568,992.6898,4.3647637,66.5885,0.0,0.19
2024-01-03 22:00:00,46.63,302.78232,993.7775,4.7128463,68.209854,0.0,0.0
2024-01-03 23:00:00,46.76,303.60657,994.5569,4.7409863,64.11426,0.0,0.0
2024-01-04 00:00:00,49.9,305.2113,994.58234,4.4106374,55.695885,0.4019916,0.0
2024-01-04 01:00:00,49.6,307.07507,994.6069,4.250898,47.633522,0.0,0.0
2024-01-04 02:00:00,49.57,308.85388,994.21625,4.550204,41.073742,0.011995435,0.0
2024-01-04 03:00:00,49.49,310.2372,993.32263,4.026197,35.852932,0.034309924,0.0
2024-01-04 04:00:00,49.0,311.56598,992.38806,3.4734035,31.798279,0.032953918,0.0
2024-01-04 05:00:00,47.58,312.5185,991.4462,3.1403255,29.042963,0.023558736,0.0
2024-01-04 06:00:00,45.95,313.21533,990.59235,2.812842,26.801771,0.018574297,0.0
2024-01-04 07:00:00,45.11,313.89398,989.46985,3.030288,23.545961,0.0,0.0
2024-01-04 08:00:00,43.37,313.7265,989.0878,2.5465994,22.502705,0.0,0.0
2024-01-04 09:00:00,42.27,313.40326,989.08905,2.5259726,21.931372,0.0,0.0
2024-01-04 10:00:00,41.82,312.97235,989.34467,1.5443555,21.73295,0.0,0.0
2024-01-04 11:00:00,42.05,312.39993,990.30054,1.14962,22.098415,0.0,0.0
2024-01-04 12:00:00,42.22,311.86035,990.94836,2.566683,23.353752,0.0,0.0
2024-01-04 13:00:00,42.99,310.76572,991.4241,4.595904,26.48431,0.0,0.0
2024-01-04 14:00:00,43.96,308.76636,991.96655,6.160247,34.907455,0.0,0.0
2024-01-04 15:00:00,44.34,306.9602,991.7571,5.962906,44.277073,0.0,0.0
2024-01-04 16:00:00,44.8,306.0647,991.4511,4.9431257,48.346203,0.0,0.0
2024-01-04 17:00:00,45.41,305.64194,991.1613,4.6628942,49.73813,0.0,0.0
2024-01-04 18:00:00,46.06,305.39636,991.41766,4.401005,50.002903,0.0,0.0
2024-01-04 19:00:00,45.58,302.84552,992.7472,4.712681,66.10053,0.0,0.0
2024-01-04 20:00:00,45.6,302.58475,992.92065,4.257467,66.649765,0.0,0.0
2024-01-04 21:00:00,45.11,302.3321,993.8232,4.2286644,67.154175,0.0,0.0
2024-01-04 22:00:00,44.29,302.39755,994.4751,4.284018,66.1281,0.0,0.0
2024-01-04 23:00:00,43.59,303.66748,994.95483,4.350371,60.519474,0.0,0.0
2024-01-05 00:00:00,43.98,305.6599,994.7138,4.254149,53.13307,0.122755766,0.0
2024-01-05 01:00:00,44.1,307.72577,994.3686,4.2150335,46.417995,0.0,0.0
2024-01-05 02:00:00,43.73,309.5027,993.5799,3.9710288,41.013073,0.014998019,0.0
2024-01-05 03:00:00,43.36,311.01025,992.6252,3.6106446,36.50504,0.015407801,0.0
2024-01-05 04:00:00,43.66,312.43658,991.6174,3.1894252,32.915607,0.0,0.0
2024-01-05 05:00:00,44.28,313.00085,990.502,2.4777446,31.002415,0.0,0.0
2024-01-05 06:00:00,44.32,313.4444,989.96,1.8056494,28.598425,0.018037856,0.0
2024-01-05 07:00:00,43.75,314.62112,988.8642,2.186016,24.372152,0.021509826,0.0
2024-01-05 08:00:00,43.16,314.236,988.0907,1.2638606,24.440992,0.13966858,0.0
2024-01-05 09:00:00,42.67,314.17377,988.4409,0.68053627,23.947481,0.007711351,0.0
2024-01-05 10:00:00,42.86,312.45355,989.72437,4.3681345,27.198814,0.46688318,0.0
2024-01-05 11:00:00,43.91,308.3026,991.88,5.1540513,40.52032,1.7424748,0.0
2024-01-05 12:00:00,45.27,307.70477,992.25903,4.2661357,43.556293,0.060528517,0.0
2024-01-05 13:00:00,47.58,307.0047,992.5275,5.3636556,46.966057,0.023260713,0.0
2024-01-05 14:00:00,49.49,306.0671,992.5658,6.2136054,50.136955,0.0,0.22
2024-01-05 15:00:00,50.77,305.13562,992.09576,5.0061464,53.273537,0.0,0.53
2024-01-05 16:00:00,51.47,304.5002,991.48126,3.6904206,55.70719,0.0,0.55
2024-01-05 17:00:00,51.24,304.11926,991.5282,3.212315,57.6675,0.0,0.049999997
2024-01-05 18:00:00,50.28,303.92154,991.58044,3.5475903,58.57099,0.0,0.19999999
2024-01-05 19:00:00,49.32,302.36078,992.02515,4.157043,65.06897,0.0,0.06
2024-01-05 20:00:00,48.6,302.07135,992.65643,3.6570375,67.83926,0.0,0.0
2024-01-05 21:00:00,49.49,301.85052,993.5041,3.6378224,69.810394,0.0,0.0
2024-01-05 22:00:00,50.65,301.99847,993.96906,4.483636,69.819496,0.0,0.14
2024-01-05 23:00:00,52.25,303.09283,994.29376,5.2310166,65.66029,0.0,0.07
2024-01-06 00:00:00,53.11,304.88464,994.145,4.843242,58.00463,2.5105028,0.0
2024-01-06 01:00:00,51.74,306.69495,993.74023,3.8450966,50.593845,0.0,0.0
2024-01-06 02:00:00,50.85,308.21698,992.9701,2.8467414,44.958477,0.008080155,0.08
2024-01-06 03:00:00,50.21,309.42404,991.8038,2.1980143,40.971275,0.01494959,0.0
2024-01-06 04:00:00,49.75,310.69342,990.7954,1.8958963,37.34873,0.020571053,0.0
2024-01-06 05:00:00,48.84,311.62897,989.60455,1.7591573,34.138126,0.0205338,0.0
2024-01-06 06:00:00,46.86,312.26453,988.7081,1.5439312,31.632004,0.021010637,0.0
2024-01-06 07:00:00,45.72,312.38196,987.8127,0.44834104,29.651123,0.008150935,0.0
2024-01-06 08:00:00,44.66,312.24762,987.3203,0.32427123,29.290852,0.0021904707,0.0
2024-01-06 09:00:00,43.29,312.11218,987.5876,0.7106074,29.293903,0.0015199184,0.0
2024-01-06 10:00:00,42.81,311.9587,987.66174,0.9343713,28.8613,0.0013113022,0.0
2024-01-06 11:00:00,44.15,311.08258,988.8596,1.4550296,30.037107,0.056505203,0.0
2024-01-06 12:00:00,45.44,309.36703,989.81384,2.1950867,33.436157,0.18128753,0.0
2024-01-06 13:00:00,46.07,309.21265,989.9277,2.5997062,34.11929,0.0,0.0
2024-01-06 14:00:00,46.24,308.78894,990.13776,3.0548885,35.88396,0.0,0.0
2024-01-06 15:00:00,46.75,308.02753,990.0369,4.09246,38.19041,0.0,0.0
2024-01-06 16:00:00,48.27,306.82245,989.726,5.584648,43.85622,0.0,0.0
2024-01-06 17:00:00,48.87,305.3902,989.39,6.0677104,52.00369,0.0,0.0
2024-01-06 18:00:00,48.82,304.53534,989.60547,5.578495,55.826717,0.0,0.0
2024-01-06 19:00:00,49.6,304.20123,990.4222,5.125132,55.691032,0.0,0.0
2024-01-06 20:00:00,49.75,303.87585,990.61096,4.7431464,56.18835,0.0,0.0
2024-01-06 21:00:00,50.24,303.4461,991.332,5.223086,57.26043,0.0,0.0
2024-01-06 22:00:00,50.65,303.44867,992.0062,5.5216217,58.429592,0.0,0.0
2024-01-06 23:00:00,51.17,304.51758,992.76447,5.9899445,57.257767,0.0,0.0
2024-01-07 00:00:00,45.59,306.13165,992.89923,5.6527233,52.517723,0.33696294,0.0
2024-01-07 01:00:00,44.99,308.22418,992.7491,5.4132195,45.32239,0.0,0.0
2024-01-07 02:00:00,44.94,310.19666,992.0236,5.3664703,38.333996,0.016666949,0.0
2024-01-07 03:00:00,44.85,311.9635,990.82446,5.166182,32.151756,0.006057322,0.0
2024-01-07 04:00:00,45.6,313.22522,989.77045,4.719,27.835985,0.0,0.0
2024-01-07 05:00:00,45.47,314.02475,988.57904,4.118979,24.948883,0.0,0.0
2024-01-07 06:00:00,44.64,314.32166,987.94495,3.6215286,23.303808,0.0,0.0
2024-01-07 07:00:00,44.63,314.47192,986.8078,2.4795375,21.925303,0.0,0.0
2024-01-07 08:00:00,44.75,314.7565,986.53076,2.2164323,20.975306,0.0,0.0
2024-01-07 09:00:00,44.84,314.40094,986.4825,1.8346335,20.874208,0.0,0.0
2024-01-07 10:00:00,44.35,314.08563,986.91626,0.98424494,20.836836,0.0,0.0
2024-01-07 11:00:00,42.95,313.4425,987.74866,1.15258,21.641861,0.0,0.0
2024-01-07 12:00:00,42.58,312.76453,988.64966,1.436765,22.859755,0.0,0.0
2024-01-07 13:00:00,43.0,311.502,988.9285,2.6854806,25.195885,0.0,0.0
2024-01-07 14:00:00,43.64,310.50763,989.15826,3.3553984,27.178064,0.0,0.0
2024-01-07 15:00:00,45.18,309.5578,989.10626,4.4920187,29.239365,0.034078956,0.0
2024-01-07 16:00:00,46.61,307.54248,988.51984,7.8286796,40.596516,0.0,0.0
2024-01-07 17:00:00,46.78,305.52307,988.0144,7.795672,55.299366,0.0,0.0
2024-01-07 18:00:00,44.87,304.91455,987.9161,6.595686,57.722157,0.0,0.0
2024-01-07 19:00:00,44.51,304.24887,988.97064,6.2137218,58.84284,0.0,0.0
2024-01-07 20:00:00,44.78,303.96152,989.61884,5.161635,59.276443,0.0,0.0
2024-01-07 21:00:00,45.63,303.46655,990.492,5.076271,61.787605,0.0,0.0
2024-01-07 22:00:00,46.48,303.27954,991.16815,6.1479015,63.723557,0.0,0.0
2024-01-07 23:00:00,46.53,304.26505,991.4856,6.8390436,59.61504,0.0,0.0
2024-01-08 00:00:00,47.41,306.3888,991.5108,6.598842,49.84435,0.05723834,0.0
2024-01-08 01:00:00,46.88,308.90448,991.2379,6.1032667,39.789005,0.0,0.0
2024-01-08 02:00:00,46.31,311.47296,990.5633,5.678416,32.229126,0.0,0.0
2024-01-08 03:00:00,46.09,313.45792,989.4723,5.1101403,26.823917,0.0025480986,0.0
2024-01-08 04:00:00,45.94,314.88306,988.43896,4.198001,22.424587,0.0,0.0
2024-01-08 05:00:00,44.53,315.7728,987.3271,3.2927985,19.968657,0.0,0.0
2024-01-08 06:00:00,42.27,316.30307,986.4576,3.004228,18.694765,0.0,0.0
2024-01-08 07:00:00,41.81,316.0844,985.4361,1.5905572,19.601913,0.0014916064,0.0
2024-01-08 08:00:00,42.43,316.14883,984.95154,1.7162007,19.18469,0.0,0.0
2024-01-08 09:00:00,44.25,315.57797,985.15283,1.2890391,19.6106,0.0,0.32999998
2024-01-08 10:00:00,46.23,314.9971,985.4808,1.1167183,20.026583,0.0,1.46
2024-01-08 11:00:00,47.08,313.7295,986.5812,1.4378872,21.892199,0.3746301,0.22
2024-01-08 12:00:00,47.27,312.85742,987.5403,2.1447484,23.799246,0.00346452,0.0
2024-01-08 13:00:00,47.52,311.58472,988.1894,3.6068983,26.527382,0.37913027,0.81
2024-01-08 14:00:00,49.42,309.82886,989.09186,4.6448083,31.279463,0.035084784,1.64
2024-01-08 15:00:00,50.93,308.67737,988.86206,6.6948075,35.27362,0.0,1.9599999
2024-01-08 16:00:00,51.02,307.31357,988.28735,7.371435,44.0472,0.0,0.41
2024-01-08 17:00:00,50.03,306.0233,987.93524,6.294577,52.739655,0.0,0.17999999
2024-01-08 18:00:00,50.45,304.99005,987.7533,5.152794,58.16021,0.0,0.0
2024-01-08 19:00:00,50.75,302.64203,988.85345,5.5317264,69.5527,0.0,0.0
2024-01-08 20:00:00,51.49,302.07092,989.0879,5.332258,71.92185,0.0,0.0
2024-01-08 21:00:00,50.84,301.80408,989.34174,4.4928613,73.11489,0.0,0.0
2024-01-08 22:00:00,49.79,301.92023,989.9592,4.0360117,72.48114,0.0,0.0
2024-01-08 23:00:00,49.38,303.21716,990.46185,3.6903865,65.77189,0.0,0.0
2024-01-09 00:00:00,,305.13498,990.73303,2.9881637,56.845016,0.797683,0.0
2024-01-09 01:00:00,,307.2224,990.33295,2.3167346,48.299984,0.0,0.0
2024-01-09 02:00:00,,309.4438,989.58936,2.1853106,40.416786,0.0,0.0
2024-01-09 03:00:00,,311.4123,988.36,2.099611,33.503048,0.0013969839,0.0
2024-01-09 04:00:00,,312.77008,987.52203,1.4532254,29.077238,0.03569573,0.0
2024-01-09 05:00:00,,313.6668,986.33307,0.85559887,26.649519,0.030849129,0.0
2024-01-09 06:00:00,,314.3,985.53577,0.36385807,25.130978,0.009469688,0.0
2024-01-09 07:00:00,,314.639,984.4994,2.3243551,22.620258,0.0,0.0
2024-01-09 08:00:00,,314.77283,984.10815,2.396807,21.893444,0.0,0.0
2024-01-09 09:00:00,,314.4936,984.2406,2.259131,21.841831,0.0,0.0
2024-01-09 10:00:00,,314.16635,984.6178,1.8974851,21.945263,0.0,0.0
2024-01-09 11:00:00,,313.73828,985.2905,1.5740541,22.23981,0.010669231,0.0
2024-01-09 12:00:00,,312.85803,986.5598,2.9911964,23.324665,0.038564205,0.0
2024-01-09 13:00:00,,311.73706,987.45776,5.009411,24.775122,0.0028342037,0.0
2024-01-09 14:00:00,,310.30917,988.3689,6.12818,29.163689,0.008121133,0.0
2024-01-09 15:00:00,,309.31146,988.5257,5.8454404,32.525295,0.0,0.0
2024-01-09 16:00:00,,308.17023,987.4895,5.616854,37.35466,0.0,0.0
2024-01-09 17:00:00,,307.52472,986.8017,3.3300207,41.042084,0.0,0.0
2024-01-09 18:00:00,,307.11508,986.9333,1.9743875,43.330727,0.0,0.88
2024-01-09 19:00:00,,306.07175,987.83813,2.1959045,44.837013,0.0,1.23
2024-01-09 20:00:00,,305.4106,988.4377,2.3039193,49.66638,0.0,0.67999995
2024-01-09 21:00:00,,304.79398,989.3684,2.5692284,55.13528,0.0,1.22
2024-01-09 22:00:00,,304.6283,990.02954,2.2810724,57.952343,0.0,1.53
2024-01-09 23:00:00,,305.40497,990.46375,1.6585515,55.70103,0.0,2.27
2024-01-10 00:00:00,,306.63965,990.7449,0.8305765,50.211708,0.14697582,2.12
2024-01-10 01:00:00,,307.9475,990.6658,0.1938195,44.99933,0.0,1.23
2024-01-10 02:00:00,,309.495,989.9176,1.0972012,40.502583,0.013299286,0.07
2024-01-10 03:00:00,,311.21655,988.84485,2.1668699,35.96075,0.021126121,0.03
2024-01-10 04:00:00,,312.14026,987.83765,2.5789611,33.30832,0.008165836,0.0
2024-01-10 05:00:00,,313.0343,987.0372,2.9468462,30.515715,0.00436604,0.0
2024-01-10 06:00:00,,313.49994,985.8209,3.2408142,27.398413,0.028729439,0.0
2024-01-10 07:00:00,,309.4513,987.0975,1.9932772,41.538628,0.015541911,0.0
2024-01-10 08:00:00,,309.71927,986.3769,2.22156,40.63009,0.005468726,0.0
2024-01-10 09:00:00,,309.6552,986.64575,1.939569,40.54589,0.001706183,0.0
2024-01-10 10:00:00,,309.47226,986.95056,1.5318601,40.747353,0.0045105843,0.0
2024-01-10 11:00:00,,309.31445,987.65436,3.0182505,40.581142,0.010274351,0.0
2024-01-10 12:00:00,,307.70874,988.74475,3.3040311,45.306553,0.48485398,0.0
2024-01-10 13:00:00,,307.49554,988.5845,3.5416293,45.76501,0.0,0.0
2024-01-10 14:00:00,,307.19678,988.91095,3.178803,46.763393,0.0,0.0
2024-01-10 15:00:00,,306.96115,988.8818,2.6446364,47.372627,0.0,0.0
2024-01-10 16:00:00,,306.96872,988.5577,2.0377724,47.18951,0.0,0.0
2024-01-10 17:00:00,,306.69165,987.7377,1.3684121,48.689487,0.0,0.0
2024-01-10 18:00:00,,306.36432,987.3848,1.0238509,51.805996,0.0,0.0
2024-01-10 19:00:00,,305.9397,987.02325,3.0327575,46.72445,0.0,0.0
2024-01-10 20:00:00,,305.34283,987.3892,3.848544,48.36034,0.0,0.0
2024-01-10 21:00:00,,304.92126,988.1372,4.5736966,49.26776,0.0,0.0
2024-01-10 22:00:00,,305.03564,988.9511,4.631523,49.248276,0.0,0.0
2024-01-10 23:00:00,,306.24615,989.42096,5.614568,46.731026,0.0,0.0
2024-01-11 00:00:00,,307.7038,989.52905,4.4336605,42.232822,0.60105324,0.0
2024-01-11 01:00:00,,309.2392,989.21606,3.7104194,37.07448,0.0,0.0
2024-01-11 02:00:00,,311.09854,988.59784,5.041396,30.831278,0.0,0.0
2024-01-11 03:00:00,,312.06662,987.73047,6.774813,26.615572,0.0,0.0
2024-01-11 04:00:00,,312.75153,986.78625,7.2872205,24.689934,0.0,0.0
2024-01-11 05:00:00,,313.03796,985.9357,6.935727,24.296787,0.0,0.0
2024-01-11 06:00:00,,313.56427,985.0486,6.5510645,23.6394,0.0,0.0
2024-01-11 07:00:00,,315.12906,984.3029,6.889093,19.079199,0.0,0.0
2024-01-11 08:00:00,,315.4322,983.861,6.670377,18.246683,0.0,0.12
2024-01-11 09:00:00,,314.88092,983.73804,6.3071923,18.276676,0.0,0.22999999
2024-01-11 10:00:00,,314.12793,984.4416,5.6549377,18.647764,0.0,0.17999999
2024-01-11 11:00:00,,313.22784,985.1928,4.7695603,20.033754,0.0,0.0
2024-01-11 12:00:00,,312.08783,985.81195,6.016994,23.451872,0.0,0.0
2024-01-11 13:00:00,,310.58868,986.40326,6.3475695,29.694733,0.0,0.0
2024-01-11 14:00:00,,309.37875,986.7604,5.3373604,33.532482,0.0,0.0
2024-01-11 15:00:00,,308.552,986.58826,4.6726694,36.174854,0.0,0.0
2024-01-11 16:00:00,,307.74652,986.437,4.0465364,38.857723,0.0,0.0
2024-01-11 17:00:00,,306.95886,985.98376,3.8361783,41.850723,0.0,0.0
2024-01-11 18:00:00,,306.15402,985.86597,3.707458,46.705215,0.0,0.0
2024-01-11 19:00:00,,305.87903,986.1428,2.2780194,49.11372,0.0,0.0
2024-01-11 20:00:00,,305.07755,985.8425,2.7511086,56.143696,0.0,0.0
2024-01-11 21:00:00,,304.35083,986.36884,3.303128,63.16597,0.0,0.0
2024-01-11 22:00:00,,304.14276,986.99786,3.8104024,66.439644,0.0,0.0
2024-01-11 23:00:00,,305.12384,987.452,3.6062977,63.01706,0.0,0.0
2024-01-12 00:00:00,,306.75055,987.85345,2.636538,54.383804,0.0,0.0
2024-01-12 01:00:00,,308.3036,988.09235,1.0208313,45.657963,0.005990267,0.0
2024-01-12 02:00:00,,309.39642,987.98517,0.83051246,41.226215,0.027846545,0.0
2024-01-12 03:00:00,,310.79102,986.76764,0.84476084,36.72538,0.022705644,0.0
2024-01-12 04:00:00,,312.2024,986.0103,0.51525843,32.843243,0.0075772405,0.0
2024-01-12 05:00:00,,313.46173,984.548,0.8098524,28.582224,0.0013932586,0.0
2024-01-12 06:00:00,,314.05533,983.9941,1.7389102,25.771057,0.0055357814,2.38
2024-01-12 07:00:00,,315.237,982.7753,4.4449763,21.926987,0.016570091,0.81
2024-01-12 08:00:00,,314.7873,982.2322,4.3787403,21.796745,0.0,1.01
2024-01-12 09:00:00,,314.5605,982.72626,3.0215402,21.551765,0.0,0.57
2024-01-12 10:00:00,,314.00226,983.7802,2.5769403,22.570919,0.009529293,1.5899999
2024-01-12 11:00:00,,310.36343,985.6384,8.703188,34.147354,0.020049512,2.79
2024-01-12 12:00:00,,305.7012,987.3167,8.700041,52.056225,0.08894503,4.5199995
2024-01-12 13:00:00,,305.21057,987.7182,6.376501,52.825993,0.0,2.2399998
2024-01-12 14:00:00,,304.9622,988.0973,4.836256,53.946434,0.0,1.06
2024-01-12 15:00:00,,304.76788,987.82513,4.095793,54.65659,0.0,0.02
2024-01-12 16:00:00,,304.5604,987.1975,4.432322,55.284683,0.0,0.04
2024-01-12 17:00:00,,304.31097,986.2606,4.7472215,56.053455,0.0,0.26
2024-01-12 18:00:00,,304.0785,985.6136,4.1199646,56.65723,0.0,0.11
2024-01-12 19:00:00,,302.3695,986.2225,4.6388307,59.66925,0.0,0.08
2024-01-12 20:00:00,,302.0128,986.1131,4.581994,60.85824,0.0,0.16
2024-01-12 21:00:00,,301.72675,986.88086,4.101985,62.19258,0.0,0.0
2024-01-12 22:00:00,,301.659,987.9299,3.5631256,64.03621,0.020951033,0.0
2024-01-12 23:00:00,,302.3768,988.6525,3.0698478,65.09935,0.0,0.0
2024-01-13 00:00:00,,303.6477,988.60315,2.8896627,63.073807,0.22795796,0.04
2024-01-13 01:00:00,,305.30066,988.6941,2.0788455,58.153545,0.0,0.0
2024-01-13 02:00:00,,306.38666,988.5739,1.348083,53.59811,0.050768256,0.0
2024-01-13 03:00:00,,306.4892,987.6752,1.6259805,52.65822,0.08898601,0.0
2024-01-13 04:00:00,,307.7552,986.9775,1.9909868,47.89022,0.02387911,0.0
2024-01-13 05:00:00,,308.9795,985.68506,2.0299659,44.23416,0.008106232,0.0
2024-01-13 06:00:00,,310.3808,984.53815,2.040294,40.235138,0.0068470836,0.0
2024-01-13 07:00:00,,312.66302,983.24475,3.6872966,30.098898,0.0033974648,0.0
2024-01-13 08:00:00,,312.25793,982.7492,3.0550642,30.31075,0.0,0.0
2024-01-13 09:00:00,,312.14154,983.11017,2.3163922,29.989344,0.0,0.0
2024-01-13 10:00:00,,311.11163,984.1141,3.4391227,31.378183,0.17359853,0.0
2024-01-13 11:00:00,,308.43182,985.5265,2.4373438,39.70875,0.4480034,0.0
2024-01-13 12:00:00,,305.49246,987.2886,3.4138207,52.106,0.23898482,0.0
2024-01-13 13:00:00,,304.53604,987.47955,2.9572513,57.56356,0.029817224,0.0
2024-01-13 14:00:00,,302.9657,988.4786,1.8310871,64.506714,0.4446581,1.16
2024-01-13 15:00:00,,302.74768,987.5291,3.1441588,65.8571,0.17576665,2.63
2024-01-13 16:00:00,,302.98178,986.43555,4.4211516,66.85005,0.0,0.55
2024-01-13 17:00:00,,302.80725,985.6163,4.5759816,70.71238,0.0,0.86999995
2024-01-13 18:00:00,,302.67444,985.1934,4.386803,73.12284,0.0,1.31
2024-01-13 19:00:00,,303.28036,985.08704,4.5084844,70.1261,0.0,0.0
2024-01-13 20:00:00,,303.16064,985.2098,3.9617949,70.63178,0.0,0.0
2024-01-13 21:00:00,,303.10834,986.3069,3.282832,70.18447,0.0,0.0
2024-01-13 22:00:00,,303.50552,987.2236,2.8991175,67.602745,0.0,0.0
2024-01-13 23:00:00,,304.6507,987.59595,3.1211202,58.789837,0.0,0.51
2024-01-14 00:00:00,,305.85034,987.6886,3.1559348,52.255386,1.6973168,2.25
2024-01-14 01:00:00,,307.24646,987.46533,3.1480627,47.06365,0.0,0.04
2024-01-14 02:00:00,,308.4154,987.1334,3.0955293,42.750694,0.0017154962,0.0
2024-01-14 03:00:00,,309.59677,985.9797,2.9820454,38.83453,0.0,0.0
2024-01-14 04:00:00,,310.95477,985.1152,3.1566637,35.399258,0.0,0.0
2024-01-14 05:00:00,,311.6412,983.99475,3.3098953,33.02389,0.0,0.0
2024-01-14 06:00:00,,312.4171,983.10425,3.4917536,30.546558,0.0,0.0
2024-01-14 07:00:00,,310.35367,982.5114,3.6920018,37.75513,0.0,0.0
2024-01-14 08:00:00,,310.5445,982.5678,3.227438,36.369026,0.0,0.16
2024-01-14 09:00:00,,310.85986,982.407,3.0962605,34.845882,0.0,0.78
2024-01-14 10:00:00,,310.79544,982.95514,2.4361615,33.98946,0.0,0.11
2024-01-14 11:00:00,,310.2677,983.2136,0.8299605,36.21749,0.0,0.0
2024-01-14 12:00:00,,309.54697,983.6472,1.5452546,39.81334,0.0,0.0
2024-01-14 13:00:00,,308.73694,984.02795,3.0396836,41.152695,0.003017485,0.0
2024-01-14 14:00:00,,307.74475,984.4357,5.424341,44.794643,0.0,0.0
2024-01-14 15:00:00,,306.7923,984.4895,6.717758,48.74564,0.0,0.0
2024-01-14 16:00:00,,305.7091,984.6124,6.434307,53.083927,0.0,0.0
2024-01-14 17:00:00,,305.1145,984.48016,4.174167,55.908775,0.015617554,0.0
2024-01-14 18:00:00,,304.6469,984.51,3.1503253,59.33306,0.0,0.0
2024-01-14 19:00:00,,304.80304,984.142,2.5510201,57.03015,0.0,0.0
2024-01-14 20:00:00,,304.34225,984.8592,2.9944432,60.100525,0.0,0.13
2024-01-14 21:00:00,,303.987,985.66,3.9607952,62.434544,0.0,0.0
2024-01-14 22:00:00,,304.05597,986.0536,5.0396957,63.04068,0.0,0.0
2024-01-14 23:00:00,,304.97485,986.4073,6.330902,59.57184,0.0,0.0
2024-01-15 00:00:00,,306.52203,986.54846,6.0503335,52.969276,0.022530556,0.0
2024-01-15 01:00:00,,308.24423,986.3675,5.3555565,45.543667,0.0,0.0
2024-01-15 02:00:00,,309.78116,985.7989,4.826484,38.72207,0.011082739,0.0
2024-01-15 03:00:00,,311.1694,984.6498,4.445715,33.28446,0.0,0.0
2024-01-15 04:00:00,,312.11548,983.8714,4.662147,30.243689,0.0,0.0
2024-01-15 05:00:00,,312.4327,982.90393,4.9320116,28.883257,0.0,0.0
2024-01-15 06:00:00,,312.89948,982.05646,5.0884137,27.622452,0.0,0.0
2024-01-15 07:00:00,,312.97037,981.34717,5.7091208,30.334625,0.0,0.0
2024-01-15 08:00:00,,313.0947,980.9394,5.5165634,29.261288,0.0,0.0
2024-01-15 09:00:00,,312.9369,980.7775,5.553978,28.302177,0.0,0.0
2024-01-15 10:00:00,,312.68042,981.4172,5.116129,27.372927,0.0,0.0
2024-01-15 11:00:00,,311.94046,981.84674,4.84215,28.038979,0.0,0.0
2024-01-15 12:00:00,,311.32584,982.54706,4.264924,29.44943,0.0,0.0
2024-01-15 13:00:00,,310.31345,983.44495,1.6406162,31.517935,0.09794533,0.0
2024-01-15 14:00:00,,308.47156,984.75507,2.5624082,37.67829,0.036358833,11.84
2024-01-15 15:00:00,,306.9594,984.90625,2.9314191,44.185734,0.12883544,10.84
2024-01-15 16:00:00,,305.80176,985.03784,2.3350515,50.676834,0.19183755,1.6899999
2024-01-15 17:00:00,,304.56494,984.62006,3.5198088,58.46634,0.2655536,1.18
2024-01-15 18:00:00,,303.997,984.0134,5.2841206,62.531006,0.0,0.03
2024-01-15 19:00:00,,303.07898,984.284,6.6435075,67.300186,0.010043383,1.6899999
2024-01-15 20:00:00,,302.0727,984.5192,6.8486633,70.86217,0.0,0.04
2024-01-15 21:00:00,,301.543,985.14685,6.696414,72.97498,0.0029802322,0.0
2024-01-15 22:00:00,,301.39935,985.6217,6.59536,73.88186,0.0,0.0
2024-01-15 23:00:00,,302.18573,986.4419,6.279178,70.58404,0.006824732,0.01
2024-01-16 00:00:00,,303.35773,986.6311,5.8229113,65.39409,0.7548332,0.0
2024-01-16 01:00:00,,304.84534,986.41205,5.587277,59.316654,0.0,0.0
2024-01-16 02:00:00,,306.6343,985.5514,5.368701,52.63994,0.0,0.0
2024-01-16 03:00:00,,308.59473,984.114,5.1237636,45.89442,0.0,0.0
2024-01-16 04:00:00,,310.6759,983.2612,5.024543,38.900143,0.013761222,0.0
2024-01-16 05:00:00,,312.20874,982.2478,5.364738,33.45997,0.018827617,0.0
2024-01-16 06:00:00,,313.22586,981.63806,5.5205994,30.486752,0.014141202,0.0
2024-01-16 07:00:00,,312.21094,981.7264,6.113835,33.508987,0.019007923,0.0
2024-01-16 08:00:00,,312.4656,981.43414,5.506865,31.876505,0.0064596534,0.0
2024-01-16 09:00:00,,312.55066,981.5043,4.9107437,30.940351,0.010073185,0.0
2024-01-16 10:00:00,,312.32208,982.0678,4.0356083,30.852571,0.0066101565,0.0
2024-01-16 11:00:00,,310.98346,982.6761,3.6922905,33.794216,0.15607475,0.0
2024-01-16 12:00:00,,306.84387,984.677,7.3710284,48.7338,0.5398616,0.0
2024-01-16 13:00:00,,306.12146,985.28455,6.3401237,50.99025,0.16824901,0.0
2024-01-16 14:00:00,,306.38354,985.4841,4.08063,50.1944,0.0,0.0
2024-01-16 15:00:00,,306.07947,985.4192,2.3393576,52.052086,0.0,0.0
2024-01-16 16:00:00,,304.55365,985.5701,1.997805,57.980762,0.29025978,0.0
2024-01-16 17:00:00,,303.612,985.447,2.479206,63.13765,0.07537007,0.0
2024-01-16 18:00:00,,302.2882,985.8563,2.6672146,70.309616,0.7813722,2.6299999
2024-01-16 19:00:00,,300.72595,985.9465,2.12618,82.32666,1.3062656,0.0
2024-01-16 20:00:00,,301.1322,985.3681,3.9599414,79.57465,0.23467839,0.089999996
2024-01-16 21:00:00,,301.34988,985.6372,5.2082424,77.32545,0.02233684,0.0
2024-01-16 22:00:00,,301.35617,985.8167,5.6437883,76.35036,0.0,3.5900002
2024-01-16 23:00:00,,302.1007,986.4352,6.30982,72.16187,0.0,4.2799997
2024-01-17 00:00:00,,303.47528,986.82,6.249082,65.930145,3.6637814,1.3
2024-01-17 01:00:00,,305.07996,986.5742,6.133785,59.42813,0.0,0.71999997
2024-01-17 02:00:00,,307.07736,986.1802,6.0065784,52.723534,0.0,0.0
2024-01-17 03:00:00,,308.41138,985.0742,5.6503043,48.914692,0.0,0.0
2024-01-17 04:00:00,,309.7237,984.40295,5.3054237,44.91298,0.0038295984,0.0
2024-01-17 05:00:00,,310.95203,983.35187,5.2517233,41.340885,0.008687377,0.0
2024-01-17 06:00:00,,311.53552,982.8577,5.1243796,39.15947,0.01616776,0.0
2024-01-17 07:00:00,,309.11792,983.1657,3.7652419,45.72098,0.004220008,0.0
2024-01-17 08:00:00,,309.263,982.72327,3.8577724,44.09315,0.0,0.0
2024-01-17 09:00:00,,309.316,982.5572,3.9992578,42.98232,0.0,0.0
2024-01-17 10:00:00,,309.1383,982.9332,4.562705,42.98221,0.0,0.0
2024-01-17 11:00:00,,308.04102,984.0397,5.2034383,46.677788,0.0,0.0
2024-01-17 12:00:00,,307.23694,984.89624,5.7448063,49.183975,0.0,0.01
2024-01-17 13:00:00,,306.67722,985.20154,5.5619555,50.857468,0.0,0.0
2024-01-17 14:00:00,,305.43268,985.4945,7.3942184,55.463104,0.0,0.06
2024-01-17 15:00:00,,303.69366,985.052,8.049471,65.1873,0.0,0.0
2024-01-17 16:00:00,,302.90952,984.6961,6.523057,70.472626,0.0,0.0
2024-01-17 17:00:00,,302.73593,984.77563,6.924372,69.885735,0.0,0.0
2024-01-17 18:00:00,,302.40155,985.1114,6.9604793,68.99606,0.0,0.0
2024-01-17 19:00:00,,301.99768,985.22845,6.682857,68.670555,0.0,0.0
2024-01-17 20:00:00,,301.5535,985.53314,6.670529,69.715866,0.0,0.02
2024-01-17 21:00:00,,301.18506,986.6454,6.5117617,71.19764,0.0,0.67999995
2024-01-17 22:00:00,,301.14673,987.317,6.2044797,71.45683,0.008791685,0.56
2024-01-17 23:00:00,,301.67493,988.4088,6.0886264,69.46117,0.44122338,2.8999999
2024-01-18 00:00:00,,302.58237,988.7078,5.147069,66.283585,0.70785284,4.83
2024-01-18 01:00:00,,303.97778,988.8733,4.692127,60.3943,0.0,7.8199997
2024-01-18 02:00:00,,305.59442,987.93054,4.9824677,55.42509,0.005297363,3.12
2024-01-18 03:00:00,,306.92932,986.8843,5.3982487,51.287945,0.0,0.06
2024-01-18 04:00:00,,308.5617,985.9357,5.3417225,46.713703,0.010095537,0.26999998
2024-01-18 05:00:00,,309.21988,985.16046,4.8141828,44.3235,0.014014542,0.29
2024-01-18 06:00:00,,309.89713,984.46967,4.2974563,42.34936,0.0074505806,0.19999999
2024-01-18 07:00:00,,308.36932,983.565,3.537594,46.129543,0.0,0.0
2024-01-18 08:00:00,,308.9212,983.0678,3.33277,43.42314,0.0,0.0
2024-01-18 09:00:00,,309.35687,982.9398,3.4712644,42.094715,0.0,0.0
2024-01-18 10:00:00,,309.3872,983.5227,3.4577606,41.71269,0.0,0.0
2024-01-18 11:00:00,,308.25897,984.4553,4.565396,45.612556,0.0,0.0
2024-01-18 12:00:00,,307.06897,984.7321,5.999283,49.257,0.0,0.0
2024-01-18 13:00:00,,306.34705,984.8999,5.9569216,50.96618,0.0,0.0
2024-01-18 14:00:00,,305.9817,985.59717,5.9471383,52.33509,0.0,0.0
2024-01-18 15:00:00,,305.16736,985.34937,6.5563354,56.414192,0.0,0.0
2024-01-18 16:00:00,,304.2572,985.01764,6.946154,61.031765,0.0,0.0
2024-01-18 17:00:00,,303.57385,984.59265,6.4227476,63.201035,0.0,0.0
2024-01-18 18:00:00,,302.86725,984.6887,6.2868934,64.93689,0.0,0.0
2024-01-18 19:00:00,,302.96942,984.71173,5.168565,63.49409,0.0,0.32
2024-01-18 20:00:00,,302.19864,984.839,5.393191,66.33774,0.0,0.47
2024-01-18 21:00:00,,301.5636,986.0164,5.6500726,68.98399,0.0,0.0
2024-01-18 22:00:00,,301.20016,986.6948,6.1348495,70.82865,0.0,0.0
2024-01-18 23:00:00,,301.91168,987.13904,6.5697193,68.296455,0.0,0.0
2024-01-19 00:00:00,,303.64935,987.3956,6.5103703,61.34215,0.11282563,0.0
2024-01-19 01:00:00,,305.58075,987.08234,6.309071,54.15305,0.0,0.0
2024-01-19 02:00:00,,307.3701,986.7937,6.1945047,48.301926,0.0,0.0
2024-01-19 03:00:00,,309.3327,985.8063,5.8931274,42.58358,0.007927418,0.0
2024-01-19 04:00:00,,310.53336,985.1839,5.404063,39.26606,0.004313886,0.0
2024-01-19 05:00:00,,311.64758,984.12665,5.264461,36.381695,0.003170222,0.0
2024-01-19 06:00:00,,312.39703,983.28625,5.441792,34.451893,0.0027380884,0.0
2024-01-19 07:00:00,,311.18405,983.10425,4.4353347,38.79905,0.007264316,0.0
2024-01-19 08:00:00,,311.32785,982.9222,4.6871257,37.66953,0.02989173,0.0
2024-01-19 09:00:00,,310.4714,983.0681,5.685605,38.19546,0.0028386712,0.0
2024-01-19 10:00:00,,308.21204,984.1875,7.1393495,45.14232,0.20679832,0.0
2024-01-19 11:00:00,,307.41245,984.9377,6.2991796,48.518795,0.0,0.0
2024-01-19 12:00:00,,307.24844,985.468,6.5458446,49.03478,0.0,0.0
2024-01-19 13:00:00,,306.4629,986.0514,7.2009544,51.511044,0.010237098,0.0
2024-01-19 14:00:00,,305.3614,986.8038,7.4006248,56.77735,0.0,0.0
2024-01-19 15:00:00,,304.0819,986.1223,8.171663,63.067806,0.0,0.0
2024-01-19 16:00:00,,302.97687,985.02234,8.644622,67.66256,0.0,0.0
2024-01-19 17:00:00,,302.27203,984.2997,8.592832,69.98616,0.0,0.0
2024-01-19 18:00:00,,301.6762,984.2008,8.397328,71.95184,0.0,0.0
2024-01-19 19:00:00,,301.75934,984.79333,7.4368577,70.13108,0.0,0.0
2024-01-19 20:00:00,,301.39398,985.33185,7.476882,71.637985,0.0,0.0
2024-01-19 21:00:00,,301.21985,986.08545,7.7428136,72.44967,0.0,0.0
2024-01-19 22:00:00,,301.37738,986.9246,8.211405,71.73501,0.0,0.0
2024-01-19 23:00:00,,302.42343,987.64935,8.883211,66.66652,0.0,0.0
2024-01-20 00:00:00,,303.98758,987.5689,8.665466,59.445564,0.27778745,0.0
2024-01-20 01:00:00,,305.76672,987.29626,8.189057,52.358955,0.0,0.0
2024-01-20 02:00:00,,307.7221,987.04193,7.3888087,45.563354,0.0,0.0
2024-01-20 03:00:00,,309.31256,986.01953,6.8131776,41.32614,0.0,0.0
2024-01-20 04:00:00,,310.9594,985.24603,6.7136893,37.254925,0.0,0.0
2024-01-20 05:00:00,,312.09857,984.1858,6.3801274,34.145416,0.0,0.0
2024-01-20 06:00:00,,312.76007,983.51843,6.2677503,32.005295,0.0,0.0
2024-01-20 07:00:00,,312.92465,982.90674,5.002593,32.207508,0.0,0.0
2024-01-20 08:00:00,,312.9865,982.5014,5.1719427,31.547483,0.0,0.0
2024-01-20 09:00:00,,312.59955,982.47437,5.553986,31.967493,0.0,0.0
2024-01-20 10:00:00,,311.78406,983.0997,5.387822,33.327286,0.001475215,0.0
2024-01-20 11:00:00,,310.90695,984.0533,5.6219378,35.288208,0.0,0.0
2024-01-20 12:00:00,,309.37686,984.6754,7.5446653,40.205296,0.0,0.0
2024-01-20 13:00:00,,307.66046,985.0144,8.80217,46.017548,0.0,0.0
2024-01-20 14:00:00,,305.9037,985.4839,9.31594,52.34584,0.0,1.03
2024-01-20 15:00:00,,303.90558,985.0541,9.754871,61.061974,0.0,0.59
2024-01-20 16:00:00,,302.78723,984.575,9.7632885,66.38383,0.0,0.02
2024-01-20 17:00:00,,302.12048,984.14874,9.491858,69.07704,0.0,0.71999997
2024-01-20 18:00:00,,301.5995,984.099,8.995444,71.04643,0.0,1.4699999
2024-01-20 19:00:00,,301.46426,984.5998,7.035908,71.051796,0.0,0.0
2024-01-20 20:00:00,,301.1772,985.4408,6.0260634,72.13311,0.0,0.13
2024-01-20 21:00:00,,301.09308,986.64667,5.8101707,72.420944,0.0,0.54999995
2024-01-20 22:00:00,,301.17352,987.5803,6.3847694,72.03364,0.0,2.46
2024-01-20 23:00:00,,301.5087,988.3455,6.880197,70.37695,0.0013411045,2.48
2024-01-21 00:00:00,,302.0218,988.507,7.0857267,67.57478,0.013709068,4.02
2024-01-21 01:00:00,,303.6529,988.35126,7.68259,59.848778,0.0,4.44
2024-01-21 02:00:00,,304.8764,987.8606,7.4880137,54.34124,0.005967915,4.62
2024-01-21 03:00:00,,305.51285,986.9945,7.0939026,52.08298,0.019714236,4.8
2024-01-21 04:00:00,,305.75763,986.47266,6.402956,51.183414,0.06471574,4.4300003
2024-01-21 05:00:00,,305.84863,985.8193,5.589812,50.925976,0.09858608,2.36
2024-01-21 06:00:00,,306.03955,985.34125,5.4078307,50.511295,0.106945634,1.74
2024-01-21 07:00:00,,305.76904,984.2364,7.002019,54.008503,0.0072419643,1.0
2024-01-21 08:00:00,,305.63483,983.5044,7.4602227,54.558014,0.0,0.80999994
2024-01-21 09:00:00,,305.4311,983.8697,6.0738215,55.46189,0.02810359,1.6299999
2024-01-21 10:00:00,,305.21173,984.37714,5.204109,56.7336,0.06993115,1.52
2024-01-21 11:00:00,,304.95767,984.7594,4.426062,58.12924,0.05400181,2.05
2024-01-21 12:00:00,,304.40695,985.32513,4.7533717,60.517387,0.12597442,2.9899998
2024-01-21 13:00:00,,303.14893,985.86163,4.1012907,66.74425,0.39592385,5.24
2024-01-21 14:00:00,,301.8899,986.497,2.1881878,74.08558,1.174748,5.13
2024-01-21 15:00:00,,301.29553,986.77,1.8337523,79.32784,2.6016383,3.33
2024-01-21 16:00:00,,300.6525,985.8873,4.727772,84.30464,2.3030937,7.08
2024-01-21 17:00:00,,300.31854,984.77875,7.256077,83.722725,0.87437034,3.96
2024-01-21 18:00:00,,300.43118,983.5921,8.082311,81.622185,0.2708435,0.84
2024-01-21 19:00:00,,300.68796,983.5081,8.948854,80.51452,0.54487586,0.33
2024-01-21 20:00:00,,300.47537,983.53735,9.602778,81.82115,0.6977916,0.0
2024-01-21 21:00:00,,300.31873,984.42993,9.518687,83.05888,0.9524524,0.02
2024-01-21 22:00:00,,300.2381,985.1125,9.451898,84.1027,0.90768933,0.0
2024-01-21 23:00:00,,300.32416,985.72095,9.202512,84.477325,1.2384057,1.6600001
2024-01-22 00:00:00,,300.57397,986.2081,8.397659,83.863594,15.289932,0.25
2024-01-22 01:00:00,,300.75537,986.4525,7.67747,84.08565,0.0,0.089999996
2024-01-22 02:00:00,,300.91833,986.3931,7.4920673,83.62667,2.702497,0.66999996
2024-01-22 03:00:00,,300.27277,985.8075,8.552454,83.93872,2.5734007,1.05
2024-01-22 04:00:00,,301.2933,985.6951,9.077257,81.145,1.8018298,0.0
2024-01-22 05:00:00,,300.79718,985.13196,8.264699,83.59706,1.2899041,0.08
2024-01-22 06:00:00,,300.91077,984.60626,7.2646236,83.31011,0.81109256,0.0
2024-01-22 07:00:00,,302.17926,983.0712,7.663125,76.03612,0.11138618,0.0
2024-01-22 08:00:00,,301.3915,983.5963,7.7876115,79.28745,0.47572702,0.0
2024-01-22 09:00:00,,300.7425,984.29266,6.564463,83.458595,0.6182194,0.0
2024-01-22 10:00:00,,300.83466,984.7614,5.6143885,84.31675,0.13233721,0.049999997
2024-01-22 11:00:00,,300.94604,985.5837,5.5249147,83.53513,0.017046928,0.03
2024-01-22 12:00:00,,300.71497,986.2576,5.738658,83.68565,0.04133582,0.58
2024-01-22 13:00:00,,300.36966,986.92487,5.9064803,83.89186,0.09155553,0.57
2024-01-22 14:00:00,,300.1661,987.33844,5.449427,83.85842,0.18839538,0.03
2024-01-22 15:00:00,,300.0643,987.1707,5.2109523,83.98091,0.40249527,0.0
2024-01-22 16:00:00,,300.008,986.58984,5.263731,83.98816,1.4432371,0.0
2024-01-22 17:00:00,,299.74213,986.34845,5.260641,85.8021,2.9580007,0.0
2024-01-22 18:00:00,,299.38947,986.1763,5.1314883,88.57456,3.7702024,0.0
2024-01-22 19:00:00,,299.57996,986.30334,4.4343176,87.380806,0.042408705,0.0
2024-01-22 20:00:00,,299.95023,986.66205,4.4972,86.12402,0.0,0.0
2024-01-22 21:00:00,,299.97144,987.2076,4.6085577,86.56112,0.0021476299,0.0
2024-01-22 22:00:00,,299.99692,987.9426,4.428845,86.86398,0.0,0.0
2024-01-22 23:00:00,,300.61002,988.34717,5.352913,84.37384,0.14021993,0.0
2024-01-23 00:00:00,,301.53088,988.83966,5.8488345,81.507034,22.041553,0.0
2024-01-23 01:00:00,,302.51932,988.8787,5.616078,78.5943,0.0,0.0
2024-01-23 02:00:00,,303.68274,988.4015,5.688169,72.65596,0.13258867,0.0
2024-01-23 03:00:00,,304.9361,987.6866,5.7405047,66.66803,0.08315593,0.0
2024-01-23 04:00:00,,305.41107,987.2344,5.5844245,65.33758,0.07085875,0.0
2024-01-23 05:00:00,,306.33716,986.4842,5.867366,60.784042,0.07624924,0.0
2024-01-23 06:00:00,,306.62402,986.03876,5.8947663,59.18681,0.04132092,0.0
2024-01-23 07:00:00,,306.62787,985.1929,5.1992807,55.175114,0.0022649765,0.0
2024-01-23 08:00:00,,306.28998,985.20294,4.668828,55.72745,0.0085622305,0.0
2024-01-23 09:00:00,,305.56903,985.6895,4.151083,59.690266,0.018298626,0.0
2024-01-23 10:00:00,,304.62878,986.84033,3.8485978,63.983112,0.0,0.0
2024-01-23 11:00:00,,303.5661,987.8514,3.8358839,67.643555,0.0,1.8699999
2024-01-23 12:00:00,,302.6965,988.46625,3.4412708,71.06471,0.0,2.6200001
2024-01-23 13:00:00,,302.13245,988.9643,3.625613,73.08087,0.0,0.35
2024-01-23 14:00:00,,301.60822,989.4947,4.0093284,75.20993,0.0,0.0
2024-01-23 15:00:00,,301.0801,989.753,4.233914,78.2318,0.0,0.0
2024-01-23 16:00:00,,300.58655,989.08575,4.1808157,81.37753,0.0,0.0
2024-01-23 17:00:00,,300.18604,988.79205,3.917985,83.98096,0.0,0.0
2024-01-23 18:00:00,,299.9538,988.438,3.6294172,85.67961,0.0,0.0
2024-01-23 19:00:00,,299.65173,988.7586,3.4250863,86.48256,0.0,0.0
2024-01-23 20:00:00,,299.4635,989.0486,2.9472096,87.75598,0.0,0.0
2024-01-23 21:00:00,,299.37085,989.6905,2.698312,88.55508,0.0,0.0
2024-01-23 22:00:00,,299.49524,990.3362,2.5839958,88.6433,0.0,0.0
2024-01-23 23:00:00,,300.53424,990.78534,3.299824,83.5015,0.0,0.0
2024-01-24 00:00:00,,301.78754,990.8322,4.45994,77.12691,0.5278826,0.0
2024-01-24 01:00:00,,303.2542,990.8339,4.389046,69.42287,0.0,0.0
2024-01-24 02:00:00,,304.06607,990.5698,3.919927,65.367195,0.02662465,0.0
2024-01-24 03:00:00,,304.58398,990.21594,3.441013,63.014095,0.04367158,0.0
2024-01-24 04:00:00,,305.07233,989.4503,3.0734916,60.781425,0.0040903687,0.0
2024-01-24 05:00:00,,305.7024,988.50555,2.8731644,58.883106,0.0,0.0
2024-01-24 06:00:00,,306.33142,987.58563,2.6296656,57.0598,0.0013113022,0.08
2024-01-24 07:00:00,,307.23877,987.0514,2.4693203,53.173977,0.0012889504,0.0
2024-01-24 08:00:00,,307.5205,986.85596,1.9798006,51.830494,0.0,0.0
2024-01-24 09:00:00,,307.46075,987.31256,1.4668049,51.755524,0.0,0.0
2024-01-24 10:00:00,,305.02118,988.47626,4.067947,64.57309,0.24046004,0.0
2024-01-24 11:00:00,,302.19247,989.8714,4.917627,77.46251,0.27552247,0.0
2024-01-24 12:00:00,,301.77673,990.1552,3.1273456,80.01264,0.0017434359,0.0
2024-01-24 13:00:00,,301.6968,990.8798,3.0067117,80.86955,0.0034868717,0.0
2024-01-24 14:00:00,,301.43054,991.34717,3.4795818,81.792274,0.037252903,0.02
2024-01-24 15:00:00,,301.22284,991.4387,3.6498153,82.29746,0.0,2.37
2024-01-24 16:00:00,,300.92447,990.77545,3.3799489,83.06683,0.0013411045,1.4699999
2024-01-24 17:00:00,,300.65253,990.6164,3.1905558,83.81749,0.0,4.11
2024-01-24 18:00:00,,300.3545,990.12244,3.049101,84.84207,0.0,7.42
2024-01-24 19:00:00,,299.90692,990.0499,3.2540946,86.1601,0.29709935,11.690001
2024-01-24 20:00:00,,299.64938,990.413,2.598245,87.28879,0.5246103,7.38
2024-01-24 21:00:00,,299.53207,991.08,2.0119877,87.80129,0.9726584,0.41
2024-01-24 22:00:00,,299.50128,991.8786,2.0209546,88.31794,0.79128146,0.0
2024-01-24 23:00:00,,300.1799,992.27344,2.4031997,85.37996,0.59071183,0.0
2024-01-25 00:00:00,,301.5205,992.51544,3.742919,79.494484,3.9316416,0.0
2024-01-25 01:00:00,,302.41553,992.5472,3.657801,74.66275,0.0,0.0
2024-01-25 02:00:00,,303.16016,992.3783,3.7242548,71.01581,0.06326847,0.0
2024-01-25 03:00:00,,304.12244,991.5643,3.6089134,67.66798,0.052586198,0.0
2024-01-25 04:00:00,,304.59845,990.7908,3.4596698,65.40926,0.041443855,0.0
2024-01-25 05:00:00,,304.8581,990.10455,3.688627,64.78074,0.036261976,0.0
2024-01-25 06:00:00,,305.48407,989.52185,4.009843,64.78619,0.019744039,0.0
2024-01-25 07:00:00,,304.73547,988.7397,3.2848349,63.844204,0.021710992,0.0
2024-01-25 08:00:00,,304.7716,988.17944,3.4978182,64.301674,0.004261732,0.0
2024-01-25 09:00:00,,304.22562,988.5574,3.3987668,67.0022,0.0,0.0
2024-01-25 10:00:00,,303.6067,989.35956,2.6002462,72.26842,0.0,0.0
2024-01-25 11:00:00,,302.73566,990.0733,1.8986871,78.57713,0.0018551946,0.0
2024-01-25 12:00:00,,302.2551,990.9305,1.5447379,83.15809,0.0,0.0
2024-01-25 13:00:00,,301.94354,991.445,1.6471896,85.39695,0.0022083404,0.0
2024-01-25 14:00:00,,301.76898,991.8375,1.9821656,86.12915,0.0,0.0
2024-01-25 15:00:00,,301.36475,991.33484,2.1047304,87.57717,0.0,0.0
2024-01-25 16:00:00,,301.08575,990.70514,1.9723064,88.78782,0.0,0.0
2024-01-25 17:00:00,,300.78326,990.15784,1.8363723,90.02369,0.0,0.0
2024-01-25 18:00:00,,300.49622,989.8396,2.0659628,90.826744,0.0,0.0
2024-01-25 19:00:00,,300.01117,989.9356,2.897689,89.49638,0.0,0.0
2024-01-25 20:00:00,,299.75262,989.88763,2.9962268,89.56276,0.0,0.0
2024-01-25 21:00:00,,299.49164,990.57263,2.7773213,90.263336,0.0,0.0
2024-01-25 22:00:00,,299.5443,991.21564,2.4512563,90.33518,0.0,0.0
2024-01-25 23:00:00,,300.72522,991.9888,3.1946778,84.6979,0.0,0.0
2024-01-26 00:00:00,,302.2096,992.0135,3.9505851,77.65127,0.32444596,0.0
2024-01-26 01:00:00,,303.48175,991.9969,3.4423904,72.39716,0.0,0.0
2024-01-26 02:00:00,,304.4585,991.7566,3.195029,67.80105,0.1986064,0.0
2024-01-26 03:00:00,,305.16626,990.7908,3.1540859,66.60956,0.12758747,0.0
2024-01-26 04:00:00,,305.7486,990.07654,3.5644655,67.83983,0.041861087,0.0
2024-01-26 05:00:00,,306.10464,989.2134,3.5071542,62.734516,0.14547259,0.0
2024-01-26 06:00:00,,306.23615,988.5756,3.9461753,63.139557,0.20101666,0.0
2024-01-26 07:00:00,,307.01324,987.502,3.0964806,58.557407,0.009544194,0.0
2024-01-26 08:00:00,,307.09238,987.7614,2.9214804,57.828617,0.012464821,0.0
2024-01-26 09:00:00,,306.4012,988.0425,3.4864697,58.28835,0.19970536,0.0
2024-01-26 10:00:00,,304.61536,989.2807,3.5703812,67.34677,0.22061169,0.0
2024-01-26 11:00:00,,301.93094,990.9925,5.9980044,78.38291,0.7454753,1.1099999
2024-01-26 12:00:00,,300.86035,991.84686,4.6631107,83.0006,0.07405877,16.599998
2024-01-26 13:00:00,,300.57574,992.03595,3.3466084,85.011314,0.0,9.2
2024-01-26 14:00:00,,300.4109,992.2225,2.4020083,86.711624,0.0,2.4699998
2024-01-26 15:00:00,,300.28564,991.6686,3.013188,87.769356,0.0,0.83
2024-01-26 16:00:00,,300.06482,990.69775,3.9737103,89.00349,0.0,0.16
2024-01-26 17:00:00,,299.8725,989.9586,4.524449,90.05977,0.0,0.089999996
2024-01-26 18:00:00,,299.7226,989.5505,4.705139,90.83339,0.0,0.0
2024-01-26 19:00:00,,299.42047,990.4981,4.283053,90.62134,0.030606985,0.0
2024-01-26 20:00:00,,299.38824,990.60803,4.2411976,91.03423,0.037401915,0.0
2024-01-26 21:00:00,,299.33118,991.03687,4.5163107,91.0843,0.0104010105,0.0
2024-01-26 22:00:00,,299.31384,991.704,4.3324304,90.46869,0.007897615,0.0
2024-01-26 23:00:00,,299.79315,992.55255,4.179084,86.69209,0.008046627,0.0
2024-01-27 00:00:00,,300.49408,992.8211,3.8414288,82.35148,2.1481514,0.0
2024-01-27 01:00:00,,301.41986,992.9185,4.1179724,77.28842,0.0,0.0
2024-01-27 02:00:00,,302.42188,992.7498,4.332963,69.96467,0.0,0.0
2024-01-27 03:00:00,,303.2458,992.0886,4.1920366,65.65145,0.0,0.0
2024-01-27 04:00:00,,304.39734,991.19556,4.225791,61.571228,0.0030323863,0.0
2024-01-27 05:00:00,,305.2497,990.4152,4.1927466,58.26058,0.0011026859,0.0
2024-01-27 06:00:00,,305.70825,989.76733,4.2238293,56.437374,0.003412366,0.0
2024-01-27 07:00:00,,306.63245,989.56335,4.1627617,52.41396,0.0,0.0
2024-01-27 08:00:00,,306.7378,989.075,4.18052,51.593334,0.0,0.0
2024-01-27 09:00:00,,306.4594,989.1171,3.9748929,51.962914,0.0,0.0
2024-01-27 10:00:00,,305.36212,989.65125,3.2919877,58.639683,0.0,0.0
2024-01-27 11:00:00,,303.54675,990.8192,4.048604,66.57885,0.38126856,0.0
2024-01-27 12:00:00,,302.37097,991.6805,4.4693494,70.201805,0.064477324,0.0
2024-01-27 13:00:00,,301.7721,991.90643,4.7080126,70.74972,0.015810132,0.0
2024-01-27 14:00:00,,301.22144,992.34436,4.586385,71.769196,0.0,0.0
2024-01-27 15:00:00,,300.67902,992.1611,5.3428245,73.1324,0.11134148,0.0
2024-01-27 16:00:00,,300.25757,991.5371,5.7985654,74.71852,0.04339218,0.0
2024-01-27 17:00:00,,299.91092,990.9932,5.995621,77.63087,0.0,0.0
2024-01-27 18:00:00,,299.64124,991.1998,5.6906314,79.32321,0.029444695,0.0
2024-01-27 19:00:00,,299.43445,991.6138,5.463821,78.86398,0.0,0.0
2024-01-27 20:00:00,,298.9342,991.9968,4.9524612,79.54153,0.0,0.0
2024-01-27 21:00:00,,298.53732,992.50854,4.78427,80.769905,0.0,0.0
2024-01-27 22:00:00,,298.3471,993.0037,4.706217,81.758156,0.0,0.0
2024-01-27 23:00:00,,298.97644,993.90283,5.785472,78.40808,0.0,0.0
2024-01-28 00:00:00,,300.18695,994.1563,6.0774117,72.84471,0.65523386,0.0
2024-01-28 01:00:00,,301.46783,993.97266,5.7467046,66.59277,0.0,0.0
2024-01-28 02:00:00,,303.0321,993.62775,5.3751736,59.24766,0.0,0.0
2024-01-28 03:00:00,,304.42078,992.91974,5.218854,52.9461,0.0,0.0
2024-01-28 04:00:00,,305.56635,991.84454,5.1809397,48.00932,0.0,0.0
2024-01-28 05:00:00,,306.92676,991.09784,5.102647,43.340664,0.0,0.0
2024-01-28 06:00:00,,307.8565,990.3597,4.9333134,39.798355,0.0,0.0
2024-01-28 07:00:00,,308.59595,990.12634,4.2217693,37.805065,0.0,0.0
2024-01-28 08:00:00,,308.80096,989.53094,3.9556856,36.011444,0.0,0.0
2024-01-28 09:00:00,,308.53555,989.3931,3.6706505,36.503902,0.0,0.0
2024-01-28 10:00:00,,307.33783,989.8667,3.1987755,42.400684,0.0,0.0
2024-01-28 11:00:00,,305.51074,990.50256,3.9140217,49.123867,0.0,0.0
2024-01-28 12:00:00,,304.3429,991.2207,4.576703,52.601044,0.0,0.0
2024-01-28 13:00:00,,303.5241,991.5108,4.915721,54.866463,0.0,0.0
2024-01-28 14:00:00,,302.95074,992.16455,5.2604475,57.43761,0.0,0.0
2024-01-28 15:00:00,,302.31177,991.90704,5.670388,62.065685,0.0,0.0
2024-01-28 16:00:00,,301.63257,991.52423,5.7087173,66.883286,0.0,0.0
2024-01-28 17:00:00,,301.0095,991.40625,5.554201,69.463066,0.0,0.0
2024-01-28 18:00:00,,300.45343,991.5878,5.396128,70.31954,0.0,0.0
2024-01-28 19:00:00,,299.87915,992.19916,4.9701195,71.25065,0.0,0.0
2024-01-28 20:00:00,,299.3506,992.68695,4.7218547,72.35152,0.0,0.0
2024-01-28 21:00:00,,298.89484,993.0111,4.4715934,73.8243,0.0,0.0
2024-01-28 22:00:00,,298.80148,993.59344,4.2242393,74.6276,0.0,0.0
2024-01-28 23:00:00,,299.54663,994.2511,5.2466583,71.308,0.0,0.0
2024-01-29 00:00:00,,300.83694,994.3568,5.3437166,66.20055,0.0,0.0
2024-01-29 01:00:00,,302.66498,994.16956,5.2421846,58.41889,0.0,0.0
2024-01-29 02:00:00,,304.65692,993.7656,5.1547976,51.38375,0.0,0.0
2024-01-29 03:00:00,,306.1836,992.8661,5.168328,46.458836,0.0,0.0
2024-01-29 04:00:00,,307.6483,991.831,4.8577704,42.181026,0.0,0.0
2024-01-29 05:00:00,,308.74377,990.9137,4.0815215,38.75562,0.0,0.0
2024-01-29 06:00:00,,309.43024,990.2567,3.5973938,36.380714,0.0,0.0
2024-01-29 07:00:00,,310.1717,989.5952,3.3029032,35.686146,0.0023499131,0.0
2024-01-29 08:00:00,,310.07208,989.30096,3.1855795,35.01985,0.0,0.0
2024-01-29 09:00:00,,309.85013,989.3178,3.1084125,34.82732,0.0,0.0
2024-01-29 10:00:00,,309.21548,989.7349,2.485987,36.443287,0.0,0.0
2024-01-29 11:00:00,,308.27365,990.1626,1.3766136,41.237343,0.0,0.0
2024-01-29 12:00:00,,307.19342,990.7686,1.1572026,49.387905,0.0,0.0
2024-01-29 13:00:00,,306.23563,991.36127,2.0313087,49.992527,0.0,0.0
2024-01-29 14:00:00,,305.1772,991.9124,3.382892,50.459473,0.0,0.0
2024-01-29 15:00:00,,304.0628,991.6678,4.7506876,51.07473,0.0,0.0
2024-01-29 16:00:00,,302.93176,991.42896,5.560766,55.5544,0.0,0.0
2024-01-29 17:00:00,,301.93402,991.3773,5.3628325,62.875336,0.0,0.0
2024-01-29 18:00:00,,301.22607,991.0393,5.0143747,69.043144,0.0,0.0
2024-01-29 19:00:00,,300.65234,991.3558,4.7632875,70.63115,0.0,0.0
2024-01-29 20:00:00,,300.26874,991.3834,4.8237667,73.17689,0.0,0.0
2024-01-29 21:00:00,,300.02658,991.70123,5.077368,73.86799,0.0,0.0
2024-01-29 22:00:00,,300.0312,992.4367,4.5971537,73.17097,0.0,0.0
2024-01-29 23:00:00,,301.28128,993.39844,4.858109,67.25558,0.0,0.0
2024-01-30 00:00:00,,303.02747,993.83093,4.6591005,60.933304,0.0044971704,0.0
2024-01-30 01:00:00,,304.98965,993.585,4.629341,54.593033,0.0,0.0
2024-01-30 02:00:00,,307.13086,993.16956,4.4582915,48.09975,0.0,0.0
2024-01-30 03:00:00,,309.01422,992.1877,4.075077,42.186592,0.0,0.0
2024-01-30 04:00:00,,310.23953,991.27734,3.6782796,38.263477,0.0,0.0
2024-01-30 05:00:00,,311.43753,990.2413,3.40251,35.027973,0.005684793,0.0
2024-01-30 06:00:00,,312.29224,989.74615,3.3001566,32.4531,0.023141503,0.0
2024-01-30 07:00:00,,312.84778,989.0207,3.562767,31.763224,0.014141202,0.0
2024-01-30 08:00:00,,313.02094,988.4478,3.681377,30.592056,0.0106319785,0.0
2024-01-30 09:00:00,,312.72717,988.6025,3.8820236,30.580282,0.0072792172,0.0
2024-01-30 10:00:00,,311.78223,988.8728,3.135896,32.128468,0.0017300262,0.0
2024-01-30 11:00:00,,311.0603,989.70435,2.3247838,34.364094,0.0,0.0
2024-01-30 12:00:00,,310.40967,990.4461,2.2575228,36.345848,0.0,0.0
2024-01-30 13:00:00,,309.74152,990.7693,1.9766548,38.32129,0.0,0.0
2024-01-30 14:00:00,,308.7569,991.33624,2.4407837,40.41678,0.12932718,0.0
2024-01-30 15:00:00,,307.66724,991.03674,5.5762095,43.836872,0.01321733,0.0
2024-01-30 16:00:00,,306.0016,990.64,6.811228,52.866085,0.0,0.0
2024-01-30 17:00:00,,305.04834,990.2647,6.5330787,57.80669,0.0,0.0
2024-01-30 18:00:00,,304.4462,989.8739,6.576033,60.265316,0.0,0.0
2024-01-30 19:00:00,,303.91248,990.447,5.688619,62.407104,0.0,0.0
2024-01-30 20:00:00,,303.24536,990.46466,5.6865115,65.68047,0.0,0.0
2024-01-30 21:00:00,,302.66907,991.32446,5.327796,68.101295,0.0,0.0
2024-01-30 22:00:00,,302.40372,992.11914,4.8631606,68.84848,0.0,0.0
2024-01-30 23:00:00,,303.58954,992.8172,6.00977,62.784367,0.0,0.0
2024-01-31 00:00:00,,305.59436,992.8533,6.255443,54.545856,0.20515323,0.0
2024-01-31 01:00:00,,307.96216,992.4963,5.9142604,46.381546,0.0,0.0
2024-01-31 02:00:00,,310.2799,992.264,5.2413225,39.158546,0.0,0.0
2024-01-31 03:00:00,,312.13516,991.31055,4.4410095,33.62394,0.0,0.0
2024-01-31 04:00:00,,313.57712,990.5493,3.6720212,28.672949,0.0,0.0
2024-01-31 05:00:00,,314.6562,989.415,2.930077,24.256454,0.0,0.0
2024-01-31 06:00:00,,315.1493,988.79456,2.3816295,21.181992,0.0,0.0
2024-01-31 07:00:00,,314.76373,988.7469,1.9026924,23.004875,0.0,0.0
2024-01-31 08:00:00,,314.7744,988.3236,2.1533608,22.404715,0.0,0.0
2024-01-31 09:00:00,,314.42554,988.7645,3.786062,21.10151,0.0,0.0
2024-01-31 10:00:00,,313.27634,989.3236,3.7935367,22.297237,0.0,0.0
2024-01-31 11:00:00,,312.7729,989.82733,3.2170956,23.036432,0.0,0.0
2024-01-31 12:00:00,,311.89227,990.3205,2.6591914,24.623806,0.0,0.0
2024-01-31 13:00:00,,310.3318,990.87604,4.334233,31.275219,0.0,0.0
2024-01-31 14:00:00,,308.3003,991.3823,6.0466814,45.15759,0.0,0.0
2024-01-31 15:00:00,,306.96375,991.3231,5.838774,52.600525,0.0,0.0
2024-01-31 16:00:00,,306.01913,990.8309,5.7188926,56.893627,0.0,0.0
2024-01-31 17:00:00,,305.0385,990.41205,6.048894,61.346638,0.0,0.0
2024-01-31 18:00:00,,304.40512,989.9872,5.859624,64.3875,0.0,0.0
2024-01-31 19:00:00,,304.02814,990.9933,4.412703,62.49566,0.0,0.0
2024-01-31 20:00:00,,303.45956,991.60474,4.4859676,65.7736,0.0,0.0
2024-01-31 21:00:00,,302.9038,991.959,4.7138734,68.563255,0.0,0.0
2024-01-31 22:00:00,,302.51813,992.3384,4.836647,69.989365,0.0,0.0
2024-01-31 23:00:00,,303.40076,993.0706,5.112785,65.40038,0.0,0.0
2024-02-01 00:00:00,305.10568,992.9027,4.529776,57.90064,0.0,0.0,
2024-02-01 01:00:00,307.25153,992.666,4.1826363,49.898438,0.0,0.0,
2024-02-01 02:00:00,309.4841,991.83435,3.9787948,42.577435,0.0,0.0,
2024-02-01 03:00:00,311.5752,990.9151,3.7310455,36.081062,0.001706183,0.0,
2024-02-01 04:00:00,313.3076,989.9,3.3103569,29.684845,0.003837049,0.0,
2024-02-01 05:00:00,314.45508,988.9256,2.6313312,25.041563,0.003837049,0.0,
2024-02-01 06:00:00,315.1466,988.0477,2.1980634,22.579918,0.0012889504,0.0,
2024-02-01 07:00:00,315.21918,987.9464,2.5891666,24.201614,0.012445449,0.06,
2024-02-01 08:00:00,314.98215,987.4526,3.7992997,24.284603,0.006452203,0.0,
2024-02-01 09:00:00,310.6613,988.6209,4.0255237,34.05453,2.578363,0.0,
2024-02-01 10:00:00,309.43542,989.52234,1.1571443,37.096172,0.12692809,0.0,
2024-02-01 11:00:00,308.64484,989.3614,2.1858716,41.48921,0.0,0.0,
2024-02-01 12:00:00,308.05893,989.85474,2.1662357,46.596718,0.0,0.0,
2024-02-01 13:00:00,307.241,990.0327,3.4360917,50.411266,0.0,0.0,
2024-02-01 14:00:00,306.5244,990.4978,4.7492595,50.628937,0.0,0.0,
2024-02-01 15:00:00,305.74487,990.23706,5.0959954,52.009727,0.0,0.0,
2024-02-01 16:00:00,304.89832,989.9217,4.4046545,56.20662,0.0,0.0,
2024-02-01 17:00:00,304.075,989.58716,3.9760954,61.299866,0.0,0.0,
2024-02-01 18:00:00,303.46912,989.392,4.06948,65.78835,0.0,0.0,
2024-02-01 19:00:00,303.97342,989.39874,4.387857,60.828465,0.0,0.0,
2024-02-01 20:00:00,303.3966,989.4952,4.345135,65.60785,0.0,0.0,
2024-02-01 21:00:00,302.8173,989.8537,4.1911726,70.47015,0.0,0.0,
2024-02-01 22:00:00,302.57156,990.25,4.0929346,73.392494,0.0,0.0,
2024-02-01 23:00:00,303.84824,991.0759,5.3996367,68.4617,0.0,0.0,
2024-02-02 00:00:00,305.42712,990.8208,5.8735127,61.555386,2.7357075,0.0,
2024-02-02 01:00:00,307.27673,990.73303,5.7912664,54.224957,0.0,0.0,
2024-02-02 02:00:00,309.18127,990.0661,5.7021646,47.287666,0.0,0.0,
2024-02-02 03:00:00,311.0451,988.89435,5.645428,40.58972,0.0,0.0,
2024-02-02 04:00:00,312.78616,987.97675,5.370997,33.22134,0.0,0.0,
2024-02-02 05:00:00,314.0974,986.6983,5.0458083,26.148773,0.0,0.0,
2024-02-02 06:00:00,314.8443,985.9216,5.0063124,21.44217,0.0,0.0,
2024-02-02 07:00:00,314.8943,985.6375,4.4759398,19.498077,0.0,0.0,
2024-02-02 08:00:00,314.9146,985.221,4.3376884,18.299126,0.0,0.0,
2024-02-02 09:00:00,314.76227,985.2505,3.8489296,17.218456,0.0,0.0,
2024-02-02 10:00:00,313.9342,985.91833,2.5820537,18.074821,0.0,0.0,
2024-02-02 11:00:00,312.58582,986.4348,1.4657655,20.968632,0.0,0.0,
2024-02-02 12:00:00,310.8647,986.79443,1.5328306,27.316145,0.0,0.0,
2024-02-02 13:00:00,309.07504,987.4242,4.529628,28.637964,0.0,0.0,
2024-02-02 14:00:00,306.8355,988.4122,8.00904,46.948315,0.0,0.0,
2024-02-02 15:00:00,305.62122,988.3389,7.4768677,57.261234,0.0,0.0,
2024-02-02 16:00:00,305.104,988.2237,6.845611,59.979923,0.0,0.0,
2024-02-02 17:00:00,304.2963,987.81915,6.8609414,63.584732,0.0,0.0,
2024-02-02 18:00:00,303.32385,987.8876,6.430341,68.60864,0.0,0.0,
2024-02-02 19:00:00,302.6423,988.5508,6.414774,70.301346,0.0,0.0,
2024-02-02 20:00:00,301.95013,988.9568,6.0288644,74.149605,0.0,0.0,
2024-02-02 21:00:00,301.32098,989.6232,5.518219,77.49203,0.0,0.0,
2024-02-02 22:00:00,301.0564,990.4571,4.8411074,79.278786,0.0,0.0,
2024-02-02 23:00:00,302.1069,990.9581,5.8534374,73.36886,0.0,0.0,
2024-02-03 00:00:00,304.21442,991.02875,5.985661,62.14357,0.0,0.0,
2024-02-03 01:00:00,306.62787,990.5764,5.9988766,51.425743,0.0,0.0,
2024-02-03 02:00:00,309.018,990.1479,6.0398045,43.13242,0.0,0.0,
2024-02-03 03:00:00,311.18573,989.1231,6.031269,36.471546,0.0,0.0,
2024-02-03 04:00:00,313.2035,988.0817,5.8809,28.690374,0.0,0.0,
2024-02-03 05:00:00,314.7188,986.89404,5.524009,21.293295,0.0,0.0,
2024-02-03 06:00:00,315.64648,986.03955,5.0773196,16.526918,0.0,0.0,
2024-02-03 07:00:00,315.51422,985.90015,3.3614051,12.414925,0.0,0.0,
2024-02-03 08:00:00,315.45187,985.15857,3.7327445,11.886768,0.0,0.0,
2024-02-03 09:00:00,315.1285,985.29175,3.8202899,11.703649,0.0,0.0,
2024-02-03 10:00:00,314.31085,985.97516,3.565687,12.125458,0.0,0.0,
2024-02-03 11:00:00,312.62775,986.7545,2.3320866,13.903466,0.0,0.0,
2024-02-03 12:00:00,311.10352,987.58765,3.8947186,16.439547,0.0,0.0,
2024-02-03 13:00:00,307.57812,988.6761,8.3237095,42.042194,0.0,0.0,
2024-02-03 14:00:00,304.8885,989.22485,8.750018,61.835045,0.0,0.0,
2024-02-03 15:00:00,303.79425,989.1286,8.32458,65.72935,0.0,0.0,
2024-02-03 16:00:00,302.61227,989.0332,7.8329015,70.79455,0.0,0.0,
2024-02-03 17:00:00,301.82642,989.02435,7.3307147,74.1405,0.0,0.0,
2024-02-03 18:00:00,301.31595,989.1859,6.793323,76.36818,0.0,0.0,
2024-02-03 19:00:00,300.98074,989.71313,7.776412,77.528015,0.0,0.0,
2024-02-03 20:00:00,300.7696,990.33984,7.514731,78.27346,0.0,0.0,
2024-02-03 21:00:00,300.61414,990.9536,7.2965727,78.9998,0.0,0.0,
2024-02-03 22:00:00,300.74973,991.9598,7.2268496,78.3424,0.0,0.0,
2024-02-03 23:00:00,301.56573,992.30383,7.472641,74.0277,0.0,0.0,
2024-02-04 00:00:00,303.0465,992.35095,7.828178,65.9141,0.003011363,0.0,
2024-02-04 01:00:00,304.9616,992.06384,7.6655884,56.075294,0.0,0.0,
2024-02-04 02:00:00,306.96387,991.3675,7.432152,48.057934,0.0,0.0,
2024-02-04 03:00:00,309.2235,990.17206,7.371183,40.45257,0.0,0.0,
2024-02-04 04:00:00,311.2637,989.3095,7.4406776,34.17611,0.0,0.0,
2024-02-04 05:00:00,312.8775,988.0876,7.449219,29.247921,0.0,0.0,
2024-02-04 06:00:00,313.96753,987.2283,7.1616654,25.288591,0.0,0.0,
2024-02-04 07:00:00,314.08185,986.657,6.4856625,23.009895,0.0,0.0,
2024-02-04 08:00:00,313.69095,986.3642,5.900368,21.798319,0.0036731362,0.0,
2024-02-04 09:00:00,313.30344,986.28174,5.537403,22.090343,0.0,0.0,
2024-02-04 10:00:00,312.5082,987.2584,5.844846,23.67699,0.0,0.0,
2024-02-04 11:00:00,310.6784,988.1895,7.3037853,30.090553,0.0,0.0,
2024-02-04 12:00:00,308.54224,989.52264,8.545756,41.68266,0.0,0.0,
2024-02-04 13:00:00,306.77246,990.0178,8.649061,51.067085,0.0,0.0,
2024-02-04 14:00:00,305.4071,990.66486,8.378292,57.136166,0.0,0.0,
2024-02-04 15:00:00,303.92575,990.5229,8.374622,63.038887,0.0,0.0,
2024-02-04 16:00:00,302.78558,990.14453,8.086133,67.68973,0.0,0.0,
2024-02-04 17:00:00,301.979,989.769,7.81417,71.10688,0.0,0.0,
2024-02-04 18:00:00,301.37012,989.6188,7.2710047,73.7707,0.0,0.0,
2024-02-04 19:00:00,300.89035,990.118,6.3147225,77.121796,0.0,0.0,
2024-02-04 20:00:00,300.58667,990.5662,6.3577514,78.73682,0.0,0.0,
2024-02-04 21:00:00,300.43652,991.2722,6.5258574,79.70461,0.0,0.0,
2024-02-04 22:00:00,300.5128,991.91736,6.6878386,79.44122,0.00166893,0.0,
2024-02-04 23:00:00,301.49023,992.3661,7.375394,74.35711,0.004309416,0.0,
2024-02-05 00:00:00,302.83386,992.5458,7.456413,67.104225,0.011372566,0.0,
2024-02-05 01:00:00,304.7932,992.2985,7.5450206,57.263737,0.0,0.0,
2024-02-05 02:00:00,306.66138,991.945,7.301605,48.98327,0.0,0.0,
2024-02-05 03:00:00,308.72208,991.0744,7.1144104,42.388596,0.0,0.0,
2024-02-05 04:00:00,310.345,990.5249,6.9620895,37.73965,0.0017434359,0.0,
2024-02-05 05:00:00,311.55353,989.5271,6.7597528,34.403145,0.0,0.0,
2024-02-05 06:00:00,312.36423,988.70154,6.563954,31.977495,0.0,0.0,
2024-02-05 07:00:00,312.9062,988.7539,6.2755837,29.977545,0.0,0.0,
2024-02-05 08:00:00,313.0636,987.8114,6.0474076,29.200384,0.0,0.0,
2024-02-05 09:00:00,312.23355,988.0904,6.3068843,30.145222,0.0,0.0,
2024-02-05 10:00:00,308.97614,989.5103,7.231472,38.076336,0.025644898,0.0,
2024-02-05 11:00:00,307.7486,990.2958,7.272766,41.805042,0.0,0.0,
2024-02-05 12:00:00,307.31006,990.7963,6.87847,43.563988,0.0,0.0,
2024-02-05 13:00:00,307.0274,991.34625,5.6300516,44.89365,0.0,0.0,
2024-02-05 14:00:00,306.53723,991.6997,5.8247156,46.963234,0.0,0.0,
2024-02-05 15:00:00,305.3996,991.6409,7.0880666,51.659573,0.0,0.0,
2024-02-05 16:00:00,303.98773,991.56323,7.5701246,58.09852,0.0,0.0,
2024-02-05 17:00:00,302.7499,991.4219,7.339454,64.24715,0.0,0.0,
2024-02-05 18:00:00,301.9126,991.5045,6.955859,68.99647,0.0,0.0,
2024-02-05 19:00:00,301.21478,991.8845,6.168413,73.623314,0.0,0.0,
2024-02-05 20:00:00,300.85162,992.4319,5.377631,76.09264,0.0,0.0,
2024-02-05 21:00:00,300.67847,993.07404,4.798821,77.20213,0.0,0.0,
2024-02-05 22:00:00,300.77206,993.8686,5.2556186,76.71002,0.0,0.0,
2024-02-05 23:00:00,301.71625,994.6225,5.6737227,71.809654,0.0,0.0,
2024-02-06 00:00:00,303.15735,994.5817,5.4420924,64.57736,0.028342009,0.0,
2024-02-06 01:00:00,304.62497,994.3667,5.021305,56.176163,0.0,0.0,
2024-02-06 02:00:00,306.64142,993.78235,4.750282,48.719006,0.0,0.0,
2024-02-06 03:00:00,308.38315,992.77435,4.521584,43.36174,0.0,0.0,
2024-02-06 04:00:00,309.79373,991.6675,4.207011,39.352097,0.0012665987,0.0,
2024-02-06 05:00:00,310.91632,990.6144,3.8225346,36.1976,0.003054738,0.0,
2024-02-06 06:00:00,311.81952,989.62054,3.6992135,33.71956,0.009864569,0.0,
2024-02-06 07:00:00,311.87933,989.1889,2.561402,33.693714,0.0,0.0,
2024-02-06 08:00:00,312.24927,988.48065,2.8253808,32.30949,0.0,0.0,
2024-02-06 09:00:00,312.02966,988.7486,3.1056979,31.863955,0.0,0.0,
2024-02-06 10:00:00,310.93884,989.1439,3.3855324,32.71662,0.13791025,0.0,
2024-02-06 11:00:00,310.2061,989.9397,0.5208194,33.048073,0.023931265,0.0,
2024-02-06 12:00:00,309.8083,990.1839,2.5873299,34.84292,0.0,0.0,
2024-02-06 13:00:00,307.94,990.443,4.470312,41.2334,0.0,0.0,
2024-02-06 14:00:00,306.00897,990.77466,5.3242054,49.974636,0.0,0.0,
2024-02-06 15:00:00,304.46777,990.5806,5.78618,57.977444,0.0,0.0,
2024-02-06 16:00:00,303.59152,990.5634,5.2635903,61.31224,0.0,0.0,
2024-02-06 17:00:00,303.19598,990.3778,4.4939914,62.074326,0.0,0.0,
2024-02-06 18:00:00,302.8255,990.28735,4.294962,63.459118,0.0,0.0,
2024-02-06 19:00:00,303.22412,990.2275,5.626104,60.41071,0.0,0.0,
2024-02-06 20:00:00,302.4309,990.64404,5.237192,64.88689,0.0,0.0,
2024-02-06 21:00:00,301.8246,991.5011,5.0998144,68.951965,0.0,0.0,
2024-02-06 22:00:00,301.5971,991.9944,4.974199,71.137535,0.0,0.0,
2024-02-06 23:00:00,302.93756,992.6322,5.8800783,65.459595,0.0,0.0,
2024-02-07 00:00:00,305.27692,992.62646,5.493547,52.445168,0.17692745,0.0,
2024-02-07 01:00:00,307.7827,992.3514,4.102602,36.897396,0.0,0.0,
2024-02-07 02:00:00,309.74445,991.72766,2.899284,28.798326,0.0,0.0,
2024-02-07 03:00:00,311.5075,990.64685,2.6042588,23.972017,0.0,0.0,
2024-02-07 04:00:00,313.2397,989.3825,2.8383262,20.075567,0.0,0.0,
2024-02-07 05:00:00,314.6789,988.25134,3.380993,16.961079,0.0,0.0,
2024-02-07 06:00:00,315.04974,987.49475,3.7533705,15.888474,0.0,0.0,
2024-02-07 07:00:00,313.0774,988.1334,2.3185756,26.390366,0.0,0.0,
2024-02-07 08:00:00,313.2589,987.4719,2.9046116,25.549511,0.0,0.0,
2024-02-07 09:00:00,313.18335,987.97955,3.5902703,25.258614,0.0,0.0,
2024-02-07 10:00:00,309.8612,990.171,7.97132,33.03202,1.2508333,0.41,
2024-02-07 11:00:00,304.3879,992.1811,7.845224,54.307735,0.46662986,2.07,
2024-02-07 12:00:00,304.59222,992.1284,5.074121,53.953087,0.0,13.599999,
2024-02-07 13:00:00,304.51633,992.48267,4.742692,55.8072,0.0,12.309999,
2024-02-07 14:00:00,304.38885,992.9995,4.7936296,58.15095,0.0,4.41,
2024-02-07 15:00:00,304.00256,992.5767,4.4428673,61.20329,0.0,1.76,
2024-02-07 16:00:00,303.65717,992.4551,4.181157,64.1555,0.0,0.16,
2024-02-07 17:00:00,303.25854,992.4893,4.5810404,66.80714,0.005468726,0.19999999,
2024-02-07 18:00:00,302.95685,992.3583,3.9793022,69.053856,0.0045895576,0.0,
2024-02-07 19:00:00,301.26462,993.3575,2.8742683,67.31085,0.009700656,0.0,
2024-02-07 20:00:00,300.99518,993.1662,1.4292762,69.322174,0.0,0.0,
2024-02-07 21:00:00,300.77734,993.59186,0.8776527,71.49729,0.0,0.0,
2024-02-07 22:00:00,300.63254,993.90576,0.39658558,76.73454,0.0,0.0,
2024-02-07 23:00:00,301.75964,994.8536,1.634582,65.74179,0.00984373,0.0,
2024-02-08 00:00:00,302.88992,995.01953,2.4739337,61.830788,1.7741318,0.0,
2024-02-08 01:00:00,303.9132,994.9408,2.9721675,57.93742,0.0,0.0,
2024-02-08 02:00:00,305.90466,994.4386,3.8369632,50.506313,0.00404194,0.0,
2024-02-08 03:00:00,307.70892,993.3564,4.4637823,43.47586,0.01726672,0.17999999,
2024-02-08 04:00:00,309.167,992.53674,4.8065095,38.75012,0.0017173588,0.0,
2024-02-08 05:00:00,309.97388,991.76154,4.893026,36.177734,0.0,0.22999999,
2024-02-08 06:00:00,310.31122,990.7972,4.4931173,33.43438,0.014089048,0.0,
2024-02-08 07:00:00,309.78137,990.6127,5.536885,34.2371,0.0021457672,0.0,
2024-02-08 08:00:00,305.01285,991.38794,6.07973,52.33403,1.4130622,0.0,
2024-02-08 09:00:00,304.255,991.77625,1.0603516,54.596703,0.2874434,0.0,
2024-02-08 10:00:00,304.04648,992.0422,2.4616013,56.477036,0.0,0.0,
2024-02-08 11:00:00,303.3452,993.28046,2.32559,60.265053,0.288561,0.0,
2024-02-08 12:00:00,302.86,994.2252,2.1469805,63.229477,0.29419363,0.0,
2024-02-08 13:00:00,302.995,994.6933,1.9772254,63.849575,0.0,0.0,
2024-02-08 14:00:00,302.8126,995.0133,1.6645727,66.15585,0.0,0.0,
2024-02-08 15:00:00,302.42285,994.7996,1.6675147,69.87324,0.0,0.0,
2024-02-08 16:00:00,301.96588,994.42487,1.6320394,73.62401,0.0,0.0,
2024-02-08 17:00:00,301.52325,993.93304,1.6646115,76.770226,0.0,0.0,
2024-02-08 18:00:00,301.11508,993.4893,1.7912693,79.418465,0.0,0.0,
2024-02-08 19:00:00,301.25458,993.2865,2.3291337,78.199936,0.0,0.0,
2024-02-08 20:00:00,300.8678,993.31366,2.5635395,78.977135,0.0,0.0,
2024-02-08 21:00:00,300.73724,993.6767,2.5289555,79.12065,0.0,0.0,
2024-02-08 22:00:00,300.7149,994.3219,2.2595775,79.35443,0.0,0.0,
2024-02-08 23:00:00,302.4011,995.09344,2.959143,69.5488,0.0,0.0,
2024-02-09 00:00:00,304.901,995.0071,3.9553814,56.237816,2.3249924,0.0,
2024-02-09 01:00:00,307.4275,994.4532,4.419702,43.086266,0.0,0.0,
2024-02-09 02:00:00,309.25613,993.89874,4.2320857,35.152832,0.0,0.0,
2024-02-09 03:00:00,310.6354,992.8697,4.066872,29.380585,0.0,0.0,
2024-02-09 04:00:00,311.766,991.7978,4.6585045,25.529745,0.0,0.0,
2024-02-09 05:00:00,312.5404,990.8528,5.036079,23.293139,0.0,0.0,
2024-02-09 06:00:00,312.98022,989.90356,5.331257,21.852415,0.0,0.0,
2024-02-09 07:00:00,312.4087,990.5951,5.4385257,21.895535,0.0,0.0,
2024-02-09 08:00:00,312.53992,989.92096,5.831578,20.753513,0.0,0.0,
2024-02-09 09:00:00,312.0556,990.03174,6.206495,21.0131,0.0,0.0,
2024-02-09 10:00:00,311.1302,990.99805,5.818096,22.547678,0.0,0.0,
2024-02-09 11:00:00,309.70227,991.61346,5.155669,25.328758,0.0,0.0,
2024-02-09 12:00:00,308.63855,992.6611,4.9567924,27.59766,0.0,0.0,
2024-02-09 13:00:00,307.6092,993.2378,4.7942123,30.31182,0.0,0.0,
2024-02-09 14:00:00,306.74292,993.6264,4.068891,33.488167,0.0,0.0,
2024-02-09 15:00:00,305.7337,993.3956,2.5810862,37.494423,0.0,0.0,
2024-02-09 16:00:00,304.86584,992.6175,1.551935,44.485752,0.0,0.0,
2024-02-09 17:00:00,304.3231,991.9603,1.3101845,49.146782,0.0,0.0,
2024-02-09 18:00:00,304.08862,991.54626,1.8013688,46.460453,0.0,0.0,
2024-02-09 19:00:00,302.7573,992.2775,1.4015263,49.637432,0.0,0.0,
2024-02-09 20:00:00,301.8214,992.5055,1.6417701,49.12927,0.0,0.0,
2024-02-09 21:00:00,300.69904,992.95483,1.6536094,53.672897,0.0,0.0,
2024-02-09 22:00:00,300.16656,993.20624,1.338602,57.875835,0.0,0.0,
2024-02-09 23:00:00,303.35123,993.89935,0.9529766,43.47107,0.0,0.0,
2024-02-10 00:00:00,306.00024,994.1303,0.8554409,34.32285,0.0,0.0,
2024-02-10 01:00:00,307.6561,994.0454,0.50584614,30.042358,0.0,0.0,
2024-02-10 02:00:00,309.6634,993.7282,0.42988503,22.493048,0.0,0.0,
2024-02-10 03:00:00,311.3117,992.84344,1.5865302,17.755766,0.0,0.0,
2024-02-10 04:00:00,312.4751,992.0338,2.2388325,15.298899,0.0,0.0,
2024-02-10 05:00:00,313.11713,990.9558,2.5609984,14.481121,0.0,0.0,
2024-02-10 06:00:00,313.75757,990.0566,2.8547888,14.138039,0.0,0.0,
2024-02-10 07:00:00,313.48074,989.78406,1.2415687,13.709031,0.0,0.0,
2024-02-10 08:00:00,313.43213,988.69904,0.9314906,13.763078,0.0,0.0,
2024-02-10 09:00:00,313.40918,988.505,1.0508238,13.865013,0.0,0.0,
2024-02-10 10:00:00,313.05792,989.1188,0.70412856,14.428939,0.0,0.0,
2024-02-10 11:00:00,312.20676,989.87134,1.5703505,16.323933,0.0,0.0,
2024-02-10 12:00:00,310.9193,990.6995,4.0245786,20.679197,0.0,0.0,
2024-02-10 13:00:00,309.48047,991.5975,6.4665613,28.41978,0.0,0.0,
2024-02-10 14:00:00,308.09692,992.03986,6.6738186,36.77922,0.0,0.0,
2024-02-10 15:00:00,307.4668,992.10516,5.4627376,38.967983,0.0,0.0,
2024-02-10 16:00:00,306.93936,991.636,3.5223992,40.81217,0.0,0.0,
2024-02-10 17:00:00,306.49115,991.5637,2.5603561,41.366978,0.0,0.0,
2024-02-10 18:00:00,305.85504,991.1795,2.8316715,43.061054,0.0,0.0,
2024-02-10 19:00:00,305.0855,991.34204,1.6857938,45.1594,0.0,0.0,
2024-02-10 20:00:00,304.6502,991.60205,1.1494137,46.82165,0.0,0.0,
2024-02-10 21:00:00,304.02106,991.73694,1.07773,49.871452,0.0,0.0,
2024-02-10 22:00:00,303.70197,992.3738,1.2284374,52.17445,0.0,0.0,
2024-02-10 23:00:00,304.56726,992.96875,1.9901159,51.150616,0.0,0.0,
2024-02-11 00:00:00,305.92743,992.8281,2.5490508,48.543346,0.0,0.0,
2024-02-11 01:00:00,307.3921,992.74725,1.8232541,44.23885,0.0,0.0,
2024-02-11 02:00:00,308.52444,992.44666,0.5051253,40.617283,0.0,0.0,
2024-02-11 03:00:00,309.7763,991.50995,1.4244889,36.779762,0.0,0.0,
2024-02-11 04:00:00,311.0806,990.70276,2.5138247,33.68773,0.0,0.0,
2024-02-11 05:00:00,311.9687,989.6062,3.0956912,31.640684,0.0,0.0,
2024-02-11 06:00:00,312.84592,988.6856,3.5322409,29.790321,0.0,0.0,
2024-02-11 07:00:00,314.56647,987.20825,5.2167387,23.853786,0.0021606684,0.0,
2024-02-11 08:00:00,314.17587,986.9975,5.133919,24.467192,0.0,0.0,
2024-02-11 09:00:00,310.0255,988.08563,7.930611,35.621895,1.9128098,0.0,
2024-02-11 10:00:00,306.69144,989.75214,6.754447,51.08349,0.003695488,0.0,
2024-02-11 11:00:00,306.3538,990.27,4.469035,52.79183,0.0,0.0,
2024-02-11 12:00:00,306.07986,990.73267,3.8383923,55.11485,0.0,0.0,
2024-02-11 13:00:00,305.69666,991.33093,3.4754841,57.85259,0.0,0.0,
2024-02-11 14:00:00,305.0512,991.6955,3.3469706,60.761047,0.0847429,0.0,
2024-02-11 15:00:00,304.67676,991.60236,3.2232215,62.503136,0.011056662,0.0,
2024-02-11 16:00:00,304.3219,991.22424,2.9321096,63.906723,0.023841858,0.0,
2024-02-11 17:00:00,303.6599,991.03467,2.8425586,66.524,0.159204,0.0,
2024-02-11 18:00:00,302.81238,990.78424,2.2384624,70.37565,0.38042665,0.0,
2024-02-11 19:00:00,303.6856,990.47235,1.7226139,70.423706,0.0,0.0,
2024-02-11 20:00:00,303.23206,990.8878,1.5429261,72.84353,0.0,0.0,
2024-02-11 21:00:00,302.77774,990.95654,1.3842822,75.42091,0.0,0.0,
2024-02-11 22:00:00,302.567,991.27454,1.2045894,76.2881,0.0,0.0,
2024-02-11 23:00:00,303.6173,992.0323,1.4051149,66.17948,0.0,0.0,
2024-02-12 00:00:00,304.87952,992.3525,1.1151466,60.058002,2.5820434,0.0,
2024-02-12 01:00:00,305.98096,992.29175,0.7280663,54.710464,0.0,0.0,
2024-02-12 02:00:00,307.24927,991.91235,1.2043188,50.22974,0.0,0.0,
2024-02-12 03:00:00,308.27234,991.1315,1.5724816,46.889095,0.0,0.0,
2024-02-12 04:00:00,309.33514,990.33417,1.6955231,43.701042,0.02091378,0.0,
2024-02-12 05:00:00,310.1159,989.27344,1.5543106,41.27005,0.02308935,0.59,
2024-02-12 06:00:00,310.76157,988.19653,1.2825421,37.45535,0.019229949,1.3299999,
2024-02-12 07:00:00,312.03906,987.7859,2.4522135,34.000923,0.011965632,1.5899999,
2024-02-12 08:00:00,311.24902,986.58295,3.4504428,35.2615,0.84881485,0.45,
2024-02-12 09:00:00,309.40628,987.35626,2.5582166,40.57404,0.38089603,0.42,
2024-02-12 10:00:00,304.99268,989.77,4.3290915,58.73663,0.8436814,4.56,
2024-02-12 11:00:00,303.4579,990.8217,1.7477046,66.45364,1.3697371,24.009998,
2024-02-12 12:00:00,303.11224,991.5228,2.6890037,67.90642,0.33456087,40.77,
2024-02-12 13:00:00,302.46136,992.6119,2.8431208,71.68128,3.150463,9.59,
2024-02-12 14:00:00,301.47028,992.9718,3.3111112,79.49375,3.188938,11.309999,
2024-02-12 15:00:00,301.37823,992.3611,2.822499,80.32505,0.24859607,6.51,
2024-02-12 16:00:00,301.3993,991.5558,2.048961,80.235,0.0,8.93,
2024-02-12 17:00:00,301.35297,991.14575,1.9461378,81.14613,0.0,7.74,
2024-02-12 18:00:00,301.27972,990.6675,1.7751238,81.96835,0.0,1.42,
2024-02-12 19:00:00,300.05682,991.3525,2.2674124,85.53963,0.74882805,0.0,
2024-02-12 20:00:00,300.06104,991.4334,1.9967105,85.120544,0.40970743,0.0,
2024-02-12 21:00:00,300.12286,991.8806,1.9574074,83.63865,0.087384135,3.0,
2024-02-12 22:00:00,300.10992,992.3175,1.9061959,83.3101,0.08810684,0.32,
2024-02-12 23:00:00,300.38867,992.61975,2.0157344,81.3136,0.0,0.0,
2024-02-13 00:00:00,300.73163,993.03986,1.5411731,78.90155,11.78039,0.0,
2024-02-13 01:00:00,301.07755,993.25397,0.7628306,76.92315,0.0,0.0,
2024-02-13 02:00:00,301.4923,993.1939,0.6757436,75.30117,0.0,0.0,
2024-02-13 03:00:00,302.32166,992.6231,1.0077858,72.27869,0.0,0.0,
2024-02-13 04:00:00,303.48987,992.0188,1.2624393,68.40481,0.0,0.0,
2024-02-13 05:00:00,304.69998,991.0598,1.2486857,63.333183,0.0,0.0,
2024-02-13 06:00:00,305.67206,990.0095,1.3002503,59.00153,0.0,0.0,
2024-02-13 07:00:00,306.91696,989.177,1.2289636,53.37976,0.004455447,0.0,
2024-02-13 08:00:00,306.86957,988.7349,1.1282661,53.068108,0.0047534704,0.0,
2024-02-13 09:00:00,306.6048,988.97406,2.3821127,53.985565,0.0,0.0,
2024-02-13 10:00:00,305.90283,989.64056,1.3989313,58.580704,0.15732646,0.0,
2024-02-13 11:00:00,303.2199,990.90796,3.081544,72.77681,0.81938505,0.0,
2024-02-13 12:00:00,302.62097,991.361,1.6200719,76.901985,0.0,0.45999998,
2024-02-13 13:00:00,302.203,992.09235,2.3018208,80.06591,0.2783239,0.0,
2024-02-13 14:00:00,301.623,992.5273,3.5400004,80.68577,1.3421327,0.51,
2024-02-13 15:00:00,301.12167,992.4303,3.8126404,81.83784,0.37120283,4.8399997,
2024-02-13 16:00:00,300.74847,991.95544,3.6860256,82.99335,0.23339689,2.1599998,
2024-02-13 17:00:00,300.36508,991.7009,3.511591,84.74736,0.15315413,1.92,
2024-02-13 18:00:00,300.0648,991.3207,2.5947764,86.96289,0.04068017,0.72999996,
2024-02-13 19:00:00,300.1754,991.6588,1.9691749,85.04477,0.10044873,0.0,
2024-02-13 20:00:00,300.0875,991.3175,2.5406215,84.98455,0.0,0.65,
2024-02-13 21:00:00,300.0411,991.0453,2.5404334,84.703636,0.0,0.19999999,
2024-02-13 22:00:00,299.98254,991.35236,2.874931,84.31349,0.0,0.0,
2024-02-13 23:00:00,300.84024,992.052,3.0855734,78.55043,0.0,0.0,
2024-02-14 00:00:00,302.046,993.0733,2.214146,72.635124,3.5052598,0.0,
2024-02-14 01:00:00,303.6336,993.50116,2.0348039,66.2239,0.0,0.0,
2024-02-14 02:00:00,305.08777,993.2545,2.032253,60.53075,0.0,0.0,
2024-02-14 03:00:00,306.354,992.6038,1.9254909,55.897408,0.0,0.0,
2024-02-14 04:00:00,307.3747,991.83264,1.6128325,52.312744,0.0,0.0,
2024-02-14 05:00:00,308.19318,990.97546,1.3471701,49.638584,0.0,0.0,
2024-02-14 06:00:00,308.8763,990.19586,1.4924068,47.393314,0.0034049153,0.0,
2024-02-14 07:00:00,309.30878,989.282,1.709534,45.147404,0.12604892,0.0,
2024-02-14 08:00:00,309.0395,988.65594,1.1992587,44.740356,0.13001263,0.0,
2024-02-14 09:00:00,309.39648,988.3933,0.25530016,42.95155,0.010445714,0.01,
2024-02-14 10:00:00,307.17133,990.3572,2.234213,52.54467,0.21182,0.0,
2024-02-14 11:00:00,304.55536,991.38336,1.547175,64.639175,0.28464198,0.0,
2024-02-14 12:00:00,304.2189,991.883,0.63924366,67.37275,0.0,0.0,
2024-02-14 13:00:00,303.84503,992.1422,1.3704515,73.2082,0.0,0.0,
2024-02-14 14:00:00,303.5027,992.13873,3.2577293,72.80153,0.0,0.0,
2024-02-14 15:00:00,302.95392,991.95,5.213436,73.37685,0.0,0.0,
2024-02-14 16:00:00,302.25644,991.1992,6.465694,76.69395,0.0,0.0,
2024-02-14 17:00:00,301.50543,990.27673,6.288027,80.80828,0.0,0.0,
2024-02-14 18:00:00,301.14014,989.9545,5.7763333,83.075264,0.0,0.0,
2024-02-14 19:00:00,300.19934,990.9998,2.5769083,86.7847,0.0,0.0,
2024-02-14 20:00:00,299.90286,991.1962,1.6502934,89.65993,0.0,0.0,
2024-02-14 21:00:00,299.6363,992.0009,1.250258,92.13482,0.0,0.49,
2024-02-14 22:00:00,299.65073,992.6604,1.4984972,92.31564,0.0,0.0,
2024-02-14 23:00:00,300.69177,993.5851,2.436132,87.166336,0.0,0.01,
2024-02-15 00:00:00,302.31598,993.97595,3.0177102,79.60942,0.76864994,0.0,
2024-02-15 01:00:00,304.2743,994.0006,3.301498,69.70911,0.0,0.0,
2024-02-15 02:00:00,306.1846,993.6,3.377375,60.54996,0.0,0.0,
2024-02-15 03:00:00,307.89435,992.6267,3.2560058,52.752197,0.0,0.0,
2024-02-15 04:00:00,309.39417,991.5725,2.718996,45.000412,0.0013113022,0.0,
2024-02-15 05:00:00,310.30206,990.52124,1.8422585,39.111454,0.0,0.0,
2024-02-15 06:00:00,310.67297,989.7589,1.1662486,36.000954,0.0,0.0,
2024-02-15 07:00:00,311.02142,989.5963,2.17558,35.06256,0.0,0.0,
2024-02-15 08:00:00,311.0843,989.26166,2.2645986,33.853756,0.0,0.0,
2024-02-15 09:00:00,310.97406,989.65515,2.3626993,32.50518,0.0,0.41,
2024-02-15 10:00:00,310.31445,990.2714,1.2812691,35.28131,0.0,0.35999998,
2024-02-15 11:00:00,308.53903,990.54315,1.2445794,53.602726,0.0,0.0,
2024-02-15 12:00:00,307.62518,991.0197,2.857794,47.38277,0.0,0.0,
2024-02-15 13:00:00,306.20154,991.45593,3.472832,50.727642,0.0,0.0,
2024-02-15 14:00:00,305.3227,991.57367,3.5972939,52.496,0.0,0.0,
2024-02-15 15:00:00,304.3532,991.507,3.8166797,55.506123,0.0,0.0,
2024-02-15 16:00:00,303.55978,990.77094,4.1405606,60.14931,0.0,0.0,
2024-02-15 17:00:00,303.02417,990.2634,4.659108,65.52387,0.0,0.0,
2024-02-15 18:00:00,302.51276,989.65814,5.3379765,71.07412,0.0,0.0,
2024-02-15 19:00:00,301.7495,990.4578,3.8087134,70.16611,0.0,0.0,
2024-02-15 20:00:00,301.2434,990.26733,3.4607453,76.15358,0.0,0.0,
2024-02-15 21:00:00,300.81512,990.9636,3.0032003,80.86803,0.0,0.0,
2024-02-15 22:00:00,300.63034,991.47076,2.7644842,83.611946,0.0,0.0,
2024-02-15 23:00:00,302.39725,992.28577,3.2635705,76.71591,0.0,0.0,
2024-02-16 00:00:00,304.72815,992.5027,3.8991716,66.25111,0.0021785498,0.0,
2024-02-16 01:00:00,307.04666,992.535,3.8404784,55.220825,0.0,0.0,
2024-02-16 02:00:00,309.19287,991.9581,3.8108702,45.34907,0.0,0.0,
2024-02-16 03:00:00,311.0077,990.8217,3.243596,36.692802,0.0,0.0,
2024-02-16 04:00:00,312.08374,989.9375,2.2193685,30.640625,0.0,0.0,
2024-02-16 05:00:00,312.5664,989.09735,1.662004,26.731262,0.0,0.0,
2024-02-16 06:00:00,312.85553,988.61,1.6212386,24.247665,0.0,0.0,
2024-02-16 07:00:00,312.90805,988.03156,1.5170047,24.554674,0.0,0.0,
2024-02-16 08:00:00,312.84174,987.90155,2.036471,24.088413,0.0,0.0,
2024-02-16 09:00:00,312.7256,988.2698,2.186201,23.692364,0.002771616,0.0,
2024-02-16 10:00:00,311.80078,988.66705,1.9902154,26.830378,0.0,0.0,
2024-02-16 11:00:00,309.91122,989.14124,3.1142974,33.204872,0.0,0.0,
2024-02-16 12:00:00,308.3191,989.53937,3.6728885,37.288986,0.0,0.0,
2024-02-16 13:00:00,307.2738,989.7583,3.69678,39.83515,0.0,0.0,
2024-02-16 14:00:00,306.6812,990.0485,3.628583,41.362907,0.0,0.0,
2024-02-16 15:00:00,306.11554,989.85547,3.5786684,43.79984,0.0,0.0,
2024-02-16 16:00:00,305.4721,989.4657,4.198646,48.02612,0.0,0.0,
2024-02-16 17:00:00,304.82922,989.22144,5.0484953,53.959393,0.0,0.0,
2024-02-16 18:00:00,304.20642,988.8756,5.3030214,59.97386,0.0,0.0,
2024-02-16 19:00:00,302.35553,989.4075,4.1061783,67.74295,0.0,0.0,
2024-02-16 20:00:00,301.84314,989.90356,3.4307826,71.56541,0.0,0.0,
2024-02-16 21:00:00,301.42462,990.5627,3.0750735,74.31904,0.0,0.0,
2024-02-16 22:00:00,301.14816,990.97845,2.8480537,76.16333,0.0,0.0,
2024-02-16 23:00:00,302.91998,991.89734,3.4306738,68.224045,0.0,0.0,
2024-02-17 00:00:00,305.36987,991.8723,4.1325355,56.494408,0.0027567148,0.0,
2024-02-17 01:00:00,307.90527,991.70795,4.4487476,45.92947,0.0,0.0,
2024-02-17 02:00:00,310.24326,991.01135,4.4139366,37.988342,0.0,0.0,
2024-02-17 03:00:00,312.35327,989.7745,4.189624,31.224373,0.0,0.0,
2024-02-17 04:00:00,314.0743,988.6986,3.4782481,23.296324,0.0,0.0,
2024-02-17 05:00:00,314.82703,987.455,2.4062815,18.383091,0.0,0.0,
2024-02-17 06:00:00,315.65814,986.4892,2.3061786,15.387826,0.0,0.0,
2024-02-17 07:00:00,316.05902,986.3469,2.7734587,14.436157,0.0,0.0,
2024-02-17 08:00:00,316.00717,986.1361,3.05076,13.545744,0.0,0.0,
2024-02-17 09:00:00,315.75003,986.4811,3.1028235,12.888543,0.0,0.0,
2024-02-17 10:00:00,314.88324,987.23126,2.693487,13.040608,0.0,0.0,
2024-02-17 11:00:00,313.46298,987.8378,2.6348567,14.489762,0.0,0.0,
2024-02-17 12:00:00,312.16473,988.65686,2.8065267,16.324524,0.0,0.0,
2024-02-17 13:00:00,310.63196,988.9715,2.290892,19.164225,0.0,0.0,
2024-02-17 14:00:00,308.677,989.5042,4.1196265,24.642302,0.0,0.0,
2024-02-17 15:00:00,305.8731,989.31415,7.3882365,49.328423,0.0,0.0,
2024-02-17 16:00:00,304.21616,989.0142,6.8971906,67.50798,0.0,0.0,
2024-02-17 17:00:00,304.26233,988.8526,5.3766103,67.01836,0.0,0.0,
2024-02-17 18:00:00,304.1928,989.1089,2.722293,66.08191,0.0,0.0,
2024-02-17 19:00:00,303.04584,988.49023,5.0839624,70.26448,0.0,0.0,
2024-02-17 20:00:00,302.43533,988.8455,4.4516253,73.260284,0.0,0.0,
2024-02-17 21:00:00,301.97913,989.6414,3.4592788,75.42268,0.0,0.0,
2024-02-17 22:00:00,301.77863,990.84204,3.153071,76.749405,0.0,0.0,
2024-02-17 23:00:00,302.6411,991.7464,3.4245033,72.80041,0.0,0.0,
2024-02-18 00:00:00,304.2079,991.975,3.1594505,64.712234,0.0017106533,0.0,
2024-02-18 01:00:00,306.3028,991.97766,2.9503832,55.11342,0.0,0.0,
2024-02-18 02:00:00,308.55994,991.35767,2.7858028,45.29628,0.0,0.0,
2024-02-18 03:00:00,310.7563,990.4654,2.441397,35.444332,0.0,0.0,
2024-02-18 04:00:00,312.23816,989.24585,0.73190427,28.066832,0.0,0.0,
2024-02-18 05:00:00,312.58508,988.33734,1.3122964,26.272276,0.0,0.0,
2024-02-18 06:00:00,313.6585,987.6272,2.1518545,25.07883,0.0,0.0,
2024-02-18 07:00:00,314.20197,986.678,3.7446291,23.045713,0.0,1.4,
2024-02-18 08:00:00,314.3226,986.4537,3.7811077,22.02129,0.0,0.0,
2024-02-18 09:00:00,314.37317,986.63885,3.7777317,20.253363,0.0,0.0,
2024-02-18 10:00:00,313.9214,987.0375,2.3837757,19.43814,0.0,0.0,
2024-02-18 11:00:00,312.98035,987.8083,1.8838674,21.209927,0.0,0.0,
2024-02-18 12:00:00,311.71423,988.4589,4.953423,25.100252,0.0,0.0,
2024-02-18 13:00:00,310.42694,989.4211,4.979356,30.619818,0.0,0.0,
2024-02-18 14:00:00,309.0949,990.29517,4.133457,35.247467,0.0,0.0,
2024-02-18 15:00:00,307.95062,990.80475,2.06518,39.013542,0.0,0.0,
2024-02-18 16:00:00,307.09897,990.6972,0.36948726,41.713078,0.0,0.0,
2024-02-18 17:00:00,306.22156,990.4913,0.8886647,45.55032,0.0,0.0,
2024-02-18 18:00:00,305.46594,990.23236,2.0350227,51.13006,0.0,0.0,
2024-02-18 19:00:00,304.49863,989.8152,3.5457451,55.376614,0.0,0.0,
2024-02-18 20:00:00,303.36075,990.2339,4.753015,69.31248,0.0,0.79999995,
2024-02-18 21:00:00,302.3519,990.654,5.1225343,78.87199,0.0,0.90999997,
2024-02-18 22:00:00,301.96942,991.19653,5.061652,81.45723,0.0,0.0,
2024-02-18 23:00:00,302.77405,991.46643,5.751139,76.54013,0.0,0.0,
2024-02-19 00:00:00,304.23813,991.59845,6.1795325,68.7487,0.0,0.0,
2024-02-19 01:00:00,307.19647,991.53937,6.2557855,51.23706,0.003458932,0.0,
2024-02-19 02:00:00,309.35257,990.786,6.6266675,43.875614,0.0,0.0,
2024-02-19 03:00:00,310.7217,989.6986,7.055574,39.454033,0.0,0.0,
2024-02-19 04:00:00,311.73914,988.6219,7.587778,34.80249,0.0039041042,0.4,
2024-02-19 05:00:00,311.16504,988.03796,8.607239,33.844227,0.31132996,0.0,
2024-02-19 06:00:00,306.1388,988.90674,8.225347,49.740204,0.53068995,0.0,
2024-02-19 07:00:00,304.60516,988.093,7.0652013,56.992104,0.109016895,0.0,
2024-02-19 08:00:00,305.2392,987.59576,6.5654826,52.428215,0.0,0.0,
2024-02-19 09:00:00,305.70386,988.0672,6.2966204,50.177044,0.0,0.0,
2024-02-19 10:00:00,305.9018,988.5093,6.4710927,49.74508,0.0,0.0,
2024-02-19 11:00:00,305.0769,989.65393,5.721339,54.345016,0.0,0.0,
2024-02-19 12:00:00,304.2399,990.4444,5.070434,58.75185,0.01642108,0.0,
2024-02-19 13:00:00,303.59805,990.76556,4.4075246,61.5611,0.0,0.0,
2024-02-19 14:00:00,303.11115,990.9358,4.0813184,63.758606,0.0,0.0,
2024-02-19 15:00:00,302.5857,990.76166,4.124882,66.663185,0.0,0.03,
2024-02-19 16:00:00,302.03546,989.9398,3.9087124,69.877815,0.0,0.0,
2024-02-19 17:00:00,301.63354,989.3903,4.3807287,71.957855,0.018508524,0.0,
2024-02-19 18:00:00,300.9755,988.85767,4.251821,75.13091,0.16857684,0.0,
2024-02-19 19:00:00,301.2522,988.73047,2.6511486,72.795296,0.0031292439,0.0,
2024-02-19 20:00:00,301.18207,988.8639,3.7088895,72.43545,0.0,0.0,
2024-02-19 21:00:00,300.93683,988.7961,4.1734233,72.258125,0.0,0.0,
2024-02-19 22:00:00,300.8181,989.1287,4.028312,71.80019,0.0,0.0,
2024-02-19 23:00:00,301.63828,989.4981,5.1534886,66.286896,0.0,0.0,
2024-02-20 00:00:00,303.19937,989.4575,6.1657577,59.127014,1.1683947,0.0,
2024-02-20 01:00:00,305.0135,989.31146,7.4679875,51.79534,0.0,0.0,
2024-02-20 02:00:00,307.0166,988.39404,8.753771,45.209145,0.0,0.28,
2024-02-20 03:00:00,308.0856,987.2473,9.457275,42.148182,0.0,0.41,
2024-02-20 04:00:00,308.86285,986.15,11.402687,41.014923,0.0218153,1.3399999,
2024-02-20 05:00:00,305.81686,985.64343,12.078622,51.744537,0.72749704,1.5699999,
2024-02-20 06:00:00,304.93887,985.0658,11.835573,56.23716,0.51775575,0.96999997,
2024-02-20 07:00:00,300.56842,985.53735,10.342908,71.77235,1.5183985,1.29,
2024-02-20 08:00:00,300.4483,985.4369,9.532341,73.29521,1.0227859,1.3499999,
2024-02-20 09:00:00,300.07962,985.8103,8.312485,75.65105,1.3139248,1.51,
2024-02-20 10:00:00,299.77954,986.64984,7.8134604,77.76485,1.3260841,2.8799999,
2024-02-20 11:00:00,299.58408,987.486,7.5285206,79.81038,1.237154,5.9999995,
2024-02-20 12:00:00,299.62286,988.0795,6.8006597,81.904045,0.6598858,10.929999,
2024-02-20 13:00:00,299.6396,988.73846,6.1281734,83.660736,0.58811903,6.64,
2024-02-20 14:00:00,299.64655,989.15674,6.8031044,83.828415,0.8548945,6.21,
2024-02-20 15:00:00,299.65176,989.11597,6.9418154,84.36485,1.0662228,5.1099997,
2024-02-20 16:00:00,299.59604,988.50745,7.0315337,84.34947,1.3312697,2.27,
2024-02-20 17:00:00,299.44482,987.9324,7.0327716,85.21309,1.256913,3.09,
2024-02-20 18:00:00,299.44037,987.7402,7.4206033,85.017136,0.87466836,1.27,
2024-02-20 19:00:00,298.8519,986.3412,7.253366,87.46451,3.939205,0.06,
2024-02-20 20:00:00,298.8114,986.4739,7.224948,88.41331,4.4213886,0.059999995,
2024-02-20 21:00:00,298.8256,987.0875,7.840997,88.59573,3.3806245,0.08,
2024-02-20 22:00:00,298.88687,987.6705,7.8677793,88.50323,2.2673533,0.21000001,
2024-02-20 23:00:00,299.36575,988.5567,7.8601527,87.062485,0.09167008,0.53999996,
2024-02-21 00:00:00,300.33966,988.97437,8.250859,83.10848,28.421982,0.32,
2024-02-21 01:00:00,301.92365,989.012,10.787892,75.02352,0.0,0.0,
2024-02-21 02:00:00,302.90784,988.62976,10.487068,71.046394,0.018564984,0.0,
2024-02-21 03:00:00,303.42758,988.2634,9.651649,69.494606,0.022333115,0.0,
2024-02-21 04:00:00,304.06537,987.77374,9.481954,67.31197,0.023119152,0.0,
2024-02-21 05:00:00,304.75513,986.96344,9.615408,64.3408,0.058859587,0.0,
2024-02-21 06:00:00,305.09467,986.52875,9.56841,63.669098,0.06340444,0.0,
2024-02-21 07:00:00,304.69977,986.6805,7.354364,67.16914,0.25708973,0.0,
2024-02-21 08:00:00,304.4673,986.79614,7.3137712,67.033615,0.13487786,0.0,
2024-02-21 09:00:00,303.59653,987.6208,6.2930503,71.7642,0.022277236,0.0,
2024-02-21 10:00:00,302.7013,988.4537,5.865114,75.16204,0.0,0.0,
2024-02-21 11:00:00,301.90497,989.3797,5.924935,77.9706,0.0,0.0,
2024-02-21 12:00:00,301.37164,990.41327,6.1321745,79.677795,0.0028312206,0.0,
2024-02-21 13:00:00,300.83588,990.94165,6.0446725,81.52979,0.0058889273,0.0,
2024-02-21 14:00:00,300.4306,991.75256,5.7979136,83.136154,0.00756979,0.0,
2024-02-21 15:00:00,300.1194,991.84186,5.6006823,84.380356,0.011536468,0.03,
2024-02-21 16:00:00,299.8652,991.58203,5.353235,85.42577,0.013232231,0.0,
2024-02-21 17:00:00,299.63974,991.39813,5.078104,86.43231,0.011503696,0.0,
2024-02-21 18:00:00,299.54288,991.2933,4.9216,86.95209,0.00846386,0.03,
2024-02-21 19:00:00,299.48172,991.1872,5.02545,85.98602,0.0017285347,0.42,
2024-02-21 20:00:00,299.499,991.53564,4.637681,86.431465,0.004261732,0.0,
2024-02-21 21:00:00,299.48724,992.06354,4.4556985,86.83074,0.0029802322,0.0,
2024-02-21 22:00:00,299.51062,992.8917,4.520656,86.96569,0.0,0.0,
2024-02-21 23:00:00,300.00415,993.5167,4.7652473,85.26858,0.0,0.0,
2024-02-22 00:00:00,300.56238,993.8375,5.731212,82.150246,0.6936252,0.0,
2024-02-22 01:00:00,302.66333,994.0047,6.8754888,72.4737,0.0,0.0,
2024-02-22 02:00:00,304.3131,993.8775,6.5087867,65.657455,0.0,0.0,
2024-02-22 03:00:00,305.1426,993.2706,6.2293625,61.8135,0.0,0.0,
2024-02-22 04:00:00,305.8678,992.5382,5.9737372,58.96616,0.0,0.0,
2024-02-22 05:00:00,306.39468,991.66327,5.5118675,58.242493,0.0010952353,0.0,
2024-02-22 06:00:00,306.63098,991.3159,5.094675,57.43421,0.0,0.0,
2024-02-22 07:00:00,307.60394,990.28094,5.7353315,54.084087,0.0,0.06,
2024-02-22 08:00:00,306.6438,990.9332,5.54656,56.547962,0.0795722,0.71,
2024-02-22 09:00:00,305.57587,991.4343,4.3066525,63.504063,0.0,0.0,
2024-02-22 10:00:00,304.42584,992.22,3.8693728,70.49848,0.0,0.0,
2024-02-22 11:00:00,303.06598,992.94,3.9021566,76.78191,0.0,0.0,
2024-02-22 12:00:00,302.23633,993.67017,3.8945029,80.224464,0.0,0.0,
2024-02-22 13:00:00,301.58734,994.2696,3.4566822,82.771515,0.0,0.0,
2024-02-22 14:00:00,301.12213,994.5577,2.9446383,84.814995,0.0,0.0,
2024-02-22 15:00:00,300.66406,994.71893,2.6408076,86.7486,0.0,0.0,
2024-02-22 16:00:00,300.23413,994.32635,2.475912,88.46606,0.0,0.0,
2024-02-22 17:00:00,299.85925,993.8972,2.3564339,89.76281,0.0,0.0,
2024-02-22 18:00:00,299.52246,993.60046,2.33267,90.91242,0.0,0.0,
2024-02-22 19:00:00,299.2591,992.96313,3.4935617,89.421906,0.0,0.0,
2024-02-22 20:00:00,298.97842,993.11053,4.0280786,89.57641,0.0,0.0,
2024-02-22 21:00:00,298.74146,993.3386,4.140493,89.5778,0.0,0.0,
2024-02-22 22:00:00,298.65594,994.1115,3.352195,89.46319,0.0,0.0,
2024-02-22 23:00:00,299.81018,994.8748,3.239249,84.67317,0.0,0.0,
2024-02-23 00:00:00,301.28595,995.14026,3.6460712,78.75146,0.08280873,0.0,
2024-02-23 01:00:00,302.86108,995.19836,3.8495133,73.17962,0.0,0.0,
2024-02-23 02:00:00,304.29828,994.43976,3.7799778,68.19342,0.0,0.0,
2024-02-23 03:00:00,305.57928,993.87146,3.8623683,63.661617,0.0,0.0,
2024-02-23 04:00:00,306.60248,992.8767,4.084457,60.010834,0.0,0.0,
2024-02-23 05:00:00,307.46265,992.069,4.2559943,56.94744,0.0,0.0,
2024-02-23 06:00:00,308.09506,991.4534,4.2789993,54.22093,0.0,0.0,
2024-02-23 07:00:00,309.04865,990.6889,3.9999974,48.394558,0.0,0.0,
2024-02-23 08:00:00,308.8977,990.57056,4.377365,48.91236,0.0,0.0,
2024-02-23 09:00:00,308.09332,990.7566,4.3839684,53.676075,0.0,0.0,
2024-02-23 10:00:00,306.1848,991.2693,4.548317,62.884163,0.0,0.0,
2024-02-23 11:00:00,304.60632,991.58936,5.217689,69.018135,0.0,0.0,
2024-02-23 12:00:00,303.64685,991.87787,5.726679,72.48163,0.0,0.0,
2024-02-23 13:00:00,302.6777,992.21564,6.1172833,76.30938,0.0,0.0,
2024-02-23 14:00:00,301.79633,992.53375,6.2660017,79.725266,0.0,0.0,
2024-02-23 15:00:00,301.12244,992.3846,6.5011826,81.46514,0.0,0.0,
2024-02-23 16:00:00,300.58087,991.6197,7.0037107,82.81726,0.0,0.0,
2024-02-23 17:00:00,300.18176,991.16455,7.14205,85.18448,0.0,0.0,
2024-02-23 18:00:00,299.89844,990.9119,6.708976,87.95142,0.0,0.0,
2024-02-23 19:00:00,300.14166,991.5053,6.0501103,88.49576,0.0,0.0,
2024-02-23 20:00:00,299.93512,991.62976,5.4625382,89.492294,0.0,0.0,
2024-02-23 21:00:00,299.85248,992.3781,4.903751,89.64232,0.0,0.0,
2024-02-23 22:00:00,299.77667,992.91516,4.289055,89.93347,0.0,0.0,
2024-02-23 23:00:00,300.75012,993.36896,5.7727065,84.58128,0.0,0.0,
2024-02-24 00:00:00,302.1701,993.9197,5.6665897,77.18661,0.0013113021,0.0,
2024-02-24 01:00:00,303.5833,993.7112,5.133174,71.38304,0.0,0.0,
2024-02-24 02:00:00,305.17242,993.2395,5.017663,65.12717,0.0,0.0,
2024-02-24 03:00:00,306.75806,992.3056,4.857281,59.10365,0.0,0.0,
2024-02-24 04:00:00,308.29797,991.1347,4.826213,53.466564,0.0,0.0,
2024-02-24 05:00:00,309.6145,989.7748,4.7023644,48.530594,0.0,0.0,
2024-02-24 06:00:00,310.6098,988.73206,4.306211,44.265297,0.0,0.0,
2024-02-24 07:00:00,310.8669,988.3962,4.360385,40.73438,0.0,0.0,
2024-02-24 08:00:00,310.9032,987.7872,4.1631136,39.56542,0.0,0.0,
2024-02-24 09:00:00,310.46783,988.1058,3.4285212,42.624435,0.0,0.0,
2024-02-24 10:00:00,308.28827,988.5735,3.6242507,52.123024,0.0,0.0,
2024-02-24 11:00:00,306.32794,989.029,4.52372,59.27212,0.0,0.0,
2024-02-24 12:00:00,305.15744,990.0362,3.50428,65.014984,0.0,0.0,
2024-02-24 13:00:00,304.37445,990.8022,3.294076,69.12617,0.0,0.0,
2024-02-24 14:00:00,303.87964,990.9589,4.9308763,70.74769,0.0,2.55,
2024-02-24 15:00:00,303.34894,990.5142,5.9561596,72.81643,0.0,23.67,
2024-02-24 16:00:00,302.77386,989.8684,5.6588745,75.651695,0.0,9.16,
2024-02-24 17:00:00,302.2907,989.39734,5.012981,78.141235,0.0,8.639999,
2024-02-24 18:00:00,301.8712,989.71594,4.1629663,80.43016,0.0,1.53,
2024-02-24 19:00:00,301.00317,990.03174,5.031641,80.55645,0.0,0.29,
2024-02-24 20:00:00,300.56073,990.34375,4.1558437,82.35853,0.0,0.29,
2024-02-24 21:00:00,300.38806,991.23376,3.4740398,82.71755,0.0,0.66999996,
2024-02-24 22:00:00,300.18945,991.9175,3.7615137,83.5152,0.0,0.0,
2024-02-24 23:00:00,301.1466,992.5464,4.521905,78.87315,0.0,0.0,
2024-02-25 00:00:00,302.65137,992.9434,4.809976,72.12011,0.0,0.0,
2024-02-25 01:00:00,304.10315,992.8295,4.55669,65.69084,0.0,0.0,
2024-02-25 02:00:00,305.98846,992.41235,4.4070687,58.17104,0.0,0.0,
2024-02-25 03:00:00,307.41803,991.59186,4.0893717,52.39707,0.0,0.0,
2024-02-25 04:00:00,308.61517,990.7737,3.4035392,47.85732,0.0,0.0,
2024-02-25 05:00:00,309.8664,989.77954,2.6041644,43.272224,0.0,0.0,
2024-02-25 06:00:00,310.5316,988.7459,2.1649914,39.807896,0.0,0.0,
2024-02-25 07:00:00,309.22934,988.6116,1.8448277,45.85873,0.012770295,0.0,
2024-02-25 08:00:00,309.35727,988.4869,1.5319574,45.106148,0.0,0.0,
2024-02-25 09:00:00,307.6241,988.7354,1.6958773,49.201958,1.3478786,0.48,
2024-02-25 10:00:00,305.5541,989.4897,1.0435314,57.961536,0.010639429,0.35,
2024-02-25 11:00:00,304.91898,989.95807,2.4955583,62.46457,0.0,0.0,
2024-02-25 12:00:00,304.55093,990.4485,1.7782302,65.436646,0.0,0.0,
2024-02-25 13:00:00,304.3746,991.15936,0.73041326,67.23684,0.0,0.0,
2024-02-25 14:00:00,303.76514,991.3957,0.9688287,73.15076,0.0025182962,0.0,
2024-02-25 15:00:00,303.24963,991.302,1.9952867,74.34503,0.0,0.0,
2024-02-25 16:00:00,302.7156,991.05585,2.528698,76.337776,0.0,0.0,
2024-02-25 17:00:00,302.20966,991.0513,1.7598876,79.51036,0.0,0.0,
2024-02-25 18:00:00,301.89258,990.8145,1.7377542,81.0357,0.004261732,0.0,
2024-02-25 19:00:00,300.95294,990.41766,2.0772738,75.98017,0.0,0.0,
2024-02-25 20:00:00,300.54297,990.25867,2.556408,77.32033,0.0,0.0,
2024-02-25 21:00:00,300.3057,990.4556,2.9178486,77.424385,0.0,0.0,
2024-02-25 22:00:00,300.28046,991.47656,2.8936884,77.41644,0.0,0.0,
2024-02-25 23:00:00,302.1004,992.1328,2.8018537,69.93332,0.0,0.0,
2024-02-26 00:00:00,304.30127,992.84357,2.86708,59.36652,1.3789177,0.0,
2024-02-26 01:00:00,306.15643,992.9419,2.325837,52.16269,0.0,0.0,
2024-02-26 02:00:00,307.7458,992.50055,1.7562917,46.428936,0.0,0.0,
2024-02-26 03:00:00,308.92126,991.85516,0.8804111,42.753696,0.0,0.0,
2024-02-26 04:00:00,309.6151,990.88116,0.18874197,40.607132,0.0,1.17,
2024-02-26 05:00:00,310.3167,989.7541,1.1729426,38.222385,0.0,4.77,
2024-02-26 06:00:00,310.87918,988.93225,1.6876587,36.24163,0.0,4.85,
2024-02-26 07:00:00,311.41583,988.08124,2.9222054,35.542526,0.0,1.56,
2024-02-26 08:00:00,311.01602,987.95264,3.5450535,35.553967,0.05170703,0.04,
2024-02-26 09:00:00,310.2279,988.21594,4.5889463,35.1563,0.024236739,0.0,
2024-02-26 10:00:00,308.8025,988.8854,2.9643662,39.99961,0.0,0.19999999,
2024-02-26 11:00:00,307.4159,989.6043,2.2589474,45.807377,0.0,0.01,
2024-02-26 12:00:00,306.47443,990.0804,2.2244582,49.749184,0.0,0.0,
2024-02-26 13:00:00,305.66394,990.58966,2.1000202,53.111713,0.0,0.0,
2024-02-26 14:00:00,304.76056,990.91797,2.6842456,54.935818,0.0,0.0,
2024-02-26 15:00:00,304.16364,991.00555,3.641962,53.898293,0.0,0.0,
2024-02-26 16:00:00,303.55658,990.4989,4.1274567,53.97695,0.0,0.0,
2024-02-26 17:00:00,302.98358,989.7317,4.004896,55.66776,0.0,0.0,
2024-02-26 18:00:00,302.27356,988.9783,3.3726177,58.458485,0.0,0.0,
2024-02-26 19:00:00,300.78607,989.46716,2.3661406,72.38986,0.0,0.0,
2024-02-26 20:00:00,300.20557,989.54486,2.3687613,74.76498,0.0,0.0,
2024-02-26 21:00:00,299.78748,989.85156,2.2235763,77.24798,0.0,0.0,
2024-02-26 22:00:00,299.54907,990.23236,1.8383678,79.67155,0.0,0.0,
2024-02-26 23:00:00,301.73404,990.65607,1.4032489,70.35968,0.0,0.0,
2024-02-27 00:00:00,304.26202,990.91095,1.3700418,60.31118,0.07808671,0.0,
2024-02-27 01:00:00,306.5829,990.9153,1.198246,50.47579,0.0,0.0,
2024-02-27 02:00:00,308.47064,990.3575,0.6286983,41.430958,0.0,0.0,
2024-02-27 03:00:00,309.89563,989.5608,0.67627555,36.08981,0.0,0.0,
2024-02-27 04:00:00,311.482,988.8039,2.5138218,29.832798,0.0,0.0,
2024-02-27 05:00:00,312.25427,987.6605,2.8728926,26.61472,0.0,0.0,
2024-02-27 06:00:00,313.29126,986.7636,3.1251721,23.358812,0.0,0.0,
2024-02-27 07:00:00,313.4829,986.34094,4.751982,21.760418,0.0,0.0,
2024-02-27 08:00:00,313.24036,986.0808,5.2576056,21.29595,0.0,0.0,
2024-02-27 09:00:00,312.72052,986.1765,5.9763827,22.131838,0.0,0.0,
2024-02-27 10:00:00,311.23242,986.9426,5.3207808,25.912941,0.0,0.0,
2024-02-27 11:00:00,309.4789,987.7078,4.6545186,30.648315,0.0,0.0,
2024-02-27 12:00:00,308.266,988.72906,4.001429,34.54206,0.0,0.0,
2024-02-27 13:00:00,307.1408,989.3886,3.489784,38.424835,0.0,0.0,
2024-02-27 14:00:00,306.227,990.01874,3.040581,41.932533,0.0,0.0,
2024-02-27 15:00:00,305.39597,989.8753,2.5555027,45.322525,0.0,0.0,
2024-02-27 16:00:00,304.59213,989.4391,2.3940504,48.85681,0.0,0.0,
2024-02-27 17:00:00,303.87335,989.0185,2.7194073,52.163876,0.0,0.0,
2024-02-27 18:00:00,303.3219,988.68396,3.1375904,55.000885,0.0,0.0,
2024-02-27 19:00:00,302.6692,988.4344,3.5578687,54.50683,0.0,0.0,
2024-02-27 20:00:00,301.85077,988.6962,2.9984822,60.15904,0.0,0.0,
2024-02-27 21:00:00,301.16425,989.10803,2.390745,64.45668,0.0,0.0,
2024-02-27 22:00:00,300.75427,990.03625,1.8331763,68.04846,0.0,0.0,
2024-02-27 23:00:00,302.13452,990.75214,1.6744857,65.707275,0.0,0.0,
2024-02-28 00:00:00,304.00735,991.1982,1.9318774,62.860657,0.0,0.0,
2024-02-28 01:00:00,306.01453,990.9299,1.7380234,55.263245,0.0,0.0,
2024-02-28 02:00:00,308.16058,990.16974,1.6791692,45.226788,0.0,0.0,
2024-02-28 03:00:00,309.7816,989.2276,1.4184908,38.923187,0.0,0.0,
2024-02-28 04:00:00,311.1875,988.21906,1.4578885,33.972466,0.0,0.0,
2024-02-28 05:00:00,312.35767,987.12445,1.9839965,30.227947,0.0,0.0,
2024-02-28 06:00:00,312.65326,986.288,2.4881706,28.739965,0.0,0.0,
2024-02-28 07:00:00,312.6656,985.8928,3.3917449,30.1112,0.0062808394,0.31,
2024-02-28 08:00:00,312.45026,985.8767,4.262072,30.30909,0.03453344,0.0,
2024-02-28 09:00:00,311.8177,986.04565,4.073154,31.488976,0.0,0.0,
2024-02-28 10:00:00,310.04037,987.34314,4.4799857,35.09833,0.12932718,0.0,
2024-02-28 11:00:00,309.55597,988.2583,3.2682576,36.356823,0.0,0.0,
2024-02-28 12:00:00,309.18268,989.2275,3.3207633,38.34003,0.0,0.0,
2024-02-28 13:00:00,308.45197,989.92236,4.3960743,41.589153,0.0,0.0,
2024-02-28 14:00:00,307.5597,990.47424,3.7401018,45.28368,0.0,0.0,
2024-02-28 15:00:00,306.59308,990.35406,3.389282,49.238308,0.0,0.63,
2024-02-28 16:00:00,305.4068,990.17,3.6677983,54.734932,0.0,0.0,
2024-02-28 17:00:00,304.40198,989.767,3.5756707,59.738518,0.0,0.0,
2024-02-28 18:00:00,303.89752,989.3235,3.1275342,62.410217,0.0,0.0,
2024-02-28 19:00:00,304.08582,989.64484,2.1397529,59.576576,0.0,0.0,
2024-02-28 20:00:00,303.40237,989.6794,2.1243603,65.52752,0.0,0.0,
2024-02-28 21:00:00,302.85846,990.3792,2.22695,71.84556,0.0,0.0,
2024-02-28 22:00:00,302.1928,990.68304,1.8848306,76.96829,0.29690564,0.0,
2024-02-28 23:00:00,302.19177,991.4826,1.369017,77.442665,0.96419454,0.0,
2024-02-29 00:00:00,,,,,,0.84,
2024-02-29 01:00:00,,,,,,0.0,
2024-02-29 02:00:00,,,,,,0.0,
2024-02-29 03:00:00,,,,,,0.0,
2024-02-29 04:00:00,,,,,,0.0,
2024-02-29 05:00:00,,,,,,0.0,
2024-02-29 06:00:00,,,,,,0.0,
2024-02-29 07:00:00,,,,,,0.0,
2024-02-29 08:00:00,,,,,,4.65,
2024-02-29 09:00:00,,,,,,0.0,
2024-02-29 10:00:00,,,,,,1.64,
2024-02-29 11:00:00,,,,,,0.07,
2024-02-29 12:00:00,,,,,,0.0,
2024-02-29 13:00:00,,,,,,0.0,
2024-02-29 14:00:00,,,,,,0.0,
2024-02-29 15:00:00,,,,,,1.59,
2024-02-29 16:00:00,,,,,,0.0,
2024-02-29 17:00:00,,,,,,0.0,
2024-02-29 18:00:00,,,,,,0.03,
2024-02-29 19:00:00,,,,,,0.0,
2024-02-29 20:00:00,,,,,,0.0,
2024-02-29 21:00:00,,,,,,0.0,
2024-02-29 22:00:00,,,,,,0.0,
2024-02-29 23:00:00,,,,,,0.0,
2024-03-01 00:00:00,299.0323,991.7239,2.280716,89.84999,17.52432,0.0,
2024-03-01 01:00:00,299.53543,991.98987,2.0535488,88.83712,0.0,0.59,
2024-03-01 02:00:00,300.4181,991.5669,1.669237,83.541824,0.16645342,0.0,
2024-03-01 03:00:00,301.50885,990.81946,1.3716071,77.90114,0.043407083,0.04,
2024-03-01 04:00:00,302.07404,990.0687,0.5181979,74.07721,0.045944005,0.0,
2024-03-01 05:00:00,302.65808,989.0586,0.2979371,72.71375,0.13609976,0.0,
2024-03-01 06:00:00,303.46448,988.3173,0.9432098,71.38123,0.09659678,0.0,
2024-03-01 07:00:00,304.8817,987.3169,2.1141012,62.01794,0.027798116,0.0,
2024-03-01 08:00:00,305.07672,987.1704,1.9550087,60.596222,0.006273389,1.12,
2024-03-01 09:00:00,304.0165,987.5516,2.3883588,64.181366,0.14879555,0.03,
2024-03-01 10:00:00,302.82712,988.3247,1.9310809,72.605446,0.07621944,0.0,
2024-03-01 11:00:00,302.21362,989.2008,2.5418828,77.972046,0.0017210841,3.9199998,
2024-03-01 12:00:00,301.6391,989.7541,3.0540156,81.681725,0.0179708,0.0,
2024-03-01 13:00:00,301.05273,990.2455,3.4263084,85.04099,0.0,0.0,
2024-03-01 14:00:00,300.5754,990.4572,3.9129393,86.732544,0.0,0.62,
2024-03-01 15:00:00,300.1327,990.6845,3.3240159,87.8993,0.10561943,0.0,
2024-03-01 16:00:00,299.82794,990.08734,2.9339013,88.61587,0.05224347,0.0,
2024-03-01 17:00:00,299.59558,990.02,2.841161,89.368095,0.04608929,0.0,
2024-03-01 18:00:00,299.41315,989.77026,2.1498287,89.73132,0.38798153,0.0,
2024-03-01 19:00:00,299.1997,989.5666,2.484512,90.03916,0.016957521,0.0,
2024-03-01 20:00:00,299.1397,989.78485,2.519067,90.148155,0.007688999,0.0,
2024-03-01 21:00:00,299.0633,990.14984,2.4857824,90.53725,0.044092536,0.0,
2024-03-01 22:00:00,299.16748,991.0715,2.6856601,90.17059,0.066667795,0.0,
2024-03-01 23:00:00,299.23508,991.4509,3.0172944,90.06389,0.08730893,0.0,
2024-03-02 00:00:00,299.85876,991.9102,3.181454,86.38274,2.4684699,0.0,
2024-03-02 01:00:00,300.22403,992.2336,3.1172574,85.60657,0.0,0.0,
2024-03-02 02:00:00,301.2802,991.8719,2.8097985,79.92506,0.14322065,0.0,
2024-03-02 03:00:00,302.05457,991.3533,2.793233,76.930626,0.50369275,0.0,
2024-03-02 04:00:00,301.93164,990.61304,2.9667842,76.48033,0.8300394,0.0,
2024-03-02 05:00:00,301.40442,990.3008,4.254874,75.806496,0.8350387,0.0,
2024-03-02 06:00:00,301.8241,989.89233,3.540967,76.082596,0.6294772,0.0,
2024-03-02 07:00:00,303.25067,988.86127,4.999597,71.022835,0.06470829,0.67999995,
2024-03-02 08:00:00,303.3855,989.079,5.139943,70.15181,0.019408762,1.49,
2024-03-02 09:00:00,302.75024,988.894,4.754149,72.268364,0.0,0.0,
2024-03-02 10:00:00,301.96738,990.11017,3.2575145,76.67384,0.0,0.0,
2024-03-02 11:00:00,301.29474,990.7547,2.4120796,80.40543,0.0,0.0,
2024-03-02 12:00:00,300.89526,992.14844,2.3635418,82.70823,0.0017285347,0.0,
2024-03-02 13:00:00,300.51636,992.4378,2.5221605,84.14023,0.0,0.0,
2024-03-02 14:00:00,300.10104,992.2935,2.753604,85.66172,0.0,0.0,
2024-03-02 15:00:00,299.80243,992.4348,2.577614,86.987236,0.0,0.0,
2024-03-02 16:00:00,299.53204,991.988,2.2931976,88.37961,0.0,0.0,
2024-03-02 17:00:00,299.32495,991.7647,2.3588533,89.28534,0.0,0.0,
2024-03-02 18:00:00,299.18604,991.5774,2.1116514,89.95954,0.0,0.0,
2024-03-02 19:00:00,299.25616,991.80804,2.3853188,87.27308,0.0,0.0,
2024-03-02 20:00:00,299.14557,991.6053,2.2736638,87.86699,0.0,0.0,
2024-03-02 21:00:00,299.0724,992.08984,2.1794083,88.32768,0.0,0.0,
2024-03-02 22:00:00,299.09097,992.8736,2.0512974,88.52638,0.0017164275,0.0,
2024-03-02 23:00:00,299.87912,993.26733,2.5183713,83.90108,0.04848838,0.0,
2024-03-03 00:00:00,300.85107,993.85565,3.5646312,78.434494,3.2371223,0.0,
2024-03-03 01:00:00,301.61273,994.02203,3.8441525,74.48167,0.0,0.0,
2024-03-03 02:00:00,302.78046,993.61487,3.7429893,71.82706,0.0404343,0.41,
2024-03-03 03:00:00,303.58154,992.81445,3.7823706,70.466896,0.006556511,0.0,
2024-03-03 04:00:00,304.33032,992.0652,3.5668366,66.94585,0.0136345625,0.0,
2024-03-03 05:00:00,304.82007,991.28546,3.2696416,63.88801,0.015422702,0.0,
2024-03-03 06:00:00,304.5849,990.46173,3.0916643,64.2089,0.01090765,0.13,
2024-03-03 07:00:00,304.3239,990.7084,1.7188444,62.54651,0.028203432,0.28,
2024-03-03 08:00:00,304.18805,990.35706,0.852579,62.98401,0.0029876828,0.0,
2024-03-03 09:00:00,303.89755,990.4586,1.1632651,64.416336,0.0046640635,0.0,
2024-03-03 10:00:00,303.19943,991.3128,1.9929208,70.98965,0.0,0.0,
2024-03-03 11:00:00,302.2074,992.5081,2.5162637,77.235886,0.0,0.93999994,
2024-03-03 12:00:00,301.56635,992.98376,1.7459723,82.09168,0.0,0.35999998,
2024-03-03 13:00:00,301.1789,993.39825,1.4267162,85.39554,0.003412366,0.0,
2024-03-03 14:00:00,300.94434,993.6238,2.0267322,85.47114,0.021725893,0.08,
2024-03-03 15:00:00,300.646,993.55225,2.2454846,86.27874,0.023826957,0.0,
2024-03-03 16:00:00,300.29913,993.2036,1.978181,87.50655,0.0029802322,0.0,
2024-03-03 17:00:00,300.04865,993.03937,1.5533166,88.97469,0.0,0.0,
2024-03-03 18:00:00,299.88223,992.7458,1.6429435,89.57687,0.0,0.0,
2024-03-03 19:00:00,299.8692,992.52026,1.6171005,87.853676,0.0019215368,0.0,
2024-03-03 20:00:00,299.75,992.9955,1.5389392,88.70541,0.0051259995,0.0,
2024-03-03 21:00:00,299.56036,993.25586,1.1914828,90.46672,0.0,0.0,
2024-03-03 22:00:00,299.3625,993.54047,0.92969227,92.22978,0.0,0.0,
2024-03-03 23:00:00,300.3518,994.23553,1.3074262,84.64466,0.0,0.0,
2024-03-04 00:00:00,301.38232,994.40826,1.7987415,80.82315,0.23903479,0.0,
2024-03-04 01:00:00,302.27264,994.8617,1.6710199,78.61683,0.0,0.0,
2024-03-04 02:00:00,303.68085,994.158,1.505851,69.073875,0.054027885,0.0,
2024-03-04 03:00:00,303.7406,993.81116,1.3796833,67.83849,0.02193451,0.0,
2024-03-04 04:00:00,304.36536,992.8095,1.0784998,64.658,0.0132881105,0.0,
2024-03-04 05:00:00,305.06973,991.8661,0.5306213,62.244614,0.015228987,0.0,
2024-03-04 06:00:00,304.58722,990.7469,0.9259725,64.96597,0.3857687,0.0,
2024-03-04 07:00:00,306.3023,989.71783,0.7827554,59.09459,0.0029802322,0.61,
2024-03-04 08:00:00,306.32248,989.8323,0.3391356,57.118183,0.0017166021,0.0,
2024-03-04 09:00:00,305.35895,990.1914,1.2376643,59.84164,0.021398067,0.0,
2024-03-04 10:00:00,302.63138,991.7637,1.4639658,75.4214,1.4086068,0.0,
2024-03-04 11:00:00,301.6849,992.62885,1.0053246,80.07862,1.5365183,0.0,
2024-03-04 12:00:00,301.41568,993.19,0.66093534,82.180565,0.30480906,0.099999994,
2024-03-04 13:00:00,301.217,993.80347,0.7528179,83.303604,0.2603014,0.0,
2024-03-04 14:00:00,300.9437,993.88904,1.0829662,84.454956,0.16777217,1.62,
2024-03-04 15:00:00,300.4624,993.81525,1.1967089,87.249466,0.31599402,3.2299998,
2024-03-04 16:00:00,300.292,992.9889,0.77867967,88.01185,0.024452806,0.75,
2024-03-04 17:00:00,300.03162,992.72687,0.58426267,89.08929,0.33269683,2.3899999,
2024-03-04 18:00:00,299.60983,992.40765,1.3731833,87.13493,1.2105498,0.81999993,
2024-03-04 19:00:00,299.79984,991.9456,0.7692795,91.20414,0.03366545,0.0,
2024-03-04 20:00:00,299.67035,992.22876,0.88157856,92.17927,0.002596993,0.0,
2024-03-04 21:00:00,299.6561,992.6447,0.84024704,92.90655,0.005805865,0.0,
2024-03-04 22:00:00,299.60046,992.9504,0.7420211,94.18154,0.014603138,0.02,
2024-03-04 23:00:00,300.4073,993.22656,0.74745053,87.46431,0.0043809414,0.11,
2024-03-05 00:00:00,301.3263,993.5375,1.5083349,82.774376,6.1994314,1.2099999,
2024-03-05 01:00:00,302.22583,993.4833,2.1149502,77.46018,0.0,1.1999999,
2024-03-05 02:00:00,303.17255,992.9856,1.9549353,72.02839,0.23793802,0.39999998,
2024-03-05 03:00:00,303.82886,992.2967,1.0762038,70.10518,0.15637279,0.78999996,
2024-03-05 04:00:00,304.6906,991.2372,0.5116584,66.15397,0.11432916,0.0,
2024-03-05 05:00:00,304.82922,990.2489,0.29097646,64.33979,0.06467849,0.0,
2024-03-05 06:00:00,305.0788,989.5886,0.5399567,64.09314,0.059120357,0.0,
2024-03-05 07:00:00,304.13525,989.34436,0.8460099,68.80334,3.0883565,0.0,
2024-03-05 08:00:00,303.45917,989.4255,1.1388278,70.645874,2.186935,0.0,
2024-03-05 09:00:00,302.8414,989.0627,0.8490429,74.99925,0.061109662,0.0,
2024-03-05 10:00:00,302.55,990.6238,1.1956807,76.29267,0.88366866,0.0,
2024-03-05 11:00:00,301.66055,991.84875,0.65400416,82.177795,2.6977882,0.0,
2024-03-05 12:00:00,301.08612,992.3589,1.4105244,86.698654,0.4812926,0.0,
2024-03-05 13:00:00,300.9446,992.45825,0.8169218,87.25198,0.1462996,0.0,
2024-03-05 14:00:00,300.81073,992.3013,0.40278307,88.18606,0.05249679,0.0,
2024-03-05 15:00:00,300.5565,992.24097,0.48200276,91.10816,0.003427267,0.0,
2024-03-05 16:00:00,300.57785,991.7575,0.43466347,89.84172,0.0,0.0,
2024-03-05 17:00:00,300.1228,991.45276,0.8565298,93.17003,0.0,0.0,
2024-03-05 18:00:00,300.1712,991.17596,0.9459171,93.386284,0.0017127022,0.0,
2024-03-05 19:00:00,300.31097,990.452,1.6402248,91.23685,0.0287937,0.0,
2024-03-05 20:00:00,300.09875,990.6986,2.171338,90.8682,0.103241764,0.0,
2024-03-05 21:00:00,299.51364,991.2455,2.6445296,86.95368,1.7308593,0.0,
2024-03-05 22:00:00,299.40997,991.9304,2.3981385,88.47346,0.26082432,0.0,
2024-03-05 23:00:00,299.90662,992.5506,2.6911483,86.305725,0.20668283,0.0,
2024-03-06 00:00:00,301.05856,992.84424,2.7176898,80.575096,12.9744,0.0,
2024-03-06 01:00:00,302.10776,992.6473,2.1409805,75.86605,0.0,0.0,
2024-03-06 02:00:00,302.90244,991.9757,1.413035,74.83274,0.08026324,0.19999999,
2024-03-06 03:00:00,303.5601,991.1941,1.2408179,73.04389,0.08109957,0.84,
2024-03-06 04:00:00,304.57275,990.24005,1.5068929,67.45615,0.08442998,2.3899999,
2024-03-06 05:00:00,304.9577,989.3692,1.4704932,64.67767,0.060379505,1.66,
2024-03-06 06:00:00,305.16364,988.6598,0.75388,63.97237,0.033572316,0.0,
2024-03-06 07:00:00,305.56927,987.53735,0.7701343,58.966534,0.008270144,0.0,
2024-03-06 08:00:00,303.52933,987.2801,1.2156518,68.85029,0.726521,0.0,
2024-03-06 09:00:00,303.4203,987.92633,2.364594,71.83655,0.18833578,0.0,
2024-03-06 10:00:00,302.87354,988.9331,1.4883764,75.48643,0.06488862,0.0,
2024-03-06 11:00:00,302.43713,990.05096,1.0447346,78.8038,0.42121112,0.0,
2024-03-06 12:00:00,301.8194,990.9966,0.96094716,82.563354,1.1236964,0.0,
2024-03-06 13:00:00,300.95352,991.4282,1.612463,87.8439,1.8888116,0.0,
2024-03-06 14:00:00,300.2215,991.6555,1.7663945,89.910225,2.4679303,0.0,
2024-03-06 15:00:00,299.6873,991.34076,1.3009833,89.12581,2.8626475,0.0,
2024-03-06 16:00:00,299.0044,990.7285,1.4138323,89.99116,3.3540277,0.0,
2024-03-06 17:00:00,298.86777,989.92303,0.86060774,91.35719,0.096067786,0.0,
2024-03-06 18:00:00,298.91168,989.5771,1.0049576,91.6312,0.094756484,0.0,
2024-03-06 19:00:00,300.2846,989.6325,1.9723006,85.55434,0.0,0.16,
2024-03-06 20:00:00,300.00226,989.78687,1.7797996,87.86437,0.0,0.03,
2024-03-06 21:00:00,299.55975,989.97174,1.2583575,91.24943,0.0,0.01,
2024-03-06 22:00:00,299.4101,990.0737,0.9599543,93.291435,0.0,0.0,
2024-03-06 23:00:00,300.25732,990.4938,0.83402115,86.92459,0.0,0.0,
2024-03-07 00:00:00,301.19043,990.90857,1.3902892,82.47761,13.66713,0.0,
2024-03-07 01:00:00,302.14294,991.0617,1.8667859,77.3097,0.0,0.0,
2024-03-07 02:00:00,303.0263,990.645,2.173343,72.92543,0.15604496,0.0,
2024-03-07 03:00:00,303.44904,989.8666,2.1308463,71.04785,0.062625855,0.0,
2024-03-07 04:00:00,304.04083,989.1289,2.032494,70.04366,0.06505847,0.0,
2024-03-07 05:00:00,304.27893,988.1346,2.0127034,69.31214,0.06532669,0.0,
2024-03-07 06:00:00,304.00708,987.2464,1.7065142,68.68784,0.1340732,0.0,
2024-03-07 07:00:00,305.6748,986.17053,2.4236178,56.571014,0.0,0.0,
2024-03-07 08:00:00,305.87042,985.77374,2.654313,56.049927,0.0,0.0,
2024-03-07 09:00:00,305.54385,986.6456,2.0427573,57.933426,0.0,0.0,
2024-03-07 10:00:00,304.6491,987.99963,1.3045555,65.055916,0.001296401,0.0,
2024-03-07 11:00:00,303.1104,989.10345,1.4783779,75.198814,0.0,0.0,
2024-03-07 12:00:00,301.94308,990.3292,3.1067958,79.04712,0.03643334,0.0,
2024-03-07 13:00:00,300.93066,990.5668,3.3623693,85.54521,0.019684434,0.0,
2024-03-07 14:00:00,300.09106,990.78125,3.0496426,89.60181,0.028654933,1.0699999,
2024-03-07 15:00:00,299.42245,990.28406,2.0380905,91.1996,0.89152163,4.18,
2024-03-07 16:00:00,299.22064,989.8083,0.59263074,91.06119,0.2603233,7.4399996,
2024-03-07 17:00:00,299.16156,989.11414,0.9015387,91.05568,0.03606081,11.12,
2024-03-07 18:00:00,299.08054,988.5736,1.6822436,91.76283,0.013008714,16.880001,
2024-03-07 19:00:00,298.98767,988.193,2.5034974,92.39171,0.030726194,11.34,
2024-03-07 20:00:00,298.9848,988.3374,2.1635427,92.19855,0.014215708,6.27,
2024-03-07 21:00:00,298.91724,989.3083,2.0612202,92.83383,0.11742115,0.62,
2024-03-07 22:00:00,298.7883,989.5812,2.121067,92.63986,0.9495765,0.58,
2024-03-07 23:00:00,299.02716,989.7958,2.1143055,91.03662,0.3556311,0.02,
2024-03-08 00:00:00,299.62302,990.07,1.3381041,88.42476,3.4406812,0.0,
2024-03-08 01:00:00,300.67163,990.1428,0.48603237,84.623405,0.0,0.0,
2024-03-08 02:00:00,301.45435,989.9615,0.42547894,82.61588,0.0759922,0.0,
2024-03-08 03:00:00,301.86258,989.2955,0.8917955,81.379265,0.15185773,0.07,
2024-03-08 04:00:00,302.58176,988.4611,1.2444595,79.725624,0.19640476,0.049999997,
2024-03-08 05:00:00,303.64404,987.3883,1.4913135,73.74215,0.22295117,1.01,
2024-03-08 06:00:00,303.78772,986.6425,1.5885941,72.3262,0.3954321,0.75,
2024-03-08 07:00:00,304.3667,985.58563,0.49873453,68.49298,0.0054091215,0.0,
2024-03-08 08:00:00,303.56042,985.7612,1.4426631,70.98641,0.583902,0.0,
2024-03-08 09:00:00,301.43875,986.8055,3.4789426,80.14563,0.8639544,0.0,
2024-03-08 10:00:00,300.82526,987.6752,2.3587396,82.85154,0.42800605,0.0,
2024-03-08 11:00:00,300.55035,988.298,2.0803165,84.97909,0.080123544,0.0,
2024-03-08 12:00:00,300.39618,988.70844,1.6689253,86.28536,0.030070543,0.0,
2024-03-08 13:00:00,300.20532,989.2268,1.569593,87.453,0.08413498,0.0,
2024-03-08 14:00:00,299.96423,989.62726,1.7400616,88.41159,0.17242134,0.0,
2024-03-08 15:00:00,299.8036,989.2045,1.7042084,88.81505,0.14173985,1.16,
2024-03-08 16:00:00,299.69275,988.6839,1.3443209,88.9913,0.10211766,6.34,
2024-03-08 17:00:00,299.4124,988.06085,1.3321592,89.94888,0.19466877,11.23,
2024-03-08 18:00:00,299.17798,987.70044,1.513458,90.97003,0.12983358,11.959999,
2024-03-08 19:00:00,298.5976,987.4051,1.5806302,91.96604,0.05145371,10.01,
2024-03-08 20:00:00,298.66498,987.31256,1.7227992,91.169205,0.09915233,8.51,
2024-03-08 21:00:00,298.70184,987.945,2.0163836,90.700745,0.053092837,6.77,
2024-03-08 22:00:00,298.7149,988.301,2.0789685,90.29417,0.059232116,8.57,
2024-03-08 23:00:00,298.9651,988.9817,2.0268836,88.9573,0.08960068,5.91,
2024-03-09 00:00:00,299.48895,989.4825,1.8029518,85.956314,4.3602166,3.9899998,
2024-03-09 01:00:00,300.0453,989.79865,1.9658456,84.06746,0.0,2.1100001,
2024-03-09 02:00:00,300.50195,989.3206,2.0878413,82.71703,0.033570454,0.96,
2024-03-09 03:00:00,301.44434,988.33167,1.5860965,79.79797,0.06376952,0.45999998,
2024-03-09 04:00:00,302.32718,987.34106,1.8775529,77.244804,0.12669712,0.0,
2024-03-09 05:00:00,302.82715,986.2473,2.4684112,76.97507,0.15202165,0.0,
2024-03-09 06:00:00,303.23517,985.6799,2.825039,76.31746,0.06430596,1.6599998,
2024-03-09 07:00:00,302.09866,986.21936,2.9926913,82.00337,0.19064546,1.5699999,
2024-03-09 08:00:00,302.48334,986.4617,2.611009,78.586754,0.12333691,1.0699999,
2024-03-09 09:00:00,302.0657,986.33563,2.6725976,80.39214,0.91433525,0.71,
2024-03-09 10:00:00,301.6925,987.77466,1.7715572,83.53081,0.16057491,1.12,
2024-03-09 11:00:00,300.83258,988.7302,2.1020067,85.79787,3.295511,0.35999998,
2024-03-09 12:00:00,300.4444,989.1157,2.2706058,87.858116,0.301674,0.47,
2024-03-09 13:00:00,300.12512,989.775,2.624046,88.587166,0.16196072,1.26,
2024-03-09 14:00:00,299.77634,990.0767,1.5280893,89.20571,0.41255355,3.12,
2024-03-09 15:00:00,299.56342,990.0066,1.2201148,89.89014,0.69364905,1.0999999,
2024-03-09 16:00:00,299.5094,989.4511,1.2326494,89.3623,0.5118847,1.52,
2024-03-09 17:00:00,299.46277,988.9589,1.3836735,89.1742,0.15953183,1.6999999,
2024-03-09 18:00:00,299.19165,988.7318,1.5503838,90.60015,0.27373433,1.55,
2024-03-09 19:00:00,299.12506,988.28436,2.5437794,89.037796,1.7458797,1.16,
2024-03-09 20:00:00,298.80988,988.9508,2.372945,90.01698,0.4543364,0.24,
2024-03-09 21:00:00,298.67932,989.47205,2.4262223,90.68126,0.24601817,0.48,
2024-03-09 22:00:00,298.5772,989.8569,2.593284,91.10809,0.07723551,0.0,
2024-03-09 23:00:00,299.12512,990.4408,2.747966,88.87047,0.0051259995,0.0,
2024-03-10 00:00:00,300.11084,991.1609,3.5308938,84.76937,10.244179,0.0,
2024-03-10 01:00:00,301.2401,991.47345,3.7850418,79.26878,0.0,0.0,
2024-03-10 02:00:00,302.46802,990.8871,3.0477946,73.85633,0.15939586,0.0,
2024-03-10 03:00:00,303.17035,990.3775,2.4887664,72.65713,0.05225092,0.0,
2024-03-10 04:00:00,304.38107,989.4194,1.9659196,68.28919,0.025346875,0.0,
2024-03-10 05:00:00,304.7473,988.5478,1.6990671,66.563515,0.0061169267,0.0,
2024-03-10 06:00:00,303.6852,988.3284,3.0117612,70.56982,1.1274292,0.0,
2024-03-10 07:00:00,303.32785,988.11206,2.0205605,70.40153,0.24878979,0.0,
2024-03-10 08:00:00,303.46472,987.72845,1.0644305,69.92886,0.030368567,0.0,
2024-03-10 09:00:00,303.1411,988.4489,1.9701312,71.96939,0.21559,0.0,
2024-03-10 10:00:00,302.26425,989.11755,2.3178287,79.043724,0.02001226,0.0,
2024-03-10 11:00:00,301.54358,990.06177,2.3351963,83.74504,0.0,0.0,
2024-03-10 12:00:00,301.05063,990.84644,2.4320407,86.16552,0.0017136335,1.14,
2024-03-10 13:00:00,300.7893,991.34155,2.3183692,87.239716,0.0055730343,1.03,
2024-03-10 14:00:00,300.6479,991.48627,2.225019,87.74443,0.008359551,4.8999996,
2024-03-10 15:00:00,300.51135,991.4914,2.5693455,87.98616,0.014737248,8.17,
2024-03-10 16:00:00,300.3267,991.2177,2.6941512,88.459206,0.01232326,6.1099997,
2024-03-10 17:00:00,300.1222,990.5608,2.251516,89.51435,0.002413988,7.27,
2024-03-10 18:00:00,299.90356,990.2595,1.7457005,90.78637,0.058710575,1.3199999,
2024-03-10 19:00:00,299.7582,989.92096,1.1465651,92.375786,0.05708635,1.08,
2024-03-10 20:00:00,299.74915,989.84326,0.939921,92.910065,0.0,1.02,
2024-03-10 21:00:00,299.66043,990.45795,1.6049856,92.626884,0.003412366,0.0,
2024-03-10 22:00:00,299.4792,990.7667,1.9722145,92.87964,0.011056662,0.0,
2024-03-10 23:00:00,300.32806,991.29803,2.5772445,87.65871,0.01873076,0.0,
2024-03-11 00:00:00,301.29755,991.6258,3.173612,82.71739,2.1333547,0.0,
2024-03-11 01:00:00,302.2662,991.9216,2.9417558,79.85847,0.0,0.0,
2024-03-11 02:00:00,303.3167,991.42053,2.7467828,77.52799,0.06874278,0.84999996,
2024-03-11 03:00:00,304.32242,990.79047,2.9267812,71.67011,0.1479648,0.32,
2024-03-11 04:00:00,304.4444,990.01733,2.5281541,69.031075,0.11846796,0.0,
2024-03-11 05:00:00,304.6438,988.5453,1.8233228,67.49728,0.055845827,0.83,
2024-03-11 06:00:00,304.21198,987.90204,2.3363268,69.5093,0.9089485,0.35999998,
2024-03-11 07:00:00,302.8013,988.43756,1.2637782,73.883354,0.10644947,0.52,
2024-03-11 08:00:00,303.20303,988.3119,1.0241247,72.471115,0.02028048,1.0,
2024-03-11 09:00:00,302.88397,988.9975,1.7679329,74.58795,0.12318045,0.0,
2024-03-11 10:00:00,301.6361,989.7328,1.1331291,81.71876,1.4114454,0.0,
2024-03-11 11:00:00,300.8504,990.685,0.9853975,86.000885,2.1995602,0.0,
2024-03-11 12:00:00,300.19122,991.4599,0.84735376,89.689674,2.796173,1.03,
2024-03-11 13:00:00,299.8019,991.5913,0.8064535,91.13007,1.8718243,0.9,
2024-03-11 14:00:00,299.7698,991.24225,0.6847945,90.97183,0.10673702,4.14,
2024-03-11 15:00:00,299.67505,990.90234,0.43422025,91.72214,0.06517768,8.209999,
2024-03-11 16:00:00,299.5578,990.6891,0.6909438,92.36899,0.13709068,6.6099997,
2024-03-11 17:00:00,299.42987,990.28467,0.79385483,92.952034,0.4298836,4.45,
2024-03-11 18:00:00,299.26318,989.77466,0.86308783,93.622986,0.25224686,6.0299997,
2024-03-11 19:00:00,299.56863,989.36584,1.1464053,85.70137,0.01475215,6.06,
2024-03-11 20:00:00,299.30383,989.56274,1.1205791,87.36655,0.0045895576,1.4399999,
2024-03-11 21:00:00,299.28815,989.9988,1.9607329,86.91254,0.017613173,1.0899999,
2024-03-11 22:00:00,299.3451,990.4844,1.9114504,87.05213,0.011444092,0.0,
2024-03-11 23:00:00,300.14224,990.72546,2.30948,82.71818,0.004082918,0.0,
2024-03-12 00:00:00,301.00476,990.95544,3.5896075,78.055405,10.921259,0.0,
2024-03-12 01:00:00,301.97833,991.13025,4.3104615,74.41808,0.0,0.0,
2024-03-12 02:00:00,302.61163,990.6775,4.712266,72.21024,0.1865495,0.0,
2024-03-12 03:00:00,302.91473,990.3475,4.399732,74.48635,0.035304576,0.0,
2024-03-12 04:00:00,303.14044,989.08374,3.9923263,75.59435,0.16200915,0.0,
2024-03-12 05:00:00,303.70477,988.2481,4.613738,73.213646,0.19051135,1.35,
2024-03-12 06:00:00,302.95575,987.58185,4.680933,73.38803,4.268564,1.63,
2024-03-12 07:00:00,304.26874,986.6222,1.9357853,71.607,0.038072467,2.1599998,
2024-03-12 08:00:00,304.2555,986.5361,1.054918,70.94893,0.17247349,1.4399999,
2024-03-12 09:00:00,303.0318,987.1694,2.611,74.46292,1.5195384,1.53,
2024-03-12 10:00:00,300.59918,988.47125,3.102911,85.31035,2.8250365,1.71,
2024-03-12 11:00:00,300.13385,989.2497,1.2951635,87.55805,3.8588495,2.19,
2024-03-12 12:00:00,300.026,989.6437,0.24936076,87.3943,1.4181137,3.37,
2024-03-12 13:00:00,300.0916,990.1317,0.5660605,87.144066,0.09985268,0.0,
2024-03-12 14:00:00,299.93442,990.3054,0.9824973,89.24702,0.0059753656,0.0,
2024-03-12 15:00:00,299.77182,990.072,1.213199,91.13444,0.0,0.0,
2024-03-12 16:00:00,299.71658,989.568,1.5010661,91.58442,0.009149313,0.0,
2024-03-12 17:00:00,299.70282,989.1378,1.5558976,91.11015,0.03813207,0.0,
2024-03-12 18:00:00,299.79004,989.09485,2.0705109,89.799034,0.0346303,0.0,
2024-03-12 19:00:00,298.87677,988.8781,1.0992239,94.04136,0.004351139,0.0,
2024-03-12 20:00:00,298.8146,988.84827,0.75181687,94.407425,0.002592802,0.0,
2024-03-12 21:00:00,298.68958,989.01483,1.1206096,94.78666,0.0,0.0,
2024-03-12 22:00:00,298.7417,989.2612,1.5422014,94.893036,0.0,0.0,
2024-03-12 23:00:00,300.0959,989.84076,2.0236514,88.6454,0.0,0.0,
2024-03-13 00:00:00,301.64465,990.19,2.778876,80.96496,14.939994,0.0,
2024-03-13 01:00:00,303.23456,989.9897,4.093459,72.90531,0.0,0.0,
2024-03-13 02:00:00,304.5081,989.32306,5.3289123,64.81687,0.024888664,0.0,
2024-03-13 03:00:00,305.31174,988.47144,5.811749,59.561054,0.027574599,0.0,
2024-03-13 04:00:00,305.85443,987.7739,5.661143,56.684135,0.048719347,0.0,
2024-03-13 05:00:00,305.76593,986.95776,5.218786,56.5407,0.019595027,0.0,
2024-03-13 06:00:00,305.98322,986.5792,4.5004687,56.68852,0.031977892,0.0,
2024-03-13 07:00:00,306.5277,986.46265,3.9798858,51.723778,0.0,0.0,
2024-03-13 08:00:00,305.46313,986.54156,3.642962,55.35847,0.20857155,0.0,
2024-03-13 09:00:00,305.12155,986.5086,2.2828739,59.48423,0.0,0.0,
2024-03-13 10:00:00,303.96136,987.5222,1.6413537,68.68747,0.0,0.0,
2024-03-13 11:00:00,302.7571,988.5402,1.6410555,76.891045,0.0,0.0,
2024-03-13 12:00:00,302.29135,989.08575,2.0556018,77.01797,0.0,0.0,
2024-03-13 13:00:00,301.7588,989.6545,2.5215268,78.34185,0.005841255,0.0,
2024-03-13 14:00:00,301.1971,989.8806,3.6562932,79.205475,0.03066659,0.0,
2024-03-13 15:00:00,300.45636,990.0492,4.651611,80.903336,0.12433529,0.0,
2024-03-13 16:00:00,299.83405,989.5491,3.9051387,83.025375,0.06841123,0.0,
2024-03-13 17:00:00,299.3966,988.83453,2.9128392,84.998146,0.0,0.0,
2024-03-13 18:00:00,298.99234,988.28296,2.7739053,86.62282,0.0,0.0,
2024-03-13 19:00:00,299.29916,988.7855,2.3128366,89.044174,0.0012665987,0.0,
2024-03-13 20:00:00,298.9272,988.6064,1.9855999,91.71308,0.0,0.0,
2024-03-13 21:00:00,298.64224,988.84656,1.3307325,94.17407,0.0,0.0,
2024-03-13 22:00:00,298.3435,989.1856,0.83754987,96.46968,0.0,0.0,
2024-03-13 23:00:00,299.44757,989.7466,0.74555576,90.778694,0.0,0.0,
2024-03-14 00:00:00,300.9599,990.1794,0.71333796,81.92936,0.6175637,0.0,
2024-03-14 01:00:00,302.20908,990.4497,0.69443905,75.23738,0.0,0.0,
2024-03-14 02:00:00,303.26923,989.9481,0.72035396,69.920555,0.0,0.0,
2024-03-14 03:00:00,304.21265,989.3769,0.9648468,65.6016,0.008635223,0.0,
2024-03-14 04:00:00,305.15466,988.76843,1.5694008,61.471493,0.0026673079,0.0,
2024-03-14 05:00:00,305.86154,987.8016,1.7503191,59.283318,0.0,0.0,
2024-03-14 06:00:00,306.25803,986.98987,1.5259074,58.47279,0.0018030405,0.0,
2024-03-14 07:00:00,307.0669,986.5481,1.74448,51.888447,0.0,0.0,
2024-03-14 08:00:00,307.1006,986.6141,1.7989455,51.038277,0.0,0.0,
2024-03-14 09:00:00,306.29236,987.3714,2.6010017,54.109047,0.018432736,0.0,
2024-03-14 10:00:00,303.01746,988.96765,3.9019365,68.063034,0.4402101,0.0,
2024-03-14 11:00:00,301.1264,989.70404,4.078912,77.91688,0.49877167,0.0,
2024-03-14 12:00:00,300.3701,990.4936,3.5816312,83.15965,0.053346157,0.0,
2024-03-14 13:00:00,299.91876,990.52075,2.7232141,86.15904,0.04774332,0.0,
2024-03-14 14:00:00,299.73715,990.5117,2.1887667,87.72664,0.0,0.0,
2024-03-14 15:00:00,299.51,990.3805,1.8203199,89.07114,0.0,0.0,
2024-03-14 16:00:00,299.4229,990.03546,1.1339618,89.903175,0.0,0.0,
2024-03-14 17:00:00,299.48065,989.3201,0.71735394,88.687294,0.0,0.0,
2024-03-14 18:00:00,299.43622,988.9561,1.3249838,88.78378,0.0,0.0,
2024-03-14 19:00:00,299.32614,989.1244,1.9737735,90.56365,0.0,0.0,
2024-03-14 20:00:00,299.10162,989.02234,2.0487635,91.44264,0.0,0.0,
2024-03-14 21:00:00,298.88,989.2317,2.0610156,92.18246,0.0,0.0,
2024-03-14 22:00:00,298.67096,989.65906,2.328773,92.910805,0.0,0.0,
2024-03-14 23:00:00,299.35144,990.4357,3.2954965,88.83835,0.0,0.0,
2024-03-15 00:00:00,300.40973,990.8697,3.2965906,83.66694,1.073885,0.0,
2024-03-15 01:00:00,301.42587,991.025,2.6422591,78.71425,0.0,0.0,
2024-03-15 02:00:00,302.36182,990.65674,2.2520027,73.58725,0.019609928,0.0,
2024-03-15 03:00:00,303.0937,990.1309,2.6622188,68.870804,0.099137425,0.0,
2024-03-15 04:00:00,303.62433,989.4501,3.180083,65.83937,0.10150671,0.0,
2024-03-15 05:00:00,303.91345,988.6158,3.1670744,64.0618,0.08775294,0.0,
2024-03-15 06:00:00,304.12628,988.28656,2.8407478,62.85713,0.076681376,0.0,
2024-03-15 07:00:00,304.70227,987.59735,3.2849264,58.922417,0.0,0.0,
2024-03-15 08:00:00,304.2279,987.98663,4.1270394,61.972404,0.0,0.0,
2024-03-15 09:00:00,303.23596,988.60706,4.435341,66.81889,0.0013113022,0.0,
2024-03-15 10:00:00,301.97253,989.53217,3.6917977,73.535385,0.0,0.0,
2024-03-15 11:00:00,301.21237,990.3256,3.5260708,77.011696,0.0,0.0,
2024-03-15 12:00:00,300.67102,990.97266,3.6065376,79.22332,0.0,0.0,
2024-03-15 13:00:00,300.17163,991.29846,3.703803,81.60069,0.0,0.0,
2024-03-15 14:00:00,299.76987,991.4529,3.634629,83.6892,0.0,0.0,
2024-03-15 15:00:00,299.42224,991.242,3.2473526,85.4079,0.0,0.0,
2024-03-15 16:00:00,299.19455,990.84235,2.6224499,86.74041,0.0,0.0,
2024-03-15 17:00:00,299.026,990.42456,2.1002421,87.87372,0.0,0.0,
2024-03-15 18:00:00,298.91187,990.12286,1.6584214,88.777306,0.0,0.0,
2024-03-15 19:00:00,299.08734,989.55945,1.6077356,87.61559,0.0,0.0,
2024-03-15 20:00:00,299.0265,989.5706,1.3419845,88.414635,0.0,0.0,
2024-03-15 21:00:00,298.96545,989.878,1.3580092,88.66232,0.0,0.0,
2024-03-15 22:00:00,298.8825,990.48627,1.4232839,89.24082,0.0,0.0,
2024-03-15 23:00:00,299.60425,991.1092,1.7133746,84.11139,0.0,0.0,
2024-03-16 00:00:00,300.4562,991.4998,1.5769323,80.17708,0.38898945,0.0,
2024-03-16 01:00:00,301.181,991.7703,1.0836554,77.14026,0.0,0.0,
2024-03-16 02:00:00,301.9698,991.3996,1.3948315,74.57937,0.0,0.0,
2024-03-16 03:00:00,303.14777,990.8831,1.9321098,69.05,0.0027567148,0.0,
2024-03-16 04:00:00,303.9577,990.111,1.8238189,66.489746,0.07972866,0.0,
2024-03-16 05:00:00,304.25763,989.2514,1.5511587,66.77423,0.14913827,0.0,
2024-03-16 06:00:00,304.7276,988.5597,1.4546123,64.5871,0.0038817525,0.0,
2024-03-16 07:00:00,305.8648,987.69763,0.98770905,56.50587,0.0037252903,0.0,
2024-03-16 08:00:00,305.78845,987.7944,0.55424446,56.573772,0.0013783574,0.0,
2024-03-16 09:00:00,305.52478,988.1362,0.84089446,56.632404,0.0018030405,0.0,
2024-03-16 10:00:00,303.44098,989.21985,3.3555963,69.458405,0.0603199,0.0,
2024-03-16 11:00:00,301.43613,989.9428,4.6411176,80.11018,0.053331256,0.0,
2024-03-16 12:00:00,300.4732,990.67456,4.140162,84.630356,0.0,0.0,
2024-03-16 13:00:00,300.124,990.92334,3.779902,85.94655,0.0,0.0,
2024-03-16 14:00:00,299.8573,990.97314,3.8536637,86.88526,0.0,0.0,
2024-03-16 15:00:00,299.6384,990.3663,3.2723098,88.09031,0.0,0.0,
2024-03-16 16:00:00,299.46375,989.8855,2.7284174,89.37512,0.0,0.0,
2024-03-16 17:00:00,299.25348,989.1916,2.6692312,90.67201,0.0,0.0,
2024-03-16 18:00:00,299.095,988.9828,2.7309134,91.57166,0.0,0.0,
2024-03-16 19:00:00,298.5841,988.7922,3.8353126,91.620575,0.0,0.0,
2024-03-16 20:00:00,298.44937,988.9384,3.537036,92.50455,0.0,0.0,
2024-03-16 21:00:00,298.2156,989.0616,3.307061,93.66663,0.0,0.0,
2024-03-16 22:00:00,298.1671,989.87714,2.971164,93.954704,0.0,0.0,
2024-03-16 23:00:00,299.00836,990.5041,4.0827622,89.351036,0.0,0.0,
2024-03-17 00:00:00,300.24133,991.14545,4.179383,81.63364,0.35873055,0.0,
2024-03-17 01:00:00,301.89188,991.177,4.222524,74.25206,0.0,0.0,
2024-03-17 02:00:00,303.2994,990.6409,4.2380524,68.73917,0.0,0.0,
2024-03-17 03:00:00,304.61478,989.76373,4.2449403,62.908012,0.0,0.0,
2024-03-17 04:00:00,305.2959,988.9949,4.1603866,60.87392,0.0017434359,0.0,
2024-03-17 05:00:00,305.5744,987.8736,4.2824836,61.113705,0.0038594007,0.0,
2024-03-17 06:00:00,305.8047,987.3663,4.4476237,60.629715,0.0034794211,0.0,
2024-03-17 07:00:00,306.95682,986.63983,4.071485,55.493237,0.0,0.0,
2024-03-17 08:00:00,306.78918,986.8711,4.0554934,56.21322,0.0,0.0,
2024-03-17 09:00:00,305.88806,987.03217,4.0630474,61.00147,0.10817498,0.0,
2024-03-17 10:00:00,304.35706,988.10626,3.5192358,69.28321,0.0,0.0,
2024-03-17 11:00:00,303.1819,988.9972,3.8034995,74.49541,0.0,0.0,
2024-03-17 12:00:00,302.31305,989.6562,4.395346,77.07532,0.0,0.0,
2024-03-17 13:00:00,301.6759,990.146,5.040573,78.119225,0.0,0.0,
2024-03-17 14:00:00,301.06927,990.35956,5.7376847,79.52808,0.0,0.0,
2024-03-17 15:00:00,300.54956,990.302,6.2112155,82.63593,0.0,0.0,
2024-03-17 16:00:00,299.9735,990.0475,5.807027,86.56384,0.0,0.0,
2024-03-17 17:00:00,299.5762,989.8306,5.197702,88.83846,0.0,0.0,
2024-03-17 18:00:00,299.27142,989.7573,4.7268276,90.21322,0.0,0.0,
2024-03-17 19:00:00,299.14728,989.8758,4.6621733,88.3024,0.0,0.0,
2024-03-17 20:00:00,298.87384,990.04456,4.1448464,89.58071,0.0,0.0,
2024-03-17 21:00:00,298.6486,990.39526,3.8357854,90.721886,0.0,0.0,
2024-03-17 22:00:00,298.55304,990.8499,3.4196396,91.396286,0.0,0.0,
2024-03-17 23:00:00,299.42407,991.1194,3.7894762,87.59748,0.0,0.0,
2024-03-18 00:00:00,300.83005,991.17847,4.1488614,80.96678,0.11896491,0.0,
2024-03-18 01:00:00,302.36884,991.20483,4.0406685,74.07614,0.0,0.0,
2024-03-18 02:00:00,303.8069,990.57086,3.6016793,67.73807,0.0,0.0,
2024-03-18 03:00:00,305.05124,989.8711,3.2541456,62.726574,0.0,0.0,
2024-03-18 04:00:00,306.05917,989.26843,3.457689,59.324646,0.0,0.0,
2024-03-18 05:00:00,306.93222,988.3016,4.030309,56.623756,0.0,0.0,
2024-03-18 06:00:00,307.40253,987.77594,4.3343573,54.646374,0.0,0.0,
2024-03-18 07:00:00,307.9498,987.30347,4.7198615,49.45985,0.0,0.0,
2024-03-18 08:00:00,307.62665,987.53394,4.785643,50.537403,0.0,0.0,
2024-03-18 09:00:00,306.67065,987.68945,4.63358,55.02045,0.0,0.0,
2024-03-18 10:00:00,305.25226,988.7953,4.5762568,62.29675,0.0,0.0,
2024-03-18 11:00:00,303.63733,989.7664,5.6486564,69.28054,0.0,0.0,
2024-03-18 12:00:00,302.0626,990.6808,6.6322527,76.56008,0.0,0.0,
2024-03-18 13:00:00,301.20117,991.34125,6.452094,80.49672,0.0,0.0,
2024-03-18 14:00:00,300.70734,991.3619,5.856188,82.50664,0.0,0.0,
2024-03-18 15:00:00,300.2621,991.2156,5.384614,84.25191,0.0,0.0,
2024-03-18 16:00:00,299.90613,990.7706,4.9447575,85.5049,0.0,0.0,
2024-03-18 17:00:00,299.5669,990.4451,4.5424237,86.75795,0.0,0.0,
2024-03-18 18:00:00,299.3394,990.1912,4.296597,87.70929,0.0,0.0,
2024-03-18 19:00:00,298.94226,990.0172,4.497851,89.17727,0.0,0.0,
2024-03-18 20:00:00,298.78708,990.5514,4.0308137,90.07822,0.0,0.0,
2024-03-18 21:00:00,298.52838,990.81885,3.6554556,91.437164,0.0,0.0,
2024-03-18 22:00:00,298.42035,991.9087,3.281663,92.24602,0.0,0.0,
2024-03-18 23:00:00,299.3473,992.4263,5.143027,87.14161,0.0,0.0,
2024-03-19 00:00:00,300.9392,992.6878,5.401219,77.91538,0.0013418759,0.0,
2024-03-19 01:00:00,302.53314,992.3362,5.28748,69.1521,0.0,0.0,
2024-03-19 02:00:00,304.11334,991.5228,4.8916354,63.993298,0.0,0.0,
2024-03-19 03:00:00,305.48322,990.5111,4.556714,59.85052,0.0,0.0,
2024-03-19 04:00:00,306.5157,989.7809,4.3852954,55.524857,0.0,0.0,
2024-03-19 05:00:00,307.5829,988.61224,4.5786657,51.64638,0.0,0.0,
2024-03-19 06:00:00,308.28845,988.2391,4.8206983,48.64776,0.0,0.0,
2024-03-19 07:00:00,308.75787,987.5758,5.69271,50.09492,0.0,0.0,
2024-03-19 08:00:00,308.53333,987.8385,5.7264295,50.72174,0.0,0.0,
2024-03-19 09:00:00,307.7088,988.02313,5.864569,53.67779,0.0,0.0,
2024-03-19 10:00:00,306.24228,988.8732,5.3299766,60.16032,0.0,0.0,
2024-03-19 11:00:00,304.93652,989.26166,5.41016,64.85598,0.0,0.0,
2024-03-19 12:00:00,304.07343,989.78986,5.8051715,67.44225,0.0,0.0,
2024-03-19 13:00:00,303.3319,990.0037,6.036729,69.42911,0.0,0.0,
2024-03-19 14:00:00,302.54068,990.1264,6.420066,72.09278,0.0,0.0,
2024-03-19 15:00:00,301.63574,990.4079,6.3712163,76.06303,0.0,0.0,
2024-03-19 16:00:00,300.89862,990.42755,5.781884,80.27558,0.0,0.0,
2024-03-19 17:00:00,300.4213,990.39484,5.137482,83.98858,0.0,0.0,
2024-03-19 18:00:00,300.05508,990.15393,4.7747755,86.73111,0.0,0.0,
2024-03-19 19:00:00,299.58752,990.3586,5.352762,85.76805,0.0,0.0,
2024-03-19 20:00:00,299.38464,990.4497,5.124554,86.37895,0.0,0.0,
2024-03-19 21:00:00,299.19025,990.9871,4.907205,86.74465,0.0,0.0,
2024-03-19 22:00:00,299.02548,991.4208,4.205654,87.5683,0.0,0.0,
2024-03-19 23:00:00,300.02863,992.3604,4.0599995,83.39883,0.0,0.0,
2024-03-20 00:00:00,301.55527,992.6912,5.1545377,75.405914,0.00406825,0.0,
2024-03-20 01:00:00,303.1662,992.27856,4.6440578,67.53258,0.0,0.0,
2024-03-20 02:00:00,305.04004,991.5036,3.769447,59.573524,0.0,0.0,
2024-03-20 03:00:00,306.53445,990.63336,2.5383368,54.18108,0.0,0.0,
2024-03-20 04:00:00,307.71106,990.0458,1.9405853,49.97475,0.0022649765,0.0,
2024-03-20 05:00:00,308.77637,989.0803,1.8289386,45.580032,0.0,0.0,
2024-03-20 06:00:00,309.76852,988.58453,1.7868967,40.49382,0.0,0.0,
2024-03-20 07:00:00,311.4218,988.06354,3.8539503,28.317282,0.0,0.0,
2024-03-20 08:00:00,311.36987,987.8268,4.3665094,27.220228,0.0,0.0,
2024-03-20 09:00:00,310.47107,988.33325,4.8047185,30.13212,0.0,0.0,
2024-03-20 10:00:00,308.84875,989.2692,5.2915893,34.885548,0.0,0.0,
2024-03-20 11:00:00,307.4868,990.225,5.8435235,37.69877,0.0,0.0,
2024-03-20 12:00:00,306.52124,991.1758,5.3228827,39.697704,0.0,0.0,
2024-03-20 13:00:00,305.38846,991.5733,4.1541033,43.263947,0.0,0.0,
2024-03-20 14:00:00,304.4668,991.6887,4.177814,45.17616,0.0,0.0,
2024-03-20 15:00:00,303.98886,991.7519,5.6550007,43.9698,0.0,0.0,
2024-03-20 16:00:00,303.193,991.66205,6.6806297,46.820797,0.0,0.0,
2024-03-20 17:00:00,302.1184,991.80255,6.2982154,51.93526,0.0,0.0,
2024-03-20 18:00:00,301.2057,991.76373,5.8048997,54.694687,0.0,0.0,
2024-03-20 19:00:00,300.57962,991.3854,5.2287164,56.605602,0.0,0.0,
2024-03-20 20:00:00,299.80405,991.6928,5.2845626,56.86689,0.0,0.0,
2024-03-20 21:00:00,299.11557,992.04846,5.7991223,57.096798,0.0,0.0,
2024-03-20 22:00:00,298.6733,992.7478,5.3849945,57.710583,0.0,0.0,
2024-03-20 23:00:00,299.56348,993.18506,6.0490017,54.56721,0.0,0.0,
2024-03-21 00:00:00,301.0268,993.4558,7.224141,51.527386,0.0022649765,0.0,
2024-03-21 01:00:00,302.63428,993.0666,7.297069,48.57061,0.0,0.0,
2024-03-21 02:00:00,304.75415,992.0086,7.7922077,44.81379,0.0,0.0,
2024-03-21 03:00:00,306.29758,990.6638,8.561919,41.23927,0.0,0.0,
2024-03-21 04:00:00,306.52457,989.70544,8.72283,41.1764,0.0,0.0,
2024-03-21 05:00:00,306.02258,988.90125,8.686065,43.046795,0.0,0.0,
2024-03-21 06:00:00,305.3223,988.7832,8.57943,45.54408,0.0,0.0,
2024-03-21 07:00:00,306.3291,987.80096,10.066256,44.142628,0.0,0.0,
2024-03-21 08:00:00,304.9016,988.4279,9.980952,48.003258,0.0,0.0,
2024-03-21 09:00:00,303.37982,989.19763,9.465346,51.954597,0.0,0.0,
2024-03-21 10:00:00,301.84558,990.19104,8.38903,56.516624,0.0,0.0,
2024-03-21 11:00:00,300.9105,991.0959,8.006656,59.50436,0.0,0.0,
2024-03-21 12:00:00,300.38318,991.52014,7.2593064,61.384712,0.0,0.0,
2024-03-21 13:00:00,300.03943,991.8108,6.8818855,62.63755,0.0,0.0,
2024-03-21 14:00:00,299.73486,991.67505,6.810739,63.873978,0.0,0.0,
2024-03-21 15:00:00,299.4304,991.41315,6.765441,65.02516,0.0,0.0,
2024-03-21 16:00:00,299.19757,990.82007,6.415988,65.73899,0.0,0.0,
2024-03-21 17:00:00,298.92493,990.27966,6.003139,66.96329,0.0,0.0,
2024-03-21 18:00:00,298.79694,989.96716,5.400488,67.946724,0.0,0.0,
2024-03-21 19:00:00,298.78085,990.23,5.666595,70.37059,0.0,0.0,
2024-03-21 20:00:00,298.58337,990.53595,5.495068,71.24737,0.009375811,0.0,
2024-03-21 21:00:00,298.24762,990.3967,5.2546506,72.85338,0.03916025,0.0,
2024-03-21 22:00:00,298.07028,991.0639,5.4316173,73.36338,0.016599897,0.0,
2024-03-21 23:00:00,298.03467,991.5627,5.9304686,72.90343,0.0,0.0,
2024-03-22 00:00:00,298.28143,992.08405,7.1934757,71.39196,0.066030025,0.0,
2024-03-22 01:00:00,298.5893,992.1205,7.504966,70.2738,0.0,0.0,
2024-03-22 02:00:00,299.29578,991.7621,7.3866296,67.87348,0.0066533685,0.0,
2024-03-22 03:00:00,299.9379,991.1551,7.0885262,66.09548,0.01270324,0.0,
2024-03-22 04:00:00,300.4825,990.35016,6.476365,64.2367,0.0061541796,0.0,
2024-03-22 05:00:00,301.0551,989.56714,6.3599114,62.31704,0.0051930547,0.0,
2024-03-22 06:00:00,301.4803,989.1669,6.465659,60.837173,0.0104010105,0.0,
2024-03-22 07:00:00,303.0469,988.64197,6.805019,55.177223,0.0,0.0,
2024-03-22 08:00:00,303.01904,988.6181,6.935272,55.26995,0.0,0.0,
2024-03-22 09:00:00,302.54688,989.1914,7.5030403,56.971973,0.0,0.0,
2024-03-22 10:00:00,301.66125,990.09796,7.3829093,60.11064,0.0,0.0,
2024-03-22 11:00:00,300.9947,991.15045,7.3237467,62.072796,0.0,0.0,
2024-03-22 12:00:00,300.43884,991.8466,7.298982,63.43052,0.0,0.0,
2024-03-22 13:00:00,299.87177,992.18744,7.1300073,64.993675,0.0,0.0,
2024-03-22 14:00:00,299.3147,992.33685,6.8599057,67.038666,0.0,0.0,
2024-03-22 15:00:00,298.8405,992.0521,6.422441,68.84622,0.0,0.0,
2024-03-22 16:00:00,298.47073,991.6958,5.9017687,70.24262,0.0,0.0,
2024-03-22 17:00:00,298.1614,991.1713,5.6955028,71.43972,0.0,0.0,
2024-03-22 18:00:00,297.937,991.1941,5.5725527,72.27957,0.0021904707,0.0,
2024-03-22 19:00:00,297.7475,990.79846,5.897203,74.47385,0.058481093,0.0,
2024-03-22 20:00:00,297.53915,991.0469,5.8454003,74.73213,0.013896476,0.0,
2024-03-22 21:00:00,297.33997,991.1639,5.858419,74.90108,0.0026646813,0.0,
2024-03-22 22:00:00,297.2107,991.62524,5.8398924,74.90491,0.0,0.0,
2024-03-22 23:00:00,297.47052,992.23157,6.0541577,73.51987,0.0,0.0,
2024-03-23 00:00:00,298.12604,992.7081,6.118591,71.238144,0.12322068,0.0,
2024-03-23 01:00:00,299.23755,992.99164,6.0187283,69.04102,0.0,0.0,
2024-03-23 02:00:00,300.3344,992.47327,5.118021,65.52444,0.0017173588,0.0,
2024-03-23 03:00:00,301.11578,991.78467,4.461117,63.378124,0.0025741756,0.0,
2024-03-23 04:00:00,301.8908,990.9934,4.277607,61.037342,0.0034570694,0.0,
2024-03-23 05:00:00,302.31403,990.15765,4.689265,59.13979,0.0055506825,0.0,
2024-03-23 06:00:00,302.5232,990.0296,5.6102524,57.77356,0.0018626451,0.0,
2024-03-23 07:00:00,301.31946,990.03625,6.135825,62.419426,0.0,0.0,
2024-03-23 08:00:00,300.50317,990.65955,7.396442,64.097305,0.0,0.0,
2024-03-23 09:00:00,299.47247,991.1477,7.776449,66.53568,0.0,0.0,
2024-03-23 10:00:00,298.58694,992.1512,7.449765,69.32968,0.0,0.0,
2024-03-23 11:00:00,297.91522,992.8692,7.220876,72.091255,0.0,0.0,
2024-03-23 12:00:00,297.46002,993.448,6.8317327,74.048195,0.0,0.0,
2024-03-23 13:00:00,297.12952,993.7886,6.3482685,75.59832,0.0,0.0,
2024-03-23 14:00:00,296.9359,994.12366,5.7680197,76.63378,0.0018030405,0.0,
2024-03-23 15:00:00,296.81625,993.47406,5.4726634,77.4084,0.0,0.0,
2024-03-23 16:00:00,296.90015,992.92725,5.3886714,77.82057,0.0,0.0,
2024-03-23 17:00:00,296.82867,992.4986,4.9180593,78.266365,0.0,0.0,
2024-03-23 18:00:00,296.68735,992.10565,4.5472736,79.27655,0.0026524067,0.0,
2024-03-23 19:00:00,296.4659,992.38806,5.309329,77.28612,0.0,0.01,
2024-03-23 20:00:00,296.4115,992.14734,4.6970935,77.75031,0.0,0.0,
2024-03-23 21:00:00,296.43372,992.4947,4.5507693,77.74983,0.0,0.0,
2024-03-23 22:00:00,296.38635,992.8399,3.9414837,77.9493,0.0,0.0,
2024-03-23 23:00:00,296.75726,993.3836,4.5560746,76.55745,0.0,0.0,
2024-03-24 00:00:00,297.4871,993.7455,4.404821,74.00097,0.02233982,0.0,
2024-03-24 01:00:00,298.93674,993.8924,4.150989,69.12526,0.0,0.0,
2024-03-24 02:00:00,300.4571,993.30975,3.68171,63.96765,0.0,0.0,
2024-03-24 03:00:00,302.13068,992.24365,3.1089582,58.014126,0.0,0.0,
2024-03-24 04:00:00,303.23462,991.3816,2.5598075,53.504837,0.0,0.0,
2024-03-24 05:00:00,304.43323,990.2658,2.2894685,48.93359,0.0,0.0,
2024-03-24 06:00:00,304.49493,990.014,3.3916137,48.35902,0.0,0.0,
2024-03-24 07:00:00,302.18555,990.84314,2.6635842,56.949623,0.003874302,0.0,
2024-03-24 08:00:00,302.02316,991.22766,3.6209912,57.071365,0.0,0.0,
2024-03-24 09:00:00,301.4077,991.7053,4.506074,58.750896,0.0,0.0,
2024-03-24 10:00:00,300.62128,992.1861,5.410052,61.178734,0.0,0.0,
2024-03-24 11:00:00,299.79395,992.8501,5.7224474,64.06176,0.0,0.0,
2024-03-24 12:00:00,299.15775,993.54047,5.6104593,66.67268,0.0,0.0,
2024-03-24 13:00:00,298.6915,993.99365,5.399597,68.82402,0.0,0.0,
2024-03-24 14:00:00,298.25684,994.0525,4.882616,70.900116,0.0,0.0,
2024-03-24 15:00:00,297.92648,994.0203,4.4102287,72.445404,0.0,0.0,
2024-03-24 16:00:00,297.63544,993.62445,3.8376873,73.79837,0.0,0.0,
2024-03-24 17:00:00,297.4807,993.22845,3.3385203,74.63272,0.0,0.0,
2024-03-24 18:00:00,297.35703,992.96594,2.7551186,75.466385,0.0,0.0,
2024-03-24 19:00:00,296.9456,992.52405,2.2139547,77.0023,0.0,0.0,
2024-03-24 20:00:00,296.85767,992.77075,1.7878343,77.480545,0.0,0.0,
2024-03-24 21:00:00,296.73108,992.819,1.3194846,78.3056,0.0,0.0,
2024-03-24 22:00:00,296.6597,993.55524,1.0127758,79.09929,0.006824731,0.0,
2024-03-24 23:00:00,297.03873,994.01764,0.5328108,76.68963,0.0055134296,0.0,
2024-03-25 00:00:00,298.1703,994.41425,0.7346912,71.97272,0.02451539,0.0,
2024-03-25 01:00:00,299.9807,994.8239,1.8532367,64.715126,0.0,0.0,
2024-03-25 02:00:00,302.44925,994.07513,3.7141027,54.683613,0.0071004033,0.0,
2024-03-25 03:00:00,303.70062,993.5364,4.2965255,48.792965,0.0,0.0,
2024-03-25 04:00:00,304.9184,992.565,4.65514,43.72302,0.0,0.0,
2024-03-25 05:00:00,305.9444,991.6794,4.9551206,39.811073,0.0,0.0,
2024-03-25 06:00:00,306.40363,991.1461,5.2228694,37.523506,0.0,0.0,
2024-03-25 07:00:00,306.8215,990.6909,5.2152143,36.415207,0.0,0.0,
2024-03-25 08:00:00,306.25208,991.10736,5.922271,37.960014,0.0,0.0,
2024-03-25 09:00:00,305.19568,991.8133,6.4559865,41.45112,0.0,0.0,
2024-03-25 10:00:00,303.96136,992.6852,5.721409,45.816444,0.0,0.0,
2024-03-25 11:00:00,302.95538,993.37787,4.8468866,49.856888,0.0,0.0,
2024-03-25 12:00:00,302.2254,993.95166,4.207334,53.06002,0.0,0.0,
2024-03-25 13:00:00,301.60614,994.32367,3.6802042,55.82555,0.0,0.0,
2024-03-25 14:00:00,300.81082,994.595,3.3731706,59.087955,0.0,0.0,
2024-03-25 15:00:00,300.17505,994.71844,3.5258074,61.60718,0.0,0.0,
2024-03-25 16:00:00,299.523,994.753,3.9546754,64.16158,0.0,0.0,
2024-03-25 17:00:00,298.73343,994.6449,4.260449,67.27909,0.0,0.0,
2024-03-25 18:00:00,298.07587,994.647,4.284651,69.940605,0.0,0.0,
2024-03-25 19:00:00,297.63757,994.8633,2.6878881,75.999725,0.0,0.0,
2024-03-25 20:00:00,297.0892,995.02655,2.4376526,79.026924,0.0,0.0,
2024-03-25 21:00:00,296.52643,995.4931,2.2067385,82.16732,0.0,0.0,
2024-03-25 22:00:00,296.16168,996.0483,2.0954013,84.34137,0.0,0.0,
2024-03-25 23:00:00,297.5403,996.4902,2.37819,76.48028,0.0,0.0,
2024-03-26 00:00:00,299.4754,996.79956,2.0885675,66.74412,0.008817054,0.0,
2024-03-26 01:00:00,301.44406,996.7929,1.7205571,58.181606,0.0,0.0,
2024-03-26 02:00:00,303.24094,996.26904,1.711631,49.713333,0.0,0.0,
2024-03-26 03:00:00,304.70776,995.39343,2.1282547,43.821274,0.0,0.0,
2024-03-26 04:00:00,306.00912,994.6297,2.5830016,38.646378,0.0,0.0,
2024-03-26 05:00:00,306.86127,993.3335,2.9632533,34.98844,0.0,0.0,
2024-03-26 06:00:00,307.38275,992.8756,3.2429762,32.729073,0.0,0.0,
2024-03-26 07:00:00,307.7553,993.02484,3.0827787,32.383507,0.0,0.0,
2024-03-26 08:00:00,307.56335,993.21576,3.2787077,32.238064,0.0,0.0,
2024-03-26 09:00:00,306.98993,993.27966,3.652984,33.309692,0.0,0.0,
2024-03-26 10:00:00,306.05725,993.5602,4.189209,35.936962,0.0,0.0,
2024-03-26 11:00:00,305.0295,994.305,4.279621,39.450066,0.0,0.0,
2024-03-26 12:00:00,304.07465,995.0301,4.36653,42.859703,0.0,0.0,
2024-03-26 13:00:00,302.99554,995.7097,4.0375156,46.744415,0.0,0.0,
2024-03-26 14:00:00,302.1645,996.0583,3.7684102,50.001274,0.0,0.0,
2024-03-26 15:00:00,301.34485,995.7551,3.4512758,53.099354,0.0,0.0,
2024-03-26 16:00:00,300.56506,995.6655,3.2150154,56.212624,0.0,0.0,
2024-03-26 17:00:00,299.77417,995.50366,3.212936,59.66338,0.0,0.0,
2024-03-26 18:00:00,299.10355,995.27985,3.3868155,63.13089,0.0,0.0,
2024-03-26 19:00:00,298.46002,995.45825,2.1668358,66.14416,0.0,0.0,
2024-03-26 20:00:00,297.85315,995.52814,2.5691783,68.402985,0.0,0.0,
2024-03-26 21:00:00,297.31976,995.8148,2.728257,71.17736,0.0,0.0,
2024-03-26 22:00:00,296.91382,996.2598,2.6668508,74.010864,0.0,0.0,
2024-03-26 23:00:00,298.41193,996.7561,2.8822184,68.40932,0.0,0.0,
2024-03-27 00:00:00,301.00247,997.1772,2.8629181,57.542534,0.0,0.0,
2024-03-27 01:00:00,303.31805,997.1316,2.273548,47.62443,0.0,0.0,
2024-03-27 02:00:00,304.8313,996.839,1.1391246,41.22238,0.0,0.0,
2024-03-27 03:00:00,305.9765,995.831,0.6119497,37.54461,0.0,0.0,
2024-03-27 04:00:00,307.10138,995.1827,1.0056398,34.062332,0.0,0.0,
2024-03-27 05:00:00,308.10846,994.0146,1.8099158,30.785662,0.0,0.0,
2024-03-27 06:00:00,308.84265,993.40656,2.484624,28.426466,0.0,0.0,
2024-03-27 07:00:00,309.33704,992.5418,2.559597,26.949978,0.0,0.0,
2024-03-27 08:00:00,309.19626,992.3075,2.8150396,26.720745,0.0,0.0,
2024-03-27 09:00:00,308.71802,992.5757,3.2048264,27.422369,0.0,0.0,
2024-03-27 10:00:00,307.81665,992.8741,3.58546,29.535618,0.0,0.0,
2024-03-27 11:00:00,306.83942,993.96326,3.4879487,32.734356,0.0,0.0,
2024-03-27 12:00:00,305.59393,994.52374,3.8364797,36.71826,0.0,0.0,
2024-03-27 13:00:00,304.34866,994.78906,4.153752,41.116467,0.0,0.0,
2024-03-27 14:00:00,303.26184,994.9331,3.9072044,45.203194,0.0,0.0,
2024-03-27 15:00:00,302.39694,994.78174,4.0169806,48.44315,0.0,0.0,
2024-03-27 16:00:00,301.5679,994.6705,4.0465484,52.011913,0.0,0.0,
2024-03-27 17:00:00,300.71954,994.60095,2.9557514,56.939285,0.0,0.0,
2024-03-27 18:00:00,300.00446,994.6343,2.6393738,61.353962,0.0,0.0,
2024-03-27 19:00:00,299.31274,994.8264,2.7994444,61.240448,0.0,0.0,
2024-03-27 20:00:00,298.66693,994.6925,3.4037664,66.12188,0.0,0.0,
2024-03-27 21:00:00,298.01782,995.0086,3.5392923,71.97793,0.0,0.0,
2024-03-27 22:00:00,297.5268,995.4412,3.2724578,76.58516,0.0,0.0,
2024-03-27 23:00:00,298.61285,995.74445,3.3711405,72.64229,0.0,0.0,
2024-03-28 00:00:00,300.95703,996.02423,3.0725338,59.974564,0.0,0.0,
2024-03-28 01:00:00,303.45828,996.1863,2.660893,47.416,0.0,0.0,
2024-03-28 02:00:00,305.34412,995.46344,2.2734,39.900093,0.0,0.0,
2024-03-28 03:00:00,306.82437,994.6691,1.9393641,35.073593,0.0,0.0,
2024-03-28 04:00:00,308.00073,993.7377,2.0369518,32.050888,0.0,0.0,
2024-03-28 05:00:00,308.94867,992.89703,2.9379022,29.606104,0.0,0.0,
2024-03-28 06:00:00,309.43732,992.30475,3.1353807,29.295046,0.0,0.0,
2024-03-28 07:00:00,309.72272,991.235,3.3523886,25.800259,0.0,0.0,
2024-03-28 08:00:00,309.78885,991.15936,3.4509683,26.086203,0.0,0.0,
2024-03-28 09:00:00,309.0823,991.22876,3.701138,27.948254,0.0,0.0,
2024-03-28 10:00:00,308.2123,992.2375,3.8921218,30.67769,0.0,0.0,
2024-03-28 11:00:00,307.19818,992.83,3.5945272,34.202106,0.0,0.0,
2024-03-28 12:00:00,306.18784,993.76984,4.075073,38.26619,0.0,0.0,
2024-03-28 13:00:00,304.95465,994.12366,4.3258862,43.491173,0.0,0.0,
2024-03-28 14:00:00,303.99426,994.77655,3.92508,47.933464,0.0,0.0,
2024-03-28 15:00:00,303.0122,994.9833,3.272058,52.349518,0.0017136335,0.0,
2024-03-28 16:00:00,302.2826,995.28406,2.8286812,55.905087,0.0,0.0,
2024-03-28 17:00:00,301.88312,995.0084,2.5737457,58.35779,0.0,0.0,
2024-03-28 18:00:00,301.36676,994.95013,2.3647137,61.384617,0.0,0.0,
2024-03-28 19:00:00,300.69662,994.85376,3.1828492,61.540257,0.0,0.0,
2024-03-28 20:00:00,299.95416,994.9402,3.109741,65.76514,0.0,0.0,
2024-03-28 21:00:00,299.2892,995.4614,2.9891055,70.10029,0.0,0.0,
2024-03-28 22:00:00,298.8643,996.08923,2.6203337,73.4759,0.0,0.0,
2024-03-28 23:00:00,299.37665,996.65393,2.5878348,72.08131,0.0,0.0,
2024-03-29 00:00:00,300.99344,997.1475,2.3925374,64.362595,0.002592802,0.0,
2024-03-29 01:00:00,302.79974,997.11237,2.023828,56.130093,0.0,0.0,
2024-03-29 02:00:00,304.61896,996.3674,1.5502747,49.297665,0.0,0.0,
2024-03-29 03:00:00,306.2847,995.5354,1.3252711,43.362274,0.0057443976,0.0,
2024-03-29 04:00:00,307.31458,994.8823,1.7402769,40.02558,0.0,0.0,
2024-03-29 05:00:00,308.28882,993.8501,1.6044519,37.67472,0.0,0.0,
2024-03-29 06:00:00,309.01532,993.34357,1.5789075,36.020977,0.0,0.0,
2024-03-29 07:00:00,309.53436,993.0039,2.4859939,33.026836,0.0,0.0,
2024-03-29 08:00:00,309.25067,993.0422,2.5376542,33.741123,0.0,0.0,
2024-03-29 09:00:00,308.43146,993.2566,2.4077961,35.69457,0.026382506,0.0,
2024-03-29 10:00:00,307.65363,994.1844,2.4289296,38.118675,0.0,0.0,
2024-03-29 11:00:00,307.13043,995.28204,2.1504745,39.985023,0.0,0.0,
2024-03-29 12:00:00,306.55286,996.0563,1.8084719,42.70698,0.00834465,0.0,
2024-03-29 13:00:00,305.55228,997.02985,3.3531804,46.07052,0.046029687,0.0,
2024-03-29 14:00:00,304.36725,997.3956,3.380814,50.59327,0.06891787,0.0,
2024-03-29 15:00:00,303.89175,997.0723,2.0496535,52.932484,0.0,0.0,
2024-03-29 16:00:00,303.48257,997.0676,1.4506702,55.35949,0.0,0.0,
2024-03-29 17:00:00,302.89407,996.3906,1.5804882,58.396965,0.0,0.0,
2024-03-29 18:00:00,302.27982,996.2603,1.8491484,61.309444,0.0,0.0,
2024-03-29 19:00:00,301.30804,996.3086,2.8234694,63.22368,0.0,0.0,
2024-03-29 20:00:00,300.51337,996.42017,2.580719,66.47506,0.0,0.0,
2024-03-29 21:00:00,299.92108,996.7544,2.2276964,68.88958,0.0,0.0,
2024-03-29 22:00:00,299.4873,997.1189,1.8083682,70.8139,0.0,0.0,
2024-03-29 23:00:00,300.4436,997.70435,1.9035127,65.24278,0.0,0.0,
2024-03-30 00:00:00,302.53693,998.0648,2.0532331,55.06971,0.15717745,0.0,
2024-03-30 01:00:00,304.76538,998.07635,1.9650989,46.610283,0.0,0.0,
2024-03-30 02:00:00,306.50928,997.72107,1.476073,42.12017,0.0,0.0,
2024-03-30 03:00:00,308.05124,996.89874,1.5360136,38.353245,0.0,0.0,
2024-03-30 04:00:00,309.32465,996.2414,2.0854118,35.162075,0.0,0.0,
2024-03-30 05:00:00,309.78668,995.1069,2.466492,33.887337,0.0,0.0,
2024-03-30 06:00:00,310.20142,994.7784,2.4050617,33.16277,0.0,0.0,
2024-03-30 07:00:00,310.19843,994.2681,2.069089,34.02859,0.0,0.0,
2024-03-30 08:00:00,309.87503,994.42096,2.2499416,34.525345,0.0,0.0,
2024-03-30 09:00:00,309.6994,994.59674,3.2485695,34.977283,0.0054761767,0.0,
2024-03-30 10:00:00,308.15076,995.492,5.2492332,39.79025,0.0,0.0,
2024-03-30 11:00:00,307.01764,996.10547,5.0752444,44.868896,0.0,0.0,
2024-03-30 12:00:00,306.47437,996.66,4.3157005,46.865524,0.0,0.0,
2024-03-30 13:00:00,306.0055,996.75275,4.2878947,48.39323,0.0,0.0,
2024-03-30 14:00:00,305.65793,997.10236,4.2172036,49.45603,0.0,0.0,
2024-03-30 15:00:00,305.23224,996.8755,4.6806073,50.46326,0.0,0.0,
2024-03-30 16:00:00,304.91052,996.55347,4.7452707,51.240643,0.0,0.0,
2024-03-30 17:00:00,304.33212,995.88007,4.336268,52.882652,0.0,0.0,
2024-03-30 18:00:00,303.8827,995.3906,4.0775623,53.98957,0.0,0.0,
2024-03-30 19:00:00,303.45126,995.10297,3.2236755,55.202953,0.0,0.0,
2024-03-30 20:00:00,302.8421,995.26794,2.6644077,57.563995,0.0,0.0,
2024-03-30 21:00:00,302.17978,995.38654,1.6890038,62.29015,0.0,0.0,
2024-03-30 22:00:00,302.07837,996.1369,0.32116616,61.717583,0.0,0.0,
2024-03-30 23:00:00,303.1928,996.5711,0.8098913,56.803608,0.0,0.0,
2024-03-31 00:00:00,305.00183,997.2263,1.6613673,50.015343,0.007191039,0.0,
2024-03-31 01:00:00,306.86557,996.90436,2.1270626,43.630306,0.0,0.0,
2024-03-31 02:00:00,308.7315,996.20386,2.7682147,37.00365,0.0,0.0,
2024-03-31 03:00:00,310.01483,995.46606,3.1785989,31.554192,0.0,0.0,
2024-03-31 04:00:00,311.39767,994.30505,3.561867,27.032228,0.0,0.0,
2024-03-31 05:00:00,311.95886,993.20435,3.6399577,24.992462,0.0,0.0,
2024-03-31 06:00:00,312.66687,992.40594,3.6360853,23.305407,0.0,0.0,
2024-03-31 07:00:00,313.29297,991.6227,3.6765127,20.876547,0.0,0.0,
2024-03-31 08:00:00,313.23273,991.6392,3.7948225,20.51759,0.0,0.0,
2024-03-31 09:00:00,312.6092,992.2075,3.917227,20.905504,0.0,0.0,
2024-03-31 10:00:00,311.6853,992.49866,3.565782,21.92765,0.0,0.0,
2024-03-31 11:00:00,310.57587,993.3583,3.4059243,23.731388,0.0,0.0,
2024-03-31 12:00:00,309.51282,993.89734,3.9859931,26.445086,0.0,0.0,
2024-03-31 13:00:00,308.47766,994.3228,5.0338063,30.846539,0.0,0.0,
2024-03-31 14:00:00,307.42624,994.3136,5.491213,36.081093,0.0,0.0,
2024-03-31 15:00:00,306.5592,994.3837,5.358971,39.01626,0.0,0.0,
2024-03-31 16:00:00,305.65173,993.9269,5.140278,41.288616,0.0,0.0,
2024-03-31 17:00:00,304.7822,993.59454,4.6399145,43.953808,0.0,0.0,
2024-03-31 18:00:00,303.92645,993.4114,4.126137,47.277557,0.0,0.0,
2024-03-31 19:00:00,303.34384,993.1177,3.25602,45.34981,0.0,0.0,
2024-03-31 20:00:00,302.6889,993.20984,3.5478113,48.159252,0.0,0.0,
2024-03-31 21:00:00,302.05573,993.6819,3.61594,51.528393,0.0,0.0,
2024-03-31 22:00:00,301.57916,994.13104,3.341745,54.96205,0.0,0.0,
2024-03-31 23:00:00,302.9269,994.53064,3.5729852,52.84896,0.0,0.0,
2024-04-01 00:00:00,305.19263,994.8095,3.762151,48.027004,0.0,0.0,
2024-04-01 01:00:00,307.456,994.7556,3.8869746,41.87584,0.0,0.0,
2024-04-01 02:00:00,309.13202,994.2414,4.1093416,35.10949,0.0,0.0,
2024-04-01 03:00:00,310.20963,993.5097,4.1062083,30.645618,0.0,0.0,
2024-04-01 04:00:00,311.50012,992.3801,4.1479554,27.019388,0.0,0.0,
2024-04-01 05:00:00,312.26135,991.23846,4.26257,24.697136,0.0,0.0,
2024-04-01 06:00:00,312.5094,990.3782,4.376001,23.714548,0.0,0.0,
2024-04-01 07:00:00,312.66235,990.1308,4.5885305,24.237125,0.0,0.0,
2024-04-01 08:00:00,312.04266,990.24115,4.844466,24.5919,0.0,0.0,
2024-04-01 09:00:00,311.35992,990.79443,5.527938,25.793371,0.0,0.14999999,
2024-04-01 10:00:00,310.22803,991.38794,6.5314107,28.77591,0.0,0.0,
2024-04-01 11:00:00,308.77792,992.65,7.152992,33.90611,0.0,0.14999999,
2024-04-01 12:00:00,307.52158,993.79626,7.3621593,38.704594,0.0,0.41,
2024-04-01 13:00:00,306.69022,994.492,7.263164,42.821087,0.0,0.0,
2024-04-01 14:00:00,305.80402,994.8362,7.2551084,47.122375,0.0,0.0,
2024-04-01 15:00:00,304.96594,994.9481,6.80872,50.63188,0.0,0.0,
2024-04-01 16:00:00,304.41098,994.95294,6.466637,52.588707,0.0,0.0,
2024-04-01 17:00:00,303.93005,994.53375,6.0651474,54.079723,0.0,0.0,
2024-04-01 18:00:00,303.5094,994.1392,5.613692,55.696606,0.0,0.0,
2024-04-01 19:00:00,303.40338,994.1219,4.094732,54.519333,0.0,0.0,
2024-04-01 20:00:00,302.82605,993.9275,3.666286,56.811504,0.0,0.0,
2024-04-01 21:00:00,302.3105,994.26843,3.4393191,59.018646,0.0,0.0,
2024-04-01 22:00:00,301.96198,994.8477,3.2376125,60.80474,0.0,0.0,
2024-04-01 23:00:00,302.82397,995.49994,4.0062027,58.50444,0.0,0.0,
2024-04-02 00:00:00,304.32532,995.84924,5.0955696,53.847008,0.0,0.0,
2024-04-02 01:00:00,306.18616,995.81244,5.804946,46.448288,0.0,0.0,
2024-04-02 02:00:00,308.0417,995.1367,6.4014683,39.026028,0.0,0.0,
2024-04-02 03:00:00,309.38882,993.9377,6.9533577,33.569096,0.0,0.0,
2024-04-02 04:00:00,310.16418,992.9222,6.859501,31.040897,0.0,0.0,
2024-04-02 05:00:00,310.98175,991.8356,6.7005544,28.74358,0.0,0.0,
2024-04-02 06:00:00,311.3136,991.24805,6.593706,27.74816,0.0,0.0,
2024-04-02 07:00:00,310.47858,991.1611,6.054908,32.05353,0.0,0.21,
2024-04-02 08:00:00,310.48685,991.09326,6.055366,31.315342,0.0,0.0,
2024-04-02 09:00:00,309.59723,991.72815,6.526776,32.303013,0.0,0.0,
2024-04-02 10:00:00,308.34186,992.88904,6.8701706,35.2412,0.0,0.0,
2024-04-02 11:00:00,307.68146,993.6866,6.34039,37.514,0.0,0.0,
2024-04-02 12:00:00,307.1355,994.7667,6.71575,39.83357,0.0,0.0,
2024-04-02 13:00:00,306.3261,995.5195,7.07612,42.910553,0.0,0.0,
2024-04-02 14:00:00,305.62564,995.6972,6.853457,45.306293,0.0,0.0,
2024-04-02 15:00:00,304.8852,995.4598,6.15575,47.554188,0.0,0.0,
2024-04-02 16:00:00,304.2479,995.1384,5.7705965,49.72176,0.0,0.0,
2024-04-02 17:00:00,303.61682,994.91077,5.5384593,52.21027,0.0,0.0,
2024-04-02 18:00:00,303.01392,994.4485,5.3474946,54.737915,0.0,0.0,
2024-04-02 19:00:00,302.90784,994.35095,4.421001,50.758003,0.0,0.0,
2024-04-02 20:00:00,302.235,994.6467,4.1351094,54.23857,0.0,0.0,
2024-04-02 21:00:00,301.6509,994.91187,3.8844397,57.32568,0.0,0.0,
2024-04-02 22:00:00,301.26324,995.5123,3.7807267,59.6806,0.0,0.0,
2024-04-02 23:00:00,302.2412,996.09686,4.6772747,57.36512,0.0,0.0,
2024-04-03 00:00:00,304.24963,996.5583,5.893392,50.89652,0.0021532169,0.0,
2024-04-03 01:00:00,306.28473,996.6264,7.336358,42.94314,0.0,0.0,
2024-04-03 02:00:00,307.28424,996.42633,7.8215427,39.219288,0.0,0.0,
2024-04-03 03:00:00,308.05542,995.6163,7.7770677,37.06226,0.0,0.0,
2024-04-03 04:00:00,308.94675,994.7312,7.623536,34.560757,0.0,0.0,
2024-04-03 05:00:00,309.64355,993.6135,7.606954,32.672726,0.0,0.0,
2024-04-03 06:00:00,310.11798,992.89276,7.9405317,31.427193,0.0,0.0,
2024-04-03 07:00:00,309.88025,992.78564,7.0490785,29.516712,0.0,0.0,
2024-04-03 08:00:00,309.07227,993.0691,7.513372,29.856842,0.002577901,0.0,
2024-04-03 09:00:00,307.68597,993.9883,7.7462277,33.94954,0.0,0.0,
2024-04-03 10:00:00,306.63974,994.6484,7.152001,38.074158,0.0,0.0,
2024-04-03 11:00:00,305.9653,995.48846,6.761119,40.90603,0.0,0.0,
2024-04-03 12:00:00,305.33398,995.9972,6.8880982,42.795547,0.0,0.0,
2024-04-03 13:00:00,304.75867,996.366,7.1271467,43.85799,0.0,0.0,
2024-04-03 14:00:00,304.018,996.3972,6.6697674,44.946438,0.0,0.0,
2024-04-03 15:00:00,303.31537,996.18823,6.110429,46.03214,0.0,0.0,
2024-04-03 16:00:00,302.66702,996.0279,5.886678,47.275295,0.0,0.0,
2024-04-03 17:00:00,301.99408,995.705,5.761176,48.765438,0.0,0.0,
2024-04-03 18:00:00,301.37036,995.637,5.6777806,50.058453,0.0,0.0,
2024-04-03 19:00:00,301.2282,995.20374,5.600452,47.56293,0.0,0.0,
2024-04-03 20:00:00,300.55243,995.4442,5.3495846,48.609455,0.0,0.0,
2024-04-03 21:00:00,299.91205,995.9674,5.3888073,49.75997,0.0,0.0,
2024-04-03 22:00:00,299.34967,996.77155,5.893978,50.55826,0.0,0.0,
2024-04-03 23:00:00,299.96375,997.4389,6.784679,46.64657,0.0,0.0,
2024-04-04 00:00:00,301.26038,997.4194,8.1388645,38.109367,0.002592802,0.0,
2024-04-04 01:00:00,303.41965,997.4883,9.2604265,28.90206,0.0,0.0,
2024-04-04 02:00:00,305.33545,996.75226,9.746361,23.43823,0.0,0.0,
2024-04-04 03:00:00,306.85736,996.15784,9.755274,20.306334,0.0,0.0,
2024-04-04 04:00:00,307.9098,994.8459,9.309975,18.60314,0.0,0.0,
2024-04-04 05:00:00,308.54028,993.94006,8.669152,17.834824,0.0,0.0,
2024-04-04 06:00:00,308.77896,993.1358,8.188086,17.706161,0.0,0.0,
2024-04-04 07:00:00,308.28345,993.3964,7.2368913,18.276402,0.0,0.0,
2024-04-04 08:00:00,307.73563,993.7396,7.1820316,19.179726,0.0,0.0,
2024-04-04 09:00:00,306.6823,994.11865,7.048159,20.757872,0.0,0.0,
2024-04-04 10:00:00,305.50055,994.8074,6.296431,22.678722,0.0,0.0,
2024-04-04 11:00:00,304.5822,995.8234,6.556485,24.262014,0.0,0.0,
2024-04-04 12:00:00,303.5229,996.44476,6.57548,26.126396,0.0,0.0,
2024-04-04 13:00:00,302.5914,996.71924,6.437524,27.872429,0.0,0.0,
2024-04-04 14:00:00,301.6989,996.6145,6.021239,29.469723,0.0,0.0,
2024-04-04 15:00:00,300.84024,996.3753,5.628279,30.92683,0.0,0.0,
2024-04-04 16:00:00,299.8529,996.22943,5.399019,32.559402,0.0,0.0,
2024-04-04 17:00:00,299.0649,995.8964,5.3845015,33.644375,0.0,0.0,
2024-04-04 18:00:00,298.50543,995.75616,5.2692833,34.29383,0.0,0.0,
2024-04-04 19:00:00,297.65125,995.4648,5.154484,36.157867,0.0,0.0,
2024-04-04 20:00:00,297.13928,995.5084,4.986561,36.941807,0.0,0.0,
2024-04-04 21:00:00,296.62964,995.9372,4.562115,37.857788,0.0,0.0,
2024-04-04 22:00:00,296.3202,996.4584,4.3984833,38.372837,0.0,0.0,
2024-04-04 23:00:00,297.53433,997.08673,4.969069,35.0412,0.0,0.0,
2024-04-05 00:00:00,299.8379,997.43225,6.3796825,29.177088,0.0017220344,0.0,
2024-04-05 01:00:00,302.09277,997.0584,7.3272867,25.364172,0.0,0.0,
2024-04-05 02:00:00,304.10672,996.3762,7.5517287,23.238365,0.0,0.0,
2024-04-05 03:00:00,305.69373,995.61237,6.8211994,21.744465,0.0,0.0,
2024-04-05 04:00:00,306.8276,994.7488,5.9568405,21.069235,0.0,0.0,
2024-04-05 05:00:00,307.70743,993.4995,5.7978654,20.60387,0.0,0.0,
2024-04-05 06:00:00,308.15042,992.70044,5.923519,20.4274,0.0,0.0,
2024-04-05 07:00:00,307.3686,992.66284,5.6228666,22.34979,0.0,0.0,
2024-04-05 08:00:00,307.0357,993.0864,5.499523,23.05912,0.0,0.0,
2024-04-05 09:00:00,306.1469,993.6462,5.7158628,24.542442,0.017479062,0.0,
2024-04-05 10:00:00,305.1432,994.4397,5.801419,26.384684,0.0,0.0,
2024-04-05 11:00:00,304.4106,995.08765,5.644343,27.77418,0.0,0.0,
2024-04-05 12:00:00,303.72067,995.4336,5.4583864,28.77262,0.0,0.0,
2024-04-05 13:00:00,303.0907,995.7096,5.1451464,29.529263,0.0,0.0,
2024-04-05 14:00:00,302.55927,995.8591,4.877986,30.182749,0.0,0.0,
2024-04-05 15:00:00,301.80084,995.71594,4.7604394,31.335938,0.0,0.0,
2024-04-05 16:00:00,301.0605,995.37,5.03764,32.193634,0.0,0.0,
2024-04-05 17:00:00,299.92297,994.9628,5.3029838,32.966557,0.0,0.0,
2024-04-05 18:00:00,299.005,994.507,5.591083,32.795612,0.0,0.0,
2024-04-05 19:00:00,298.01166,994.026,5.7690253,30.265644,0.0,0.0,
2024-04-05 20:00:00,297.45413,994.1281,5.318635,30.117601,0.0,0.0,
2024-04-05 21:00:00,296.9596,994.47046,4.853038,30.256462,0.0,0.0,
2024-04-05 22:00:00,296.50983,995.2071,4.4181943,30.684826,0.0,0.0,
2024-04-05 23:00:00,297.5197,996.09564,4.957925,28.30667,0.0,0.0,
2024-04-06 00:00:00,299.58215,996.3917,5.8004103,24.609276,0.017914176,0.0,
2024-04-06 01:00:00,301.0865,996.53076,5.8476725,22.652504,0.0,0.0,
2024-04-06 02:00:00,303.46387,995.9775,5.9133954,20.306684,0.0,0.0,
2024-04-06 03:00:00,304.60773,995.017,5.157268,19.22554,0.0,0.0,
2024-04-06 04:00:00,305.35944,994.0748,4.4506316,17.921648,0.0,0.0,
2024-04-06 05:00:00,306.61044,992.99445,4.198056,16.22364,0.0,0.0,
2024-04-06 06:00:00,307.0522,992.4494,4.073582,15.437365,0.0,0.0,
2024-04-06 07:00:00,306.59528,992.34955,3.394269,18.807514,0.0,0.0,
2024-04-06 08:00:00,306.39832,992.3937,3.4590216,18.653017,0.0,0.03,
2024-04-06 09:00:00,306.10187,992.5109,4.135437,18.979485,0.0,0.089999996,
2024-04-06 10:00:00,305.21393,993.08325,4.3528004,20.34156,0.0,0.16,
2024-04-06 11:00:00,304.6104,993.7098,5.1779084,21.624107,0.0,0.14,
2024-04-06 12:00:00,304.00415,994.25006,5.8062,23.264603,0.0,0.0,
2024-04-06 13:00:00,303.3758,994.31665,6.8237348,25.388563,0.0,0.0,
2024-04-06 14:00:00,302.5722,994.3226,6.642622,27.203365,0.0,0.0,
2024-04-06 15:00:00,301.99792,994.50354,5.727506,27.999683,0.0,0.0,
2024-04-06 16:00:00,301.34155,994.03876,4.8954487,28.837395,0.0,0.0,
2024-04-06 17:00:00,300.8227,993.5164,4.4442434,29.509623,0.0,0.0,
2024-04-06 18:00:00,300.17108,993.0659,4.2822227,30.636343,0.0,0.0,
2024-04-06 19:00:00,298.63953,992.9892,5.068354,33.008358,0.0,0.0,
2024-04-06 20:00:00,298.11926,992.9208,5.2646422,33.41863,0.0,0.0,
2024-04-06 21:00:00,297.56293,993.114,5.101191,33.65553,0.0,0.0,
2024-04-06 22:00:00,297.24023,993.6383,4.840263,33.226986,0.0,0.0,
2024-04-06 23:00:00,298.24542,994.3714,5.4340706,29.851374,0.0,0.0,
2024-04-07 00:00:00,300.3648,994.7572,6.1342406,25.438366,0.0012874602,0.0,
2024-04-07 01:00:00,302.78137,994.7031,6.453147,22.33193,0.0,0.0,
2024-04-07 02:00:00,304.86902,993.8688,6.168111,20.928371,0.0,0.0,
2024-04-07 03:00:00,306.42673,992.9235,5.2852306,20.18636,0.0,0.0,
2024-04-07 04:00:00,307.54422,991.98157,4.3416677,19.344534,0.0,0.0,
2024-04-07 05:00:00,308.27734,991.09644,3.6419961,18.58886,0.0,0.0,
2024-04-07 06:00:00,308.6687,990.40564,3.3690956,18.117107,0.0,0.0,
2024-04-07 07:00:00,308.37817,990.2864,2.7638485,19.53396,0.0,0.0,
2024-04-07 08:00:00,308.17896,990.47046,2.7399657,19.487825,0.0,0.0,
2024-04-07 09:00:00,307.76535,990.85315,3.3102388,19.548645,0.0,0.0,
2024-04-07 10:00:00,307.2123,991.71265,4.2291203,19.686497,0.0,0.0,
2024-04-07 11:00:00,306.12616,992.2492,5.4505634,21.195843,0.0,0.0,
2024-04-07 12:00:00,304.80444,992.91156,6.3623133,24.590414,0.0,0.0,
2024-04-07 13:00:00,303.6965,993.15967,5.683746,28.066412,0.0,0.0,
2024-04-07 14:00:00,303.1925,993.2777,5.3686194,29.329304,0.0,0.0,
2024-04-07 15:00:00,302.6037,993.1128,5.4552026,30.093294,0.0,0.0,
2024-04-07 16:00:00,302.0749,993.0712,5.087013,30.599085,0.0,0.0,
2024-04-07 17:00:00,301.55734,992.8033,4.5831723,31.317394,0.0,0.0,
2024-04-07 18:00:00,301.00204,992.68353,4.2318773,32.297966,0.0,0.0,
2024-04-07 19:00:00,299.9873,992.7444,4.4079237,31.65637,0.0,0.0,
2024-04-07 20:00:00,299.2755,992.77954,4.1857953,32.33557,0.0,0.0,
2024-04-07 21:00:00,298.7718,993.2955,4.215834,32.603897,0.0,0.0,
2024-04-07 22:00:00,298.2541,993.6308,4.3853574,32.648567,0.0,0.0,
2024-04-07 23:00:00,299.18893,994.5107,4.885293,29.120663,0.0,0.0,
2024-04-08 00:00:00,301.1687,994.98315,5.6935687,23.38275,0.0017225741,0.0,
2024-04-08 01:00:00,303.5504,995.4291,5.958846,18.632742,0.0,0.0,
2024-04-08 02:00:00,305.69928,994.8259,5.7242937,15.916618,0.0,0.0,
2024-04-08 03:00:00,307.08557,993.9355,4.665132,15.413411,0.0,0.0,
2024-04-08 04:00:00,308.1217,992.9472,3.5966299,15.072754,0.0,0.0,
2024-04-08 05:00:00,308.7917,991.99255,2.9101157,14.427196,0.0,0.0,
2024-04-08 06:00:00,309.2209,991.4002,2.6273375,13.929589,0.0,0.0,
2024-04-08 07:00:00,309.50662,991.2344,3.8675303,14.706239,0.0,0.0,
2024-04-08 08:00:00,309.12433,991.4846,4.5518856,14.4971695,0.0,0.0,
2024-04-08 09:00:00,308.45966,991.9519,5.3589997,14.610187,0.0,0.0,
2024-04-08 10:00:00,307.2851,993.01984,5.480759,15.58006,0.0,0.0,
2024-04-08 11:00:00,305.98297,994.1347,6.1543875,17.293226,0.0,0.0,
2024-04-08 12:00:00,304.92224,995.20374,6.2795715,19.424282,0.0,0.0,
2024-04-08 13:00:00,304.08624,995.4606,6.0062294,21.434225,0.0,0.0,
2024-04-08 14:00:00,303.27267,995.4843,5.5780144,23.310686,0.0,0.0,
2024-04-08 15:00:00,302.45865,995.38806,5.1402435,25.092152,0.0,0.0,
2024-04-08 16:00:00,301.77087,995.02484,5.149125,26.620615,0.0,0.0,
2024-04-08 17:00:00,300.83603,994.51654,5.373613,28.51418,0.0,0.0,
2024-04-08 18:00:00,300.21475,994.0375,5.161486,29.822687,0.0,0.0,
2024-04-08 19:00:00,298.72348,994.5748,3.8584604,32.72678,0.0,0.0,
2024-04-08 20:00:00,298.34506,994.415,3.128844,33.891193,0.0,0.0,
2024-04-08 21:00:00,297.5628,994.5042,3.223602,35.707745,0.0,0.0,
2024-04-08 22:00:00,296.94934,994.8496,3.4501197,36.994503,0.0,0.0,
2024-04-08 23:00:00,298.30194,995.4288,3.9116435,33.459877,0.0,0.0,
2024-04-09 00:00:00,300.8941,995.8013,4.559303,26.395071,0.0,0.0,
2024-04-09 01:00:00,303.6057,996.0034,5.297396,20.237364,0.0,0.0,
2024-04-09 02:00:00,305.20593,995.4674,6.0882483,17.03529,0.0,0.0,
2024-04-09 03:00:00,306.98227,994.60156,6.382589,14.432073,0.0,0.0,
2024-04-09 04:00:00,308.26733,993.40344,6.1304526,12.654914,0.0,0.0,
2024-04-09 05:00:00,309.12885,992.47186,5.899472,11.4952135,0.0,0.0,
2024-04-09 06:00:00,309.52853,991.65344,5.734078,10.93519,0.0,0.0,
2024-04-09 07:00:00,308.95493,992.2416,5.85405,12.425721,0.0,0.0,
2024-04-09 08:00:00,308.45792,992.3692,6.3631783,13.0635395,0.0,0.0,
2024-04-09 09:00:00,307.33618,992.9986,6.850042,14.794244,0.0,0.0,
2024-04-09 10:00:00,305.74155,993.85657,6.7783337,17.487057,0.0,0.0,
2024-04-09 11:00:00,304.6485,994.70337,6.8152747,19.841312,0.0,0.0,
2024-04-09 12:00:00,303.9704,995.5756,6.556711,21.271517,0.0,0.0,
2024-04-09 13:00:00,303.45255,995.8859,6.2649865,21.942247,0.0,0.0,
2024-04-09 14:00:00,302.87067,995.90314,5.7423053,22.294556,0.0,0.0,
2024-04-09 15:00:00,302.14874,995.90155,5.0573344,22.830862,0.0,0.0,
2024-04-09 16:00:00,301.14047,995.7584,4.516262,24.213703,0.0,0.0,
2024-04-09 17:00:00,300.17902,995.7967,4.635461,26.253819,0.0,0.0,
2024-04-09 18:00:00,299.42328,995.65686,5.0364504,28.109268,0.0,0.0,
2024-04-09 19:00:00,298.4306,995.87213,4.3957653,28.88779,0.0,0.0,
2024-04-09 20:00:00,297.72662,996.0089,4.1637964,29.948484,0.0,0.0,
2024-04-09 21:00:00,297.2713,996.0182,4.0040298,30.271309,0.0,0.0,
2024-04-09 22:00:00,296.75006,996.4386,4.0768514,30.47038,0.0,0.0,
2024-04-09 23:00:00,298.17444,997.048,4.528991,26.980967,0.0,0.0,
2024-04-10 00:00:00,300.42743,997.4442,6.401792,22.421856,0.0017134724,0.0,
2024-04-10 01:00:00,302.69626,997.5446,7.485085,19.198845,0.0,0.0,
2024-04-10 02:00:00,304.61148,996.78705,7.911261,17.197212,0.0,0.0,
2024-04-10 03:00:00,306.06244,995.7898,7.5360694,16.044619,0.0,0.0,
2024-04-10 04:00:00,307.11444,995.0561,6.788476,15.33001,0.0,0.0,
2024-04-10 05:00:00,307.8217,994.3056,6.120624,14.829913,0.0,0.0,
2024-04-10 06:00:00,308.21332,993.721,5.7860155,14.539196,0.0,0.0,
2024-04-10 07:00:00,308.3004,993.687,5.937308,15.339881,0.0,0.0,
2024-04-10 08:00:00,307.86832,993.74,6.291119,15.894498,0.0,0.0,
2024-04-10 09:00:00,306.87927,994.2349,6.356583,17.192593,0.0,0.0,
2024-04-10 10:00:00,305.42657,994.77686,5.643968,19.358635,0.0,0.0,
2024-04-10 11:00:00,304.22266,995.7135,5.796361,21.438444,0.0,0.0,
2024-04-10 12:00:00,303.1584,996.503,5.6558046,23.319464,0.0,0.0,
2024-04-10 13:00:00,302.1991,996.78455,5.138152,25.083208,0.0,0.0,
2024-04-10 14:00:00,301.23193,996.9045,4.417548,26.907618,0.0,0.0,
2024-04-10 15:00:00,300.1047,996.9013,3.7182727,29.135088,0.0,0.0,
2024-04-10 16:00:00,298.94238,996.9216,3.8714435,31.520864,0.0,0.0,
2024-04-10 17:00:00,298.016,996.52686,4.403907,33.35392,0.0,0.0,
2024-04-10 18:00:00,297.3929,996.15204,4.8821898,34.3812,0.0,0.0,
2024-04-10 19:00:00,296.0777,996.2379,4.3211575,36.379272,0.0,0.0,
2024-04-10 20:00:00,295.49353,996.3522,4.2610164,37.910458,0.0,0.0,
2024-04-10 21:00:00,294.96262,996.41284,4.102404,39.145008,0.0,0.0,
2024-04-10 22:00:00,294.52576,996.95154,3.9764442,39.976055,0.0,0.0,
2024-04-10 23:00:00,296.12057,997.6284,4.1748834,35.615383,0.0,0.0,
2024-04-11 00:00:00,298.991,998.0083,5.2307897,28.134289,0.0,0.0,
2024-04-11 01:00:00,301.71893,998.05237,6.442979,22.065405,0.0,0.0,
2024-04-11 02:00:00,303.7011,997.28906,7.0437407,18.640696,0.0,0.0,
2024-04-11 03:00:00,305.06433,995.9412,6.359603,16.787006,0.0,0.0,
2024-04-11 04:00:00,306.16354,994.6661,5.6409044,15.391193,0.0,0.0,
2024-04-11 05:00:00,307.00513,993.8845,5.2229652,14.427337,0.0,0.0,
2024-04-11 06:00:00,307.5166,993.3544,5.1114116,13.972189,0.0,0.0,
2024-04-11 07:00:00,307.62018,993.4904,5.5545397,15.006121,0.0,0.0,
2024-04-11 08:00:00,307.25888,993.5372,5.546375,15.4489155,0.0,0.0,
2024-04-11 09:00:00,306.3732,993.90607,5.6410737,16.589865,0.0,0.0,
2024-04-11 10:00:00,304.82028,994.2548,5.203124,18.866339,0.0,0.0,
2024-04-11 11:00:00,303.45923,994.9578,5.855384,21.27771,0.0,0.0,
2024-04-11 12:00:00,302.25085,995.5694,6.1458077,23.560974,0.0,0.0,
2024-04-11 13:00:00,301.2685,996.063,5.8646135,25.286446,0.0,0.0,
2024-04-11 14:00:00,300.4461,996.40063,5.398904,26.567577,0.0,0.0,
2024-04-11 15:00:00,299.68216,996.59064,4.7836766,27.631378,0.0,0.0,
2024-04-11 16:00:00,298.79193,996.23047,4.0507927,29.054558,0.0,0.0,
2024-04-11 17:00:00,297.79968,995.95526,3.4038901,31.021763,0.0,0.0,
2024-04-11 18:00:00,296.77313,995.9366,3.2081273,33.32346,0.0,0.0,
2024-04-11 19:00:00,295.07593,996.2286,3.9031947,33.288567,0.0,0.0,
2024-04-11 20:00:00,294.35907,996.1431,3.6538262,34.87542,0.0,0.0,
2024-04-11 21:00:00,293.7777,996.515,3.5294254,36.50209,0.0,0.0,
2024-04-11 22:00:00,293.3391,997.0494,3.4913764,37.81037,0.0,0.0,
2024-04-11 23:00:00,294.97708,997.5559,3.8219435,34.033653,0.0,0.0,
2024-04-12 00:00:00,297.92126,997.765,4.837826,27.293724,0.0,0.0,
2024-04-12 01:00:00,300.99237,997.69305,5.374645,21.462029,0.0,0.0,
2024-04-12 02:00:00,303.44226,996.7512,5.516117,18.019894,0.0,0.0,
2024-04-12 03:00:00,304.9776,995.5734,4.5351605,16.149544,0.0,0.0,
2024-04-12 04:00:00,306.024,994.33,3.5833242,14.599101,0.0,0.0,
2024-04-12 05:00:00,306.82806,993.3731,3.0429828,13.488495,0.0,0.0,
2024-04-12 06:00:00,307.39044,992.8449,2.8819997,12.650418,0.0,0.0,
2024-04-12 07:00:00,308.14856,992.3717,3.4632757,13.033658,0.0,0.0,
2024-04-12 08:00:00,307.96857,992.6225,3.518687,12.925434,0.0,0.0,
2024-04-12 09:00:00,307.4087,993.3184,3.6665967,13.224316,0.0,0.0,
2024-04-12 10:00:00,305.8676,993.8574,3.5693629,14.781303,0.0,0.0,
2024-04-12 11:00:00,304.41486,994.6357,4.6391478,16.728205,0.0,0.0,
2024-04-12 12:00:00,303.0953,995.12524,5.598949,19.161392,0.0,0.0,
2024-04-12 13:00:00,301.96738,995.47327,5.4755526,21.524597,0.0,0.0,
2024-04-12 14:00:00,300.97018,995.5486,5.0737724,24.070414,0.0,0.0,
2024-04-12 15:00:00,300.16614,995.83923,4.9580398,27.541473,0.0,0.0,
2024-04-12 16:00:00,299.56836,995.5723,5.0152254,32.511093,0.0,0.0,
2024-04-12 17:00:00,299.04086,995.11487,4.6261683,37.815075,0.0,0.0,
2024-04-12 18:00:00,298.48712,994.9363,4.030342,41.494186,0.0,0.0,
2024-04-12 19:00:00,297.02133,995.1431,3.9064872,45.832012,0.0,0.0,
2024-04-12 20:00:00,296.42334,995.14703,3.4870708,47.99616,0.0,0.0,
2024-04-12 21:00:00,295.96188,995.7064,3.0751078,49.47952,0.0,0.0,
2024-04-12 22:00:00,295.5626,996.3622,2.8839488,50.746643,0.0,0.0,
2024-04-12 23:00:00,297.36053,996.7897,2.9077928,45.4886,0.0,0.0,
2024-04-13 00:00:00,300.35876,996.9961,3.9019992,37.947838,0.0,0.0,
2024-04-13 01:00:00,302.99902,996.89923,4.240054,33.282658,0.0,0.0,
2024-04-13 02:00:00,305.2466,996.0609,4.24491,29.82494,0.0,0.0,
2024-04-13 03:00:00,306.81073,995.17883,3.6645362,27.40862,0.0,0.0,
2024-04-13 04:00:00,307.90308,994.0239,3.3040957,26.185942,0.0,0.0,
2024-04-13 05:00:00,308.77878,993.1886,3.1534193,25.047907,0.0,0.0,
2024-04-13 06:00:00,309.36118,992.33905,3.1541483,24.210932,0.0,0.0,
2024-04-13 07:00:00,309.66705,992.01685,2.6070611,23.759054,0.0,0.0,
2024-04-13 08:00:00,309.5599,992.26227,2.0264847,23.748226,0.0,0.0,
2024-04-13 09:00:00,309.15118,992.69867,1.3377547,24.075993,0.0,0.0,
2024-04-13 10:00:00,308.61203,993.2899,0.7927484,24.899483,0.0,0.0,
2024-04-13 11:00:00,308.04675,994.4269,1.6766433,26.193064,0.0,0.0,
2024-04-13 12:00:00,307.22504,995.07935,3.3828316,27.620102,0.0,0.0,
2024-04-13 13:00:00,306.30945,995.579,6.022947,29.08876,0.0,0.0,
2024-04-13 14:00:00,305.3352,995.757,7.7806473,30.540361,0.0,0.0,
2024-04-13 15:00:00,304.43066,996.1331,7.3702626,31.598469,0.0,0.0,
2024-04-13 16:00:00,303.5831,996.0196,6.5020833,32.835613,0.0,0.0,
2024-04-13 17:00:00,302.94308,995.89,5.563073,34.011555,0.0,0.0,
2024-04-13 18:00:00,302.48633,995.6721,4.877097,34.739838,0.0,0.0,
2024-04-13 19:00:00,300.60223,995.52423,4.246222,37.93744,0.0,0.0,
2024-04-13 20:00:00,299.90753,995.66406,3.8685536,39.387493,0.0,0.0,
2024-04-13 21:00:00,299.3482,995.9317,3.5897968,40.567673,0.0,0.0,
2024-04-13 22:00:00,298.8903,996.7286,3.2699208,41.534832,0.0,0.0,
2024-04-13 23:00:00,300.43744,997.6191,3.0958364,37.652546,0.0,0.0,
2024-04-14 00:00:00,303.0024,998.17896,3.706837,31.651264,0.0017225742,0.0,
2024-04-14 01:00:00,305.02307,998.13885,4.159762,27.979183,0.0,0.0,
2024-04-14 02:00:00,306.5619,997.3768,3.9279025,26.359684,0.0,0.0,
2024-04-14 03:00:00,307.63208,996.4129,2.9683354,25.59779,0.0,0.0,
2024-04-14 04:00:00,308.42743,995.3885,1.976477,24.752007,0.0,0.0,
2024-04-14 05:00:00,309.07495,994.64014,1.3377436,23.657925,0.0,0.0,
2024-04-14 06:00:00,309.531,993.8833,1.1297156,22.678741,0.0,0.0,
2024-04-14 07:00:00,309.82483,993.6414,1.2292571,22.00895,0.0,0.0,
2024-04-14 08:00:00,309.74097,993.91486,1.1956569,21.712465,0.0,0.0,
2024-04-14 09:00:00,309.46146,994.3242,1.4601232,21.714996,0.0,0.0,
2024-04-14 10:00:00,309.07565,994.9842,2.1244078,22.019197,0.0,0.0,
2024-04-14 11:00:00,308.3468,995.7728,3.2980464,23.179617,0.0,0.0,
2024-04-14 12:00:00,307.114,996.4576,5.2294383,25.266235,0.0,0.0,
2024-04-14 13:00:00,306.19128,996.9856,6.2893662,27.100626,0.0,0.0,
2024-04-14 14:00:00,305.3271,997.03174,5.680669,28.58947,0.0,0.0,
2024-04-14 15:00:00,304.4139,997.03143,5.0811443,30.115128,0.0,0.0,
2024-04-14 16:00:00,303.4906,996.82104,4.552347,31.706816,0.0,0.0,
2024-04-14 17:00:00,302.4704,996.5419,3.6088977,33.617023,0.0,0.0,
2024-04-14 18:00:00,301.46335,996.40234,2.9566905,35.743557,0.0,0.0,
2024-04-14 19:00:00,300.03467,996.71173,3.180764,39.110497,0.0,0.0,
2024-04-14 20:00:00,299.25964,996.85034,3.2037022,41.03859,0.0,0.0,
2024-04-14 21:00:00,298.68127,997.06305,3.3173778,42.52572,0.0,0.0,
2024-04-14 22:00:00,298.1667,997.877,3.399714,43.92959,0.0,0.0,
2024-04-14 23:00:00,299.52792,998.6689,3.6550655,40.565815,0.0,0.0,
2024-04-15 00:00:00,302.1709,999.28357,4.5249195,34.327957,0.0,0.0,
2024-04-15 01:00:00,304.7991,999.3059,5.181558,27.656942,0.0,0.0,
2024-04-15 02:00:00,307.16394,998.7114,5.7565393,22.234068,0.0,0.0,
2024-04-15 03:00:00,308.71173,997.6675,5.9593635,18.99945,0.0,0.0,
2024-04-15 04:00:00,309.75537,996.73596,5.989474,16.403017,0.0,0.0,
2024-04-15 05:00:00,310.4414,995.9188,6.1497736,14.42137,0.0,0.0,
2024-04-15 06:00:00,310.76807,995.2257,6.2994976,13.315086,0.0,0.0,
2024-04-15 07:00:00,310.5856,995.1866,7.132921,14.19421,0.0,0.0,
2024-04-15 08:00:00,309.94263,995.3783,7.0993204,14.842426,0.0,0.0,
2024-04-15 09:00:00,308.886,995.97205,6.752872,15.896869,0.0,0.0,
2024-04-15 10:00:00,307.38617,996.4891,5.301423,17.640314,0.0,0.0,
2024-04-15 11:00:00,306.20184,997.5693,4.7875576,19.260853,0.0,0.0,
2024-04-15 12:00:00,305.0491,998.22205,4.224364,21.092047,0.0,0.0,
2024-04-15 13:00:00,303.81583,998.3307,3.6798077,23.258812,0.0,0.0,
2024-04-15 14:00:00,302.57385,998.3105,3.31271,25.649918,0.0,0.0,
2024-04-15 15:00:00,301.32245,998.0011,3.327043,27.983519,0.0,0.0,
2024-04-15 16:00:00,300.35858,997.6563,3.6972404,29.643112,0.0,0.0,
2024-04-15 17:00:00,299.6753,997.33813,4.0862136,30.886436,0.0,0.0,
2024-04-15 18:00:00,299.0993,997.1353,4.2670326,32.395172,0.0,0.0,
2024-04-15 19:00:00,298.0074,997.2961,4.6267586,32.078243,0.0,0.0,
2024-04-15 20:00:00,297.21802,997.52515,4.318523,34.268227,0.0,0.0,
2024-04-15 21:00:00,296.54156,997.6775,4.096875,36.253227,0.0,0.0,
2024-04-15 22:00:00,296.0012,998.5181,3.8922675,37.948696,0.0,0.0,
2024-04-15 23:00:00,297.5744,999.1489,3.9292004,34.78955,0.0,0.0,
2024-04-16 00:00:00,300.66846,999.6119,4.9761004,28.741041,0.0012934207,0.0,
2024-04-16 01:00:00,303.81158,999.40045,5.8941956,23.833147,0.0,0.0,
2024-04-16 02:00:00,306.33185,999.02423,7.5898914,20.247873,0.0,0.0,
2024-04-16 03:00:00,307.75226,997.78485,7.74547,17.796864,0.0,0.0,
2024-04-16 04:00:00,308.6411,996.6253,7.227914,16.008295,0.0,0.0,
2024-04-16 05:00:00,309.22864,995.5783,6.8703094,15.006235,0.0,0.0,
2024-04-16 06:00:00,309.5011,995.11206,6.7337704,14.647855,0.0,0.0,
2024-04-16 07:00:00,309.32526,995.20264,7.570906,15.988706,0.0,0.0,
2024-04-16 08:00:00,308.77914,995.60046,7.4405127,16.811163,0.0,0.0,
2024-04-16 09:00:00,307.78357,995.97595,7.0408998,18.225237,0.0,0.0,
2024-04-16 10:00:00,306.36163,996.468,5.6861997,20.375126,0.0,0.0,
2024-04-16 11:00:00,305.2973,997.21063,5.228961,22.172985,0.0,0.0,
2024-04-16 12:00:00,304.30096,997.7606,4.503556,23.984068,0.0,0.0,
2024-04-16 13:00:00,303.11264,997.66235,3.575478,26.165941,0.0,0.0,
2024-04-16 14:00:00,301.83762,997.67694,3.5010064,28.188742,0.0,0.0,
2024-04-16 15:00:00,300.78302,997.5719,3.987955,28.686556,0.0,0.0,
2024-04-16 16:00:00,300.0503,997.4291,4.1916823,27.999252,0.0,0.0,
2024-04-16 17:00:00,299.46143,997.157,4.327627,27.44895,0.0,0.0,
2024-04-16 18:00:00,298.86047,996.8616,4.374105,27.447266,0.0,0.0,
2024-04-16 19:00:00,296.99948,997.21344,3.75653,31.088978,0.0,0.0,
2024-04-16 20:00:00,296.1432,997.07794,3.6887283,32.66221,0.0,0.0,
2024-04-16 21:00:00,295.45935,997.60956,3.7357948,33.7496,0.0,0.0,
2024-04-16 22:00:00,294.93,998.2442,3.9004474,34.443733,0.0,0.0,
2024-04-16 23:00:00,296.52313,998.93274,4.3075724,31.049282,0.0,0.0,
2024-04-17 00:00:00,299.5769,999.4332,5.7487783,25.608433,0.0,0.0,
2024-04-17 01:00:00,302.77737,999.308,6.5882936,21.092653,0.0,0.0,
2024-04-17 02:00:00,305.4948,998.47406,7.409693,19.548925,0.0,0.0,
2024-04-17 03:00:00,307.08228,997.24695,8.210792,21.161684,0.0,0.0,
2024-04-17 04:00:00,308.0622,995.79974,7.8270645,20.419546,0.0,0.0,
2024-04-17 05:00:00,308.73865,994.8627,7.390393,19.532433,0.0,0.0,
2024-04-17 06:00:00,309.0882,994.22955,7.0877233,18.996807,0.0,0.0,
2024-04-17 07:00:00,308.8526,993.66315,7.1289682,18.925554,0.0,0.0,
2024-04-17 08:00:00,308.46918,994.1831,7.0364556,19.76436,0.0,0.0,
2024-04-17 09:00:00,307.55243,994.3351,6.456436,21.555107,0.0,0.0,
2024-04-17 10:00:00,306.1939,994.7711,5.2434587,24.046808,0.0,0.0,
2024-04-17 11:00:00,305.21844,995.3248,5.5769663,26.025137,0.0,0.0,
2024-04-17 12:00:00,304.42624,995.9149,5.877373,27.816313,0.0,0.0,
2024-04-17 13:00:00,303.85565,996.5753,5.729208,29.290718,0.0,0.0,
2024-04-17 14:00:00,303.0016,996.48157,5.3330503,31.111427,0.0,0.0,
2024-04-17 15:00:00,302.29456,996.63983,5.258526,32.36035,0.0,0.0,
2024-04-17 16:00:00,301.4599,996.2869,5.6591387,33.324318,0.0,0.0,
2024-04-17 17:00:00,300.91742,995.90936,5.8807507,33.662148,0.0,0.0,
2024-04-17 18:00:00,300.51028,995.67804,5.562754,34.07556,0.0,0.0,
2024-04-17 19:00:00,299.0535,996.1639,4.182391,35.450764,0.0,0.0,
2024-04-17 20:00:00,298.1723,996.1331,3.9187682,37.262424,0.0,0.0,
2024-04-17 21:00:00,297.3887,996.5628,4.1155105,39.155464,0.0,0.0,
2024-04-17 22:00:00,296.85468,997.44476,4.696314,40.658653,0.0,0.0,
2024-04-17 23:00:00,298.13666,998.09515,5.4847074,37.906483,0.0,0.0,
2024-04-18 00:00:00,300.61887,998.4403,7.3558125,32.51609,0.0,0.0,
2024-04-18 01:00:00,303.20667,998.3248,8.353509,26.959759,0.0,0.0,
2024-04-18 02:00:00,305.40414,997.5659,8.998792,22.73955,0.0,0.0,
2024-04-18 03:00:00,306.91858,996.3933,8.885106,20.627607,0.0,0.0,
2024-04-18 04:00:00,307.9773,995.30304,8.292229,19.322832,0.0,0.0,
2024-04-18 05:00:00,308.6808,994.4994,7.6589203,18.509212,0.0,0.0,
2024-04-18 06:00:00,309.02124,993.8187,7.230908,17.912378,0.0,0.0,
2024-04-18 07:00:00,308.94775,993.4014,7.605538,19.020607,0.0,0.0,
2024-04-18 08:00:00,308.42587,993.5309,7.479233,19.786379,0.0,0.0,
2024-04-18 09:00:00,307.4554,993.99115,6.9033146,21.255396,0.0,0.0,
2024-04-18 10:00:00,305.97952,994.5514,5.823059,23.741787,0.0,0.0,
2024-04-18 11:00:00,304.92786,995.2953,5.782246,25.687958,0.0,0.0,
2024-04-18 12:00:00,304.02905,996.1033,5.550596,27.414766,0.0,0.0,
2024-04-18 13:00:00,303.03375,996.3443,5.098089,29.169909,0.0,0.0,
2024-04-18 14:00:00,302.02863,996.64136,5.283581,30.59026,0.0,0.0,
2024-04-18 15:00:00,301.24133,996.21155,5.837911,31.186289,0.0,0.0,
2024-04-18 16:00:00,300.72235,995.7681,6.067959,31.367067,0.0,0.0,
2024-04-18 17:00:00,300.2608,995.24097,5.8549523,31.813665,0.0,0.0,
2024-04-18 18:00:00,299.68152,995.08704,5.478989,32.897312,0.0,0.0,
2024-04-18 19:00:00,297.9273,995.8145,3.9155993,37.697636,0.0,0.0,
2024-04-18 20:00:00,297.17474,995.7358,3.8344617,39.53641,0.0,0.0,
2024-04-18 21:00:00,296.58374,996.2492,3.9653556,41.00835,0.0,0.0,
2024-04-18 22:00:00,296.12326,997.02563,4.1909304,42.090652,0.0,0.0,
2024-04-18 23:00:00,297.51105,997.9998,4.7620234,38.520782,0.0,0.0,
2024-04-19 00:00:00,299.87817,998.4483,6.8386407,32.362396,0.0,0.0,
2024-04-19 01:00:00,302.1799,998.5304,8.440231,26.345953,0.0,0.0,
2024-04-19 02:00:00,304.36826,998.2425,8.981262,21.696556,0.0,0.0,
2024-04-19 03:00:00,306.052,997.18353,8.981496,19.27083,0.0,0.0,
2024-04-19 04:00:00,307.10458,995.959,8.38683,18.253908,0.0,0.0,
2024-04-19 05:00:00,307.75275,994.8245,7.6618595,17.698753,0.0,0.0,
2024-04-19 06:00:00,308.02234,994.2916,7.0008535,17.355682,0.0,0.0,
2024-04-19 07:00:00,307.8333,994.1665,7.0395203,17.352566,0.0,0.0,
2024-04-19 08:00:00,307.34302,994.53326,6.8627768,17.869028,0.0,0.0,
2024-04-19 09:00:00,306.34985,995.1292,6.201745,19.121702,0.0,0.0,
2024-04-19 10:00:00,304.77045,995.9253,5.1795225,21.47483,0.0,0.0,
2024-04-19 11:00:00,303.59732,996.4581,5.057876,23.240072,0.0,0.0,
2024-04-19 12:00:00,302.53107,997.1083,4.782584,24.92217,0.0,0.0,
2024-04-19 13:00:00,301.3997,997.4255,4.472153,26.767021,0.0,0.0,
2024-04-19 14:00:00,300.31613,997.63873,4.867258,28.043354,0.0,0.0,
2024-04-19 15:00:00,299.53836,997.483,5.65312,27.876637,0.0,0.0,
2024-04-19 16:00:00,298.93445,997.2578,6.0903883,27.27552,0.0,0.0,
2024-04-19 17:00:00,298.32016,996.8596,6.1275454,27.233025,0.0,0.0,
2024-04-19 18:00:00,297.73657,996.86993,5.974455,27.730167,0.0,0.0,
2024-04-19 19:00:00,296.27628,997.1802,4.917057,33.157913,0.0,0.0,
2024-04-19 20:00:00,295.59204,997.3689,4.5148954,35.51263,0.0,0.0,
2024-04-19 21:00:00,295.00043,997.65704,4.38306,37.81988,0.0,0.0,
2024-04-19 22:00:00,294.57202,998.405,4.648967,39.70541,0.0,0.0,
2024-04-19 23:00:00,295.981,999.16327,5.326636,37.193535,0.0,0.0,
2024-04-20 00:00:00,298.4202,999.4897,7.418306,31.94283,0.0,0.0,
2024-04-20 01:00:00,300.85605,999.3487,8.557877,25.088852,0.0,0.0,
2024-04-20 02:00:00,303.02014,998.97186,8.762725,20.091644,0.0,0.0,
2024-04-20 03:00:00,304.5124,997.90704,8.289866,18.533678,0.0,0.0,
2024-04-20 04:00:00,305.4761,996.7753,7.452008,17.349642,0.0,0.0,
2024-04-20 05:00:00,306.11328,995.7152,6.934048,16.166275,0.0,0.0,
2024-04-20 06:00:00,306.44138,995.16846,6.758458,15.434778,0.0,0.0,
2024-04-20 07:00:00,306.24066,994.51135,6.8803287,16.038181,0.0,0.0,
2024-04-20 08:00:00,305.8167,994.97046,6.918227,16.460814,0.0,0.0,
2024-04-20 09:00:00,304.82037,995.4283,6.3723316,17.630322,0.0,0.0,
2024-04-20 10:00:00,303.2149,996.09,5.438336,19.899351,0.0,0.0,
2024-04-20 11:00:00,302.01544,996.5364,5.3803725,21.66946,0.0,0.0,
2024-04-20 12:00:00,300.98846,997.35474,5.210277,23.367725,0.0,0.0,
2024-04-20 13:00:00,299.92603,997.3631,4.744639,25.320715,0.0,0.0,
2024-04-20 14:00:00,298.78357,997.54596,4.2882905,27.598604,0.0,0.0,
2024-04-20 15:00:00,297.65485,997.4578,4.2670717,29.669947,0.0,0.0,
2024-04-20 16:00:00,296.74377,997.2347,4.4300966,31.012218,0.0,0.0,
2024-04-20 17:00:00,296.07916,996.9311,4.6572595,31.754803,0.0,0.0,
2024-04-20 18:00:00,295.54156,996.8206,4.8059406,32.40202,0.0,0.0,
2024-04-20 19:00:00,294.91296,996.6085,4.905156,34.129467,0.0,0.0,
2024-04-20 20:00:00,294.40808,996.9699,4.8220763,34.424053,0.0,0.0,
2024-04-20 21:00:00,293.9975,997.0588,4.9974885,33.90606,0.0,0.0,
2024-04-20 22:00:00,293.93066,998.0086,5.4644713,32.04126,0.0,0.02,
2024-04-20 23:00:00,295.19662,998.521,5.674968,28.025904,0.0,0.0,
2024-04-21 00:00:00,297.24298,998.9836,7.674539,24.153332,0.0,0.0,
2024-04-21 01:00:00,299.31335,999.0875,8.38654,22.128546,0.0,0.0,
2024-04-21 02:00:00,301.3501,998.7461,8.1327715,20.150831,0.0,0.0,
2024-04-21 03:00:00,302.97266,997.53577,7.5319,18.708763,0.0,0.0,
2024-04-21 04:00:00,304.169,996.53217,6.8010535,17.896729,0.0,0.0,
2024-04-21 05:00:00,304.92535,995.5273,6.0126567,17.362799,0.0,0.0,
2024-04-21 06:00:00,305.29892,995.0784,5.4605484,17.074713,0.0,0.0,
2024-04-21 07:00:00,305.16113,994.6864,5.190109,18.933027,0.0,0.0,
2024-04-21 08:00:00,304.83478,995.13776,5.152566,19.51997,0.0,0.0,
2024-04-21 09:00:00,303.9657,995.40765,4.9248238,21.033798,0.0,0.0,
2024-04-21 10:00:00,302.3973,996.15717,4.5232897,24.239653,0.0,0.0,
2024-04-21 11:00:00,301.2366,996.79205,5.039741,26.756794,0.0,0.0,
2024-04-21 12:00:00,300.3106,997.1717,5.370514,28.840452,0.0,0.0,
2024-04-21 13:00:00,299.48865,997.47675,5.3365993,30.776245,0.0,0.0,
2024-04-21 14:00:00,298.68332,997.2596,5.044293,32.806946,0.0,0.0,
2024-04-21 15:00:00,298.02103,997.1778,4.5792074,34.566406,0.0,0.0,
2024-04-21 16:00:00,297.22864,996.8697,3.9684865,36.56689,0.0,0.0,
2024-04-21 17:00:00,296.33197,996.52484,3.801628,38.58853,0.0,0.0,
2024-04-21 18:00:00,295.64075,996.2983,4.0836854,39.272312,0.0,0.0,
2024-04-21 19:00:00,294.67877,996.4889,4.1235433,39.770042,0.0,0.0,
2024-04-21 20:00:00,294.20728,996.5161,4.153801,40.14532,0.0,0.0,
2024-04-21 21:00:00,293.80304,996.6831,4.011375,40.642735,0.0,0.0,
2024-04-21 22:00:00,293.4731,997.1984,3.811673,41.048233,0.0,0.0,
2024-04-21 23:00:00,294.85022,997.59656,3.8645897,36.98637,0.0,0.0,
2024-04-22 00:00:00,297.50714,997.887,5.145833,29.69091,0.0,0.0,
2024-04-22 01:00:00,300.17993,997.6172,5.726404,24.008005,0.0,0.0,
2024-04-22 02:00:00,302.2024,997.0701,5.6985507,21.57823,0.0,0.0,
2024-04-22 03:00:00,303.72034,996.0111,4.6525936,20.848862,0.0,0.0,
2024-04-22 04:00:00,304.60483,995.0239,3.4439304,19.931122,0.0,0.0,
2024-04-22 05:00:00,305.09998,993.96985,2.8001318,18.971464,0.0,0.0,
2024-04-22 06:00:00,305.55878,993.32263,2.5298412,17.994162,0.0,0.0,
2024-04-22 07:00:00,305.79962,992.8793,2.3641093,17.62942,0.0,0.0,
2024-04-22 08:00:00,305.66943,993.1951,2.738778,17.440271,0.0,0.0,
2024-04-22 09:00:00,305.09454,993.6807,3.0175948,18.045292,0.0,0.0,
2024-04-22 10:00:00,303.5435,994.18195,3.2595527,21.0535,0.0,0.0,
2024-04-22 11:00:00,302.2022,995.02893,4.0873146,23.437292,0.0,0.0,
2024-04-22 12:00:00,301.0013,995.54346,4.849889,25.847923,0.0,0.0,
2024-04-22 13:00:00,299.99182,995.89484,4.891515,28.34863,0.0,0.0,
2024-04-22 14:00:00,299.1127,995.9222,4.423567,30.750027,0.0,0.0,
2024-04-22 15:00:00,298.30414,995.7761,4.0063553,33.144604,0.0,0.0,
2024-04-22 16:00:00,297.48114,995.4359,3.6304529,35.869446,0.0,0.0,
2024-04-22 17:00:00,296.5545,994.997,3.2635024,39.06235,0.0,0.0,
2024-04-22 18:00:00,295.6338,994.96704,3.0940235,42.146996,0.0,0.0,
2024-04-22 19:00:00,293.98773,995.76013,3.2993371,45.456688,0.0,0.0,
2024-04-22 20:00:00,293.3265,995.97186,3.3106675,47.163456,0.0,0.0,
2024-04-22 21:00:00,292.77454,996.0064,3.2852838,48.327698,0.0,0.0,
2024-04-22 22:00:00,292.3514,996.6858,3.2353218,48.795204,0.0,0.0,
2024-04-22 23:00:00,293.8899,997.29877,3.3377993,43.00745,0.0,0.0,
2024-04-23 00:00:00,296.9004,997.89795,4.0258102,33.501198,0.0,0.0,
2024-04-23 01:00:00,299.97736,997.8664,4.136969,26.501348,0.0,0.0,
2024-04-23 02:00:00,302.50644,997.395,4.054741,23.012564,0.0,0.0,
2024-04-23 03:00:00,304.01892,996.57275,3.2740672,21.706898,0.0,0.0,
2024-04-23 04:00:00,304.98026,995.3069,2.8616366,20.29263,0.0,0.0,
2024-04-23 05:00:00,305.7349,994.315,2.9468644,18.879845,0.0,0.0,
2024-04-23 06:00:00,306.20416,993.35065,3.1269572,17.848486,0.0,0.0,
2024-04-23 07:00:00,306.43906,992.7642,3.3173048,18.176876,0.0,0.0,
2024-04-23 08:00:00,306.25073,992.74963,3.6304693,18.157785,0.0,0.0,
2024-04-23 09:00:00,305.57608,993.14624,3.851129,18.875353,0.0,0.0,
2024-04-23 10:00:00,304.1557,994.03564,3.4851627,20.969915,0.0,0.0,
2024-04-23 11:00:00,302.98065,994.7283,3.9790869,22.868391,0.0,0.0,
2024-04-23 12:00:00,301.97797,995.77203,4.422362,24.762695,0.0,0.0,
2024-04-23 13:00:00,301.1089,995.9207,4.5466733,26.6015,0.0,0.0,
2024-04-23 14:00:00,300.39618,996.2942,4.428912,28.104195,0.0,0.0,
2024-04-23 15:00:00,299.61932,996.0468,4.1467586,29.555368,0.0,0.0,
2024-04-23 16:00:00,298.56296,995.5346,3.8897429,31.720999,0.0,0.0,
2024-04-23 17:00:00,297.32736,995.2225,4.261298,34.62357,0.0,0.0,
2024-04-23 18:00:00,296.42114,994.97955,4.7275653,36.673126,0.0,0.0,
2024-04-23 19:00:00,295.44406,995.4202,5.2453275,38.366695,0.0,0.0,
2024-04-23 20:00:00,294.84833,995.3314,4.7136707,39.107655,0.0,0.0,
2024-04-23 21:00:00,294.3192,995.6378,4.013138,39.91229,0.0,0.0,
2024-04-23 22:00:00,293.85327,996.2919,3.5699785,40.764557,0.0,0.0,
2024-04-23 23:00:00,295.26562,997.0164,3.5972807,37.13479,0.0,0.0,
2024-04-24 00:00:00,298.12085,997.4812,4.7381115,31.079227,0.002574825,0.0,
2024-04-24 01:00:00,301.2057,997.29346,5.3584127,26.473955,0.0,0.0,
2024-04-24 02:00:00,303.9078,996.66705,5.9530478,24.142868,0.0,0.0,
2024-04-24 03:00:00,305.5761,995.72284,5.4804654,23.1521,0.0,0.0,
2024-04-24 04:00:00,306.59793,994.78174,4.518545,21.41882,0.0,0.0,
2024-04-24 05:00:00,307.32498,993.76514,3.9558537,20.332605,0.0,0.0,
2024-04-24 06:00:00,307.8169,993.3113,3.707491,19.73707,0.0,0.0,
2024-04-24 07:00:00,308.14032,993.27,3.916198,17.280952,0.0,0.0,
2024-04-24 08:00:00,307.87595,993.3781,4.221869,18.311203,0.0,0.0,
2024-04-24 09:00:00,307.15918,993.7947,4.310508,20.457462,0.0,0.0,
2024-04-24 10:00:00,305.66614,994.2864,3.9976578,24.00847,0.0,0.0,
2024-04-24 11:00:00,304.57864,995.17633,4.843678,27.790693,0.0,0.0,
2024-04-24 12:00:00,303.70178,995.94385,5.5970783,31.431051,0.0,0.0,
2024-04-24 13:00:00,303.02527,996.114,5.69656,33.67956,0.0,0.0,
2024-04-24 14:00:00,302.47522,996.0092,5.5392084,34.844524,0.0,0.0,
2024-04-24 15:00:00,302.30243,995.7897,5.3355985,35.072704,0.0,0.0,
2024-04-24 16:00:00,301.89453,995.4464,4.925568,35.973896,0.0,0.0,
2024-04-24 17:00:00,301.31787,995.2311,4.62617,37.487774,0.0,0.0,
2024-04-24 18:00:00,300.54468,995.1453,4.7601304,39.65693,0.0,0.0,
2024-04-24 19:00:00,299.37457,995.5214,4.87127,39.94857,0.0,0.0,
2024-04-24 20:00:00,298.7799,995.7473,4.7941465,40.522522,0.0,0.0,
2024-04-24 21:00:00,298.3472,995.5672,4.675395,40.574654,0.0,0.0,
2024-04-24 22:00:00,297.7095,996.25287,4.428632,41.256245,0.0,0.0,
2024-04-24 23:00:00,298.7574,997.02466,4.553898,38.08943,0.0,0.0,
2024-04-25 00:00:00,300.95288,997.40094,6.22096,32.61389,0.0,0.0,
2024-04-25 01:00:00,303.2677,997.3928,6.9779716,28.173033,0.0,0.0,
2024-04-25 02:00:00,305.58618,996.89374,7.134581,25.481037,0.0,0.0,
2024-04-25 03:00:00,307.18652,995.7517,6.567734,24.075682,0.0,0.0,
2024-04-25 04:00:00,308.0903,994.677,5.4917383,22.77881,0.0,0.0,
2024-04-25 05:00:00,308.69043,993.6503,5.1367397,21.50845,0.0,0.0,
2024-04-25 06:00:00,309.04968,992.9961,5.154186,20.739618,0.0,0.0,
2024-04-25 07:00:00,309.0805,993.21436,4.6865587,21.594212,0.0,0.0,
2024-04-25 08:00:00,308.7379,993.58844,4.9170575,22.273796,0.0,0.0,
2024-04-25 09:00:00,307.90094,994.1306,5.230676,23.799757,0.0,0.0,
2024-04-25 10:00:00,306.59454,994.46844,5.604662,26.335958,0.0,0.0,
2024-04-25 11:00:00,305.40387,995.40045,6.690251,29.080734,0.0,0.0,
2024-04-25 12:00:00,304.53046,996.1664,7.199299,31.133743,0.0,0.0,
2024-04-25 13:00:00,303.84445,996.30133,7.005622,32.48219,0.0,0.0,
2024-04-25 14:00:00,303.15268,996.3459,6.168391,33.47858,0.0,0.0,
2024-04-25 15:00:00,302.74597,996.1312,5.3429403,33.751434,0.0,0.0,
2024-04-25 16:00:00,302.37256,995.7981,4.890601,33.97554,0.0,0.0,
2024-04-25 17:00:00,301.71735,995.3102,4.6936097,35.083096,0.0,0.0,
2024-04-25 18:00:00,300.72308,995.34216,4.827487,37.49944,0.0,0.0,
2024-04-25 19:00:00,299.38867,996.1367,4.777528,39.909706,0.0,0.0,
2024-04-25 20:00:00,298.95697,996.33124,4.8371058,40.41076,0.0,0.0,
2024-04-25 21:00:00,298.5077,996.3525,4.8290467,40.68293,0.0,0.0,
2024-04-25 22:00:00,298.11774,996.7031,4.702539,41.102844,0.0,0.0,
2024-04-25 23:00:00,298.94876,997.39557,4.609962,39.142357,0.0,0.0,
2024-04-26 00:00:00,300.6175,997.77155,5.917392,36.049732,0.0,0.0,
2024-04-26 01:00:00,302.29352,997.90076,6.424387,33.378174,0.0,0.0,
2024-04-26 02:00:00,304.06082,997.68677,6.4159703,30.14554,0.0,0.0,
2024-04-26 03:00:00,305.7414,996.6068,5.856302,26.897781,0.0,0.0,
2024-04-26 04:00:00,307.17725,995.6114,4.9822,24.056139,0.0,0.0,
2024-04-26 05:00:00,308.20026,994.65125,4.213918,22.16098,0.0,0.0,
2024-04-26 06:00:00,308.62006,993.90405,3.9795327,21.367798,0.0,0.0,
2024-04-26 07:00:00,309.06616,993.6461,3.8507905,20.509527,0.0,0.0,
2024-04-26 08:00:00,308.78693,993.70734,4.1385274,20.59637,0.0,0.0,
2024-04-26 09:00:00,307.95755,994.15356,4.5989585,21.619774,0.0,0.0,
2024-04-26 10:00:00,306.44128,994.7196,4.8188004,24.189756,0.0,0.0,
2024-04-26 11:00:00,305.17413,995.38794,5.7189803,27.272913,0.0,0.0,
2024-04-26 12:00:00,304.1194,996.4178,5.974066,30.491798,0.0,0.0,
2024-04-26 13:00:00,303.20584,996.6549,5.734934,33.24648,0.0,0.0,
2024-04-26 14:00:00,302.43738,996.83765,5.517929,35.538048,0.0,0.0,
2024-04-26 15:00:00,301.76257,996.86597,5.1010346,37.524918,0.0,0.0,
2024-04-26 16:00:00,301.06155,996.6889,4.46687,39.478622,0.0,0.0,
2024-04-26 17:00:00,300.24146,996.34454,3.9074411,41.69284,0.0,0.0,
2024-04-26 18:00:00,299.36328,996.10455,4.2756,44.051884,0.0,0.0,
2024-04-26 19:00:00,298.3822,996.62274,4.5150304,42.906822,0.0,0.0,
2024-04-26 20:00:00,297.7536,996.5203,4.371108,43.615105,0.0,0.0,
2024-04-26 21:00:00,297.20685,996.9486,4.319918,44.022987,0.0,0.0,
2024-04-26 22:00:00,296.7398,997.6669,4.419719,44.256298,0.0,0.0,
2024-04-26 23:00:00,297.8241,998.34216,4.880292,40.424393,0.0,0.0,
2024-04-27 00:00:00,300.0149,998.78186,6.370647,33.936615,0.0,0.0,
2024-04-27 01:00:00,302.40866,998.8248,6.772975,28.722822,0.0,0.0,
2024-04-27 02:00:00,304.5166,998.532,6.658807,25.636244,0.0,0.0,
2024-04-27 03:00:00,305.97623,997.58813,6.0371447,23.64599,0.0,0.0,
2024-04-27 04:00:00,307.0418,996.54095,5.4659963,21.32456,0.0,0.0,
2024-04-27 05:00:00,307.73627,995.60095,5.145893,19.289415,0.0,0.0,
2024-04-27 06:00:00,308.09692,994.9389,5.15639,18.066353,0.0,0.0,
2024-04-27 07:00:00,307.90723,995.02435,5.626008,19.016508,0.0,0.0,
2024-04-27 08:00:00,307.39624,995.52454,5.773799,19.518505,0.0,0.0,
2024-04-27 09:00:00,306.3777,996.33655,5.6811013,21.044579,0.0,0.0,
2024-04-27 10:00:00,304.96405,996.8296,5.111276,23.420637,0.0,0.0,
2024-04-27 11:00:00,303.86267,997.66486,5.1411295,25.436539,0.0,0.0,
2024-04-27 12:00:00,302.85907,998.2466,4.8539042,27.260408,0.0,0.0,
2024-04-27 13:00:00,301.89154,998.4746,4.454638,28.928364,0.0,0.0,
2024-04-27 14:00:00,300.8907,998.5789,4.073946,30.619204,0.0,0.0,
2024-04-27 15:00:00,299.75632,998.5092,3.7483628,32.736786,0.0,0.0,
2024-04-27 16:00:00,298.64795,998.3209,3.8743472,34.954445,0.0,0.0,
2024-04-27 17:00:00,297.8353,998.14655,4.1195283,36.018787,0.0,0.0,
2024-04-27 18:00:00,297.4193,997.9696,4.2671537,35.396828,0.0,0.0,
2024-04-27 19:00:00,295.9905,998.1809,3.7709053,36.820583,0.0,0.0,
2024-04-27 20:00:00,295.37845,998.36096,3.6767683,36.83832,0.0,0.0,
2024-04-27 21:00:00,294.7126,998.63196,3.6053784,37.192604,0.0,0.0,
2024-04-27 22:00:00,294.15692,999.2149,3.565431,37.5962,0.0,0.0,
2024-04-27 23:00:00,295.45212,1000.02716,3.6498806,33.99336,0.0,0.0,
2024-04-28 00:00:00,298.163,1000.2567,4.512965,27.673874,0.0021455444,0.0,
2024-04-28 01:00:00,300.9095,1000.49994,5.199629,22.443317,0.0,0.0,
2024-04-28 02:00:00,303.20776,999.94885,6.1765404,18.240744,0.0,0.0,
2024-04-28 03:00:00,304.7493,998.8666,6.3969526,15.93616,0.0,0.0,
2024-04-28 04:00:00,305.8904,997.66174,6.481008,14.205954,0.0,0.0,
2024-04-28 05:00:00,306.7539,996.54193,6.723099,12.81133,0.0,0.0,
2024-04-28 06:00:00,307.23242,995.5742,6.979675,11.829582,0.0,0.0,
2024-04-28 07:00:00,307.3831,995.4018,7.1610503,12.238667,0.0,0.0,
2024-04-28 08:00:00,306.94623,995.67725,7.1218495,12.056836,0.0,0.0,
2024-04-28 09:00:00,305.86487,996.07623,6.051178,12.523727,0.0,0.0,
2024-04-28 10:00:00,304.20795,996.6872,4.8003554,13.8182955,0.0,0.0,
2024-04-28 11:00:00,302.84674,997.2902,4.335639,15.144128,0.0,0.0,
2024-04-28 12:00:00,301.50757,998.1697,4.150741,16.721102,0.0,0.0,
2024-04-28 13:00:00,300.29364,998.4434,4.3509746,18.344234,0.0,0.0,
2024-04-28 14:00:00,299.28604,998.72736,4.583805,19.779896,0.0,0.0,
2024-04-28 15:00:00,298.43878,998.4055,4.6732492,20.91033,0.0,0.0,
2024-04-28 16:00:00,297.6857,998.18665,4.736241,21.796143,0.0,0.0,
2024-04-28 17:00:00,296.9639,997.7263,4.74057,22.626139,0.0,0.0,
2024-04-28 18:00:00,296.25775,997.6906,4.641392,23.60024,0.0,0.0,
2024-04-28 19:00:00,294.67084,998.06024,4.0368237,26.852966,0.0,0.0,
2024-04-28 20:00:00,293.8998,998.25006,3.8586218,28.38513,0.0,0.0,
2024-04-28 21:00:00,293.2047,998.36127,3.7504423,29.991064,0.0,0.0,
2024-04-28 22:00:00,292.6458,999.10547,3.802778,31.506819,0.0,0.0,
2024-04-28 23:00:00,293.99976,999.7425,3.941004,29.509937,0.0,0.0,
2024-04-29 00:00:00,297.0157,1000.2261,5.2284665,24.71654,0.0017225742,0.0,
2024-04-29 01:00:00,300.1588,999.9855,6.2849665,20.17006,0.0,0.0,
2024-04-29 02:00:00,302.97076,999.3982,7.417766,16.049458,0.0,0.0,
2024-04-29 03:00:00,304.8393,998.14905,8.139568,13.187392,0.0,0.0,
2024-04-29 04:00:00,306.00702,997.0485,7.6669,12.013591,0.0,0.0,
2024-04-29 05:00:00,306.81195,996.1063,7.1716733,11.445269,0.0,0.0,
2024-04-29 06:00:00,307.2343,995.4164,6.776245,11.273282,0.0,0.0,
2024-04-29 07:00:00,307.4211,994.92847,6.691743,12.216653,0.0,0.0,
2024-04-29 08:00:00,306.94305,995.1197,6.6952143,13.055401,0.0,0.0,
2024-04-29 09:00:00,305.79404,995.47144,5.731824,14.766412,0.0,0.0,
2024-04-29 10:00:00,303.97375,995.7898,4.8369513,17.170528,0.0,0.0,
2024-04-29 11:00:00,302.64297,996.64954,4.521496,19.217243,0.0,0.0,
2024-04-29 12:00:00,301.3684,997.2683,4.094534,21.268541,0.0,0.0,
2024-04-29 13:00:00,300.06348,997.66516,3.9825392,23.23604,0.0,0.0,
2024-04-29 14:00:00,298.87762,997.86084,4.3105836,24.600819,0.0,0.0,
2024-04-29 15:00:00,298.04633,997.96643,4.6421614,25.007048,0.0,0.0,
2024-04-29 16:00:00,297.46945,997.7065,4.965003,24.96537,0.0,0.0,
2024-04-29 17:00:00,296.9217,997.47406,5.0199738,25.168234,0.0,0.0,
2024-04-29 18:00:00,296.24084,997.02734,4.8778806,26.107195,0.0,0.0,
2024-04-29 19:00:00,294.44022,997.2353,4.0925803,29.36377,0.0,0.0,
2024-04-29 20:00:00,293.6601,997.0192,3.8123345,30.903116,0.0,0.0,
2024-04-29 21:00:00,292.95667,997.29236,3.7207923,32.44798,0.0,0.0,
2024-04-29 22:00:00,292.33005,997.6918,3.7324212,33.951385,0.0,0.0,
2024-04-29 23:00:00,293.7395,998.59705,3.632504,31.453758,0.0,0.0,
2024-04-30 00:00:00,296.96735,998.9764,4.785249,25.952232,0.0017126049,0.0,
2024-04-30 01:00:00,300.26562,998.8153,5.987682,21.66048,0.0,0.0,
2024-04-30 02:00:00,303.1134,997.9486,7.026234,19.024483,0.0,0.0,
2024-04-30 03:00:00,304.9618,996.8855,7.927175,18.291946,0.0,0.0,
2024-04-30 04:00:00,305.9401,995.6965,7.6058455,17.485258,0.0,0.0,
2024-04-30 05:00:00,306.58447,994.9522,7.1177654,16.54944,0.0,0.0,
2024-04-30 06:00:00,306.87903,994.2837,6.752088,16.142422,0.0,0.0,
2024-04-30 07:00:00,307.05307,994.3931,6.225086,16.281036,0.0,0.0,
2024-04-30 08:00:00,306.59564,994.4528,6.300809,17.12593,0.0,0.0,
2024-04-30 09:00:00,305.55548,994.8572,5.5103498,18.811316,0.0,0.0,
2024-04-30 10:00:00,303.8951,995.3732,4.8598104,21.380524,0.0,0.0,
2024-04-30 11:00:00,302.766,996.0039,4.822279,23.380064,0.0,0.0,
2024-04-30 12:00:00,301.81314,996.5348,4.717184,25.179329,0.0,0.0,
2024-04-30 13:00:00,300.90958,996.6953,4.535803,26.875347,0.0,0.0,
2024-04-30 14:00:00,299.95673,996.6973,4.297626,28.684649,0.0,0.0,
2024-04-30 15:00:00,298.83405,996.64374,4.2672462,30.870285,0.0,0.0,
2024-04-30 16:00:00,297.80725,996.3208,4.704577,32.636433,0.0,0.0,
2024-04-30 17:00:00,297.27148,996.2325,5.1214585,33.024643,0.0,0.0,
2024-04-30 18:00:00,297.01004,995.7195,5.5021772,32.74609,0.0,0.0,
2024-04-30 19:00:00,295.5342,996.1697,4.3826904,31.496243,0.0,0.0,
2024-04-30 20:00:00,294.89957,996.46344,3.8953178,33.870407,0.0,0.0,
2024-04-30 21:00:00,294.35532,996.8736,3.5514765,36.30657,0.0,0.0,
2024-04-30 22:00:00,293.9184,997.7512,3.3924947,38.611855,0.0,0.0,
2024-04-30 23:00:00,295.297,998.32007,3.466188,36.70207,0.0,0.0,
2024-05-01 00:00:00,,298.1844,998.59515,4.9355645,31.798368,0.0,0.0
2024-05-01 01:00:00,,301.10767,998.41187,6.0688214,28.161314,0.0,0.0
2024-05-01 02:00:00,,303.74713,997.85706,6.8940487,26.76034,0.0,0.0
2024-05-01 03:00:00,,305.5897,996.7506,7.645625,26.69389,0.0,0.0
2024-05-01 04:00:00,,306.68256,995.3561,7.290259,24.745924,0.0,0.0
2024-05-01 05:00:00,,306.88696,994.71857,6.7566905,23.421154,0.0,0.0
2024-05-01 06:00:00,,306.9663,994.1599,6.555133,22.896973,0.0,0.0
2024-05-01 07:00:00,,306.92236,994.13416,6.4836516,23.839472,0.0,0.0
2024-05-01 08:00:00,,306.49927,994.3702,6.372581,24.255524,0.0,0.0
2024-05-01 09:00:00,,305.88147,995.02655,5.956718,25.340208,0.0,0.0
2024-05-01 10:00:00,,304.91925,995.5203,5.8915925,27.939537,0.0,0.0
2024-05-01 11:00:00,,303.90143,996.4625,6.0280414,31.262497,0.0,0.0
2024-05-01 12:00:00,,303.2666,997.0005,5.798964,33.412106,0.0,0.0
2024-05-01 13:00:00,,302.71713,997.44385,5.525338,34.630886,0.0,0.0
2024-05-01 14:00:00,,302.07428,997.33203,5.419365,35.651028,0.0,0.0
2024-05-01 15:00:00,,301.49738,997.17834,5.4759617,36.36793,0.0,0.0
2024-05-01 16:00:00,,300.7975,996.9893,5.483091,37.355846,0.0,0.0
2024-05-01 17:00:00,,300.21277,996.7509,5.4931636,38.07263,0.0,0.0
2024-05-01 18:00:00,,299.37512,996.54095,5.5873337,39.160606,0.0,0.0
2024-05-01 19:00:00,,298.14862,997.0695,5.261552,41.855698,0.0,0.0
2024-05-01 20:00:00,,297.36768,997.3071,5.1431274,43.33605,0.0,0.0
2024-05-01 21:00:00,,296.77463,997.72046,5.1192093,44.335754,0.0,0.0
2024-05-01 22:00:00,,296.40326,998.64453,5.3436594,44.721893,0.0,0.0
2024-05-01 23:00:00,,297.305,999.4352,5.467664,41.89001,0.0,0.0
2024-05-02 00:00:00,,299.23975,999.7511,7.356195,36.723103,0.0,0.0
2024-05-02 01:00:00,,301.4165,999.8825,8.046716,31.73988,0.0,0.0
2024-05-02 02:00:00,,303.43317,999.32794,8.17073,27.802187,0.0,0.0
2024-05-02 03:00:00,,305.0102,998.2114,8.109242,25.264729,0.0,0.0
2024-05-02 04:00:00,,306.07104,996.92596,7.763133,23.56724,0.0,0.0
2024-05-02 05:00:00,,306.68402,995.71466,7.386847,21.796179,0.0,0.0
2024-05-02 06:00:00,,306.9863,995.2092,7.2598424,20.688713,0.0,0.0
2024-05-02 07:00:00,,307.04938,995.22156,7.073461,19.729414,0.0,0.0
2024-05-02 08:00:00,,306.55643,995.51263,7.0908284,20.196407,0.0,0.0
2024-05-02 09:00:00,,305.54535,996.3507,6.310931,21.775354,0.0,0.0
2024-05-02 10:00:00,,304.09827,996.91455,5.236314,24.235458,0.0,0.0
2024-05-02 11:00:00,,303.01846,997.8173,4.8321185,26.3254,0.0,0.0
2024-05-02 12:00:00,,301.95813,998.23517,4.3121443,28.540388,0.0,0.0
2024-05-02 13:00:00,,300.90503,998.4894,3.8045802,30.924028,0.0,0.0
2024-05-02 14:00:00,,299.78317,998.33124,3.843202,33.438736,0.0,0.0
2024-05-02 15:00:00,,299.00555,998.10986,4.1427712,35.117504,0.0,0.0
2024-05-02 16:00:00,,298.51025,997.7483,4.532127,36.040497,0.0,0.0
2024-05-02 17:00:00,,298.06516,997.36597,4.8172436,36.878986,0.0,0.0
2024-05-02 18:00:00,,297.48248,997.0505,4.8722963,38.134964,0.0,0.0
2024-05-02 19:00:00,,295.91974,997.3486,4.2579255,42.102135,0.0,0.0
2024-05-02 20:00:00,,295.21005,997.3733,3.9247231,44.209267,0.0,0.0
2024-05-02 21:00:00,,294.6406,998.003,3.8159232,46.046722,0.0,0.0
2024-05-02 22:00:00,,294.1449,998.4955,3.7728388,47.73454,0.0,0.0
2024-05-02 23:00:00,,295.38272,999.1214,3.892637,44.567722,0.0,0.0
2024-05-03 00:00:00,,298.04407,999.3198,5.268506,37.868057,0.0,0.0
2024-05-03 01:00:00,,300.62262,999.2696,6.3919053,32.05712,0.0,0.0
2024-05-03 02:00:00,,302.84027,998.75354,7.074891,27.620148,0.0,0.0
2024-05-03 03:00:00,,304.39032,997.3809,7.371408,24.387573,0.0,0.0
2024-05-03 04:00:00,,305.38904,996.0644,6.9751167,22.162733,0.0,0.0
2024-05-03 05:00:00,,306.041,994.88696,6.6144347,20.698292,0.0,0.0
2024-05-03 06:00:00,,306.41138,994.4052,6.3794622,19.841208,0.0,0.0
2024-05-03 07:00:00,,306.41632,994.06995,6.47832,20.768026,0.0,0.0
2024-05-03 08:00:00,,306.0064,994.5167,6.4454226,21.447601,0.0,0.0
2024-05-03 09:00:00,,305.0359,995.0822,5.7192416,23.376781,0.0,0.0
2024-05-03 10:00:00,,303.65503,995.82654,4.917056,26.199469,0.0,0.0
2024-05-03 11:00:00,,302.67654,996.45593,4.9596148,28.50114,0.0,0.0
2024-05-03 12:00:00,,301.86572,997.0714,4.9032183,30.518785,0.0,0.0
2024-05-03 13:00:00,,301.09802,996.9384,4.654465,32.299824,0.0,0.0
2024-05-03 14:00:00,,300.34933,996.71295,4.318988,33.9318,0.0,0.0
2024-05-03 15:00:00,,299.28668,996.4727,4.304276,36.150555,0.0,0.0
2024-05-03 16:00:00,,298.44342,996.1005,4.8167305,37.083885,0.0,0.0
2024-05-03 17:00:00,,297.91296,995.8011,5.353088,36.3418,0.0,0.0
2024-05-03 18:00:00,,297.50043,995.42096,5.605482,36.14374,0.0,0.0
2024-05-03 19:00:00,,295.94843,995.6934,4.960326,38.163,0.0,0.0
2024-05-03 20:00:00,,295.3328,995.7889,4.503456,40.3952,0.0,0.0
2024-05-03 21:00:00,,294.773,996.177,4.0932875,42.617184,0.0,0.0
2024-05-03 22:00:00,,294.29193,996.75146,3.7847388,44.629025,0.0,0.0
2024-05-03 23:00:00,,295.51825,997.4782,3.6714435,42.0065,0.0,0.0
2024-05-04 00:00:00,,298.29236,997.6789,4.860907,35.567352,0.0,0.0
2024-05-04 01:00:00,,301.18335,997.66437,5.6156883,29.843933,0.0,0.0
2024-05-04 02:00:00,,303.52164,997.3054,6.4738135,25.955307,0.0,0.0
2024-05-04 03:00:00,,304.82874,995.98334,5.857915,24.132572,0.0,0.0
2024-05-04 04:00:00,,305.55862,994.8679,4.5269394,22.718277,0.0,0.0
2024-05-04 05:00:00,,306.08374,993.73596,3.8546484,21.682087,0.0,0.0
2024-05-04 06:00:00,,306.42944,993.14185,3.6065233,21.001577,0.0,0.0
2024-05-04 07:00:00,,306.5097,992.46173,3.392021,21.625584,0.0,0.0
2024-05-04 08:00:00,,306.27234,992.4807,3.4681,21.881083,0.0,0.0
2024-05-04 09:00:00,,305.60156,992.8591,3.408605,23.048628,0.0,0.0
2024-05-04 10:00:00,,304.15527,993.1986,3.5038717,26.111752,0.0,0.0
2024-05-04 11:00:00,,303.1808,994.313,4.3528686,28.607658,0.0,0.0
2024-05-04 12:00:00,,302.21393,994.5502,4.8437805,31.111399,0.0,0.0
2024-05-04 13:00:00,,301.6673,994.7317,4.627288,32.502674,0.0,0.0
2024-05-04 14:00:00,,301.10693,994.6609,4.342307,33.67549,0.0,0.0
2024-05-04 15:00:00,,300.6021,994.71185,4.481363,35.103203,0.0,0.0
2024-05-04 16:00:00,,300.30933,994.33325,4.5786834,37.30435,0.0,0.0
2024-05-04 17:00:00,,300.46503,993.92084,4.369798,39.09194,0.0,0.0
2024-05-04 18:00:00,,300.3957,993.52576,4.0160956,40.19546,0.0,0.0
2024-05-04 19:00:00,,297.65048,994.0042,3.9379659,45.745064,0.0,0.0
2024-05-04 20:00:00,,296.9745,994.1231,3.9146593,48.275475,0.0,0.0
2024-05-04 21:00:00,,296.53833,994.79205,3.9364846,49.372208,0.0,0.0
2024-05-04 22:00:00,,296.27338,995.56305,3.9103553,49.341133,0.0,0.0
2024-05-04 23:00:00,,297.44098,996.6091,4.045359,44.868885,0.0,0.0
2024-05-05 00:00:00,,299.6755,997.0097,5.6778483,37.60429,0.0021517277,0.0
2024-05-05 01:00:00,,301.98508,996.96594,6.7448006,31.962923,0.0,0.0
2024-05-05 02:00:00,,304.17786,996.5411,7.106449,27.586794,0.0,0.0
2024-05-05 03:00:00,,305.6593,995.3705,6.249361,25.109663,0.0,0.0
2024-05-05 04:00:00,,306.5962,994.2776,5.0116386,23.474894,0.0,0.0
2024-05-05 05:00:00,,307.15918,993.3685,3.95269,21.821157,0.0,0.0
2024-05-05 06:00:00,,307.41223,992.7456,3.3187287,20.71807,0.0,0.0
2024-05-05 07:00:00,,307.3708,992.83563,3.531632,20.271143,0.0,0.0
2024-05-05 08:00:00,,307.1336,993.1744,3.3990147,20.167828,0.0,0.0
2024-05-05 09:00:00,,306.55017,993.6809,3.47636,20.643307,0.0,0.0
2024-05-05 10:00:00,,305.68933,994.337,4.1253896,21.949465,0.0,0.0
2024-05-05 11:00:00,,304.50186,995.22595,5.6213355,24.125656,0.0,0.0
2024-05-05 12:00:00,,303.4088,995.9311,6.413075,26.709408,0.0,0.0
2024-05-05 13:00:00,,302.51715,996.0886,5.9163632,28.70067,0.0,0.0
2024-05-05 14:00:00,,302.0686,996.4256,5.4934254,29.825655,0.0,0.0
2024-05-05 15:00:00,,301.7972,996.6725,5.3352695,30.638376,0.0,0.0
2024-05-05 16:00:00,,301.53296,996.35315,5.198587,31.251448,0.0,0.0
2024-05-05 17:00:00,,301.13098,996.4091,5.014637,31.973883,0.0,0.0
2024-05-05 18:00:00,,300.2412,996.3212,4.6049805,33.644737,0.0,0.0
2024-05-05 19:00:00,,298.30252,996.84296,4.8601108,37.2554,0.0,0.0
2024-05-05 20:00:00,,297.46765,996.63873,4.5964913,38.705063,0.0,0.0
2024-05-05 21:00:00,,296.76358,997.2575,4.361407,39.736904,0.0,0.0
2024-05-05 22:00:00,,296.1034,997.5515,4.362143,40.560726,0.0,0.0
2024-05-05 23:00:00,,297.04248,998.4514,4.603208,37.477764,0.0,0.0
2024-05-06 00:00:00,,299.1872,998.8561,6.1492996,31.607447,0.0,0.0
2024-05-06 01:00:00,,301.4733,998.8421,6.887515,26.998907,0.0,0.0
2024-05-06 02:00:00,,303.47668,998.53876,6.864649,24.124178,0.0,0.0
2024-05-06 03:00:00,,304.8642,997.5061,6.007296,22.488705,0.0,0.0
2024-05-06 04:00:00,,305.80713,996.47186,5.1549687,21.194574,0.0,0.0
2024-05-06 05:00:00,,306.41284,995.67487,4.6242933,20.078157,0.0,0.0
2024-05-06 06:00:00,,306.70877,995.1511,4.3587933,19.471302,0.0,0.0
2024-05-06 07:00:00,,306.6645,994.75836,4.2631116,20.296406,0.0,0.0
2024-05-06 08:00:00,,306.24582,995.21094,4.3807034,20.699324,0.0,0.0
2024-05-06 09:00:00,,305.35562,995.9952,4.233752,21.879524,0.0,0.0
2024-05-06 10:00:00,,303.8777,996.46735,4.015255,24.337868,0.0,0.0
2024-05-06 11:00:00,,302.86145,997.0731,4.3362145,26.047607,0.0,0.0
2024-05-06 12:00:00,,301.95422,997.7761,4.380292,27.620543,0.0,0.0
2024-05-06 13:00:00,,301.2052,997.76685,4.234645,28.959475,0.0,0.0
2024-05-06 14:00:00,,300.44495,997.6394,4.182464,30.326159,0.0,0.0
2024-05-06 15:00:00,,299.6223,997.4925,4.6437645,31.627497,0.0,0.0
2024-05-06 16:00:00,,298.85175,997.1995,5.320553,31.986221,0.0,0.0
2024-05-06 17:00:00,,298.47528,996.95294,5.5642204,30.958336,0.0,0.0
2024-05-06 18:00:00,,298.06177,996.6683,5.530675,29.936092,0.0,0.0
2024-05-06 19:00:00,,296.7282,996.6887,4.298194,33.55774,0.0,0.0
2024-05-06 20:00:00,,296.41852,996.79156,4.1164455,33.383842,0.0,0.0
2024-05-06 21:00:00,,295.85965,997.03467,3.89046,34.104736,0.0,0.0
2024-05-06 22:00:00,,295.25623,997.7308,3.719227,35.23234,0.0,0.0
2024-05-06 23:00:00,,295.9223,998.5544,3.792694,33.701283,0.0,0.0
2024-05-07 00:00:00,,298.01477,998.9867,4.6558056,29.163801,0.0,0.0
2024-05-07 01:00:00,,300.3686,999.2112,4.681984,24.740318,0.0,0.0
2024-05-07 02:00:00,,302.5479,998.78845,4.481213,21.291477,0.0,0.0
2024-05-07 03:00:00,,303.7281,997.6319,3.9597468,19.689623,0.0,0.0
2024-05-07 04:00:00,,304.6906,996.6245,3.815057,17.722958,0.0,0.0
2024-05-07 05:00:00,,305.4627,995.66064,4.1526265,15.867832,0.0,0.0
2024-05-07 06:00:00,,305.78818,995.12286,4.368674,14.7887335,0.0,0.0
2024-05-07 07:00:00,,305.07733,995.1808,3.9282746,16.297855,0.0,0.0
2024-05-07 08:00:00,,304.80084,995.4266,3.7959511,16.128162,0.0,0.0
2024-05-07 09:00:00,,304.1498,995.76984,3.4534557,16.642605,0.0,0.0
2024-05-07 10:00:00,,302.91315,996.16064,2.8759136,18.545876,0.0,0.0
2024-05-07 11:00:00,,301.9403,996.601,3.1319604,20.273817,0.0,0.0
2024-05-07 12:00:00,,300.83624,997.1933,3.343866,22.484676,0.0,0.0
2024-05-07 13:00:00,,300.14862,997.3234,3.3088686,24.409678,0.0,0.0
2024-05-07 14:00:00,,298.96643,997.32544,3.1818514,27.092276,0.0,0.0
2024-05-07 15:00:00,,298.32605,997.19305,3.100434,28.70695,0.0,0.0
2024-05-07 16:00:00,,297.40027,996.9822,3.3878975,30.334288,0.0,0.0
2024-05-07 17:00:00,,296.47192,996.8845,3.7743733,31.535208,0.0,0.0
2024-05-07 18:00:00,,295.81033,996.383,4.0552087,32.09329,0.0,0.0
2024-05-07 19:00:00,,294.60977,996.645,3.9245472,35.41792,0.0,0.0
2024-05-07 20:00:00,,293.89258,996.9949,3.853995,37.23576,0.0,0.0
2024-05-07 21:00:00,,293.2705,997.3214,3.8159604,39.15277,0.0,0.0
2024-05-07 22:00:00,,292.74005,997.98315,3.7552068,41.20537,0.0,0.0
2024-05-07 23:00:00,,293.87506,998.71344,3.69293,39.148647,0.0,0.0
2024-05-08 00:00:00,,296.61523,999.3322,4.640046,33.071705,0.0,0.0
2024-05-08 01:00:00,,299.44644,999.0971,5.129845,27.219019,0.0,0.0
2024-05-08 02:00:00,,301.94598,998.7528,5.488885,22.901546,0.0,0.0
2024-05-08 03:00:00,,303.49454,997.6612,5.181372,20.497524,0.0,0.0
2024-05-08 04:00:00,,304.51727,996.67,4.7621408,18.50472,0.0,0.0
2024-05-08 05:00:00,,305.18518,995.548,4.4710817,17.13839,0.0,0.0
2024-05-08 06:00:00,,305.53836,995.0012,4.272573,16.325027,0.0,0.0
2024-05-08 07:00:00,,305.7741,994.9967,4.7844925,16.83573,0.0,0.0
2024-05-08 08:00:00,,305.3384,995.2636,4.807481,17.358551,0.0,0.0
2024-05-08 09:00:00,,304.34186,995.815,4.1899147,18.830423,0.0,0.0
2024-05-08 10:00:00,,302.70203,996.45044,3.701664,21.493734,0.0,0.0
2024-05-08 11:00:00,,301.49292,997.12085,3.852076,23.672607,0.0,0.0
2024-05-08 12:00:00,,300.38513,997.5217,3.8065238,25.856976,0.0,0.0
2024-05-08 13:00:00,,299.27264,997.668,3.6189485,28.175016,0.0,0.0
2024-05-08 14:00:00,,298.1449,997.8883,3.8365817,30.330757,0.0,0.0
2024-05-08 15:00:00,,297.22015,997.9207,4.4067726,31.288565,0.0,0.0
2024-05-08 16:00:00,,296.59558,997.8772,4.7870936,31.086645,0.0,0.0
2024-05-08 17:00:00,,296.07324,997.3694,5.0105762,30.929014,0.0,0.0
2024-05-08 18:00:00,,295.5931,997.1145,5.053595,31.161081,0.0,0.0
2024-05-08 19:00:00,,294.36703,997.5475,4.547614,33.99104,0.0,0.0
2024-05-08 20:00:00,,293.68127,997.47656,4.286187,36.236935,0.0,0.0
2024-05-08 21:00:00,,293.11444,997.73206,3.963446,38.82033,0.0,0.0
2024-05-08 22:00:00,,292.65714,998.6892,3.687313,41.64098,0.0,0.0
2024-05-08 23:00:00,,293.8424,999.38806,3.3986027,40.3939,0.0,0.0
2024-05-09 00:00:00,,296.8222,999.9739,4.5008545,34.67316,0.0017285347,0.0
2024-05-09 01:00:00,,299.89154,999.8258,5.3654013,29.040722,0.0,0.0
2024-05-09 02:00:00,,302.5896,999.4356,6.319283,24.657663,0.0,0.0
2024-05-09 03:00:00,,304.25174,998.22375,6.2420177,21.924635,0.0,0.0
2024-05-09 04:00:00,,305.25873,997.323,5.3535995,20.383476,0.0,0.0
2024-05-09 05:00:00,,305.8657,996.3036,4.704093,19.220322,0.0,0.0
2024-05-09 06:00:00,,306.22754,995.81213,4.488595,18.217855,0.0,0.0
2024-05-09 07:00:00,,306.48352,995.955,4.396385,17.585089,0.0,0.0
2024-05-09 08:00:00,,306.12137,995.95557,4.573825,17.82388,0.0,0.0
2024-05-09 09:00:00,,305.1549,996.6965,4.231953,19.191751,0.0,0.0
2024-05-09 10:00:00,,303.445,996.97314,4.2549453,21.850195,0.0,0.0
2024-05-09 11:00:00,,302.2813,997.87366,4.7055206,24.015318,0.0,0.0
2024-05-09 12:00:00,,301.30505,998.43365,4.8086715,26.129257,0.0,0.0
2024-05-09 13:00:00,,300.4614,998.77673,4.675813,28.03003,0.0,0.0
2024-05-09 14:00:00,,299.57855,999.1036,4.488505,29.979023,0.0,0.0
2024-05-09 15:00:00,,298.50052,999.055,4.6238976,32.235996,0.0,0.0
2024-05-09 16:00:00,,297.55496,999.09906,5.1667147,33.772976,0.0,0.0
2024-05-09 17:00:00,,297.09293,998.8906,5.7473583,33.435036,0.0,0.0
2024-05-09 18:00:00,,296.6854,998.6676,5.8965983,32.87624,0.0,0.0
2024-05-09 19:00:00,,295.19476,998.82794,4.7816606,36.32396,0.0,0.0
2024-05-09 20:00:00,,294.534,998.775,4.5561833,37.902126,0.0,0.0
2024-05-09 21:00:00,,294.0466,999.17126,4.3223476,39.483475,0.0,0.0
2024-05-09 22:00:00,,293.65326,999.7339,4.04541,41.213085,0.0,0.0
2024-05-09 23:00:00,,294.82425,1000.6348,3.7330728,39.43092,0.0,0.0
2024-05-10 00:00:00,,297.56006,1001.05914,4.8601584,34.5652,0.0,0.0
2024-05-10 01:00:00,,300.35007,1001.0613,5.6607275,30.480316,0.0,0.0
2024-05-10 02:00:00,,302.9452,1000.5545,6.1399117,27.0147,0.0,0.0
2024-05-10 03:00:00,,304.92,999.3045,6.0368037,24.594204,0.0,0.0
2024-05-10 04:00:00,,306.16602,998.02045,5.1830635,22.905148,0.0,0.0
2024-05-10 05:00:00,,306.94913,997.05444,4.539893,21.594099,0.0,0.0
2024-05-10 06:00:00,,307.40887,996.5031,4.337961,20.795933,0.0,0.0
2024-05-10 07:00:00,,307.36432,996.24,3.6859605,20.405037,0.0,0.0
2024-05-10 08:00:00,,307.0908,996.40314,3.9075115,20.718578,0.0,0.0
2024-05-10 09:00:00,,306.18726,996.725,3.6951401,22.143673,0.0,0.0
2024-05-10 10:00:00,,304.56842,997.32495,3.7587612,24.800295,0.0,0.0
2024-05-10 11:00:00,,303.32535,997.7964,4.0804443,27.071178,0.0,0.0
2024-05-10 12:00:00,,302.27878,998.54156,4.169125,29.497988,0.0,0.0
2024-05-10 13:00:00,,301.3767,998.6197,4.1248884,32.2073,0.0,0.0
2024-05-10 14:00:00,,300.60406,998.8214,3.9848492,35.184082,0.0,0.0
2024-05-10 15:00:00,,299.86487,998.78046,3.772694,38.494083,0.0,0.0
2024-05-10 16:00:00,,299.11517,998.5262,3.6515415,42.06923,0.0,0.0
2024-05-10 17:00:00,,298.50153,998.2727,3.9148548,45.557194,0.0,0.0
2024-05-10 18:00:00,,298.1431,998.40936,4.184953,48.842518,0.0,0.0
2024-05-10 19:00:00,,297.08798,998.8134,4.6937475,53.35435,0.0,0.0
2024-05-10 20:00:00,,296.64966,998.84485,4.444884,54.880585,0.0,0.0
2024-05-10 21:00:00,,296.2256,999.2921,4.2321477,56.101997,0.0,0.0
2024-05-10 22:00:00,,295.84967,999.9885,4.1563005,56.81413,0.0,0.0
2024-05-10 23:00:00,,296.94678,1000.7065,4.2071786,52.271736,0.0,0.0
2024-05-11 00:00:00,,299.1482,1001.04987,5.602776,44.314724,0.0017106533,0.0
2024-05-11 01:00:00,,301.46704,1001.3148,6.171631,37.93495,0.0,0.0
2024-05-11 02:00:00,,303.5359,1000.97107,6.124091,33.8499,0.0,0.0
2024-05-11 03:00:00,,305.01367,999.8368,5.372753,31.172783,0.0,0.0
2024-05-11 04:00:00,,305.95615,998.71936,4.4100456,29.452482,0.0,0.0
2024-05-11 05:00:00,,306.56293,997.53986,3.787791,27.91445,0.0,0.0
2024-05-11 06:00:00,,306.90234,996.7678,3.7356968,26.601665,0.0,0.0
2024-05-11 07:00:00,,307.05914,996.56134,3.7660518,25.276476,0.0,0.0
2024-05-11 08:00:00,,306.6571,996.7488,4.3076873,25.282475,0.0,0.0
2024-05-11 09:00:00,,305.82294,997.0926,4.5994215,26.27358,0.0,0.0
2024-05-11 10:00:00,,304.4836,997.59204,4.4972715,28.62703,0.0,0.0
2024-05-11 11:00:00,,303.3405,998.1117,4.770674,31.124369,0.0,0.0
2024-05-11 12:00:00,,302.34302,998.5107,4.763845,33.782314,0.0,0.0
2024-05-11 13:00:00,,301.4126,998.8781,4.668994,36.32671,0.0,0.0
2024-05-11 14:00:00,,300.47528,999.00616,4.8645053,38.526184,0.0,0.0
2024-05-11 15:00:00,,299.66895,999.02844,5.4745135,39.61691,0.0,0.0
2024-05-11 16:00:00,,298.96948,998.9548,5.8709164,39.544262,0.0,0.0
2024-05-11 17:00:00,,298.4699,998.7857,5.9451833,38.759365,0.0,0.0
2024-05-11 18:00:00,,297.77295,998.84045,5.846575,38.986248,0.0,0.0
2024-05-11 19:00:00,,297.08466,999.0403,5.4045773,38.771866,0.0,0.0
2024-05-11 20:00:00,,296.77026,999.01904,5.2624,39.814846,0.0,0.0
2024-05-11 21:00:00,,296.4013,999.2459,5.1124563,41.155155,0.0,0.0
2024-05-11 22:00:00,,295.72232,999.79156,4.834879,43.2907,0.0,0.0
2024-05-11 23:00:00,,296.01718,1000.3738,4.7637963,42.79467,0.0,0.0
2024-05-12 00:00:00,,297.57382,1000.47876,5.925503,38.598297,0.0,0.0
2024-05-12 01:00:00,,299.82333,1000.3825,6.227498,33.037655,0.0,0.0
2024-05-12 02:00:00,,302.00644,999.8075,6.182798,28.546186,0.0,0.0
2024-05-12 03:00:00,,303.50085,998.81226,5.1210318,25.99462,0.0,0.0
2024-05-12 04:00:00,,304.47797,997.54596,3.8605733,24.43683,0.0,0.0
2024-05-12 05:00:00,,305.11472,996.62195,2.906426,23.423105,0.0,0.0
2024-05-12 06:00:00,,305.45856,995.677,2.4424286,22.857506,0.0,0.0
2024-05-12 07:00:00,,305.6851,995.2703,2.6869388,23.451223,0.0,0.0
2024-05-12 08:00:00,,305.39587,995.4266,2.9230514,23.616583,0.0,0.0
2024-05-12 09:00:00,,304.70648,995.81,2.9914262,24.26486,0.0,0.0
2024-05-12 10:00:00,,303.49426,996.3834,2.8530633,25.932825,0.0,0.0
2024-05-12 11:00:00,,302.40356,996.7978,3.1818774,27.363468,0.0,0.0
2024-05-12 12:00:00,,301.3703,997.08826,3.4980145,28.826656,0.0,0.0
2024-05-12 13:00:00,,300.2851,997.2146,3.641727,30.935394,0.0,0.0
2024-05-12 14:00:00,,299.74243,997.3131,3.5304773,32.96553,0.0,0.0
2024-05-12 15:00:00,,299.205,997.08264,3.4383175,35.648914,0.0,0.0
2024-05-12 16:00:00,,298.7505,996.837,3.3716986,38.129585,0.0,0.0
2024-05-12 17:00:00,,298.64832,996.5653,3.415871,39.242603,0.0,0.0
2024-05-12 18:00:00,,298.58203,996.32733,3.5671248,39.439957,0.0,0.0
2024-05-12 19:00:00,,298.04755,996.125,4.3193054,41.135098,0.0,0.0
2024-05-12 20:00:00,,297.48547,996.3505,4.4139075,44.083755,0.0,0.0
2024-05-12 21:00:00,,296.86356,996.5648,4.1522126,47.865772,0.0,0.0
2024-05-12 22:00:00,,296.58093,997.0849,4.0335717,50.539486,0.0,0.0
2024-05-12 23:00:00,,297.25626,997.7227,4.2165914,49.819584,0.0,0.0
2024-05-13 00:00:00,,298.57364,998.1136,5.400668,46.525032,0.0,0.0
2024-05-13 01:00:00,,300.06042,998.22925,5.91002,42.486042,0.0,0.0
2024-05-13 02:00:00,,301.96985,997.9178,6.115057,37.826176,0.0,0.0
2024-05-13 03:00:00,,303.77625,996.5567,5.6330214,33.57123,0.0,0.0
2024-05-13 04:00:00,,305.18903,995.437,4.4226413,29.243227,0.0,0.0
2024-05-13 05:00:00,,305.8673,994.41516,3.1208048,26.524094,0.0,0.0
2024-05-13 06:00:00,,305.91904,993.96466,2.2996755,25.37669,0.0,0.0
2024-05-13 07:00:00,,306.4196,993.7402,2.564929,24.472372,0.0,0.0
2024-05-13 08:00:00,,306.05362,994.0036,2.2079678,24.36077,0.0,0.0
2024-05-13 09:00:00,,305.68765,994.4311,2.1517944,24.618439,0.0,0.0
2024-05-13 10:00:00,,305.10376,994.9866,2.704307,25.65758,0.0,0.0
2024-05-13 11:00:00,,304.22583,995.48,3.8713136,27.061445,0.0,0.0
2024-05-13 12:00:00,,303.45428,996.0591,5.140956,28.796461,0.0,0.0
2024-05-13 13:00:00,,302.78223,996.33545,5.4970403,30.718487,0.0,0.0
2024-05-13 14:00:00,,302.34406,996.6219,5.093617,31.795925,0.0,0.0
2024-05-13 15:00:00,,301.87796,996.53625,4.855861,32.687378,0.0,0.0
2024-05-13 16:00:00,,301.5698,996.32623,5.007853,33.184624,0.0,0.0
2024-05-13 17:00:00,,301.1634,995.945,5.171845,33.87376,0.0,0.0
2024-05-13 18:00:00,,300.70355,995.55225,5.5883017,35.13473,0.0,0.0
2024-05-13 19:00:00,,299.4884,995.75354,5.541069,38.004913,0.0,0.0
2024-05-13 20:00:00,,298.77808,996.16547,5.4145346,41.25969,0.0,0.0
2024-05-13 21:00:00,,298.32013,996.6453,5.0570707,43.79514,0.0,0.0
2024-05-13 22:00:00,,297.72073,997.5708,4.574114,46.421997,0.0,0.0
2024-05-13 23:00:00,,298.22214,998.4637,4.1735992,45.729507,0.0,0.0
2024-05-14 00:00:00,,299.7241,998.8748,5.010869,42.28114,0.0025803065,0.0
2024-05-14 01:00:00,,301.3149,999.09766,4.967056,38.159782,0.0,0.0
2024-05-14 02:00:00,,303.14453,998.6711,4.8152227,33.963093,0.0,0.0
2024-05-14 03:00:00,,304.6142,997.318,4.445929,30.935045,0.0,0.0
2024-05-14 04:00:00,,305.62085,996.3528,3.4844143,28.26202,0.0,0.0
2024-05-14 05:00:00,,306.35358,995.33954,2.6916442,25.877228,0.0,0.0
2024-05-14 06:00:00,,306.59012,994.8713,2.002291,24.854713,0.0,0.0
2024-05-14 07:00:00,,307.39612,994.1643,2.444427,23.656023,0.0,0.0
2024-05-14 08:00:00,,307.18237,994.41046,2.225429,23.306358,0.0,0.0
2024-05-14 09:00:00,,306.84888,995.07,2.2733781,23.256285,0.0,0.0
2024-05-14 10:00:00,,305.82745,995.4442,3.1073792,24.870914,0.0,0.0
2024-05-14 11:00:00,,305.14935,996.1575,4.882647,26.214005,0.0,0.0
2024-05-14 12:00:00,,304.2754,996.72876,6.187427,28.485798,0.0,0.0
2024-05-14 13:00:00,,303.4339,996.94904,6.0585537,30.432331,0.0,0.0
2024-05-14 14:00:00,,302.8912,997.2862,5.651476,31.403786,0.0,0.0
2024-05-14 15:00:00,,302.57855,997.3184,5.256925,31.907564,0.0,0.0
2024-05-14 16:00:00,,302.28455,997.3653,4.853454,32.262535,0.0,0.0
2024-05-14 17:00:00,,301.9812,997.22485,4.5041018,32.666706,0.0,0.0
2024-05-14 18:00:00,,301.7044,997.35815,4.2504573,33.206505,0.0,0.0
2024-05-14 19:00:00,,300.22357,997.4639,4.1581535,36.023132,0.0,0.0
2024-05-14 20:00:00,,299.35184,997.8909,3.9951768,38.26318,0.0,0.0
2024-05-14 21:00:00,,298.57147,998.1886,3.9092884,40.456287,0.0,0.0
2024-05-14 22:00:00,,297.888,998.8864,3.7262506,42.409634,0.0,0.0
2024-05-14 23:00:00,,298.58527,999.66064,3.6588976,40.729584,0.0,0.0
2024-05-15 00:00:00,,300.42004,1000.04095,4.766565,35.794773,0.0,0.0
2024-05-15 01:00:00,,302.44812,1000.04626,5.235587,30.979317,0.0,0.0
2024-05-15 02:00:00,,304.4522,999.6103,5.302036,26.712687,0.0,0.0
2024-05-15 03:00:00,,305.97784,998.47345,4.699999,23.870605,0.0,0.0
2024-05-15 04:00:00,,306.9237,997.33234,3.9027662,22.519388,0.0,0.0
2024-05-15 05:00:00,,307.5614,996.47314,3.4792786,21.487383,0.0,0.0
2024-05-15 06:00:00,,307.95117,995.9211,3.4003825,20.613771,0.0,0.0
2024-05-15 07:00:00,,307.84772,995.53125,3.0962772,21.57367,0.0,0.0
2024-05-15 08:00:00,,307.5071,995.6672,3.2168472,21.737272,0.0,0.0
2024-05-15 09:00:00,,306.90503,996.1223,3.3016865,22.42551,0.0,0.0
2024-05-15 10:00:00,,305.59155,996.6822,3.6754816,24.545912,0.0,0.0
2024-05-15 11:00:00,,304.43097,997.3705,4.9563117,26.399385,0.0,0.0
2024-05-15 12:00:00,,303.45523,997.88446,5.530558,27.937475,0.0,0.0
2024-05-15 13:00:00,,302.50513,998.0235,5.1836276,29.452572,0.0,0.0
2024-05-15 14:00:00,,301.6703,998.0502,4.8301225,31.096598,0.0,0.0
2024-05-15 15:00:00,,300.875,998.07227,4.5751047,33.134304,0.0,0.0
2024-05-15 16:00:00,,300.20764,997.812,4.288252,35.2977,0.0,0.0
2024-05-15 17:00:00,,299.57684,997.61053,3.9650915,37.47869,0.0,0.0
2024-05-15 18:00:00,,298.88367,997.56244,3.5997655,39.734577,0.0,0.0
2024-05-15 19:00:00,,298.3443,997.6166,4.2870274,41.047966,0.0,0.0
2024-05-15 20:00:00,,297.56885,998.26373,4.1943245,43.09416,0.0,0.0
2024-05-15 21:00:00,,296.89697,998.46265,4.0272975,44.920452,0.0,0.0
2024-05-15 22:00:00,,296.27005,999.0549,3.9687345,46.602497,0.0,0.0
2024-05-15 23:00:00,,297.0842,999.66406,4.019272,44.12146,0.0,0.0
2024-05-16 00:00:00,,299.47424,999.9444,5.141612,37.27235,0.0,0.0
2024-05-16 01:00:00,,302.19705,1000.0706,5.7169385,30.621832,0.0,0.0
2024-05-16 02:00:00,,304.55554,999.42725,6.14958,25.832117,0.0,0.0
2024-05-16 03:00:00,,306.07635,998.3239,5.4251294,23.095318,0.0,0.0
2024-05-16 04:00:00,,307.0238,997.21545,4.4155283,21.342655,0.0,0.0
2024-05-16 05:00:00,,307.65472,996.372,3.815895,19.906668,0.0,0.0
2024-05-16 06:00:00,,308.0437,995.7985,3.7368379,18.626108,0.0,0.0
2024-05-16 07:00:00,,308.10297,995.4437,3.607903,19.113203,0.0,0.0
2024-05-16 08:00:00,,307.8167,995.83057,3.824577,19.104519,0.0,0.0
2024-05-16 09:00:00,,306.95245,996.26843,3.6086817,20.141285,0.0,0.0
2024-05-16 10:00:00,,305.46356,996.77985,3.8443382,22.413853,0.0,0.0
2024-05-16 11:00:00,,304.30316,997.343,4.7035594,24.53143,0.0,0.0
2024-05-16 12:00:00,,303.24487,997.78564,5.1123104,26.732096,0.0,0.0
2024-05-16 13:00:00,,302.2901,997.9997,4.8533306,28.841194,0.0,0.0
2024-05-16 14:00:00,,301.3828,997.6183,4.5296216,30.95071,0.0,0.0
2024-05-16 15:00:00,,300.5984,997.4818,4.2601943,32.99323,0.0,0.0
2024-05-16 16:00:00,,299.93527,997.2048,3.788552,34.86058,0.0,0.0
2024-05-16 17:00:00,,299.15222,997.10406,3.402733,37.03121,0.0,0.0
2024-05-16 18:00:00,,298.22742,997.02563,3.7027874,39.490448,0.0,0.0
2024-05-16 19:00:00,,297.32907,997.6181,4.6375227,39.109043,0.0,0.0
2024-05-16 20:00:00,,296.73895,997.95514,4.616997,39.776455,0.0,0.0
2024-05-16 21:00:00,,296.1977,998.23883,4.436511,40.85246,0.0,0.0
2024-05-16 22:00:00,,295.73438,999.2378,4.2558413,42.061935,0.0,0.0
2024-05-16 23:00:00,,296.60223,999.9202,4.1679497,40.141922,0.0,0.0
2024-05-17 00:00:00,,299.0187,1000.65594,5.5270686,35.02326,0.0029986924,0.0
2024-05-17 01:00:00,,301.72858,1000.817,6.3563914,30.108913,0.0,0.0
2024-05-17 02:00:00,,304.12238,1000.33514,7.2459903,26.353895,0.0,0.0
2024-05-17 03:00:00,,305.64606,999.21826,7.4963026,24.003279,0.0,0.0
2024-05-17 04:00:00,,306.52057,998.1258,6.833554,22.361769,0.0,0.0
2024-05-17 05:00:00,,307.10355,997.3278,6.3204355,21.18509,0.0,0.0
2024-05-17 06:00:00,,307.42233,996.5553,6.1049385,20.527018,0.0,0.0
2024-05-17 07:00:00,,307.73346,996.0602,6.3878865,20.4357,0.0,0.0
2024-05-17 08:00:00,,307.31177,996.2135,6.614861,20.725508,0.0,0.0
2024-05-17 09:00:00,,306.43777,996.7436,6.2030873,21.965528,0.0,0.0
2024-05-17 10:00:00,,305.3011,997.21124,5.5502105,23.90688,0.0,0.0
2024-05-17 11:00:00,,304.3976,997.79626,5.2036195,25.546637,0.0,0.0
2024-05-17 12:00:00,,303.50818,998.07263,4.464461,27.138552,0.0,0.0
2024-05-17 13:00:00,,302.9333,998.3131,3.9588406,28.237835,0.0,0.0
2024-05-17 14:00:00,,301.91208,998.455,4.3090434,29.943539,0.0,0.0
2024-05-17 15:00:00,,301.06064,998.5541,5.302334,31.223267,0.0,0.0
2024-05-17 16:00:00,,300.56354,998.485,6.0695877,31.95797,0.0,0.0
2024-05-17 17:00:00,,299.89688,998.2503,5.956818,33.151783,0.0,0.0
2024-05-17 18:00:00,,299.19824,998.1794,5.477621,34.669903,0.0,0.0
2024-05-17 19:00:00,,297.09714,998.52844,3.9685566,39.337723,0.0,0.0
2024-05-17 20:00:00,,296.30145,998.64087,4.0462027,41.45696,0.0,0.0
2024-05-17 21:00:00,,295.7309,998.9814,4.3159585,43.180473,0.0,0.0
2024-05-17 22:00:00,,295.55682,999.70294,4.56468,43.93381,0.0,0.0
2024-05-17 23:00:00,,296.40637,1000.3253,4.6998706,42.045185,0.0,0.0
2024-05-18 00:00:00,,298.51376,1000.7864,6.55826,36.954834,0.0,0.0
2024-05-18 01:00:00,,300.62988,1000.7696,7.848279,32.316597,0.0,0.0
2024-05-18 02:00:00,,302.5613,1000.4169,8.063446,28.725588,0.0,0.0
2024-05-18 03:00:00,,304.11285,999.1998,7.966109,26.292557,0.0,0.0
2024-05-18 04:00:00,,305.15897,997.91046,7.630956,24.570353,0.0,0.0
2024-05-18 05:00:00,,305.7657,996.71533,7.2803726,23.36548,0.0,0.0
2024-05-18 06:00:00,,305.99756,995.96985,7.0604954,22.487617,0.0,0.0
2024-05-18 07:00:00,,305.7601,995.85406,6.6893144,22.152437,0.0,0.0
2024-05-18 08:00:00,,305.12512,996.1797,6.6118426,22.703331,0.0,0.0
2024-05-18 09:00:00,,304.36044,996.67456,6.4017415,23.92757,0.0,0.0
2024-05-18 10:00:00,,303.41345,997.16565,5.9193707,25.669226,0.0,0.0
2024-05-18 11:00:00,,302.45367,997.7875,5.727681,27.470203,0.0,0.0
2024-05-18 12:00:00,,301.86993,998.41376,5.564987,28.5943,0.0,0.0
2024-05-18 13:00:00,,300.8822,998.5553,5.393628,30.32227,0.0,0.0
2024-05-18 14:00:00,,299.9567,998.66095,5.787508,31.919012,0.0,0.0
2024-05-18 15:00:00,,299.11044,998.66486,6.3833747,33.39538,0.0,0.0
2024-05-18 16:00:00,,298.44324,998.3245,6.5583506,34.47783,0.0,0.0
2024-05-18 17:00:00,,297.72345,998.27026,6.240076,35.581215,0.0,0.0
2024-05-18 18:00:00,,297.01978,998.02625,5.8265996,36.729652,0.0,0.0
2024-05-18 19:00:00,,295.80792,997.9508,4.610993,41.2287,0.0,0.0
2024-05-18 20:00:00,,295.0957,998.2045,4.27999,42.9957,0.0,0.0
2024-05-18 21:00:00,,294.4707,998.5698,4.1321435,44.65343,0.0,0.0
2024-05-18 22:00:00,,293.97137,999.33514,4.2240934,46.058475,0.0,0.0
2024-05-18 23:00:00,,294.80157,1000.07904,4.4709806,43.83016,0.0,0.0
2024-05-19 00:00:00,,296.8978,1000.56287,6.4325776,38.09208,0.0,0.0
2024-05-19 01:00:00,,299.00513,1000.43243,7.8533998,32.54939,0.0,0.0
2024-05-19 02:00:00,,300.8418,1000.01794,8.513689,28.417952,0.0,0.0
2024-05-19 03:00:00,,302.227,998.8871,8.50405,25.973305,0.0,0.0
2024-05-19 04:00:00,,303.14948,997.6489,7.8769403,24.392578,0.0,0.0
2024-05-19 05:00:00,,303.76392,996.6361,7.322728,22.959835,0.0,0.0
2024-05-19 06:00:00,,304.0556,995.93964,6.9859433,21.995762,0.0,0.0
2024-05-19 07:00:00,,304.1107,995.82623,6.547289,21.357748,0.0,0.0
2024-05-19 08:00:00,,303.6129,996.0539,6.5738516,21.961575,0.0,0.0
2024-05-19 09:00:00,,302.5963,996.7061,6.018479,23.538395,0.0,0.0
2024-05-19 10:00:00,,301.32202,997.34125,5.602289,25.637976,0.0,0.0
2024-05-19 11:00:00,,300.35382,998.33154,5.8520184,27.303543,0.0,0.0
2024-05-19 12:00:00,,299.45145,998.78125,5.92157,28.759336,0.0,0.0
2024-05-19 13:00:00,,298.6023,999.15875,5.857015,29.966146,0.0,0.0
2024-05-19 14:00:00,,297.73676,999.2605,5.742533,31.101963,0.0,0.0
2024-05-19 15:00:00,,296.87393,999.1282,5.7656627,32.321507,0.0,0.0
2024-05-19 16:00:00,,296.13052,999.14404,5.956126,33.505104,0.0,0.0
2024-05-19 17:00:00,,295.47763,998.8539,6.149667,34.498413,0.0,0.0
2024-05-19 18:00:00,,294.8871,998.73346,6.185491,34.920105,0.0,0.0
2024-05-19 19:00:00,,293.8755,999.19025,5.719726,36.94841,0.0,0.0
2024-05-19 20:00:00,,293.32135,999.1789,5.7834086,36.344547,0.0,0.0
2024-05-19 21:00:00,,292.83527,999.6356,5.904928,34.949757,0.0,0.0
2024-05-19 22:00:00,,292.36877,1000.3449,6.0363383,32.776405,0.0,0.0
2024-05-19 23:00:00,,292.94092,1001.1639,5.63816,28.4082,0.0,0.0
2024-05-20 00:00:00,,294.52612,1001.9281,7.724443,22.18519,0.0,0.0
2024-05-20 01:00:00,,296.1264,1002.08966,8.672898,18.141634,0.0,0.0
2024-05-20 02:00:00,,297.741,1001.5228,8.63616,15.398391,0.0,0.0
2024-05-20 03:00:00,,299.2079,1000.4392,8.320997,13.984181,0.0,0.0
2024-05-20 04:00:00,,300.39868,999.1753,7.872388,13.576187,0.0,0.0
2024-05-20 05:00:00,,301.23853,998.17365,7.541837,13.554896,0.0,0.0
2024-05-20 06:00:00,,301.73376,997.6535,7.3808985,13.622022,0.0,0.0
2024-05-20 07:00:00,,301.82062,997.37225,7.704046,14.100857,0.0,0.0
2024-05-20 08:00:00,,301.28497,997.78766,7.710448,14.457482,0.0,0.0
2024-05-20 09:00:00,,300.06586,998.40674,6.6305957,14.977704,0.0,0.0
2024-05-20 10:00:00,,298.6551,999.17,6.0458345,15.375154,0.0,0.0
2024-05-20 11:00:00,,297.59497,999.9302,5.773046,15.497124,0.0,0.0
2024-05-20 12:00:00,,296.59674,1000.5527,5.531418,15.896379,0.0,0.0
2024-05-20 13:00:00,,295.54285,1000.66583,5.178509,16.675114,0.0,0.0
2024-05-20 14:00:00,,294.41272,1000.475,4.902708,17.73425,0.0,0.0
2024-05-20 15:00:00,,293.3874,1000.4842,4.845605,18.640924,0.0,0.0
2024-05-20 16:00:00,,292.51782,1000.258,4.8428593,19.35355,0.0,0.0
2024-05-20 17:00:00,,291.76074,1000.08154,4.797438,20.152756,0.0,0.0
2024-05-20 18:00:00,,291.0368,1000.137,4.599062,21.33358,0.0,0.0
2024-05-20 19:00:00,,289.89584,1000.39966,4.5163155,23.026632,0.0,0.0
2024-05-20 20:00:00,,289.17438,1000.4611,4.4944563,24.721699,0.0,0.0
2024-05-20 21:00:00,,288.6054,1000.71716,4.4866967,26.383102,0.0,0.0
2024-05-20 22:00:00,,288.169,1001.53876,4.600477,27.893084,0.0,0.0
2024-05-20 23:00:00,,289.16473,1002.10425,4.696205,26.791376,0.0,0.0
2024-05-21 00:00:00,,291.6684,1002.78625,6.5489,22.717411,0.0,0.0
2024-05-21 01:00:00,,293.9223,1002.5875,7.996205,19.366726,0.0,0.0
2024-05-21 02:00:00,,295.98315,1001.9783,8.397058,17.023022,0.0,0.0
2024-05-21 03:00:00,,297.8109,1000.8317,8.158916,15.656197,0.0,0.0
2024-05-21 04:00:00,,299.31155,999.4161,7.7509155,14.723585,0.0,0.0
2024-05-21 05:00:00,,300.42566,998.0822,7.3372135,13.940231,0.0,0.0
2024-05-21 06:00:00,,301.0942,997.33325,7.003062,13.469259,0.0,0.0
2024-05-21 07:00:00,,301.62384,996.93,6.8885036,13.605185,0.0,0.0
2024-05-21 08:00:00,,301.1975,996.90686,7.0351515,14.278364,0.0,0.0
2024-05-21 09:00:00,,299.99176,997.43085,5.866365,15.765148,0.0,0.0
2024-05-21 10:00:00,,298.40833,998.03204,5.4111533,17.534294,0.0,0.0
2024-05-21 11:00:00,,297.185,998.5648,5.530458,18.854105,0.0,0.0
2024-05-21 12:00:00,,296.17786,999.0993,5.418148,19.682898,0.0,0.0
2024-05-21 13:00:00,,295.1949,999.2632,4.9616723,20.261776,0.0,0.0
2024-05-21 14:00:00,,294.12793,999.42487,4.5345345,20.95774,0.0,0.0
2024-05-21 15:00:00,,293.03085,999.3699,4.4809504,21.718254,0.0,0.0
2024-05-21 16:00:00,,292.04108,999.2735,4.5038466,22.203121,0.0,0.0
2024-05-21 17:00:00,,291.21448,999.0039,4.4543643,22.432178,0.0,0.0
2024-05-21 18:00:00,,290.5092,998.75555,4.485327,22.782036,0.0,0.0
2024-05-21 19:00:00,,289.18463,998.48267,4.3549447,25.228182,0.0,0.0
2024-05-21 20:00:00,,288.61676,998.7692,4.4135585,26.14177,0.0,0.0
2024-05-21 21:00:00,,288.19617,998.83844,4.3102503,27.2688,0.0,0.0
2024-05-21 22:00:00,,287.8357,999.5464,4.0682125,28.746187,0.0,0.0
2024-05-21 23:00:00,,288.8805,1000.31354,3.7132227,27.919018,0.0,0.0
2024-05-22 00:00:00,,291.80664,1000.68524,5.128128,23.718403,0.0,0.0
2024-05-22 01:00:00,,294.5009,1000.6984,6.250377,20.59663,0.0,0.0
2024-05-22 02:00:00,,297.05774,999.8592,6.7175145,18.549786,0.0,0.0
2024-05-22 03:00:00,,299.21725,998.34705,6.9056683,17.299036,0.0,0.0
2024-05-22 04:00:00,,300.88098,996.93164,6.710731,16.159449,0.0,0.0
2024-05-22 05:00:00,,302.07547,995.6067,6.1643877,15.113939,0.0,0.0
2024-05-22 06:00:00,,302.82013,994.65454,5.606423,14.4338,0.0,0.0
2024-05-22 07:00:00,,303.32025,994.3807,4.7912617,13.532135,0.0,0.0
2024-05-22 08:00:00,,303.07556,994.44653,4.5404015,13.835634,0.0,0.0
2024-05-22 09:00:00,,301.91553,995.03705,3.674701,15.197262,0.0,0.0
2024-05-22 10:00:00,,300.00342,995.5545,3.9022164,17.714045,0.0,0.0
2024-05-22 11:00:00,,298.55008,996.1755,4.519572,20.514437,0.0,0.0
2024-05-22 12:00:00,,297.52454,996.85046,5.027436,23.276045,0.0,0.0
2024-05-22 13:00:00,,296.62476,997.2137,5.1636233,25.59381,0.0,0.0
2024-05-22 14:00:00,,295.857,997.39825,5.1184177,27.286486,0.0,0.0
2024-05-22 15:00:00,,295.13202,997.2905,4.893995,28.68477,0.0,0.0
2024-05-22 16:00:00,,294.451,997.03577,4.7071214,29.865126,0.0,0.0
2024-05-22 17:00:00,,293.73102,997.03143,4.739509,30.933207,0.0,0.0
2024-05-22 18:00:00,,293.11115,996.85846,4.762034,31.586569,0.0,0.0
2024-05-22 19:00:00,,292.1385,996.7886,4.6596026,32.76838,0.0,0.0
2024-05-22 20:00:00,,291.56464,996.90344,4.509478,32.87934,0.0,0.0
2024-05-22 21:00:00,,291.1083,996.96124,4.3240523,32.935265,0.0,0.0
2024-05-22 22:00:00,,290.7198,997.6186,4.288265,33.1176,0.0,0.0
2024-05-22 23:00:00,,291.65344,998.14825,4.1089277,30.920366,0.0,0.0
2024-05-23 00:00:00,,294.4539,998.7139,5.0831475,26.010838,0.0,0.0
2024-05-23 01:00:00,,297.327,998.6387,5.429759,23.533636,0.0,0.0
2024-05-23 02:00:00,,299.92853,998.35425,5.3033586,22.71529,0.0,0.0
2024-05-23 03:00:00,,301.8614,997.176,4.819167,21.743721,0.0,0.0
2024-05-23 04:00:00,,303.0785,995.9557,3.739594,19.825176,0.0,0.0
2024-05-23 05:00:00,,303.7522,994.9148,2.6029367,18.746452,0.0,0.0
2024-05-23 06:00:00,,304.05414,994.04486,1.844961,18.551449,0.0,0.0
2024-05-23 07:00:00,,304.35623,993.95264,1.2889196,18.358139,0.0,0.0
2024-05-23 08:00:00,,304.10254,993.97974,0.74678904,18.638763,0.0,0.0
2024-05-23 09:00:00,,303.6588,994.53375,1.0987403,19.183296,0.0,0.0
2024-05-23 10:00:00,,302.46143,994.9003,2.2835288,20.716743,0.0,0.0
2024-05-23 11:00:00,,300.8188,995.51874,2.985515,22.80953,0.0,0.0
2024-05-23 12:00:00,,299.51453,996.0025,3.6882403,24.627665,0.0,0.0
2024-05-23 13:00:00,,298.3997,996.2659,4.3947783,27.441574,0.0,0.0
2024-05-23 14:00:00,,297.4794,996.6094,4.750184,31.212214,0.0,0.0
2024-05-23 15:00:00,,296.7353,996.61633,4.695022,34.16366,0.0,0.0
2024-05-23 16:00:00,,296.04974,996.1426,4.5530553,36.154453,0.0,0.0
2024-05-23 17:00:00,,295.4377,996.0941,4.459128,37.77641,0.0,0.0
2024-05-23 18:00:00,,294.88623,995.7325,4.3718,39.3077,0.0,0.0
2024-05-23 19:00:00,,293.64227,996.0884,3.987045,43.024445,0.0,0.0
2024-05-23 20:00:00,,293.0393,995.98065,3.9668367,45.030575,0.0,0.0
2024-05-23 21:00:00,,292.6482,996.1283,4.000501,46.661785,0.0,0.0
2024-05-23 22:00:00,,292.35922,996.6635,4.0039425,48.219856,0.0,0.0
2024-05-23 23:00:00,,293.45123,997.3094,3.88231,45.903603,0.0,0.0
2024-05-24 00:00:00,,296.502,997.93854,4.5583825,39.093323,0.0,0.0
2024-05-24 01:00:00,,299.3413,998.0105,4.947728,34.119526,0.0,0.0
2024-05-24 02:00:00,,301.71298,997.91656,5.052568,30.196407,0.0,0.0
2024-05-24 03:00:00,,303.1756,996.65735,4.1897707,28.115978,0.0,0.0
2024-05-24 04:00:00,,304.0844,995.57874,2.951895,26.098862,0.0,0.0
2024-05-24 05:00:00,,304.65497,994.5263,1.9103131,24.832651,0.0,0.0
2024-05-24 06:00:00,,304.98206,993.96533,1.1712805,24.076757,0.0,0.0
2024-05-24 07:00:00,,305.55585,993.77985,1.085308,23.209595,0.0,0.0
2024-05-24 08:00:00,,305.34113,994.1266,0.7894785,23.32548,0.0,0.0
2024-05-24 09:00:00,,304.8637,994.53595,0.51546,23.93792,0.0,0.0
2024-05-24 10:00:00,,304.039,995.1255,1.3822005,25.243902,0.0,0.0
2024-05-24 11:00:00,,302.7743,995.6156,2.3791924,27.217785,0.0,0.0
2024-05-24 12:00:00,,301.32022,996.3426,3.1133554,29.545277,0.0,0.0
2024-05-24 13:00:00,,300.27707,996.7017,3.9628873,31.539022,0.0,0.0
2024-05-24 14:00:00,,299.46017,997.1557,4.415196,33.68965,0.0,0.0
2024-05-24 15:00:00,,298.83716,996.99445,4.229196,35.288395,0.0,0.0
2024-05-24 16:00:00,,298.43182,996.71796,3.9368482,35.99587,0.0,0.0
2024-05-24 17:00:00,,298.2823,996.77563,3.6611655,36.01891,0.0,0.0
2024-05-24 18:00:00,,297.80292,996.4309,3.1067839,36.888443,0.0,0.0
2024-05-24 19:00:00,,296.7834,996.7739,3.0656369,38.675976,0.0,0.0
2024-05-24 20:00:00,,296.00372,996.8284,2.9139051,40.64866,0.0,0.0
2024-05-24 21:00:00,,295.3669,997.16815,2.9020083,42.407642,0.0,0.0
2024-05-24 22:00:00,,294.947,997.94086,2.847873,43.54692,0.0,0.0
2024-05-24 23:00:00,,295.7188,998.78033,2.599115,41.472374,0.0,0.0
2024-05-25 00:00:00,,298.16852,999.3378,3.037555,35.225357,0.0,0.0
2024-05-25 01:00:00,,300.63742,999.6948,3.3967297,30.453608,0.0,0.0
2024-05-25 02:00:00,,302.86505,999.33295,3.5647743,27.116806,0.0,0.0
2024-05-25 03:00:00,,304.50964,998.14557,3.3904698,24.559374,0.0,0.0
2024-05-25 04:00:00,,305.39758,996.97107,2.369057,23.26727,0.0,0.0
2024-05-25 05:00:00,,305.82025,995.69977,1.2130172,22.135265,0.0,0.0
2024-05-25 06:00:00,,306.1383,995.2905,0.652336,20.399916,0.0,0.0
2024-05-25 07:00:00,,306.52753,994.72626,0.95046085,20.513592,0.0,0.0
2024-05-25 08:00:00,,306.40955,995.1941,1.9525262,20.117813,0.0,0.0
2024-05-25 09:00:00,,305.8,995.6676,2.2926896,20.88876,0.0,0.0
2024-05-25 10:00:00,,304.5595,996.4431,2.618719,22.984352,0.0,0.0
2024-05-25 11:00:00,,303.6148,997.1119,3.1255777,24.690952,0.0,0.0
2024-05-25 12:00:00,,302.39893,997.6753,3.6715217,27.254889,0.0,0.0
2024-05-25 13:00:00,,301.72357,998.16284,3.7689245,29.448307,0.0,0.0
2024-05-25 14:00:00,,300.84122,998.3689,3.8090904,31.713274,0.0,0.0
2024-05-25 15:00:00,,300.06696,998.47815,4.696296,33.112686,0.0,0.0
2024-05-25 16:00:00,,299.3415,998.34656,5.2813654,33.231674,0.0,0.0
2024-05-25 17:00:00,,298.67508,998.27515,5.054985,33.101883,0.0,0.0
2024-05-25 18:00:00,,297.98724,997.98083,4.710572,33.426056,0.0,0.0
2024-05-25 19:00:00,,296.0383,998.49384,3.8253632,38.65323,0.0,0.0
2024-05-25 20:00:00,,295.24545,998.5066,3.6174643,40.102993,0.0,0.0
2024-05-25 21:00:00,,294.57416,998.98706,3.5424392,41.28325,0.0,0.0
2024-05-25 22:00:00,,293.98657,999.4423,3.5307155,42.293896,0.0,0.0
2024-05-25 23:00:00,,294.73975,1000.2022,3.310082,40.05682,0.0,0.0
2024-05-26 00:00:00,,297.56537,1000.6741,4.2478876,33.05971,0.0,0.0
2024-05-26 01:00:00,,300.36957,1000.65265,4.9471555,27.854046,0.0,0.0
2024-05-26 02:00:00,,302.85614,1000.33875,5.409712,24.378391,0.0,0.0
2024-05-26 03:00:00,,304.71606,999.09607,6.053409,20.04335,0.0,0.0
2024-05-26 04:00:00,,305.4948,997.97516,5.1034265,18.70732,0.0,0.0
2024-05-26 05:00:00,,305.877,996.8192,4.406621,18.024052,0.0,0.0
2024-05-26 06:00:00,,306.0736,996.2706,4.218169,17.494223,0.0,0.0
2024-05-26 07:00:00,,305.8817,996.3714,3.6572063,16.683619,0.0,0.0
2024-05-26 08:00:00,,305.535,996.6291,3.7155056,16.910318,0.0,0.0
2024-05-26 09:00:00,,304.5454,996.9116,3.2673676,18.076244,0.0,0.0
2024-05-26 10:00:00,,302.95007,997.57385,3.2162757,20.17343,0.0,0.0
2024-05-26 11:00:00,,301.67075,998.03174,3.5440357,22.32036,0.0,0.0
2024-05-26 12:00:00,,300.62695,998.437,3.8788023,24.683983,0.0,0.0
2024-05-26 13:00:00,,299.82272,998.6796,3.8623276,26.882833,0.0,0.0
2024-05-26 14:00:00,,299.08597,998.3803,3.5555162,28.653885,0.0,0.0
2024-05-26 15:00:00,,298.1554,998.35236,3.386179,30.537102,0.0,0.0
2024-05-26 16:00:00,,297.5314,998.3597,3.4933891,32.182064,0.0,0.0
2024-05-26 17:00:00,,296.91986,997.9902,3.4266374,34.92915,0.0,0.0
2024-05-26 18:00:00,,296.66254,997.90234,3.235256,38.409485,0.0,0.0
2024-05-26 19:00:00,,296.86115,997.9308,4.715035,41.76934,0.0,0.0
2024-05-26 20:00:00,,296.87115,998.1171,4.895741,43.08692,0.0,0.0
2024-05-26 21:00:00,,297.02936,998.0494,5.067959,41.974384,0.0,0.0
2024-05-26 22:00:00,,297.06375,998.4272,5.2285023,40.45057,0.0,0.0
2024-05-26 23:00:00,,297.1797,999.0825,5.356016,38.99612,0.0,0.0
2024-05-27 00:00:00,,298.1595,999.4604,6.1182275,36.09784,0.0,0.0
2024-05-27 01:00:00,,299.71533,999.6838,6.917782,32.62204,0.0,0.0
2024-05-27 02:00:00,,302.04147,999.2534,7.2011137,28.498983,0.0,0.0
2024-05-27 03:00:00,,304.15118,998.2821,7.2885814,25.338736,0.0,0.0
2024-05-27 04:00:00,,305.30365,997.1368,6.2070622,22.186451,0.0,0.0
2024-05-27 05:00:00,,305.79614,996.16077,5.323186,20.25485,0.0,0.0
2024-05-27 06:00:00,,306.068,995.7033,4.9834247,19.048172,0.0,0.0
2024-05-27 07:00:00,,305.87854,995.34784,4.808092,19.986609,0.0,0.0
2024-05-27 08:00:00,,305.5697,995.66724,4.6981,19.95505,0.0,0.0
2024-05-27 09:00:00,,304.67957,996.1144,3.9448225,20.89915,0.0,0.0
2024-05-27 10:00:00,,303.58066,996.6484,4.4010153,22.416594,0.0,0.0
2024-05-27 11:00:00,,302.50677,996.97845,5.176518,24.227304,0.0,0.0
2024-05-27 12:00:00,,301.5376,997.50446,5.358729,26.30166,0.0,0.0
2024-05-27 13:00:00,,301.0746,997.52423,5.0055304,27.63649,0.0,0.0
2024-05-27 14:00:00,,300.55603,997.705,4.565292,29.026123,0.0,0.0
2024-05-27 15:00:00,,300.00732,997.5878,4.229526,30.418518,0.0,0.0
2024-05-27 16:00:00,,299.59262,997.41705,3.968572,31.439087,0.0,0.0
2024-05-27 17:00:00,,298.98077,997.0609,3.823581,32.748806,0.0,0.0
2024-05-27 18:00:00,,298.7254,996.76154,3.88353,33.315895,0.0,0.0
2024-05-27 19:00:00,,298.04907,996.80194,4.791227,34.135433,0.0,0.0
2024-05-27 20:00:00,,297.5437,996.7657,5.043347,35.25019,0.0,0.0
2024-05-27 21:00:00,,297.09497,997.1223,5.3245487,36.129196,0.0,0.0
2024-05-27 22:00:00,,296.80792,997.2459,5.589516,36.512695,0.0,0.0
2024-05-27 23:00:00,,297.5066,998.0146,5.3293643,34.850136,0.0,0.0
2024-05-28 00:00:00,,298.79373,998.38983,6.420765,32.032795,0.0025820364,0.0
2024-05-28 01:00:00,,301.08972,998.57794,6.9190097,28.144867,0.0,0.0
2024-05-28 02:00:00,,303.3966,997.96765,7.080753,25.020134,0.0,0.0
2024-05-28 03:00:00,,304.65833,997.05774,6.1707945,23.463896,0.0,0.0
2024-05-28 04:00:00,,305.4702,995.9242,3.8434546,20.82861,0.0,0.0
2024-05-28 05:00:00,,305.70456,994.9456,2.231079,19.899273,0.0,0.0
2024-05-28 06:00:00,,305.78497,994.15564,1.6034217,19.459784,0.0,0.0
2024-05-28 07:00:00,,305.90207,993.947,1.4627738,19.946915,0.0,0.0
2024-05-28 08:00:00,,305.70697,993.9455,1.4394791,20.035345,0.0,0.0
2024-05-28 09:00:00,,305.18555,994.58435,1.32249,20.627077,0.0,0.0
2024-05-28 10:00:00,,304.41003,994.9431,1.5233759,21.684996,0.0,0.0
2024-05-28 11:00:00,,303.2904,995.2472,2.2433925,23.230341,0.0,0.0
2024-05-28 12:00:00,,301.99414,995.44147,3.137444,24.96051,0.0,0.0
2024-05-28 13:00:00,,301.0301,995.6255,4.3195,26.76726,0.0,0.0
2024-05-28 14:00:00,,300.0877,995.4726,5.128614,29.495598,0.0,0.0
2024-05-28 15:00:00,,299.72284,995.4256,5.261136,30.695328,0.0,0.0
2024-05-28 16:00:00,,299.22986,995.2353,5.0039635,31.399227,0.0,0.0
2024-05-28 17:00:00,,298.8003,995.1301,4.6621885,32.05244,0.0,0.0
2024-05-28 18:00:00,,298.01727,994.95593,4.5083427,33.79161,0.0,0.0
2024-05-28 19:00:00,,296.40155,994.94604,4.192196,37.094055,0.0,0.0
2024-05-28 20:00:00,,295.8145,994.8028,4.115926,38.73608,0.0,0.0
2024-05-28 21:00:00,,295.3747,995.07874,4.1109085,40.460083,0.0,0.0
2024-05-28 22:00:00,,295.151,995.353,4.142802,41.90789,0.0,0.0
2024-05-28 23:00:00,,296.08588,996.0594,3.7184412,40.582874,0.0,0.0
2024-05-29 00:00:00,,299.04962,996.58014,4.07022,34.96228,0.0,0.0
2024-05-29 01:00:00,,301.70197,996.6328,4.7864466,30.780338,0.0,0.0
2024-05-29 02:00:00,,303.62054,996.2028,5.776506,27.981833,0.0,0.0
2024-05-29 03:00:00,,305.03717,995.02234,6.198535,25.936028,0.0,0.0
2024-05-29 04:00:00,,306.10623,993.87286,5.755211,23.900084,0.0,0.0
2024-05-29 05:00:00,,306.88684,992.849,5.216485,22.226612,0.0,0.0
2024-05-29 06:00:00,,307.33862,992.1806,4.878146,21.432205,0.0,0.0
2024-05-29 07:00:00,,307.65997,991.6013,4.1648374,20.669859,0.0,0.0
2024-05-29 08:00:00,,307.55914,991.7551,4.2864647,20.517988,0.0,0.0
2024-05-29 09:00:00,,306.71588,992.1216,3.1700623,21.859507,0.0,0.16
2024-05-29 10:00:00,,305.35522,993.1317,3.0107737,24.375286,0.0,0.4
2024-05-29 11:00:00,,304.51154,993.82404,3.5425413,26.854992,0.0,0.6
2024-05-29 12:00:00,,303.6582,994.291,5.059079,29.980295,0.0,0.0
2024-05-29 13:00:00,,301.15454,995.0059,7.1687922,36.508923,0.0,0.0
2024-05-29 14:00:00,,299.24075,995.80164,6.9638195,42.20509,0.0,0.0
2024-05-29 15:00:00,,297.88214,996.3781,6.8275075,48.144802,0.0,0.0
2024-05-29 16:00:00,,296.5138,996.83124,6.409523,55.691483,0.0,0.0
2024-05-29 17:00:00,,295.4843,996.95233,6.0120745,61.694412,0.0,0.0
2024-05-29 18:00:00,,294.84323,996.84015,5.3677335,65.28117,0.0,0.0
2024-05-29 19:00:00,,292.784,997.6239,6.172171,73.695045,0.15766919,1.1299999
2024-05-29 20:00:00,,292.77878,997.80194,5.2414494,73.77333,0.3272444,1.4399999
2024-05-29 21:00:00,,292.66284,998.02893,4.6491995,75.04381,0.45737624,2.94
2024-05-29 22:00:00,,292.63525,998.26154,4.3418703,75.51448,0.42510033,2.11
2024-05-29 23:00:00,,292.73694,998.90186,4.3471017,74.99786,0.26496652,0.0
2024-05-30 00:00:00,47.49,293.26227,999.3596,5.2395816,71.50931,1.7513871,0.76
2024-05-30 01:00:00,47.92,294.24414,999.5228,5.945235,66.088196,0.0,1.78
2024-05-30 02:00:00,48.45,294.84323,999.4386,6.077189,63.246292,0.31162983,0.69
2024-05-30 03:00:00,48.25,295.26633,998.52814,6.2327857,61.647694,0.24971738,0.21
2024-05-30 04:00:00,47.78,296.16214,997.65076,6.307004,58.69131,0.29657036,0.0
2024-05-30 05:00:00,47.46,296.75714,996.8805,6.0785446,57.279938,0.35832077,0.0
2024-05-30 06:00:00,46.81,297.07684,996.4849,5.8592076,56.971558,0.2970174,0.0
2024-05-30 07:00:00,46.87,296.3543,996.7955,5.752992,63.23435,0.5058795,0.13
2024-05-30 08:00:00,46.7,295.6493,997.11383,5.2415686,66.58479,0.49906528,1.56
2024-05-30 09:00:00,45.53,295.22443,997.7,5.0710454,68.88052,0.36037713,0.28
2024-05-30 10:00:00,44.77,294.8133,998.3056,4.61706,70.8625,0.4280433,0.0
2024-05-30 11:00:00,44.8,294.41174,998.9208,4.639368,72.498116,0.21477044,0.0
2024-05-30 12:00:00,44.79,294.17188,999.3221,4.8996043,73.41007,0.13333559,0.0
2024-05-30 13:00:00,43.1,293.84332,999.48596,4.9266524,74.980736,0.06447709,0.0
2024-05-30 14:00:00,41.61,293.51443,999.4269,4.9460697,76.4929,0.11590123,0.0
2024-05-30 15:00:00,39.43,293.28336,998.9536,4.699076,78.17589,0.01873076,0.0
2024-05-30 16:00:00,38.25,293.25616,998.6448,4.145143,79.4916,0.0017136335,0.0
2024-05-30 17:00:00,36.94,293.20886,998.5616,4.048533,79.936,0.0,0.0
2024-05-30 18:00:00,35.59,293.1476,998.35986,3.8963432,80.482285,0.0,0.0
2024-05-30 19:00:00,34.98,293.0375,998.4035,3.5800927,76.84902,0.0,0.0
2024-05-30 20:00:00,34.17,292.86313,998.48065,3.279784,78.02829,0.0,0.0
2024-05-30 21:00:00,33.47,292.7566,998.72217,2.942719,79.07061,0.0,0.0
2024-05-30 22:00:00,33.14,292.78506,999.2936,2.9803808,79.33518,0.0,0.0
2024-05-30 23:00:00,33.21,293.29437,1000.1091,3.2341847,77.36928,0.0,0.0
2024-05-31 00:00:00,33.56,294.60022,1000.5145,4.4835215,70.47554,4.0946484,0.0
2024-05-31 01:00:00,33.82,296.0315,1000.8297,5.0793557,64.70842,0.0,0.0
2024-05-31 02:00:00,33.51,297.44342,1000.342,5.1857944,59.486343,0.0,0.0
2024-05-31 03:00:00,32.88,298.89392,999.481,5.218404,54.654606,0.0,0.0
2024-05-31 04:00:00,33.03,300.19226,998.53705,5.124816,50.594433,0.0,0.0
2024-05-31 05:00:00,33.26,301.19046,997.65125,4.7140985,47.75398,0.0,0.0
2024-05-31 06:00:00,33.6,301.8365,997.3569,4.280163,45.99607,0.0,0.0
2024-05-31 07:00:00,33.36,302.28107,996.8876,4.3034945,46.341366,0.0,0.0
2024-05-31 08:00:00,34.11,302.0265,997.5076,4.6587815,46.723522,0.0,0.0
2024-05-31 09:00:00,34.23,300.65857,997.8999,4.500825,52.61731,0.0,0.0
2024-05-31 10:00:00,34.59,298.92896,998.7302,5.0060716,59.149815,0.0,0.0
2024-05-31 11:00:00,35.12,297.84454,999.28564,5.2884727,62.808548,0.0,0.0
2024-05-31 12:00:00,35.99,297.17062,1000.0478,5.067209,65.24708,0.0,0.0
2024-05-31 13:00:00,36.2,296.75958,1000.64594,4.7124267,67.6513,0.0,0.0
2024-05-31 14:00:00,36.38,296.24963,1000.9525,4.429799,70.991745,0.0,0.0
2024-05-31 15:00:00,35.96,295.60617,1000.8473,4.2767897,74.571846,0.0,0.0
2024-05-31 16:00:00,35.36,295.0608,1000.5666,4.2993007,77.26182,0.0,0.0
2024-05-31 17:00:00,34.28,294.56067,1000.3733,4.452863,79.43709,0.0,0.0
2024-05-31 18:00:00,33.06,294.11,1000.07794,4.480549,81.26216,0.0,0.0
2024-05-31 19:00:00,32.08,293.47784,999.6909,4.054643,80.91309,0.0,0.0
2024-05-31 20:00:00,31.52,293.10718,999.6708,4.031207,82.027954,0.0,0.0
2024-05-31 21:00:00,31.29,292.79312,1000.055,4.016935,82.761345,0.0,0.0
2024-05-31 22:00:00,31.05,292.5053,1000.4409,4.152305,83.07141,0.0,0.0
2024-05-31 23:00:00,30.8,293.06543,1001.20593,4.1694984,79.33459,0.0,0.0
2024-06-01 00:00:00,30.43,294.6624,1001.4433,5.843302,68.62449,0.0,0.0
2024-06-01 01:00:00,30.4,296.58896,1001.54987,6.2987485,58.713417,0.0,0.0
2024-06-01 02:00:00,30.39,298.53986,1001.08905,6.238213,51.282455,0.0,0.0
2024-06-01 03:00:00,30.9,300.2622,1000.14185,6.064756,46.12597,0.0,0.0
2024-06-01 04:00:00,31.28,301.62872,999.0318,5.778818,42.54267,0.0,0.0
2024-06-01 05:00:00,32.16,302.54303,997.8272,5.5027137,40.038536,0.0,0.0
2024-06-01 06:00:00,32.77,303.13348,997.2117,5.2826767,38.24852,0.0,0.0
2024-06-01 07:00:00,32.7,303.58124,996.7395,5.1673064,39.367695,0.0,0.0
2024-06-01 08:00:00,32.25,303.25308,997.21545,5.192395,40.096657,0.0,0.0
2024-06-01 09:00:00,31.62,301.96802,997.8322,4.3654137,44.701385,0.0,0.0
2024-06-01 10:00:00,31.3,300.32825,998.4914,4.617664,50.23114,0.0,0.0
2024-06-01 11:00:00,31.17,299.42773,998.8368,4.9872236,52.983963,0.0,0.0
2024-06-01 12:00:00,30.75,298.72034,999.2933,5.320875,55.03416,0.0,0.0
2024-06-01 13:00:00,30.35,298.1128,999.48865,5.690206,57.921825,0.0,0.0
2024-06-01 14:00:00,30.4,297.43945,999.7605,5.8239326,62.8519,0.0,0.0
2024-06-01 15:00:00,29.53,296.53,999.6892,5.5741806,68.003235,0.0,0.0
2024-06-01 16:00:00,29.27,295.71982,999.6531,5.3502655,71.00268,0.0,0.0
2024-06-01 17:00:00,29.19,294.98938,999.6514,5.232931,72.440125,0.0,0.0
2024-06-01 18:00:00,28.98,294.30396,999.40967,5.100221,73.55345,0.0,0.0
2024-06-01 19:00:00,29.12,293.83954,999.09235,4.131922,77.47771,0.0,0.0
2024-06-01 20:00:00,29.27,293.37012,999.2388,4.0386877,78.03022,0.0,0.0
2024-06-01 21:00:00,29.06,292.94122,999.6408,3.9417064,78.715965,0.0,0.0
2024-06-01 22:00:00,29.04,292.5677,1000.0686,3.9368823,79.531685,0.0,0.0
2024-06-01 23:00:00,29.37,293.18427,1000.77484,4.0039825,76.256004,0.0,0.0
2024-06-02 00:00:00,29.0,295.11017,1001.0581,5.233434,66.75547,0.0,0.0
2024-06-02 01:00:00,29.15,297.2873,1000.9215,5.323561,58.600067,0.0,0.0
2024-06-02 02:00:00,29.21,299.44464,1000.19904,5.124444,52.170563,0.0,0.0
2024-06-02 03:00:00,29.32,301.2072,998.7413,4.620899,47.186108,0.0,0.0
2024-06-02 04:00:00,29.63,302.4891,997.104,3.598813,42.99143,0.0,0.0
2024-06-02 05:00:00,29.76,303.24466,995.8695,2.3742173,40.58526,0.0,0.0
2024-06-02 06:00:00,30.0,303.64062,995.1155,1.4064742,39.076786,0.0,0.0
2024-06-02 07:00:00,30.43,304.08478,994.6995,0.20319675,36.048668,0.0,0.0
2024-06-02 08:00:00,31.07,303.98108,994.96564,1.1905928,36.084785,0.0,0.0
2024-06-02 09:00:00,30.48,303.20563,995.49603,2.0025795,39.193356,0.0,0.0
2024-06-02 10:00:00,30.43,301.60687,995.9747,2.674607,45.47175,0.0,0.0
2024-06-02 11:00:00,30.8,300.3919,996.4897,2.8818426,49.697216,0.0,0.0
2024-06-02 12:00:00,31.59,299.32764,996.3889,2.8288271,53.432495,0.0,0.0
2024-06-02 13:00:00,32.25,298.38947,996.3964,2.7612805,56.871754,0.0,0.0
2024-06-02 14:00:00,33.7,297.72296,996.28265,2.7861989,59.05218,0.0,0.0
2024-06-02 15:00:00,34.59,297.07416,996.1781,3.01198,60.846912,0.0,0.0
2024-06-02 16:00:00,35.04,296.75665,995.86694,3.392829,62.47515,0.0,0.0
2024-06-02 17:00:00,35.77,296.73102,995.6802,3.721669,63.9678,0.0,0.0
2024-06-02 18:00:00,36.25,296.37213,995.5457,3.5217617,66.83171,0.0,0.0
2024-06-02 19:00:00,36.94,295.9029,995.3606,1.9665258,68.2984,0.0,0.0
2024-06-02 20:00:00,38.33,295.82605,995.479,1.8934563,71.208046,0.0,0.0
2024-06-02 21:00:00,39.83,295.6113,995.6769,2.236212,74.589195,0.0,0.0
2024-06-02 22:00:00,41.5,295.485,996.08936,2.6621134,78.37299,0.0,0.0
2024-06-02 23:00:00,43.34,296.11224,996.6794,2.9049873,79.03464,0.0016838312,0.0
2024-06-03 00:00:00,48.01,297.62286,997.10126,4.026508,75.43724,0.112593174,0.0
2024-06-03 01:00:00,46.38,298.8177,997.3833,5.215134,70.67145,0.060852617,0.0
2024-06-03 02:00:00,44.81,299.9848,996.95154,5.356059,65.79835,0.07305667,0.0
2024-06-03 03:00:00,43.47,300.81778,995.7132,5.318368,62.710945,0.057205558,0.0
2024-06-03 04:00:00,42.32,299.68213,994.72205,6.3925714,67.707184,1.1941419,0.0
2024-06-03 05:00:00,40.19,298.25864,994.3922,8.235248,72.416405,3.8398876,0.0
2024-06-03 06:00:00,36.83,298.15848,994.6047,7.8170624,71.80109,0.86817145,0.0
2024-06-03 07:00:00,33.13,298.36884,994.363,6.523623,69.97818,0.055737793,0.0
2024-06-03 08:00:00,30.66,298.08905,995.03394,6.0988135,66.45708,0.04800409,0.0
2024-06-03 09:00:00,27.86,297.40942,995.65735,4.9464517,66.20846,0.0017834827,0.0
2024-06-03 10:00:00,24.81,296.47745,996.4478,4.327824,66.96245,0.0,0.0
2024-06-03 11:00:00,21.04,295.2946,997.29333,4.152947,68.83182,0.0,0.0
2024-06-03 12:00:00,17.1,294.14722,997.90216,4.119532,70.72398,0.0,0.0
2024-06-03 13:00:00,14.36,293.1856,998.33234,4.353072,71.59924,0.0,0.0
2024-06-03 14:00:00,13.54,292.3432,998.99554,4.8775563,71.26302,0.0,0.0
2024-06-03 15:00:00,13.6,291.55804,999.02985,5.2208524,70.600494,0.0,0.0
2024-06-03 16:00:00,13.66,290.84015,999.14825,5.1448054,70.85484,0.0,0.0
2024-06-03 17:00:00,13.28,290.19086,999.20654,4.920471,72.36631,0.0,0.0
2024-06-03 18:00:00,12.25,289.5987,998.9675,4.703406,74.780685,0.0,0.0
2024-06-03 19:00:00,11.93,289.0103,999.47876,4.1705823,78.220795,0.0,0.0
2024-06-03 20:00:00,11.12,288.61594,999.71674,4.2356224,81.011665,0.0,0.0
2024-06-03 21:00:00,10.38,288.4018,1000.03534,4.4174743,83.27123,0.0,0.0
2024-06-03 22:00:00,10.59,288.40497,1000.5673,4.6695504,84.011826,0.0,0.0
2024-06-03 23:00:00,10.91,289.22443,1001.4191,4.4740705,80.275116,0.0,0.0
2024-06-04 00:00:00,10.79,290.84412,1002.06244,6.9545865,63.537373,6.312299,0.0
2024-06-04 01:00:00,10.65,292.19992,1002.05414,7.1415057,55.38845,0.0,0.0
2024-06-04 02:00:00,10.74,293.79044,1001.8995,6.7671604,49.451073,0.0,0.0
2024-06-04 03:00:00,10.52,295.43262,1000.76697,6.582415,44.84464,0.0,0.0
2024-06-04 04:00:00,10.66,296.8191,1000.03015,6.507105,40.933643,0.0,0.0
2024-06-04 05:00:00,9.97,297.80786,999.06085,6.555887,37.886375,0.0,0.0
2024-06-04 06:00:00,9.4,298.37668,998.64764,6.761193,36.126854,0.0,0.0
2024-06-04 07:00:00,8.94,298.71564,998.66815,6.086543,36.024014,0.0,0.0
2024-06-04 08:00:00,8.66,298.2584,999.3858,5.745618,37.378277,0.0,0.0
2024-06-04 09:00:00,9.22,296.51788,999.93286,4.6895747,44.750256,0.0,0.0
2024-06-04 10:00:00,9.76,294.60315,1000.8922,4.7617464,52.03816,0.0,0.0
2024-06-04 11:00:00,9.97,293.3794,1001.6955,5.171061,56.33385,0.0,0.0
2024-06-04 12:00:00,9.54,292.46002,1002.3669,5.5481553,59.001766,0.0,0.0
2024-06-04 13:00:00,9.07,291.70935,1003.0461,5.726891,60.785778,0.0,0.0
2024-06-04 14:00:00,9.49,291.00055,1003.27765,5.7483997,62.361603,0.0,0.0
2024-06-04 15:00:00,9.26,290.34784,1003.2661,5.7084694,63.591652,0.0,0.0
2024-06-04 16:00:00,8.92,289.72577,1003.06885,5.5349083,64.76238,0.0,0.0
2024-06-04 17:00:00,8.49,289.17462,1003.1857,5.4580817,65.75386,0.0,0.0
2024-06-04 18:00:00,8.17,288.66797,1003.0293,5.563329,66.45311,0.0,0.0
2024-06-04 19:00:00,7.81,288.44543,1002.8186,5.3736653,68.1439,0.0,0.0
2024-06-04 20:00:00,8.15,288.0373,1002.7305,5.1347594,68.732544,0.0,0.0
2024-06-04 21:00:00,8.11,287.65802,1003.0451,4.987616,69.55866,0.0,0.0
2024-06-04 22:00:00,8.08,287.31848,1003.70935,4.8775654,70.48848,0.0,0.0
2024-06-04 23:00:00,8.29,287.86682,1004.4148,4.550006,68.7511,0.0,0.0
2024-06-05 00:00:00,8.28,289.78894,1005.1105,5.554084,60.30887,0.0,0.0
2024-06-05 01:00:00,8.71,291.72043,1005.507,6.5929728,52.71392,0.0,0.0
2024-06-05 02:00:00,8.96,293.59592,1004.98315,6.8458443,45.86731,0.0,0.0
2024-06-05 03:00:00,8.9,295.28668,1003.7589,6.7217507,39.77439,0.0,0.0
2024-06-05 04:00:00,8.94,296.723,1002.5559,6.5549016,34.821766,0.0,0.0
2024-06-05 05:00:00,8.69,297.77252,1001.4331,6.2642875,31.144165,0.0,0.0
2024-06-05 06:00:00,8.88,298.39203,1000.64825,6.0243416,28.636213,0.0,0.0
2024-06-05 07:00:00,8.58,298.9654,1000.63763,5.6989202,26.145693,0.0,0.0
2024-06-05 08:00:00,8.68,298.57462,1000.98315,5.402114,26.55142,0.0,0.0
2024-06-05 09:00:00,8.49,296.73438,1001.6036,4.546572,32.65795,0.0,0.0
2024-06-05 10:00:00,8.44,294.57983,1002.27734,4.835919,38.85061,0.0,0.0
2024-06-05 11:00:00,8.93,293.20312,1003.1951,5.277195,42.574223,0.0,0.0
2024-06-05 12:00:00,8.67,292.122,1003.443,5.588716,45.51483,0.0,0.0
2024-06-05 13:00:00,8.13,291.2234,1003.65704,5.819006,48.10702,0.0,0.0
2024-06-05 14:00:00,8.09,290.44684,1003.8628,5.933226,50.284897,0.0,0.0
2024-06-05 15:00:00,8.01,289.76245,1003.6817,5.9114385,52.006836,0.0,0.0
2024-06-05 16:00:00,7.91,289.13925,1003.36487,5.7522445,53.580265,0.0,0.0
2024-06-05 17:00:00,7.67,288.59198,1003.4217,5.5246406,55.212242,0.0,0.0
2024-06-05 18:00:00,7.13,288.0766,1003.1393,5.3483043,57.190334,0.0,0.0
2024-06-05 19:00:00,7.08,287.56256,1002.7007,4.7385025,59.693493,0.0,0.0
2024-06-05 20:00:00,7.19,287.1275,1002.6111,4.602147,61.615147,0.0,0.0
2024-06-05 21:00:00,7.14,286.7558,1002.89514,4.432377,63.445007,0.0,0.0
2024-06-05 22:00:00,7.21,286.39172,1003.33624,4.3075447,65.34116,0.0,0.0
2024-06-05 23:00:00,7.31,287.052,1003.92017,4.1943083,63.811447,0.0,0.0
2024-06-06 00:00:00,7.07,289.45285,1004.28375,5.557371,54.889576,0.0,0.0
2024-06-06 01:00:00,7.03,291.71246,1004.1281,6.751498,48.100643,0.0,0.0
2024-06-06 02:00:00,7.47,293.82956,1003.37885,7.3439755,41.77001,0.0,0.0
2024-06-06 03:00:00,7.59,295.56708,1002.1256,7.462432,35.575356,0.0,0.0
2024-06-06 04:00:00,7.64,296.91592,1000.81287,6.835542,31.40283,0.0,0.0
2024-06-06 05:00:00,7.55,297.8956,999.7753,6.312505,28.691996,0.0,0.0
2024-06-06 06:00:00,7.63,298.49658,999.32776,5.9683475,27.197895,0.0,0.0
2024-06-06 07:00:00,7.82,299.01147,998.8805,5.8927155,25.012424,0.0,0.0
2024-06-06 08:00:00,8.24,298.6316,999.2174,5.6347322,25.691864,0.0,0.0
2024-06-06 09:00:00,8.5,297.04486,999.5563,4.4147396,30.58185,0.0,0.0
2024-06-06 10:00:00,8.7,295.051,1000.1931,4.331427,36.87036,0.0,0.0
2024-06-06 11:00:00,8.94,293.76215,1000.92523,4.6979628,40.967407,0.0,0.0
2024-06-06 12:00:00,9.13,292.761,1001.3875,4.920096,43.982937,0.0,0.0
2024-06-06 13:00:00,8.92,291.931,1001.84143,4.9686036,46.522095,0.0,0.0
2024-06-06 14:00:00,8.84,291.17386,1002.0045,4.8030996,49.003937,0.0,0.0
2024-06-06 15:00:00,8.62,290.4257,1002.015,4.5284653,51.594917,0.0,0.0
2024-06-06 16:00:00,8.52,289.63464,1001.6877,4.1603684,54.460674,0.0,0.0
2024-06-06 17:00:00,8.44,288.8241,1001.6906,3.9002829,57.45268,0.0,0.0
2024-06-06 18:00:00,8.42,287.99066,1001.5564,3.8660111,60.282314,0.0,0.0
2024-06-06 19:00:00,8.45,287.2278,1001.46655,4.107289,62.736458,0.0,0.0
2024-06-06 20:00:00,8.56,286.56055,1001.1167,4.111345,64.70411,0.0,0.0
2024-06-06 21:00:00,8.3,286.0641,1001.6699,4.1174564,65.763016,0.0,0.0
2024-06-06 22:00:00,7.97,285.64917,1002.2081,4.1255,66.39578,0.0,0.0
2024-06-06 23:00:00,7.4,286.3059,1002.9592,4.1124763,63.267563,0.0,0.0
2024-06-07 00:00:00,6.99,288.75824,1003.53687,5.3433957,53.18864,0.0,0.0
2024-06-07 01:00:00,7.37,291.08557,1003.73126,6.5347314,45.533287,0.0,0.0
2024-06-07 02:00:00,7.37,293.1181,1003.14954,7.136018,38.74146,0.0,0.0
2024-06-07 03:00:00,7.25,294.73648,1001.7503,6.7543554,33.455227,0.0,0.0
2024-06-07 04:00:00,7.59,296.09366,1000.40894,6.1511188,29.51541,0.0,0.0
2024-06-07 05:00:00,7.87,297.09476,999.3872,5.544625,26.841843,0.0,0.0
2024-06-07 06:00:00,8.14,297.73486,998.7375,5.204968,24.89637,0.0,0.0
2024-06-07 07:00:00,8.42,298.34937,998.0401,5.203637,23.081194,0.0,0.0
2024-06-07 08:00:00,8.83,298.04694,997.97766,4.813284,22.844328,0.0,0.0
2024-06-07 09:00:00,8.98,296.5808,998.56586,3.7780492,26.620405,0.0,0.0
2024-06-07 10:00:00,8.92,294.64395,999.231,3.8739867,31.595888,0.0,0.0
2024-06-07 11:00:00,9.26,293.3147,999.6311,4.1301556,34.66519,0.0,0.0
2024-06-07 12:00:00,9.21,292.1996,1000.1351,4.36951,36.96472,0.0,0.0
2024-06-07 13:00:00,8.61,291.27466,1000.5875,4.5378885,38.805336,0.0,0.0
2024-06-07 14:00:00,8.96,290.4401,1000.5213,4.45851,40.6725,0.0,0.0
2024-06-07 15:00:00,8.97,289.64542,1000.557,4.278693,42.88355,0.0,0.0
2024-06-07 16:00:00,9.14,288.84125,1000.40796,4.093616,45.496845,0.0,0.0
2024-06-07 17:00:00,9.22,288.06473,1000.43665,4.0015116,48.257317,0.0,0.0
2024-06-07 18:00:00,8.93,287.3742,1000.2115,3.9405727,50.706703,0.0,0.0
2024-06-07 19:00:00,8.71,286.29877,1000.18506,4.179603,54.97732,0.0,0.0
2024-06-07 20:00:00,8.36,285.81458,999.93286,3.93321,57.13718,0.0,0.0
2024-06-07 21:00:00,8.28,285.33154,1000.4359,3.6620553,59.560333,0.0,0.0
2024-06-07 22:00:00,7.79,284.84882,1001.07007,3.6500566,61.901527,0.0,0.0
2024-06-07 23:00:00,7.84,285.51773,1001.50195,3.5257883,59.98582,0.0,0.0
2024-06-08 00:00:00,8.07,288.5008,1001.8706,4.2736716,48.55347,0.0,0.0
2024-06-08 01:00:00,8.17,291.29953,1001.9348,4.972293,39.10858,0.0,0.0
2024-06-08 02:00:00,7.94,293.6117,1001.64923,5.391196,32.428394,0.0,0.0
2024-06-08 03:00:00,7.73,295.4939,1000.7017,5.427932,27.60751,0.0,0.0
2024-06-08 04:00:00,7.44,297.02716,999.4871,5.195008,24.073341,0.0,0.0
2024-06-08 05:00:00,7.46,298.1954,998.6076,4.8134127,21.52095,0.0,0.0
2024-06-08 06:00:00,7.49,298.9638,998.05133,4.5140038,19.73003,0.0,0.0
2024-06-08 07:00:00,7.46,299.53564,997.6647,4.8173246,18.934887,0.0,0.0
2024-06-08 08:00:00,7.63,299.2953,997.835,4.8500504,19.01131,0.0,0.0
2024-06-08 09:00:00,7.88,297.58704,998.3175,3.8680248,23.23262,0.0,0.0
2024-06-08 10:00:00,7.78,295.50006,998.8339,4.028541,28.163532,0.0,0.0
2024-06-08 11:00:00,7.49,294.1347,999.24603,4.3241887,31.246529,0.0,0.0
2024-06-08 12:00:00,7.55,293.0123,999.64935,4.455199,33.88966,0.0,0.0
2024-06-08 13:00:00,7.36,292.0159,999.85156,4.4453535,36.567234,0.0,0.0
2024-06-08 14:00:00,7.97,291.12598,999.9341,4.3916764,39.240776,0.0,0.0
2024-06-08 15:00:00,8.06,290.3522,999.9389,4.288467,41.666256,0.0,0.0
2024-06-08 16:00:00,8.28,289.6571,999.678,4.0777497,43.981483,0.0,0.0
2024-06-08 17:00:00,8.2,289.0129,999.90125,3.8685176,46.313496,0.0,0.0
2024-06-08 18:00:00,7.87,288.3323,999.7958,3.674066,48.8015,0.0,0.0
2024-06-08 19:00:00,7.97,287.4295,999.8189,3.5180345,52.367657,0.0,0.0
2024-06-08 20:00:00,8.11,286.65558,999.7271,3.3369646,55.956112,0.0,0.0
2024-06-08 21:00:00,8.0,286.00696,1000.235,3.234128,59.099133,0.0,0.0
2024-06-08 22:00:00,8.33,285.436,1000.6442,3.2569518,61.802143,0.0,0.0
2024-06-08 23:00:00,8.56,286.0885,1001.5667,3.157259,60.170753,0.0,0.0
2024-06-09 00:00:00,8.17,289.43866,1002.09845,3.6810892,48.1968,0.0,0.0
2024-06-09 01:00:00,8.43,292.37692,1002.2506,4.4115396,38.801395,0.0,0.0
2024-06-09 02:00:00,8.52,294.7328,1001.9603,4.8164444,32.830162,0.0,0.0
2024-06-09 03:00:00,8.52,296.6639,1001.16064,4.830873,27.886114,0.0,0.0
2024-06-09 04:00:00,8.69,298.19562,1000.23236,4.4026737,24.332619,0.0,0.0
2024-06-09 05:00:00,8.39,299.3404,999.4483,3.895703,21.879349,0.0,0.0
2024-06-09 06:00:00,8.46,300.0747,999.0808,3.5479152,20.293491,0.0,0.0
2024-06-09 07:00:00,8.56,300.7505,998.58966,3.0196447,18.688635,0.0,0.0
2024-06-09 08:00:00,8.45,300.60468,998.9314,3.050672,18.765253,0.0,0.0
2024-06-09 09:00:00,8.19,299.17505,999.3231,2.725862,23.009047,0.0,0.0
2024-06-09 10:00:00,8.23,297.0019,999.67346,3.3419578,28.401306,0.0,0.0
2024-06-09 11:00:00,8.64,295.35388,1000.15625,3.7561352,31.773943,0.0,0.0
2024-06-09 12:00:00,8.47,294.12677,1000.3884,4.1575036,34.04893,0.0,0.0
2024-06-09 13:00:00,8.73,293.2044,1000.7523,4.3978043,36.050655,0.0,0.0
2024-06-09 14:00:00,9.29,292.4095,1000.8819,4.4183292,38.16784,0.0,0.0
2024-06-09 15:00:00,8.99,291.6942,1000.96014,4.3726993,40.223866,0.0,0.0
2024-06-09 16:00:00,9.09,291.0003,1000.68646,4.2729692,42.32654,0.0,0.0
2024-06-09 17:00:00,8.93,290.37994,1000.50555,4.0498147,44.375782,0.0,0.0
2024-06-09 18:00:00,8.91,289.67957,1000.0976,3.7410164,46.998924,0.0,0.0
2024-06-09 19:00:00,8.96,288.27625,999.96,3.6787295,53.885727,0.0,0.0
2024-06-09 20:00:00,9.06,287.46417,1000.1398,3.7532935,57.812344,0.0,0.0
2024-06-09 21:00:00,8.94,286.9231,1000.20337,3.8145285,60.509365,0.0,0.0
2024-06-09 22:00:00,9.31,286.61026,1001.00336,3.9118617,62.231358,0.0,0.0
2024-06-09 23:00:00,9.76,287.35953,1001.58844,3.6530724,60.233315,0.0,0.0
2024-06-10 00:00:00,9.66,290.46313,1002.5156,4.2740607,49.404026,0.0,0.0
2024-06-10 01:00:00,9.94,293.6092,1002.8511,4.9674416,39.709225,0.0,0.0
2024-06-10 02:00:00,10.04,296.29285,1002.53326,5.3344607,32.468258,0.0,0.0
2024-06-10 03:00:00,9.75,298.3649,1001.6911,5.4597716,27.004591,0.0,0.0
2024-06-10 04:00:00,9.36,299.8479,1000.74695,4.9900994,23.280273,0.0,0.0
2024-06-10 05:00:00,9.11,300.85153,999.6538,4.41164,20.861969,0.0,0.0
2024-06-10 06:00:00,9.27,301.47675,999.0215,3.9593189,19.425835,0.0,0.0
2024-06-10 07:00:00,9.56,302.24774,998.47,3.4652998,17.947033,0.0,0.0
2024-06-10 08:00:00,9.93,302.07916,998.6414,3.0872765,18.007666,0.0,0.0
2024-06-10 09:00:00,10.01,300.50543,998.89374,2.8267632,22.619135,0.0,0.0
2024-06-10 10:00:00,10.18,298.1239,999.14545,3.4710984,28.179228,0.0,0.0
2024-06-10 11:00:00,10.21,296.3969,999.5121,3.8098056,31.779776,0.0,0.0
2024-06-10 12:00:00,10.1,295.11993,999.7953,4.078706,34.262226,0.0,0.0
2024-06-10 13:00:00,10.27,294.09528,1000.0954,4.1731606,36.533775,0.0,0.0
2024-06-10 14:00:00,10.29,293.1572,1000.0775,4.0715427,39.06094,0.0,0.0
2024-06-10 15:00:00,10.51,292.25867,1000.12604,3.9099073,41.819897,0.0,0.0
2024-06-10 16:00:00,10.66,291.42432,1000.15436,3.7498243,44.671734,0.0,0.0
2024-06-10 17:00:00,10.76,290.67044,1000.15155,3.5975628,47.452744,0.0,0.0
2024-06-10 18:00:00,10.88,289.96014,1000.035,3.463393,50.276363,0.0,0.0
2024-06-10 19:00:00,11.39,288.42963,1000.1058,3.1729095,56.30805,0.0,0.0
2024-06-10 20:00:00,11.47,287.59348,1000.3003,3.0905988,60.05673,0.0,0.0
2024-06-10 21:00:00,11.42,286.96942,1000.5658,2.9872744,63.158764,0.0,0.0
2024-06-10 22:00:00,12.01,286.50757,1001.2017,2.9177508,65.823326,0.0,0.0
2024-06-10 23:00:00,12.57,287.1343,1001.9688,2.6739397,64.32159,0.0,0.0
2024-06-11 00:00:00,13.11,290.46234,1002.6914,3.0368748,52.53953,0.0,0.0
2024-06-11 01:00:00,13.7,294.1337,1003.007,3.5990765,42.207973,0.0,0.0
2024-06-11 02:00:00,14.26,297.29694,1002.67346,4.187115,34.582127,0.0,0.0
2024-06-11 03:00:00,14.35,299.68405,1001.75165,4.8481827,29.1359,0.0,0.0
2024-06-11 04:00:00,14.24,301.27438,1000.5271,4.8383355,25.572315,0.0,0.0
2024-06-11 05:00:00,14.02,302.3233,999.4313,4.403221,23.193941,0.0,0.0
2024-06-11 06:00:00,13.82,302.99484,998.726,3.99611,21.601595,0.0,0.0
2024-06-11 07:00:00,13.42,303.5209,997.90405,3.14362,20.702957,0.0,0.0
2024-06-11 08:00:00,13.69,303.37387,998.28534,3.121056,20.716574,0.0,0.0
2024-06-11 09:00:00,13.9,301.89508,998.30664,2.8174908,24.035343,0.0,0.0
2024-06-11 10:00:00,14.69,299.76218,999.1144,3.354195,28.424692,0.0,0.0
2024-06-11 11:00:00,15.01,298.11758,999.4888,3.7527697,31.166967,0.0,0.0
2024-06-11 12:00:00,14.56,296.87088,1000.10205,4.012228,32.883263,0.0,0.0
2024-06-11 13:00:00,14.3,295.80804,1000.2689,4.0902967,34.615314,0.0,0.0
2024-06-11 14:00:00,14.2,294.88983,1000.39014,3.9540951,36.69181,0.0,0.0
2024-06-11 15:00:00,13.83,294.05606,1000.4461,3.7184856,39.125347,0.0,0.0
2024-06-11 16:00:00,13.39,293.2519,1000.1809,3.4099414,41.72189,0.0,0.0
2024-06-11 17:00:00,13.06,292.431,1000.0581,3.1565073,44.518394,0.0,0.0
2024-06-11 18:00:00,12.69,291.55228,999.85,2.876634,47.76703,0.0,0.0
2024-06-11 19:00:00,12.55,290.04694,999.9158,2.6936643,51.96109,0.0,0.0
2024-06-11 20:00:00,12.68,289.1111,1000.0397,2.6581473,56.00198,0.0,0.0
2024-06-11 21:00:00,13.2,288.32086,1000.33203,2.6951897,59.39868,0.0,0.0
2024-06-11 22:00:00,13.98,287.72064,1000.89874,2.7367997,62.031258,0.0,0.0
2024-06-11 23:00:00,14.1,288.239,1001.54596,2.5161755,60.398983,0.0,0.0
2024-06-12 00:00:00,14.1,291.6986,1002.12274,2.5184205,48.484566,0.0017166138,0.0
2024-06-12 01:00:00,14.27,295.77563,1002.1028,2.7408066,37.071,0.0,0.0
2024-06-12 02:00:00,14.35,299.3908,1001.6805,3.1022747,27.951536,0.0,0.0
2024-06-12 03:00:00,13.86,301.93585,1000.6478,3.431499,21.657764,0.0,0.0
2024-06-12 04:00:00,13.52,303.4646,999.64343,3.1458714,18.149107,0.0,0.0
2024-06-12 05:00:00,13.39,304.38135,998.4564,2.7521513,16.164803,0.0,0.0
2024-06-12 06:00:00,13.13,304.98514,997.77124,2.6981308,15.084794,0.0,0.0
2024-06-12 07:00:00,13.14,305.6046,997.04095,2.9645169,15.406606,0.0,0.0
2024-06-12 08:00:00,13.13,305.45203,997.1046,3.0712028,15.450125,0.0,0.0
2024-06-12 09:00:00,13.44,304.1636,997.50165,2.3616595,17.520838,0.0,0.0
2024-06-12 10:00:00,13.52,302.1796,998.11017,2.8485415,21.0344,0.0,0.0
2024-06-12 11:00:00,13.64,300.05756,998.7039,3.4052563,24.972303,0.0,0.0
2024-06-12 12:00:00,13.43,298.42868,999.1244,3.7087495,28.18791,0.0,0.0
2024-06-12 13:00:00,13.4,297.21692,999.3003,3.843216,31.039377,0.0,0.0
2024-06-12 14:00:00,13.7,296.20563,999.5531,3.8448343,33.665257,0.0,0.0
2024-06-12 15:00:00,13.78,295.26935,999.2681,3.7835045,36.1894,0.0,0.0
2024-06-12 16:00:00,13.68,294.43512,999.12164,3.7475312,38.39921,0.0,0.0
2024-06-12 17:00:00,13.44,293.66418,998.76154,3.640443,40.424366,0.0,0.0
2024-06-12 18:00:00,13.23,292.97833,998.39655,3.5920355,42.348644,0.0,0.0
2024-06-12 19:00:00,13.18,291.6412,997.9147,3.445403,45.534904,0.0,0.0
2024-06-12 20:00:00,13.01,290.84882,997.97516,3.2400982,48.308,0.0,0.0
2024-06-12 21:00:00,13.36,290.23175,998.22437,3.0380623,50.723194,0.0,0.0
2024-06-12 22:00:00,13.62,289.68018,998.69763,2.815709,53.108795,0.0,0.0
2024-06-12 23:00:00,13.72,289.9921,999.44904,2.456914,52.86914,0.0,0.0
2024-06-13 00:00:00,13.51,293.4974,999.85315,2.662149,42.206703,0.0,0.0
2024-06-13 01:00:00,13.5,297.36243,999.9955,3.3009887,32.652683,0.0,0.0
2024-06-13 02:00:00,13.16,300.74304,999.47815,4.1045237,24.861809,0.0,0.0
2024-06-13 03:00:00,13.23,303.1303,998.3787,4.809706,19.138327,0.0,0.0
2024-06-13 04:00:00,13.45,304.6054,997.0974,4.7287335,16.847443,0.0,0.0
2024-06-13 05:00:00,13.28,305.5823,995.98987,4.3332496,15.812344,0.0,0.0
2024-06-13 06:00:00,13.48,306.2291,995.4344,4.0423756,15.254584,0.0,0.0
2024-06-13 07:00:00,13.73,306.84363,994.71954,3.592425,15.692989,0.0,0.0
2024-06-13 08:00:00,13.93,306.63904,995.21124,2.9211738,15.929495,0.0,0.0
2024-06-13 09:00:00,14.25,305.24802,995.5295,2.736872,17.914957,0.0,0.0
2024-06-13 10:00:00,14.27,302.68835,996.4654,3.6926808,21.667238,0.0,0.0
2024-06-13 11:00:00,14.43,300.9018,996.90466,4.28077,24.466566,0.0,0.0
2024-06-13 12:00:00,14.08,299.5703,997.50555,4.452897,26.802444,0.0,0.0
2024-06-13 13:00:00,14.17,298.42194,997.8004,4.327364,29.045889,0.0,0.0
2024-06-13 14:00:00,14.12,297.347,998.0055,4.109588,31.350807,0.0,0.0
2024-06-13 15:00:00,13.85,296.3418,997.9891,3.9437852,33.66659,0.0,0.0
2024-06-13 16:00:00,13.94,295.45837,997.76953,3.8256996,35.69105,0.0,0.0
2024-06-13 17:00:00,13.9,294.6397,997.4098,3.6215098,37.606636,0.0,0.0
2024-06-13 18:00:00,13.6,293.795,997.1409,3.1905446,39.820618,0.0,0.0
2024-06-13 19:00:00,13.5,292.11304,997.03296,2.3818471,45.73802,0.0,0.0
2024-06-13 20:00:00,13.03,290.87857,997.29846,1.9044923,50.524174,0.0,0.0
2024-06-13 21:00:00,12.91,289.93826,997.46295,1.8480136,54.330414,0.0,0.0
2024-06-13 22:00:00,12.96,289.22168,998.0189,1.9294914,57.42195,0.0,0.0
2024-06-13 23:00:00,12.98,289.45776,998.7352,1.6423719,57.71535,0.0,0.0
2024-06-14 00:00:00,14.48,293.04498,999.0517,1.6675172,44.964275,0.002589215,0.0
2024-06-14 01:00:00,14.6,296.65872,999.5008,1.8336998,35.82755,0.0,0.0
2024-06-14 02:00:00,14.26,299.85815,998.93555,2.14403,28.851673,0.0,0.0
2024-06-14 03:00:00,13.98,302.44467,998.0302,2.7866666,23.164072,0.0,0.0
2024-06-14 04:00:00,13.5,304.2916,996.64014,3.2573094,19.569592,0.0,0.0
2024-06-14 05:00:00,12.97,305.36566,995.3806,2.9910793,17.77453,0.0,0.0
2024-06-14 06:00:00,13.07,305.9963,994.7276,2.5538645,16.573183,0.0,0.0
2024-06-14 07:00:00,13.25,306.69672,994.0028,2.3480775,15.734363,0.0,0.0
2024-06-14 08:00:00,13.4,306.5286,994.4741,2.2602186,15.424481,0.0,0.0
2024-06-14 09:00:00,13.72,305.49997,994.98615,2.2445304,16.425982,0.0,0.0
2024-06-14 10:00:00,14.08,303.2308,995.40906,3.176702,18.988817,0.0,0.0
2024-06-14 11:00:00,14.65,301.24268,996.27344,3.7038255,20.959557,0.0,0.0
2024-06-14 12:00:00,14.43,299.795,996.7085,4.0635643,22.240597,0.0,0.0
2024-06-14 13:00:00,14.64,298.7208,997.159,4.199818,23.554277,0.0,0.0
2024-06-14 14:00:00,14.71,297.79535,997.16437,4.0569444,25.077742,0.0,0.0
2024-06-14 15:00:00,14.48,296.8014,997.2664,3.899453,26.936537,0.0,0.0
2024-06-14 16:00:00,14.22,295.7506,997.15076,3.6312838,28.963116,0.0,0.0
2024-06-14 17:00:00,14.26,294.70505,997.23694,3.2439544,31.1394,0.0,0.0
2024-06-14 18:00:00,14.22,293.6344,997.09467,3.017929,33.57381,0.0,0.0
2024-06-14 19:00:00,13.92,292.12726,997.1872,3.4386241,36.625816,0.0,0.0
2024-06-14 20:00:00,13.41,291.36206,997.215,3.6168778,38.498978,0.0,0.0
2024-06-14 21:00:00,13.11,290.84644,997.5211,3.7402446,39.8901,0.0,0.0
2024-06-14 22:00:00,13.37,290.50568,997.9288,3.6921387,40.88554,0.0,0.0
2024-06-14 23:00:00,13.64,291.12286,998.6228,3.2584183,39.559208,0.0,0.0
2024-06-15 00:00:00,13.56,294.53284,999.377,3.4555776,32.133423,0.0,0.0
2024-06-15 01:00:00,13.89,298.33905,999.4389,4.170304,25.769081,0.0,0.0
2024-06-15 02:00:00,13.86,301.7317,998.9933,4.77653,21.1108,0.0,0.0
2024-06-15 03:00:00,13.68,304.3349,997.6959,5.201228,17.799368,0.0,0.0
2024-06-15 04:00:00,13.45,305.87366,996.58374,4.82514,15.955756,0.0,0.0
2024-06-15 05:00:00,13.5,306.67615,995.49805,4.061808,14.819987,0.0,0.0
2024-06-15 06:00:00,13.95,307.1633,995.0733,3.7055724,14.082694,0.0,0.0
2024-06-15 07:00:00,14.56,307.34576,994.4828,3.076675,14.111092,0.0,0.0
2024-06-15 08:00:00,15.05,307.08026,994.6639,2.7792096,14.36206,0.0,0.0
2024-06-15 09:00:00,14.95,305.96927,995.08514,2.2309823,15.565744,0.0,0.0
2024-06-15 10:00:00,14.92,304.14276,995.70447,2.668645,17.60293,0.0,0.0
2024-06-15 11:00:00,15.04,302.09448,996.15686,3.4108758,20.092693,0.0,0.0
2024-06-15 12:00:00,14.45,300.42572,996.4789,3.8945749,22.38434,0.0,0.0
2024-06-15 13:00:00,14.44,299.27795,996.8791,4.1576295,24.384714,0.0,0.0
2024-06-15 14:00:00,14.24,298.23538,997.02325,4.0515714,26.425499,0.0,0.0
2024-06-15 15:00:00,14.27,297.18164,997.10156,3.8125544,28.58662,0.0,0.0
2024-06-15 16:00:00,14.27,296.1528,997.2392,3.5875013,30.813726,0.0,0.0
2024-06-15 17:00:00,14.21,295.21918,997.2054,3.5487428,32.972927,0.0,0.0
2024-06-15 18:00:00,13.86,294.43243,997.32623,3.4604938,34.966053,0.0,0.0
2024-06-15 19:00:00,13.81,292.82593,997.4984,3.187202,38.657448,0.0,0.0
2024-06-15 20:00:00,13.66,291.8186,997.4356,2.9250634,41.81687,0.0,0.0
2024-06-15 21:00:00,13.63,291.07187,998.2078,2.6905985,44.554092,0.0,0.0
2024-06-15 22:00:00,13.62,290.42502,998.6754,2.5715227,47.120415,0.0,0.0
2024-06-15 23:00:00,13.82,290.7188,999.5479,2.275333,47.030743,0.0,0.0
2024-06-16 00:00:00,14.35,294.30527,1000.22144,2.4013987,37.576,0.0012785353,0.0
2024-06-16 01:00:00,14.31,298.30185,1000.56226,2.8847687,29.577805,0.0,0.0
2024-06-16 02:00:00,13.84,301.8233,1000.1726,3.5672834,23.965763,0.0,0.0
2024-06-16 03:00:00,13.33,304.47867,999.16595,4.1762204,20.254799,0.0,0.0
2024-06-16 04:00:00,13.02,306.02283,997.9472,3.9009805,17.846746,0.0,0.0
2024-06-16 05:00:00,12.54,306.90704,997.182,3.4313686,16.225079,0.0,0.0
2024-06-16 06:00:00,12.33,307.43567,996.61755,3.2436771,15.117678,0.0,0.0
2024-06-16 07:00:00,12.62,307.7553,996.3592,3.2513454,14.880414,0.0,0.0
2024-06-16 08:00:00,12.65,307.48764,996.56616,3.1096506,14.840709,0.0,0.0
2024-06-16 09:00:00,12.29,306.22046,997.12244,2.812449,16.053146,0.0,0.0
2024-06-16 10:00:00,12.07,304.01038,997.6375,3.5455472,18.446655,0.0,0.0
2024-06-16 11:00:00,12.41,302.18323,998.1922,4.3707037,20.796034,0.0,0.0
2024-06-16 12:00:00,12.41,300.8227,998.6328,4.9279904,23.123287,0.0,0.0
2024-06-16 13:00:00,12.63,299.66632,998.83234,4.8792033,25.392645,0.0,0.0
2024-06-16 14:00:00,12.58,298.5861,998.90314,4.588458,27.589666,0.0,0.0
2024-06-16 15:00:00,12.75,297.52124,998.95166,4.225126,29.94752,0.0,0.0
2024-06-16 16:00:00,12.72,296.50018,998.9306,3.8213704,32.36722,0.0,0.0
2024-06-16 17:00:00,12.94,295.4972,998.91205,3.475785,34.825672,0.0,0.0
2024-06-16 18:00:00,12.93,294.54953,998.72565,3.3127801,37.238064,0.0,0.0
2024-06-16 19:00:00,13.04,293.07202,998.58954,3.2843554,40.710503,0.0,0.0
2024-06-16 20:00:00,13.13,292.10672,998.5714,3.2735095,43.561684,0.0,0.0
2024-06-16 21:00:00,13.47,291.42163,999.21075,3.3496392,45.761982,0.0,0.0
2024-06-16 22:00:00,14.12,290.9004,999.6666,3.4223652,47.475536,0.0,0.0
2024-06-16 23:00:00,14.17,291.42734,1000.49445,3.2593877,46.159355,0.0,0.0
2024-06-17 00:00:00,14.02,294.76965,1001.08203,3.6354809,37.556206,0.0017106533,0.0
2024-06-17 01:00:00,14.18,298.39117,1001.37134,4.2594714,29.944479,0.0,0.0
2024-06-17 02:00:00,13.76,301.43213,1001.0164,4.767138,24.104206,0.0,0.0
2024-06-17 03:00:00,13.83,303.6964,1000.13275,5.2836723,19.71918,0.0,0.0
2024-06-17 04:00:00,13.35,305.12225,998.8364,5.0918827,17.09621,0.0,0.0
2024-06-17 05:00:00,12.95,306.03833,997.66486,4.628405,15.346535,0.0,0.0
2024-06-17 06:00:00,12.66,306.52704,996.8889,4.3181977,14.252703,0.0,0.0
2024-06-17 07:00:00,12.53,306.87805,995.8801,3.7870977,14.064587,0.0,0.0
2024-06-17 08:00:00,12.76,306.51935,995.9487,3.8586576,14.221081,0.0,0.0
2024-06-17 09:00:00,12.63,305.03564,996.61237,3.3884242,15.816039,0.0,0.0
2024-06-17 10:00:00,12.83,302.786,997.28906,4.016031,18.63121,0.0,0.0
2024-06-17 11:00:00,13.1,301.17352,998.2573,4.5890603,21.548145,0.0,0.0
2024-06-17 12:00:00,13.2,299.8533,998.85187,4.7315598,24.531712,0.0,0.0
2024-06-17 13:00:00,13.61,298.71613,999.1518,4.5474486,27.03558,0.0,0.0
2024-06-17 14:00:00,14.06,297.67682,999.3342,4.3114057,29.01874,0.0,0.0
2024-06-17 15:00:00,14.18,296.69247,999.21204,4.0820093,30.874264,0.0,0.0
2024-06-17 16:00:00,14.11,295.79306,998.70984,3.890539,32.737003,0.0,0.0
2024-06-17 17:00:00,13.7,294.96436,998.60596,3.6950343,34.646935,0.0,0.0
2024-06-17 18:00:00,13.69,294.1238,998.1653,3.5207133,36.704323,0.0,0.0
2024-06-17 19:00:00,13.53,292.64194,998.19037,3.2308786,40.457428,0.0,0.0
2024-06-17 20:00:00,13.13,291.61548,998.52466,3.0981898,43.369606,0.0,0.0
2024-06-17 21:00:00,13.05,290.81744,999.0722,3.0764413,45.729282,0.0,0.0
2024-06-17 22:00:00,13.26,290.1558,999.70874,3.1709752,47.651737,0.0,0.0
2024-06-17 23:00:00,12.97,290.5746,1000.4453,3.0445397,46.276516,0.0,0.0
2024-06-18 00:00:00,12.16,293.95618,1000.9799,3.3771112,36.79616,0.0,0.0
2024-06-18 01:00:00,12.68,297.75903,1000.7559,4.1059294,27.514606,0.0,0.0
2024-06-18 02:00:00,13.0,300.93964,1000.1856,4.7807374,19.72648,0.0,0.0
2024-06-18 03:00:00,13.17,303.15283,998.8766,4.923127,14.598994,0.0,0.0
2024-06-18 04:00:00,12.76,304.51257,997.84644,4.160629,12.210761,0.0,0.0
2024-06-18 05:00:00,12.21,305.3371,996.4874,3.3498628,10.836838,0.0,0.0
2024-06-18 06:00:00,12.19,305.85803,995.9885,2.7170897,10.060318,0.0,0.0
2024-06-18 07:00:00,12.26,306.04953,995.30365,2.2482967,10.637711,0.0,0.0
2024-06-18 08:00:00,11.96,305.85443,995.46967,2.1240954,10.667109,0.0,0.0
2024-06-18 09:00:00,11.79,304.98822,995.6929,1.6176124,11.489435,0.0,0.0
2024-06-18 10:00:00,12.03,303.35767,996.2944,2.0555773,13.164702,0.0,0.0
2024-06-18 11:00:00,12.43,301.1402,996.9481,2.987311,15.693249,0.0,0.0
2024-06-18 12:00:00,12.47,299.1254,997.3268,3.5083785,18.776484,0.0,0.0
2024-06-18 13:00:00,13.03,297.71606,997.70233,3.8491585,22.29528,0.0,0.0
2024-06-18 14:00:00,13.35,296.65448,997.6936,3.9525216,25.611055,0.0,0.0
2024-06-18 15:00:00,13.47,295.74017,997.7078,3.8452256,28.070635,0.0,0.0
2024-06-18 16:00:00,13.31,294.88394,997.6386,3.66653,30.112753,0.0,0.0
2024-06-18 17:00:00,13.36,294.0641,997.49896,3.4490027,32.151417,0.0,0.0
2024-06-18 18:00:00,13.4,293.26248,997.2722,3.2068777,34.340202,0.0,0.0
2024-06-18 19:00:00,13.48,291.76492,997.5014,3.1059034,37.13729,0.0,0.0
2024-06-18 20:00:00,13.89,290.75055,997.3822,2.7735436,40.13766,0.0,0.0
2024-06-18 21:00:00,14.34,289.87396,997.94476,2.539285,42.824936,0.0,0.0
2024-06-18 22:00:00,14.72,289.14215,998.55896,2.37058,45.27017,0.0,0.0
2024-06-18 23:00:00,14.8,289.29156,999.60297,1.8470687,46.047825,0.0,0.0
2024-06-19 00:00:00,14.85,293.10675,999.7852,1.7906752,35.526665,0.0017004674,0.0
2024-06-19 01:00:00,15.18,297.1018,1000.0371,2.0425553,27.566898,0.0,0.0
2024-06-19 02:00:00,15.16,300.4345,999.34326,2.2455575,22.526827,0.0,0.0
2024-06-19 03:00:00,15.38,302.77707,998.07806,2.519973,19.778078,0.0,0.0
2024-06-19 04:00:00,15.18,304.20074,996.8678,2.296538,17.568426,0.0,0.0
2024-06-19 05:00:00,14.86,305.03082,995.53345,1.9932154,15.72001,0.0,0.0
2024-06-19 06:00:00,15.03,305.5379,994.83954,1.9793222,14.590755,0.0,0.0
2024-06-19 07:00:00,14.8,306.00104,994.2317,2.5316863,15.007067,0.0,0.0
2024-06-19 08:00:00,15.18,305.74854,994.1791,2.8725393,15.149571,0.0,0.0
2024-06-19 09:00:00,15.58,304.60388,994.69336,2.9043097,16.524084,0.0,0.0
2024-06-19 10:00:00,16.07,302.65607,995.3354,3.3829057,19.04074,0.0,0.0
2024-06-19 11:00:00,16.33,301.12964,995.8114,3.7036307,21.569113,0.0,0.0
2024-06-19 12:00:00,16.5,299.8441,996.195,3.7550735,24.150198,0.0,0.0
2024-06-19 13:00:00,17.2,298.69757,996.53375,3.628105,26.641005,0.0,0.0
2024-06-19 14:00:00,17.52,297.59094,996.6503,3.4635794,29.034582,0.0,0.0
2024-06-19 15:00:00,17.58,296.4718,996.8058,3.52324,31.44271,0.0,0.0
2024-06-19 16:00:00,17.48,295.41025,996.8777,3.7035298,34.017067,0.0,0.0
2024-06-19 17:00:00,17.86,294.5257,996.9099,3.9499416,36.247463,0.0,0.0
2024-06-19 18:00:00,18.84,293.77484,996.8697,4.572429,38.19273,0.0,0.0
2024-06-19 19:00:00,19.3,292.62628,996.7531,4.2248197,40.290855,0.0,0.0
2024-06-19 20:00:00,19.01,292.00778,997.04877,4.2180777,42.34559,0.0,0.0
2024-06-19 21:00:00,19.1,291.47726,997.46796,4.1616883,44.057323,0.0,0.0
2024-06-19 22:00:00,19.67,291.09518,998.28937,4.1431513,45.001736,0.0,0.0
2024-06-19 23:00:00,19.98,291.46698,999.0822,3.8773005,43.60519,0.0,0.0
2024-06-20 00:00:00,20.67,293.6823,999.82983,4.7918224,37.090595,0.0,0.0
2024-06-20 01:00:00,21.01,296.37183,999.9625,5.336264,30.55438,0.0,0.0
2024-06-20 02:00:00,20.58,299.21796,999.3234,5.3114924,25.14028,0.0,0.0
2024-06-20 03:00:00,20.66,301.6723,998.1287,5.184425,21.121655,0.0,0.0
2024-06-20 04:00:00,20.6,303.3943,996.8903,5.051167,18.483873,0.0,0.0
2024-06-20 05:00:00,20.59,304.51593,995.88983,4.662708,16.69721,0.0,0.0
2024-06-20 06:00:00,20.82,305.0455,995.4398,4.3371468,15.723615,0.0,0.0
2024-06-20 07:00:00,20.74,305.2754,995.5525,4.04678,16.879072,0.0,0.0
2024-06-20 08:00:00,20.52,304.93393,995.6664,4.4824157,17.341919,0.0,0.0
2024-06-20 09:00:00,20.2,303.67422,996.1824,4.261299,19.149837,0.0,0.0
2024-06-20 10:00:00,20.26,301.8755,996.8111,4.6250362,21.947264,0.0,0.0
2024-06-20 11:00:00,20.59,300.61652,997.2567,4.809455,24.401005,0.0,0.0
2024-06-20 12:00:00,20.66,299.42953,997.9503,4.6643887,27.107113,0.0,0.0
2024-06-20 13:00:00,21.68,298.2588,998.0775,4.921242,30.60352,0.0,0.0
2024-06-20 14:00:00,22.12,297.28708,998.34546,5.562895,34.88782,0.0,0.0
2024-06-20 15:00:00,22.23,296.52625,998.46606,5.904764,38.99962,0.0,0.0
2024-06-20 16:00:00,22.0,295.88824,998.507,5.8629723,42.508877,0.0,0.0
2024-06-20 17:00:00,22.18,295.2774,998.49927,5.7318044,45.67768,0.0,0.0
2024-06-20 18:00:00,21.71,294.66327,998.1889,5.6166854,48.39699,0.0,0.0
2024-06-20 19:00:00,21.52,293.7799,998.8295,4.8889923,48.533077,0.0,0.0
2024-06-20 20:00:00,21.07,293.1701,999.16797,4.4443083,50.316914,0.0,0.0
2024-06-20 21:00:00,20.87,292.54742,999.51636,4.0305977,52.277992,0.0,0.0
2024-06-20 22:00:00,20.94,291.97037,1000.22925,3.8413658,54.425556,0.0,0.0
2024-06-20 23:00:00,20.78,292.21442,1000.83795,3.7982416,54.092163,0.0,0.0
2024-06-21 00:00:00,20.12,294.33832,1001.5391,5.1106834,47.621334,0.0,0.0
2024-06-21 01:00:00,20.27,296.76373,1001.82104,6.0753236,40.372696,0.0,0.0
2024-06-21 02:00:00,19.92,299.25958,1001.33716,6.262891,33.254124,0.0,0.0
2024-06-21 03:00:00,19.36,301.49402,1000.50903,6.0393653,27.538315,0.0,0.0
2024-06-21 04:00:00,18.84,303.1643,999.33264,5.7630754,23.346153,0.0,0.0
2024-06-21 05:00:00,18.55,304.1759,998.2457,5.3327374,20.82903,0.0,0.0
2024-06-21 06:00:00,18.12,304.68475,997.516,5.035917,19.614912,0.0,0.0
2024-06-21 07:00:00,18.19,305.0051,997.4636,4.73385,20.169453,0.0,0.0
2024-06-21 08:00:00,17.9,304.5644,997.6809,5.062898,20.826998,0.0,0.0
2024-06-21 09:00:00,17.94,303.2922,998.26984,4.618597,23.0848,0.0,0.0
2024-06-21 10:00:00,18.09,301.51562,998.94086,4.764513,26.500507,0.0,0.0
2024-06-21 11:00:00,17.98,300.27917,999.7377,5.0556955,29.365244,0.0,0.0
2024-06-21 12:00:00,17.62,299.2065,1000.395,4.8887467,31.992382,0.0,0.0
2024-06-21 13:00:00,17.15,298.1283,1000.6708,4.764872,34.598763,0.0,0.0
2024-06-21 14:00:00,16.63,297.0998,1001.0556,4.8210716,37.16234,0.0,0.0
2024-06-21 15:00:00,16.51,296.20203,1001.23474,4.894447,39.31348,0.0,0.0
2024-06-21 16:00:00,16.34,295.475,1001.22034,5.0739956,40.67927,0.0,0.0
2024-06-21 17:00:00,16.4,294.893,1001.22955,5.3562694,40.99938,0.0,0.0
2024-06-21 18:00:00,15.95,294.3355,1001.081,5.498045,40.779232,0.0,0.0
2024-06-21 19:00:00,15.14,293.20905,1001.0868,5.2788396,43.968876,0.0,0.0
2024-06-21 20:00:00,13.98,292.57898,1001.11615,5.187838,44.376537,0.0,0.0
2024-06-21 21:00:00,13.28,291.99542,1001.4624,5.0424094,44.87845,0.0,0.0
2024-06-21 22:00:00,13.0,291.46124,1002.03595,4.999589,45.4408,0.0,0.0
2024-06-21 23:00:00,12.73,291.7457,1002.72815,4.9595222,43.847763,0.0,0.0
2024-06-22 00:00:00,12.49,293.70038,1003.2317,5.9216266,37.78516,0.0017097143,0.0
2024-06-22 01:00:00,12.34,295.88885,1003.33704,6.8050275,32.197384,0.0,0.0
2024-06-22 02:00:00,12.35,298.05862,1002.8817,6.719695,27.86986,0.0,0.0
2024-06-22 03:00:00,12.61,299.9915,1001.6908,6.508737,24.514181,0.0,0.0
2024-06-22 04:00:00,12.2,301.47986,1000.384,6.1314125,21.939465,0.0,0.0
2024-06-22 05:00:00,11.93,302.44836,999.1657,5.5569153,20.110447,0.0,0.0
2024-06-22 06:00:00,12.05,302.93582,998.3013,5.0865335,19.077963,0.0,0.0
2024-06-22 07:00:00,12.55,303.16278,997.8081,5.1187677,18.962318,0.0,0.0
2024-06-22 08:00:00,13.07,302.74286,998.15344,5.1292806,19.345526,0.0,0.0
2024-06-22 09:00:00,13.61,301.4809,998.65894,4.4787374,21.407299,0.0,0.0
2024-06-22 10:00:00,14.15,299.68683,999.39734,4.5914483,24.83439,0.0,0.0
2024-06-22 11:00:00,14.01,298.38113,999.78125,4.911584,27.898157,0.0,0.0
2024-06-22 12:00:00,13.55,297.2992,1000.21674,4.90029,30.444231,0.0,0.0
2024-06-22 13:00:00,13.18,296.292,1000.53296,4.6500835,32.494408,0.0,0.0
2024-06-22 14:00:00,12.76,295.28714,1000.8005,4.4132395,34.28427,0.0,0.0
2024-06-22 15:00:00,12.84,294.23157,1000.8498,4.2920494,35.919403,0.0,0.0
2024-06-22 16:00:00,12.54,293.2083,1000.85315,4.2764864,37.272156,0.0,0.0
2024-06-22 17:00:00,12.77,292.28586,1000.78796,4.2748775,38.09784,0.0,0.0
2024-06-22 18:00:00,12.66,291.48804,1000.73157,4.179335,38.496895,0.0,0.0
2024-06-22 19:00:00,12.19,290.45227,1000.62103,4.240736,40.023705,0.0,0.0
2024-06-22 20:00:00,11.73,289.75195,1000.81006,4.093441,40.60826,0.0,0.0
2024-06-22 21:00:00,11.56,289.1423,1000.98914,4.050784,41.120136,0.0,0.0
2024-06-22 22:00:00,11.24,288.64523,1001.6878,4.0989904,41.52456,0.0,0.0
2024-06-22 23:00:00,11.02,289.01767,1002.08875,3.97695,39.846645,0.0,0.0
2024-06-23 00:00:00,11.88,291.43893,1002.675,4.8266416,33.08793,0.0017202606,0.0
2024-06-23 01:00:00,11.91,294.09882,1002.8382,5.5997,26.673094,0.0,0.0
2024-06-23 02:00:00,12.03,296.49594,1002.33417,5.8533,21.895664,0.0,0.0
2024-06-23 03:00:00,12.1,298.50916,1001.3736,5.617426,18.44728,0.0,0.0
2024-06-23 04:00:00,11.92,300.06482,1000.334,5.2528377,16.190863,0.0,0.0
2024-06-23 05:00:00,11.58,301.107,999.0549,5.0261536,14.942143,0.0,0.0
2024-06-23 06:00:00,11.04,301.7044,998.1755,4.9329233,14.37418,0.0,0.0
2024-06-23 07:00:00,10.84,302.0177,997.40796,5.0556436,15.047005,0.0,0.0
2024-06-23 08:00:00,10.68,301.5625,997.4657,5.153187,15.447781,0.0,0.0
2024-06-23 09:00:00,10.63,300.29083,997.7111,4.5222564,16.77165,0.0,0.0
2024-06-23 10:00:00,11.0,298.49518,998.2381,4.429336,18.610924,0.0,0.0
2024-06-23 11:00:00,11.06,297.1681,998.6256,4.5298696,19.891861,0.0,0.0
2024-06-23 12:00:00,11.41,295.93567,999.23773,4.4945264,21.322077,0.0,0.0
2024-06-23 13:00:00,11.91,294.73975,999.3691,4.71785,23.092102,0.0,0.0
2024-06-23 14:00:00,11.79,293.74652,999.71735,5.071984,24.994982,0.0,0.0
2024-06-23 15:00:00,11.66,292.94238,999.67505,5.09699,26.920218,0.0,0.0
2024-06-23 16:00:00,11.44,292.18796,999.5529,4.886954,28.914753,0.0,0.0
2024-06-23 17:00:00,11.26,291.47437,999.5825,4.6875863,30.880066,0.0,0.0
2024-06-23 18:00:00,11.5,290.80215,999.2492,4.5400405,32.688133,0.0,0.0
2024-06-23 19:00:00,11.25,289.46448,998.8845,4.2807913,36.04096,0.0,0.0
2024-06-23 20:00:00,11.3,288.8225,998.7472,4.1241846,37.781708,0.0,0.0
2024-06-23 21:00:00,11.68,288.30164,998.8601,3.8854344,39.058018,0.0,0.0
2024-06-23 22:00:00,11.85,287.8389,999.26135,3.654601,40.08938,0.0,0.0
2024-06-23 23:00:00,11.98,288.22815,999.9973,3.2834277,38.92336,0.0,0.0
2024-06-24 00:00:00,11.95,291.09033,1000.5414,3.7118504,31.820166,0.0,0.0
2024-06-24 01:00:00,11.82,294.15326,1000.8142,4.344912,25.790808,0.0,0.0
2024-06-24 02:00:00,11.66,296.6931,1000.27075,5.0997043,21.753847,0.0,0.0
2024-06-24 03:00:00,11.82,298.41495,999.1906,5.8752613,19.59015,0.0,0.0
2024-06-24 04:00:00,11.65,299.47272,997.9542,6.069948,18.585627,0.0,0.0
2024-06-24 05:00:00,11.84,300.07565,996.7199,5.7307286,17.802313,0.0,0.0
2024-06-24 06:00:00,11.83,300.33356,995.88794,5.2862988,17.406208,0.0,0.0
2024-06-24 07:00:00,12.1,300.41025,995.52454,4.6643305,17.361338,0.0,0.0
2024-06-24 08:00:00,12.38,299.99194,995.33954,4.362744,17.853615,0.0,0.0
2024-06-24 09:00:00,12.35,298.95413,995.8742,3.450711,19.278162,0.0,0.0
2024-06-24 10:00:00,12.38,297.33636,996.2006,3.091438,21.64841,0.0,0.0
2024-06-24 11:00:00,12.35,296.0818,996.81714,3.1381395,23.72257,0.0,0.0
2024-06-24 12:00:00,12.29,294.87872,997.13654,3.1015527,25.796751,0.0,0.0
2024-06-24 13:00:00,12.47,293.7027,997.57196,2.9753442,27.973753,0.0,0.0
2024-06-24 14:00:00,12.39,292.50067,997.7383,3.0290282,30.655333,0.0,0.0
2024-06-24 15:00:00,12.12,291.48666,997.5691,3.3120635,33.74009,0.0,0.0
2024-06-24 16:00:00,11.98,290.7651,997.2972,3.6427946,36.800938,0.0,0.0
2024-06-24 17:00:00,11.87,290.24484,997.3806,3.849738,39.317726,0.0,0.0
2024-06-24 18:00:00,11.93,289.78278,996.90924,3.8874834,41.085712,0.0,0.0
2024-06-24 19:00:00,11.75,288.83954,996.59015,3.6173317,42.653152,0.0,0.0
2024-06-24 20:00:00,11.38,288.14124,996.6294,3.4498725,44.517498,0.0,0.0
2024-06-24 21:00:00,11.22,287.57593,996.6909,3.3687668,45.785244,0.0,0.0
2024-06-24 22:00:00,11.05,287.15753,997.2508,3.3491547,46.339653,0.0,0.0
2024-06-24 23:00:00,10.68,287.6636,997.87866,3.1170175,44.00426,0.0,0.0
2024-06-25 00:00:00,10.86,290.86456,998.3972,3.4273982,34.27328,0.0,0.0
2024-06-25 01:00:00,10.52,294.26776,998.5792,3.9000015,25.733364,0.0,0.0
2024-06-25 02:00:00,10.31,297.18066,998.0706,4.287833,19.98989,0.0,0.0
2024-06-25 03:00:00,10.4,298.79224,997.35065,4.240461,19.095663,0.0,0.0
2024-06-25 04:00:00,10.0,299.5965,996.43866,3.5643508,18.40475,0.0,0.0
2024-06-25 05:00:00,10.0,300.12036,995.5586,2.929922,17.517107,0.0,0.0
2024-06-25 06:00:00,9.96,300.3875,994.8794,2.3875637,16.899984,0.0,0.0
2024-06-25 07:00:00,9.96,300.7972,994.6978,1.7408688,16.435875,0.0,0.0
2024-06-25 08:00:00,10.14,300.52902,994.89514,1.3319315,16.435562,0.0,0.0
2024-06-25 09:00:00,10.34,299.98444,995.45264,1.1901964,17.024282,0.0,0.0
2024-06-25 10:00:00,10.58,298.85583,995.99097,1.9492291,18.893642,0.0,0.0
2024-06-25 11:00:00,10.72,297.08365,996.367,2.895258,22.10414,0.0,0.0
2024-06-25 12:00:00,10.84,295.46484,996.6989,3.3146403,25.507528,0.0,0.0
2024-06-25 13:00:00,11.31,294.27625,996.99725,3.5544984,28.591038,0.0,0.0
2024-06-25 14:00:00,11.82,293.32303,997.1911,3.6272547,31.268751,0.0,0.0
2024-06-25 15:00:00,12.14,292.4942,997.21265,3.4936147,33.385815,0.0,0.0
2024-06-25 16:00:00,12.29,291.71326,997.28796,3.235664,35.23337,0.0,0.0
2024-06-25 17:00:00,12.87,290.95294,997.26794,3.0387921,36.968513,0.0,0.0
2024-06-25 18:00:00,13.54,290.16052,996.8267,2.8422632,38.758022,0.0,0.0
2024-06-25 19:00:00,13.68,288.90393,997.22375,2.75636,42.228775,0.0,0.0
2024-06-25 20:00:00,13.79,288.00812,997.00256,2.6459088,44.772877,0.0,0.0
2024-06-25 21:00:00,14.04,287.29584,997.39154,2.631251,46.941364,0.0,0.0
2024-06-25 22:00:00,13.86,286.67346,997.78046,2.785025,48.908096,0.0,0.0
2024-06-25 23:00:00,13.6,287.0323,998.5557,2.7594848,47.757164,0.0,0.0
2024-06-26 00:00:00,13.79,290.35803,998.9377,3.2492247,37.61564,0.0017106533,0.0
2024-06-26 01:00:00,13.78,294.1616,999.24994,3.7132256,28.229418,0.0,0.0
2024-06-26 02:00:00,13.79,297.35516,998.60547,4.073352,21.753654,0.0,0.0
2024-06-26 03:00:00,13.89,299.69348,997.84576,4.2247868,17.587069,0.0,0.0
2024-06-26 04:00:00,14.07,300.94513,996.79,3.5984876,16.13137,0.0,0.0
2024-06-26 05:00:00,14.23,301.57092,995.72815,2.5276158,15.681993,0.0,0.0
2024-06-26 06:00:00,14.18,301.92273,995.32025,1.7284751,15.304343,0.0,0.0
2024-06-26 07:00:00,13.72,302.26132,994.919,1.7062744,15.200016,0.0,0.0
2024-06-26 08:00:00,13.21,302.06488,995.10767,1.445157,15.272663,0.0,0.0
2024-06-26 09:00:00,12.82,301.50366,995.6328,1.629459,15.916032,0.0,0.0
2024-06-26 10:00:00,12.73,300.01794,996.1947,2.6776628,17.807922,0.0,0.0
2024-06-26 11:00:00,12.45,298.1156,996.7598,3.4293258,20.403181,0.0,0.0
2024-06-26 12:00:00,12.85,296.8095,997.3322,4.0872173,22.782597,0.0,0.0
2024-06-26 13:00:00,13.21,295.81342,997.67096,4.3725863,25.156372,0.0,0.0
2024-06-26 14:00:00,13.35,294.96765,997.75006,4.275644,26.857073,0.0,0.0
2024-06-26 15:00:00,13.25,294.19534,997.4132,4.1445956,28.157986,0.0,0.0
2024-06-26 16:00:00,13.07,293.459,997.12915,4.0584664,29.41559,0.0,0.0
2024-06-26 17:00:00,12.94,292.71674,997.16266,3.9574265,30.770355,0.0,0.0
2024-06-26 18:00:00,12.77,291.9306,997.0691,3.7458456,32.25303,0.0,0.0
2024-06-26 19:00:00,12.51,290.37152,996.9927,3.831356,33.51985,0.0,0.0
2024-06-26 20:00:00,12.17,289.60956,996.8816,3.8055081,35.108994,0.0,0.0
2024-06-26 21:00:00,12.08,289.06622,997.005,3.8006797,36.22366,0.0,0.0
2024-06-26 22:00:00,12.16,288.69006,997.5723,3.847119,36.924343,0.0,0.0
2024-06-26 23:00:00,12.06,289.2399,998.0889,3.7545238,35.572563,0.0,0.0
2024-06-27 00:00:00,12.48,292.37122,998.5664,4.1931562,29.374346,0.0,0.0
2024-06-27 01:00:00,12.67,295.75104,998.6082,5.017471,24.73804,0.0,0.0
2024-06-27 02:00:00,12.58,298.71542,998.0891,5.3003693,21.618269,0.0,0.0
2024-06-27 03:00:00,12.65,301.1037,997.2736,5.3973694,19.63075,0.0,0.0
2024-06-27 04:00:00,12.91,302.6846,996.1503,5.129363,17.746376,0.0,0.0
2024-06-27 05:00:00,13.1,303.6976,995.106,4.5788193,16.021505,0.0,0.0
2024-06-27 06:00:00,12.6,304.29712,994.3661,4.0430136,15.115674,0.0,0.0
2024-06-27 07:00:00,12.0,304.9209,993.8529,3.6246805,14.44094,0.0,0.0
2024-06-27 08:00:00,11.87,304.75543,993.9881,3.1781137,14.50408,0.0,0.0
2024-06-27 09:00:00,11.9,303.71954,994.33026,1.9896885,15.567203,0.0,0.0
2024-06-27 10:00:00,12.21,302.26868,994.72516,1.4051951,17.292477,0.0,0.0
2024-06-27 11:00:00,12.21,300.3911,994.9331,1.1082846,22.190643,0.0,0.0
2024-06-27 12:00:00,12.57,298.6308,995.2633,1.3862864,23.736774,0.0,0.0
2024-06-27 13:00:00,13.18,297.3376,995.61597,1.0424999,24.813179,0.0,0.0
2024-06-27 14:00:00,13.94,295.47827,996.07544,1.0189611,28.750574,0.0,0.0
2024-06-27 15:00:00,13.92,293.45117,996.36414,2.237111,32.83681,0.0,0.0
2024-06-27 16:00:00,14.23,292.90997,996.58167,3.0678916,35.054165,0.0,0.0
2024-06-27 17:00:00,15.05,292.26028,996.84064,3.211498,39.60032,0.0,0.0
2024-06-27 18:00:00,15.56,291.56726,996.9497,3.1045876,45.314026,0.0,0.0
2024-06-27 19:00:00,15.71,290.5329,996.67346,2.9590657,52.02359,0.0,0.0
2024-06-27 20:00:00,16.07,289.78,996.90607,2.6122036,58.40367,0.0,0.0
2024-06-27 21:00:00,17.02,289.1813,997.438,2.5531642,63.17676,0.0,0.0
2024-06-27 22:00:00,17.47,288.6633,998.02325,2.5416274,66.62311,0.0,0.0
2024-06-27 23:00:00,17.75,288.93542,998.95795,1.9619972,66.528694,0.0,0.0
2024-06-28 00:00:00,17.77,292.81274,999.36127,1.6066655,53.270767,0.0,0.0
2024-06-28 01:00:00,18.73,296.22064,999.4417,1.6869105,46.756355,0.0,0.0
2024-06-28 02:00:00,19.36,298.6776,998.9726,2.1137319,44.138435,0.0,0.0
2024-06-28 03:00:00,18.67,300.6032,998.08984,2.365954,39.97663,0.0,0.0
2024-06-28 04:00:00,18.25,302.1373,996.9185,2.4023147,35.447235,0.0,0.0
2024-06-28 05:00:00,18.48,303.38257,995.8923,2.6890018,31.47353,0.0,0.0
2024-06-28 06:00:00,18.66,304.2703,995.1069,2.9975061,28.614765,0.0,0.0
2024-06-28 07:00:00,19.22,305.50342,994.5175,3.3231387,25.563139,0.0,0.0
2024-06-28 08:00:00,19.71,305.4406,994.5428,3.1517234,25.492243,0.0,0.0
2024-06-28 09:00:00,19.81,304.61417,994.89294,2.417695,27.036594,0.0,0.0
2024-06-28 10:00:00,20.93,303.0687,995.4587,2.4393296,30.311352,0.0,0.0
2024-06-28 11:00:00,21.41,301.487,995.8382,2.9658422,34.372635,0.0,0.0
2024-06-28 12:00:00,21.63,300.1108,996.4227,3.468372,38.907684,0.0,0.0
2024-06-28 13:00:00,22.14,299.0398,996.66437,3.9065545,43.902073,0.0,0.0
2024-06-28 14:00:00,23.03,298.17505,997.0875,4.0997,49.689228,0.0,0.0
2024-06-28 15:00:00,23.73,297.30795,997.2342,4.0463023,55.77061,0.0,0.0
2024-06-28 16:00:00,24.04,296.43286,997.1764,3.8691776,61.544003,0.0,0.0
2024-06-28 17:00:00,24.37,295.62396,997.28357,3.5429494,67.122765,0.0,0.0
2024-06-28 18:00:00,24.79,294.85123,997.2389,3.076395,72.83164,0.0,0.0
2024-06-28 19:00:00,25.43,293.99072,997.41327,2.4452295,77.91222,0.0,0.0
2024-06-28 20:00:00,26.13,293.27563,997.33685,1.9811244,83.35186,0.0,0.0
2024-06-28 21:00:00,27.07,292.62,997.7958,1.6183257,88.53977,0.0,0.0
2024-06-28 22:00:00,27.48,292.2124,998.2703,1.191357,91.609406,0.0,0.0
2024-06-28 23:00:00,27.52,292.76703,998.9947,0.71166545,89.577644,0.0,0.0
2024-06-29 00:00:00,29.36,294.93112,999.3373,0.5871596,80.11333,0.0034302473,0.0
2024-06-29 01:00:00,29.39,296.912,999.85236,0.28427333,70.173836,0.0,0.0
2024-06-29 02:00:00,29.74,298.6671,999.4281,0.33352816,61.019398,0.0,0.0
2024-06-29 03:00:00,30.09,300.245,998.68915,0.8243849,54.24826,0.0,0.0
2024-06-29 04:00:00,29.63,301.56628,997.66345,1.1204466,48.899605,0.0,0.0
2024-06-29 05:00:00,29.62,302.61237,996.7584,1.3404126,44.832363,0.0,0.0
2024-06-29 06:00:00,29.55,303.30597,996.26404,1.5300114,42.166077,0.0,0.0
2024-06-29 07:00:00,29.94,304.2049,995.90607,2.3802204,39.027603,0.0,0.0
2024-06-29 08:00:00,30.76,304.05704,996.2113,2.44717,38.850105,0.0,0.0
2024-06-29 09:00:00,31.73,303.49387,996.7926,2.4991403,39.73614,0.0,0.0
2024-06-29 10:00:00,32.13,302.5562,997.42377,2.2551453,41.600006,0.0,0.0
2024-06-29 11:00:00,32.36,301.63824,998.0723,2.474223,43.368504,0.0,0.0
2024-06-29 12:00:00,32.73,300.74664,998.35455,2.6678624,45.05085,0.0,0.0
2024-06-29 13:00:00,32.48,299.9074,998.40784,2.650287,46.70444,0.0,0.0
2024-06-29 14:00:00,32.25,299.0624,998.5067,2.364445,48.70709,0.0,0.0
2024-06-29 15:00:00,32.59,298.25906,998.1802,2.423288,50.821995,0.0,0.0
2024-06-29 16:00:00,33.23,297.33185,997.995,2.7346973,53.420376,0.0,0.0
2024-06-29 17:00:00,33.59,296.68405,997.959,3.2848723,55.55335,0.0,0.0
2024-06-29 18:00:00,33.48,295.99203,997.9715,3.5248725,59.36857,0.0,0.0
2024-06-29 19:00:00,32.87,295.07373,997.9847,4.0442204,65.57011,0.0,0.0
2024-06-29 20:00:00,32.45,294.4758,997.9277,3.7332125,67.61192,0.0,0.0
2024-06-29 21:00:00,32.46,293.9013,997.96674,3.386015,68.995636,0.0,0.0
2024-06-29 22:00:00,32.43,293.38336,998.52576,2.9935737,70.10092,0.0,0.0
2024-06-29 23:00:00,32.34,293.58957,999.1939,2.5800986,68.35542,0.0,0.0
2024-06-30 00:00:00,33.04,295.59866,999.6072,3.1872137,59.50187,0.0,0.0
2024-06-30 01:00:00,32.82,297.94308,999.57916,3.3805408,51.223106,0.0,0.0
2024-06-30 02:00:00,33.19,300.3854,999.058,3.4255579,43.992504,0.0,0.0
2024-06-30 03:00:00,33.51,302.44293,998.09064,3.5687997,38.665455,0.0,0.0
2024-06-30 04:00:00,34.02,303.79315,996.9628,3.4165971,35.252415,0.0,0.0
2024-06-30 05:00:00,34.87,304.65417,995.9788,3.2783065,33.35343,0.0,0.0
2024-06-30 06:00:00,35.14,305.1679,995.3622,3.3788848,32.224525,0.0,0.0
2024-06-30 07:00:00,34.9,305.2652,994.64435,3.9048562,32.99696,0.0,0.0
2024-06-30 08:00:00,34.94,304.9774,994.93384,4.2370815,33.316174,0.0,0.0
2024-06-30 09:00:00,34.51,304.18158,995.48755,4.2306356,34.714443,0.0,0.0
2024-06-30 10:00:00,33.88,302.91687,996.1677,4.34526,37.187065,0.0,0.0
2024-06-30 11:00:00,32.98,301.8442,996.66986,5.349508,38.99789,0.0,0.0
2024-06-30 12:00:00,33.05,300.81012,997.20264,6.3480535,40.28864,0.0,0.0
2024-06-30 13:00:00,33.75,299.81488,997.34,6.963004,40.978592,0.0,0.0
2024-06-30 14:00:00,33.74,298.81686,997.64624,6.9771814,41.647537,0.0,0.0
2024-06-30 15:00:00,32.99,297.9057,997.77124,6.7120323,42.52112,0.0,0.0
2024-06-30 16:00:00,32.78,297.05975,997.72534,6.3632317,43.682537,0.0,0.0
2024-06-30 17:00:00,33.24,296.37537,997.80554,6.075483,44.8384,0.0,0.0
2024-06-30 18:00:00,33.87,295.68756,997.7,5.819871,46.182434,0.0,0.0
2024-06-30 19:00:00,33.67,294.72128,997.7548,5.699443,47.191273,0.0,0.0
2024-06-30 20:00:00,33.45,294.21613,997.5447,5.4034405,47.926716,0.0,0.0
2024-06-30 21:00:00,33.42,293.71994,997.79095,5.127707,48.697105,0.0,0.0
2024-06-30 22:00:00,33.26,293.29437,998.3052,4.923504,49.440258,0.0,0.0
2024-06-30 23:00:00,32.95,293.50366,998.95685,4.539476,48.59793,0.0,0.0
2024-07-01 00:00:00,33.57,294.92517,999.5647,5.81361,44.99675,0.0012910914,0.0
2024-07-01 01:00:00,33.51,296.95322,999.4043,5.8825464,41.29668,0.0,0.0
2024-07-01 02:00:00,33.8,299.2769,998.86194,5.61193,37.808372,0.0,0.0
2024-07-01 03:00:00,34.05,301.5224,997.6275,5.3435774,34.86036,0.0,0.0
2024-07-01 04:00:00,34.45,303.3678,996.40405,5.0420823,32.741173,0.0,0.0
2024-07-01 05:00:00,34.96,304.678,995.2929,4.7551584,31.529676,0.0,0.0
2024-07-01 06:00:00,35.57,305.4856,994.7827,4.5599647,31.050163,0.0,0.0
2024-07-01 07:00:00,36.0,305.943,994.2519,3.540766,30.627733,0.0,0.0
2024-07-01 08:00:00,36.25,305.93134,994.5511,3.4166179,30.638275,0.0,0.0
2024-07-01 09:00:00,36.98,305.31567,995.0017,3.3118954,31.871626,0.0,0.0
2024-07-01 10:00:00,37.87,304.31174,995.63257,3.719368,34.201275,0.0,0.0
2024-07-01 11:00:00,38.15,303.42316,996.2036,4.069094,36.64841,0.0,0.0
2024-07-01 12:00:00,38.78,302.65564,996.94904,3.9500146,38.963577,0.0,0.0
2024-07-01 13:00:00,38.94,302.01746,997.2662,3.6129599,41.228813,0.0,0.0
2024-07-01 14:00:00,39.13,301.1825,997.5693,3.3728516,44.204456,0.002771616,0.0
2024-07-01 15:00:00,39.38,300.67108,997.8833,3.8724065,47.20089,0.022858381,0.0
2024-07-01 16:00:00,39.69,299.5857,997.945,5.6783295,54.41474,0.071287155,0.0
2024-07-01 17:00:00,39.8,298.1645,998.3038,6.449885,63.617348,0.11500716,0.0
2024-07-01 18:00:00,41.02,297.00372,998.34686,5.820385,68.42446,0.2334714,0.0
2024-07-01 19:00:00,40.56,297.92737,997.98206,5.6444325,55.270546,0.0,0.0
2024-07-01 20:00:00,40.05,297.48788,998.2886,5.5122266,54.3858,0.0,0.0
2024-07-01 21:00:00,39.55,296.6648,998.59875,5.638951,55.47759,0.0,0.0
2024-07-01 22:00:00,38.78,295.94705,999.3186,5.775695,56.444424,0.0,0.0
2024-07-01 23:00:00,38.13,295.6527,1000.2188,6.0352464,55.672592,0.0,0.0
2024-07-02 00:00:00,38.4,296.17862,1001.04565,7.040109,52.365936,0.44624805,0.0
2024-07-02 01:00:00,38.2,297.55673,1001.1389,6.99384,48.053234,0.0,0.0
2024-07-02 02:00:00,38.6,299.43573,1000.7081,6.6516147,43.58254,0.0,0.0
2024-07-02 03:00:00,38.86,301.16574,999.6534,6.3199167,40.23343,0.0,0.0
2024-07-02 04:00:00,38.7,302.6731,998.5823,5.909925,37.692123,0.0,0.0
2024-07-02 05:00:00,38.62,303.82242,997.64813,5.475601,35.9588,0.0,0.0
2024-07-02 06:00:00,38.78,304.50256,997.1447,5.0360346,34.87638,0.0,0.0
2024-07-02 07:00:00,38.63,305.06793,996.80383,4.139337,35.216797,0.0,0.0
2024-07-02 08:00:00,38.2,304.77924,997.4465,4.3742356,35.017044,0.0018551946,0.0
2024-07-02 09:00:00,37.42,303.74762,998.16455,4.8831143,37.303417,0.0,0.0
2024-07-02 10:00:00,37.06,302.66266,999.122,5.463263,39.38408,0.0,0.0
2024-07-02 11:00:00,36.61,301.5735,999.7484,6.2844048,41.164097,0.0,0.0
2024-07-02 12:00:00,37.13,300.63593,1000.4849,6.1751027,42.47195,0.0,0.0
2024-07-02 13:00:00,36.56,299.97583,1000.92456,6.334016,42.984196,0.0,0.0
2024-07-02 14:00:00,36.34,299.17957,1001.3523,6.2825675,44.141796,0.0,0.0
2024-07-02 15:00:00,35.85,298.64502,1001.36017,6.0987678,44.681408,0.0,0.0
2024-07-02 16:00:00,35.09,298.1689,1001.508,5.796794,45.017178,0.0,0.0
2024-07-02 17:00:00,34.4,297.5469,1001.5514,5.615518,45.535053,0.0,0.0
2024-07-02 18:00:00,34.47,296.8526,1001.53925,5.8766046,45.987885,0.0,0.0
2024-07-02 19:00:00,35.05,296.06024,1001.23474,5.7745767,47.78499,0.0,0.0
2024-07-02 20:00:00,35.37,295.48676,1001.3839,6.007308,47.870735,0.0,0.0
2024-07-02 21:00:00,36.3,294.87326,1001.7617,5.8409963,48.315163,0.0,0.0
2024-07-02 22:00:00,35.95,294.36334,1002.2427,5.64317,48.615723,0.0,0.0
2024-07-02 23:00:00,34.54,294.18753,1002.86993,5.5308256,47.739594,0.0,0.0
2024-07-03 00:00:00,32.24,294.9025,1003.2943,6.5629573,43.787464,0.0018775463,0.0
2024-07-03 01:00:00,31.54,296.56985,1003.48206,6.2926707,39.168068,0.0,0.0
2024-07-03 02:00:00,30.83,298.40936,1002.90924,5.771461,35.851227,0.0,0.0
2024-07-03 03:00:00,29.97,300.19214,1001.8911,5.4582334,33.53562,0.0,0.0
2024-07-03 04:00:00,29.32,301.55353,1000.63513,5.1998663,32.27413,0.0,0.0
2024-07-03 05:00:00,29.31,302.41125,999.7615,5.026166,31.484205,0.0,0.0
2024-07-03 06:00:00,29.44,302.91446,999.1984,5.1494694,30.91793,0.0,0.0
2024-07-03 07:00:00,29.75,302.42615,999.7028,5.9024215,32.287426,0.0,0.0
2024-07-03 08:00:00,30.23,301.7316,1000.1756,6.143999,33.026237,0.0,0.0
2024-07-03 09:00:00,30.65,300.79254,1001.2594,6.134715,33.752438,0.0,0.0
2024-07-03 10:00:00,30.55,299.8552,1001.89343,6.188976,34.04815,0.0,0.0
2024-07-03 11:00:00,29.84,298.9322,1002.5372,6.7411304,34.022232,0.0,0.0
2024-07-03 12:00:00,29.99,297.75043,1002.8714,6.796774,34.83496,0.0,0.0
2024-07-03 13:00:00,29.97,296.79242,1003.335,6.80723,35.53583,0.0,0.0
2024-07-03 14:00:00,29.13,295.78833,1003.4158,6.5848775,36.4416,0.0,0.0
2024-07-03 15:00:00,27.79,295.02393,1003.7045,6.4801946,36.514458,0.0,0.0
2024-07-03 16:00:00,26.31,294.32098,1003.6509,6.3088174,35.957115,0.0,0.0
2024-07-03 17:00:00,24.93,293.74542,1003.4817,5.9776177,34.706966,0.0,0.0
2024-07-03 18:00:00,23.63,293.03143,1003.03235,5.5431323,33.767838,0.0,0.0
2024-07-03 19:00:00,21.79,291.95847,1003.17914,5.1365385,36.127716,0.0,0.0
2024-07-03 20:00:00,20.36,291.20697,1003.2628,5.1489997,36.20778,0.0,0.0
2024-07-03 21:00:00,18.76,290.49176,1003.40564,5.2344313,35.681427,0.0,0.0
2024-07-03 22:00:00,17.48,289.76373,1004.062,5.226837,34.098618,0.0,0.0
2024-07-03 23:00:00,16.01,289.70447,1004.6344,5.0124874,30.824652,0.0,0.0
2024-07-04 00:00:00,15.88,290.91272,1005.08734,6.3848643,24.998491,0.0,0.0
2024-07-04 01:00:00,14.45,292.56775,1004.8862,6.758322,21.959929,0.0,0.0
2024-07-04 02:00:00,13.73,294.35498,1004.03174,6.479712,19.839466,0.0,0.0
2024-07-04 03:00:00,12.94,295.9717,1002.80756,6.07057,17.969854,0.0,0.0
2024-07-04 04:00:00,12.19,297.2625,1001.4384,5.801395,16.528189,0.0,0.0
2024-07-04 05:00:00,11.08,298.1634,1000.0784,5.674849,15.464084,0.0,0.0
2024-07-04 06:00:00,9.8,298.68756,999.3564,5.763855,14.806083,0.0,0.0
2024-07-04 07:00:00,9.41,298.95993,999.03143,6.0036097,15.463382,0.0,0.0
2024-07-04 08:00:00,8.79,298.41684,999.0496,6.105776,15.510554,0.0,0.0
2024-07-04 09:00:00,8.51,297.1817,999.7275,5.2592635,16.567184,0.0,0.0
2024-07-04 10:00:00,8.13,295.44623,1000.32025,5.0994167,18.291283,0.0,0.0
2024-07-04 11:00:00,7.69,294.03082,1000.9043,5.447665,19.35418,0.0,0.0
2024-07-04 12:00:00,7.52,292.71252,1001.46436,5.6725216,20.337177,0.0,0.0
2024-07-04 13:00:00,7.13,291.44836,1001.5756,5.771827,21.461191,0.0,0.0
2024-07-04 14:00:00,6.94,290.2998,1001.6697,5.706833,22.641037,0.0,0.0
2024-07-04 15:00:00,6.35,289.27026,1001.5385,5.5771275,23.741909,0.0,0.0
2024-07-04 16:00:00,6.1,288.33167,1001.3295,5.441476,24.677864,0.0,0.0
2024-07-04 17:00:00,6.22,287.45462,1001.2128,5.294575,25.476309,0.0,0.0
2024-07-04 18:00:00,6.2,286.65985,1001.01483,5.1195397,26.12863,0.0,0.0
2024-07-04 19:00:00,5.61,285.83716,1001.0609,4.9215326,29.946827,0.0,0.0
2024-07-04 20:00:00,5.66,285.1223,1001.0419,4.510668,31.202305,0.0,0.0
2024-07-04 21:00:00,5.79,284.4837,1001.3247,4.152384,32.60546,0.0,0.0
2024-07-04 22:00:00,5.17,283.8915,1001.42847,3.9110858,34.171997,0.0,0.0
2024-07-04 23:00:00,4.83,284.16684,1002.23914,3.6652217,34.084286,0.0,0.0
2024-07-05 00:00:00,5.16,286.32285,1002.57,4.645275,29.062456,0.0017170642,0.0
2024-07-05 01:00:00,4.9,288.80328,1002.2816,5.276079,25.545979,0.0,0.0
2024-07-05 02:00:00,5.16,291.2675,1001.33044,5.4689865,22.307842,0.0,0.0
2024-07-05 03:00:00,5.34,293.36237,1000.2617,5.1142535,19.263494,0.0,0.0
2024-07-05 04:00:00,5.36,294.92755,998.8172,4.5341635,17.24046,0.0,0.0
2024-07-05 05:00:00,5.35,296.0467,997.53284,4.085518,15.87214,0.0,0.0
2024-07-05 06:00:00,4.84,296.78632,996.65875,3.892809,14.692338,0.0,0.0
2024-07-05 07:00:00,4.29,297.49182,996.55804,3.8479044,15.105192,0.0,0.0
2024-07-05 08:00:00,3.77,297.29318,996.52484,3.9183314,14.484288,0.0,0.0
2024-07-05 09:00:00,3.66,296.3004,997.08484,3.3860312,15.502049,0.0,0.0
2024-07-05 10:00:00,3.27,294.44647,997.57886,3.6269565,17.954836,0.0,0.0
2024-07-05 11:00:00,2.93,293.12598,998.32654,4.1737833,19.32427,0.0,0.0
2024-07-05 12:00:00,3.06,291.9724,998.88873,4.566532,20.86085,0.0,0.0
2024-07-05 13:00:00,3.77,290.8993,998.8038,4.7435427,23.055414,0.0,0.0
2024-07-05 14:00:00,4.74,289.91687,998.95135,4.769908,25.599674,0.0,0.0
2024-07-05 15:00:00,5.26,289.04742,998.8119,4.669196,28.048906,0.0,0.0
2024-07-05 16:00:00,5.61,288.26697,998.5811,4.3772264,30.289867,0.0,0.0
2024-07-05 17:00:00,6.23,287.54358,998.52655,4.1283274,32.403328,0.0,0.0
2024-07-05 18:00:00,6.56,286.8687,998.4666,4.007979,34.37411,0.0,0.0
2024-07-05 19:00:00,6.52,286.06818,998.48486,4.0474243,38.15631,0.0,0.0
2024-07-05 20:00:00,6.81,285.46353,998.6732,4.0701265,40.16416,0.0,0.0
2024-07-05 21:00:00,7.13,284.94785,998.73267,3.9657872,42.05586,0.0,0.0
2024-07-05 22:00:00,7.23,284.5404,999.4205,3.9698522,43.71009,0.0,0.0
2024-07-05 23:00:00,7.2,284.97772,999.8325,3.6941965,43.037586,0.0,0.0
2024-07-06 00:00:00,6.51,287.54034,1000.3933,4.51125,36.166546,0.0017103344,0.0
2024-07-06 01:00:00,6.34,290.4967,1000.1065,4.69144,29.914373,0.0,0.0
2024-07-06 02:00:00,6.76,293.47333,999.59485,4.2691464,25.104322,0.0,0.0
2024-07-06 03:00:00,7.21,296.07913,998.47095,3.7311487,21.608932,0.0,0.0
2024-07-06 04:00:00,7.65,298.01138,997.2703,3.0019486,19.470274,0.0,0.0
2024-07-06 05:00:00,8.19,299.20163,996.0343,2.050168,18.852503,0.0,0.0
2024-07-06 06:00:00,8.57,299.82425,995.4905,1.1590201,19.103962,0.0,0.0
2024-07-06 07:00:00,8.73,300.3615,995.3569,0.36289182,19.10915,0.0,0.0
2024-07-06 08:00:00,8.9,300.27225,995.52155,0.9225822,19.011593,0.0,0.0
2024-07-06 09:00:00,9.79,299.6588,996.2441,2.3248844,19.916225,0.0,0.0
2024-07-06 10:00:00,10.25,297.7441,996.9311,3.5711713,22.679522,0.0,0.0
2024-07-06 11:00:00,10.08,296.36472,997.41437,4.11062,24.556946,0.0,0.0
2024-07-06 12:00:00,10.35,295.1537,997.73627,4.2612424,26.283104,0.0,0.0
2024-07-06 13:00:00,10.52,294.02264,998.1543,4.20577,28.064112,0.0,0.0
2024-07-06 14:00:00,10.64,292.9522,998.27673,4.038524,29.880833,0.0,0.0
2024-07-06 15:00:00,10.83,291.96582,998.3337,3.9762778,31.357994,0.0,0.0
2024-07-06 16:00:00,11.02,291.10327,998.2317,3.9686537,32.25405,0.0,0.0
2024-07-06 17:00:00,10.97,290.34808,998.1116,3.7779179,32.781513,0.0,0.0
2024-07-06 18:00:00,10.49,289.63422,998.03827,3.5374885,33.456226,0.0,0.0
2024-07-06 19:00:00,10.2,288.52606,998.2173,3.4022624,36.2076,0.0,0.0
2024-07-06 20:00:00,10.37,287.7608,998.0075,3.2098653,37.717133,0.0,0.0
2024-07-06 21:00:00,10.66,287.107,998.2275,3.0313635,39.306007,0.0,0.0
2024-07-06 22:00:00,10.53,286.5451,998.60406,2.932873,41.056232,0.0,0.0
2024-07-06 23:00:00,10.63,286.84662,999.3089,2.635041,40.801067,0.0,0.0
2024-07-07 00:00:00,12.62,290.03723,999.68774,2.816451,32.87278,0.0017106532,0.0
2024-07-07 01:00:00,12.51,293.53708,999.7328,2.847419,25.836914,0.0,0.0
2024-07-07 02:00:00,12.26,296.70123,999.6247,2.5287647,21.369915,0.0,0.0
2024-07-07 03:00:00,12.38,299.17944,998.64954,1.9375442,19.707441,0.0,0.0
2024-07-07 04:00:00,12.63,300.86536,997.6736,1.0266112,19.768139,0.0,0.0
2024-07-07 05:00:00,12.21,301.7506,996.4922,0.71680355,20.213797,0.0,0.0
2024-07-07 06:00:00,11.74,302.38672,996.10126,1.605342,19.572546,0.0,0.0
2024-07-07 07:00:00,11.5,302.9917,996.0412,2.573624,18.377588,0.0,0.0
2024-07-07 08:00:00,11.53,302.7287,996.1909,2.7563007,18.347168,0.0,0.0
2024-07-07 09:00:00,11.37,301.78366,996.49304,2.6246753,19.207714,0.0,0.0
2024-07-07 10:00:00,11.19,299.8381,996.91595,3.1545675,21.529516,0.0,0.0
2024-07-07 11:00:00,11.23,298.25842,997.4674,3.531092,23.568743,0.0,0.0
2024-07-07 12:00:00,11.68,296.95886,998.10565,3.7022436,25.265598,0.0,0.0
2024-07-07 13:00:00,11.81,295.87027,998.4231,3.6528957,26.677328,0.0,0.0
2024-07-07 14:00:00,11.88,294.88666,998.625,3.4849334,27.914444,0.0,0.0
2024-07-07 15:00:00,12.19,293.90717,998.77576,3.5448637,29.059578,0.0,0.0
2024-07-07 16:00:00,12.83,292.9676,998.7787,3.787902,30.094147,0.0,0.0
2024-07-07 17:00:00,13.02,292.10315,998.84717,3.9153872,31.317816,0.0,0.0
2024-07-07 18:00:00,12.73,291.32584,998.7469,3.7815037,33.167355,0.0,0.0
2024-07-07 19:00:00,12.02,290.0622,998.979,3.4560711,36.297436,0.0,0.0
2024-07-07 20:00:00,11.77,289.294,998.8901,3.2336092,39.19055,0.0,0.0
2024-07-07 21:00:00,11.64,288.69177,999.2761,3.167289,41.659798,0.0,0.0
2024-07-07 22:00:00,11.39,288.20374,999.4098,3.2123852,43.526047,0.0,0.0
2024-07-07 23:00:00,11.21,288.65198,1000.02795,3.0768237,42.470154,0.0,0.0
2024-07-08 00:00:00,11.41,291.91644,999.98987,3.4955513,33.917534,0.0,0.0
2024-07-08 01:00:00,12.08,295.50415,1000.13116,4.1318536,26.47604,0.0,0.0
2024-07-08 02:00:00,12.42,298.6882,999.868,4.010957,21.746828,0.0,0.0
2024-07-08 03:00:00,12.68,301.24686,998.8617,3.7480633,19.134676,0.0,0.0
2024-07-08 04:00:00,12.53,302.90564,997.7835,3.2930198,19.057882,0.0,0.0
2024-07-08 05:00:00,12.17,303.7926,996.6409,2.7985156,20.054493,0.0,0.0
2024-07-08 06:00:00,12.36,304.3477,995.8825,2.4301755,19.181303,0.0,0.0
2024-07-08 07:00:00,12.25,304.5543,995.3801,2.424406,18.12438,0.0,0.0
2024-07-08 08:00:00,12.04,304.4121,995.46173,2.7492726,18.271984,0.0,0.0
2024-07-08 09:00:00,11.82,303.49713,995.503,2.6702325,19.518635,0.0,0.0
2024-07-08 10:00:00,11.97,301.56058,995.98236,3.2646055,22.191807,0.0,0.0
2024-07-08 11:00:00,12.19,299.91577,996.7467,3.7052362,24.68928,0.0,0.0
2024-07-08 12:00:00,12.65,298.5873,997.1975,3.9699485,26.824327,0.0,0.0
2024-07-08 13:00:00,12.82,297.47284,997.5214,3.9583752,28.7179,0.0,0.0
2024-07-08 14:00:00,12.26,296.43365,997.6016,3.7577145,30.525309,0.0,0.0
2024-07-08 15:00:00,12.27,295.43793,997.7327,3.5065713,32.377007,0.0,0.0
2024-07-08 16:00:00,13.06,294.45752,997.8586,3.311426,34.465565,0.0,0.0
2024-07-08 17:00:00,13.32,293.5381,998.0614,3.2592773,36.570065,0.0,0.0
2024-07-08 18:00:00,13.79,292.76324,998.1937,3.2754993,38.322033,0.0,0.0
2024-07-08 19:00:00,14.3,291.2488,998.34064,3.0656145,44.942802,0.0,0.0
2024-07-08 20:00:00,14.81,290.65912,998.5721,3.4914095,46.86882,0.0,0.0
2024-07-08 21:00:00,15.27,290.39206,999.0389,3.5835905,47.746544,0.0,0.0
2024-07-08 22:00:00,15.84,290.28906,999.51245,3.5262094,48.44059,0.0,0.0
2024-07-08 23:00:00,16.6,290.96826,1000.27783,3.3297858,47.62664,0.0,0.0
2024-07-09 00:00:00,17.57,294.0631,1000.8672,4.0366354,41.345837,0.0,0.0
2024-07-09 01:00:00,17.81,297.63574,1001.18134,4.8196263,36.161903,0.0,0.0
2024-07-09 02:00:00,18.52,300.96942,1000.90204,5.503828,32.143463,0.0,0.0
2024-07-09 03:00:00,19.12,303.38586,999.9314,6.183665,31.005344,0.0,0.0
2024-07-09 04:00:00,19.43,304.63843,998.8761,5.611306,29.733143,0.0,0.0
2024-07-09 05:00:00,20.36,305.38666,997.9283,4.6874027,27.700815,0.0,0.0
2024-07-09 06:00:00,20.48,305.78714,997.20917,4.065944,26.548458,0.0,0.0
2024-07-09 07:00:00,20.2,306.13693,996.85,3.7016165,25.440338,0.0,0.0
2024-07-09 08:00:00,20.64,305.8824,996.6111,3.6663234,25.515196,0.0,0.0
2024-07-09 09:00:00,21.5,305.05112,997.2972,3.23202,26.798773,0.0,0.0
2024-07-09 10:00:00,21.82,303.30664,997.8772,3.408795,29.99407,0.0,0.0
2024-07-09 11:00:00,22.15,301.99667,998.6061,3.7802143,32.829525,0.0,0.0
2024-07-09 12:00:00,23.07,300.984,999.30255,4.0024548,35.266743,0.0,0.0
2024-07-09 13:00:00,23.05,299.94867,999.83417,3.979943,37.8825,0.0,0.0
2024-07-09 14:00:00,23.09,299.0153,1000.23,3.7832274,40.448788,0.0,0.0
2024-07-09 15:00:00,22.91,298.25012,1000.1794,3.554603,42.672207,0.0,0.0
2024-07-09 16:00:00,23.1,297.33936,999.9983,3.4305046,45.29049,0.0,0.0
2024-07-09 17:00:00,23.53,296.50226,999.7668,3.2973337,47.59782,0.0,0.0
2024-07-09 18:00:00,23.2,295.9079,999.5453,3.1375473,48.993183,0.0,0.0
2024-07-09 19:00:00,23.73,295.15454,999.64935,3.3529897,49.26573,0.0,0.0
2024-07-09 20:00:00,24.27,294.68054,999.5056,3.44299,51.21224,0.0,0.0
2024-07-09 21:00:00,24.57,294.66946,999.84186,3.4729383,52.540344,0.0,0.0
2024-07-09 22:00:00,24.43,294.30524,1000.0248,3.6056259,55.680508,0.0,0.0
2024-07-09 23:00:00,24.32,294.65723,1000.82764,3.5824094,56.700943,0.0,0.0
2024-07-10 00:00:00,24.3,297.4166,1001.48517,4.22676,50.016994,0.0,0.0
2024-07-10 01:00:00,24.2,300.33356,1001.8541,5.415366,43.759884,0.0,0.0
2024-07-10 02:00:00,24.38,302.79474,1001.5019,5.8977284,38.343803,0.0,0.0
2024-07-10 03:00:00,23.76,304.42975,1000.6333,5.6333423,32.514217,0.0,0.0
2024-07-10 04:00:00,22.96,305.27295,999.53937,4.5976315,28.728268,0.0,0.0
2024-07-10 05:00:00,22.61,305.78812,998.4093,4.0023704,27.000015,0.0,0.0
2024-07-10 06:00:00,22.79,306.03192,997.72577,3.703121,25.946611,0.0,0.0
2024-07-10 07:00:00,22.06,306.534,997.10767,3.8023305,25.504442,0.0,0.0
2024-07-10 08:00:00,21.76,306.23523,997.0661,3.6396182,25.663794,0.0,0.0
2024-07-10 09:00:00,21.41,305.43323,997.56604,3.0101998,26.844793,0.0,0.0
2024-07-10 10:00:00,20.5,303.8783,998.0973,2.7820513,29.495598,0.0,0.0
2024-07-10 11:00:00,20.16,302.49768,998.87646,3.1241,32.062576,0.0,0.0
2024-07-10 12:00:00,19.96,301.27313,999.5159,3.520448,34.506805,0.0,0.0
2024-07-10 13:00:00,20.39,300.3531,999.8091,3.7727427,36.47876,0.0,0.0
2024-07-10 14:00:00,20.62,299.5368,999.8256,3.8019385,38.29811,0.0,0.0
2024-07-10 15:00:00,21.05,298.8532,999.66583,3.641777,39.79794,0.0,0.0
2024-07-10 16:00:00,20.9,298.13858,999.46075,3.4124076,41.361584,0.0,0.0
2024-07-10 17:00:00,20.65,297.5407,999.1104,3.3198872,42.591785,0.0,0.0
2024-07-10 18:00:00,21.01,296.73688,998.9564,3.394465,44.279045,0.0,0.0
2024-07-10 19:00:00,20.17,297.03607,999.13617,3.4998584,43.27145,0.0,0.0
2024-07-10 20:00:00,20.21,296.67184,999.03925,3.4259033,43.567772,0.0,0.0
2024-07-10 21:00:00,20.72,296.18555,999.1964,3.3614833,44.151775,0.0,0.0
2024-07-10 22:00:00,20.77,295.4115,999.8301,3.3524675,45.553837,0.0,0.0
2024-07-10 23:00:00,20.71,295.48438,1000.43085,3.2521672,44.669296,0.0,0.0
2024-07-11 00:00:00,22.11,297.83536,1000.98706,3.5521722,37.922134,0.0,0.0
2024-07-11 01:00:00,22.22,300.51056,1001.14276,3.9892185,31.53865,0.0,0.0
2024-07-11 02:00:00,22.55,302.88455,1000.7286,4.234121,26.586443,0.0,0.0
2024-07-11 03:00:00,22.39,304.4533,999.76764,3.770063,23.150822,0.0,0.0
2024-07-11 04:00:00,22.05,305.03918,998.5734,2.7023435,22.471485,0.0,0.0
2024-07-11 05:00:00,21.33,305.4483,997.2816,2.0469246,21.528063,0.0,0.0
2024-07-11 06:00:00,20.74,305.75662,996.5044,1.9369758,20.668865,0.0,0.0
2024-07-11 07:00:00,20.26,305.8748,995.85767,2.485562,21.07286,0.0,0.0
2024-07-11 08:00:00,19.45,305.68372,995.6894,2.8927333,21.068209,0.0,0.0
2024-07-11 09:00:00,19.06,304.98236,995.8007,2.5270214,21.888514,0.0,0.0
2024-07-11 10:00:00,18.31,303.6644,996.09344,2.1640189,23.870378,0.0,0.0
2024-07-11 11:00:00,18.12,302.38818,996.2802,1.9535306,26.066648,0.0,0.0
2024-07-11 12:00:00,18.29,300.8075,996.5938,1.6986724,29.398302,0.0,0.0
2024-07-11 13:00:00,18.3,299.14102,996.8741,1.498914,34.09194,0.0,0.0
2024-07-11 14:00:00,18.32,298.09424,996.90784,1.3714008,36.036827,0.0,0.0
2024-07-11 15:00:00,18.13,296.74716,996.61633,1.5397643,38.94172,0.0,0.0
2024-07-11 16:00:00,17.85,295.48074,996.5539,1.9782581,41.229115,0.0,0.0
2024-07-11 17:00:00,17.8,294.54395,996.41296,2.25716,42.875984,0.0,0.0
2024-07-11 18:00:00,17.52,293.778,996.1321,2.3280673,44.776733,0.0,0.0
2024-07-11 19:00:00,17.41,292.82043,996.05994,2.475572,47.117504,0.0,0.0
2024-07-11 20:00:00,17.18,292.10132,996.2519,2.834787,49.542767,0.0,0.0
2024-07-11 21:00:00,16.65,291.78387,996.71484,3.8883219,50.014687,0.0,0.0
2024-07-11 22:00:00,16.13,291.7837,997.5733,4.5896487,48.866123,0.0,0.0
2024-07-11 23:00:00,16.2,292.4989,998.22076,4.6786704,46.682823,0.0,0.0
2024-07-12 00:00:00,16.25,294.7935,998.67596,5.28674,41.446606,0.0,0.0
2024-07-12 01:00:00,16.33,297.09296,998.65216,5.436931,37.264984,0.0,0.0
2024-07-12 02:00:00,16.13,299.34998,998.15686,4.932852,33.160614,0.0,0.0
2024-07-12 03:00:00,15.74,301.3899,997.1139,4.453019,29.307287,0.0,0.0
2024-07-12 04:00:00,15.56,302.93512,995.95404,3.9823527,25.94108,0.0,0.0
2024-07-12 05:00:00,15.66,303.89905,994.9946,3.685803,23.807278,0.0,0.0
2024-07-12 06:00:00,16.37,304.3831,994.3789,3.7243052,22.699646,0.0,0.0
2024-07-12 07:00:00,17.01,304.79138,994.0211,4.2914634,20.525759,0.0,0.0
2024-07-12 08:00:00,16.72,304.40692,993.95123,4.4110446,20.50708,0.0,0.0
2024-07-12 09:00:00,16.17,303.41418,994.1463,3.8927531,21.824411,0.0,0.0
2024-07-12 10:00:00,15.54,301.58624,994.48456,3.7309687,24.661612,0.0,0.0
2024-07-12 11:00:00,15.95,300.21484,995.18726,4.0986514,27.029451,0.0,0.0
2024-07-12 12:00:00,16.14,299.00433,995.5224,4.342845,29.144392,0.0,0.0
2024-07-12 13:00:00,16.22,297.92743,995.6911,4.3456,31.160486,0.0,0.0
2024-07-12 14:00:00,16.59,296.8932,995.71094,4.1826754,33.242107,0.0,0.0
2024-07-12 15:00:00,16.58,295.89044,995.6063,3.963989,35.42112,0.0,0.0
2024-07-12 16:00:00,16.67,294.91003,995.7516,3.65754,37.68564,0.0,0.0
2024-07-12 17:00:00,16.91,293.99,995.74615,3.4298112,39.95468,0.0,0.0
2024-07-12 18:00:00,16.88,293.1587,995.8553,3.261142,42.128735,0.0,0.0
2024-07-12 19:00:00,16.76,291.86957,995.99524,3.1561818,44.00275,0.0,0.0
2024-07-12 20:00:00,17.31,291.097,995.9489,2.9223063,45.94319,0.0,0.0
2024-07-12 21:00:00,17.66,290.38257,996.18195,2.6893113,48.19944,0.0,0.0
2024-07-12 22:00:00,17.09,289.6944,996.5422,2.5722377,50.671936,0.0,0.0
2024-07-12 23:00:00,16.72,289.84424,997.51196,2.3286128,50.648354,0.0,0.0
2024-07-13 00:00:00,18.37,292.63913,997.8979,2.7237208,42.501736,0.0,0.0
2024-07-13 01:00:00,18.88,295.49445,998.1203,2.9519699,35.712578,0.0,0.0
2024-07-13 02:00:00,18.79,298.2033,997.6903,2.7526124,30.290552,0.0,0.0
2024-07-13 03:00:00,18.43,300.51178,996.5725,2.4540462,25.906893,0.0,0.0
2024-07-13 04:00:00,18.29,302.0038,995.18384,1.7465552,22.722538,0.0,0.0
2024-07-13 05:00:00,17.77,302.9112,994.0103,0.9322026,20.729074,0.0,0.0
2024-07-13 06:00:00,17.36,303.4171,993.3251,0.54132825,19.606787,0.0,0.0
2024-07-13 07:00:00,17.7,304.01404,993.168,1.3433907,20.180262,0.0,0.0
2024-07-13 08:00:00,17.82,303.8546,993.2212,1.7302426,20.15749,0.0,0.0
2024-07-13 09:00:00,18.49,303.26154,993.85986,2.18962,21.072084,0.0,0.0
2024-07-13 10:00:00,19.08,301.73218,994.5555,2.875001,23.617073,0.0,0.0
2024-07-13 11:00:00,19.64,300.41193,995.3599,3.3185303,25.984808,0.0,0.0
2024-07-13 12:00:00,19.85,299.2478,996.0251,3.6336007,28.070599,0.0,0.0
2024-07-13 13:00:00,19.35,298.20776,996.11096,3.8002539,29.873796,0.0,0.0
2024-07-13 14:00:00,18.94,297.24847,996.3438,3.7508686,31.476015,0.0,0.0
2024-07-13 15:00:00,19.09,296.26727,995.988,3.5478995,33.16482,0.0,0.0
2024-07-13 16:00:00,19.17,295.36526,995.8605,3.3069122,34.836445,0.0,0.0
2024-07-13 17:00:00,19.13,294.46753,995.8098,2.906567,36.756687,0.0,0.0
2024-07-13 18:00:00,19.01,293.5249,995.8435,2.5316784,39.23953,0.0,0.0
2024-07-13 19:00:00,19.13,292.2685,995.9939,2.5427005,41.718147,0.0,0.0
2024-07-13 20:00:00,19.37,291.237,996.14545,2.1513054,45.084248,0.0,0.0
2024-07-13 21:00:00,19.36,290.2575,996.1523,1.6728804,49.27941,0.0,0.0
2024-07-13 22:00:00,18.9,289.58777,996.65045,1.2376144,53.040855,0.0,0.0
2024-07-13 23:00:00,18.7,289.98877,997.4447,0.8109919,51.93192,0.0,0.0
2024-07-14 00:00:00,18.77,292.9414,998.02673,0.95630056,41.54322,0.0,0.0
2024-07-14 01:00:00,18.55,296.40958,998.361,1.4251214,33.14183,0.0,0.0
2024-07-14 02:00:00,18.24,299.74182,997.72516,1.8452531,26.975468,0.0,0.0
2024-07-14 03:00:00,18.16,302.4091,996.66,2.0446951,22.949812,0.0,0.0
2024-07-14 04:00:00,17.92,303.92523,995.2996,1.9154643,20.196224,0.0,0.0
2024-07-14 05:00:00,17.6,304.66248,994.18365,1.7308398,19.01208,0.0,0.0
2024-07-14 06:00:00,17.46,305.1441,993.6259,2.006053,18.211071,0.0,0.0
2024-07-14 07:00:00,17.42,305.84207,993.14984,2.474084,17.73915,0.0,0.0
2024-07-14 08:00:00,17.68,305.58057,993.1678,2.8060555,17.797583,0.0,0.0
2024-07-14 09:00:00,17.92,304.7071,993.807,2.862166,18.718506,0.0,0.0
2024-07-14 10:00:00,17.82,302.84088,994.2699,3.418826,20.88214,0.0,0.0
2024-07-14 11:00:00,17.96,301.3593,994.86945,3.6463625,22.504572,0.0,0.0
2024-07-14 12:00:00,18.0,300.02914,995.0547,3.4943833,23.993357,0.0,0.0
2024-07-14 13:00:00,17.26,298.7895,995.4164,3.3975282,25.615582,0.0,0.0
2024-07-14 14:00:00,16.9,297.6505,995.3123,3.5386775,27.406021,0.0,0.0
2024-07-14 15:00:00,16.7,296.6994,995.1727,3.6082935,29.342619,0.0,0.0
2024-07-14 16:00:00,16.53,295.83154,994.985,3.4828093,31.52416,0.0,0.0
2024-07-14 17:00:00,16.58,295.00452,994.9431,3.1689742,33.80872,0.0,0.0
2024-07-14 18:00:00,16.48,294.09155,995.146,2.736858,36.51393,0.0,0.0
2024-07-14 19:00:00,16.72,292.779,995.10706,2.491806,39.828945,0.0,0.0
2024-07-14 20:00:00,17.63,291.70178,995.3878,2.0343363,43.599766,0.0,0.0
2024-07-14 21:00:00,17.96,290.75366,995.4754,1.5760418,47.71048,0.0,0.0
2024-07-14 22:00:00,17.85,290.29868,995.95374,1.227927,49.644104,0.0,0.0
2024-07-14 23:00:00,18.12,290.06046,996.5831,1.364893,51.638676,0.0,0.0
2024-07-15 00:00:00,18.53,293.38516,997.0375,0.926591,40.208107,0.0,0.0
2024-07-15 01:00:00,18.73,296.37604,997.608,0.19830266,33.279564,0.0,0.0
2024-07-15 02:00:00,18.67,299.14905,997.0756,0.5873648,27.953983,0.0,0.0
2024-07-15 03:00:00,19.37,301.63815,996.1778,1.2666376,24.103447,0.0,0.0
2024-07-15 04:00:00,20.36,303.41006,995.1761,1.7742766,21.426723,0.0,0.0
2024-07-15 05:00:00,21.32,304.42578,994.20166,2.7610233,19.720516,0.0,0.0
2024-07-15 06:00:00,21.97,304.99182,993.73065,3.7165365,18.662888,0.0,0.0
2024-07-15 07:00:00,21.81,305.29282,993.4241,4.372964,19.195992,0.0,0.0
2024-07-15 08:00:00,22.04,304.88507,993.5711,4.6538706,20.062296,0.0,0.0
2024-07-15 09:00:00,22.13,303.94772,994.2366,4.0129523,21.627756,0.0,0.0
2024-07-15 10:00:00,21.74,302.30487,994.8123,3.5161417,24.152882,0.0,0.0
2024-07-15 11:00:00,21.65,301.0713,995.6214,3.9406164,26.21274,0.0,0.0
2024-07-15 12:00:00,21.66,300.00452,996.2939,4.4693723,28.009834,0.0,0.0
2024-07-15 13:00:00,21.2,299.07538,997.067,4.9007916,29.556501,0.0,0.0
2024-07-15 14:00:00,20.47,298.2077,997.33716,5.137901,30.93122,0.0,0.0
2024-07-15 15:00:00,19.42,297.34668,997.6139,5.1984844,32.3307,0.0,0.0
2024-07-15 16:00:00,18.27,296.42694,997.5639,5.028597,34.09584,0.0,0.0
2024-07-15 17:00:00,17.78,295.59494,997.58704,5.1013026,36.07378,0.0,0.0
2024-07-15 18:00:00,17.56,294.95255,997.52185,5.4499097,38.17565,0.0,0.0
2024-07-15 19:00:00,17.25,293.55402,997.90686,4.68955,43.863113,0.0,0.0
2024-07-15 20:00:00,16.97,292.98257,998.1644,4.764501,46.17561,0.0,0.0
2024-07-15 21:00:00,16.44,292.57025,998.334,4.882969,46.841377,0.0,0.0
2024-07-15 22:00:00,15.91,292.26788,999.0335,5.0793557,45.970985,0.0,0.0
2024-07-15 23:00:00,15.67,292.74435,999.97845,5.3101387,42.32921,0.0,0.0
2024-07-16 00:00:00,16.3,294.8473,1000.7074,6.228616,34.600582,0.0,0.0
2024-07-16 01:00:00,16.48,297.31146,1001.2414,7.3591347,27.738163,0.0,0.0
2024-07-16 02:00:00,16.6,299.6514,1000.7664,7.747489,23.183853,0.0,0.0
2024-07-16 03:00:00,16.47,301.44443,999.9825,7.6977983,21.283312,0.0,0.0
2024-07-16 04:00:00,16.29,302.59573,998.59985,7.2291903,20.708904,0.0,0.0
2024-07-16 05:00:00,15.89,303.27087,997.59143,6.6548676,20.498224,0.0,0.0
2024-07-16 06:00:00,15.91,303.6004,997.00464,6.178093,20.25725,0.0,0.0
2024-07-16 07:00:00,15.81,303.6959,996.8152,5.780477,20.349352,0.0,0.0
2024-07-16 08:00:00,15.71,303.2657,997.15173,5.8333216,20.72641,0.0,0.0
2024-07-16 09:00:00,15.46,302.2329,997.83795,5.219624,22.295376,0.0,0.0
2024-07-16 10:00:00,15.12,300.552,998.6301,5.2010036,25.150955,0.0,0.0
2024-07-16 11:00:00,15.03,299.35974,999.2067,5.7018695,27.376192,0.0,0.0
2024-07-16 12:00:00,14.42,298.37958,999.6431,6.112348,29.20191,0.0,0.0
2024-07-16 13:00:00,13.99,297.4516,1000.0069,6.369062,30.542242,0.0,0.0
2024-07-16 14:00:00,13.98,296.51044,1000.1039,6.509313,31.294641,0.0,0.0
2024-07-16 15:00:00,13.68,295.5865,1000.2564,6.587124,31.522673,0.0,0.0
2024-07-16 16:00:00,13.25,294.69925,1000.4557,6.731289,31.374342,0.0,0.0
2024-07-16 17:00:00,13.03,293.86935,1000.4339,6.7220144,30.833975,0.0,0.0
2024-07-16 18:00:00,12.21,293.10565,1000.42773,6.5653133,30.469137,0.0,0.0
2024-07-16 19:00:00,11.62,292.14377,1000.51624,6.016512,32.23285,0.0,0.0
2024-07-16 20:00:00,11.69,291.4556,1000.6858,5.7903056,33.030956,0.0,0.0
2024-07-16 21:00:00,11.48,290.84537,1001.4405,5.5875363,33.96276,0.0,0.0
2024-07-16 22:00:00,10.96,290.28442,1002.378,5.4359603,34.894447,0.0,0.0
2024-07-16 23:00:00,10.52,290.45837,1003.5426,5.02517,34.23645,0.0,0.0
2024-07-17 00:00:00,9.27,292.1127,1004.2832,6.2759824,30.00858,0.0,0.0
2024-07-17 01:00:00,8.62,294.21063,1004.40393,7.2256107,25.299055,0.0,0.0
2024-07-17 02:00:00,8.4,296.37225,1003.66516,7.5396395,20.90295,0.0,0.0
2024-07-17 03:00:00,7.73,298.1846,1002.57916,7.25631,17.59792,0.0,0.0
2024-07-17 04:00:00,6.82,299.568,1001.2319,6.5482726,15.025464,0.0,0.0
2024-07-17 05:00:00,6.24,300.53357,999.9405,5.93888,12.973703,0.0,0.0
2024-07-17 06:00:00,5.73,301.10248,999.2225,5.555939,11.41824,0.0,0.0
2024-07-17 07:00:00,5.48,301.45276,998.84015,5.352079,11.130456,0.0,0.0
2024-07-17 08:00:00,5.32,301.11566,999.1805,5.3609676,10.883644,0.0,0.0
2024-07-17 09:00:00,5.24,299.9997,999.6811,4.555882,11.822655,0.0,0.0
2024-07-17 10:00:00,4.73,298.02393,1000.4378,4.2710333,13.915489,0.0,0.0
2024-07-17 11:00:00,5.01,296.5567,1001.10815,4.658758,16.116446,0.0,0.0
2024-07-17 12:00:00,5.05,295.35052,1001.7092,5.0228915,18.45311,0.0,0.0
2024-07-17 13:00:00,4.87,294.29947,1002.2601,5.174202,20.648525,0.0,0.0
2024-07-17 14:00:00,4.97,293.30127,1002.55133,5.1608586,22.495674,0.0,0.0
2024-07-17 15:00:00,5.08,292.29492,1002.65607,5.023789,24.186127,0.0,0.0
2024-07-17 16:00:00,4.96,291.31854,1002.51904,4.8477297,25.679976,0.0,0.0
2024-07-17 17:00:00,5.12,290.40314,1002.42737,4.610746,27.0877,0.0,0.0
2024-07-17 18:00:00,4.73,289.54425,1002.30475,4.383881,28.51749,0.0,0.0
2024-07-17 19:00:00,4.3,288.18634,1002.1414,4.265785,31.533314,0.0,0.0
2024-07-17 20:00:00,4.46,287.37463,1002.23126,4.1254315,33.838497,0.0,0.0
2024-07-17 21:00:00,4.65,286.76218,1002.6477,3.9790776,35.767616,0.0,0.0
2024-07-17 22:00:00,4.47,286.26157,1003.2631,3.9290075,37.36085,0.0,0.0
2024-07-17 23:00:00,4.73,286.72815,1004.0375,3.649265,36.53071,0.0,0.0
2024-07-18 00:00:00,5.06,289.7115,1004.65686,4.472218,29.712486,0.0,0.0
2024-07-18 01:00:00,5.23,292.5879,1005.21423,5.452653,24.412827,0.0,0.0
2024-07-18 02:00:00,5.36,294.7215,1004.5734,6.4606357,20.428162,0.0,0.0
2024-07-18 03:00:00,5.05,296.46722,1003.8933,6.0618935,17.299608,0.0,0.0
2024-07-18 04:00:00,4.7,297.9262,1002.4589,5.5473437,14.974581,0.0,0.0
2024-07-18 05:00:00,4.42,299.08813,1001.2436,5.0614796,13.219917,0.0,0.0
2024-07-18 06:00:00,4.48,299.83673,1000.23444,4.530147,12.136445,0.0,0.0
2024-07-18 07:00:00,4.57,300.47916,999.58374,4.235714,11.455885,0.0,0.0
2024-07-18 08:00:00,4.43,300.35437,999.4355,3.6891873,11.262385,0.0,0.0
2024-07-18 09:00:00,4.36,299.45853,999.7375,2.4783218,12.021327,0.0,0.0
2024-07-18 10:00:00,4.21,297.83063,1000.19904,2.6477308,14.019773,0.0,0.0
2024-07-18 11:00:00,4.63,295.85745,1000.8257,3.122452,16.778143,0.0,0.0
2024-07-18 12:00:00,4.78,294.17032,1001.14404,3.5668635,19.208555,0.0,0.0
2024-07-18 13:00:00,4.82,292.85242,1001.8203,3.9936082,21.09186,0.0,0.0
2024-07-18 14:00:00,4.95,291.7444,1001.8861,4.1576242,22.509605,0.0,0.0
2024-07-18 15:00:00,4.89,290.8196,1001.8014,4.160965,23.464046,0.0,0.0
2024-07-18 16:00:00,4.97,289.98383,1001.59625,4.0611587,24.168673,0.0,0.0
2024-07-18 17:00:00,4.83,289.20648,1001.3144,3.8750975,25.016617,0.0,0.0
2024-07-18 18:00:00,4.48,288.47742,1001.3211,3.712609,26.064756,0.0,0.0
2024-07-18 19:00:00,4.38,287.1509,1001.40564,3.6289995,30.390903,0.0,0.0
2024-07-18 20:00:00,4.73,286.37772,1001.70844,3.3256407,31.878597,0.0,0.0
2024-07-18 21:00:00,4.97,285.6687,1001.9383,3.0127718,33.51424,0.0,0.0
2024-07-18 22:00:00,4.79,284.98334,1002.92694,2.6896,35.480396,0.0,0.0
2024-07-18 23:00:00,4.85,285.17285,1003.77203,2.3622794,35.69841,0.0,0.0
2024-07-19 00:00:00,4.9,288.98676,1004.20483,2.7094197,27.259275,0.0,0.0
2024-07-19 01:00:00,4.99,292.89774,1004.25616,3.391177,20.865803,0.0,0.0
2024-07-19 02:00:00,5.09,295.82642,1003.83966,3.7877052,17.070536,0.0,0.0
2024-07-19 03:00:00,5.17,297.6732,1002.7443,2.958642,14.729421,0.0,0.0
2024-07-19 04:00:00,5.17,298.83032,1001.8666,2.0199199,13.470992,0.0,0.0
2024-07-19 05:00:00,5.03,299.7174,1000.5639,2.1261766,12.497811,0.0,0.0
2024-07-19 06:00:00,4.98,300.35968,999.6772,2.567718,11.717172,0.0,0.0
2024-07-19 07:00:00,4.65,301.02704,999.1158,3.077374,11.070957,0.0,0.0
2024-07-19 08:00:00,4.59,300.8379,998.85706,3.564883,11.086724,0.0,0.0
2024-07-19 09:00:00,4.21,299.91818,999.20685,3.1904736,11.9912195,0.0,0.0
2024-07-19 10:00:00,3.57,298.0276,999.5796,3.1112657,14.074895,0.0,0.0
2024-07-19 11:00:00,3.63,296.42398,1000.0694,3.2016122,16.188286,0.0,0.0
2024-07-19 12:00:00,3.77,294.91205,1000.03076,3.210393,18.416548,0.0,0.0
2024-07-19 13:00:00,3.89,293.54608,1000.5316,3.2028244,20.69644,0.0,0.0
2024-07-19 14:00:00,4.25,292.23114,1000.4504,3.1723475,23.130936,0.0,0.0
2024-07-19 15:00:00,4.51,291.03357,1000.60657,3.2649016,25.47851,0.0,0.0
2024-07-19 16:00:00,4.41,289.9979,1000.73206,3.5097375,27.334272,0.0,0.0
2024-07-19 17:00:00,4.71,289.17175,1000.67065,3.6960392,28.782314,0.0,0.0
2024-07-19 18:00:00,4.42,288.4513,1000.6011,3.659661,29.962826,0.0,0.0
2024-07-19 19:00:00,4.47,287.34998,1000.65045,3.66283,34.648438,0.0,0.0
2024-07-19 20:00:00,4.32,286.56415,1000.3258,3.6004684,36.150124,0.0,0.0
2024-07-19 21:00:00,4.06,286.01038,1000.6959,3.5292265,36.94039,0.0,0.0
2024-07-19 22:00:00,4.13,285.6001,1001.21124,3.4324353,37.40916,0.0,0.0
2024-07-19 23:00:00,4.39,286.1693,1002.1983,3.2002077,35.751698,0.0,0.0
2024-07-20 00:00:00,4.64,289.8515,1002.7294,3.3372045,27.548912,0.0021398065,0.0
2024-07-20 01:00:00,4.9,293.8248,1003.3314,3.8204136,20.764284,0.0,0.0
2024-07-20 02:00:00,4.75,297.03287,1003.3195,4.1708264,16.806961,0.0,0.0
2024-07-20 03:00:00,4.72,299.1509,1002.52924,4.9036236,14.119484,0.0,0.0
2024-07-20 04:00:00,4.58,300.51254,1001.2902,5.02465,12.376965,0.0,0.0
2024-07-20 05:00:00,4.34,301.5086,1000.18744,4.8896585,11.193427,0.0,0.0
2024-07-20 06:00:00,4.18,302.15906,999.3247,4.6932316,10.431288,0.0,0.0
2024-07-20 07:00:00,3.95,302.6057,998.9597,4.530946,9.770741,0.0,0.0
2024-07-20 08:00:00,4.25,302.39847,999.0567,4.2902503,9.796027,0.0,0.0
2024-07-20 09:00:00,4.47,301.30157,999.7064,3.2350495,10.691434,0.0,0.0
2024-07-20 10:00:00,4.54,299.23395,1000.35175,3.2149699,12.517309,0.0,0.0
2024-07-20 11:00:00,4.61,297.40738,1000.77423,3.4621367,14.420313,0.0,0.0
2024-07-20 12:00:00,4.77,295.8429,1001.08167,3.5426002,16.206852,0.0,0.0
2024-07-20 13:00:00,5.07,294.4344,1001.40125,3.3902209,17.983746,0.0,0.0
2024-07-20 14:00:00,5.17,293.0358,1001.6058,3.271199,20.014864,0.0,0.0
2024-07-20 15:00:00,5.51,291.76276,1001.7264,3.4582534,22.253592,0.0,0.0
2024-07-20 16:00:00,5.72,290.8802,1001.8212,3.8972263,24.396162,0.0,0.0
2024-07-20 17:00:00,5.98,290.25708,1001.7381,4.129852,26.44257,0.0,0.0
2024-07-20 18:00:00,5.71,289.66803,1001.47015,4.213052,28.215101,0.0,0.0
2024-07-20 19:00:00,5.67,288.84656,1001.3044,4.250422,32.77423,0.0,0.0
2024-07-20 20:00:00,5.72,288.03235,1001.4289,4.1559677,34.13677,0.0,0.0
2024-07-20 21:00:00,5.83,287.3213,1001.94617,4.08548,34.649887,0.0,0.0
2024-07-20 22:00:00,5.91,286.75476,1002.7063,4.152226,34.502964,0.0,0.0
2024-07-20 23:00:00,5.91,287.27142,1003.39026,4.02621,32.126614,0.0,0.0
2024-07-21 00:00:00,5.83,290.42972,1004.24646,4.602687,25.622723,0.0,0.0
2024-07-21 01:00:00,5.95,294.1014,1004.3684,5.4691615,20.84308,0.0,0.0
2024-07-21 02:00:00,6.03,297.42926,1003.8,6.193036,17.863127,0.0,0.0
2024-07-21 03:00:00,6.17,299.88144,1002.53326,6.8420815,15.652905,0.0,0.0
2024-07-21 04:00:00,6.24,301.21326,1001.07104,6.582178,13.558555,0.0,0.0
2024-07-21 05:00:00,5.98,302.0731,999.7514,5.9962835,12.115231,0.0,0.0
2024-07-21 06:00:00,6.17,302.5927,998.8477,5.4908147,11.155013,0.0,0.0
2024-07-21 07:00:00,6.21,302.76288,998.5511,5.090526,10.396061,0.0,0.0
2024-07-21 08:00:00,6.69,302.4549,998.8942,4.894151,10.462848,0.0,0.0
2024-07-21 09:00:00,6.85,301.2519,999.2952,3.9706385,11.468124,0.0,0.0
2024-07-21 10:00:00,6.74,299.035,1000.2875,3.960195,13.615931,0.0,0.0
2024-07-21 11:00:00,7.16,297.48853,1000.9439,4.3521013,15.638486,0.0,0.0
2024-07-21 12:00:00,7.52,296.2539,1001.6342,4.576797,17.524675,0.0,0.0
2024-07-21 13:00:00,7.7,295.1422,1002.1855,4.5592866,19.217876,0.0,0.0
2024-07-21 14:00:00,7.7,294.05536,1002.2436,4.4743752,20.78626,0.0,0.0
2024-07-21 15:00:00,7.7,293.03314,1002.5559,4.271616,22.260544,0.0,0.0
2024-07-21 16:00:00,7.71,292.0145,1002.33295,4.1370125,23.736147,0.0,0.0
2024-07-21 17:00:00,7.21,291.05856,1002.1683,4.130261,25.155285,0.0,0.0
2024-07-21 18:00:00,7.02,290.21613,1001.9553,4.4118776,26.502293,0.0,0.0
2024-07-21 19:00:00,6.7,289.3072,1002.1601,4.3731565,29.530561,0.0,0.0
2024-07-21 20:00:00,6.68,288.67004,1002.1428,4.4166546,30.919722,0.0,0.0
2024-07-21 21:00:00,6.46,288.1117,1002.4207,4.3867397,32.136654,0.0,0.0
2024-07-21 22:00:00,5.7,287.56818,1002.90674,4.291368,33.10358,0.0,0.0
2024-07-21 23:00:00,5.46,287.96332,1003.57935,4.1337037,31.902908,0.0,0.0
2024-07-22 00:00:00,6.0,290.79755,1003.997,4.9292045,26.040035,0.0025808811,0.0
2024-07-22 01:00:00,6.28,293.87408,1004.23126,6.079419,21.439957,0.0,0.0
2024-07-22 02:00:00,6.44,296.58997,1003.96094,6.7171764,18.55843,0.0,0.0
2024-07-22 03:00:00,6.38,298.66663,1002.89734,7.113869,16.12697,0.0,0.0
2024-07-22 04:00:00,6.32,300.12,1001.608,6.6180253,13.783542,0.0,0.0
2024-07-22 05:00:00,5.89,301.1659,1000.26843,6.019333,12.075726,0.0,0.0
2024-07-22 06:00:00,5.68,301.82556,999.35486,5.5368333,10.918819,0.0,0.0
2024-07-22 07:00:00,5.53,302.24158,998.6472,5.410001,10.932104,0.0,0.0
2024-07-22 08:00:00,5.54,302.0337,998.9531,5.1388593,10.698589,0.0,0.0
2024-07-22 09:00:00,5.3,300.92612,999.3511,3.9130192,11.381754,0.0,0.0
2024-07-22 10:00:00,5.32,298.7625,999.7955,3.687801,13.113006,0.0,0.0
2024-07-22 11:00:00,5.95,297.12454,1000.1969,3.9979117,14.765292,0.0,0.0
2024-07-22 12:00:00,6.13,295.80984,1000.5845,4.3215685,16.28918,0.0,0.0
2024-07-22 13:00:00,6.63,294.68414,1000.4913,4.487781,17.61659,0.0,0.0
2024-07-22 14:00:00,7.07,293.71094,1000.6817,4.537384,18.684137,0.0,0.0
2024-07-22 15:00:00,7.32,292.7675,1000.4604,4.4142084,19.711637,0.0,0.0
2024-07-22 16:00:00,7.49,291.87524,1000.54376,4.4033546,20.785515,0.0,0.0
2024-07-22 17:00:00,7.29,291.08276,1000.3128,4.517773,21.898438,0.0,0.0
2024-07-22 18:00:00,6.69,290.42615,1000.16705,4.638868,23.137526,0.0,0.0
2024-07-22 19:00:00,6.63,289.32257,1000.35065,4.893662,25.955168,0.0,0.0
2024-07-22 20:00:00,6.9,288.7554,1000.50995,4.8338623,27.715597,0.0,0.0
2024-07-22 21:00:00,6.84,288.27496,1000.7692,4.7429338,29.383055,0.0,0.0
2024-07-22 22:00:00,6.8,287.87173,1001.4319,4.6643543,30.870363,0.0,0.0
2024-07-22 23:00:00,6.9,288.448,1001.84094,4.569604,30.47799,0.0,0.0
2024-07-23 00:00:00,6.43,291.46982,1002.1261,5.144237,25.77049,0.0,0.0
2024-07-23 01:00:00,6.52,294.80096,1002.0304,5.8318763,21.413486,0.0,0.0
2024-07-23 02:00:00,6.84,297.63742,1001.41846,5.994883,18.04921,0.0,0.0
2024-07-23 03:00:00,6.83,299.53046,1000.5458,5.2678103,15.165631,0.0,0.0
2024-07-23 04:00:00,6.74,300.68243,998.98517,3.9573617,13.131446,0.0,0.0
2024-07-23 05:00:00,6.22,301.45636,997.62976,2.9303503,11.695321,0.0,0.0
2024-07-23 06:00:00,6.12,301.9184,996.7586,2.1542537,10.840956,0.0,0.0
2024-07-23 07:00:00,6.09,302.32138,996.1477,1.6042192,11.384831,0.0,0.0
2024-07-23 08:00:00,6.53,302.14642,996.2297,1.243771,11.341652,0.0,0.0
2024-07-23 09:00:00,6.74,301.62073,996.41516,0.55931216,11.736967,0.0,0.0
2024-07-23 10:00:00,6.26,300.49545,996.572,0.9856961,12.829988,0.0,0.0
2024-07-23 11:00:00,6.15,298.61383,996.7812,2.2012694,14.899072,0.0,0.0
2024-07-23 12:00:00,6.0,296.74042,996.8692,2.9699883,16.86762,0.0,0.0
2024-07-23 13:00:00,6.28,295.20294,996.89484,3.1202223,18.814358,0.0,0.0
2024-07-23 14:00:00,6.44,293.80157,996.96576,2.8824944,20.972494,0.0,0.0
2024-07-23 15:00:00,6.52,292.36383,996.66064,2.6553204,23.650719,0.0,0.0
2024-07-23 16:00:00,6.74,291.14465,996.85876,2.7450058,25.932371,0.0,0.0
2024-07-23 17:00:00,7.2,290.01794,996.8052,2.4358478,28.478695,0.0,0.0
2024-07-23 18:00:00,7.14,289.1618,996.66187,1.9156992,30.902636,0.0,0.0
2024-07-23 19:00:00,7.6,287.51556,996.82153,2.0502748,32.595615,0.0,0.0
2024-07-23 20:00:00,7.94,286.4942,996.72705,1.862541,36.650036,0.0,0.0
2024-07-23 21:00:00,7.84,285.89606,997.0426,1.848367,41.5918,0.0,0.0
2024-07-23 22:00:00,7.73,285.60016,997.4833,1.8827344,46.333958,0.0,0.0
2024-07-23 23:00:00,7.87,286.20508,998.32263,2.2564025,47.65599,0.0,0.0
2024-07-24 00:00:00,8.37,290.6454,998.7344,2.2833533,39.88561,0.0,0.0
2024-07-24 01:00:00,8.94,294.4264,999.0466,2.6460667,35.284718,0.0,0.0
2024-07-24 02:00:00,9.7,297.11087,998.7536,3.0626051,28.355349,0.0,0.0
2024-07-24 03:00:00,10.1,299.10767,997.66736,3.439473,24.326403,0.0,0.0
2024-07-24 04:00:00,9.89,300.34363,996.6351,3.1940792,22.893534,0.0,0.0
2024-07-24 05:00:00,10.16,301.06708,995.4208,2.7925045,21.96588,0.0,0.0
2024-07-24 06:00:00,10.35,301.4982,994.71594,2.5763369,21.741934,0.0,0.0
2024-07-24 07:00:00,10.99,302.11646,993.97595,1.7352846,18.13363,0.0,0.0
2024-07-24 08:00:00,11.6,301.90454,994.07263,1.6657083,18.580805,0.0,0.0
2024-07-24 09:00:00,12.02,301.32166,994.29706,1.3724495,19.61417,0.0,0.0
2024-07-24 10:00:00,12.35,300.28275,994.8061,1.2141805,21.29165,0.0,0.0
2024-07-24 11:00:00,12.88,298.9324,995.09515,1.462298,24.034311,0.0,0.0
2024-07-24 12:00:00,13.37,297.28497,995.4302,2.0317676,26.673443,0.0,0.0
2024-07-24 13:00:00,14.02,295.94473,995.5748,2.4274578,28.73203,0.0,0.0
2024-07-24 14:00:00,14.74,294.7151,995.687,2.4723887,31.169065,0.0,0.0
2024-07-24 15:00:00,15.46,293.60342,995.7184,2.3245118,33.925083,0.0,0.0
2024-07-24 16:00:00,16.47,292.87195,995.78467,1.9893521,35.91285,0.0,0.0
2024-07-24 17:00:00,17.6,293.77155,995.64264,1.1829002,33.283344,0.0,0.0
2024-07-24 18:00:00,18.03,292.08182,995.53156,1.5639023,38.05799,0.0,0.0
2024-07-24 19:00:00,18.38,290.20355,995.7584,3.0735815,50.83563,0.0,0.0
2024-07-24 20:00:00,18.86,289.2138,995.77594,2.352289,58.357887,0.0,0.0
2024-07-24 21:00:00,18.86,288.4714,996.108,2.0233722,64.18845,0.0,0.0
2024-07-24 22:00:00,18.99,287.93848,996.47815,2.1759915,68.02979,0.0,0.0
2024-07-24 23:00:00,19.1,288.16095,997.2011,1.4204727,69.308556,0.0,0.0
2024-07-25 00:00:00,20.34,291.89597,997.6448,0.43176404,54.949783,0.0,0.0
2024-07-25 01:00:00,20.47,294.5794,998.0034,0.77231514,43.945293,0.0,0.0
2024-07-25 02:00:00,19.96,297.1421,997.7541,1.9293295,34.128006,0.0,0.0
2024-07-25 03:00:00,19.67,299.4627,996.7953,2.4884684,27.504766,0.0,0.0
2024-07-25 04:00:00,19.59,301.05255,995.7869,2.2064183,24.211803,0.0,0.0
2024-07-25 05:00:00,19.18,301.94867,994.66156,1.6572,22.317465,0.0,0.0
2024-07-25 06:00:00,18.93,302.46454,994.0073,1.1693648,21.067053,0.0,0.0
2024-07-25 07:00:00,19.22,302.7619,993.8133,0.66538495,21.058235,0.0,0.0
2024-07-25 08:00:00,19.94,302.65015,993.79224,1.0665545,20.94265,0.0,0.0
2024-07-25 09:00:00,20.41,302.25116,994.54236,1.4995362,21.37576,0.0,0.0
2024-07-25 10:00:00,20.71,300.97778,994.992,2.4349868,23.367945,0.0,0.0
2024-07-25 11:00:00,21.18,299.50098,995.52344,3.1133747,25.611332,0.0,0.0
2024-07-25 12:00:00,21.75,298.2785,995.99133,3.7453318,27.437588,0.0,0.0
2024-07-25 13:00:00,21.75,297.24933,996.45935,4.3172803,29.219425,0.0,0.0
2024-07-25 14:00:00,21.8,296.3379,996.7889,4.720283,31.518879,0.0,0.0
2024-07-25 15:00:00,21.88,295.47043,997.0028,4.838838,34.519352,0.0,0.0
2024-07-25 16:00:00,22.12,294.6811,997.0003,4.6691628,37.566628,0.0,0.0
2024-07-25 17:00:00,22.3,293.9193,997.1025,4.3614893,40.246315,0.0,0.0
2024-07-25 18:00:00,22.25,293.17374,996.90607,4.0447106,42.413677,0.0,0.0
2024-07-25 19:00:00,22.5,292.22284,997.60376,3.8737888,47.057064,0.0,0.0
2024-07-25 20:00:00,22.78,291.52075,997.30865,3.4743116,48.74966,0.0,0.0
2024-07-25 21:00:00,22.34,290.9048,997.6646,3.137954,50.354015,0.0,0.0
2024-07-25 22:00:00,22.14,290.27277,998.0904,2.913651,52.11987,0.0,0.0
2024-07-25 23:00:00,22.13,290.5378,998.66296,2.5732167,51.07371,0.0,0.0
2024-07-26 00:00:00,21.78,293.17795,999.1747,3.277917,42.40974,0.0017106533,0.0
2024-07-26 01:00:00,21.4,295.8534,999.4924,3.9908438,35.215347,0.0,0.0
2024-07-26 02:00:00,21.18,298.56232,999.1622,4.2474275,29.219202,0.0,0.0
2024-07-26 03:00:00,21.09,300.94788,998.16565,4.4327145,24.441317,0.0,0.0
2024-07-26 04:00:00,20.89,302.5257,997.2011,4.0469365,21.553658,0.0,0.0
2024-07-26 05:00:00,20.6,303.4026,996.00806,3.4263797,19.991325,0.0,0.0
2024-07-26 06:00:00,20.52,303.88715,995.4387,2.9710517,19.23488,0.0,0.0
2024-07-26 07:00:00,20.38,304.1463,995.13794,2.089985,19.31383,0.0,0.0
2024-07-26 08:00:00,20.41,304.0477,995.72766,2.8801575,19.60446,0.0,0.0
2024-07-26 09:00:00,20.36,303.31082,996.285,3.474186,20.899923,0.0,0.0
2024-07-26 10:00:00,19.95,301.53723,996.7711,4.0574822,23.874147,0.0,0.0
2024-07-26 11:00:00,19.72,300.17242,997.45087,5.015285,26.25565,0.0,0.0
2024-07-26 12:00:00,19.75,299.051,998.1156,5.8557577,27.593681,0.0,0.0
2024-07-26 13:00:00,19.52,298.05164,998.48315,6.47709,27.744452,0.0,0.0
2024-07-26 14:00:00,19.29,297.07355,998.7914,6.923891,27.200878,0.0,0.0
2024-07-26 15:00:00,18.81,296.09155,999.0486,6.851454,26.031157,0.0,0.0
2024-07-26 16:00:00,18.88,295.1978,999.41565,6.358096,24.646116,0.0,0.0
2024-07-26 17:00:00,19.01,294.42792,999.66406,5.7480593,23.53189,0.0,0.0
2024-07-26 18:00:00,18.88,293.71594,999.7101,5.195812,22.78181,0.0,0.0
2024-07-26 19:00:00,18.78,292.8344,999.9478,4.756388,23.773169,0.0,0.0
2024-07-26 20:00:00,18.8,292.17065,1000.03125,4.349553,23.634287,0.0,0.0
2024-07-26 21:00:00,18.45,291.54114,1000.51135,3.9732566,23.67947,0.0,0.0
2024-07-26 22:00:00,17.84,290.93903,1001.08014,3.8194277,23.960478,0.0,0.0
2024-07-26 23:00:00,17.7,291.31128,1002.1178,3.6781766,23.12774,0.0,0.0
2024-07-27 00:00:00,17.79,293.57257,1002.5694,4.96999,20.010696,0.0,0.0
2024-07-27 01:00:00,17.63,295.92,1002.8756,6.1980343,18.319002,0.0,0.0
2024-07-27 02:00:00,17.39,298.28503,1002.1334,6.63071,16.784182,0.0,0.0
2024-07-27 03:00:00,17.31,300.39243,1001.12195,6.9507933,15.657757,0.0,0.0
2024-07-27 04:00:00,17.18,301.91214,999.5225,6.842015,15.6224575,0.0,0.0
2024-07-27 05:00:00,16.86,302.94513,998.43756,6.3368464,15.980389,0.0,0.0
2024-07-27 06:00:00,16.74,303.47546,997.55347,5.8141026,16.46066,0.0,0.0
2024-07-27 07:00:00,17.2,303.41742,997.4308,5.030331,16.95691,0.0,0.0
2024-07-27 08:00:00,17.93,303.21048,997.52905,4.685062,17.545414,0.0,0.0
2024-07-27 09:00:00,18.46,302.46753,998.14734,3.8896413,18.533157,0.0,0.0
2024-07-27 10:00:00,18.73,300.68335,998.4595,3.5446506,20.633345,0.0,0.0
2024-07-27 11:00:00,18.85,299.37823,999.033,3.8946643,22.203575,0.0,0.0
2024-07-27 12:00:00,18.82,298.247,999.56,4.1861577,23.56932,0.0,0.0
2024-07-27 13:00:00,18.75,297.2208,999.3697,4.360424,24.837233,0.0,0.0
2024-07-27 14:00:00,18.95,296.31885,999.2933,4.540108,25.986872,0.0,0.0
2024-07-27 15:00:00,18.62,295.5507,999.351,4.7311087,26.991718,0.0,0.0
2024-07-27 16:00:00,18.44,294.8717,999.26874,4.708399,28.029167,0.0,0.0
2024-07-27 17:00:00,18.0,294.23804,999.28674,4.4847207,29.290983,0.0,0.0
2024-07-27 18:00:00,17.6,293.5916,998.90594,4.2665496,30.829521,0.0,0.0
2024-07-27 19:00:00,17.49,292.74576,998.62024,4.1085997,32.412167,0.0,0.0
2024-07-27 20:00:00,17.9,292.041,998.35986,4.02815,34.405144,0.0,0.0
2024-07-27 21:00:00,18.61,291.61255,998.93134,3.9658377,36.10118,0.0,0.0
2024-07-27 22:00:00,19.8,291.26978,999.6408,4.009537,39.294876,0.0,0.0
2024-07-27 23:00:00,20.11,291.9879,1000.5553,4.0922985,44.93244,0.0,0.0
2024-07-28 00:00:00,21.89,294.53366,1001.15155,5.6918507,53.145885,0.0,0.0
2024-07-28 01:00:00,23.43,296.98456,1001.1867,7.4768796,54.359066,0.0,0.0
2024-07-28 02:00:00,24.91,299.4395,1000.64124,7.655942,47.558205,0.0,0.0
2024-07-28 03:00:00,25.3,301.68024,999.48096,7.407822,40.426815,0.0,0.0
2024-07-28 04:00:00,25.07,303.4385,998.0611,6.5609837,34.442886,0.0,0.0
2024-07-28 05:00:00,25.26,304.42267,997.0083,5.397687,30.248272,0.0,0.0
2024-07-28 06:00:00,25.81,304.7491,996.15265,4.227406,28.35588,0.0,0.0
2024-07-28 07:00:00,26.39,305.13586,995.29095,2.1158464,25.053852,0.0,0.0
2024-07-28 08:00:00,27.08,304.94482,995.4869,1.6834068,24.98545,0.0,0.0
2024-07-28 09:00:00,27.28,304.5703,996.1652,1.7524112,25.423494,0.0,0.0
2024-07-28 10:00:00,27.79,303.4729,996.5076,2.7028105,27.092701,0.0,0.0
2024-07-28 11:00:00,28.82,302.349,997.29236,3.8606863,29.059052,0.0,0.0
2024-07-28 12:00:00,29.37,301.5559,998.1945,4.991902,31.734663,0.0027269125,0.0
2024-07-28 13:00:00,29.3,300.7365,998.7592,5.8429084,36.426098,0.00731647,0.0
2024-07-28 14:00:00,29.0,299.9901,999.2595,5.79974,40.729156,0.002771616,0.0
2024-07-28 15:00:00,28.77,299.07648,999.2514,5.58614,44.1389,0.0,0.0
2024-07-28 16:00:00,28.52,298.43567,999.3549,5.4376397,45.703354,0.0,0.0
2024-07-28 17:00:00,27.84,297.6552,999.5189,5.4892945,46.34357,0.0,0.0
2024-07-28 18:00:00,27.14,296.83694,999.35236,5.6101003,45.745514,0.0,0.0
2024-07-28 19:00:00,26.36,295.99164,998.8242,5.6999702,43.68597,0.0,0.0
2024-07-28 20:00:00,25.68,295.14435,998.78265,5.800493,41.53038,0.0,0.0
2024-07-28 21:00:00,24.74,294.42224,999.25165,5.7835994,40.085556,0.0,0.0
2024-07-28 22:00:00,24.06,293.83914,1000.0769,5.705616,40.108715,0.0,0.0
2024-07-28 23:00:00,23.21,294.12,1000.79083,5.648578,39.38519,0.0,0.0
2024-07-29 00:00:00,22.95,295.5666,1001.26013,7.554367,36.493656,0.0136733055,0.0
2024-07-29 01:00:00,22.91,297.4431,1001.4439,8.105363,33.41512,0.0,0.0
2024-07-29 02:00:00,23.27,299.5052,1000.96893,8.112569,30.822325,0.0,0.0
2024-07-29 03:00:00,24.47,301.28326,999.96674,8.084237,29.117859,0.0,0.0
2024-07-29 04:00:00,25.09,302.66907,998.6131,7.8310995,27.564924,0.0,0.0
2024-07-29 05:00:00,24.64,303.4359,997.60205,7.4856195,26.415136,0.0,0.0
2024-07-29 06:00:00,24.52,303.552,996.9384,7.075569,26.051708,0.0,0.0
2024-07-29 07:00:00,24.81,304.41858,996.1467,6.6527877,23.414452,0.0,0.0
2024-07-29 08:00:00,25.43,303.99417,996.67,6.2942815,23.79271,0.0,0.0
2024-07-29 09:00:00,25.43,303.09442,997.08453,5.2754464,24.977364,0.0,0.0
2024-07-29 10:00:00,25.39,301.64703,997.79596,3.9803967,27.183771,0.0,0.0
2024-07-29 11:00:00,26.03,300.7282,998.6456,3.6706638,28.659618,0.0,0.0
2024-07-29 12:00:00,26.88,299.50433,999.1666,3.7753665,30.696415,0.0,0.0
2024-07-29 13:00:00,28.48,299.09418,999.5694,4.115224,31.249056,0.0,0.0
2024-07-29 14:00:00,29.85,298.86697,999.92346,4.554424,31.368849,0.0,0.0
2024-07-29 15:00:00,30.56,298.6683,1000.19476,5.100066,31.24907,0.0,0.0
2024-07-29 16:00:00,30.66,298.34454,1000.35345,5.688689,30.955421,0.0,0.0
2024-07-29 17:00:00,30.64,298.01636,1000.65643,6.1116,30.41267,0.0,0.0
2024-07-29 18:00:00,31.01,297.5614,1000.53467,6.0859547,30.195045,0.0,0.0
2024-07-29 19:00:00,30.25,296.96954,1000.3137,5.4644213,30.521408,0.0,0.0
2024-07-29 20:00:00,29.67,296.65433,1000.53326,5.3539834,30.460861,0.0,0.0
2024-07-29 21:00:00,29.25,296.39545,1001.22925,5.497365,30.279907,0.0,0.0
2024-07-29 22:00:00,28.75,296.05884,1001.8469,5.766237,30.153488,0.0,0.0
2024-07-29 23:00:00,28.38,296.1759,1002.6731,5.654797,29.334332,0.0,0.0
2024-07-30 00:00:00,28.52,296.80597,1003.5188,7.335184,27.928522,0.0021427867,0.0
2024-07-30 01:00:00,28.49,297.50916,1003.8142,7.4100566,26.595482,0.0,0.0
2024-07-30 02:00:00,28.52,298.75363,1003.4586,7.250703,24.95046,0.0,0.0
2024-07-30 03:00:00,28.25,300.01605,1002.4713,6.85159,24.444,0.0,0.0
2024-07-30 04:00:00,27.88,300.4876,1001.56494,6.2396064,24.475805,0.0,0.0
2024-07-30 05:00:00,27.35,301.27243,1000.7008,5.852631,23.482038,0.0,0.0
2024-07-30 06:00:00,27.24,301.5199,1000.11597,5.3798895,22.918207,0.0,0.0
2024-07-30 07:00:00,27.46,301.81525,999.23334,6.431975,21.043041,0.0,0.0
2024-07-30 08:00:00,27.91,301.55585,999.5112,6.287008,20.958221,0.0,0.0
2024-07-30 09:00:00,27.88,300.97107,1000.3608,5.423509,21.419516,0.0,0.0
2024-07-30 10:00:00,27.46,300.17575,1000.9101,5.104922,22.077524,0.0,0.0
2024-07-30 11:00:00,27.16,299.5665,1001.69025,5.0090866,22.259354,0.0,0.0
2024-07-30 12:00:00,26.66,299.08044,1002.3725,4.726294,22.177166,0.0,0.0
2024-07-30 13:00:00,26.38,298.60965,1002.60205,4.4760747,22.198685,0.0,0.0
2024-07-30 14:00:00,25.88,298.04077,1002.6777,4.0598273,22.542421,0.0,0.0
2024-07-30 15:00:00,25.76,297.75403,1002.5206,3.8176389,22.62758,0.0,0.0
2024-07-30 16:00:00,25.51,296.71246,1002.4203,3.6665046,23.830467,0.0,0.34
2024-07-30 17:00:00,24.85,295.9996,1002.40063,3.8750222,24.444489,0.0,0.0
2024-07-30 18:00:00,24.12,295.15814,1002.15594,4.1035724,25.0134,0.0,0.0
2024-07-30 19:00:00,23.8,295.58224,1001.9038,3.8181436,23.413292,0.0,0.0
2024-07-30 20:00:00,23.6,294.86807,1001.95435,3.6566896,24.040085,0.0,0.0
2024-07-30 21:00:00,23.27,294.44733,1002.3028,3.7014565,24.279325,0.0,0.0
2024-07-30 22:00:00,22.94,294.1021,1002.7449,3.8708224,24.394875,0.0,0.0
2024-07-30 23:00:00,22.94,294.28485,1003.53766,4.004418,23.71689,0.0,0.0
2024-07-31 00:00:00,22.63,295.218,1004.1797,4.8269625,21.804707,0.0,0.0
2024-07-31 01:00:00,22.92,296.04468,1004.4397,5.3317018,20.10617,0.0,0.0
2024-07-31 02:00:00,23.15,297.15747,1004.1264,5.765756,18.110518,0.0,0.0
2024-07-31 03:00:00,23.48,297.77805,1002.9007,5.781046,16.994965,0.0,0.0
2024-07-31 04:00:00,23.88,298.5941,1001.8939,5.656544,16.16996,0.0,0.0
2024-07-31 05:00:00,23.99,299.46777,1000.70953,5.268868,15.795049,0.0,0.0
2024-07-31 06:00:00,23.37,300.36975,1000.28564,4.9748335,15.572627,0.0,0.0
2024-07-31 07:00:00,23.15,302.9704,999.0214,3.768859,13.503515,0.0,0.0
2024-07-31 08:00:00,23.07,303.0105,999.3596,3.5926628,13.456321,0.0,0.0
2024-07-31 09:00:00,22.75,302.21832,999.7556,2.8702066,14.228498,0.0,0.0
2024-07-31 10:00:00,22.32,300.35052,1000.0773,3.0400712,16.036264,0.0,0.0
2024-07-31 11:00:00,22.17,298.9342,1000.7623,3.3280644,17.608635,0.0,0.0
2024-07-31 12:00:00,22.05,297.86368,1001.36884,3.5786488,18.979366,0.0,0.0
2024-07-31 13:00:00,22.08,296.9319,1001.2621,3.7193742,20.401096,0.0,0.0
2024-07-31 14:00:00,21.94,296.14566,1001.3,3.927446,21.819489,0.0,0.0
2024-07-31 15:00:00,21.52,295.30716,1001.2344,4.135112,23.375534,0.0,0.0
2024-07-31 16:00:00,21.2,294.68726,1001.1216,4.3182907,24.537962,0.0,0.0
2024-07-31 17:00:00,20.64,294.18292,1000.9278,4.3500133,25.463264,0.0,0.0
2024-07-31 18:00:00,20.41,293.63705,1000.753,4.3543034,26.465214,0.0,0.0
2024-07-31 19:00:00,20.42,292.75574,1000.60046,4.124698,28.67476,0.0,0.0
2024-07-31 20:00:00,19.79,292.1939,1000.84106,4.096528,29.534534,0.0,0.0
2024-07-31 21:00:00,19.59,291.73666,1001.1456,4.1570425,29.903025,0.0,0.0
2024-07-31 22:00:00,19.4,291.3614,1001.6129,4.222124,29.93235,0.0,0.0
2024-07-31 23:00:00,19.0,292.03137,1002.3194,3.9415765,28.105059,0.0,0.0
2024-08-01 00:00:00,18.05,294.75073,1002.76624,4.8347063,22.828846,0.0,0.0
2024-08-01 01:00:00,17.89,297.45166,1002.87866,5.4213076,18.730505,0.0,0.0
2024-08-01 02:00:00,17.65,300.0745,1002.4241,5.293792,15.988263,0.0,0.0
2024-08-01 03:00:00,17.71,302.20544,1000.84814,5.193744,14.774744,0.0,0.0
2024-08-01 04:00:00,18.22,303.83582,999.38776,4.7171674,14.541065,0.0,0.0
2024-08-01 05:00:00,18.81,304.8525,998.0122,3.9281042,14.812057,0.0,0.0
2024-08-01 06:00:00,20.08,305.36365,997.464,2.8724024,15.273388,0.0,0.0
2024-08-01 07:00:00,21.31,305.66226,997.15515,0.9493131,16.524315,0.0,0.0
2024-08-01 08:00:00,22.22,305.54236,997.17126,1.3209137,16.830967,0.0,0.0
2024-08-01 09:00:00,22.5,305.04944,997.54047,2.2191832,17.318869,0.0,0.0
2024-08-01 10:00:00,23.23,303.33624,997.906,3.2449698,19.044384,0.0,0.0
2024-08-01 11:00:00,23.84,302.39386,998.5696,3.827695,19.792465,0.0,0.0
2024-08-01 12:00:00,24.3,301.36047,999.14795,4.2061534,20.628521,0.0,0.0
2024-08-01 13:00:00,24.25,300.62827,999.3343,4.241783,21.129797,0.0,0.0
2024-08-01 14:00:00,24.04,299.8922,999.46857,4.18016,21.581247,0.0,0.0
2024-08-01 15:00:00,23.6,298.91968,999.5086,4.2964044,22.131123,0.0,0.0
2024-08-01 16:00:00,23.45,297.84143,999.28937,4.5581574,22.518536,0.0,0.0
2024-08-01 17:00:00,23.08,297.06393,999.3269,4.729728,22.422972,0.0,0.0
2024-08-01 18:00:00,22.97,296.54523,999.13727,4.80279,21.76403,0.0,0.0
2024-08-01 19:00:00,22.47,295.1581,998.96564,3.9943266,26.987427,0.0,0.0
2024-08-01 20:00:00,22.01,294.18604,998.9487,4.149456,27.96209,0.0,0.0
2024-08-01 21:00:00,21.68,293.4104,999.2583,4.0143948,28.254211,0.0,0.0
2024-08-01 22:00:00,21.68,292.8625,999.91626,3.8791156,28.174131,0.0,0.0
2024-08-01 23:00:00,21.86,293.26944,1000.57196,3.6632707,26.962051,0.0,0.0
2024-08-02 00:00:00,22.36,295.84488,1001.0878,4.2918873,22.984272,0.002131228,0.0
2024-08-02 01:00:00,22.15,298.57898,1001.3728,4.3553143,20.114275,0.0,0.0
2024-08-02 02:00:00,21.85,301.1081,1001.03546,4.2597404,17.706614,0.0,0.0
2024-08-02 03:00:00,20.92,303.02386,999.5631,4.503689,15.894601,0.0,0.0
2024-08-02 04:00:00,20.05,304.30408,998.1269,4.6944175,14.363427,0.0,0.0
2024-08-02 05:00:00,19.25,305.19025,997.0505,4.6930003,13.444817,0.0,0.0
2024-08-02 06:00:00,18.65,305.62207,996.1678,4.506707,13.083045,0.0,0.0
2024-08-02 07:00:00,19.01,306.11945,995.71436,4.6054688,13.329055,0.0,0.0
2024-08-02 08:00:00,19.04,305.85083,995.6486,4.313698,13.47119,0.0,0.0
2024-08-02 09:00:00,18.61,305.03104,995.9478,3.4476342,14.137448,0.0,0.0
2024-08-02 10:00:00,18.79,303.1242,996.53937,3.2784336,16.057085,0.0,0.0
2024-08-02 11:00:00,19.05,301.5636,997.10443,3.69882,17.739803,0.0,0.0
2024-08-02 12:00:00,19.62,300.25824,997.65405,4.031602,19.198673,0.0,0.0
2024-08-02 13:00:00,19.83,299.11603,997.8382,4.235086,20.625586,0.0,0.0
2024-08-02 14:00:00,20.27,298.1398,998.03937,4.2570634,22.107962,0.0,0.0
2024-08-02 15:00:00,20.26,297.33167,998.0397,4.1993556,23.583902,0.0,0.0
2024-08-02 16:00:00,20.3,296.58685,997.8703,4.164718,25.130117,0.0,0.0
2024-08-02 17:00:00,20.29,295.91144,997.6422,3.7586102,26.678709,0.0,0.0
2024-08-02 18:00:00,20.24,295.0885,997.58655,3.3002212,28.61424,0.0,0.0
2024-08-02 19:00:00,21.26,293.44275,997.54205,3.321831,32.804165,0.0,0.0
2024-08-02 20:00:00,21.54,292.78183,997.72736,3.3265035,36.090557,0.0,0.0
2024-08-02 21:00:00,22.25,292.32483,998.2885,3.167095,41.593334,0.0,0.0
2024-08-02 22:00:00,23.26,291.8831,998.7441,2.9183,49.06468,0.0,0.0
2024-08-02 23:00:00,23.41,292.41968,999.5836,2.2969747,52.58136,0.0,0.0
2024-08-03 00:00:00,23.33,295.82104,1000.1326,2.2805123,46.214714,0.0,0.0
2024-08-03 01:00:00,23.78,298.80365,1000.1433,2.6067977,40.656994,0.0,0.0
2024-08-03 02:00:00,22.94,301.2235,999.6321,2.6427107,33.96877,0.0,0.0
2024-08-03 03:00:00,21.67,303.13855,998.3162,3.2881072,27.662733,0.0,0.0
2024-08-03 04:00:00,21.17,304.60577,996.94916,4.010201,23.300121,0.0,0.0
2024-08-03 05:00:00,21.65,305.51312,995.76337,3.6111991,20.905895,0.0,0.0
2024-08-03 06:00:00,22.31,306.06,995.0542,2.9448147,19.686522,0.0,0.0
2024-08-03 07:00:00,22.98,306.15945,994.52875,2.6530814,21.460333,0.0,0.0
2024-08-03 08:00:00,23.89,306.05865,994.62915,2.4837995,21.583572,0.0,0.0
2024-08-03 09:00:00,24.39,305.54822,995.02405,2.1804543,22.528522,0.0,0.0
2024-08-03 10:00:00,25.94,304.19122,995.71326,2.5839794,25.120708,0.0,0.0
2024-08-03 11:00:00,28.67,302.93832,996.383,3.2014785,27.963463,0.0,0.0
2024-08-03 12:00:00,32.21,301.90985,997.2346,3.5417373,30.948833,0.0,0.0
2024-08-03 13:00:00,35.56,301.1767,997.7054,4.0102634,34.676216,0.0,0.0
2024-08-03 14:00:00,38.34,300.26245,998.0299,4.957818,42.175507,0.0,0.0
2024-08-03 15:00:00,39.84,299.31845,998.31,5.3531013,49.76166,0.0,0.0
2024-08-03 16:00:00,39.27,298.62622,998.2618,4.432295,52.651203,0.0,0.0
2024-08-03 17:00:00,38.01,298.04895,998.2332,3.1080747,51.054234,0.0,0.0
2024-08-03 18:00:00,36.97,297.40387,998.17126,2.273933,47.913975,0.0,0.0
2024-08-03 19:00:00,37.06,295.7076,998.83673,5.779421,37.602543,0.0,0.0
2024-08-03 20:00:00,36.33,294.61536,998.4614,4.4990644,40.92046,0.0,0.0
2024-08-03 21:00:00,35.19,294.21594,998.60175,3.2777572,44.43033,0.0,0.0
2024-08-03 22:00:00,34.55,294.04648,999.1261,2.4049866,46.51554,0.0,0.0
2024-08-03 23:00:00,34.14,294.28247,1000.0563,1.9900504,46.59307,0.0,0.0
2024-08-04 00:00:00,32.66,295.33047,1000.87024,1.78776,44.02489,0.0013009255,0.0
2024-08-04 01:00:00,33.08,296.65918,1000.8909,1.5661621,40.70517,0.0,0.0
2024-08-04 02:00:00,33.04,298.41043,1000.4989,1.4244952,36.142334,0.0,0.0
2024-08-04 03:00:00,32.91,299.8681,999.39825,1.1956909,32.99278,0.0,0.0
2024-08-04 04:00:00,33.24,300.864,998.3011,1.1109817,33.16714,0.0,0.0
2024-08-04 05:00:00,33.95,301.4949,997.1669,1.4467887,33.220787,0.0,0.0
2024-08-04 06:00:00,34.37,302.27454,996.5572,1.9431396,32.555058,0.0,0.0
2024-08-04 07:00:00,34.41,302.7312,996.28015,3.1636834,34.469208,0.0,0.0
2024-08-04 08:00:00,33.72,302.5916,996.64453,3.5664122,35.636757,0.0,0.0
2024-08-04 09:00:00,32.26,302.1209,997.082,3.8506265,37.093147,0.0,0.0
2024-08-04 10:00:00,30.92,301.36237,997.46576,3.6171753,39.184494,0.0,0.0
2024-08-04 11:00:00,30.51,300.71716,997.98267,3.9194045,40.81731,0.0,0.0
2024-08-04 12:00:00,30.23,299.9344,998.5591,4.363001,42.72885,0.0,0.0
2024-08-04 13:00:00,30.28,299.08514,998.73096,4.8731256,45.07113,0.0,0.0
2024-08-04 14:00:00,30.6,298.18872,999.00446,4.9243813,47.680077,0.0,0.0
2024-08-04 15:00:00,30.81,297.24536,998.89404,4.6350284,50.314434,0.0,0.0
2024-08-04 16:00:00,30.56,296.47153,998.7452,4.7852674,51.960682,0.0,0.0
2024-08-04 17:00:00,30.42,295.58228,998.50256,4.9941807,53.43769,0.0,0.0
2024-08-04 18:00:00,30.42,294.86084,998.4902,4.9969053,54.547096,0.0,0.0
2024-08-04 19:00:00,29.9,294.11115,999.0639,4.872437,53.587723,0.010848045,0.0
2024-08-04 20:00:00,29.42,293.62164,999.21545,4.8000937,56.17257,0.0021457672,0.0
2024-08-04 21:00:00,29.18,293.24963,999.4191,4.85688,58.347004,0.035494566,0.0
2024-08-04 22:00:00,29.43,292.81335,999.63763,4.732179,60.329372,0.0,0.0
2024-08-04 23:00:00,29.32,293.08395,1000.41974,5.019969,60.00167,0.0,0.0
2024-08-05 00:00:00,29.87,294.31543,1000.7653,5.643692,56.278366,0.04848838,0.0
2024-08-05 01:00:00,30.09,296.13043,1001.09326,5.6867366,51.552086,0.0,0.0
2024-08-05 02:00:00,29.49,297.62735,1000.79016,5.0800138,47.678146,0.0,0.0
2024-08-05 03:00:00,28.63,299.4842,999.8152,4.782086,43.07769,0.010699034,0.0
2024-08-05 04:00:00,28.29,300.85907,998.28326,4.6038475,39.91516,0.0025704503,0.0
2024-08-05 05:00:00,27.47,301.77524,997.20337,4.1875696,37.3257,0.0,0.0
2024-08-05 06:00:00,27.17,302.3026,996.34656,3.742269,35.470203,0.0,0.0
2024-08-05 07:00:00,28.07,302.1293,996.60913,3.5447886,36.856766,0.0,0.0
2024-08-05 08:00:00,28.45,301.97928,996.6884,3.597914,36.82818,0.0,0.0
2024-08-05 09:00:00,28.23,301.60254,997.21655,3.6547859,37.265095,0.0,0.0
2024-08-05 10:00:00,28.91,300.92297,997.55255,3.71813,38.498383,0.0,0.0
2024-08-05 11:00:00,29.46,300.25287,998.38745,4.6816297,39.577793,0.0,0.0
2024-08-05 12:00:00,30.22,299.37112,999.0033,5.0412,40.845177,0.0,0.0
2024-08-05 13:00:00,30.64,298.55627,999.5189,4.8835654,42.041527,0.0,0.0
2024-08-05 14:00:00,30.55,297.78534,999.68494,4.252618,43.499584,0.0,0.0
2024-08-05 15:00:00,29.49,297.23376,999.29407,3.9821744,44.780518,0.009790063,0.0
2024-08-05 16:00:00,28.57,296.5746,999.1342,3.7191477,46.86717,0.0,0.0
2024-08-05 17:00:00,27.8,296.15308,998.89044,3.2848287,48.43215,0.0,0.0
2024-08-05 18:00:00,27.09,295.83765,998.7519,2.9427598,49.568947,0.0,0.0
2024-08-05 19:00:00,26.23,295.18243,998.5469,2.094557,47.58471,0.0,0.0
2024-08-05 20:00:00,25.28,294.594,998.65546,2.1297922,49.369503,0.0,0.0
2024-08-05 21:00:00,24.66,293.86728,999.0119,2.236804,51.757282,0.0,0.0
2024-08-05 22:00:00,24.34,293.3073,999.5598,2.4710665,53.69336,0.0,0.0
2024-08-05 23:00:00,24.19,293.99792,1000.3086,2.4880435,51.491367,0.0,0.0
2024-08-06 00:00:00,24.77,296.1696,1000.78735,3.2032344,44.408535,0.0230968,0.0
2024-08-06 01:00:00,24.7,298.85712,1001.05774,3.9136972,36.817352,0.0,0.0
2024-08-06 02:00:00,24.24,301.57294,1000.51306,4.2081017,30.950848,0.0,0.0
2024-08-06 03:00:00,23.76,303.76328,999.355,3.729623,27.418625,0.0,0.0
2024-08-06 04:00:00,23.37,305.05316,998.0114,2.902576,25.22985,0.0,0.0
2024-08-06 05:00:00,23.22,305.713,997.2053,1.6402657,23.489796,0.0,0.0
2024-08-06 06:00:00,23.57,305.87598,996.56146,0.37374532,22.284061,0.0,0.0
2024-08-06 07:00:00,23.83,306.20898,996.33435,0.047273375,20.906948,0.0,0.0
2024-08-06 08:00:00,23.43,306.0952,996.2796,0.634404,20.79904,0.0,0.0
2024-08-06 09:00:00,22.91,305.8382,996.58704,1.4862497,21.025803,0.0,0.0
2024-08-06 10:00:00,22.76,304.81213,997.08966,2.5140274,22.477144,0.0,0.0
2024-08-06 11:00:00,22.97,303.82135,997.5989,3.3051102,23.849813,0.0,0.0
2024-08-06 12:00:00,22.58,302.58234,998.1353,3.9628139,25.753773,0.0,0.0
2024-08-06 13:00:00,22.42,301.29034,998.4355,4.396457,28.202978,0.0,0.0
2024-08-06 14:00:00,22.89,300.56848,998.5416,4.56866,30.285782,0.0,0.0
2024-08-06 15:00:00,23.03,299.66797,998.3939,4.4751716,33.188515,0.0,0.0
2024-08-06 16:00:00,23.39,299.0943,998.40906,4.293682,35.67278,0.0,0.0
2024-08-06 17:00:00,24.11,298.5455,998.02,4.3396826,38.00693,0.0,0.0
2024-08-06 18:00:00,24.38,297.85983,997.90454,4.3687205,40.507263,0.0,0.0
2024-08-06 19:00:00,24.7,296.4375,998.2594,3.708372,44.052032,0.0,0.0
2024-08-06 20:00:00,25.02,295.86737,998.3286,3.653223,46.74358,0.0,0.0
2024-08-06 21:00:00,25.18,295.2909,998.57635,3.448316,49.38036,0.0,0.0
2024-08-06 22:00:00,25.08,294.8025,998.9925,2.8419013,51.53494,0.0,0.0
2024-08-06 23:00:00,24.98,295.1126,999.59106,1.9730449,50.880657,0.0,0.0
2024-08-07 00:00:00,24.5,297.5584,1000.16376,2.276409,42.804153,0.0,0.0
2024-08-07 01:00:00,24.38,300.388,1000.38,3.327888,35.164417,0.0,0.0
2024-08-07 02:00:00,23.7,303.14142,1000.1428,4.349719,29.976728,0.0,0.0
2024-08-07 03:00:00,22.5,305.2516,999.1511,5.998759,27.483772,0.0,0.0
2024-08-07 04:00:00,21.7,306.31247,998.07056,5.527279,25.227394,0.0,0.0
2024-08-07 05:00:00,21.59,306.90656,996.95874,4.1846194,23.211632,0.0,0.0
2024-08-07 06:00:00,21.52,307.12946,996.2314,3.2794628,22.081987,0.0,0.0
2024-08-07 07:00:00,21.39,307.14545,996.0583,2.4694347,22.152182,0.0,0.0
2024-08-07 08:00:00,21.43,307.0275,996.15735,2.1623065,21.875256,0.0,0.0
2024-08-07 09:00:00,21.34,306.6397,996.5725,1.9766133,22.103653,0.0,0.0
2024-08-07 10:00:00,21.83,305.51065,997.08984,1.9372877,23.738642,0.0,0.0
2024-08-07 11:00:00,21.83,304.59265,997.5117,2.2642295,25.228859,0.0,0.0
2024-08-07 12:00:00,21.82,303.41754,997.90875,2.839108,27.193428,0.0,0.0
2024-08-07 13:00:00,22.23,302.44543,998.0186,3.218986,28.861662,0.0,0.0
2024-08-07 14:00:00,22.48,301.92896,998.4068,3.8378916,29.872852,0.0,0.0
2024-08-07 15:00:00,23.1,301.54535,998.3967,4.2020082,30.929195,0.0,0.0
2024-08-07 16:00:00,23.27,301.2474,998.3782,4.2283106,31.811863,0.0,0.0
2024-08-07 17:00:00,23.54,300.9355,998.1033,3.9033432,32.48191,0.0,0.0
2024-08-07 18:00:00,23.55,300.68634,998.118,3.893447,32.911472,0.0,0.0
2024-08-07 19:00:00,23.56,298.46313,998.23096,0.7034301,39.607285,0.0,0.0
2024-08-07 20:00:00,23.25,298.0047,998.4461,0.2657762,40.426147,0.0,0.0
2024-08-07 21:00:00,23.08,297.5918,999.2058,0.91434705,41.688423,0.0,0.0
2024-08-07 22:00:00,22.71,297.3974,1000.0761,1.5505819,40.599407,0.0,0.0
2024-08-07 23:00:00,22.41,297.89603,1000.66956,2.1815975,39.70798,0.0,0.0
2024-08-08 00:00:00,21.56,299.5398,1001.22266,3.6763747,36.92596,0.0,0.0
2024-08-08 01:00:00,21.62,301.2312,1001.34625,4.5084352,34.26772,0.0,0.0
2024-08-08 02:00:00,21.77,303.38678,1001.0973,5.011095,30.80866,0.0,0.0
2024-08-08 03:00:00,21.46,304.9671,1000.23755,5.5584,28.318417,0.0,0.0
2024-08-08 04:00:00,21.53,306.01514,999.0118,4.913131,26.129824,0.0,0.0
2024-08-08 05:00:00,22.17,306.5012,998.0361,3.642095,24.197607,0.0,0.0
2024-08-08 06:00:00,22.84,306.60864,997.5027,2.7326837,23.342047,0.0,0.0
2024-08-08 07:00:00,23.22,307.28552,997.1262,2.5741298,22.486834,0.0,0.0
2024-08-08 08:00:00,23.17,306.88382,997.27167,2.7549057,22.685568,0.0,0.0
2024-08-08 09:00:00,22.46,306.3646,997.5439,3.1908813,23.592905,0.0,0.0
2024-08-08 10:00:00,22.17,305.68567,998.0285,3.2865176,24.957203,0.0,0.0
2024-08-08 11:00:00,22.51,304.95166,998.33545,3.6165774,26.280033,0.0,0.0
2024-08-08 12:00:00,23.16,304.17538,998.8808,3.783448,27.373196,0.0,0.0
2024-08-08 13:00:00,23.55,303.46732,998.9942,4.0288568,28.157524,0.0,0.0
2024-08-08 14:00:00,23.08,302.8492,999.2583,4.406046,29.00701,0.0,0.0
2024-08-08 15:00:00,22.44,302.11536,999.21906,4.3767114,30.306145,0.0,0.0
2024-08-08 16:00:00,22.22,301.39978,998.6994,3.97659,31.455114,0.0,0.0
2024-08-08 17:00:00,21.57,300.90625,998.3475,3.604148,31.997696,0.0,0.0
2024-08-08 18:00:00,20.99,300.1298,997.90295,3.3341446,33.231533,0.0,0.0
2024-08-08 19:00:00,20.85,299.59686,998.01227,4.6928573,33.50432,0.0,0.0
2024-08-08 20:00:00,20.25,299.13336,998.541,5.8461313,32.18082,0.0,0.0
2024-08-08 21:00:00,19.43,298.16156,998.9263,6.055387,31.020748,0.0,0.0
2024-08-08 22:00:00,18.99,297.47125,999.9137,5.845428,30.278461,0.0,0.0
2024-08-08 23:00:00,18.98,297.81158,1000.822,5.48185,28.445711,0.0,0.0
2024-08-09 00:00:00,19.92,299.23688,1001.47815,6.5239406,24.944286,0.0,0.0
2024-08-09 01:00:00,19.6,300.7597,1001.50946,7.2585316,21.898617,0.0,0.0
2024-08-09 02:00:00,19.16,302.5449,1000.97375,7.461874,19.24519,0.0,0.0
2024-08-09 03:00:00,18.83,303.98114,999.85876,6.8893943,17.854609,0.0,0.0
2024-08-09 04:00:00,18.81,305.1925,998.51404,5.9073615,16.920538,0.0,0.0
2024-08-09 05:00:00,18.47,305.96338,997.3839,4.7562256,16.262896,0.0,0.0
2024-08-09 06:00:00,17.71,306.37927,996.4861,3.7390397,15.958592,0.0,0.0
2024-08-09 07:00:00,17.57,306.6324,996.0158,4.1999917,16.92811,0.0,0.0
2024-08-09 08:00:00,16.76,306.45905,996.0412,4.107429,17.163715,0.0,0.0
2024-08-09 09:00:00,16.56,305.816,996.2347,3.7545292,17.829475,0.0,0.0
2024-08-09 10:00:00,16.37,304.2398,996.5736,3.0826862,19.578096,0.0,0.0
2024-08-09 11:00:00,16.63,302.9213,996.9897,3.3913333,21.021887,0.0,0.0
2024-08-09 12:00:00,16.74,301.72705,997.71893,3.8163044,22.1906,0.0,0.0
2024-08-09 13:00:00,16.73,300.7428,998.14185,4.153615,22.90199,0.0,0.0
2024-08-09 14:00:00,16.47,299.7119,998.34326,4.366415,23.478344,0.0,0.0
2024-08-09 15:00:00,15.58,298.70258,998.3728,4.453138,23.702324,0.0,0.0
2024-08-09 16:00:00,14.86,297.6658,998.3808,4.686054,23.389032,0.0,0.0
2024-08-09 17:00:00,14.17,296.75116,998.35565,5.025802,22.26849,0.0,0.0
2024-08-09 18:00:00,13.59,296.00787,998.34656,5.3370047,21.062096,0.0,0.0
2024-08-09 19:00:00,13.27,294.66766,998.0695,4.959818,22.119432,0.0,0.0
2024-08-09 20:00:00,12.72,293.90338,997.9101,4.850926,22.98073,0.0,0.0
2024-08-09 21:00:00,11.65,293.29276,998.3867,4.761512,24.27499,0.0,0.0
2024-08-09 22:00:00,10.17,292.75513,998.9775,4.6758866,25.66175,0.0,0.0
2024-08-09 23:00:00,9.02,293.5271,999.72327,4.321904,24.913622,0.0,0.0
2024-08-10 00:00:00,8.32,296.58447,1000.4933,4.9962335,20.31719,0.0,0.0
2024-08-10 01:00:00,8.22,299.70712,1000.9194,5.7110343,15.181896,0.0,0.0
2024-08-10 02:00:00,7.89,302.05774,1000.6122,6.9833193,11.536798,0.0,0.0
2024-08-10 03:00:00,7.55,303.5296,999.6819,7.970558,11.297786,0.0,0.0
2024-08-10 04:00:00,7.6,304.6223,998.4564,7.994053,10.307572,0.0,0.0
2024-08-10 05:00:00,7.71,305.40466,997.21796,7.816945,9.298566,0.0,0.0
2024-08-10 06:00:00,7.51,305.81036,996.1898,7.6586857,8.620321,0.0,0.0
2024-08-10 07:00:00,7.99,305.78268,996.0949,7.585904,8.127043,0.0,0.0
2024-08-10 08:00:00,7.82,305.33167,996.06757,6.994746,7.8849673,0.0,0.0
2024-08-10 09:00:00,7.97,304.28772,996.56866,5.439901,8.451371,0.0,0.0
2024-08-10 10:00:00,8.25,302.2177,997.137,4.2702594,9.927983,0.0,0.0
2024-08-10 11:00:00,8.38,300.6527,997.59125,4.22431,11.437466,0.0,0.0
2024-08-10 12:00:00,8.26,299.41174,998.202,4.330586,12.978181,0.0,0.0
2024-08-10 13:00:00,8.14,298.30566,998.4406,4.390623,14.585797,0.0,0.0
2024-08-10 14:00:00,7.65,297.29773,998.70337,4.4428144,16.274939,0.0,0.0
2024-08-10 15:00:00,7.43,296.3576,998.65564,4.4721217,18.027834,0.0,0.0
2024-08-10 16:00:00,7.33,295.477,998.3642,4.410591,19.773668,0.0,0.0
2024-08-10 17:00:00,7.29,294.60632,998.14966,4.2698503,21.45844,0.0,0.0
2024-08-10 18:00:00,7.27,293.74277,998.11224,4.123419,23.047192,0.0,0.0
2024-08-10 19:00:00,7.73,292.43246,998.127,4.212275,25.197083,0.0,0.0
2024-08-10 20:00:00,8.08,291.62152,998.3627,4.173549,26.929573,0.0,0.0
2024-08-10 21:00:00,8.42,291.01538,998.6841,4.213315,28.433102,0.0,0.0
2024-08-10 22:00:00,8.64,290.56183,999.4547,4.2625995,29.7113,0.0,0.0
2024-08-10 23:00:00,9.06,291.57346,999.92847,4.1877837,28.216284,0.0,0.0
2024-08-11 00:00:00,9.52,294.93713,1000.5647,5.1577144,22.845554,0.0,0.0
2024-08-11 01:00:00,9.69,298.3181,1000.6914,6.255471,18.817516,0.0,0.0
2024-08-11 02:00:00,9.94,301.11987,1000.299,6.995921,17.366594,0.0,0.0
2024-08-11 03:00:00,9.82,302.8069,999.1791,7.4038124,16.250546,0.0,0.0
2024-08-11 04:00:00,9.54,303.8914,997.6782,6.8104453,14.287634,0.0,0.0
2024-08-11 05:00:00,10.17,304.69513,996.4606,6.1405773,13.030296,0.0,0.0
2024-08-11 06:00:00,10.24,305.17822,995.7703,5.43162,12.327939,0.0,0.0
2024-08-11 07:00:00,10.28,305.5086,995.31415,4.647051,11.91716,0.0,0.0
2024-08-11 08:00:00,10.17,305.27118,995.5673,4.2720184,12.16236,0.0,0.0
2024-08-11 09:00:00,10.32,304.48038,996.21515,3.3701375,12.894268,0.0,0.0
2024-08-11 10:00:00,10.76,302.52435,996.698,3.1860561,14.618447,0.0,0.0
2024-08-11 11:00:00,10.64,300.888,997.39514,3.679556,16.123749,0.0,0.0
2024-08-11 12:00:00,10.55,299.5438,997.6883,4.1703844,17.45991,0.0,0.0
2024-08-11 13:00:00,10.55,298.44037,997.6625,4.436114,18.74691,0.0,0.0
2024-08-11 14:00:00,10.46,297.49127,998.1012,4.524099,20.111193,0.0,0.0
2024-08-11 15:00:00,10.74,296.57855,998.27423,4.4053264,21.661308,0.0,0.0
2024-08-11 16:00:00,10.84,295.68204,998.1971,4.2305803,23.342728,0.0,0.0
2024-08-11 17:00:00,10.93,294.88275,998.4348,4.1055856,24.871714,0.0,0.0
2024-08-11 18:00:00,11.2,294.1213,997.9612,4.1275706,26.197079,0.0,0.0
2024-08-11 19:00:00,11.56,292.90063,998.11237,4.0949874,29.1939,0.0,0.0
2024-08-11 20:00:00,11.64,292.25482,998.0502,4.172949,30.434475,0.0,0.0
2024-08-11 21:00:00,11.47,291.77142,998.3368,4.2769938,31.32773,0.0,0.0
2024-08-11 22:00:00,11.21,291.41418,999.11237,4.381341,32.024605,0.0,0.0
2024-08-11 23:00:00,11.23,292.43118,999.7975,4.28316,30.131462,0.0,0.0
2024-08-12 00:00:00,10.64,295.63226,1000.3789,5.464469,24.71081,0.0,0.0
2024-08-12 01:00:00,10.79,299.01422,1000.3837,6.500018,20.409458,0.0,0.0
2024-08-12 02:00:00,11.05,301.7876,999.9649,7.28459,17.146875,0.0,0.0
2024-08-12 03:00:00,10.87,303.14624,998.9341,6.1008754,15.009464,0.0,0.0
2024-08-12 04:00:00,10.82,303.9237,997.889,4.5440884,13.915359,0.0,0.0
2024-08-12 05:00:00,10.79,304.47675,996.83936,3.7318785,12.810691,0.0,0.0
2024-08-12 06:00:00,10.62,304.8024,996.1761,3.1615262,11.971281,0.0,0.0
2024-08-12 07:00:00,10.5,305.00458,995.7964,2.974017,11.866585,0.0,0.0
2024-08-12 08:00:00,10.14,304.76178,996.1423,2.7647884,11.910164,0.0,0.0
2024-08-12 09:00:00,9.65,304.10883,996.47,2.4181805,12.403357,0.0,0.0
2024-08-12 10:00:00,9.57,302.66068,997.1261,2.4155755,13.808463,0.0,0.0
2024-08-12 11:00:00,9.58,300.98172,997.5453,2.9167974,15.595484,0.0,0.0
2024-08-12 12:00:00,9.87,299.38593,998.03687,3.3968558,17.523777,0.0,0.0
2024-08-12 13:00:00,10.24,298.14636,998.1761,3.7373106,19.375702,0.0,0.0
2024-08-12 14:00:00,10.54,297.2207,998.54987,3.9990783,21.064651,0.0,0.0
2024-08-12 15:00:00,10.88,296.41547,998.38586,3.988811,22.558346,0.0,0.0
2024-08-12 16:00:00,11.09,295.65118,998.1889,3.954063,23.889894,0.0,0.0
2024-08-12 17:00:00,11.03,294.91025,998.03455,4.0525055,25.148388,0.0,0.0
2024-08-12 18:00:00,10.94,294.17877,997.7237,4.1709723,26.323727,0.0,0.0
2024-08-12 19:00:00,10.54,292.5132,997.91797,3.9612763,31.354818,0.0,0.0
2024-08-12 20:00:00,10.17,291.72043,997.91907,4.0823684,33.203583,0.0,0.0
2024-08-12 21:00:00,10.3,291.14618,998.3624,4.2357826,34.028057,0.0,0.0
2024-08-12 22:00:00,10.04,290.7732,999.14185,4.412919,33.917946,0.0,0.0
2024-08-12 23:00:00,9.84,291.90164,999.96674,4.3714843,30.79319,0.0,0.0
2024-08-13 00:00:00,9.73,295.27252,1000.2473,5.3545294,24.05165,0.0,0.0
2024-08-13 01:00:00,9.93,298.74542,1000.4161,6.1829405,19.485886,0.0,0.0
2024-08-13 02:00:00,10.08,301.56827,999.947,6.7938423,16.177963,0.0,0.0
2024-08-13 03:00:00,10.13,302.94836,998.90466,5.8161597,14.449708,0.0,0.0
2024-08-13 04:00:00,10.16,303.6421,997.92487,4.4241695,13.574553,0.0,0.0
2024-08-13 05:00:00,10.15,304.15283,996.72534,3.7805905,12.78432,0.0,0.0
2024-08-13 06:00:00,10.07,304.46912,996.1155,3.383383,12.288794,0.0,0.0
2024-08-13 07:00:00,9.88,305.00836,995.6225,3.273619,12.60955,0.0,0.0
2024-08-13 08:00:00,9.42,304.7672,995.77795,3.1309278,12.775883,0.0,0.0
2024-08-13 09:00:00,9.23,304.064,996.1075,2.6713564,13.431745,0.0,0.0
2024-08-13 10:00:00,9.09,302.5541,996.84326,2.29355,15.135217,0.0,0.0
2024-08-13 11:00:00,9.02,301.06732,997.40717,2.52428,16.936758,0.0,0.0
2024-08-13 12:00:00,8.92,299.5114,997.99756,2.8907232,18.862778,0.0,0.0
2024-08-13 13:00:00,9.01,298.05676,998.27185,3.1341317,20.760859,0.0,0.0
2024-08-13 14:00:00,8.99,296.85364,998.33374,3.214581,22.559193,0.0,0.0
2024-08-13 15:00:00,9.3,295.84253,998.06604,3.2222452,24.274818,0.0,0.0
2024-08-13 16:00:00,9.44,294.90796,997.6998,3.1177297,25.991404,0.0,0.0
2024-08-13 17:00:00,9.56,293.96945,997.48016,3.0337849,27.811903,0.0,0.0
2024-08-13 18:00:00,9.84,293.0714,997.1731,3.0672975,29.554913,0.0,0.0
2024-08-13 19:00:00,10.04,291.3853,997.39453,2.9977505,32.89102,0.0,0.0
2024-08-13 20:00:00,10.13,290.62512,997.1878,3.0409884,34.55105,0.0,0.0
2024-08-13 21:00:00,10.38,290.08325,997.78076,3.0878026,35.981567,0.0,0.0
2024-08-13 22:00:00,10.25,289.6219,998.58716,3.2488801,37.459225,0.0,0.0
2024-08-13 23:00:00,10.35,290.73248,999.11096,3.069416,35.31193,0.0,0.0
2024-08-14 00:00:00,11.05,294.73468,999.5748,3.5890772,27.424547,0.0,0.0
2024-08-14 01:00:00,11.11,298.72168,999.3629,4.057001,21.104239,0.0,0.0
2024-08-14 02:00:00,11.12,301.9108,998.6909,4.0320506,16.934986,0.0,0.0
2024-08-14 03:00:00,11.16,303.60406,997.61487,2.9911253,14.617305,0.0,0.0
2024-08-14 04:00:00,11.04,304.1787,996.1389,1.7245808,13.495545,0.0,0.0
2024-08-14 05:00:00,11.18,304.64355,995.0795,1.0930542,12.896463,0.0,0.0
2024-08-14 06:00:00,11.31,304.94522,994.33594,0.79973805,12.431024,0.0,0.0
2024-08-14 07:00:00,11.5,305.16504,994.0059,0.7116863,12.765095,0.0,0.0
2024-08-14 08:00:00,10.74,305.0008,994.15326,0.7761555,12.810007,0.0,0.0
2024-08-14 09:00:00,10.47,304.56265,994.4725,0.9256634,13.157892,0.0,0.0
2024-08-14 10:00:00,10.74,303.67285,995.0963,1.0766306,14.153118,0.0,0.0
2024-08-14 11:00:00,10.81,302.49194,995.7064,1.3644456,15.799667,0.0,0.0
2024-08-14 12:00:00,11.17,300.66302,996.20233,1.9547654,18.25246,0.0,0.0
2024-08-14 13:00:00,11.33,299.1413,996.35706,2.5885258,20.001472,0.0,0.0
2024-08-14 14:00:00,11.17,297.54706,996.4339,2.7028465,22.696373,0.0,0.0
2024-08-14 15:00:00,10.95,296.123,996.4822,2.6155562,25.749502,0.0,0.0
2024-08-14 16:00:00,10.95,294.92188,996.2518,2.579491,28.777222,0.0,0.0
2024-08-14 17:00:00,11.06,293.93726,996.22345,2.5553234,31.511637,0.0,0.0
2024-08-14 18:00:00,11.25,293.1361,995.97186,2.6575663,33.68268,0.0,0.0
2024-08-14 19:00:00,11.12,292.15643,996.1738,3.265788,34.813873,0.0,0.0
2024-08-14 20:00:00,11.21,291.4153,996.14484,3.1766243,36.95434,0.0,0.0
2024-08-14 21:00:00,11.51,290.82697,996.4814,3.1631193,38.932247,0.0,0.0
2024-08-14 22:00:00,11.9,290.30292,997.16034,3.10681,40.78025,0.0,0.0
2024-08-14 23:00:00,12.01,291.34723,997.71313,2.6443882,38.745316,0.0,0.0
2024-08-15 00:00:00,12.23,295.564,998.41016,2.830008,29.974138,0.0,0.0
2024-08-15 01:00:00,12.24,299.58984,998.50586,3.3701394,23.552132,0.0,0.0
2024-08-15 02:00:00,12.01,302.65857,998.13904,4.0886273,19.385038,0.0,0.0
2024-08-15 03:00:00,11.65,304.2941,996.8064,3.8985891,16.679266,0.0,0.0
2024-08-15 04:00:00,11.68,304.94952,995.6833,2.6500301,15.05195,0.0,0.0
2024-08-15 05:00:00,11.78,305.43652,994.6171,2.0905945,14.362804,0.0,0.0
2024-08-15 06:00:00,11.8,305.7532,993.9115,1.6841902,13.891119,0.0,0.0
2024-08-15 07:00:00,12.38,306.21362,993.2329,1.3960252,13.727768,0.0,0.0
2024-08-15 08:00:00,12.16,306.0114,993.3728,1.3008633,13.806222,0.0,0.0
2024-08-15 09:00:00,11.96,305.56128,993.8661,1.2456096,14.182538,0.0,0.0
2024-08-15 10:00:00,12.04,304.50342,994.27094,1.6056489,15.387946,0.0,0.0
2024-08-15 11:00:00,12.19,303.08618,994.6799,2.3553383,17.117004,0.0,0.0
2024-08-15 12:00:00,12.6,301.34875,995.2495,2.834333,19.36248,0.0,0.0
2024-08-15 13:00:00,12.56,299.73126,995.45544,2.9660861,21.603737,0.0,0.0
2024-08-15 14:00:00,12.38,298.37225,995.76013,2.9844818,23.634235,0.0,0.0
2024-08-15 15:00:00,12.48,297.1349,995.435,2.9656947,25.569826,0.0,0.0
2024-08-15 16:00:00,12.56,296.05524,995.18,2.972546,27.425503,0.0,0.0
2024-08-15 17:00:00,12.74,295.16083,995.09515,3.0857913,28.952595,0.0,0.0
2024-08-15 18:00:00,12.69,294.4175,994.90424,3.121283,30.166903,0.0,0.0
2024-08-15 19:00:00,12.41,293.28317,994.93646,3.6104944,31.905165,0.0,0.0
2024-08-15 20:00:00,12.46,292.47083,994.8778,3.5512292,33.644455,0.0,0.0
2024-08-15 21:00:00,12.42,291.92456,995.4009,3.5555701,34.959637,0.0,0.0
2024-08-15 22:00:00,12.32,291.5213,996.1739,3.5824652,36.032654,0.0,0.0
2024-08-15 23:00:00,12.45,292.815,997.17,3.3534043,33.476353,0.0,0.0
2024-08-16 00:00:00,12.86,296.8069,997.81647,3.881306,26.201904,0.0,0.0
2024-08-16 01:00:00,12.93,300.5632,997.85,4.6807647,21.026669,0.0,0.0
2024-08-16 02:00:00,13.21,303.58716,997.5614,5.179224,17.917097,0.0,0.0
2024-08-16 03:00:00,13.29,305.34763,996.5183,5.5472274,15.9426155,0.0,0.0
2024-08-16 04:00:00,13.27,306.16925,995.4671,4.533148,14.966681,0.0,0.0
2024-08-16 05:00:00,13.07,306.6507,994.4489,3.6576307,14.432108,0.0,0.0
2024-08-16 06:00:00,12.65,306.951,993.8357,3.1866605,14.008893,0.0,0.0
2024-08-16 07:00:00,12.91,307.28244,993.1864,2.9615257,13.1982355,0.0,0.0
2024-08-16 08:00:00,12.45,307.02347,993.3019,2.9030366,13.2675905,0.0,0.0
2024-08-16 09:00:00,12.42,306.3692,993.83765,2.6639774,13.696975,0.0,0.0
2024-08-16 10:00:00,12.65,304.7243,994.3922,2.7225735,15.160947,0.0,0.0
2024-08-16 11:00:00,12.95,303.0602,995.1294,3.1568406,16.672104,0.0,0.0
2024-08-16 12:00:00,13.01,301.54034,995.8857,3.5067618,17.922935,0.0,0.0
2024-08-16 13:00:00,12.76,300.26196,996.3047,3.832474,18.824053,0.0,0.0
2024-08-16 14:00:00,12.23,299.284,996.52826,4.043064,19.380953,0.0,0.0
2024-08-16 15:00:00,12.15,298.38892,996.3786,3.92404,20.007973,0.0,0.0
2024-08-16 16:00:00,12.2,297.4421,995.8181,3.785697,20.891132,0.0,0.0
2024-08-16 17:00:00,12.01,296.50903,995.51404,3.7860916,21.971838,0.0,0.0
2024-08-16 18:00:00,11.91,295.6258,995.2527,3.7938864,23.189133,0.0,0.0
2024-08-16 19:00:00,11.57,294.17203,995.3256,3.668661,26.590708,0.0,0.0
2024-08-16 20:00:00,11.57,293.25928,995.1892,3.372973,28.513676,0.0,0.0
2024-08-16 21:00:00,11.51,292.57648,996.03217,3.154989,30.15045,0.0,0.0
2024-08-16 22:00:00,11.77,291.95563,996.5627,2.9430103,31.699518,0.0,0.0
2024-08-16 23:00:00,11.93,292.87964,997.8486,2.5046744,30.41276,0.0,0.0
2024-08-17 00:00:00,12.76,297.04227,998.47284,2.87993,23.47906,0.0,0.0
2024-08-17 01:00:00,13.11,300.75485,998.6477,3.7355883,19.012651,0.0,0.0
2024-08-17 02:00:00,13.2,303.7533,998.22455,4.4688773,16.089447,0.0,0.0
2024-08-17 03:00:00,13.09,305.8742,997.21216,5.1207147,13.793574,0.0,0.0
2024-08-17 04:00:00,12.88,306.83124,995.7198,4.2978907,12.813804,0.0,0.0
2024-08-17 05:00:00,13.05,307.4104,994.65393,3.3572154,12.347221,0.0,0.0
2024-08-17 06:00:00,13.23,307.73062,993.8052,2.6880097,12.070043,0.0,0.0
2024-08-17 07:00:00,13.44,307.83704,993.2261,1.9882809,11.80359,0.0,0.0
2024-08-17 08:00:00,13.22,307.5866,993.3128,1.4145231,11.919728,0.0,0.0
2024-08-17 09:00:00,13.31,307.10028,993.7681,0.7717026,12.285786,0.0,0.0
2024-08-17 10:00:00,13.68,305.97137,994.3364,0.32378632,13.333933,0.0,0.0
2024-08-17 11:00:00,14.07,304.12967,994.6389,1.1172178,17.201347,0.0,0.0
2024-08-17 12:00:00,14.67,302.36914,995.01013,1.4301668,18.423538,0.0,0.0
2024-08-17 13:00:00,14.78,302.01358,995.0577,0.89771855,17.815128,0.0,0.0
2024-08-17 14:00:00,14.88,299.06903,995.3642,1.9341729,22.779686,0.0,0.0
2024-08-17 15:00:00,15.59,297.6331,995.3286,3.2280889,26.48814,0.0,0.0
2024-08-17 16:00:00,16.35,296.60715,995.22955,3.2720087,30.466187,0.0,0.0
2024-08-17 17:00:00,16.29,295.75183,995.1873,3.1658187,34.36667,0.0,0.0
2024-08-17 18:00:00,16.19,294.96368,995.0731,3.1165097,38.372646,0.0,0.0
2024-08-17 19:00:00,16.32,293.66193,995.2086,2.720995,44.078697,0.0,0.0
2024-08-17 20:00:00,16.52,292.693,995.15546,2.5688052,47.740242,0.0,0.0
2024-08-17 21:00:00,16.54,291.81754,995.8338,2.5055296,51.282204,0.0,0.0
2024-08-17 22:00:00,16.22,291.068,996.753,2.4732478,54.525608,0.0,0.0
2024-08-17 23:00:00,15.78,292.11423,997.47565,2.0259552,51.825493,0.0,0.0
2024-08-18 00:00:00,17.02,296.23346,998.1373,2.232179,39.45212,0.0,0.0
2024-08-18 01:00:00,17.17,299.2053,998.3911,2.0799034,28.26236,0.0,0.0
2024-08-18 02:00:00,17.19,301.4328,998.02515,2.1846075,22.103872,0.0,0.0
2024-08-18 03:00:00,16.93,303.2763,996.738,2.65858,18.978271,0.0,0.0
2024-08-18 04:00:00,16.48,304.6709,995.40765,3.0744376,17.27169,0.0,0.0
2024-08-18 05:00:00,16.03,305.5967,994.21326,3.234016,16.459864,0.0,0.0
2024-08-18 06:00:00,15.77,306.15326,993.5737,3.317727,16.217495,0.0,0.0
2024-08-18 07:00:00,15.34,306.66953,992.8589,3.2815118,15.085506,0.0,0.0
2024-08-18 08:00:00,15.04,306.48102,992.70233,3.5632398,15.295463,0.0,0.0
2024-08-18 09:00:00,15.13,305.82465,993.29346,3.4004593,16.105734,0.0,0.0
2024-08-18 10:00:00,15.6,304.11334,993.8857,2.7815728,18.17292,0.0,0.0
2024-08-18 11:00:00,16.09,302.67987,994.6625,2.8323083,20.258732,0.0,0.0
2024-08-18 12:00:00,16.74,301.28537,995.195,2.9399686,22.601923,0.0,0.0
2024-08-18 13:00:00,17.24,300.0691,995.4905,3.0363204,25.003887,0.0,0.0
2024-08-18 14:00:00,17.15,299.01794,995.7466,3.3616855,27.541101,0.0,0.0
2024-08-18 15:00:00,18.0,298.03662,995.6793,3.852836,30.495342,0.0,0.0
2024-08-18 16:00:00,19.52,297.14783,995.7606,4.204579,34.66221,0.0,0.0
2024-08-18 17:00:00,20.27,296.4153,995.5259,4.148234,40.631653,0.0,0.0
2024-08-18 18:00:00,21.3,295.7274,995.3638,3.646023,46.239964,0.0,0.0
2024-08-18 19:00:00,22.15,294.20364,995.5801,2.8891306,51.09149,0.0,0.0
2024-08-18 20:00:00,22.45,293.33606,995.6611,2.535302,54.91019,0.0,0.0
2024-08-18 21:00:00,22.19,292.50983,996.3019,1.9859947,58.63493,0.0,0.0
2024-08-18 22:00:00,21.88,291.63165,997.01294,1.5576608,63.47194,0.0,0.0
2024-08-18 23:00:00,22.39,292.60104,998.07544,1.2765955,61.026043,0.0,0.0
2024-08-19 00:00:00,23.48,295.81085,998.64655,1.3975781,48.214783,0.0,0.0
2024-08-19 01:00:00,23.69,298.00116,999.0853,1.8892934,39.851074,0.0,0.0
2024-08-19 02:00:00,23.57,300.12402,998.71216,2.5854871,33.01507,0.0,0.0
2024-08-19 03:00:00,22.56,301.92752,997.8134,2.7023733,29.021513,0.0,0.0
2024-08-19 04:00:00,21.43,303.23718,996.39545,2.2975097,26.965506,0.0,0.0
2024-08-19 05:00:00,20.69,304.25406,995.22766,1.8843005,24.724623,0.0,0.0
2024-08-19 06:00:00,20.7,304.9073,994.405,1.5934678,23.099146,0.0,0.0
2024-08-19 07:00:00,20.34,305.39935,994.1613,1.22087,22.038717,0.0,0.0
2024-08-19 08:00:00,19.37,305.3134,994.0078,1.3890932,21.872633,0.0,0.0
2024-08-19 09:00:00,18.41,304.91968,994.632,1.6191609,22.278553,0.0,0.0
2024-08-19 10:00:00,18.07,303.89587,994.8722,2.065253,23.791065,0.0,0.0
2024-08-19 11:00:00,18.07,302.7141,995.5896,2.6011732,25.593159,0.0,0.0
2024-08-19 12:00:00,17.95,301.50455,996.05554,3.1970496,27.330606,0.0,0.0
2024-08-19 13:00:00,18.32,300.42307,996.5153,3.608182,28.780207,0.0,0.0
2024-08-19 14:00:00,18.39,299.45624,996.74414,3.7315269,30.134985,0.0,0.0
2024-08-19 15:00:00,18.44,298.56897,996.8309,3.6030262,31.622835,0.0,0.0
2024-08-19 16:00:00,18.57,297.75644,996.6474,3.3660438,33.24117,0.0,0.0
2024-08-19 17:00:00,18.73,296.92987,996.49146,3.0929208,35.09871,0.0,0.0
2024-08-19 18:00:00,19.49,296.0657,996.45953,2.731577,37.22119,0.0,0.0
2024-08-19 19:00:00,19.31,295.00278,996.812,2.6432588,42.68965,0.0,0.0
2024-08-19 20:00:00,18.86,294.06287,997.11017,2.2553303,45.11731,0.0,0.0
2024-08-19 21:00:00,18.63,293.13223,997.382,1.8390821,47.90499,0.0,0.0
2024-08-19 22:00:00,18.18,292.4927,998.1731,1.5591333,49.711582,0.0,0.0
2024-08-19 23:00:00,17.56,293.99973,998.9227,0.5370246,44.758545,0.0,0.0
2024-08-20 00:00:00,17.72,296.75537,999.2723,0.6878946,36.604763,0.0,0.0
2024-08-20 01:00:00,18.08,299.7392,999.53595,1.8026966,29.428673,0.0,0.0
2024-08-20 02:00:00,18.01,302.39752,999.1326,2.6646476,24.209959,0.0,0.0
2024-08-20 03:00:00,17.83,304.7207,998.0542,3.3458688,20.7248,0.0,0.0
2024-08-20 04:00:00,17.71,306.33624,996.53467,3.3559444,19.000015,0.0,0.0
2024-08-20 05:00:00,17.52,307.3707,995.4531,2.8116431,18.081244,0.0,0.0
2024-08-20 06:00:00,17.78,307.99023,994.6663,2.389794,17.51553,0.0,0.0
2024-08-20 07:00:00,17.82,308.49487,994.13745,1.9626642,17.783535,0.0,0.0
2024-08-20 08:00:00,17.16,308.44775,994.0848,1.525626,17.70387,0.0,0.0
2024-08-20 09:00:00,16.97,308.0797,994.3818,0.8803738,18.049593,0.0,0.0
2024-08-20 10:00:00,17.5,307.06393,994.84174,1.9628392,19.35515,0.0,0.0
2024-08-20 11:00:00,17.98,305.1104,995.3125,2.921508,21.925167,0.0,0.0
2024-08-20 12:00:00,18.45,303.57495,995.93335,3.378723,23.963224,0.0,0.0
2024-08-20 13:00:00,19.78,302.35956,996.2597,3.6477787,25.512737,0.0,0.0
2024-08-20 14:00:00,20.39,301.23334,996.635,3.6347427,26.879725,0.0,0.0
2024-08-20 15:00:00,20.8,300.13403,996.7403,3.6203115,28.18621,0.0,0.0
2024-08-20 16:00:00,21.23,299.10147,996.6978,3.483125,29.548725,0.0,0.0
2024-08-20 17:00:00,21.98,298.18677,996.6258,3.403793,31.063383,0.0,0.0
2024-08-20 18:00:00,22.82,297.57062,996.4922,3.3034763,32.323135,0.0,0.0
2024-08-20 19:00:00,22.74,296.52005,996.9006,3.2038198,33.598415,0.0,0.0
2024-08-20 20:00:00,22.79,295.49048,997.2325,1.7599095,36.297764,0.0,0.0
2024-08-20 21:00:00,23.18,295.67453,997.56836,0.19860616,35.621525,0.0,0.0
2024-08-20 22:00:00,23.24,295.01288,998.58295,0.48806992,37.89118,0.0,0.0
2024-08-20 23:00:00,23.2,294.7426,999.1503,1.3578997,41.678295,0.0,0.0
2024-08-21 00:00:00,24.21,297.70554,999.58716,2.5975251,35.2416,0.0,0.0
2024-08-21 01:00:00,24.03,300.53693,999.7453,3.0730855,30.641577,0.0,0.0
2024-08-21 02:00:00,23.37,303.29926,999.253,3.0989654,26.939953,0.0,0.0
2024-08-21 03:00:00,22.79,305.85107,998.1264,3.1272295,24.131403,0.0,0.0
2024-08-21 04:00:00,21.83,307.8086,996.72156,3.9787822,21.185585,0.0,0.0
2024-08-21 05:00:00,21.01,308.81143,995.4472,4.02946,19.504953,0.0,0.0
2024-08-21 06:00:00,20.92,309.28156,994.6295,3.551464,18.728138,0.0,0.0
2024-08-21 07:00:00,20.73,309.4269,994.3636,2.3591554,19.056227,0.0,0.0
2024-08-21 08:00:00,20.52,309.1441,994.0264,1.6251856,19.180506,0.0,0.0
2024-08-21 09:00:00,21.11,308.66946,994.3386,0.89304525,19.601696,0.0,0.0
2024-08-21 10:00:00,21.18,307.69568,994.7419,0.50356174,20.89245,0.0,0.0
2024-08-21 11:00:00,20.86,306.48285,995.2347,1.5522902,22.74398,0.0,0.0
2024-08-21 12:00:00,20.74,304.89185,995.4016,2.220055,25.192945,0.0,0.0
2024-08-21 13:00:00,21.47,303.47357,995.7406,2.5590801,27.488903,0.0,0.0
2024-08-21 14:00:00,21.84,302.0403,995.7595,2.6308358,29.934391,0.0,0.0
2024-08-21 15:00:00,22.29,300.73376,995.9013,2.641995,32.060135,0.0,0.0
2024-08-21 16:00:00,23.15,299.76996,995.79376,2.8164597,33.178024,0.0,0.0
2024-08-21 17:00:00,23.29,298.97656,995.6116,2.8490038,33.433666,0.0,0.0
2024-08-21 18:00:00,22.47,298.05524,995.4906,2.775386,34.387188,0.0,0.0
2024-08-21 19:00:00,20.62,296.49365,995.16376,3.175261,39.964592,0.0,0.0
2024-08-21 20:00:00,19.44,295.89423,995.4819,3.6765559,40.893574,0.0,0.0
2024-08-21 21:00:00,19.29,295.3377,995.3195,3.745262,42.719284,0.0,0.0
2024-08-21 22:00:00,19.74,294.8897,996.32,3.3254201,45.66769,0.0,0.0
2024-08-21 23:00:00,19.75,295.94153,997.0051,2.5800116,45.300873,0.0,0.0
2024-08-22 00:00:00,19.75,298.92242,997.71857,2.6088428,40.47711,0.0,0.0
2024-08-22 01:00:00,19.76,301.80908,998.1248,2.5505793,35.04197,0.0,0.0
2024-08-22 02:00:00,19.74,304.41934,997.6856,2.4347484,28.843079,0.0,0.0
2024-08-22 03:00:00,19.36,306.63196,996.76294,2.4703732,23.940693,0.0,0.0
2024-08-22 04:00:00,18.97,308.40198,995.6047,3.2556438,19.536846,0.0,0.0
2024-08-22 05:00:00,18.53,309.34695,994.5056,3.4080057,17.408724,0.0,0.0
2024-08-22 06:00:00,18.7,309.7599,993.77295,2.9207144,16.628391,0.0,0.0
2024-08-22 07:00:00,19.13,309.87518,993.2539,2.0697353,16.414312,0.0,0.0
2024-08-22 08:00:00,19.53,309.6501,993.5139,1.5916703,16.552357,0.0,0.0
2024-08-22 09:00:00,19.69,309.18707,994.0067,1.1691154,17.012476,0.0,0.0
2024-08-22 10:00:00,20.0,308.15222,994.4866,1.1514838,18.327837,0.0,0.0
2024-08-22 11:00:00,20.29,306.8063,995.1873,2.0578973,20.21269,0.0,0.0
2024-08-22 12:00:00,20.66,304.99023,995.53143,2.7987256,22.779638,0.0,0.0
2024-08-22 13:00:00,20.98,303.45312,995.59155,3.1274095,24.977331,0.0,0.0
2024-08-22 14:00:00,21.39,302.33276,995.71875,3.1928773,26.564762,0.0,0.0
2024-08-22 15:00:00,21.75,301.22864,995.66766,2.6568143,28.238129,0.0,0.0
2024-08-22 16:00:00,22.06,300.37164,995.78064,1.3121006,30.067265,0.0,0.0
2024-08-22 17:00:00,22.68,298.75922,995.89197,2.5159888,33.20403,0.0,0.0
2024-08-22 18:00:00,23.36,297.6958,996.0142,2.900201,37.027462,0.0,0.0
2024-08-22 19:00:00,23.49,296.7923,996.7498,2.8255956,48.704903,0.0,0.0
2024-08-22 20:00:00,23.12,295.98178,997.0641,2.9576964,52.883602,0.0,0.0
2024-08-22 21:00:00,22.52,295.26184,997.5393,3.0606136,56.875385,0.0,0.0
2024-08-22 22:00:00,21.66,294.70728,998.32764,3.0647104,59.576004,0.0,0.0
2024-08-22 23:00:00,21.29,296.07922,998.89984,2.968139,54.040432,0.0,0.0
2024-08-23 00:00:00,21.86,299.51553,999.42554,3.63155,39.93546,0.0012841313,0.0
2024-08-23 01:00:00,22.2,302.0196,999.61523,3.68486,31.635487,0.0,0.0
2024-08-23 02:00:00,22.13,304.0729,999.1351,3.8196082,27.493393,0.0,0.0
2024-08-23 03:00:00,21.99,305.89398,998.25995,3.941653,24.52167,0.0,0.0
2024-08-23 04:00:00,21.9,307.3659,996.93616,3.7960765,22.076235,0.0,0.0
2024-08-23 05:00:00,21.53,308.34686,995.752,3.1266782,20.35609,0.0,0.0
2024-08-23 06:00:00,21.42,308.80054,995.0064,2.0453715,19.377846,0.0,0.0
2024-08-23 07:00:00,21.29,308.80115,995.16797,0.73471254,19.891634,0.0,0.0
2024-08-23 08:00:00,20.66,308.61914,994.91766,0.48481017,19.839863,0.0,0.0
2024-08-23 09:00:00,20.33,308.24023,995.2492,0.46892938,20.150307,0.0,0.0
2024-08-23 10:00:00,20.53,307.4472,995.7092,1.2834457,21.235752,0.0,0.0
2024-08-23 11:00:00,20.65,306.35052,996.0628,2.0815384,22.790115,0.0,0.0
2024-08-23 12:00:00,21.02,304.97717,996.56647,2.7971072,24.848118,0.0,0.0
2024-08-23 13:00:00,21.37,303.59656,996.6239,3.1749299,27.0735,0.0,0.0
2024-08-23 14:00:00,21.81,302.57538,996.54987,3.3663993,28.77442,0.0,0.0
2024-08-23 15:00:00,22.28,301.6618,996.5648,3.346521,30.480312,0.0,0.0
2024-08-23 16:00:00,22.83,300.7759,996.3539,3.1068437,32.296436,0.0,0.0
2024-08-23 17:00:00,23.2,299.77533,996.3297,2.5406203,34.55266,0.0,0.0
2024-08-23 18:00:00,23.53,298.59564,996.3292,2.016411,37.651913,0.0,0.0
2024-08-23 19:00:00,23.4,297.6712,996.495,2.4494262,40.155285,0.0,0.0
2024-08-23 20:00:00,23.37,296.87408,996.7659,2.4858685,42.676933,0.0,0.0
2024-08-23 21:00:00,23.54,295.95807,997.2983,2.047801,46.58577,0.0,0.0
2024-08-23 22:00:00,23.41,295.7199,998.28015,1.0355334,48.887722,0.0,0.0
2024-08-23 23:00:00,23.9,296.26492,999.2199,1.1505986,49.141075,0.0,0.0
2024-08-24 00:00:00,23.82,299.2113,999.8784,0.67950773,39.896782,0.0017153214,0.0
2024-08-24 01:00:00,23.78,301.41336,1000.27,1.2243729,34.907196,0.0,0.0
2024-08-24 02:00:00,23.41,303.83417,999.4593,2.1224597,30.010876,0.0,0.0
2024-08-24 03:00:00,22.91,306.07294,998.5047,2.6888409,25.904566,0.0,0.0
2024-08-24 04:00:00,22.8,307.74893,997.1777,2.775832,22.828152,0.0,0.0
2024-08-24 05:00:00,22.66,308.66064,995.83813,2.1240296,21.027687,0.0,0.0
2024-08-24 06:00:00,22.59,309.09827,994.8787,1.467462,19.685976,0.0,0.0
2024-08-24 07:00:00,22.53,309.09552,994.55096,1.099495,20.265186,0.0,0.0
2024-08-24 08:00:00,22.15,308.99844,994.89966,1.1980482,20.168028,0.0,0.0
2024-08-24 09:00:00,22.18,308.6054,995.14764,1.44103,20.481945,0.0,0.0
2024-08-24 10:00:00,22.63,307.69434,995.4812,1.9374146,21.684507,0.0,0.0
2024-08-24 11:00:00,23.19,306.59485,996.03314,2.579061,23.312647,0.0,0.0
2024-08-24 12:00:00,23.8,305.3733,996.4764,3.130189,25.196249,0.0,0.0
2024-08-24 13:00:00,23.58,304.31232,996.6671,3.3672206,26.837862,0.0,0.0
2024-08-24 14:00:00,23.6,303.38562,996.5511,3.3863206,28.308731,0.0,0.0
2024-08-24 15:00:00,23.89,302.49997,996.4736,3.3323693,29.786444,0.0,0.0
2024-08-24 16:00:00,23.99,301.6212,996.4492,3.2821386,31.358295,0.0,0.0
2024-08-24 17:00:00,23.85,300.70447,996.1356,3.1502125,33.091537,0.0,0.0
2024-08-24 18:00:00,23.47,299.81403,996.035,2.9531498,34.85187,0.0,0.0
2024-08-24 19:00:00,22.83,298.53607,996.01794,3.1870697,37.233246,0.0,0.0
2024-08-24 20:00:00,22.51,297.6952,996.1845,3.0049381,38.90694,0.0,0.0
2024-08-24 21:00:00,22.43,297.02866,996.747,2.8451731,40.242558,0.0,0.0
2024-08-24 22:00:00,22.37,296.40656,997.21436,2.7020326,41.542915,0.0,0.0
2024-08-24 23:00:00,22.54,297.58368,997.65985,2.2595205,38.620903,0.0,0.0
2024-08-25 00:00:00,22.69,301.1892,998.1166,2.619817,30.630579,0.0,0.0
2024-08-25 01:00:00,22.49,304.30408,998.16376,2.947576,25.243954,0.0,0.0
2024-08-25 02:00:00,22.15,307.10846,997.82764,3.1214237,20.909431,0.0,0.0
2024-08-25 03:00:00,21.87,309.19412,996.5875,3.5340648,17.67054,0.0,0.0
2024-08-25 04:00:00,22.02,310.44858,995.3497,3.662986,15.587553,0.0,0.0
2024-08-25 05:00:00,21.97,311.183,994.3731,3.4180958,14.349888,0.0,0.0
2024-08-25 06:00:00,21.78,311.57025,993.70526,3.0485797,13.676265,0.0,0.0
2024-08-25 07:00:00,21.95,311.9335,993.12695,2.6066046,13.716799,0.0,0.0
2024-08-25 08:00:00,21.97,311.75952,993.15454,2.636686,13.576232,0.0,0.0
2024-08-25 09:00:00,22.03,311.22452,993.6576,2.7241387,13.857715,0.0,0.0
2024-08-25 10:00:00,22.51,309.3868,994.09924,2.942474,15.515301,0.0,0.0
2024-08-25 11:00:00,23.59,307.6615,994.66705,3.4893057,17.221592,0.0,0.0
2024-08-25 12:00:00,24.7,306.2658,995.3189,4.0358057,18.812037,0.0,0.0
2024-08-25 13:00:00,24.45,305.0916,995.6994,4.5095916,20.446217,0.0,0.0
2024-08-25 14:00:00,23.48,304.13586,995.99603,4.9086185,21.965261,0.0,0.0
2024-08-25 15:00:00,22.18,303.305,996.18896,5.030733,23.372282,0.0,0.0
2024-08-25 16:00:00,21.41,302.4527,995.93616,4.7423954,24.902096,0.0,0.0
2024-08-25 17:00:00,20.88,301.54364,995.59766,4.5786724,26.615843,0.0,0.0
2024-08-25 18:00:00,20.25,300.7246,995.53546,4.5681033,28.250587,0.0,0.0
2024-08-25 19:00:00,19.94,299.13354,995.7297,4.0364,31.106934,0.0,0.0
2024-08-25 20:00:00,19.8,298.4346,995.7488,4.127554,32.747177,0.0,0.0
2024-08-25 21:00:00,19.72,297.89948,996.2861,4.1930294,34.105793,0.0,0.0
2024-08-25 22:00:00,19.71,297.45944,996.91675,4.168621,35.215546,0.0,0.0
2024-08-25 23:00:00,19.66,298.76465,997.8053,3.8604796,32.77914,0.0,0.0
2024-08-26 00:00:00,19.92,301.52676,998.2034,5.1249213,27.547255,0.0,0.0
2024-08-26 01:00:00,20.29,304.4075,998.21716,5.755648,22.800121,0.0,0.0
2024-08-26 02:00:00,20.06,307.2677,997.5644,5.8037386,19.14948,0.0,0.0
2024-08-26 03:00:00,20.2,309.6565,996.07654,5.8144,16.357712,0.0,0.0
2024-08-26 04:00:00,20.06,311.0536,994.79614,5.0465856,14.302002,0.0,0.0
2024-08-26 05:00:00,19.85,311.7376,993.77765,4.371436,13.082446,0.0,0.0
2024-08-26 06:00:00,20.14,312.12488,993.1911,4.1792054,12.288436,0.0,0.0
2024-08-26 07:00:00,19.78,312.2267,993.0086,4.186802,12.400738,0.0,0.0
2024-08-26 08:00:00,19.24,311.9701,993.3094,4.4296584,12.414542,0.0,0.0
2024-08-26 09:00:00,18.96,311.1808,993.6827,4.104731,12.990938,0.0,0.0
2024-08-26 10:00:00,19.34,309.15076,994.14484,3.3545978,14.783028,0.0,0.0
2024-08-26 11:00:00,19.57,307.50488,994.7911,3.5685709,16.418835,0.0,0.0
2024-08-26 12:00:00,19.63,306.05383,995.46655,3.7326312,17.989983,0.0,0.0
2024-08-26 13:00:00,19.56,304.78015,995.7458,3.845391,19.426407,0.0,0.0
2024-08-26 14:00:00,19.87,303.6762,996.04736,4.0511446,20.706755,0.0,0.0
2024-08-26 15:00:00,20.27,302.72858,996.058,4.148538,21.883556,0.0,0.0
2024-08-26 16:00:00,20.82,301.83313,995.9247,4.1054435,23.160027,0.0,0.0
2024-08-26 17:00:00,21.09,301.00946,995.70935,4.1403327,24.491783,0.0,0.0
2024-08-26 18:00:00,21.26,300.26703,995.3928,4.0548396,25.795776,0.0,0.0
2024-08-26 19:00:00,21.21,298.7815,995.96405,3.3141558,27.709448,0.0,0.0
2024-08-26 20:00:00,20.74,297.78827,996.20404,3.1222122,29.796946,0.0,0.0
2024-08-26 21:00:00,20.67,297.03516,996.91077,3.0513437,31.60845,0.0,0.0
2024-08-26 22:00:00,20.38,296.45844,997.25287,3.1753078,32.96271,0.0,0.0
2024-08-26 23:00:00,20.7,297.78024,997.9372,2.6850984,30.866852,0.0,0.0
2024-08-27 00:00:00,22.41,301.13806,998.2053,2.825385,25.585857,0.0,0.0
2024-08-27 01:00:00,22.61,304.5954,998.27924,2.92725,21.181196,0.0,0.0
2024-08-27 02:00:00,22.35,307.73413,997.5796,3.3482447,18.357069,0.0,0.0
2024-08-27 03:00:00,21.88,309.87042,996.52545,4.2510056,16.770142,0.0,0.0
2024-08-27 04:00:00,21.81,310.95343,995.13275,3.7654722,15.170916,0.0,0.0
2024-08-27 05:00:00,21.28,311.49136,994.09436,2.7594652,13.935222,0.0,0.0
2024-08-27 06:00:00,21.01,311.80292,993.4419,2.23854,13.223574,0.0,0.0
2024-08-27 07:00:00,20.57,311.85608,993.2047,2.3090534,13.836156,0.0,0.0
2024-08-27 08:00:00,20.05,311.66394,993.42883,2.3653958,14.010336,0.0,0.0
2024-08-27 09:00:00,20.42,311.142,994.0437,2.508448,14.536768,0.0,0.0
2024-08-27 10:00:00,20.9,309.72534,994.57153,2.4355764,15.999699,0.0,0.0
2024-08-27 11:00:00,21.15,308.2907,995.2572,3.052664,17.5583,0.0,0.0
2024-08-27 12:00:00,20.95,306.89902,995.7378,3.6526203,19.108114,0.0,0.0
2024-08-27 13:00:00,21.13,305.82632,996.16345,4.0184627,20.367535,0.0,0.0
2024-08-27 14:00:00,20.9,304.8551,996.3237,4.282743,21.513704,0.0,0.0
2024-08-27 15:00:00,20.75,303.9457,996.34045,4.402013,22.516056,0.0,0.0
2024-08-27 16:00:00,20.04,303.0478,995.91034,4.5805483,23.287495,0.0,0.0
2024-08-27 17:00:00,19.2,302.26447,995.7017,4.7620745,23.441864,0.0,0.0
2024-08-27 18:00:00,18.62,301.63043,995.4461,4.9510584,22.999521,0.0,0.0
2024-08-27 19:00:00,18.38,300.11258,995.6736,4.140975,23.983902,0.0,0.0
2024-08-27 20:00:00,18.27,299.04245,996.0197,2.6479461,25.739782,0.0,0.0
2024-08-27 21:00:00,18.49,297.6477,996.96954,1.6261935,29.608107,0.0,0.0
2024-08-27 22:00:00,18.42,297.03076,997.6817,1.2633772,31.693808,0.0,0.0
2024-08-27 23:00:00,18.78,298.1825,998.5692,0.7729156,30.285614,0.0,0.0
2024-08-28 00:00:00,18.75,301.962,999.15234,1.3693647,22.872944,0.0,0.0
2024-08-28 01:00:00,17.88,304.65912,999.15546,3.1201837,19.181976,0.0,0.0
2024-08-28 02:00:00,16.95,307.23334,998.5383,4.3343625,16.676163,0.0,0.0
2024-08-28 03:00:00,16.23,309.6125,997.16736,5.528965,13.872059,0.0,0.0
2024-08-28 04:00:00,15.79,311.026,995.6407,6.25044,11.423849,0.0,0.0
2024-08-28 05:00:00,15.13,311.72504,994.46313,6.35617,9.687026,0.0,0.0
2024-08-28 06:00:00,14.53,311.95428,993.7416,6.1138806,8.866892,0.0,0.0
2024-08-28 07:00:00,14.02,312.03778,993.39813,6.061299,9.499538,0.0,0.0
2024-08-28 08:00:00,13.44,311.55194,993.3474,5.68502,9.3048315,0.0,0.0
2024-08-28 09:00:00,13.08,310.63403,994.0149,4.628676,9.542307,0.0,0.0
2024-08-28 10:00:00,12.66,308.42117,994.55884,3.490312,10.821991,0.0,0.0
2024-08-28 11:00:00,12.11,306.70868,995.0667,3.5021036,12.015319,0.0,0.0
2024-08-28 12:00:00,11.36,305.18176,995.4537,3.7915022,13.286507,0.0,0.0
2024-08-28 13:00:00,11.59,303.87436,996.03516,3.9159951,14.634005,0.0,0.0
2024-08-28 14:00:00,11.84,302.71686,996.147,4.046279,16.196651,0.0,0.0
2024-08-28 15:00:00,11.98,301.76312,995.9822,4.1440625,17.94524,0.0,0.0
2024-08-28 16:00:00,11.83,300.89948,995.56995,4.1663384,19.739767,0.0,0.0
2024-08-28 17:00:00,11.62,300.0761,995.25616,4.1232343,21.382607,0.0,0.0
2024-08-28 18:00:00,11.98,299.32037,994.93976,4.0231915,22.795435,0.0,0.0
2024-08-28 19:00:00,12.46,297.91345,995.3198,4.1607575,24.338148,0.0,0.0
2024-08-28 20:00:00,12.95,297.11493,995.618,3.7455146,26.169348,0.0,0.0
2024-08-28 21:00:00,14.06,296.29938,996.1184,3.2442887,28.176727,0.0,0.0
2024-08-28 22:00:00,14.83,295.4079,997.03076,2.6315172,30.482754,0.0,0.0
2024-08-28 23:00:00,15.4,296.44446,997.5173,1.636183,30.401468,0.0,0.0
2024-08-29 00:00:00,15.38,300.75946,998.2394,1.5971535,22.624647,0.0,0.0
2024-08-29 01:00:00,14.67,303.99017,998.0737,2.0567267,19.424313,0.0,0.0
2024-08-29 02:00:00,14.93,306.77145,997.5387,2.771997,17.401794,0.0,0.0
2024-08-29 03:00:00,15.57,308.6479,996.33563,3.5645092,15.782606,0.0,0.0
2024-08-29 04:00:00,16.04,309.61957,994.9079,3.3658292,14.29344,0.0,0.0
2024-08-29 05:00:00,16.8,310.27063,994.05,2.9641974,13.618588,0.0,0.0
2024-08-29 06:00:00,17.17,310.61493,993.37305,2.588302,13.338942,0.0,0.0
2024-08-29 07:00:00,17.09,310.84692,992.4992,2.5874836,13.416466,0.0,0.0
2024-08-29 08:00:00,16.28,310.61646,992.5385,1.9349415,13.50085,0.0,0.0
2024-08-29 09:00:00,16.41,310.11798,992.7469,1.3070215,13.836554,0.0,0.0
2024-08-29 10:00:00,16.8,309.13586,993.3606,0.3009306,14.808373,0.0,0.0
2024-08-29 11:00:00,16.83,307.80585,993.8251,1.2539588,16.641811,0.0,0.0
2024-08-29 12:00:00,16.34,305.90237,994.5547,1.9636717,18.570108,0.0,0.0
2024-08-29 13:00:00,16.7,304.20935,994.628,2.3505101,20.318035,0.0,0.0
2024-08-29 14:00:00,16.81,302.71674,994.8669,2.7062705,22.00392,0.0,0.0
2024-08-29 15:00:00,16.83,301.37213,994.5811,2.8028638,23.731445,0.0,0.0
2024-08-29 16:00:00,16.89,300.36133,994.1489,3.0301726,25.06924,0.0,0.0
2024-08-29 17:00:00,17.47,299.57056,993.7311,3.0760229,26.121595,0.0,0.0
2024-08-29 18:00:00,18.6,298.6167,993.77264,3.0508385,27.882395,0.0,0.0
2024-08-29 19:00:00,19.03,297.00134,994.0175,3.5490422,35.13129,0.0,0.0
2024-08-29 20:00:00,19.16,296.1223,994.4439,3.3976545,49.953346,0.0,0.0
2024-08-29 21:00:00,19.08,295.40622,994.9721,3.119781,64.46592,0.0,0.0
2024-08-29 22:00:00,18.61,294.8029,995.8473,2.7163823,74.93432,0.0,0.0
2024-08-29 23:00:00,18.99,296.1689,996.3307,2.3471663,72.34918,0.0,0.0
2024-08-30 00:00:00,18.81,298.85602,996.68164,2.8347082,61.91262,0.0,0.0
2024-08-30 01:00:00,18.75,301.67535,996.6472,2.6968446,48.869938,0.0,0.0
2024-08-30 02:00:00,19.22,304.30133,996.09,2.2571561,37.56003,0.0,0.0
2024-08-30 03:00:00,19.67,306.54425,995.1822,1.8807458,29.981815,0.0,0.0
2024-08-30 04:00:00,19.91,308.32306,993.96014,1.6590997,24.216454,0.0,0.0
2024-08-30 05:00:00,20.16,309.4879,993.1085,1.1789988,19.306065,0.0,0.0
2024-08-30 06:00:00,19.98,309.9912,992.2325,0.4073189,16.624123,0.0,0.0
2024-08-30 07:00:00,19.73,310.46945,991.84186,0.49729148,14.81492,0.0,0.0
2024-08-30 08:00:00,18.99,310.32968,992.0444,0.31109124,14.593455,0.0,0.0
2024-08-30 09:00:00,19.2,309.90637,992.45917,0.22022003,14.77602,0.0,0.0
2024-08-30 10:00:00,19.95,308.94836,993.0175,0.7436462,15.73462,0.0,0.0
2024-08-30 11:00:00,20.43,307.9441,993.452,1.3348495,16.847832,0.0,0.0
2024-08-30 12:00:00,20.5,306.40854,994.0137,1.8488396,18.91023,0.0,0.0
2024-08-30 13:00:00,20.44,305.05414,994.0076,2.4854484,20.267538,0.0,0.0
2024-08-30 14:00:00,20.25,303.8697,993.9638,2.8918703,21.826088,0.0,0.0
2024-08-30 15:00:00,20.67,302.92145,993.7809,3.0645816,23.189802,0.0,0.0
2024-08-30 16:00:00,21.01,301.4416,993.49475,2.4891546,25.509253,0.0,0.0
2024-08-30 17:00:00,21.77,300.31213,993.3102,3.3038623,28.7532,0.0,0.0
2024-08-30 18:00:00,21.8,298.88733,993.4461,4.638017,42.518024,0.0,0.0
2024-08-30 19:00:00,22.56,297.3122,993.5084,3.1310952,60.91883,0.0,0.0
2024-08-30 20:00:00,23.28,296.5509,993.90094,2.6016905,64.2996,0.0,0.0
2024-08-30 21:00:00,24.21,295.8203,994.2258,2.5064943,66.72952,0.0,0.0
2024-08-30 22:00:00,24.14,295.25687,995.02954,2.7330961,68.57148,0.0,0.0
2024-08-30 23:00:00,24.89,296.85632,995.8002,2.745142,61.503555,0.0,0.0
2024-08-31 00:00:00,26.4,299.8067,996.0799,3.335328,48.846962,0.0,0.0
2024-08-31 01:00:00,25.83,302.4656,996.14764,3.3391151,38.351353,0.0,0.0
2024-08-31 02:00:00,25.17,304.9489,995.4467,2.858558,30.453497,0.0,0.0
2024-08-31 03:00:00,24.67,307.27515,994.5142,2.2806191,24.03127,0.0,0.0
2024-08-31 04:00:00,24.66,309.1121,993.1717,1.6630906,19.233582,0.0,0.0
2024-08-31 05:00:00,25.2,310.19348,992.02295,0.8783773,16.328339,0.0,0.0
2024-08-31 06:00:00,25.14,310.72607,991.1951,0.23814338,15.019852,0.0,0.0
2024-08-31 07:00:00,24.29,311.15363,990.56555,0.98331505,14.641256,0.0,0.0
2024-08-31 08:00:00,23.08,311.0609,990.5786,1.0127605,14.510594,0.0,0.0
2024-08-31 09:00:00,22.38,310.65408,990.8308,0.44990662,14.75301,0.0,0.0
2024-08-31 10:00:00,22.42,309.78714,991.1769,1.4738556,15.6531925,0.0,0.0
2024-08-31 11:00:00,22.33,308.39185,991.52765,2.7256916,17.051662,0.0,0.0
2024-08-31 12:00:00,22.1,306.8235,992.1653,3.0481472,18.708965,0.0,0.0
2024-08-31 13:00:00,22.63,305.62573,992.2649,3.0591028,19.96929,0.0,0.0
2024-08-31 14:00:00,22.9,304.48303,992.56354,2.946037,21.261805,0.0,0.0
2024-08-31 15:00:00,23.25,303.21014,992.7018,2.4491024,22.945736,0.0,0.0
2024-08-31 16:00:00,23.36,301.7973,992.84784,1.9519162,25.448174,0.0,0.0
2024-08-31 17:00:00,23.52,301.2876,992.5371,1.4376037,26.146866,0.0,0.0
2024-08-31 18:00:00,24.44,299.60303,992.75037,2.6360252,28.68824,0.0,0.0
2024-08-31 19:00:00,24.38,298.11145,993.163,4.098844,48.73598,0.0,0.0
2024-08-31 20:00:00,24.43,297.23636,993.4983,3.8453023,64.10777,0.0,0.0
2024-08-31 21:00:00,24.78,296.56595,993.9994,3.4375346,71.824585,0.0,0.0
2024-08-31 22:00:00,24.1,296.07965,994.63586,3.0658317,75.67085,0.0,0.0
2024-08-31 23:00:00,23.62,297.57077,995.3713,3.2777624,69.232994,0.0,0.0
2024-09-01 00:00:00,23.52,300.5067,995.8766,3.6469076,56.178646,0.0021487474,0.0
2024-09-01 01:00:00,23.37,303.51718,995.9944,3.2794435,43.077785,0.0,0.0
2024-09-01 02:00:00,23.56,306.136,995.8192,2.6225536,33.508377,0.0,0.0
2024-09-01 03:00:00,23.84,308.35486,994.7903,2.2834826,26.890007,0.0,0.0
2024-09-01 04:00:00,24.12,310.17023,993.65845,2.5192676,22.160902,0.0,0.0
2024-09-01 05:00:00,25.17,311.23505,992.5159,2.4199033,18.861712,0.0,0.0
2024-09-01 06:00:00,26.01,311.79187,991.8175,2.2345848,17.030577,0.0,0.0
2024-09-01 07:00:00,26.3,312.20102,991.35876,2.1090343,16.706667,0.0,0.0
2024-09-01 08:00:00,25.5,312.08237,991.56506,1.7475001,16.335342,0.0,0.0
2024-09-01 09:00:00,25.54,311.69846,991.7491,1.3908106,16.092808,0.0,0.0
2024-09-01 10:00:00,26.59,310.80643,992.0386,0.62070537,16.780714,0.0,0.0
2024-09-01 11:00:00,27.43,309.6068,992.84155,1.2456868,18.103577,0.0,0.0
2024-09-01 12:00:00,27.44,307.78046,993.548,2.3357253,19.67372,0.0,0.0
2024-09-01 13:00:00,27.0,306.2148,994.259,3.5153353,20.463573,0.0,0.0
2024-09-01 14:00:00,26.35,305.2012,994.7438,4.534928,20.74066,0.0,0.0
2024-09-01 15:00:00,25.42,304.67023,995.1242,5.476448,23.357891,0.0,0.0
2024-09-01 16:00:00,24.53,304.02734,994.91156,5.34425,27.401844,0.0,0.0
2024-09-01 17:00:00,24.31,303.15372,994.5117,4.643751,30.162323,0.0,0.0
2024-09-01 18:00:00,25.82,302.14517,994.54346,4.2337623,32.011,0.0,0.0
2024-09-01 19:00:00,27.62,299.9544,995.11615,3.5674593,40.0663,0.0,0.0
2024-09-01 20:00:00,28.37,298.89557,995.6717,2.9538095,50.549103,0.0,0.0
2024-09-01 21:00:00,27.64,298.1625,996.8953,2.1293895,57.57993,0.0,0.0
2024-09-01 22:00:00,27.36,297.4335,997.8725,1.0808908,63.09781,0.0,0.0
2024-09-01 23:00:00,27.59,298.8957,998.90607,0.7095939,58.17463,0.0,0.0
2024-09-02 00:00:00,28.31,300.82745,999.61304,1.130036,52.378094,0.0,0.0
2024-09-02 01:00:00,27.88,303.0321,999.9554,0.6189359,44.804577,0.0,0.0
2024-09-02 02:00:00,26.72,305.30853,999.5747,0.2692161,38.070644,0.0,0.0
2024-09-02 03:00:00,25.58,307.67023,998.3786,1.9043746,31.07053,0.0,0.0
2024-09-02 04:00:00,24.43,310.06256,996.8097,3.907948,23.689102,0.0,0.0
2024-09-02 05:00:00,22.91,312.05844,995.3783,5.5027633,17.292625,0.0,0.0
2024-09-02 06:00:00,21.94,313.24945,994.24884,6.7476935,13.3267565,0.0,0.0
2024-09-02 07:00:00,21.02,313.63806,993.7402,8.300605,11.795035,0.0,0.0
2024-09-02 08:00:00,20.36,312.98456,993.92896,7.9258804,12.458771,0.0,0.0
2024-09-02 09:00:00,21.36,311.90063,994.5397,6.75416,13.595499,0.0,0.0
2024-09-02 10:00:00,22.24,310.1735,995.20953,5.2212934,15.382503,0.0,0.0
2024-09-02 11:00:00,22.49,308.84402,996.52325,4.723802,16.989943,0.0,0.0
2024-09-02 12:00:00,22.97,307.56628,997.3399,4.242639,18.632109,0.0,0.0
2024-09-02 13:00:00,23.27,306.32748,997.71326,3.8929946,20.300163,0.0,0.0
2024-09-02 14:00:00,23.16,305.13177,998.04224,3.3888059,21.99804,0.0,0.0
2024-09-02 15:00:00,23.34,303.8875,998.0808,3.122083,23.827412,0.0,0.0
2024-09-02 16:00:00,23.47,302.79944,998.1291,3.2687335,25.556725,0.0,0.0
2024-09-02 17:00:00,23.93,301.69833,997.7422,2.700125,27.498701,0.0,0.0
2024-09-02 18:00:00,24.38,300.34442,997.7862,2.0772035,30.727139,0.0,0.0
2024-09-02 19:00:00,24.41,298.84073,997.82227,2.050588,37.03662,0.0,0.0
2024-09-02 20:00:00,24.85,297.90573,997.8647,2.306608,45.0734,0.0,0.0
2024-09-02 21:00:00,24.64,297.02954,998.35333,2.12427,53.777927,0.0,0.0
2024-09-02 22:00:00,24.31,296.20264,998.81946,1.6372762,61.05116,0.0,0.0
2024-09-02 23:00:00,24.52,297.86923,999.2966,1.2118992,57.58056,0.0,0.0
2024-09-03 00:00:00,25.26,300.98434,999.56323,1.1564057,46.86571,0.0,0.0
2024-09-03 01:00:00,25.47,304.26486,999.5725,1.1402543,32.13642,0.0,0.0
2024-09-03 02:00:00,25.3,307.84122,999.14154,3.813734,22.657621,0.0,0.0
2024-09-03 03:00:00,24.29,310.6067,997.9231,7.3470483,18.005915,0.0,0.0
2024-09-03 04:00:00,22.81,311.63605,996.57874,8.080409,16.501474,0.0,0.0
2024-09-03 05:00:00,22.53,312.16107,995.26,7.5297065,15.426731,0.0,0.0
2024-09-03 06:00:00,22.03,312.4571,994.3815,6.9078445,14.494567,0.0,0.0
2024-09-03 07:00:00,21.21,312.64905,994.0142,5.808156,13.399845,0.0,0.0
2024-09-03 08:00:00,20.84,312.33948,993.92914,5.4385233,13.273244,0.0,0.0
2024-09-03 09:00:00,21.31,311.61166,994.41406,4.7712507,13.447231,0.0,0.0
2024-09-03 10:00:00,21.46,309.76648,994.96313,3.6429968,14.650704,0.0,0.0
2024-09-03 11:00:00,21.17,308.33124,995.6227,3.6848235,15.545854,0.0,0.0
2024-09-03 12:00:00,20.67,306.99045,996.16907,3.8368604,16.390865,0.0,0.0
2024-09-03 13:00:00,20.29,305.86694,996.4341,4.1949534,17.154522,0.0,0.0
2024-09-03 14:00:00,20.17,304.83698,996.4919,4.418399,18.091658,0.0,0.0
2024-09-03 15:00:00,20.39,303.85077,996.66724,4.286869,19.290495,0.0,0.0
2024-09-03 16:00:00,20.89,302.9251,996.4802,4.375769,20.661657,0.0,0.0
2024-09-03 17:00:00,21.69,302.19824,996.18243,4.1229377,21.925503,0.0,0.0
2024-09-03 18:00:00,22.91,301.19043,996.1122,3.3199944,23.618519,0.0,0.0
2024-09-03 19:00:00,23.78,299.80148,996.1163,3.0628514,25.761002,0.0,0.0
2024-09-03 20:00:00,23.91,298.63498,996.08936,2.6384628,31.535181,0.0,0.0
2024-09-03 21:00:00,23.06,297.65817,996.7089,2.1681154,38.833004,0.0,0.0
2024-09-03 22:00:00,22.7,296.83463,997.0486,1.9894996,45.101562,0.0,0.0
2024-09-03 23:00:00,22.87,298.57236,997.7505,1.5785431,44.46277,0.0,0.0
2024-09-04 00:00:00,23.61,301.93106,998.11475,2.1145625,41.97264,0.0,0.0
2024-09-04 01:00:00,23.31,305.03955,998.15094,3.643796,31.281713,0.0,0.0
2024-09-04 02:00:00,22.21,307.7169,997.5645,5.7649803,19.796791,0.0,0.0
2024-09-04 03:00:00,20.54,309.5046,996.1602,6.266399,15.106442,0.0,0.0
2024-09-04 04:00:00,19.31,310.64215,994.7745,5.4328303,12.763669,0.0,0.0
2024-09-04 05:00:00,18.96,311.20728,993.2674,4.314319,11.554543,0.0,0.0
2024-09-04 06:00:00,19.13,311.49417,992.23737,3.535887,10.985787,0.0,0.0
2024-09-04 07:00:00,18.58,311.7812,991.4578,3.947003,10.660529,0.0,0.0
2024-09-04 08:00:00,18.19,311.44232,991.2684,3.718381,10.737754,0.0,0.0
2024-09-04 09:00:00,18.32,310.74982,991.3349,3.553077,11.143715,0.0,0.0
2024-09-04 10:00:00,18.58,309.00104,991.716,3.2553875,12.6377125,0.0,0.0
2024-09-04 11:00:00,18.64,307.48798,992.3367,3.9210105,14.16182,0.0,0.0
2024-09-04 12:00:00,18.84,306.25397,992.96716,4.5249023,15.561263,0.0,0.0
2024-09-04 13:00:00,19.46,305.245,993.1697,4.84173,16.660908,0.0,0.0
2024-09-04 14:00:00,19.82,304.33746,993.59705,4.794767,17.58191,0.0,0.0
2024-09-04 15:00:00,19.76,303.38583,993.5078,4.7255864,18.463608,0.0,0.0
2024-09-04 16:00:00,19.73,302.48523,993.3606,4.6281996,19.411903,0.0,0.0
2024-09-04 17:00:00,20.37,301.59628,993.1153,4.3971176,20.840906,0.0,0.0
2024-09-04 18:00:00,21.5,300.88037,993.1813,4.196944,22.621418,0.0,0.0
2024-09-04 19:00:00,23.01,299.8181,993.15405,3.998584,25.352737,0.0,0.0
2024-09-04 20:00:00,24.19,299.3092,993.3914,3.624081,33.839355,0.0,0.0
2024-09-04 21:00:00,23.99,298.56433,994.0467,3.498146,47.28432,0.0,0.0
2024-09-04 22:00:00,23.93,298.18457,995.0747,3.2855735,56.958992,0.0,0.0
2024-09-04 23:00:00,24.57,299.53842,995.682,3.1472259,56.37297,0.0,0.0
2024-09-05 00:00:00,25.17,302.0417,996.2092,3.9204404,45.484333,0.0,0.0
2024-09-05 01:00:00,25.08,304.43488,996.17554,4.1812096,33.291424,0.0,0.0
2024-09-05 02:00:00,24.92,306.40317,995.7353,4.0847692,26.735157,0.0,0.0
2024-09-05 03:00:00,24.82,308.0415,994.8692,4.064205,22.536694,0.0,0.0
2024-09-05 04:00:00,24.75,309.2301,993.84106,4.07522,19.712563,0.0,0.0
2024-09-05 05:00:00,25.22,309.97485,993.1203,4.23365,18.152803,0.0,0.0
2024-09-05 06:00:00,24.75,309.82642,992.7171,4.253239,17.867584,0.0,0.0
2024-09-05 07:00:00,23.34,309.98386,992.08813,2.6001968,16.978125,0.0,0.0
2024-09-05 08:00:00,22.59,309.70233,992.16187,2.1710215,16.889957,0.0,0.0
2024-09-05 09:00:00,22.49,309.26782,992.48016,1.7592765,17.156328,0.0,0.0
2024-09-05 10:00:00,22.78,308.4536,993.187,1.3951422,18.126997,0.0,0.0
2024-09-05 11:00:00,22.92,307.43933,993.8299,1.6693548,19.482454,0.0,0.0
2024-09-05 12:00:00,22.54,306.05194,994.4519,2.3661134,21.364618,0.0,0.0
2024-09-05 13:00:00,23.14,304.5413,994.72034,2.8624341,23.537298,0.0,0.0
2024-09-05 14:00:00,23.73,303.39255,994.98627,3.0803323,25.416874,0.0,0.0
2024-09-05 15:00:00,23.85,302.43884,995.08093,3.022114,27.196392,0.0,0.0
2024-09-05 16:00:00,24.5,301.6527,994.938,3.0161529,28.878754,0.0,0.0
2024-09-05 17:00:00,25.22,300.62234,995.2017,2.3363516,32.66311,0.0,0.0
2024-09-05 18:00:00,26.92,300.13177,995.45624,1.1530447,35.567192,0.0,0.0
2024-09-05 19:00:00,26.96,299.4369,995.5656,0.87861615,36.292763,0.0,0.0
2024-09-05 20:00:00,26.45,298.52173,995.96155,1.4585292,39.246593,0.0,0.0
2024-09-05 21:00:00,25.27,297.79816,996.68134,2.602256,41.63932,0.0,0.0
2024-09-05 22:00:00,24.69,297.0907,997.5729,2.9300528,45.246113,0.0,0.0
2024-09-05 23:00:00,24.72,299.47437,998.2511,2.7008402,39.413364,0.0,0.0
2024-09-06 00:00:00,24.86,302.5068,998.755,2.9664156,31.380108,0.0,0.0
2024-09-06 01:00:00,25.11,304.53778,998.8619,2.7531114,27.102709,0.0,0.0
2024-09-06 02:00:00,25.68,306.43927,998.4114,2.6850357,23.631638,0.0,0.0
2024-09-06 03:00:00,25.81,308.1036,997.405,2.860807,20.962317,0.0,0.0
2024-09-06 04:00:00,25.9,309.19006,996.26,2.3542497,19.205566,0.0,0.0
2024-09-06 05:00:00,26.4,309.7764,995.3161,1.3876594,18.16509,0.0,0.0
2024-09-06 06:00:00,26.95,310.14975,994.7564,0.815741,17.362614,0.0,0.0
2024-09-06 07:00:00,27.17,310.118,994.55023,0.7394396,17.824402,0.0,0.0
2024-09-06 08:00:00,27.48,309.96124,994.95416,0.28512636,17.784369,0.0,0.0
2024-09-06 09:00:00,28.3,309.51877,995.3716,0.57346094,18.11161,0.0,0.0
2024-09-06 10:00:00,29.04,308.96475,995.8025,1.7393328,18.782158,0.0,0.0
2024-09-06 11:00:00,29.32,307.97668,996.38257,2.5701253,20.026203,0.0,0.0
2024-09-06 12:00:00,29.59,307.15643,996.8589,3.265482,20.921175,0.0,0.0
2024-09-06 13:00:00,29.93,306.50836,997.05865,3.8487763,21.535788,0.0,0.0
2024-09-06 14:00:00,29.94,305.81076,997.33435,3.847824,22.193184,0.0,0.0
2024-09-06 15:00:00,29.93,305.16174,997.2247,3.645672,22.80152,0.0,0.0
2024-09-06 16:00:00,29.48,304.69373,997.171,3.132815,23.216091,0.0,0.0
2024-09-06 17:00:00,29.39,303.8221,997.34186,2.555517,24.473795,0.0,0.0
2024-09-06 18:00:00,29.0,303.4428,997.3625,2.7921357,25.917383,0.0,0.0
2024-09-06 19:00:00,29.29,302.0954,997.1978,1.6459275,29.379255,0.0,0.0
2024-09-06 20:00:00,30.73,301.2234,997.1993,2.3166976,30.601063,0.0,0.0
2024-09-06 21:00:00,31.61,300.24048,997.7333,3.5307178,34.464367,0.0,0.0
2024-09-06 22:00:00,32.5,299.36835,998.31354,3.5420969,42.505512,0.0,0.0
2024-09-06 23:00:00,32.64,300.39447,999.0521,3.3874035,48.20218,0.0,0.0
2024-09-07 00:00:00,33.02,302.39233,999.627,3.1205513,47.01415,0.0,0.0
2024-09-07 01:00:00,33.38,304.8546,999.8931,2.4121158,39.011047,0.0,0.0
2024-09-07 02:00:00,34.21,307.07233,999.29346,2.1885443,32.70586,0.0,0.0
2024-09-07 03:00:00,35.41,308.93344,998.38306,3.281695,27.974022,0.0,0.0
2024-09-07 04:00:00,35.8,310.12952,997.1179,3.3888905,24.91044,0.0,0.0
2024-09-07 05:00:00,36.75,310.92584,996.2482,3.1046014,22.93106,0.0,0.0
2024-09-07 06:00:00,36.53,311.4375,995.4114,2.7739844,21.635185,0.0,0.0
2024-09-07 07:00:00,35.39,311.83102,995.1981,2.348991,19.914433,0.0,0.0
2024-09-07 08:00:00,34.73,311.63782,995.4189,2.1281047,19.699085,0.0,0.0
2024-09-07 09:00:00,35.24,311.1646,995.53925,1.8898188,19.963287,0.0,0.0
2024-09-07 10:00:00,35.68,310.49927,995.998,1.0805398,20.745766,0.0,0.0
2024-09-07 11:00:00,35.59,309.80988,996.3922,1.3164858,21.746939,0.0,0.0
2024-09-07 12:00:00,35.47,308.8499,996.9079,2.1861598,23.071733,0.0,0.0
2024-09-07 13:00:00,35.51,307.88312,997.1646,2.3894303,24.380108,0.0,0.0
2024-09-07 14:00:00,35.65,307.11395,997.1382,2.1712658,25.587898,0.0,0.0
2024-09-07 15:00:00,35.42,306.08542,996.9842,2.518785,27.104214,0.0,0.0
2024-09-07 16:00:00,35.19,305.42636,996.62787,2.5382159,28.142473,0.0,0.0
2024-09-07 17:00:00,35.12,304.7124,996.4456,2.6766589,29.821808,0.0,0.0
2024-09-07 18:00:00,35.12,303.35138,996.4308,4.471396,36.01591,0.0,0.0
2024-09-07 19:00:00,35.24,301.62946,996.75916,4.349494,46.517906,0.0,0.0
2024-09-07 20:00:00,35.15,300.69012,996.8367,3.9897957,51.453445,0.0,0.0
2024-09-07 21:00:00,34.81,299.98645,997.1895,3.6748817,54.526062,0.0,0.0
2024-09-07 22:00:00,34.59,299.47543,998.03485,3.2602286,57.0421,0.0,0.0
2024-09-07 23:00:00,34.61,300.61755,998.6912,3.2735038,54.168095,0.0,0.0
2024-09-08 00:00:00,33.55,302.64954,999.21844,2.6117811,45.699398,0.0,0.0
2024-09-08 01:00:00,33.4,304.6169,998.8194,1.6696563,38.568485,0.0,0.0
2024-09-08 02:00:00,33.62,306.76642,998.3819,1.2614887,32.808403,0.0,0.0
2024-09-08 03:00:00,33.58,308.69318,997.1139,1.2148917,28.07593,0.0,0.0
2024-09-08 04:00:00,33.7,309.85236,996.0975,1.6096752,24.69745,0.0,0.0
2024-09-08 05:00:00,33.85,310.36047,994.9967,1.7412713,23.235876,0.0,0.0
2024-09-08 06:00:00,33.56,310.7152,994.3262,2.0299594,22.44009,0.0,0.0
2024-09-08 07:00:00,32.52,311.44666,993.3947,2.3409872,20.767689,0.0,0.0
2024-09-08 08:00:00,32.33,311.34174,993.45825,2.3739176,20.58667,0.0,0.0
2024-09-08 09:00:00,32.89,310.91898,993.6825,2.4897854,20.585716,0.0,0.0
2024-09-08 10:00:00,33.62,310.11716,994.0767,2.245673,21.464142,0.0,0.0
2024-09-08 11:00:00,34.28,309.391,994.5586,2.491992,22.234436,0.0,0.0
2024-09-08 12:00:00,35.23,308.46497,994.8069,2.9139965,23.312326,0.0,0.0
2024-09-08 13:00:00,34.94,307.81183,994.9037,2.9737716,24.107841,0.0,0.0
2024-09-08 14:00:00,34.02,306.88232,994.8236,3.0958157,25.429708,0.0,0.0
2024-09-08 15:00:00,32.95,306.07776,994.55347,3.725771,26.396183,0.0,0.0
2024-09-08 16:00:00,32.24,305.02826,994.2603,4.384452,27.37264,0.0,0.0
2024-09-08 17:00:00,31.96,304.06122,993.6047,4.1431804,28.321802,0.0,0.0
2024-09-08 18:00:00,31.47,303.39307,993.4578,3.8168504,29.172283,0.0,0.0
2024-09-08 19:00:00,31.39,302.14612,993.95624,3.910514,32.06315,0.0,0.0
2024-09-08 20:00:00,31.74,301.74112,994.04297,4.101442,32.808624,0.0,0.0
2024-09-08 21:00:00,31.64,301.43338,994.5081,4.160499,33.10482,0.0,0.0
2024-09-08 22:00:00,32.19,301.11,995.04865,3.915343,33.497982,0.0,0.0
2024-09-08 23:00:00,32.66,302.80054,995.63947,3.9686062,30.406162,0.0,0.0
2024-09-09 00:00:00,34.05,304.85913,996.15784,4.5356517,28.69479,0.0,0.0
2024-09-09 01:00:00,33.95,306.6944,996.1649,4.1758614,28.47814,0.0,0.0
2024-09-09 02:00:00,34.33,308.4713,995.66547,3.9358363,27.01537,0.0,0.0
2024-09-09 03:00:00,34.99,309.48517,994.69476,4.164661,24.343863,0.0,0.0
2024-09-09 04:00:00,35.21,309.76855,993.6543,3.1630108,22.88069,0.0,0.0
2024-09-09 05:00:00,36.24,309.79343,992.7254,2.146383,22.1033,0.0,0.0
2024-09-09 06:00:00,37.21,309.8339,992.0344,1.5084722,21.807722,0.0,0.0
2024-09-09 07:00:00,37.68,310.0869,991.4913,1.0656724,20.876228,0.0,0.0
2024-09-09 08:00:00,36.89,309.96594,991.6453,0.6581901,20.73988,0.0,0.0
2024-09-09 09:00:00,36.83,309.64587,991.7571,0.23725167,20.85747,0.0,0.0
2024-09-09 10:00:00,37.02,309.19965,992.3846,1.0200715,21.562376,0.0,0.0
2024-09-09 11:00:00,37.11,308.3595,992.90875,1.8430572,22.96211,0.0,0.0
2024-09-09 12:00:00,37.15,307.27325,993.4451,1.9429231,24.676607,0.0,0.0
2024-09-09 13:00:00,36.65,306.12415,993.93866,2.079249,26.21801,0.0,0.0
2024-09-09 14:00:00,35.75,305.22092,994.1875,2.6112394,26.845364,0.0,0.0
2024-09-09 15:00:00,35.27,304.5384,994.20624,3.2871084,26.488003,0.0,0.0
2024-09-09 16:00:00,34.38,304.12103,993.66406,4.062603,25.766909,0.0,0.0
2024-09-09 17:00:00,33.31,303.72815,993.242,4.655015,25.86802,0.0,0.0
2024-09-09 18:00:00,32.23,303.1114,992.9659,4.656138,27.161175,0.0,0.0
2024-09-09 19:00:00,31.26,302.5545,993.0375,5.546763,28.11896,0.0,0.0
2024-09-09 20:00:00,29.41,302.26898,993.2575,5.4845805,29.56038,0.0,0.0
2024-09-09 21:00:00,27.48,301.6898,993.78595,4.9521937,31.568352,0.0,0.0
2024-09-09 22:00:00,27.2,301.34485,994.8032,4.4491158,33.121563,0.0,0.0
2024-09-09 23:00:00,28.63,302.6291,995.8068,4.3113165,31.78122,0.0,0.0
2024-09-10 00:00:00,30.26,304.0282,996.6337,4.695993,31.414318,0.0017137743,0.0
2024-09-10 01:00:00,30.11,306.0426,996.6995,6.22806,28.576542,0.0,0.0
2024-09-10 02:00:00,29.02,307.43253,996.1408,6.8538313,25.289711,0.0,0.0
2024-09-10 03:00:00,27.56,308.9152,995.04016,6.591956,22.21759,0.0,0.0
2024-09-10 04:00:00,27.36,309.51056,993.8843,5.7799997,20.5056,0.0,0.0
2024-09-10 05:00:00,27.75,310.22614,992.9919,4.770257,18.931456,0.0,0.0
2024-09-10 06:00:00,27.47,310.59088,992.29175,3.7717564,17.883379,0.0,0.0
2024-09-10 07:00:00,27.02,310.86023,991.4338,3.3573494,17.454485,0.0,0.0
2024-09-10 08:00:00,27.06,310.66187,992.08545,2.6219108,17.1228,0.0,0.0
2024-09-10 09:00:00,27.51,310.13626,992.59424,2.3587205,17.322096,0.0,0.0
2024-09-10 10:00:00,28.35,309.48547,993.51733,1.7579623,17.951502,0.0,0.0
2024-09-10 11:00:00,28.49,308.49878,994.26,1.7628859,19.078146,0.0,0.0
2024-09-10 12:00:00,28.36,307.6433,994.8886,2.5046728,20.0203,0.0,0.0
2024-09-10 13:00:00,27.64,306.55847,995.0592,3.28093,21.071634,0.0,0.0
2024-09-10 14:00:00,27.46,306.1349,995.0697,3.895851,21.352283,0.0,0.0
2024-09-10 15:00:00,27.22,305.51505,995.27625,4.741091,21.884138,0.0,0.0
2024-09-10 16:00:00,27.83,304.9521,995.04706,4.484613,22.394821,0.0,0.0
2024-09-10 17:00:00,29.01,303.96478,995.01337,3.2139022,23.485909,0.0,0.0
2024-09-10 18:00:00,30.6,302.60867,995.053,3.154941,28.076612,0.0,0.0
2024-09-10 19:00:00,32.45,299.9258,995.84174,3.99647,60.738926,0.0,0.0
2024-09-10 20:00:00,34.13,299.23654,996.05365,3.840286,67.79856,0.0,0.0
2024-09-10 21:00:00,34.33,298.83362,996.8812,3.6812694,71.08871,0.0,0.0
2024-09-10 22:00:00,35.12,298.76572,997.76404,3.4622087,71.514854,0.0,0.0
2024-09-10 23:00:00,36.09,299.65466,998.70844,3.7901657,67.611916,0.0,0.0
2024-09-11 00:00:00,36.53,301.3939,999.33826,3.2970216,59.511955,0.0,0.0
2024-09-11 01:00:00,36.08,303.1957,999.45404,1.9263586,51.60206,0.0,0.0
2024-09-11 02:00:00,36.14,304.92017,998.71954,0.55703074,44.196213,0.0031925738,0.0
2024-09-11 03:00:00,35.52,306.6132,997.7251,0.70804286,35.22082,0.011514872,0.0
2024-09-11 04:00:00,34.55,308.35846,996.45013,2.3471763,27.18563,0.0,0.0
2024-09-11 05:00:00,33.79,309.1648,995.34546,2.932658,23.427574,0.0,0.0
2024-09-11 06:00:00,32.78,309.48798,994.4419,2.8424501,21.677568,0.0,0.0
2024-09-11 07:00:00,31.54,310.1072,993.5925,2.717381,18.838295,0.0,0.0
2024-09-11 08:00:00,30.61,310.06317,993.663,2.1825738,17.641323,0.0,0.0
2024-09-11 09:00:00,29.88,309.90613,994.07513,1.6144865,16.705774,0.0,0.0
2024-09-11 10:00:00,29.4,309.04086,994.1342,2.3292272,17.599852,0.0,0.0
2024-09-11 11:00:00,28.62,307.87634,994.8791,2.9504275,19.360546,0.0,0.0
2024-09-11 12:00:00,28.23,306.6794,995.2914,3.0522647,21.12286,0.0,0.0
2024-09-11 13:00:00,27.48,305.87958,995.7838,2.9961824,22.139145,0.0,0.0
2024-09-11 14:00:00,26.43,304.84198,995.9751,3.0033643,22.811117,0.0,0.0
2024-09-11 15:00:00,25.29,303.90308,996.22144,2.7675521,22.654734,0.0,0.0
2024-09-11 16:00:00,24.49,303.17865,995.7893,2.5846224,22.427942,0.0,0.0
2024-09-11 17:00:00,24.29,302.67563,995.4225,3.0134494,21.804419,0.0,0.0
2024-09-11 18:00:00,23.83,302.11786,995.15356,3.4507322,21.352314,0.0,0.0
2024-09-11 19:00:00,24.2,301.1966,995.55237,2.8905098,22.931803,0.0,0.0
2024-09-11 20:00:00,23.89,300.3646,995.9431,2.826209,24.21556,0.0,0.0
2024-09-11 21:00:00,22.96,299.893,996.7589,2.5011165,25.34264,0.0,0.0
2024-09-11 22:00:00,22.76,299.52704,997.40796,2.282944,26.358894,0.0,0.0
2024-09-11 23:00:00,24.18,301.02032,998.44763,2.0694919,24.21185,0.0,0.0
2024-09-12 00:00:00,24.59,303.77295,999.16656,2.964966,20.24301,0.015574693,0.0
2024-09-12 01:00:00,24.18,306.17322,999.02045,3.6173348,18.018797,0.0,0.0
2024-09-12 02:00:00,23.68,308.24445,998.34216,4.200933,16.192034,0.0,0.0
2024-09-12 03:00:00,23.23,310.16904,997.308,5.919568,13.2632065,0.0,0.0
2024-09-12 04:00:00,23.43,311.18475,996.01404,6.2603803,11.890612,0.0,0.0
2024-09-12 05:00:00,23.59,311.9682,994.72125,6.4728804,11.07994,0.0,0.0
2024-09-12 06:00:00,23.1,311.87265,993.8541,6.3859863,10.881389,0.0,0.0
2024-09-12 07:00:00,22.48,311.78113,993.12946,6.223703,11.033479,0.0,0.0
2024-09-12 08:00:00,22.57,311.57333,992.997,6.3021903,11.121073,0.0,0.0
2024-09-12 09:00:00,23.19,310.911,993.33154,6.0427217,11.6988125,0.0,0.0
2024-09-12 10:00:00,23.65,309.25143,993.938,4.9125395,13.193798,0.0,0.0
2024-09-12 11:00:00,23.61,308.02393,994.6433,4.6283727,14.427735,0.0,0.0
2024-09-12 12:00:00,23.32,307.1767,995.3547,4.8616843,15.287663,0.0,0.0
2024-09-12 13:00:00,23.61,306.17194,995.5797,5.818275,16.38351,0.0,0.0
2024-09-12 14:00:00,24.03,305.31064,995.7976,6.6798143,17.57236,0.0,0.0
2024-09-12 15:00:00,23.89,304.54614,996.09106,7.180744,18.297586,0.0,0.0
2024-09-12 16:00:00,23.48,303.93436,995.99835,7.4990788,18.527122,0.0,0.0
2024-09-12 17:00:00,23.63,303.1628,996.01794,7.1180396,19.221453,0.0,0.0
2024-09-12 18:00:00,23.88,302.48633,996.0667,6.31045,20.105618,0.0,0.0
2024-09-12 19:00:00,23.8,301.2921,996.558,5.84972,21.379898,0.0,0.0
2024-09-12 20:00:00,24.06,300.69104,996.77814,5.383581,22.015652,0.0,0.0
2024-09-12 21:00:00,23.52,300.06763,997.59265,5.1296816,22.715498,0.0,0.0
2024-09-12 22:00:00,23.03,299.5485,998.4356,4.7879777,23.29268,0.0,0.0
2024-09-12 23:00:00,22.85,300.79147,999.59265,5.434281,21.522934,0.0,0.0
2024-09-13 00:00:00,22.4,302.42877,1000.0492,7.8593025,19.639256,0.0,0.0
2024-09-13 01:00:00,22.15,304.47787,999.9214,9.235745,17.269718,0.0,0.0
2024-09-13 02:00:00,21.66,306.45645,999.2333,9.775461,15.033104,0.0,0.0
2024-09-13 03:00:00,21.06,308.0288,998.23224,9.405055,13.527496,0.0,0.0
2024-09-13 04:00:00,20.42,309.01532,996.8219,8.299083,12.570749,0.0,0.0
2024-09-13 05:00:00,19.85,309.60205,995.6245,7.131777,11.911867,0.0,0.0
2024-09-13 06:00:00,18.95,309.88593,994.8592,6.3398123,11.469267,0.0,0.0
2024-09-13 07:00:00,18.25,309.72958,994.3884,5.8958507,12.022317,0.0,0.0
2024-09-13 08:00:00,17.87,309.37225,994.23486,5.6696973,12.062678,0.0,0.0
2024-09-13 09:00:00,17.69,308.62396,994.65717,5.339227,12.490416,0.0,0.0
2024-09-13 10:00:00,17.67,307.0799,995.3631,4.065392,13.71423,0.0,0.0
2024-09-13 11:00:00,17.84,305.74896,995.96606,3.8686051,14.846632,0.0,0.0
2024-09-13 12:00:00,18.41,304.51276,996.5125,3.8929932,15.943132,0.0,0.0
2024-09-13 13:00:00,18.49,303.3769,996.65894,3.8263168,17.002474,0.0,0.0
2024-09-13 14:00:00,18.66,302.30347,996.6037,3.8724606,18.087872,0.0,0.0
2024-09-13 15:00:00,18.64,301.36768,996.7533,4.2225294,19.109816,0.0,0.0
2024-09-13 16:00:00,18.47,300.5078,996.4553,4.5694733,20.148571,0.0,0.0
2024-09-13 17:00:00,18.26,299.73972,996.3475,4.646271,21.22417,0.0,0.0
2024-09-13 18:00:00,18.26,299.02164,996.0425,4.637139,22.267347,0.0,0.0
2024-09-13 19:00:00,18.04,298.23294,995.91046,4.9139757,23.555326,0.0,0.0
2024-09-13 20:00:00,17.51,297.7163,996.1518,5.0630527,23.900188,0.0,0.0
2024-09-13 21:00:00,16.56,297.231,996.70264,5.037294,23.6725,0.0,0.0
2024-09-13 22:00:00,16.12,296.87543,997.31274,4.824035,22.79286,0.0,0.0
2024-09-13 23:00:00,16.2,298.70898,997.88654,4.95134,18.63112,0.0,0.0
2024-09-14 00:00:00,15.33,301.47278,998.152,6.2645392,13.30128,0.0017285347,0.0
2024-09-14 01:00:00,15.35,304.23846,998.0452,6.6284924,9.8367195,0.0,0.0
2024-09-14 02:00:00,15.36,306.46707,997.0281,6.709487,8.385977,0.0,0.0
2024-09-14 03:00:00,15.06,307.85858,996.1824,6.0847096,8.865196,0.0,0.0
2024-09-14 04:00:00,15.2,308.77655,994.84326,5.5417356,9.23466,0.0,0.0
2024-09-14 05:00:00,15.87,309.39142,993.79175,5.3442154,9.536748,0.0,0.0
2024-09-14 06:00:00,16.15,309.69507,993.1728,5.395154,9.666151,0.0,0.0
2024-09-14 07:00:00,15.19,309.8352,992.46735,5.177574,9.782602,0.0,0.0
2024-09-14 08:00:00,14.71,309.42877,992.4486,5.173754,9.918077,0.0,0.0
2024-09-14 09:00:00,14.48,308.6098,992.9924,4.934868,10.370259,0.0,0.0
2024-09-14 10:00:00,14.09,306.88385,993.72235,4.000945,11.57819,0.0,0.0
2024-09-14 11:00:00,14.07,305.4649,994.34686,4.18336,12.70873,0.0,0.0
2024-09-14 12:00:00,14.66,304.22186,995.02,4.51754,13.827721,0.0,0.0
2024-09-14 13:00:00,14.94,303.07172,994.93884,4.6695113,14.972729,0.0,0.0
2024-09-14 14:00:00,14.86,302.0076,995.1616,4.576768,16.115238,0.0,0.0
2024-09-14 15:00:00,14.66,300.97424,994.882,4.3859262,17.27148,0.0,0.0
2024-09-14 16:00:00,14.83,299.97052,994.86,4.1279645,18.434153,0.0,0.0
2024-09-14 17:00:00,14.62,299.05878,994.498,4.0148683,19.478476,0.0,0.0
2024-09-14 18:00:00,14.09,298.1949,994.3381,3.9732454,20.398708,0.0,0.0
2024-09-14 19:00:00,13.73,297.18695,994.3705,4.2812705,20.87236,0.0,0.0
2024-09-14 20:00:00,13.87,296.38318,994.79156,4.2265253,21.410591,0.0,0.0
2024-09-14 21:00:00,14.12,295.7019,995.45544,4.139349,21.747763,0.0,0.0
2024-09-14 22:00:00,14.24,295.2666,996.1948,4.0161195,21.8811,0.0,0.0
2024-09-14 23:00:00,14.14,297.35364,997.11304,4.141851,18.903255,0.0,0.0
2024-09-15 00:00:00,13.89,300.47595,997.3971,5.1290307,15.40225,0.0,0.0
2024-09-15 01:00:00,13.88,303.58173,997.20764,5.7749076,12.749889,0.0,0.0
2024-09-15 02:00:00,14.02,306.07172,996.03564,6.453246,11.494657,0.0,0.0
2024-09-15 03:00:00,14.14,307.39874,994.9705,5.142218,11.147593,0.0,0.0
2024-09-15 04:00:00,14.84,307.9978,993.8109,3.4823334,10.704444,0.0,0.0
2024-09-15 05:00:00,15.2,308.3687,992.7303,2.682596,10.425783,0.0,0.0
2024-09-15 06:00:00,14.85,308.62573,992.07263,2.647591,10.176417,0.0,0.0
2024-09-15 07:00:00,14.55,308.64056,991.5636,2.8078177,10.700326,0.0,0.0
2024-09-15 08:00:00,14.66,308.32892,991.4789,3.0943604,10.7821245,0.0,0.0
2024-09-15 09:00:00,14.91,307.68994,991.8053,3.3266423,11.071803,0.0,0.0
2024-09-15 10:00:00,14.87,306.31158,992.27844,3.1113834,12.046449,0.0,0.0
2024-09-15 11:00:00,14.61,305.10242,993.0796,3.5973632,12.9305525,0.0,0.0
2024-09-15 12:00:00,14.89,303.92975,993.5561,4.2554917,13.751109,0.0,0.0
2024-09-15 13:00:00,14.97,302.85486,994.0433,4.981863,14.474487,0.0,0.0
2024-09-15 14:00:00,15.12,302.0904,994.07495,5.426694,14.967381,0.0,0.0
2024-09-15 15:00:00,15.04,301.15723,994.01056,5.5186453,15.648511,0.0,0.0
2024-09-15 16:00:00,15.11,300.65576,993.678,5.42947,15.947352,0.0,0.0
2024-09-15 17:00:00,15.3,300.45303,993.16046,5.5204463,16.022066,0.0,0.0
2024-09-15 18:00:00,15.29,300.06122,992.9311,5.533122,16.342083,0.0,0.0
2024-09-15 19:00:00,15.4,299.33685,992.36346,5.0444503,16.90465,0.0,0.0
2024-09-15 20:00:00,15.62,298.55194,992.7656,5.074545,17.400833,0.0,0.0
2024-09-15 21:00:00,15.83,298.15317,993.2682,5.0284443,17.531643,0.0,0.0
2024-09-15 22:00:00,16.11,297.78766,994.063,4.7586303,17.76401,0.0,0.0
2024-09-15 23:00:00,16.15,299.1147,994.89575,4.746112,16.357098,0.0,0.0
2024-09-16 00:00:00,14.79,301.2599,995.32794,5.911797,14.351818,0.0030029477,0.0
2024-09-16 01:00:00,14.92,303.40454,995.5179,6.4844646,12.768674,0.0,0.0
2024-09-16 02:00:00,15.22,305.3642,995.09674,6.752506,11.597456,0.0,0.0
2024-09-16 03:00:00,15.36,306.9716,994.1678,6.5328712,10.765095,0.0,0.0
2024-09-16 04:00:00,15.98,307.91113,993.09485,5.7518687,10.310988,0.0,0.0
2024-09-16 05:00:00,16.23,308.5443,991.96716,4.5876613,9.912308,0.0,0.0
2024-09-16 06:00:00,15.8,308.84857,991.1183,2.6900034,9.315172,0.0,0.0
2024-09-16 07:00:00,16.0,308.84692,990.15295,1.2882527,9.099384,0.0,0.0
2024-09-16 08:00:00,16.79,308.61578,990.0619,0.9975575,9.265903,0.0,0.0
2024-09-16 09:00:00,17.02,308.21658,990.68524,0.5994931,9.543896,0.0,0.0
2024-09-16 10:00:00,17.11,307.6599,991.34265,0.92767745,10.23319,0.0,0.0
2024-09-16 11:00:00,17.19,306.7179,991.97516,1.2229135,11.370256,0.0,0.0
2024-09-16 12:00:00,18.28,305.39243,992.54803,1.7095053,12.755338,0.0,0.5
2024-09-16 13:00:00,18.91,304.34848,993.04663,3.9418283,13.418576,0.0,1.54
2024-09-16 14:00:00,19.91,302.98584,993.56274,7.911117,15.932284,0.0,1.79
2024-09-16 15:00:00,21.56,302.18933,994.0668,9.06992,18.228397,0.0,0.38
2024-09-16 16:00:00,23.91,301.81168,994.0826,8.24605,18.893318,0.0,0.39
2024-09-16 17:00:00,26.28,301.54944,994.13306,7.5415263,20.830458,0.0,0.0
2024-09-16 18:00:00,27.88,300.17145,994.5842,7.862356,31.014696,0.04413724,0.0
2024-09-16 19:00:00,29.47,296.27863,995.7506,9.709518,57.293625,0.0,0.0
2024-09-16 20:00:00,30.24,295.5699,996.2355,9.359958,58.834084,0.023066998,0.0
2024-09-16 21:00:00,30.18,295.50067,996.8086,8.994649,54.608696,0.0,3.1
2024-09-16 22:00:00,30.02,295.3717,997.62134,8.848079,52.035248,0.0,0.0
2024-09-16 23:00:00,29.99,296.1245,998.55383,9.849796,47.042015,0.0,0.0
2024-09-17 00:00:00,28.6,297.8249,998.64655,10.017041,40.56118,0.068062544,0.0
2024-09-17 01:00:00,28.22,299.8319,998.61017,9.727959,35.522835,0.0,0.0
2024-09-17 02:00:00,28.41,301.73846,997.7718,9.63604,31.969273,0.0,0.0
2024-09-17 03:00:00,28.5,303.4073,996.9925,9.411559,29.06803,0.0,0.0
2024-09-17 04:00:00,28.34,304.6429,995.6038,9.03216,26.611475,0.0,0.0
2024-09-17 05:00:00,27.76,305.4344,994.318,8.647658,24.691229,0.0,0.0
2024-09-17 06:00:00,26.32,305.8317,993.6294,8.212559,23.406738,0.0,0.0
2024-09-17 07:00:00,25.19,305.5181,993.6436,9.325548,23.011301,0.0,0.0
2024-09-17 08:00:00,25.48,304.5251,993.71326,9.046229,24.89083,0.0,0.0
2024-09-17 09:00:00,26.07,303.0265,994.53436,8.768416,28.07003,0.0,0.0
2024-09-17 10:00:00,26.25,301.48193,995.5045,7.7536335,32.095295,0.0,0.0
2024-09-17 11:00:00,25.62,300.08765,996.4561,7.6112757,36.521603,0.0,0.0
2024-09-17 12:00:00,25.95,298.95123,996.9727,6.368179,40.41467,0.0,0.0
2024-09-17 13:00:00,26.23,298.0608,997.66656,5.945352,43.140778,0.0,0.0
2024-09-17 14:00:00,25.95,297.40192,997.93256,5.332582,45.04323,0.0,0.0
2024-09-17 15:00:00,25.46,296.711,998.10065,5.14509,46.73945,0.0,0.0
2024-09-17 16:00:00,25.16,296.1563,997.6764,5.4117465,47.80352,0.0,0.0
2024-09-17 17:00:00,25.41,295.66962,997.2019,5.4389167,48.53334,0.0,0.0
2024-09-17 18:00:00,25.16,294.99728,997.0002,5.210689,49.24697,0.0,0.0
2024-09-17 19:00:00,25.33,294.69397,996.22064,4.6282887,48.051094,0.0,0.0
2024-09-17 20:00:00,25.37,294.58325,996.3424,5.016642,45.987663,0.0,0.0
2024-09-17 21:00:00,25.69,294.8651,996.78235,5.5170803,43.171352,0.0,0.0
2024-09-17 22:00:00,26.76,294.98926,997.52893,5.4597607,41.89847,0.0,0.0
2024-09-17 23:00:00,28.7,296.3402,998.2434,6.1082892,38.15316,0.0,0.0
2024-09-18 00:00:00,29.47,297.47348,998.8781,7.239498,35.553818,0.0,0.0
2024-09-18 01:00:00,29.68,298.90045,998.9782,7.8199406,33.250942,0.0,0.0
2024-09-18 02:00:00,29.72,300.46194,997.8695,7.6083446,31.699028,0.0,0.0
2024-09-18 03:00:00,29.92,301.87122,996.9973,7.2163386,30.591864,0.0,0.0
2024-09-18 04:00:00,31.17,303.0177,995.9482,7.0604134,30.249563,0.0,0.0
2024-09-18 05:00:00,31.93,303.79468,994.8479,6.9410925,30.65961,0.0,0.0
2024-09-18 06:00:00,31.98,304.39716,994.08624,6.8675685,31.128698,0.0,0.0
2024-09-18 07:00:00,31.87,305.14337,993.71094,5.5490203,28.83154,0.0,0.0
2024-09-18 08:00:00,31.94,305.40982,993.58826,5.274998,28.138824,0.0,0.0
2024-09-18 09:00:00,32.58,304.73636,994.0786,5.2678213,29.595943,0.0,0.0
2024-09-18 10:00:00,32.97,304.01114,994.6914,4.6775675,30.963596,0.0,0.0
2024-09-18 11:00:00,33.15,303.52948,995.22986,5.005733,31.112295,0.0,0.0
2024-09-18 12:00:00,33.28,303.15454,995.98267,5.2568827,30.51782,0.0,0.0
2024-09-18 13:00:00,32.5,302.68793,996.3246,5.2395806,29.987764,0.0,0.0
2024-09-18 14:00:00,31.53,302.26813,996.4175,5.086444,29.719034,0.0,0.0
2024-09-18 15:00:00,30.76,301.81076,996.4883,4.7732315,29.87777,0.0,0.0
2024-09-18 16:00:00,30.34,301.34198,996.15924,4.459498,30.20241,0.0,0.0
2024-09-18 17:00:00,29.47,300.97806,995.67065,4.3036184,30.305492,0.0,0.0
2024-09-18 18:00:00,28.59,300.5255,995.4219,4.3573127,30.413893,0.0,0.0
2024-09-18 19:00:00,28.19,299.29315,994.97906,3.9031348,31.7843,0.0,0.0
2024-09-18 20:00:00,27.65,299.07635,995.3164,4.1496296,31.360596,0.0,0.0
2024-09-18 21:00:00,27.26,298.57022,995.56665,4.2009215,31.537664,0.0,0.0
2024-09-18 22:00:00,27.56,298.22748,996.6309,4.176584,31.697113,0.0,0.0
2024-09-18 23:00:00,28.08,299.47314,996.9911,4.4756145,29.180035,0.0,0.0
2024-09-19 00:00:00,27.96,301.4698,997.4995,5.6625133,25.851328,0.0,0.0
2024-09-19 01:00:00,29.21,303.81555,997.6425,6.481683,22.398428,0.0,0.0
2024-09-19 02:00:00,29.75,305.91397,996.9929,6.897426,19.802696,0.0,0.0
2024-09-19 03:00:00,30.39,307.44037,995.9693,6.096475,18.980818,0.0,0.0
2024-09-19 04:00:00,31.51,308.48865,994.63794,5.1157103,18.983261,0.0,0.0
2024-09-19 05:00:00,32.57,309.3369,993.45593,4.6053987,18.358465,0.0,0.0
2024-09-19 06:00:00,33.11,309.75494,992.3817,4.117241,17.878304,0.0,0.0
2024-09-19 07:00:00,33.77,310.23218,991.5706,3.2135673,17.403994,0.0,0.0
2024-09-19 08:00:00,34.65,310.1223,991.53076,2.764904,17.551111,0.0,0.0
2024-09-19 09:00:00,35.18,309.64798,991.8264,2.2519484,18.078066,0.0,0.0
2024-09-19 10:00:00,35.78,308.79218,992.5121,1.8806618,19.085575,0.0,0.0
2024-09-19 11:00:00,36.62,307.73532,992.8753,2.3280861,20.22361,0.0,0.0
2024-09-19 12:00:00,37.2,306.4151,993.6779,2.849602,21.514963,0.0,0.0
2024-09-19 13:00:00,36.9,305.4579,993.8289,3.340151,22.213757,0.0,0.0
2024-09-19 14:00:00,36.52,304.64685,994.0886,3.2990046,22.90133,0.0,0.0
2024-09-19 15:00:00,36.38,303.88022,994.11096,3.6453283,23.744146,0.0,0.0
2024-09-19 16:00:00,36.18,303.2444,993.71185,4.241658,24.552052,0.0,0.0
2024-09-19 17:00:00,35.81,303.03897,993.42737,3.0904431,24.99547,0.0,0.0
2024-09-19 18:00:00,35.35,302.16046,993.2118,1.12487,28.668085,0.0,0.0
2024-09-19 19:00:00,34.65,301.36584,993.81757,3.4496768,32.108887,0.0,0.0
2024-09-19 20:00:00,35.55,300.52383,994.03455,3.777632,43.057762,0.0,0.0
2024-09-19 21:00:00,37.11,299.75867,994.6214,3.7655842,52.8569,0.0,0.0
2024-09-19 22:00:00,38.77,299.164,995.2875,3.5090485,58.529305,0.0,0.0
2024-09-19 23:00:00,40.66,300.0912,995.8727,4.0350385,56.607914,0.0,0.0
2024-09-20 00:00:00,40.97,301.84924,996.32983,3.5502167,49.670753,0.0025812224,0.0
2024-09-20 01:00:00,41.71,303.3195,996.4342,2.2027915,41.729897,0.0,0.0
2024-09-20 02:00:00,42.8,304.7265,995.9902,1.0960058,36.544373,0.0,0.0
2024-09-20 03:00:00,43.14,306.426,995.185,0.47939894,32.384075,0.0,0.0
2024-09-20 04:00:00,43.91,307.69543,994.1834,0.4529446,30.01816,0.0,0.0
2024-09-20 05:00:00,44.66,308.71838,993.0731,0.86855763,27.982088,0.0,0.0
2024-09-20 06:00:00,45.27,309.1249,992.05865,0.93600255,26.936132,0.0,0.0
2024-09-20 07:00:00,45.02,309.09918,991.6142,0.51183367,26.966774,0.0,0.0
2024-09-20 08:00:00,44.08,309.04214,991.6245,0.3375705,26.915348,0.0,0.0
2024-09-20 09:00:00,43.77,308.76093,991.58765,0.25112295,27.211893,0.0,0.0
2024-09-20 10:00:00,43.51,308.37677,992.2239,0.070022166,27.80635,0.0,0.0
2024-09-20 11:00:00,43.44,308.13858,992.6908,0.4730072,28.34781,0.0,0.0
2024-09-20 12:00:00,43.34,307.74176,993.40173,0.92057765,29.235453,0.0,0.0
2024-09-20 13:00:00,43.39,306.82684,993.7897,1.7871704,31.040405,0.0,0.0
2024-09-20 14:00:00,43.03,305.9131,994.1883,2.7097492,33.27564,0.0,0.0
2024-09-20 15:00:00,43.49,305.14468,994.35846,3.701505,36.07642,0.0,0.0
2024-09-20 16:00:00,44.3,304.32697,993.9977,2.826618,38.60574,0.0,0.0
2024-09-20 17:00:00,45.02,303.458,993.57733,2.3803241,40.755295,0.0,0.0
2024-09-20 18:00:00,45.64,302.9201,993.4454,2.1275542,43.194603,0.0,0.0
2024-09-20 19:00:00,45.38,301.4121,993.64374,4.591077,55.82813,0.005081296,0.0
2024-09-20 20:00:00,45.37,300.97296,993.86835,3.6176665,59.426373,0.0,0.0
2024-09-20 21:00:00,44.99,300.65997,994.4832,2.643421,61.46711,0.0,0.0
2024-09-20 22:00:00,44.7,300.6142,995.14954,1.8087101,62.185524,0.0025629997,0.0
2024-09-20 23:00:00,45.27,301.29626,996.0105,2.0467982,59.904015,0.0,0.0
2024-09-21 00:00:00,45.69,302.69165,996.5584,2.217426,54.088028,0.0076442957,0.0
2024-09-21 01:00:00,45.98,304.35724,996.41516,2.3317413,46.782623,0.0,0.0
2024-09-21 02:00:00,46.5,305.7271,995.808,2.0570223,40.435513,0.0049099326,0.0
2024-09-21 03:00:00,46.25,306.83926,994.7872,1.351909,36.311077,0.0035502017,0.0
2024-09-21 04:00:00,46.2,307.6125,993.8108,1.2096035,34.322124,0.011172146,0.0
2024-09-21 05:00:00,46.54,308.37546,992.68274,1.4430523,32.696747,0.009980053,0.0
2024-09-21 06:00:00,46.57,308.42053,991.83026,2.0254645,32.25398,0.0060535967,0.0
2024-09-21 07:00:00,46.37,308.81213,991.18054,1.7233334,30.845133,0.0024020665,0.0
2024-09-21 08:00:00,46.64,308.54276,991.07935,1.5205398,31.1905,0.0026002526,0.26999998
2024-09-21 09:00:00,47.35,307.78485,991.39813,2.080769,33.181324,0.06686151,17.619999
2024-09-21 10:00:00,48.37,304.78192,993.3629,5.8585114,44.07952,0.24585426,18.01
2024-09-21 11:00:00,48.22,303.22742,994.308,6.149381,52.066273,0.07626414,9.719999
2024-09-21 12:00:00,47.64,302.31082,995.141,5.0660753,56.957787,0.04389137,1.5
2024-09-21 13:00:00,47.05,301.40298,995.8182,5.060061,61.77922,0.11344999,0.24
2024-09-21 14:00:00,47.14,300.5489,996.12524,5.6902122,65.14543,0.033304095,0.76
2024-09-21 15:00:00,47.57,299.4803,996.2289,5.937701,67.12257,0.12972951,0.0
2024-09-21 16:00:00,47.56,298.51025,995.8831,5.102103,69.48452,0.4354418,0.31
2024-09-21 17:00:00,47.72,298.00317,995.5559,4.8988185,69.72818,0.45245886,0.62
2024-09-21 18:00:00,48.09,297.90054,995.04016,4.6330686,68.67423,0.079378486,3.1899998
2024-09-21 19:00:00,47.59,298.57733,994.77655,2.387094,61.411507,0.074118376,1.65
2024-09-21 20:00:00,47.45,298.44318,994.5757,2.181565,62.20153,0.002121902,0.51
2024-09-21 21:00:00,46.99,298.3823,995.0028,2.3799593,62.35074,0.0,0.0
2024-09-21 22:00:00,47.54,298.28424,995.43604,2.5044901,62.959377,0.0,0.0
2024-09-21 23:00:00,47.87,299.79532,995.9455,3.4468946,55.052395,0.0,0.0
2024-09-22 00:00:00,46.24,301.51746,996.1839,4.063834,50.05031,1.7935425,0.0
2024-09-22 01:00:00,46.46,303.2138,996.09674,3.4728568,48.208225,0.0,0.0
2024-09-22 02:00:00,46.79,304.4525,995.535,2.2015011,45.702232,0.0017210841,0.0
2024-09-22 03:00:00,47.09,304.94263,994.41705,1.3902414,43.9461,0.0076815486,0.0
2024-09-22 04:00:00,47.63,305.73328,993.3269,0.60549116,41.86903,0.0035464764,0.0
2024-09-22 05:00:00,48.48,306.55182,992.2994,0.7413776,39.87377,0.004477799,0.0
2024-09-22 06:00:00,49.28,307.48328,991.5285,1.5265766,37.968292,0.0327006,0.0
2024-09-22 07:00:00,49.71,306.63812,991.5016,4.052051,43.605347,0.045724213,0.0
2024-09-22 08:00:00,49.94,302.55707,991.85913,4.4688187,62.9822,4.0748343,0.0
2024-09-22 09:00:00,50.35,301.55328,992.5745,2.9728131,68.79943,5.0899086,0.0
2024-09-22 10:00:00,50.93,299.91705,993.8611,2.6968343,78.04477,6.0234365,1.0799999
2024-09-22 11:00:00,51.62,299.1529,994.6636,0.4403779,79.63408,2.7999134,0.0
2024-09-22 12:00:00,51.14,298.84073,995.33514,0.7464937,80.56586,1.2341291,0.0
2024-09-22 13:00:00,47.34,298.59775,995.7547,0.46247813,81.446686,0.32801926,0.0
2024-09-22 14:00:00,44.64,298.3907,995.7725,1.9826932,83.357506,0.08589029,0.0
2024-09-22 15:00:00,42.76,298.09082,995.76544,2.7192225,86.00877,0.04684925,0.0
2024-09-22 16:00:00,41.82,297.84045,995.4289,2.4998536,87.24487,0.0069588423,0.0
2024-09-22 17:00:00,41.64,297.84827,994.9521,2.11267,86.30954,0.120431185,0.0
2024-09-22 18:00:00,41.1,297.9582,994.65,1.3737626,86.240364,0.013697892,0.0
2024-09-22 19:00:00,41.29,297.4343,994.1104,1.8783779,85.71956,0.138551,0.0
2024-09-22 20:00:00,41.4,297.37463,994.46375,1.3433667,84.88101,0.010639429,0.0
2024-09-22 21:00:00,42.17,297.32205,994.9959,0.91774327,84.646904,0.010877848,0.0
2024-09-22 22:00:00,42.81,297.3537,995.4786,0.093479,83.60818,0.0058710575,0.0
2024-09-22 23:00:00,43.16,297.95474,996.1399,0.5569381,80.860664,0.0,0.0
2024-09-23 00:00:00,43.22,299.00977,996.51,1.18052,77.9936,20.092089,0.0
2024-09-23 01:00:00,43.81,300.23282,996.1929,2.0250275,74.86797,0.0,0.0
2024-09-23 02:00:00,43.74,301.44452,995.74097,2.1591978,72.404976,0.014964491,0.0
2024-09-23 03:00:00,43.82,302.33997,994.7531,1.9043022,69.95079,0.024788082,0.0
2024-09-23 04:00:00,44.38,303.28247,993.5614,2.2303925,63.12564,0.13762712,0.0
2024-09-23 05:00:00,44.52,303.68372,992.6982,3.007019,61.03756,0.16083568,0.32
2024-09-23 06:00:00,45.05,303.41928,992.3047,3.848764,61.62622,0.32193214,3.6599998
2024-09-23 07:00:00,45.25,300.818,992.3329,2.9071069,72.7004,4.5492425,3.46
2024-09-23 08:00:00,44.2,300.03284,992.35077,2.6085782,76.64417,3.4299865,0.0
2024-09-23 09:00:00,42.52,299.69003,992.7608,1.4854765,78.70697,2.022162,0.0
2024-09-23 10:00:00,41.29,299.26764,993.36694,0.6636488,81.567055,0.39063394,0.0
2024-09-23 11:00:00,40.03,298.84882,993.5298,0.98022646,84.81646,0.025334768,0.0
2024-09-23 12:00:00,38.37,298.56378,994.05835,0.8130366,88.93583,0.0,0.0
2024-09-23 13:00:00,36.61,298.41565,994.3105,0.6951607,90.64524,0.0,0.0
2024-09-23 14:00:00,36.03,298.27585,994.97626,0.56347275,90.75843,0.001065433,0.0
2024-09-23 15:00:00,36.07,297.62964,994.9018,0.72097915,90.16633,0.3309129,0.0
2024-09-23 16:00:00,37.38,297.13196,994.76404,1.0212096,90.62972,0.25878847,0.0
2024-09-23 17:00:00,38.4,296.98752,994.6733,1.2218225,90.43169,0.16656518,0.0
2024-09-23 18:00:00,38.83,296.65277,994.7683,1.7113342,88.81595,0.6020367,0.0
2024-09-23 19:00:00,40.47,297.6463,993.93866,3.032387,84.287834,0.16853213,0.0
2024-09-23 20:00:00,42.22,297.22708,994.4347,3.4216197,86.05448,0.53216517,0.0
2024-09-23 21:00:00,44.32,296.7905,995.0055,3.3114672,87.58568,1.1268556,0.0
2024-09-23 22:00:00,47.08,296.44934,995.7201,2.790851,89.2533,1.4257692,3.28
2024-09-23 23:00:00,48.2,297.21542,996.4203,2.8427594,85.431465,1.0078102,7.75
2024-09-24 00:00:00,48.39,298.41064,996.7925,3.3983254,81.46778,16.78376,4.79
2024-09-24 01:00:00,48.19,299.45456,996.5183,3.8719482,77.63002,0.0,1.35
2024-09-24 02:00:00,47.8,300.36945,996.16156,3.677363,75.71245,0.184834,0.03
2024-09-24 03:00:00,46.75,301.6518,994.9211,3.2090268,68.125725,0.25093183,0.0
2024-09-24 04:00:00,46.56,302.10114,993.78345,2.6664145,65.53005,0.17209351,0.0
2024-09-24 05:00:00,45.49,302.21558,993.04596,3.0493724,65.363174,0.24032593,1.37
2024-09-24 06:00:00,43.5,302.4455,992.2872,2.8482966,64.24505,0.20055473,0.59999996
2024-09-24 07:00:00,41.73,300.90607,992.2922,2.998874,69.95123,0.12373924,0.0
2024-09-24 08:00:00,41.16,300.7904,992.3622,2.1741242,69.80431,0.23770635,0.0
2024-09-24 09:00:00,41.38,300.50568,992.599,1.8467445,71.77469,0.06519258,0.0
2024-09-24 10:00:00,40.61,298.86566,993.61255,2.313421,79.60838,1.5624464,0.0
2024-09-24 11:00:00,39.8,297.61182,994.4888,2.3525681,84.454575,1.5781817,0.0
2024-09-24 12:00:00,40.33,297.3005,994.8166,1.727986,86.124214,0.09575486,0.0
2024-09-24 13:00:00,40.25,296.97034,995.0636,1.9878008,87.73482,0.07160008,0.0
2024-09-24 14:00:00,39.56,296.59595,995.5201,2.1692107,89.26274,0.1628995,0.0
2024-09-24 15:00:00,39.24,296.19742,995.4975,1.7404668,90.43706,0.15294226,0.0
2024-09-24 16:00:00,39.5,296.18732,994.98914,0.73225266,89.327385,0.18708362,0.0
2024-09-24 17:00:00,38.67,296.12292,994.4998,0.75475305,89.126526,0.09530783,0.0
2024-09-24 18:00:00,37.7,295.86096,994.1161,1.3633697,91.52194,0.09070337,0.0
2024-09-24 19:00:00,37.53,296.9194,993.5265,2.8685675,88.61256,0.0077039003,0.0
2024-09-24 20:00:00,36.88,296.64893,994.0076,2.825883,90.90266,0.0,0.0
2024-09-24 21:00:00,35.48,296.40033,994.5511,2.8248715,92.857796,0.0,0.0
2024-09-24 22:00:00,34.12,296.42078,995.4253,2.4669118,93.85767,0.0,0.0
2024-09-24 23:00:00,34.06,297.6139,996.27625,3.4513953,88.99795,0.02835691,0.0
2024-09-25 00:00:00,35.34,298.83658,996.64044,3.0659945,83.35784,5.681383,0.0
2024-09-25 01:00:00,35.85,299.9284,996.51117,2.5192754,78.685814,0.0,0.0
2024-09-25 02:00:00,36.31,300.81375,996.08594,2.158605,75.3101,0.023633242,0.0
2024-09-25 03:00:00,36.24,301.5376,995.386,2.0211265,72.8241,0.023271888,0.0
2024-09-25 04:00:00,36.45,302.11426,994.57,1.7961376,70.40423,0.009894371,0.0
2024-09-25 05:00:00,36.05,302.66473,993.84283,1.7486522,68.50191,0.011771917,0.0
2024-09-25 06:00:00,34.84,302.79236,993.4949,1.5044577,66.859665,0.0039339066,0.0
2024-09-25 07:00:00,33.44,303.65515,992.73315,1.8434156,52.13445,0.002115965,0.0
2024-09-25 08:00:00,32.5,303.6328,993.0589,1.8410077,51.524998,0.0,0.0
2024-09-25 09:00:00,32.12,302.8626,993.34595,1.7653146,57.555412,0.0,0.0
2024-09-25 10:00:00,32.02,301.42175,993.9333,2.1685076,67.39836,0.0,0.0
2024-09-25 11:00:00,32.59,300.16016,994.70667,2.50027,73.74427,0.0,0.0
2024-09-25 12:00:00,33.07,299.2865,995.2928,2.7202847,76.844635,0.0,0.0
2024-09-25 13:00:00,33.52,298.77756,995.57056,2.9248514,77.77916,0.0,0.0
2024-09-25 14:00:00,33.26,298.2648,995.755,3.0523422,78.62781,0.0,0.0
2024-09-25 15:00:00,33.47,297.82025,995.79596,3.0267038,80.203865,0.0,0.0
2024-09-25 16:00:00,34.04,297.37,995.40186,3.0042877,82.21555,0.0,0.0
2024-09-25 17:00:00,34.62,296.95117,995.24255,2.9656053,84.31331,0.0,0.0
2024-09-25 18:00:00,35.24,296.7519,995.2319,2.898715,85.70321,0.0,0.0
2024-09-25 19:00:00,35.25,296.87415,994.82,3.174719,83.94522,0.0,0.0
2024-09-25 20:00:00,35.52,296.7069,995.42,2.9610212,84.92114,0.0,0.0
2024-09-25 21:00:00,36.3,296.60797,995.97845,2.8469362,85.399666,0.0,0.0
2024-09-25 22:00:00,37.07,296.61072,996.6942,2.848731,85.51879,0.011563301,0.0
2024-09-25 23:00:00,37.12,298.19165,997.5105,3.5712438,78.92482,0.016599894,0.0
2024-09-26 00:00:00,36.34,299.91507,998.03094,4.388346,71.36409,0.16853213,0.0
2024-09-26 01:00:00,37.08,301.4585,997.8836,4.6119804,65.799644,0.0,0.0
2024-09-26 02:00:00,37.71,302.83133,997.262,4.341431,60.978104,0.0,0.0
2024-09-26 03:00:00,37.93,303.7569,996.383,3.898623,57.079136,0.007368624,0.0
2024-09-26 04:00:00,38.09,304.42303,995.47375,3.4973269,54.207073,0.014163554,0.0
2024-09-26 05:00:00,37.88,304.7767,994.6333,3.2856176,52.92424,0.014401972,0.0
2024-09-26 06:00:00,37.77,305.0756,994.1057,2.8667285,52.423042,0.021182,0.0
2024-09-26 07:00:00,37.82,305.8684,993.1141,1.9621341,43.30647,0.0,0.0
2024-09-26 08:00:00,37.63,305.69043,993.21313,1.758804,44.220715,0.0,0.0
2024-09-26 09:00:00,37.3,304.3372,993.48914,1.3066514,50.966732,0.06570667,0.0
2024-09-26 10:00:00,37.42,302.66925,994.5262,1.8430897,64.028885,0.0,0.0
2024-09-26 11:00:00,38.21,301.4734,995.4227,2.6781714,69.043076,0.06400049,0.0
2024-09-26 12:00:00,38.62,300.43665,995.90094,2.8843732,73.67087,0.016763806,0.0
2024-09-26 13:00:00,39.06,299.60522,996.0976,2.1914086,78.76046,0.0027418137,0.0
2024-09-26 14:00:00,39.82,299.11838,996.3183,2.4019167,80.38708,0.039100647,0.0
2024-09-26 15:00:00,40.37,298.73175,996.562,3.2656765,81.054535,0.0,0.0
2024-09-26 16:00:00,40.77,298.26184,996.0623,3.394248,82.21772,0.0,0.0
2024-09-26 17:00:00,39.77,297.7522,995.60156,2.8127255,84.051056,0.0,0.0
2024-09-26 18:00:00,38.19,297.42188,995.3972,2.8223722,85.231094,0.0,0.0
2024-09-26 19:00:00,37.73,297.69757,994.5528,4.563424,81.31267,0.0,0.0
2024-09-26 20:00:00,38.59,297.27878,995.05896,4.621947,82.70502,0.0,0.0
2024-09-26 21:00:00,39.52,297.094,995.5673,4.631881,83.59358,0.0,0.0
2024-09-26 22:00:00,39.77,297.2999,996.59534,4.6355104,83.65424,0.0,0.0
2024-09-26 23:00:00,39.34,299.14517,997.63654,5.2995386,76.42576,0.0,0.0
2024-09-27 00:00:00,38.45,301.03247,998.0623,5.407458,65.292885,0.24589896,0.0
2024-09-27 01:00:00,38.69,302.487,998.24097,4.497544,57.792927,0.0,0.0
2024-09-27 02:00:00,38.38,303.72913,997.53394,3.794181,52.52305,0.0,0.0
2024-09-27 03:00:00,38.24,304.76453,996.78174,3.2257614,48.564224,0.0,0.0
2024-09-27 04:00:00,38.48,305.5728,995.4111,2.5998623,45.97341,0.0,0.0
2024-09-27 05:00:00,38.26,306.07718,994.1889,1.634659,44.27214,0.0,0.0
2024-09-27 06:00:00,37.77,306.39874,993.7561,0.8664439,42.82816,0.0,0.0
2024-09-27 07:00:00,37.01,306.6277,993.27924,0.8512408,38.98931,0.0,0.0
2024-09-27 08:00:00,35.9,306.68756,993.39575,0.64847267,38.291897,0.0,0.0
2024-09-27 09:00:00,34.58,306.05554,993.765,0.36183193,41.49807,0.0,0.0
2024-09-27 10:00:00,34.25,304.3036,994.64545,1.769388,55.75058,0.0,0.0
2024-09-27 11:00:00,35.14,302.60687,995.15686,2.410528,64.29344,0.0,0.0
2024-09-27 12:00:00,35.69,301.41583,995.9609,2.5792778,70.2451,0.0,0.0
2024-09-27 13:00:00,36.77,301.01746,996.35986,3.362824,70.17047,0.0,0.0
2024-09-27 14:00:00,37.55,300.88736,996.8908,4.5554047,68.865654,0.0,0.0
2024-09-27 15:00:00,38.47,300.51367,996.8894,4.8352647,69.99568,0.0042915344,0.0
2024-09-27 16:00:00,39.55,300.00464,996.55255,3.9153752,71.91953,0.0,0.0
2024-09-27 17:00:00,39.44,299.38202,996.2912,3.271402,73.66015,0.0,0.0
2024-09-27 18:00:00,38.1,299.06406,996.2825,3.0460896,73.54041,0.0,0.0
2024-09-27 19:00:00,36.75,298.02823,996.34827,3.2581737,70.6077,0.0,0.0
2024-09-27 20:00:00,36.45,297.51437,996.51935,3.0290303,73.76283,0.0,0.0
2024-09-27 21:00:00,36.51,296.91635,997.243,2.5832336,77.27622,0.0,0.0
2024-09-27 22:00:00,36.16,296.6436,998.28326,1.9558741,81.31702,0.0,0.0
2024-09-27 23:00:00,36.19,298.91464,999.21606,1.7286468,69.14489,0.0,0.0
2024-09-28 00:00:00,36.31,300.37146,999.6188,1.8333513,60.82142,0.00564456,0.0
2024-09-28 01:00:00,36.31,301.69373,999.6305,1.6436992,55.55631,0.0,0.0
2024-09-28 02:00:00,35.73,302.88,999.1403,1.6543391,51.32376,0.0,0.0
2024-09-28 03:00:00,35.54,303.84412,998.3589,1.6549746,48.827618,0.0,0.0
2024-09-28 04:00:00,35.77,304.5295,997.19525,1.6541421,47.529293,0.0,0.0
2024-09-28 05:00:00,36.09,305.14703,996.02234,1.663732,46.35687,0.0,0.0
2024-09-28 06:00:00,36.08,305.61133,995.3384,1.661878,45.22282,0.0,0.0
2024-09-28 07:00:00,35.62,306.30127,994.9125,2.1994617,40.809242,0.0,0.0
2024-09-28 08:00:00,35.22,306.09705,994.8156,2.5241315,41.448307,0.0,0.0
2024-09-28 09:00:00,34.29,305.01434,994.7647,2.7380435,49.038002,0.0,0.0
2024-09-28 10:00:00,33.41,303.42383,995.6763,2.745259,56.372486,0.0,0.0
2024-09-28 11:00:00,32.82,302.06122,996.46875,2.5892837,62.376003,0.0,0.0
2024-09-28 12:00:00,31.93,301.10056,997.0172,2.296117,67.46362,0.0,0.0
2024-09-28 13:00:00,32.02,300.26935,997.3625,2.2168086,71.37892,0.0,0.0
2024-09-28 14:00:00,32.34,299.6275,997.2523,2.2970283,73.441734,0.0,0.0
2024-09-28 15:00:00,33.08,299.15112,996.70483,2.465408,74.43692,0.0,0.0
2024-09-28 16:00:00,33.33,298.86072,996.1866,2.884336,73.90381,0.0,0.0
2024-09-28 17:00:00,33.48,298.50397,995.7441,3.1670766,73.60521,0.0,0.0
2024-09-28 18:00:00,33.56,298.16537,995.52563,3.0698106,74.3228,0.0,0.0
2024-09-28 19:00:00,33.73,297.18756,995.8812,1.8033856,83.699326,0.0,0.0
2024-09-28 20:00:00,33.99,296.71765,996.0239,1.4828708,86.81803,0.0,0.0
2024-09-28 21:00:00,34.22,296.28424,996.7961,1.519235,88.94219,0.0,0.0
2024-09-28 22:00:00,34.38,296.51703,997.51764,1.5789036,88.83712,0.0,0.0
2024-09-28 23:00:00,34.24,299.11,998.4517,2.0298934,74.66011,0.0,0.0
2024-09-29 00:00:00,,301.5559,998.961,2.4730425,61.379887,0.0,0.0
2024-09-29 01:00:00,,303.58466,998.698,2.4752183,53.130215,0.0,0.0
2024-09-29 02:00:00,,305.34003,998.1691,2.6131928,45.98208,0.0,0.0
2024-09-29 03:00:00,,306.74188,997.07544,2.8478692,39.86941,0.0,0.0
2024-09-29 04:00:00,,307.40192,995.8978,2.9788692,36.686455,0.0,0.0
2024-09-29 05:00:00,,308.14868,994.6975,3.120096,34.08035,0.0,0.0
2024-09-29 06:00:00,,308.63947,994.13403,3.2244868,32.423058,0.0,0.0
2024-09-29 07:00:00,,309.06024,993.68195,3.911485,28.169308,0.0,0.0
2024-09-29 08:00:00,,308.69388,993.4952,3.795945,28.97581,0.0,0.0
2024-09-29 09:00:00,,307.23264,993.8552,3.1794908,36.31008,0.0,0.0
2024-09-29 10:00:00,,304.99493,994.5458,3.20852,44.081314,0.0,0.0
2024-09-29 11:00:00,,303.4011,995.5041,3.176903,49.430103,0.0,0.0
2024-09-29 12:00:00,,302.37402,996.2042,3.1747372,52.317394,0.0,0.0
2024-09-29 13:00:00,,301.50394,996.58435,3.226439,54.591103,0.0,0.0
2024-09-29 14:00:00,,300.8101,996.66,3.3768232,56.450497,0.0,0.0
2024-09-29 15:00:00,,300.46533,996.15765,3.571332,57.447346,0.0,0.0
2024-09-29 16:00:00,,299.97943,995.46814,4.0421414,58.374207,0.0,0.0
2024-09-29 17:00:00,,299.62723,995.0503,4.651863,58.92529,0.0,0.0
2024-09-29 18:00:00,,299.33557,994.97186,5.247747,60.151844,0.0,0.0
2024-09-29 19:00:00,,298.8418,995.1925,5.827454,63.3262,0.0,0.0
2024-09-29 20:00:00,,298.43784,995.51904,5.808776,64.94284,0.0,0.0
2024-09-29 21:00:00,,297.95108,996.2798,5.4556694,66.358986,0.0,0.0
2024-09-29 22:00:00,,297.87006,996.8123,5.0008554,66.754166,0.0,0.0
2024-09-29 23:00:00,,299.4995,997.76416,5.732628,60.69711,0.0,0.0
2024-09-30 00:00:00,,301.71973,998.339,6.9741154,52.981186,0.0,0.0
2024-09-30 01:00:00,,304.1344,998.2609,7.3741245,45.829628,0.0,0.0
2024-09-30 02:00:00,,306.5083,997.39764,7.513577,39.29694,0.0,0.0
2024-09-30 03:00:00,,308.58563,996.0742,7.433132,32.795597,0.0,0.0
2024-09-30 04:00:00,,309.89032,994.8058,7.021506,26.97132,0.0,0.0
2024-09-30 05:00:00,,310.63632,993.5122,6.532666,23.74037,0.0,0.0
2024-09-30 06:00:00,,310.9469,992.78076,6.1566916,22.07356,0.0,0.0
2024-09-30 07:00:00,,311.29037,992.2143,5.55493,20.487675,0.0,0.0
2024-09-30 08:00:00,,310.87012,992.2034,5.2437215,20.657686,0.0,0.0
2024-09-30 09:00:00,,309.49222,992.465,4.564361,23.909906,0.0,0.0
2024-09-30 10:00:00,,307.56268,993.44305,4.4522467,27.106861,0.0,0.0
2024-09-30 11:00:00,,306.1679,994.248,4.7521133,28.394508,0.0,0.0
2024-09-30 12:00:00,,304.97876,994.93823,4.8140736,29.448055,0.0,0.0
2024-09-30 13:00:00,,303.95953,995.0814,4.9618983,31.100296,0.0,0.0
2024-09-30 14:00:00,,303.06335,995.033,5.108104,32.933743,0.0,0.0
2024-09-30 15:00:00,,302.149,994.921,5.1750793,35.161022,0.0,0.0
2024-09-30 16:00:00,,301.19952,994.5613,5.1124735,37.688763,0.0,0.0
2024-09-30 17:00:00,,300.35513,994.28577,5.1891103,40.148632,0.0,0.0
2024-09-30 18:00:00,,299.59503,994.2399,5.063636,42.44123,0.0,0.0
2024-09-30 19:00:00,,298.12506,994.9573,4.5836377,45.519436,0.0,0.0
2024-09-30 20:00:00,,297.44983,995.4,4.3285522,47.820766,0.0,0.0
2024-09-30 21:00:00,,296.71835,996.1541,3.5494325,50.211674,0.0,0.0
2024-09-30 22:00:00,,296.41162,997.2342,3.1465757,51.49113,0.0,0.0
2024-09-30 23:00:00,,298.71375,998.17303,4.096994,42.547714,0.0,0.0
2024-10-01 00:00:00,301.2862,998.92834,5.8997955,34.227135,0.0025771603,0.0,
2024-10-01 01:00:00,304.1481,998.6244,7.1178613,26.837826,0.0,0.0,
2024-10-01 02:00:00,306.73492,997.5644,8.002184,20.869772,0.0,0.0,
2024-10-01 03:00:00,308.73724,996.47455,8.151291,16.811487,0.0,0.0,
2024-10-01 04:00:00,310.08334,995.1035,7.761888,14.31063,0.0,0.0,
2024-10-01 05:00:00,310.86285,993.78796,6.979479,12.763682,0.0,0.0,
2024-10-01 06:00:00,311.2815,993.0009,6.3040495,11.922715,0.0,0.0,
2024-10-01 07:00:00,311.79938,992.1353,6.170475,11.343614,0.0,0.0,
2024-10-01 08:00:00,311.4845,992.2583,5.910395,11.657511,0.0,0.0,
2024-10-01 09:00:00,310.53247,992.53,5.1038666,12.873011,0.0,0.0,
2024-10-01 10:00:00,308.36456,993.20685,4.4907575,15.55714,0.0,0.0,
2024-10-01 11:00:00,306.74188,994.01654,5.039579,17.854101,0.0,0.0,
2024-10-01 12:00:00,305.52716,994.80115,5.7515974,20.266537,0.0,0.0,
2024-10-01 13:00:00,304.37817,995.0544,5.9643183,23.218992,0.0,0.0,
2024-10-01 14:00:00,303.29572,995.3912,5.7273607,25.815926,0.0,0.0,
2024-10-01 15:00:00,302.31885,995.29517,5.13468,27.640635,0.0,0.0,
2024-10-01 16:00:00,301.37067,994.7174,4.626845,29.261919,0.0,0.0,
2024-10-01 17:00:00,300.45374,994.368,4.481419,30.942848,0.0,0.0,
2024-10-01 18:00:00,299.63342,994.1777,4.1911464,32.79084,0.0,0.0,
2024-10-01 19:00:00,298.36365,994.6453,2.9701767,34.729202,0.0,0.0,
2024-10-01 20:00:00,297.3448,995.1146,2.8383899,37.09396,0.0,0.0,
2024-10-01 21:00:00,296.60815,995.7008,3.2096949,38.218555,0.0,0.0,
2024-10-01 22:00:00,296.6425,996.0697,3.0759025,37.563267,0.0,0.0,
2024-10-01 23:00:00,300.134,997.0825,3.0832267,29.568949,0.0,0.0,
2024-10-02 00:00:00,303.70465,997.4035,3.9035058,26.344542,0.0,0.0,
2024-10-02 01:00:00,306.1733,997.4456,5.1266527,23.05467,0.0,0.0,
2024-10-02 02:00:00,308.22876,996.3988,6.348006,18.255451,0.0,0.0,
2024-10-02 03:00:00,309.91663,995.14185,6.5512643,15.482977,0.0,0.0,
2024-10-02 04:00:00,311.21893,993.7888,6.1977677,13.837689,0.0,0.0,
2024-10-02 05:00:00,312.05286,992.2943,5.536529,12.963043,0.0,0.0,
2024-10-02 06:00:00,312.58307,991.5591,5.024605,12.381685,0.0,0.0,
2024-10-02 07:00:00,312.62668,991.2078,4.076026,12.807841,0.0,0.0,
2024-10-02 08:00:00,312.48602,991.2239,4.014211,12.712143,0.0,0.0,
2024-10-02 09:00:00,311.85983,991.3606,3.8258471,12.972185,0.0,0.0,
2024-10-02 10:00:00,310.2074,992.08624,3.00699,14.411931,0.0,0.0,
2024-10-02 11:00:00,308.72543,992.67804,3.1386511,15.80571,0.0,0.0,
2024-10-02 12:00:00,307.52002,993.59406,3.5154443,16.9598,0.0,0.0,
2024-10-02 13:00:00,306.45215,993.9789,3.832426,18.165104,0.0,0.0,
2024-10-02 14:00:00,305.22726,994.5553,3.8436518,19.835354,0.0,0.0,
2024-10-02 15:00:00,304.17487,994.79694,5.788997,23.19478,0.0,0.0,
2024-10-02 16:00:00,303.27713,994.8144,7.3583946,36.319576,0.0,0.0,
2024-10-02 17:00:00,302.76947,994.8325,6.739044,40.148922,0.0,0.0,
2024-10-02 18:00:00,302.21362,994.90063,5.731966,39.749832,0.0,0.0,
2024-10-02 19:00:00,300.88336,995.6729,3.9819326,40.835953,0.0,0.0,
2024-10-02 20:00:00,300.00128,995.95874,3.2554657,42.96938,0.0,0.0,
2024-10-02 21:00:00,299.20148,996.627,2.913045,45.49799,0.0,0.0,
2024-10-02 22:00:00,298.95572,997.1866,2.4872417,46.93601,0.0,0.0,
2024-10-02 23:00:00,301.71295,998.0094,2.4514987,39.675453,0.0,0.0,
2024-10-03 00:00:00,304.09766,998.2134,2.9139924,33.260307,0.0,0.0,
2024-10-03 01:00:00,306.3227,998.07,3.3319368,27.304676,0.0,0.0,
2024-10-03 02:00:00,308.40942,997.07367,3.873582,21.686079,0.0,0.0,
2024-10-03 03:00:00,309.78455,995.9723,4.172052,19.188911,0.0,0.0,
2024-10-03 04:00:00,310.64648,994.89056,4.009543,18.39923,0.0,0.0,
2024-10-03 05:00:00,311.10153,993.77264,3.2407732,17.829073,0.0,0.0,
2024-10-03 06:00:00,311.29037,993.056,2.5029287,17.39616,0.0,0.0,
2024-10-03 07:00:00,311.11713,992.8457,2.0498164,17.64746,0.0,0.0,
2024-10-03 08:00:00,310.99268,992.905,1.9041954,17.468906,0.0,0.0,
2024-10-03 09:00:00,310.5124,993.1355,1.7989368,17.744898,0.0,0.0,
2024-10-03 10:00:00,309.74475,993.6756,1.8064286,18.974197,0.0,0.0,
2024-10-03 11:00:00,308.9314,994.3356,2.188455,20.505394,0.0,0.0,
2024-10-03 12:00:00,307.92438,994.7265,2.432071,22.276579,0.0,0.0,
2024-10-03 13:00:00,306.82755,994.9211,2.597091,24.203573,0.0,0.0,
2024-10-03 14:00:00,305.5952,994.8378,2.4930484,26.631779,0.0,0.0,
2024-10-03 15:00:00,304.48346,994.52075,2.656345,28.600874,0.0,0.0,
2024-10-03 16:00:00,303.5238,994.1795,3.2010987,29.61649,0.0,0.0,
2024-10-03 17:00:00,302.78772,993.6492,3.4700243,31.073328,0.0,0.0,
2024-10-03 18:00:00,301.7608,993.58185,3.3980434,33.913982,0.0,0.0,
2024-10-03 19:00:00,300.1357,994.1867,2.141141,38.70095,0.0,0.0,
2024-10-03 20:00:00,299.2801,995.14374,1.9859028,42.642223,0.0,0.0,
2024-10-03 21:00:00,298.58197,995.7562,1.9528509,45.725117,0.0,0.0,
2024-10-03 22:00:00,298.56232,996.18774,1.9719515,46.287968,0.0,0.0,
2024-10-03 23:00:00,302.13342,996.7355,2.640645,35.790993,0.0,0.0,
2024-10-04 00:00:00,304.68463,996.85333,3.9441242,29.854292,0.002160062,0.0,
2024-10-04 01:00:00,307.1335,996.5256,4.2225666,25.168928,0.0,0.0,
2024-10-04 02:00:00,309.14246,995.5513,4.2961884,22.13161,0.0,0.0,
2024-10-04 03:00:00,310.35913,994.54346,3.433808,20.299591,0.0,0.0,
2024-10-04 04:00:00,311.1953,993.4038,2.578331,19.006205,0.0,0.0,
2024-10-04 05:00:00,311.75928,992.161,2.012471,17.98927,0.0,0.0,
2024-10-04 06:00:00,312.1543,991.45056,1.7282829,16.993639,0.0,0.0,
2024-10-04 07:00:00,312.63626,990.78516,1.8180723,15.984614,0.0,0.0,
2024-10-04 08:00:00,312.4458,990.6819,2.2040043,15.833584,0.0,0.0,
2024-10-04 09:00:00,311.8695,990.8441,2.5288718,16.210054,0.0,0.0,
2024-10-04 10:00:00,310.7001,991.46735,2.3354256,17.906275,0.0,0.0,
2024-10-04 11:00:00,309.44324,992.1867,2.3736377,19.758497,0.0,0.0,
2024-10-04 12:00:00,308.35135,993.0098,2.1035433,21.657375,0.0,0.0,
2024-10-04 13:00:00,307.14557,993.4311,1.93297,24.29106,0.0,0.0,
2024-10-04 14:00:00,306.0512,993.54376,2.0694768,26.582428,0.0,0.0,
2024-10-04 15:00:00,304.8849,993.3604,2.143937,28.960121,0.0,0.0,
2024-10-04 16:00:00,303.80383,992.7014,1.8422817,32.097805,0.0,0.0,
2024-10-04 17:00:00,302.72906,992.1147,1.8686663,33.922226,0.0,0.0,
2024-10-04 18:00:00,301.95892,991.8806,1.613752,36.054783,0.0,0.0,
2024-10-04 19:00:00,302.49484,992.25,4.944313,27.741495,0.0,0.0,
2024-10-04 20:00:00,302.0721,992.7328,4.9990907,28.196278,0.0,0.0,
2024-10-04 21:00:00,301.54065,993.46216,4.792681,28.76766,0.0,0.0,
2024-10-04 22:00:00,301.60443,993.70984,4.4416156,28.735945,0.0,0.0,
2024-10-04 23:00:00,303.65082,994.67914,4.913996,26.065264,0.0,0.0,
2024-10-05 00:00:00,306.0,995.1182,5.5141034,24.095331,0.0,0.0,
2024-10-05 01:00:00,308.46466,994.97437,5.167625,21.807947,0.0,0.0,
2024-10-05 02:00:00,310.57562,994.2582,4.399061,19.093006,0.0,0.0,
2024-10-05 03:00:00,311.3247,993.40485,3.507733,17.884726,0.0,0.0,
2024-10-05 04:00:00,311.95746,992.64655,2.6671708,16.861069,0.0,0.0,
2024-10-05 05:00:00,312.55194,991.61383,2.186068,15.763776,0.0,0.0,
2024-10-05 06:00:00,312.80533,990.96014,2.163083,15.168175,0.0,0.0,
2024-10-05 07:00:00,313.64136,990.2889,2.7935905,14.383721,0.0,0.0,
2024-10-05 08:00:00,313.25153,989.9772,3.043322,14.652693,0.0,0.0,
2024-10-05 09:00:00,312.44983,990.34406,4.4871182,15.3483095,0.0,0.0,
2024-10-05 10:00:00,310.7147,991.6933,4.5172806,17.547695,0.0,0.0,
2024-10-05 11:00:00,309.2143,992.8092,3.7477543,19.718752,0.0,0.0,
2024-10-05 12:00:00,308.33414,993.4327,2.5777516,21.043533,0.0,0.0,
2024-10-05 13:00:00,307.14044,994.2736,2.636596,22.736393,0.0,0.0,
2024-10-05 14:00:00,306.44476,994.5522,3.0524552,23.439915,0.0,0.06,
2024-10-05 15:00:00,305.839,994.7605,3.2822738,23.790867,0.0,0.0,
2024-10-05 16:00:00,304.84497,994.23065,2.53291,25.759108,0.0,0.0,
2024-10-05 17:00:00,303.64636,993.9431,2.078543,29.375025,0.0,0.0,
2024-10-05 18:00:00,302.51044,993.49243,1.1565957,36.83105,0.0,0.0,
2024-10-05 19:00:00,300.44867,994.4431,2.628495,51.295727,0.026375702,0.0,
2024-10-05 20:00:00,299.85638,994.6722,2.038696,53.965645,0.0,0.0,
2024-10-05 21:00:00,299.39917,995.1392,1.4933628,57.078922,0.0,0.0,
2024-10-05 22:00:00,299.33035,995.7657,1.099982,60.019802,0.0,0.0,
2024-10-05 23:00:00,301.67578,996.5128,1.4573336,49.11713,0.0,0.0,
2024-10-06 00:00:00,303.9801,997.21155,1.1236007,42.200886,0.026810814,0.0,
2024-10-06 01:00:00,306.3142,997.0207,1.4883049,34.6981,0.0,0.0,
2024-10-06 02:00:00,308.62067,996.38354,2.6805387,27.955309,0.0,0.0,
2024-10-06 03:00:00,310.57532,995.45624,3.5731146,23.148165,0.0,0.0,
2024-10-06 04:00:00,311.73895,994.21063,3.6673756,21.177082,0.0,0.0,
2024-10-06 05:00:00,312.4428,992.94977,3.5235934,20.024675,0.0018551946,0.0,
2024-10-06 06:00:00,312.2162,992.1007,3.6039426,19.847486,0.0,0.24,
2024-10-06 07:00:00,312.54974,991.4381,3.6566272,18.374584,0.0,0.07,
2024-10-06 08:00:00,311.83975,991.6725,3.0198207,18.866257,0.0013634562,0.14,
2024-10-06 09:00:00,309.9246,993.0809,4.7514133,22.007318,0.056110322,0.0,
2024-10-06 10:00:00,308.54456,994.0997,3.2128959,25.030962,0.008940697,0.0,
2024-10-06 11:00:00,307.7281,994.8723,2.9150593,27.01653,0.0,0.0,
2024-10-06 12:00:00,306.93668,995.26794,2.746607,28.80754,0.0,0.0,
2024-10-06 13:00:00,306.08936,995.849,2.6622605,31.19742,0.0,0.0,
2024-10-06 14:00:00,305.33862,996.1058,3.9201283,33.461975,0.0,0.0,
2024-10-06 15:00:00,304.35114,996.2498,3.8498733,38.05685,0.0,0.0,
2024-10-06 16:00:00,303.58337,995.60834,3.1112194,43.350876,0.0,0.0,
2024-10-06 17:00:00,302.7876,995.3317,2.3959486,47.87237,0.0,0.0,
2024-10-06 18:00:00,301.9532,995.2452,1.3938512,53.428696,0.0,0.0,
2024-10-06 19:00:00,301.5849,995.4236,1.7800475,49.43782,0.0,0.07,
2024-10-06 20:00:00,301.14624,995.8978,1.5619667,52.888424,0.0,0.0,
2024-10-06 21:00:00,300.7694,996.63837,1.7605518,53.579296,0.0,0.0,
2024-10-06 22:00:00,301.08032,997.233,2.12636,51.765926,0.0,0.0,
2024-10-06 23:00:00,302.9136,998.2064,2.4614584,46.17373,0.0,0.0,
2024-10-07 00:00:00,305.18253,998.54016,2.8903363,40.105278,0.070521235,0.0,
2024-10-07 01:00:00,307.41986,998.4863,2.6174939,31.493753,0.0,0.0,
2024-10-07 02:00:00,309.28534,997.77325,1.8597289,24.980276,0.0,0.0,
2024-10-07 03:00:00,311.05295,997.0279,2.6748118,20.84496,0.0,0.0,
2024-10-07 04:00:00,312.43097,995.97986,4.1594706,17.112162,0.0,0.0,
2024-10-07 05:00:00,313.0359,994.8269,4.259952,15.3497505,0.0,0.0,
2024-10-07 06:00:00,313.47537,993.95374,4.2628837,14.369771,0.0,0.0,
2024-10-07 07:00:00,313.30005,993.71576,4.5691857,16.820728,0.0,0.0,
2024-10-07 08:00:00,313.05505,993.7656,4.449106,16.730217,0.07312,0.0,
2024-10-07 09:00:00,311.91772,994.3349,4.5981646,17.72389,0.0128299,0.0,
2024-10-07 10:00:00,310.84454,995.5031,3.4093778,18.848177,0.0,0.0,
2024-10-07 11:00:00,310.15527,996.1817,2.8490531,19.723965,0.0,0.0,
2024-10-07 12:00:00,309.18274,996.6131,2.2816615,21.26724,0.0,0.0,
2024-10-07 13:00:00,307.84644,996.5717,2.330609,23.616728,0.0,0.0,
2024-10-07 14:00:00,306.64862,996.5037,2.7353282,25.182175,0.0,0.0,
2024-10-07 15:00:00,305.64365,996.1984,3.2769558,26.108261,0.0,0.0,
2024-10-07 16:00:00,304.7967,995.745,3.4578981,27.104347,0.0,0.0,
2024-10-07 17:00:00,303.7365,995.4829,3.349697,29.02902,0.0,0.0,
2024-10-07 18:00:00,302.72955,995.40234,3.0458927,31.64257,0.0,0.0,
2024-10-07 19:00:00,301.05905,996.6753,2.7638824,37.77779,0.0,0.0,
2024-10-07 20:00:00,300.3416,997.3052,3.0046122,43.75642,0.0,0.0,
2024-10-07 21:00:00,299.6502,997.63776,2.5957549,50.29999,0.0,0.0,
2024-10-07 22:00:00,299.41214,998.1375,1.738127,56.338276,0.0,0.0,
2024-10-07 23:00:00,302.15613,998.7103,1.6371093,50.800175,0.0,0.0,
2024-10-08 00:00:00,304.57608,998.90295,1.6602799,44.438934,0.086814165,0.0,
2024-10-08 01:00:00,307.21014,998.5701,1.7835004,33.521805,0.0,0.0,
2024-10-08 02:00:00,309.39978,997.7001,1.9897534,26.000103,0.0,0.0,
2024-10-08 03:00:00,311.39685,996.61237,3.037781,20.561672,0.0,0.0,
2024-10-08 04:00:00,312.8872,995.24005,4.1088066,15.981589,0.0,0.0,
2024-10-08 05:00:00,313.8175,993.9344,4.229146,13.671748,0.0,0.0,
2024-10-08 06:00:00,314.39557,992.80896,4.174533,12.603002,0.0,0.0,
2024-10-08 07:00:00,313.78036,992.4581,5.028911,15.423523,0.0,0.0,
2024-10-08 08:00:00,312.65613,992.6703,5.4885087,17.1504,0.0,0.0,
2024-10-08 09:00:00,311.4726,993.7919,4.7717156,19.052662,0.0,0.0,
2024-10-08 10:00:00,310.67307,994.2609,3.962719,20.281298,0.0,0.0,
2024-10-08 11:00:00,309.3723,994.6841,3.9739704,22.784498,0.0,0.0,
2024-10-08 12:00:00,308.3131,994.90955,3.706281,25.277462,0.0,0.0,
2024-10-08 13:00:00,307.4418,995.3773,4.4618855,27.713934,0.0,0.0,
2024-10-08 14:00:00,306.5531,995.2092,4.4958863,31.057734,0.0,0.0,
2024-10-08 15:00:00,305.5911,995.0117,3.2793741,34.294773,0.0017166138,0.0,
2024-10-08 16:00:00,304.6889,994.3742,2.2601218,37.08575,0.0,0.0,
2024-10-08 17:00:00,304.04526,994.34644,0.99753666,41.933743,0.0,0.0,
2024-10-08 18:00:00,303.24225,994.2614,1.1980206,43.4367,0.0,0.0,
2024-10-08 19:00:00,302.10175,994.6258,1.9400302,40.19922,0.0,0.0,
2024-10-08 20:00:00,301.07654,994.8008,1.744053,43.212948,0.0,0.0,
2024-10-08 21:00:00,300.4467,995.573,1.2582891,44.78723,0.0,0.0,
2024-10-08 22:00:00,300.76056,996.02264,0.67698044,43.332607,0.0,0.0,
2024-10-08 23:00:00,303.71112,996.8985,0.5333458,33.642033,0.0,0.0,
2024-10-09 00:00:00,306.55774,997.10187,0.8416783,27.214727,0.0025868416,0.0,
2024-10-09 01:00:00,308.85995,996.6287,0.9066825,23.336649,0.0,0.0,
2024-10-09 02:00:00,310.83163,995.8895,1.7998585,20.236612,0.0,0.0,
2024-10-09 03:00:00,312.55725,994.7964,3.458336,17.491552,0.0,0.0,
2024-10-09 04:00:00,313.4989,993.57086,3.519156,15.617771,0.0,0.0,
2024-10-09 05:00:00,313.99045,992.474,3.0018187,14.531283,0.0,0.0,
2024-10-09 06:00:00,314.10388,991.42267,2.8037202,13.991277,0.0,0.0,
2024-10-09 07:00:00,314.75153,990.5756,3.044512,12.84803,0.0,0.0,
2024-10-09 08:00:00,314.51892,990.1253,2.8094435,12.734739,0.0,0.0,
2024-10-09 09:00:00,314.1221,990.475,2.6677606,12.757193,0.0,0.0,
2024-10-09 10:00:00,312.96906,991.24774,2.529108,13.590701,0.0,0.0,
2024-10-09 11:00:00,311.6361,991.84015,3.2213192,14.7062435,0.0,0.0,
2024-10-09 12:00:00,310.57043,992.5809,4.194672,15.719453,0.0,0.0,
2024-10-09 13:00:00,309.56537,992.93225,5.240138,17.01939,0.0,0.0,
2024-10-09 14:00:00,308.84055,993.2958,5.5372357,18.350735,0.0,0.0,
2024-10-09 15:00:00,308.20374,993.10016,5.3539014,19.880814,0.0,0.13,
2024-10-09 16:00:00,307.73245,992.8298,4.5423408,21.180304,0.0,0.0,
2024-10-09 17:00:00,306.43512,992.65186,3.6453016,23.558014,0.010281801,0.0,
2024-10-09 18:00:00,305.19333,992.8354,3.582393,28.215664,0.056147575,0.0,
2024-10-09 19:00:00,303.83377,994.01654,1.7140759,48.39766,0.023007393,0.23,
2024-10-09 20:00:00,302.91016,994.61554,3.4049547,52.709206,0.024497509,0.87,
2024-10-09 21:00:00,302.1965,994.49365,4.7838044,56.999588,0.0,2.53,
2024-10-09 22:00:00,302.26538,994.5656,4.415435,56.189377,0.0,0.90999997,
2024-10-09 23:00:00,304.01926,995.64703,3.1639607,48.92613,0.0,0.82,
2024-10-10 00:00:00,306.0802,996.03656,1.6722293,41.010662,0.11393428,0.66999996,
2024-10-10 01:00:00,307.86926,996.1106,1.5700401,34.99925,0.0,0.48,
2024-10-10 02:00:00,309.49246,995.1964,1.6255777,29.621407,0.0021196902,0.49999997,
2024-10-10 03:00:00,310.96307,994.2619,2.1969633,24.338459,0.0,0.76,
2024-10-10 04:00:00,312.24384,993.33734,3.9324524,19.74852,0.0,0.0,
2024-10-10 05:00:00,313.05383,992.1336,4.176683,16.031422,0.0,0.0,
2024-10-10 06:00:00,313.57565,991.1046,3.6002462,13.166921,0.0,0.0,
2024-10-10 07:00:00,306.8635,993.10986,4.062057,39.638195,2.0443752,0.0,
2024-10-10 08:00:00,307.1632,992.60345,5.9129624,38.853306,0.0,0.0,
2024-10-10 09:00:00,307.34644,992.20844,5.844169,37.822384,0.0,0.0,
2024-10-10 10:00:00,306.64236,993.1236,5.436559,40.695145,0.0,0.0,
2024-10-10 11:00:00,305.8636,994.0971,4.24577,42.981186,0.0,0.0,
2024-10-10 12:00:00,305.41852,994.8045,3.8693955,44.187172,0.0,0.0,
2024-10-10 13:00:00,304.77747,995.22906,3.3241303,46.103252,0.0,0.0,
2024-10-10 14:00:00,304.1253,995.2784,2.7064166,48.920258,0.0,0.28,
2024-10-10 15:00:00,303.33905,995.09174,2.2242007,53.57704,0.0,0.0,
2024-10-10 16:00:00,302.63806,994.98346,2.5256522,55.955444,0.0,0.0,
2024-10-10 17:00:00,301.99994,994.761,3.0117846,57.884842,0.0,0.0,
2024-10-10 18:00:00,301.4505,994.5878,2.7940211,59.79183,0.0,0.0,
2024-10-10 19:00:00,300.36813,995.90656,3.716591,63.22808,0.0,0.22999999,
2024-10-10 20:00:00,300.16882,996.2388,4.725577,62.355824,0.0,2.5,
2024-10-10 21:00:00,300.10284,997.0032,5.6654058,55.899418,0.0,0.03,
2024-10-10 22:00:00,300.48712,997.58936,6.2872586,49.201576,0.0,0.8,
2024-10-10 23:00:00,302.04126,998.5203,7.6421146,43.500763,0.0,0.65999997,
2024-10-11 00:00:00,303.78192,998.84094,8.662884,38.185444,2.0469134,0.0,
2024-10-11 01:00:00,305.32693,998.6153,9.3265,33.537094,0.0,0.0,
2024-10-11 02:00:00,306.32367,998.0022,9.909846,30.322765,0.0,0.0,
2024-10-11 03:00:00,307.09592,996.89935,9.653489,27.185213,0.0,0.0,
2024-10-11 04:00:00,307.06714,996.0721,9.288088,26.067204,0.0,0.0,
2024-10-11 05:00:00,307.61563,994.84094,8.7720585,23.228981,0.0,0.0,
2024-10-11 06:00:00,308.4941,994.0059,7.721623,19.771797,0.0,0.0,
2024-10-11 07:00:00,308.5489,994.03296,6.5239224,20.213593,0.0,0.0,
2024-10-11 08:00:00,308.88763,994.02466,6.1586056,18.11673,0.0,0.0,
2024-10-11 09:00:00,308.258,993.8272,4.7920637,18.358067,0.0,0.0,
2024-10-11 10:00:00,306.6955,994.2659,3.5359063,20.685858,0.0,0.0,
2024-10-11 11:00:00,305.2598,994.44916,3.255689,22.5843,0.0,0.0,
2024-10-11 12:00:00,303.97314,994.8459,3.2402303,23.858112,0.0,0.0,
2024-10-11 13:00:00,302.86777,995.0276,3.3860884,24.44181,0.0,0.0,
2024-10-11 14:00:00,301.8177,995.211,3.1851044,25.146988,0.0,0.0,
2024-10-11 15:00:00,300.58228,994.8356,2.626725,28.576935,0.0,0.0,
2024-10-11 16:00:00,299.3676,994.44666,2.2360375,33.813236,0.0,0.0,
2024-10-11 17:00:00,298.25266,994.0385,2.2544172,35.854053,0.0,0.0,
2024-10-11 18:00:00,297.24207,993.7553,2.5884695,36.45452,0.0,0.0,
2024-10-11 19:00:00,296.26807,994.1861,2.5547395,38.411682,0.0,0.0,
2024-10-11 20:00:00,295.14,994.1344,2.436459,40.059246,0.0,0.0,
2024-10-11 21:00:00,294.14685,994.96185,2.238467,42.135586,0.0,0.0,
2024-10-11 22:00:00,294.05017,995.4818,1.7387204,44.91547,0.0,0.0,
2024-10-11 23:00:00,298.85468,996.3789,1.358831,27.209785,0.0,0.0,
2024-10-12 00:00:00,303.04425,996.5245,1.4730891,16.058964,0.0,0.0,
2024-10-12 01:00:00,306.01013,996.5165,1.5431793,11.586694,0.0,0.0,
2024-10-12 02:00:00,308.44458,995.6436,1.8068898,9.358032,0.0,0.0,
2024-10-12 03:00:00,310.29523,994.78485,1.6948677,8.334793,0.0,0.0,
2024-10-12 04:00:00,311.38763,993.56525,1.7006854,7.7179074,0.0,0.0,
2024-10-12 05:00:00,312.10315,992.4682,1.9531099,7.2885766,0.0,0.0,
2024-10-12 06:00:00,312.46646,991.5775,2.174221,7.377576,0.0,0.0,
2024-10-12 07:00:00,312.80222,990.195,1.0851674,8.868635,0.0,0.0,
2024-10-12 08:00:00,312.61664,990.0489,1.6911691,8.9628,0.0,0.0,
2024-10-12 09:00:00,312.17487,990.3692,2.693169,9.140522,0.0,0.0,
2024-10-12 10:00:00,310.38376,990.8787,3.45445,10.738282,0.0,0.0,
2024-10-12 11:00:00,308.68192,991.61096,4.0847006,11.974098,0.0,0.0,
2024-10-12 12:00:00,307.30283,992.26556,4.392988,12.834904,0.0,0.0,
2024-10-12 13:00:00,306.0959,992.3019,4.2800307,13.63105,0.0,0.0,
2024-10-12 14:00:00,304.93475,992.47815,3.7757628,14.60674,0.0,0.0,
2024-10-12 15:00:00,303.7657,992.3175,3.3571618,15.852131,0.0,0.0,
2024-10-12 16:00:00,302.24567,992.0422,2.3077867,18.487349,0.0,0.0,
2024-10-12 17:00:00,301.55762,992.15955,3.2264724,18.970213,0.0,0.0,
2024-10-12 18:00:00,300.50098,992.3645,4.692805,26.253927,0.0,0.0,
2024-10-12 19:00:00,298.48148,992.0759,4.230523,48.519672,0.0,0.0,
2024-10-12 20:00:00,297.64328,992.3116,3.7075503,61.92592,0.0,0.0,
2024-10-12 21:00:00,296.96405,993.01904,3.6880882,73.35397,0.0,0.0,
2024-10-12 22:00:00,297.36194,993.27435,3.5520434,77.9746,0.0,0.0,
2024-10-12 23:00:00,300.25504,993.9292,4.309029,66.25787,0.0,0.0,
2024-10-13 00:00:00,303.69006,994.195,4.2429376,47.337307,0.0,0.0,
2024-10-13 01:00:00,306.42407,993.96674,3.4776592,33.602314,0.0,0.0,
2024-10-13 02:00:00,308.56442,993.2366,2.8134367,26.791147,0.0,0.0,
2024-10-13 03:00:00,310.42047,992.15063,2.3090725,21.582943,0.0,0.0,
2024-10-13 04:00:00,311.63312,991.30096,1.7504135,17.099764,0.0,0.0,
2024-10-13 05:00:00,312.3509,990.2455,1.1041971,13.335276,0.0,0.0,
2024-10-13 06:00:00,312.71265,989.8375,1.0320559,12.138603,0.0,0.0,
2024-10-13 07:00:00,312.8589,988.9506,1.2762456,11.283312,0.0,0.0,
2024-10-13 08:00:00,312.60156,988.84033,1.688612,11.09103,0.0,0.0,
2024-10-13 09:00:00,312.1947,989.2742,2.157412,11.126574,0.0,0.0,
2024-10-13 10:00:00,311.04578,989.995,2.5755615,11.989854,0.0,0.0,
2024-10-13 11:00:00,310.02112,990.6339,3.080687,12.652577,0.0,0.0,
2024-10-13 12:00:00,309.06958,991.28296,3.4345167,12.984504,0.0,0.0,
2024-10-13 13:00:00,308.21808,991.3524,3.4509254,13.1587925,0.0,0.0,
2024-10-13 14:00:00,306.94025,991.39484,2.4427056,14.152725,0.0,0.0,
2024-10-13 15:00:00,305.10107,991.3655,4.475627,19.171167,0.0,0.0,
2024-10-13 16:00:00,302.6545,991.00995,6.319702,44.086205,0.0,0.0,
2024-10-13 17:00:00,301.4799,990.9441,5.860161,59.381847,0.0,0.0,
2024-10-13 18:00:00,300.873,990.5927,5.049952,63.21056,0.0,0.0,
2024-10-13 19:00:00,299.79205,990.8497,4.0155363,68.507576,0.0,0.0,
2024-10-13 20:00:00,299.13565,990.9829,3.7555857,71.75019,0.0,0.0,
2024-10-13 21:00:00,298.6479,992.04486,4.023854,74.534294,0.0,0.0,
2024-10-13 22:00:00,298.93616,992.59674,4.2403984,73.91408,0.0,0.0,
2024-10-13 23:00:00,300.94836,993.29443,5.362233,65.02494,0.0,0.0,
2024-10-14 00:00:00,303.63593,993.382,5.5912004,50.51362,0.00129187,0.0,
2024-10-14 01:00:00,306.27716,993.2681,5.052146,38.274235,0.0,0.0,
2024-10-14 02:00:00,308.4825,992.44147,4.4172783,31.036938,0.0,0.0,
2024-10-14 03:00:00,310.3767,991.44867,3.7322555,24.765734,0.0,0.0,
2024-10-14 04:00:00,311.6137,990.5888,2.9761612,19.963343,0.0,0.0,
2024-10-14 05:00:00,312.02625,989.5955,2.755923,17.720444,0.0,0.0,
2024-10-14 06:00:00,312.12036,988.9863,2.880518,16.918972,0.0,0.0,
2024-10-14 07:00:00,312.1006,988.9227,2.4259129,17.044527,0.0,0.0,
2024-10-14 08:00:00,311.88562,988.7481,2.3017893,16.95218,0.0,0.0,
2024-10-14 09:00:00,311.5345,989.3093,2.3086576,17.095848,0.0,0.0,
2024-10-14 10:00:00,310.65796,990.09125,2.1957133,18.179966,0.0,0.0,
2024-10-14 11:00:00,309.57407,990.9614,2.725689,19.942709,0.0,0.0,
2024-10-14 12:00:00,308.3529,991.35565,3.610057,22.205168,0.0,0.0,
2024-10-14 13:00:00,306.93762,991.4471,4.692758,26.385715,0.0,0.0,
2024-10-14 14:00:00,305.61462,991.48016,4.9170337,32.123447,0.0,0.0,
2024-10-14 15:00:00,304.40997,991.0086,5.493463,37.217514,0.0,0.0,
2024-10-14 16:00:00,303.31622,991.005,6.402447,42.35983,0.0,0.0,
2024-10-14 17:00:00,302.5885,990.72546,6.166968,45.86493,0.0,0.0,
2024-10-14 18:00:00,301.8717,990.8695,5.806404,49.13896,0.0,0.0,
2024-10-14 19:00:00,301.36346,991.09314,5.7406144,53.667843,0.0,0.0,
2024-10-14 20:00:00,300.5155,992.06647,4.882237,59.182674,0.0,0.0,
2024-10-14 21:00:00,299.8111,993.0261,4.318732,64.44003,0.0,0.0,
2024-10-14 22:00:00,299.74744,993.9585,4.5880647,67.81248,0.0,0.0,
2024-10-14 23:00:00,300.95306,995.01904,5.385297,64.115234,0.0,0.0,
2024-10-15 00:00:00,303.09293,995.27814,5.5132194,52.887787,0.0012874602,0.0,
2024-10-15 01:00:00,305.59125,995.1108,5.4446154,40.27265,0.0,0.0,
2024-10-15 02:00:00,307.79822,994.2238,5.2930174,31.736752,0.0,0.0,
2024-10-15 03:00:00,309.6329,993.356,5.1427994,25.850037,0.0,0.0,
2024-10-15 04:00:00,310.72424,992.11664,4.8777547,22.780968,0.0,0.0,
2024-10-15 05:00:00,311.53043,991.1571,4.471761,21.00329,0.0,0.0,
2024-10-15 06:00:00,311.94507,990.5354,3.9640462,20.057821,0.0,0.0,
2024-10-15 07:00:00,312.43237,989.83545,3.4338932,18.167587,0.0,0.0,
2024-10-15 08:00:00,312.15045,989.78546,3.090419,18.334536,0.0,0.0,
2024-10-15 09:00:00,311.64935,990.2329,2.66844,18.787167,0.0,0.0,
2024-10-15 10:00:00,310.86823,991.19727,1.8520828,19.742182,0.0,0.0,
2024-10-15 11:00:00,310.27643,991.96967,1.6733375,20.70969,0.0,0.0,
2024-10-15 12:00:00,309.53894,992.3834,2.010049,21.990915,0.0,0.0,
2024-10-15 13:00:00,308.4025,992.6188,3.4415114,23.966713,0.0,0.0,
2024-10-15 14:00:00,306.8609,992.674,5.4368024,29.012304,0.0,0.0,
2024-10-15 15:00:00,304.96045,992.428,7.0409813,38.082047,0.0,0.0,
2024-10-15 16:00:00,303.59906,992.1786,6.509588,47.12574,0.0,0.0,
2024-10-15 17:00:00,302.76453,991.76294,6.360049,51.716,0.0,0.0,
2024-10-15 18:00:00,302.20886,991.78735,5.97734,54.08608,0.0,0.0,
2024-10-15 19:00:00,301.46686,992.1183,5.609163,55.82177,0.0,0.0,
2024-10-15 20:00:00,300.81433,992.51733,4.9164596,57.804184,0.0,0.0,
2024-10-15 21:00:00,300.2881,993.50726,4.131417,59.24423,0.0,0.0,
2024-10-15 22:00:00,300.50177,994.25366,3.5865245,58.20764,0.0,0.0,
2024-10-15 23:00:00,302.14856,995.35266,4.5315228,49.45327,0.0,0.0,
2024-10-16 00:00:00,304.1388,995.65765,4.4098153,38.123028,0.0,0.0,
2024-10-16 01:00:00,306.5741,995.5092,4.1277094,28.604395,0.0,0.0,
2024-10-16 02:00:00,308.8346,994.22314,3.960984,22.009525,0.0,0.0,
2024-10-16 03:00:00,310.66916,993.2594,3.9846623,19.020802,0.0,0.0,
2024-10-16 04:00:00,311.8437,992.00446,4.1556234,18.61018,0.0,0.0,
2024-10-16 05:00:00,312.70728,990.9356,4.283868,18.504921,0.0,0.0,
2024-10-16 06:00:00,313.05582,989.90515,4.4885597,18.777422,0.0,0.0,
2024-10-16 07:00:00,313.1716,989.0136,4.1726594,18.662374,0.0,0.0,
2024-10-16 08:00:00,312.8618,988.8937,4.495215,18.884245,0.0,0.0,
2024-10-16 09:00:00,311.98224,989.3289,5.21187,20.349182,0.0,0.0,
2024-10-16 10:00:00,311.11267,990.0623,5.5268793,21.883753,0.0,0.0,
2024-10-16 11:00:00,310.25842,990.90454,5.9963894,23.36131,0.0,0.0,
2024-10-16 12:00:00,308.91937,991.51874,7.287991,25.318628,0.0,0.0,
2024-10-16 13:00:00,307.363,991.8894,7.8179746,28.083778,0.0,0.0,
2024-10-16 14:00:00,306.20807,992.28314,8.170335,31.498095,0.0,0.0,
2024-10-16 15:00:00,305.42694,992.2072,7.7269964,31.536743,0.0,0.0,
2024-10-16 16:00:00,304.63565,992.0442,6.685809,29.490303,0.0,0.0,
2024-10-16 17:00:00,303.89462,991.8373,5.8890967,29.252884,0.0,0.0,
2024-10-16 18:00:00,303.09058,991.8753,5.102613,30.02024,0.0,0.0,
2024-10-16 19:00:00,301.80133,992.1582,4.247348,36.075764,0.0,0.0,
2024-10-16 20:00:00,301.16736,992.56445,3.8234005,37.66065,0.0,0.0,
2024-10-16 21:00:00,300.59924,993.4358,3.9592848,40.205593,0.0,0.0,
2024-10-16 22:00:00,300.69116,994.1931,3.9264603,41.44569,0.0,0.0,
2024-10-16 23:00:00,302.02393,994.79706,4.0337334,34.490517,0.0,0.0,
2024-10-17 00:00:00,303.82178,995.2079,3.9695923,26.863157,0.0,0.0,
2024-10-17 01:00:00,305.55203,995.3681,3.9926026,21.85012,0.0,0.0,
2024-10-17 02:00:00,307.08295,994.72406,4.3799195,19.098038,0.0,0.0,
2024-10-17 03:00:00,308.63745,993.74164,4.7250347,17.764204,0.0,0.0,
2024-10-17 04:00:00,309.85736,992.5469,4.994283,17.610325,0.0,0.0,
2024-10-17 05:00:00,310.77112,991.2911,5.225469,17.930016,0.0,0.0,
2024-10-17 06:00:00,311.24982,990.4997,5.3824735,18.55326,0.0,0.0,
2024-10-17 07:00:00,311.47845,990.15704,4.9704714,19.00863,0.0,0.0,
2024-10-17 08:00:00,310.78842,990.15076,4.784852,20.044285,0.0,0.0,
2024-10-17 09:00:00,310.0209,990.50256,5.0430326,21.920778,0.0,0.0,
2024-10-17 10:00:00,309.49448,991.41064,5.288258,23.400822,0.0,0.0,
2024-10-17 11:00:00,308.8991,991.86945,5.0488377,24.742939,0.0,0.0,
2024-10-17 12:00:00,307.85022,992.6753,4.8092337,26.663607,0.0,0.0,
2024-10-17 13:00:00,306.97528,992.91797,5.086651,28.632732,0.0,0.0,
2024-10-17 14:00:00,306.06613,993.3758,5.519152,30.760124,0.0,0.0,
2024-10-17 15:00:00,305.18906,993.1701,5.6124144,31.394253,0.0,0.0,
2024-10-17 16:00:00,304.36258,992.7689,5.2040734,30.80686,0.0,0.0,
2024-10-17 17:00:00,303.58902,992.844,4.6049676,30.852545,0.0,0.0,
2024-10-17 18:00:00,302.6432,992.79376,3.9507017,32.1833,0.0,0.0,
2024-10-17 19:00:00,301.39722,993.49414,4.0728407,34.37497,0.0,0.0,
2024-10-17 20:00:00,300.78543,993.53107,3.801,36.00689,0.0,0.0,
2024-10-17 21:00:00,300.3786,994.52924,3.6312146,37.623898,0.0,0.0,
2024-10-17 22:00:00,300.41565,995.2584,3.9308178,38.30518,0.0,0.0,
2024-10-17 23:00:00,301.3208,995.97437,4.6828136,34.86942,0.0,0.0,
2024-10-18 00:00:00,302.87097,996.3315,4.528166,29.380241,0.0,0.0,
2024-10-18 01:00:00,304.96387,996.1792,4.0492167,23.502766,0.0,0.0,
2024-10-18 02:00:00,306.5617,995.3939,3.4311423,19.926609,0.0,0.0,
2024-10-18 03:00:00,308.02713,994.4244,2.9882047,17.962666,0.0,0.0,
2024-10-18 04:00:00,309.26758,993.26514,2.8460789,17.723856,0.0,0.0,
2024-10-18 05:00:00,310.20386,992.1984,2.7847793,17.894987,0.0,0.0,
2024-10-18 06:00:00,310.8057,991.3311,2.5688093,17.970716,0.0,0.0,
2024-10-18 07:00:00,311.1047,991.1372,1.7911431,18.003958,0.0,0.0,
2024-10-18 08:00:00,311.1137,990.92883,1.4989924,17.902283,0.0,0.0,
2024-10-18 09:00:00,310.61298,991.39044,1.9226943,18.387423,0.0,0.0,
2024-10-18 10:00:00,310.00433,992.01135,2.8913753,19.072598,0.0,0.0,
2024-10-18 11:00:00,309.30966,992.53577,3.862472,20.08187,0.0,0.0,
2024-10-18 12:00:00,308.40875,992.9316,4.7796946,21.325256,0.0,0.0,
2024-10-18 13:00:00,307.43158,993.04,4.964899,22.64643,0.0,0.0,
2024-10-18 14:00:00,306.67792,993.2103,4.7705445,23.683058,0.0,0.0,
2024-10-18 15:00:00,305.97302,992.9838,4.476625,24.635782,0.0,0.0,
2024-10-18 16:00:00,305.12515,992.79126,4.08184,25.750217,0.0,0.0,
2024-10-18 17:00:00,304.2588,992.7364,3.3189082,26.990526,0.0,0.0,
2024-10-18 18:00:00,303.33154,992.79987,2.4881444,28.860205,0.0,0.0,
2024-10-18 19:00:00,302.38208,993.50757,3.0953329,31.426907,0.0,0.0,
2024-10-18 20:00:00,301.41083,993.60187,2.8225915,34.625584,0.0,0.0,
2024-10-18 21:00:00,300.5728,994.27673,2.372018,37.145164,0.0,0.0,
2024-10-18 22:00:00,300.8551,994.68884,2.063848,36.54787,0.0,0.0,
2024-10-18 23:00:00,303.51822,995.34656,2.9946702,29.299494,0.0,0.0,
2024-10-19 00:00:00,305.77603,995.545,3.4587898,24.425495,0.0,0.0,
2024-10-19 01:00:00,308.25137,995.3261,3.4309497,19.89059,0.0,0.0,
2024-10-19 02:00:00,310.62305,994.4817,3.4540508,15.739388,0.0,0.0,
2024-10-19 03:00:00,312.0777,993.40356,3.0912297,13.93631,0.0,0.0,
2024-10-19 04:00:00,313.10858,992.20154,2.4292314,13.272138,0.0,0.0,
2024-10-19 05:00:00,313.76086,990.86346,2.0651786,12.884991,0.0,0.0,
2024-10-19 06:00:00,314.2635,990.0439,2.1151662,12.500652,0.0,0.0,
2024-10-19 07:00:00,314.40173,989.9814,2.0391123,13.066557,0.0,0.0,
2024-10-19 08:00:00,314.06003,989.89124,2.137073,13.081093,0.0,0.0,
2024-10-19 09:00:00,313.73383,990.08563,2.7695606,13.138201,0.0,0.0,
2024-10-19 10:00:00,313.08167,990.8134,2.934718,13.606247,0.0,0.0,
2024-10-19 11:00:00,311.87292,991.635,3.2436912,14.607282,0.0,0.0,
2024-10-19 12:00:00,310.7987,992.36096,3.5642357,15.370835,0.0,0.0,
2024-10-19 13:00:00,309.88815,992.617,2.4090195,16.126377,0.0,0.0,
2024-10-19 14:00:00,308.36536,993.10547,1.0710107,19.981306,0.0,0.0,
2024-10-19 15:00:00,307.66867,992.95013,2.6832862,20.057526,0.0,0.0,
2024-10-19 16:00:00,306.98682,992.57404,3.5100505,22.950478,0.0,0.0,
2024-10-19 17:00:00,306.3996,992.23627,4.7387915,26.423788,0.0,0.0,
2024-10-19 18:00:00,305.73175,992.2759,5.5573645,31.331612,0.0,0.0,
2024-10-19 19:00:00,304.49667,992.76807,3.3789728,32.727875,0.0,0.0,
2024-10-19 20:00:00,303.77026,993.492,3.4080563,34.882465,0.0,0.0,
2024-10-19 21:00:00,303.0066,994.16016,3.3676836,38.50796,0.0,0.0,
2024-10-19 22:00:00,303.10345,994.67065,4.0449734,41.387608,0.0,0.0,
2024-10-19 23:00:00,304.70752,995.3055,4.551601,39.61671,0.0,0.0,
2024-10-20 00:00:00,306.99402,995.5652,4.059091,34.215397,0.0017184115,0.0,
2024-10-20 01:00:00,309.2367,995.3847,4.287704,29.737335,0.0,0.0,
2024-10-20 02:00:00,310.7713,994.41956,3.7747605,26.423958,0.0,0.0,
2024-10-20 03:00:00,311.2671,993.72015,3.9181404,25.751041,0.0,0.0,
2024-10-20 04:00:00,312.03485,992.58795,3.8790178,24.563253,0.0,0.0,
2024-10-20 05:00:00,312.74857,991.7114,3.6472275,23.377089,0.0,0.0,
2024-10-20 06:00:00,312.87585,990.7198,3.182978,22.874931,0.0,0.0,
2024-10-20 07:00:00,313.3626,990.15674,3.6130342,21.84613,0.0,0.0,
2024-10-20 08:00:00,313.0863,989.8133,3.3381603,21.84317,0.0,0.0,
2024-10-20 09:00:00,311.67316,990.6472,3.9249556,23.687166,0.049211085,0.0,
2024-10-20 10:00:00,310.06604,991.9525,4.3278503,27.180729,0.27177036,0.0,
2024-10-20 11:00:00,308.30807,993.10425,4.731518,32.59484,0.003695488,3.34,
2024-10-20 12:00:00,307.05627,993.8762,3.7719839,37.622116,0.0,7.09,
2024-10-20 13:00:00,306.2411,994.09235,3.0626252,41.236458,0.0,7.24,
2024-10-20 14:00:00,305.58203,994.20264,3.273564,44.14263,0.0,2.62,
2024-10-20 15:00:00,304.9323,994.12,3.2979155,46.869118,0.0,0.58,
2024-10-20 16:00:00,304.3499,993.7141,2.7253213,49.33644,0.0,0.19,
2024-10-20 17:00:00,303.86746,993.28467,2.27968,51.378757,0.0,0.59,
2024-10-20 18:00:00,303.43646,993.28467,1.9996402,53.38962,0.0,1.02,
2024-10-20 19:00:00,302.62604,993.3756,3.1907248,55.561756,0.011309981,0.03,
2024-10-20 20:00:00,302.3536,993.2497,2.5065496,56.325184,0.0,0.0,
2024-10-20 21:00:00,302.0335,993.64435,2.8382046,57.230354,0.0,0.0,
2024-10-20 22:00:00,302.5584,994.27924,3.3786664,55.210472,0.0,0.0,
2024-10-20 23:00:00,304.3805,994.9203,3.201987,48.349342,0.0,0.0,
2024-10-21 00:00:00,306.59723,995.03876,2.46009,40.57358,0.33687353,0.0,
2024-10-21 01:00:00,308.1894,994.77325,1.9494529,35.870625,0.0,0.0,
2024-10-21 02:00:00,309.57385,994.03217,2.2684023,32.536507,0.01585111,0.0,
2024-10-21 03:00:00,310.96613,992.9104,3.0904977,29.268456,0.029627234,0.0,
2024-10-21 04:00:00,312.12793,991.8764,3.466973,26.606926,0.008158386,0.0,
2024-10-21 05:00:00,312.54684,990.8217,2.917075,25.084341,0.005297363,0.0,
2024-10-21 06:00:00,312.81366,990.0689,2.1627107,23.653933,0.0017136335,0.0,
2024-10-21 07:00:00,312.87988,989.9766,5.782179,21.622713,0.0,0.0,
2024-10-21 08:00:00,311.42792,990.6264,6.6712008,23.272303,0.0,0.0,
2024-10-21 09:00:00,310.3792,990.85626,4.4247108,25.150549,0.0,0.0,
2024-10-21 10:00:00,309.8951,991.3161,1.673508,25.688267,0.0,0.0,
2024-10-21 11:00:00,309.6292,991.70685,0.42312497,26.166561,0.0,0.0,
2024-10-21 12:00:00,308.86786,992.08954,1.2004809,28.229305,0.0,0.0,
2024-10-21 13:00:00,307.93713,992.47235,3.1809537,31.021929,0.0,0.0,
2024-10-21 14:00:00,306.7378,992.63983,4.613091,36.484875,0.0,0.0,
2024-10-21 15:00:00,305.55725,992.5349,4.392906,43.870823,0.0,0.0,
2024-10-21 16:00:00,304.72174,991.7774,3.576674,48.68508,0.0,0.0,
2024-10-21 17:00:00,304.00726,991.3161,3.3090734,52.216267,0.0,0.0,
2024-10-21 18:00:00,303.25757,991.19836,3.2300465,55.71506,0.0,0.0,
2024-10-21 19:00:00,302.13794,992.01245,2.7572536,58.235188,0.0,0.0,
2024-10-21 20:00:00,301.5641,992.433,2.3512204,61.860954,0.0,0.0,
2024-10-21 21:00:00,301.10962,993.3522,1.5531465,65.20078,0.0,0.0,
2024-10-21 22:00:00,301.56134,993.6219,1.3039719,64.444,0.0,0.0,
2024-10-21 23:00:00,303.27472,994.41425,2.0520234,57.773643,0.0,0.0,
2024-10-22 00:00:00,305.75873,994.3166,2.2707748,47.250763,0.061506033,0.0,
2024-10-22 01:00:00,308.3474,993.9611,2.363677,37.5578,0.0,0.0,
2024-10-22 02:00:00,310.45947,993.16693,2.2056172,29.642523,0.0,0.0,
2024-10-22 03:00:00,311.891,992.0627,1.5556157,23.234215,0.0,0.0,
2024-10-22 04:00:00,312.31625,991.192,1.1754918,19.83982,0.0,0.0,
2024-10-22 05:00:00,313.07907,990.1348,0.8961979,17.856361,0.0,0.0,
2024-10-22 06:00:00,313.3712,989.33484,0.37779588,16.941793,0.0,0.0,
2024-10-22 07:00:00,313.86334,988.5636,0.88108116,16.094025,0.0,0.0,
2024-10-22 08:00:00,313.7346,988.4772,1.2887644,15.911952,0.0,0.0,
2024-10-22 09:00:00,313.4905,988.69104,2.0186884,15.961282,0.0,0.0,
2024-10-22 10:00:00,312.75598,989.2813,2.7018867,16.832443,0.0,0.0,
2024-10-22 11:00:00,311.7967,989.9944,3.468177,18.12171,0.0,0.0,
2024-10-22 12:00:00,310.91302,990.3027,4.0449243,19.196663,0.0,0.0,
2024-10-22 13:00:00,309.8902,990.28424,4.1823254,20.430292,0.0,0.0,
2024-10-22 14:00:00,308.86462,990.3685,4.0223856,21.783,0.0,0.0,
2024-10-22 15:00:00,307.9406,990.04095,3.7479138,23.30969,0.0,0.0,
2024-10-22 16:00:00,306.9568,989.6906,3.0456464,25.244385,0.0,0.0,
2024-10-22 17:00:00,305.40576,989.6761,1.8639754,28.887606,0.0,0.0,
2024-10-22 18:00:00,304.35703,989.745,2.0449572,31.552345,0.0,0.0,
2024-10-22 19:00:00,304.17145,990.3127,3.389415,38.713215,0.0,0.0,
2024-10-22 20:00:00,303.89026,990.6869,3.3116968,40.36621,0.0,0.0,
2024-10-22 21:00:00,303.33563,991.19977,3.3612368,41.600697,0.0,0.0,
2024-10-22 22:00:00,304.14954,991.9944,3.3181705,38.781364,0.0,0.0,
2024-10-22 23:00:00,306.69485,992.4614,4.130591,30.32777,0.0,0.0,
2024-10-23 00:00:00,309.19916,992.49335,4.69879,23.354567,0.0,0.0,
2024-10-23 01:00:00,311.31384,992.2358,5.200394,19.651102,0.0,0.0,
2024-10-23 02:00:00,312.96686,991.2042,4.994924,17.451372,0.0,0.0,
2024-10-23 03:00:00,314.2904,990.28455,4.2406497,15.506169,0.0,0.0,
2024-10-23 04:00:00,315.03308,989.26086,3.0062165,13.488035,0.0,0.0,
2024-10-23 05:00:00,315.43622,988.266,2.1222558,12.021673,0.0,0.0,
2024-10-23 06:00:00,315.5362,987.3942,1.832532,11.543834,0.0,0.0,
2024-10-23 07:00:00,315.63458,986.84717,1.8973194,11.49536,0.0,0.0,
2024-10-23 08:00:00,315.50235,986.69214,1.8086314,11.299692,0.0,0.0,
2024-10-23 09:00:00,315.11935,987.165,1.584875,11.200572,0.0,0.0,
2024-10-23 10:00:00,314.36993,987.8709,1.3458618,11.635281,0.0,0.0,
2024-10-23 11:00:00,313.27478,988.59143,1.6769737,12.625663,0.0,0.0,
2024-10-23 12:00:00,311.74945,989.0457,1.8406061,14.126044,0.0,0.0,
2024-10-23 13:00:00,310.1712,989.51654,2.3545547,15.3353195,0.0,0.0,
2024-10-23 14:00:00,308.841,989.4197,2.7141407,15.845302,0.0,0.0,
2024-10-23 15:00:00,307.476,989.0171,2.343927,17.006586,0.0,0.0,
2024-10-23 16:00:00,305.8922,988.90924,2.1079824,18.538918,0.0,0.0,
2024-10-23 17:00:00,304.3139,988.63763,2.1031544,23.719145,0.0,0.0,
2024-10-23 18:00:00,303.52734,988.46375,2.779622,29.570644,0.0,0.0,
2024-10-23 19:00:00,303.14474,988.69336,2.7387683,41.59379,0.0,0.0,
2024-10-23 20:00:00,302.77557,989.2679,2.9939678,44.443398,0.0,0.0,
2024-10-23 21:00:00,302.7124,989.8282,3.555038,45.49733,0.0,0.0,
2024-10-23 22:00:00,303.31073,990.59766,3.9193146,44.40493,0.0,0.0,
2024-10-23 23:00:00,304.87256,991.62524,4.860087,38.43115,0.0,0.0,
2024-10-24 00:00:00,307.00946,991.87634,4.5444927,32.077137,0.0,0.0,
2024-10-24 01:00:00,309.4516,991.9317,3.7715106,27.289766,0.0,0.0,
2024-10-24 02:00:00,311.7245,991.14514,3.4114947,23.327736,0.0,0.0,
2024-10-24 03:00:00,313.90277,990.15906,3.3638437,17.251015,0.0,0.0,
2024-10-24 04:00:00,314.83582,989.4406,3.6512299,12.544253,0.0,0.0,
2024-10-24 05:00:00,315.37988,988.51984,2.9889023,11.688796,0.0,0.0,
2024-10-24 06:00:00,315.5133,987.79083,2.221184,11.442287,0.0,0.0,
2024-10-24 07:00:00,316.26312,986.77423,1.8523494,10.585371,0.0,0.0,
2024-10-24 08:00:00,316.04565,986.7483,1.7282089,10.550185,0.0,0.0,
2024-10-24 09:00:00,315.8062,987.035,1.5301139,10.447891,0.0,0.0,
2024-10-24 10:00:00,314.95468,987.77875,1.3096708,11.169131,0.0,0.0,
2024-10-24 11:00:00,313.97067,988.4525,1.6117309,12.258035,0.0,0.04,
2024-10-24 12:00:00,312.24612,989.23206,1.0973498,15.207444,0.0,0.22,
2024-10-24 13:00:00,310.472,990.1852,2.5889251,16.472935,0.0,0.32999998,
2024-10-24 14:00:00,308.2843,990.65607,5.7823944,26.98048,0.0,0.0,
2024-10-24 15:00:00,306.05963,991.00104,6.054518,41.705086,0.0,0.0,
2024-10-24 16:00:00,304.6671,990.909,5.9757137,52.298622,0.0,0.0,
2024-10-24 17:00:00,303.66797,990.36945,6.662189,59.291656,0.0,0.0,
2024-10-24 18:00:00,302.8283,989.9441,6.309117,63.203926,0.0,0.0,
2024-10-24 19:00:00,301.92047,990.43994,4.5197406,66.90603,0.0,0.0,
2024-10-24 20:00:00,301.46777,990.9522,3.265456,68.61402,0.0,0.0,
2024-10-24 21:00:00,301.0753,991.31476,2.7344532,69.67244,0.0,0.0,
2024-10-24 22:00:00,301.6631,992.27374,2.8607738,66.02997,0.0,0.0,
2024-10-24 23:00:00,303.76367,993.19055,2.9158785,55.46588,0.0,0.0,
2024-10-25 00:00:00,306.17926,993.50104,2.4187734,44.817303,0.0,0.0,
2024-10-25 01:00:00,308.6368,993.0379,2.2717423,35.523796,0.0,0.0,
2024-10-25 02:00:00,311.02124,992.3283,2.2409458,28.173002,0.0,0.0,
2024-10-25 03:00:00,312.9606,991.22095,2.0755816,23.045288,0.003412366,0.0,
2024-10-25 04:00:00,314.4297,990.27985,2.1607013,19.225765,0.0,0.0,
2024-10-25 05:00:00,315.08435,989.25867,1.9688224,16.934772,0.0,0.0,
2024-10-25 06:00:00,315.0067,988.5084,1.4592046,16.337217,0.0,0.0,
2024-10-25 07:00:00,315.24646,987.81805,1.3413066,15.57899,0.0,0.0,
2024-10-25 08:00:00,314.94846,987.5633,2.0930347,15.656691,0.0,0.29,
2024-10-25 09:00:00,313.80783,988.4607,3.5306537,16.828127,0.0,0.32999998,
2024-10-25 10:00:00,312.3036,989.4408,5.3492017,20.747255,0.0,0.03,
2024-10-25 11:00:00,309.2625,990.6731,7.2319193,30.779118,0.0,0.02,
2024-10-25 12:00:00,308.33472,991.6948,6.091854,34.054188,0.0,0.9499999,
2024-10-25 13:00:00,308.07812,992.51917,4.162585,34.035717,0.016212463,1.28,
2024-10-25 14:00:00,307.68878,992.9055,1.3830918,34.6181,0.03693998,1.12,
2024-10-25 15:00:00,307.2983,992.8536,2.1776872,35.394745,0.0,0.72,
2024-10-25 16:00:00,306.7797,992.20166,3.368855,36.421764,0.0,0.78,
2024-10-25 17:00:00,306.12738,991.65326,4.4362855,38.888214,0.0,0.48,
2024-10-25 18:00:00,305.56604,990.97424,4.5014296,41.942944,0.0,0.63,
2024-10-25 19:00:00,303.0804,993.10126,1.1131704,46.17388,0.112339854,0.19,
2024-10-25 20:00:00,303.10907,992.4893,4.1713905,45.633728,0.007122755,0.0,
2024-10-25 21:00:00,302.84973,992.7864,5.2022796,46.538803,0.0,0.0,
2024-10-25 22:00:00,303.1225,993.0044,4.54174,45.735863,0.0,0.65999997,
2024-10-25 23:00:00,304.51837,993.3925,3.5499883,41.08969,0.0,0.049999997,
2024-10-26 00:00:00,305.95618,993.5375,2.5567389,36.740173,0.17909104,0.16,
2024-10-26 01:00:00,307.4947,993.45905,2.2110047,32.2747,0.0,0.0,
2024-10-26 02:00:00,309.1844,992.99664,2.5700285,27.920994,0.0,0.0,
2024-10-26 03:00:00,310.69998,991.8479,2.9450114,24.433184,0.0,0.0,
2024-10-26 04:00:00,311.27954,991.0012,2.9016502,22.513155,0.0,0.0,
2024-10-26 05:00:00,311.5332,989.95276,2.6648712,21.546694,0.0,0.0,
2024-10-26 06:00:00,311.62866,989.1328,2.489476,20.949524,0.0,0.0,
2024-10-26 07:00:00,312.81384,987.64624,0.54851866,21.426683,0.0,0.0,
2024-10-26 08:00:00,312.9839,987.22174,1.3069838,20.931602,0.0,0.0,
2024-10-26 09:00:00,312.38965,987.80524,2.0812504,21.629753,0.0015869737,0.0,
2024-10-26 10:00:00,311.73035,988.63275,0.9980754,22.634129,0.00808388,0.0,
2024-10-26 11:00:00,311.34808,989.53876,1.8280824,23.869934,0.0,0.0,
2024-10-26 12:00:00,309.46167,990.53156,3.769666,28.76808,0.038295984,0.0,
2024-10-26 13:00:00,308.12384,990.97266,5.5541735,31.663937,0.0,0.0,
2024-10-26 14:00:00,307.2624,990.97833,4.776901,33.232204,0.0,0.0,
2024-10-26 15:00:00,307.01782,990.27094,4.6021047,33.54857,0.0,0.0,
2024-10-26 16:00:00,306.89404,989.47577,6.1288686,33.298763,0.0,0.0,
2024-10-26 17:00:00,306.249,988.63,6.88357,36.49639,0.0,0.0,
2024-10-26 18:00:00,305.56494,988.3781,5.928337,41.035088,0.0,0.0,
2024-10-26 19:00:00,303.5017,988.58374,4.1086097,49.609375,0.0,0.0,
2024-10-26 20:00:00,302.7781,989.17267,2.7948315,51.87031,0.0,0.0,
2024-10-26 21:00:00,302.0379,990.6872,2.0544517,55.15511,0.0,0.0,
2024-10-26 22:00:00,302.51147,991.8289,2.127158,54.32238,0.0,0.0,
2024-10-26 23:00:00,303.94308,992.57153,3.5144196,49.369076,0.0,0.0,
2024-10-27 00:00:00,305.9071,992.60956,3.907924,43.159527,0.047966838,0.0,
2024-10-27 01:00:00,308.39093,992.497,3.8794444,35.35058,0.0,0.0,
2024-10-27 02:00:00,310.72903,991.5945,3.594837,28.640154,0.0,0.0,
2024-10-27 03:00:00,312.39966,990.71893,3.0694687,24.392378,0.0040382147,0.0,
2024-10-27 04:00:00,313.21933,989.6824,2.653429,22.167177,0.0,0.0,
2024-10-27 05:00:00,313.85727,988.9015,2.3645108,20.359125,0.0,0.0,
2024-10-27 06:00:00,314.01172,988.06085,2.358763,19.906061,0.0,0.0,
2024-10-27 07:00:00,313.82697,987.6433,0.5117702,19.064375,0.0,0.0,
2024-10-27 08:00:00,313.3909,987.21906,0.44546476,19.089445,0.0,0.01,
2024-10-27 09:00:00,313.30548,988.0614,1.3726233,19.1621,0.0,0.17999999,
2024-10-27 10:00:00,312.52585,989.27094,2.8404555,19.326513,0.0,1.0899999,
2024-10-27 11:00:00,311.35968,990.7523,3.0748627,22.03625,0.0,2.42,
2024-10-27 12:00:00,309.90576,992.2531,0.5321687,26.655638,0.17432868,2.3,
2024-10-27 13:00:00,307.2154,993.0719,6.152989,34.374886,0.16373396,2.23,
2024-10-27 14:00:00,306.01178,992.93604,5.7538877,41.61905,0.0,1.0899999,
2024-10-27 15:00:00,305.59308,992.2289,5.140832,44.75261,0.0,0.3,
2024-10-27 16:00:00,305.22345,991.15454,5.34111,46.199703,0.0,0.26999998,
2024-10-27 17:00:00,304.7729,990.84076,5.278071,48.492718,0.0,0.0,
2024-10-27 18:00:00,304.10892,991.08185,4.9324727,52.911766,0.0,0.0,
2024-10-27 19:00:00,301.14703,992.05225,1.1871564,61.132557,0.0,0.02,
2024-10-27 20:00:00,301.27277,992.685,1.3582076,60.59613,0.0,0.01,
2024-10-27 21:00:00,301.1546,993.55896,1.2707565,61.15154,0.0,0.04,
2024-10-27 22:00:00,301.43912,994.31805,1.3054484,59.782135,0.0,0.03,
2024-10-27 23:00:00,302.73254,995.1955,1.3634784,54.376125,0.0,0.0,
2024-10-28 00:00:00,304.70367,995.4172,2.000212,47.026955,0.34210086,0.0,
2024-10-28 01:00:00,306.7627,995.1152,3.1846578,39.996025,0.0,0.0,
2024-10-28 02:00:00,308.79138,994.4536,3.958192,34.493977,0.0,0.0,
2024-10-28 03:00:00,310.53162,993.4639,3.8204901,28.846,0.0,0.0,
2024-10-28 04:00:00,311.539,992.3971,2.8503094,25.43983,0.0,0.0,
2024-10-28 05:00:00,312.08206,991.5018,1.6362249,23.044376,0.0,0.0,
2024-10-28 06:00:00,312.39954,990.6816,0.94190717,21.53735,0.0,0.0,
2024-10-28 07:00:00,312.643,990.5814,1.1946322,22.304981,0.0,0.0,
2024-10-28 08:00:00,312.60016,990.41064,1.189872,21.290056,0.0,0.0,
2024-10-28 09:00:00,312.45483,990.70374,1.0287863,20.4467,0.0,0.0,
2024-10-28 10:00:00,311.99173,991.3267,2.127398,20.587322,0.0,0.0,
2024-10-28 11:00:00,311.15515,992.3572,3.180068,22.243258,0.0,0.0,
2024-10-28 12:00:00,308.9764,993.37335,4.8458023,28.881535,0.0121593475,0.0,
2024-10-28 13:00:00,306.82843,994.19147,4.4326453,38.4138,0.0018179417,0.0,
2024-10-28 14:00:00,305.5656,994.3295,3.7531786,43.825115,0.011920929,0.07,
2024-10-28 15:00:00,304.5654,994.4666,4.3587446,48.373917,0.0018775463,0.01,
2024-10-28 16:00:00,303.9176,994.2942,3.8698602,50.709682,0.006824732,0.08,
2024-10-28 17:00:00,303.777,994.1408,1.5787826,50.617386,0.021755695,0.53999996,
2024-10-28 18:00:00,303.705,993.9944,0.29770586,52.6405,0.0,1.25,
2024-10-28 19:00:00,303.60828,994.0103,4.1687765,42.29038,0.0,0.51,
2024-10-28 20:00:00,302.7907,994.755,3.5868368,47.470535,0.0,0.74,
2024-10-28 21:00:00,302.3333,995.34033,2.6911788,51.34839,0.0,0.26,
2024-10-28 22:00:00,302.7435,996.04736,1.9232863,51.80696,0.0,0.64,
2024-10-28 23:00:00,304.33374,996.81525,1.6023006,46.7471,0.0,0.02,
2024-10-29 00:00:00,306.49844,996.9528,1.6452184,38.673748,0.056385994,0.0,
2024-10-29 01:00:00,308.55255,996.6627,2.257088,31.214607,0.0,0.0,
2024-10-29 02:00:00,310.44684,995.92944,3.5362575,25.931385,0.0,0.0,
2024-10-29 03:00:00,311.89948,994.89557,4.2252955,22.574554,0.0,0.0,
2024-10-29 04:00:00,312.76996,993.7081,4.2818418,20.440277,0.0,0.0,
2024-10-29 05:00:00,313.4087,992.7897,4.4072227,18.82198,0.0,0.0,
2024-10-29 06:00:00,313.94824,991.9763,4.558191,17.761032,0.0,0.0,
2024-10-29 07:00:00,312.25037,992.4439,4.4013085,20.787693,0.0,0.0,
2024-10-29 08:00:00,312.32257,992.2389,4.0764194,20.416176,0.0,0.0,
2024-10-29 09:00:00,312.11884,992.5089,3.709885,20.551188,0.0,0.0,
2024-10-29 10:00:00,311.57053,993.2889,3.4029684,21.259626,0.0,0.0,
2024-10-29 11:00:00,310.70294,993.8828,2.6867788,22.735884,0.0,0.0,
2024-10-29 12:00:00,310.16684,994.95703,2.727602,23.723642,0.0,0.0,
2024-10-29 13:00:00,309.31757,995.6719,4.85478,25.980371,0.0872165,0.0,
2024-10-29 14:00:00,308.39758,995.4895,4.9516997,28.791418,0.0,0.0,
2024-10-29 15:00:00,307.6855,994.3856,4.8701158,30.476833,0.0,0.0,
2024-10-29 16:00:00,307.20514,993.47174,3.424409,31.434122,0.0,0.0,
2024-10-29 17:00:00,306.7192,993.0775,1.5303301,33.156433,0.0,0.02,
2024-10-29 18:00:00,306.17242,993.1334,2.0881753,34.016865,0.0,0.0,
2024-10-29 19:00:00,304.88535,993.65594,2.2687886,29.623964,0.0,0.0,
2024-10-29 20:00:00,304.03674,994.08936,2.0165765,29.91232,0.0,0.0,
2024-10-29 21:00:00,303.06958,994.6893,1.9846995,29.95258,0.0,0.0,
2024-10-29 22:00:00,303.1043,995.40234,1.7820743,27.242178,0.0,0.0,
2024-10-29 23:00:00,306.43918,995.9567,2.3606594,15.957096,0.0,0.0,
2024-10-30 00:00:00,308.67056,996.21045,3.3857622,10.2349,0.08895993,0.0,
2024-10-30 01:00:00,310.19553,996.2032,3.9066098,8.38139,0.0,0.0,
2024-10-30 02:00:00,311.87842,995.2236,4.115773,7.3410163,0.0,0.0,
2024-10-30 03:00:00,313.54636,994.1164,4.143984,6.4425173,0.0,0.0,
2024-10-30 04:00:00,314.6623,992.76904,3.7306678,6.0035715,0.0,0.0,
2024-10-30 05:00:00,315.2913,991.4877,3.293623,6.008202,0.0,0.0,
2024-10-30 06:00:00,315.64313,990.42053,2.9935389,6.1123843,0.0,0.0,
2024-10-30 07:00:00,315.3833,990.03015,2.3479352,6.6531367,0.0,0.0,
2024-10-30 08:00:00,315.2181,989.96765,2.5003428,6.8445215,0.0,0.0,
2024-10-30 09:00:00,314.77316,990.115,2.9486563,7.1304865,0.0,0.0,
2024-10-30 10:00:00,313.3239,991.3328,3.6066716,8.037243,0.0,0.0,
2024-10-30 11:00:00,311.46008,992.1968,4.9573965,9.140378,0.0,0.0,
2024-10-30 12:00:00,310.037,992.84515,4.8015485,9.805347,0.0,0.0,
2024-10-30 13:00:00,309.13885,993.25024,6.0220747,10.27682,0.0,0.0,
2024-10-30 14:00:00,308.12396,993.73315,4.692008,12.315645,0.0,0.0,
2024-10-30 15:00:00,306.5827,994.1978,2.48107,15.2164345,0.0,0.0,
2024-10-30 16:00:00,304.85376,993.9935,4.5797734,25.749084,0.0,0.0,
2024-10-30 17:00:00,303.34903,992.93677,4.9779043,48.534184,0.0,0.0,
2024-10-30 18:00:00,302.2467,992.5851,4.764753,64.51017,0.0,0.0,
2024-10-30 19:00:00,301.38818,992.9517,4.337328,70.23857,0.0,0.0,
2024-10-30 20:00:00,300.81696,993.22766,3.965541,74.033806,0.0,0.0,
2024-10-30 21:00:00,300.27948,993.6816,3.2821183,76.81059,0.0,0.0,
2024-10-30 22:00:00,300.9771,994.4046,3.3214471,73.32282,0.0,0.0,
2024-10-30 23:00:00,303.1057,995.0481,4.2798676,62.16755,0.0,0.0,
2024-10-31 00:00:00,305.8355,995.07117,4.29471,47.719975,0.0,0.0,
2024-10-31 01:00:00,307.8935,994.7556,2.7992973,35.614075,0.0,0.0,
2024-10-31 02:00:00,309.94336,994.1294,2.015502,27.240059,0.0,0.0,
2024-10-31 03:00:00,311.48492,992.99646,1.5451784,22.378763,0.0,0.0,
2024-10-31 04:00:00,312.88348,991.9975,0.9558172,17.58911,0.0,0.0,
2024-10-31 05:00:00,313.93182,990.78766,1.2285104,13.685432,0.0,0.0,
2024-10-31 06:00:00,314.19116,989.839,1.4379648,12.608701,0.0,0.0,
2024-10-31 07:00:00,314.5249,989.02826,1.6966431,11.727066,0.0,0.0,
2024-10-31 08:00:00,314.36688,988.79987,1.2626724,11.628411,0.0,0.0,
2024-10-31 09:00:00,313.9926,989.20483,1.2127064,11.6672,0.0,0.0,
2024-10-31 10:00:00,313.53534,990.0257,2.0516102,12.07042,0.0,0.0,
2024-10-31 11:00:00,312.14035,990.8777,3.358047,13.448863,0.0,0.0,
2024-10-31 12:00:00,311.32202,991.45624,3.4891462,14.264786,0.0,0.0,
2024-10-31 13:00:00,310.6933,992.1252,3.4336553,15.348476,0.0,0.0,
2024-10-31 14:00:00,306.8546,993.2994,8.888094,38.33328,0.0,0.0,
2024-10-31 15:00:00,304.3932,993.56866,8.289951,54.55906,0.0,0.0,
2024-10-31 16:00:00,303.59473,993.2972,7.3614945,57.588852,0.0,0.0,
2024-10-31 17:00:00,302.65033,993.4586,6.6057153,62.457394,0.0,0.0,
2024-10-31 18:00:00,301.8346,993.09467,5.978757,66.36687,0.0,0.0,
2024-10-31 19:00:00,300.90152,992.9007,5.3778567,70.95675,0.0,0.0,
2024-10-31 20:00:00,300.5288,993.26654,4.7905207,73.3069,0.0,0.0,
2024-10-31 21:00:00,300.18082,994.1262,4.186033,75.75975,0.0,0.0,
2024-10-31 22:00:00,300.6115,995.20123,5.121898,74.15355,0.0,0.0,
2024-10-31 23:00:00,302.18765,995.8272,5.633916,65.075005,0.0,0.0,
2024-11-01 00:00:00,304.45856,995.67303,5.462933,53.518707,0.0,0.0,
2024-11-01 01:00:00,307.0205,995.4868,5.1944475,42.70898,0.0,0.0,
2024-11-01 02:00:00,309.3781,994.6379,5.0269537,34.331917,0.0,0.0,
2024-11-01 03:00:00,311.3344,993.4866,4.903733,28.26447,0.00859797,0.0,
2024-11-01 04:00:00,312.81683,992.257,4.5362134,23.522343,0.0,0.0,
2024-11-01 05:00:00,313.56598,991.28876,3.6781313,19.93562,0.0,0.0,
2024-11-01 06:00:00,313.50623,990.48663,2.5719032,18.250387,0.0,0.0,
2024-11-01 07:00:00,312.87924,990.36835,1.2984451,18.0181,0.0,0.0,
2024-11-01 08:00:00,312.5899,989.8856,1.1365957,17.786854,0.0,0.0,
2024-11-01 09:00:00,312.33612,990.07135,1.3562135,17.98622,0.0,0.0,
2024-11-01 10:00:00,311.77618,990.7593,1.5564896,18.64699,0.0,0.0,
2024-11-01 11:00:00,310.94815,991.8024,1.5198733,19.966948,0.0,0.0,
2024-11-01 12:00:00,309.91852,992.4317,1.9286186,21.788332,0.0,0.0,
2024-11-01 13:00:00,308.49283,993.0198,2.5860326,24.203606,0.0,0.0,
2024-11-01 14:00:00,307.4894,993.4938,5.0188417,27.66758,0.0,0.0,
2024-11-01 15:00:00,305.14618,993.31757,7.5282083,48.594284,0.0,5.12,
2024-11-01 16:00:00,303.69135,993.10876,6.723532,60.093117,0.0,0.06,
2024-11-01 17:00:00,303.2321,993.02203,6.22889,62.31824,0.0,0.0,
2024-11-01 18:00:00,302.69293,992.865,5.943774,64.834946,0.0,0.64,
2024-11-01 19:00:00,302.04684,993.75555,5.232739,65.41858,0.0,0.04,
2024-11-01 20:00:00,301.53503,994.2667,4.7518506,68.7225,0.0,0.0,
2024-11-01 21:00:00,301.08484,995.22687,4.3168035,71.841064,0.0,0.0,
2024-11-01 22:00:00,301.2965,995.9255,4.6637764,72.55556,0.0,0.0,
2024-11-01 23:00:00,302.6513,996.60876,5.167483,66.3834,0.0,0.0,
2024-11-02 00:00:00,304.4931,996.4339,5.247849,57.25045,0.009435415,0.0,
2024-11-02 01:00:00,306.5315,996.0707,5.051233,48.390656,0.0,0.0,
2024-11-02 02:00:00,308.53754,995.4224,4.580228,41.019745,0.0,0.0,
2024-11-02 03:00:00,310.21738,994.4671,3.9636211,35.71271,0.012591481,0.0,
2024-11-02 04:00:00,311.5849,993.3003,3.334233,31.000477,0.009447336,0.0,
2024-11-02 05:00:00,312.589,992.2227,2.8413296,27.116817,0.0,0.0,
2024-11-02 06:00:00,312.6905,991.1587,2.1195326,25.257158,0.0,0.0,
2024-11-02 07:00:00,312.31903,991.41455,2.3027146,23.56071,0.0,0.0,
2024-11-02 08:00:00,311.91302,991.2578,2.0847511,23.467018,0.0,0.0,
2024-11-02 09:00:00,311.52808,991.1591,1.7449269,23.313158,0.0,0.0,
2024-11-02 10:00:00,310.96576,992.0425,1.5038842,23.032402,0.0,0.0,
2024-11-02 11:00:00,310.62665,992.7989,1.0133967,23.466078,0.0,0.0,
2024-11-02 12:00:00,310.06128,993.3653,0.4224047,25.717056,0.0,0.0,
2024-11-02 13:00:00,309.06726,993.7933,1.8922633,26.112896,0.0,0.0,
2024-11-02 14:00:00,308.09045,993.97327,2.952715,28.317198,0.0,0.0,
2024-11-02 15:00:00,307.08774,993.59424,3.4763143,31.186363,0.005066395,0.0,
2024-11-02 16:00:00,306.50726,993.10077,3.5692883,33.424995,0.026643276,0.0,
2024-11-02 17:00:00,305.9798,992.8575,3.9824522,35.663975,0.0,0.0,
2024-11-02 18:00:00,305.37454,992.3317,4.322204,37.926067,0.0,0.0,
2024-11-02 19:00:00,304.24722,992.41626,4.267541,38.84838,0.0,0.0,
2024-11-02 20:00:00,303.40057,992.9659,3.8975594,42.727177,0.0,0.0,
2024-11-02 21:00:00,302.6731,993.37,3.5069976,46.45218,0.0,0.0,
2024-11-02 22:00:00,303.30176,994.1097,3.2771103,46.593723,0.0,0.0,
2024-11-02 23:00:00,305.3312,994.628,3.480677,41.68736,0.0,0.0,
2024-11-03 00:00:00,307.64917,994.9129,2.9632459,33.491436,0.055474043,0.0,
2024-11-03 01:00:00,309.83594,994.46826,2.829955,27.39136,0.0,0.0,
2024-11-03 02:00:00,311.521,993.92664,2.5554996,23.997347,0.0,0.0,
2024-11-03 03:00:00,312.17072,992.9896,1.30021,21.910921,0.0,0.0,
2024-11-03 04:00:00,313.0172,992.1127,0.12708126,19.773182,0.0,0.0,
2024-11-03 05:00:00,313.7829,991.03827,0.8413904,18.25538,0.0,0.0,
2024-11-03 06:00:00,314.02426,990.10736,0.9810103,17.579546,0.0,0.0,
2024-11-03 07:00:00,314.45206,989.6859,1.1580558,16.764769,0.0,0.0,
2024-11-03 08:00:00,314.44244,989.2824,1.084764,16.472628,0.0,0.0,
2024-11-03 09:00:00,313.96094,989.4327,1.9060298,16.504364,0.0,0.0,
2024-11-03 10:00:00,313.16187,990.28094,3.4559612,17.583532,0.0,0.0,
2024-11-03 11:00:00,312.22748,990.8975,4.713515,19.475164,0.0,0.0,
2024-11-03 12:00:00,311.28674,991.7405,4.7092924,21.16195,0.0,0.0,
2024-11-03 13:00:00,310.38422,991.9122,4.124458,22.583742,0.0,0.0,
2024-11-03 14:00:00,309.55588,992.35376,2.452985,23.88161,0.0,0.0,
2024-11-03 15:00:00,308.5058,992.22046,2.4526944,26.068588,0.0,0.0,
2024-11-03 16:00:00,306.82895,992.2824,5.608275,36.026836,0.0,0.0,
2024-11-03 17:00:00,305.34967,992.1234,6.2162704,47.99634,0.0,0.0,
2024-11-03 18:00:00,304.56512,992.2416,5.8646517,52.33219,0.0,0.0,
2024-11-03 19:00:00,303.30545,992.88794,5.6100574,58.57917,0.0,0.0,
2024-11-03 20:00:00,302.93918,993.38556,4.7011776,59.840298,0.0,0.0,
2024-11-03 21:00:00,302.62384,994.21936,3.7408128,60.796745,0.0,0.0,
2024-11-03 22:00:00,303.22565,995.09467,3.8596072,58.3015,0.0,0.0,
2024-11-03 23:00:00,305.0116,995.96204,4.392584,49.82384,0.0,0.0,
2024-11-04 00:00:00,307.04337,996.0595,4.964583,39.55661,0.00257794,0.0,
2024-11-04 01:00:00,309.3035,995.6409,5.4886646,31.53267,0.0,0.0,
2024-11-04 02:00:00,311.41937,994.8736,5.3593397,25.802921,0.0,0.0,
2024-11-04 03:00:00,312.10107,993.7592,4.395568,23.093283,0.0,0.0,
2024-11-04 04:00:00,312.64215,992.8172,3.2130122,21.624493,0.0,0.0,
2024-11-04 05:00:00,312.80392,992.1859,1.5980077,20.696287,0.0,0.0,
2024-11-04 06:00:00,313.01843,991.242,1.0890435,20.094156,0.0,0.0,
2024-11-04 07:00:00,312.6333,991.1422,2.0460973,20.291945,0.0,0.0,
2024-11-04 08:00:00,312.55762,990.6069,2.1181865,20.204119,0.0,0.0,
2024-11-04 09:00:00,312.18713,990.71857,1.9327294,20.465876,0.0,0.0,
2024-11-04 10:00:00,311.55896,991.41205,2.196974,21.498354,0.0,0.0,
2024-11-04 11:00:00,310.65063,992.1758,2.801008,23.629908,0.0,0.0,
2024-11-04 12:00:00,309.91205,992.47034,3.2225926,25.104683,0.0,0.0,
2024-11-04 13:00:00,308.932,992.59796,3.7755792,27.10735,0.0,0.0,
2024-11-04 14:00:00,307.81897,992.5588,4.753675,30.780787,0.0,0.0,
2024-11-04 15:00:00,306.60175,992.11053,5.2240734,36.733475,0.0,0.0,
2024-11-04 16:00:00,305.67596,991.48596,5.280631,41.224007,0.0,0.0,
2024-11-04 17:00:00,304.98145,991.09454,5.239487,44.509693,0.0,0.0,
2024-11-04 18:00:00,304.4121,991.08484,4.957095,47.9544,0.0,0.0,
2024-11-04 19:00:00,303.8579,991.67847,4.5050845,50.58435,0.0,0.0,
2024-11-04 20:00:00,303.3247,992.1337,4.2225704,52.137066,0.0,0.0,
2024-11-04 21:00:00,302.83215,992.8047,3.8644247,52.575813,0.0,0.0,
2024-11-04 22:00:00,303.5637,993.62195,3.7565846,48.94554,0.0,0.0,
2024-11-04 23:00:00,305.45184,994.3219,4.282102,39.83397,0.0,0.0,
2024-11-05 00:00:00,307.7777,994.34375,4.1692243,31.694708,0.0,0.0,
2024-11-05 01:00:00,309.9803,994.3614,4.185579,26.415617,0.0,0.0,
2024-11-05 02:00:00,311.83508,993.72516,4.210867,23.319792,0.0,0.0,
2024-11-05 03:00:00,312.98178,992.6852,3.2430987,21.412096,0.0,0.0,
2024-11-05 04:00:00,313.37308,991.93445,2.3030968,20.408401,0.0,0.0,
2024-11-05 05:00:00,313.75336,991.03815,1.5530812,19.686258,0.0,0.0,
2024-11-05 06:00:00,314.25037,990.16815,0.90858155,18.78488,0.0,0.0,
2024-11-05 07:00:00,313.77164,989.7659,1.3495578,17.784054,0.0,0.0,
2024-11-05 08:00:00,313.6631,989.5003,1.1632183,17.781086,0.0,0.0,
2024-11-05 09:00:00,313.22125,990.03076,0.937163,18.112019,0.0,0.0,
2024-11-05 10:00:00,312.87823,990.7405,0.6634314,18.301569,0.0,0.0,
2024-11-05 11:00:00,312.53278,991.31836,1.0972755,18.753075,0.0,0.0,
2024-11-05 12:00:00,311.8764,991.6281,1.4732702,19.798664,0.0,0.0,
2024-11-05 13:00:00,310.94006,991.93555,1.8637589,21.340872,0.0,0.0,
2024-11-05 14:00:00,309.9334,992.1369,2.3921542,22.75737,0.0,0.0,
2024-11-05 15:00:00,308.9768,991.7603,3.3354762,24.293333,0.0,0.0,
2024-11-05 16:00:00,307.49323,991.1115,4.840309,31.142044,0.0,0.0,
2024-11-05 17:00:00,305.94043,990.90967,5.127439,41.815174,0.0,0.0,
2024-11-05 18:00:00,305.11298,990.6309,4.5342517,48.319717,0.0,0.089999996,
2024-11-05 19:00:00,304.4254,991.2553,3.8975322,47.368057,0.0,0.0,
2024-11-05 20:00:00,303.9466,991.6772,3.510625,51.082874,0.0,0.0,
2024-11-05 21:00:00,303.5432,992.373,3.2052402,53.75805,0.0,0.0,
2024-11-05 22:00:00,303.81686,993.2519,3.265217,54.013176,0.0,0.0,
2024-11-05 23:00:00,305.37024,994.21783,3.417632,48.543743,0.0,0.0,
2024-11-06 00:00:00,306.94562,994.46436,3.0235565,42.202515,0.0,0.0,
2024-11-06 01:00:00,309.19647,994.48596,2.7920082,34.82418,0.0,0.0,
2024-11-06 02:00:00,311.02844,993.5591,2.7870152,29.623577,0.0021457672,0.0,
2024-11-06 03:00:00,312.4981,992.675,2.5251443,25.697714,0.0027641654,0.0,
2024-11-06 04:00:00,313.3282,991.8644,1.8559365,23.150148,0.0,0.0,
2024-11-06 05:00:00,313.8161,991.185,1.1506621,21.938347,0.0,0.0,
2024-11-06 06:00:00,313.90088,990.4252,0.834361,21.749647,0.0021383166,0.0,
2024-11-06 07:00:00,314.07825,989.7317,1.2144965,20.049816,0.0,0.0,
2024-11-06 08:00:00,313.82538,989.77856,1.2656298,20.166073,0.0,0.0,
2024-11-06 09:00:00,313.48572,989.9361,0.8145746,20.341093,0.0,0.0,
2024-11-06 10:00:00,312.62457,990.9778,0.7165707,21.390244,0.0,0.0,
2024-11-06 11:00:00,312.0318,991.26904,1.7604676,22.29904,0.0,0.0,
2024-11-06 12:00:00,311.68262,992.0725,2.5354106,22.995623,0.0,0.0,
2024-11-06 13:00:00,311.0545,992.40784,2.4253013,24.00444,0.0,0.0,
2024-11-06 14:00:00,310.60742,992.6266,2.2786324,24.855415,0.0,0.0,
2024-11-06 15:00:00,309.8262,992.57935,2.965138,26.760118,0.47397614,0.0,
2024-11-06 16:00:00,308.47583,992.03955,4.5374346,31.32719,0.0,0.0,
2024-11-06 17:00:00,306.68845,991.8742,5.6120715,39.6885,0.0,0.0,
2024-11-06 18:00:00,305.2229,991.8682,5.492715,48.27694,0.0,0.17999999,
2024-11-06 19:00:00,303.7907,993.3547,4.1934314,58.768147,0.0,0.26,
2024-11-06 20:00:00,303.3246,993.5149,3.4758844,60.310196,0.059992105,0.11,
2024-11-06 21:00:00,303.0548,994.615,3.6333063,60.88297,0.0,0.24,
2024-11-06 22:00:00,303.13864,995.1721,3.8118382,60.30817,0.0,0.14999999,
2024-11-06 23:00:00,304.2612,995.9786,3.0618086,54.611164,0.0,1.5,
2024-11-07 00:00:00,305.71378,995.9459,2.6831892,48.33306,0.54369134,0.0,
2024-11-07 01:00:00,307.37622,995.5447,2.7370515,42.22504,0.0,0.98999995,
2024-11-07 02:00:00,309.271,994.57263,2.5083625,35.90504,0.0,1.56,
2024-11-07 03:00:00,310.77417,993.8097,1.4849197,30.723953,0.006824732,0.31,
2024-11-07 04:00:00,311.97644,992.7377,1.197499,27.133633,0.024557114,0.0,
2024-11-07 05:00:00,312.92493,991.7915,1.4645646,24.79088,0.0036805868,0.0,
2024-11-07 06:00:00,313.1129,990.8192,1.4788628,23.90085,0.0,0.0,
2024-11-07 07:00:00,311.57178,990.9175,1.1984146,30.712234,0.029534101,0.0,
2024-11-07 08:00:00,311.38513,990.7626,2.1479905,30.636946,0.019729137,0.0,
2024-11-07 09:00:00,311.20728,991.2699,2.3752608,30.207216,0.016584992,0.0,
2024-11-07 10:00:00,309.83313,992.6449,1.6385964,32.874752,0.04133582,0.0,
2024-11-07 11:00:00,306.52603,994.1694,4.802822,43.24328,0.2347678,0.0,
2024-11-07 12:00:00,305.3729,993.8295,4.5616655,48.252483,0.0,0.0,
2024-11-07 13:00:00,304.86078,993.8256,3.8666852,51.13765,0.0,0.0,
2024-11-07 14:00:00,305.02313,994.3324,2.989165,52.084206,0.0,0.0,
2024-11-07 15:00:00,304.8036,994.3657,3.922573,53.5151,0.0,0.0,
2024-11-07 16:00:00,304.27472,993.5745,3.5016563,55.368744,0.0,0.41,
2024-11-07 17:00:00,303.67474,993.3823,3.1468177,57.95688,0.0,0.0,
2024-11-07 18:00:00,303.12616,993.0028,2.7630537,60.05867,0.0,0.089999996,
2024-11-07 19:00:00,302.7867,992.9924,0.9528726,63.707226,0.0,0.0,
2024-11-07 20:00:00,302.50046,993.448,0.7345579,67.39084,0.0,0.07,
2024-11-07 21:00:00,302.1877,994.1103,0.9123111,69.617065,0.0,0.16999999,
2024-11-07 22:00:00,303.03864,994.9075,1.1983349,62.357395,0.0,0.0,
2024-11-07 23:00:00,304.73798,995.3803,1.96558,53.990627,0.0,0.0,
2024-11-08 00:00:00,306.26404,995.6174,2.6769516,47.60553,0.3787905,0.0,
2024-11-08 01:00:00,307.86746,995.3591,2.4456737,42.239323,0.0,0.0,
2024-11-08 02:00:00,309.44647,994.72437,1.8871071,37.47177,0.001706183,0.0,
2024-11-08 03:00:00,310.8022,993.687,1.2641786,33.044464,0.025570393,0.0,
2024-11-08 04:00:00,311.89584,992.6308,0.8320075,29.195467,0.013105571,0.0,
2024-11-08 05:00:00,312.81897,991.64624,0.8850996,26.71948,0.016145408,0.0,
2024-11-08 06:00:00,313.25806,990.35626,1.4198014,25.325712,0.013843179,0.0,
2024-11-08 07:00:00,312.26114,990.77466,2.223264,27.32982,0.015184283,0.0,
2024-11-08 08:00:00,310.69168,991.1241,2.1920233,29.953688,0.24077593,0.0,
2024-11-08 09:00:00,309.1565,992.29974,2.11845,33.6134,0.34461915,0.0,
2024-11-08 10:00:00,308.4712,992.9554,1.6334956,35.64678,0.0,0.0,
2024-11-08 11:00:00,307.47577,993.47406,3.3441317,39.963036,0.0,0.0,
2024-11-08 12:00:00,306.80823,993.33026,3.6405914,43.561874,0.0,0.0,
2024-11-08 13:00:00,306.35864,993.2078,3.3640726,46.221863,0.0,0.0,
2024-11-08 14:00:00,305.9916,993.3839,2.4496195,47.981937,0.0,0.0,
2024-11-08 15:00:00,305.528,993.2589,1.4171412,50.648956,0.0,0.0,
2024-11-08 16:00:00,304.90332,992.9514,1.4070265,55.196983,0.0,0.0,
2024-11-08 17:00:00,304.42047,992.63367,2.0047243,55.38755,0.0,0.0,
2024-11-08 18:00:00,303.95947,992.6189,2.150061,57.268238,0.0,0.0,
2024-11-08 19:00:00,303.502,992.60175,2.0411048,55.652653,0.0,0.0,
2024-11-08 20:00:00,302.86334,993.0634,1.6107368,60.588474,0.0,0.0,
2024-11-08 21:00:00,302.31244,993.47284,1.3812578,65.47286,0.0,0.0,
2024-11-08 22:00:00,303.4015,994.235,1.0452805,59.097076,0.0,0.0,
2024-11-08 23:00:00,305.4408,994.8759,0.493327,46.923325,0.0,0.0,
2024-11-09 00:00:00,307.13904,995.0036,0.6433745,40.297993,0.67095757,0.0,
2024-11-09 01:00:00,309.04584,994.762,1.469738,34.663834,0.0,0.0,
2024-11-09 02:00:00,310.7572,994.21985,1.9093175,30.444437,0.0,0.0,
2024-11-09 03:00:00,312.04453,993.1753,1.9105334,27.300814,0.0072680414,0.0,
2024-11-09 04:00:00,313.01465,992.1353,1.3287956,24.82875,0.0,0.0,
2024-11-09 05:00:00,313.30225,991.53217,0.5793626,23.674576,0.0,0.0,
2024-11-09 06:00:00,313.4328,990.6911,0.49590212,23.181135,0.0,0.0,
2024-11-09 07:00:00,313.46246,990.0302,0.6951137,22.824236,0.0,0.0,
2024-11-09 08:00:00,313.09836,990.12213,0.63594675,23.008179,0.0,0.11,
2024-11-09 09:00:00,312.70856,989.9559,0.7281412,23.355896,0.0,0.35,
2024-11-09 10:00:00,312.14578,991.1828,1.2121242,24.267721,0.0,0.31,
2024-11-09 11:00:00,310.83374,992.1939,3.3034196,27.32544,0.0,2.28,
2024-11-09 12:00:00,310.28442,992.4136,4.446421,28.476974,0.0,3.1,
2024-11-09 13:00:00,309.4989,992.2718,4.762146,30.121145,0.0,0.45,
2024-11-09 14:00:00,308.9582,992.60016,4.6726904,31.295052,0.0,3.46,
2024-11-09 15:00:00,308.49078,991.9659,4.517995,32.20388,0.0,0.12,
2024-11-09 16:00:00,307.90967,991.5256,4.039088,33.49283,0.0,0.81,
2024-11-09 17:00:00,307.40207,991.3693,3.5652268,34.878056,0.0,1.25,
2024-11-09 18:00:00,306.7847,991.3421,3.2063437,36.279926,0.0,2.1599998,
2024-11-09 19:00:00,305.46973,991.8847,2.6770692,39.904697,0.0,1.72,
2024-11-09 20:00:00,304.9099,992.498,2.8762524,40.075874,0.0,1.54,
2024-11-09 21:00:00,304.36237,993.225,2.6607985,40.692158,0.0032484531,0.26999998,
2024-11-09 22:00:00,304.90994,994.27563,2.487465,39.26782,0.0,0.0,
2024-11-09 23:00:00,306.54828,995.4143,3.6270921,35.191757,0.0,0.19,
2024-11-10 00:00:00,308.11807,995.6788,4.917946,32.334812,0.01052022,1.46,
2024-11-10 01:00:00,309.55875,995.4417,5.380749,30.400515,0.0,0.89,
2024-11-10 02:00:00,311.1795,994.6658,5.2232275,27.866348,0.0,0.0,
2024-11-10 03:00:00,312.4613,993.6326,4.7914567,25.724808,0.0,0.53,
2024-11-10 04:00:00,313.53223,992.6852,4.3453937,24.174856,0.0,0.83,
2024-11-10 05:00:00,314.11395,991.7389,3.920798,23.1929,0.0,0.089999996,
2024-11-10 06:00:00,314.4169,990.64294,3.6681762,22.111904,0.014089048,0.0,
2024-11-10 07:00:00,312.08038,991.10657,3.9159057,31.83242,0.024065375,0.0,
2024-11-10 08:00:00,311.4823,991.2762,2.9705276,32.76168,0.10211021,0.0,
2024-11-10 09:00:00,308.56464,991.93756,3.3995395,40.754368,1.4905035,0.0,
2024-11-10 10:00:00,306.2777,992.8331,4.8204427,49.870388,0.023081899,0.0,
2024-11-10 11:00:00,305.92676,993.5261,1.0214692,51.05216,0.0,0.0,
2024-11-10 12:00:00,305.87897,993.59717,2.4924335,51.66728,0.0,0.0,
2024-11-10 13:00:00,305.88898,993.53,2.741473,53.08133,0.0,0.0,
2024-11-10 14:00:00,305.71368,993.25214,3.1844044,54.129864,0.0,0.0,
2024-11-10 15:00:00,305.48364,992.6683,3.1544392,54.144657,0.0,0.0,
2024-11-10 16:00:00,304.99652,992.1356,2.090246,56.84822,0.0,0.0,
2024-11-10 17:00:00,305.0342,991.9085,0.6000135,56.596653,0.0,0.0,
2024-11-10 18:00:00,304.0657,991.7601,1.0044811,68.07652,0.0,0.0,
2024-11-10 19:00:00,302.38168,992.3201,2.2939053,70.69408,0.0,0.0,
2024-11-10 20:00:00,301.99997,992.753,2.2531826,71.25947,0.0,0.0,
2024-11-10 21:00:00,301.81116,993.4842,2.0598598,71.47642,0.0,0.0,
2024-11-10 22:00:00,302.70972,994.2035,1.9431843,67.01492,0.0,0.0,
2024-11-10 23:00:00,304.6726,994.877,1.966382,58.407574,0.0,0.0,
2024-11-11 00:00:00,306.61786,995.0433,2.036956,49.18155,1.6547173,0.0,
2024-11-11 01:00:00,308.1505,994.8063,1.8453982,42.63241,0.0,0.0,
2024-11-11 02:00:00,309.63232,994.3694,1.5696247,37.21171,0.0,0.0,
2024-11-11 03:00:00,310.83496,993.3586,1.2526879,32.733986,0.034041703,0.0,
2024-11-11 04:00:00,311.9702,992.5053,0.69162744,28.253164,0.03746897,0.0,
2024-11-11 05:00:00,312.68118,991.43304,0.8280727,25.2887,0.0063851476,0.0,
2024-11-11 06:00:00,313.20184,990.50555,1.3403513,23.209562,0.0,0.0,
2024-11-11 07:00:00,313.14594,989.4473,1.5213435,23.316025,0.0,0.0,
2024-11-11 08:00:00,313.28653,989.6972,3.0023031,22.5778,0.1257956,0.0,
2024-11-11 09:00:00,312.0986,990.4969,4.494567,23.757792,0.0,0.0,
2024-11-11 10:00:00,310.8194,991.4888,1.9938929,26.007614,0.0,0.0,
2024-11-11 11:00:00,310.12585,991.71265,1.3694128,28.58839,0.0,0.0,
2024-11-11 12:00:00,309.63763,991.83514,2.6499872,30.817785,0.0,0.0,
2024-11-11 13:00:00,308.91223,991.9674,2.757962,33.067394,0.0,0.0,
2024-11-11 14:00:00,308.18036,991.925,2.423822,35.49456,0.0,0.0,
2024-11-11 15:00:00,307.2581,991.5714,2.253597,38.16486,0.0,0.0,
2024-11-11 16:00:00,306.31348,991.1234,2.434443,41.13576,0.0,0.0,
2024-11-11 17:00:00,305.36804,990.8645,2.902208,44.726025,0.0,0.0,
2024-11-11 18:00:00,304.5871,991.0877,3.2652462,48.632328,0.0,0.0,
2024-11-11 19:00:00,302.87335,991.7447,4.115432,58.23629,0.0,0.0,
2024-11-11 20:00:00,302.35345,992.29553,3.5965297,60.1134,0.0,0.0,
2024-11-11 21:00:00,302.11694,993.0583,3.235925,61.325943,0.0,0.0,
2024-11-11 22:00:00,302.88525,993.83374,3.0894759,58.843033,0.0,0.0,
2024-11-11 23:00:00,304.88004,994.5042,3.4423327,51.12803,0.0,0.0,
2024-11-12 00:00:00,307.14703,994.8939,3.5265496,42.3701,0.20501912,0.0,
2024-11-12 01:00:00,308.989,994.6209,3.1000986,36.01855,0.0,0.0,
2024-11-12 02:00:00,310.4798,993.9725,2.5423884,31.346178,0.0,0.0,
2024-11-12 03:00:00,311.85422,992.8537,2.262761,27.69243,0.0021457672,0.0,
2024-11-12 04:00:00,313.05267,991.9531,2.3696787,24.296057,0.0,0.0,
2024-11-12 05:00:00,313.78323,991.03015,1.4548923,21.822073,0.0,1.7,
2024-11-12 06:00:00,313.10147,990.46924,0.65367514,22.443092,0.0,0.14999999,
2024-11-12 07:00:00,313.24994,989.4994,2.792713,23.562464,0.0,0.0,
2024-11-12 08:00:00,310.30853,990.13446,2.8570995,30.087141,0.8324683,0.0,
2024-11-12 09:00:00,310.87592,990.17847,1.8671222,28.647348,0.023946166,0.12,
2024-11-12 10:00:00,310.2987,991.18414,2.1551726,30.516544,0.0038519502,0.29999998,
2024-11-12 11:00:00,309.34424,992.25604,0.6280651,33.824165,0.016242266,0.0,
2024-11-12 12:00:00,308.31824,992.5386,1.0485185,40.01035,0.0,0.0,
2024-11-12 13:00:00,307.24612,992.4395,2.330095,45.958244,0.0,0.0,
2024-11-12 14:00:00,306.14557,992.80963,2.949919,49.86948,0.0,0.0,
2024-11-12 15:00:00,305.18027,992.2798,3.5102422,53.81567,0.0,0.0,
2024-11-12 16:00:00,304.38043,991.707,3.3719506,57.78197,0.0,0.0,
2024-11-12 17:00:00,303.9435,991.4737,2.7029335,59.869404,0.0,0.0,
2024-11-12 18:00:00,303.56763,991.3855,2.0816445,61.583603,0.0,0.0,
2024-11-12 19:00:00,302.91086,993.46594,6.659726,47.692566,0.0017136335,0.11,
2024-11-12 20:00:00,301.75967,993.65826,7.352618,52.653282,0.08302927,0.32999998,
2024-11-12 21:00:00,301.00522,994.355,7.6863437,57.32724,0.005826354,0.0,
2024-11-12 22:00:00,301.05994,994.8723,8.769054,56.648075,0.0018626451,0.36,
2024-11-12 23:00:00,300.9343,995.8281,10.420823,53.77705,0.009194016,1.3199999,
2024-11-13 00:00:00,300.4779,996.55524,9.266675,56.664402,1.0909736,0.98999995,
2024-11-13 01:00:00,301.88367,996.5966,8.2579155,54.893757,0.0,0.0,
2024-11-13 02:00:00,303.27393,996.3575,7.9875345,51.706123,0.0075045973,0.0,
2024-11-13 03:00:00,304.45404,995.84375,7.8141108,46.925602,0.0,0.0,
2024-11-13 04:00:00,305.22748,995.13983,7.6318088,43.57423,0.010106713,0.0,
2024-11-13 05:00:00,305.7917,994.8725,7.444376,42.170258,0.0013373792,0.099999994,
2024-11-13 06:00:00,305.62585,994.0746,6.809328,43.35116,0.0,0.11,
2024-11-13 07:00:00,306.3178,992.8614,7.008062,41.779076,0.0,0.19999999,
2024-11-13 08:00:00,306.13303,992.7068,5.842164,42.25963,0.0,0.14,
2024-11-13 09:00:00,305.99643,993.2711,4.630784,43.03226,0.0,0.099999994,
2024-11-13 10:00:00,305.05353,993.6906,4.649695,46.21144,0.0,0.0,
2024-11-13 11:00:00,304.1219,994.4737,4.5544424,49.588478,0.0,0.0,
2024-11-13 12:00:00,303.17014,994.71045,4.507887,52.95297,0.0,0.0,
2024-11-13 13:00:00,302.44366,994.8939,4.1325517,55.69054,0.0,0.0,
2024-11-13 14:00:00,301.85107,995.03766,3.421722,58.106297,0.0,0.0,
2024-11-13 15:00:00,301.47186,994.6283,2.8890016,59.488823,0.0,0.0,
2024-11-13 16:00:00,301.2869,994.0561,2.6084752,59.973007,0.0,0.0,
2024-11-13 17:00:00,301.08047,993.6267,2.5926352,60.752823,0.0,0.0,
2024-11-13 18:00:00,300.9471,993.6058,2.5227997,61.43782,0.0,0.0,
2024-11-13 19:00:00,300.69757,994.1333,2.7867818,59.94874,0.12855232,0.0,
2024-11-13 20:00:00,300.53827,994.68744,2.5285726,58.94821,0.09788571,0.0,
2024-11-13 21:00:00,300.32935,995.34546,0.74109185,60.34992,0.035837293,0.22999999,
2024-11-13 22:00:00,300.89157,995.88086,0.15881512,56.739033,0.0,0.0,
2024-11-13 23:00:00,302.30084,996.66034,1.4989198,51.81004,0.0,0.0,
2024-11-14 00:00:00,304.4195,996.27716,2.2985482,45.986416,0.31419694,0.0,
2024-11-14 01:00:00,306.74924,995.89655,2.6258361,40.08904,0.0,0.0,
2024-11-14 02:00:00,308.60284,995.202,2.6934922,34.98011,0.0,0.0,
2024-11-14 03:00:00,310.17993,993.9856,2.6291127,31.054705,0.006392598,0.0,
2024-11-14 04:00:00,311.48444,993.0803,2.7512493,27.927649,0.011965632,0.91999996,
2024-11-14 05:00:00,312.30707,992.01794,3.1246226,25.797787,0.0021457672,1.3899999,
2024-11-14 06:00:00,312.7452,991.04266,3.519543,24.167133,0.0,1.47,
2024-11-14 07:00:00,308.8725,993.4825,6.581785,31.745562,0.0,1.17,
2024-11-14 08:00:00,307.43713,993.5076,7.3368907,35.529823,0.11628866,0.099999994,
2024-11-14 09:00:00,306.7741,993.4045,7.002088,36.52854,0.01475215,0.12,
2024-11-14 10:00:00,305.6739,994.08923,6.2816463,39.61264,0.0038444996,0.12,
2024-11-14 11:00:00,305.11023,994.5796,5.3233666,41.39164,0.0,0.0,
2024-11-14 12:00:00,304.5404,994.9247,4.69515,42.84621,0.014722347,0.099999994,
2024-11-14 13:00:00,304.22726,995.04,3.4859924,43.222233,0.0,0.0,
2024-11-14 14:00:00,304.00742,995.1399,2.578829,43.103058,0.0,0.0,
2024-11-14 15:00:00,303.72638,994.6678,2.0331862,43.36658,0.0,0.0,
2024-11-14 16:00:00,303.3175,993.82874,1.8318807,44.27597,0.0,0.0,
2024-11-14 17:00:00,302.87482,993.33624,1.7645345,45.45658,0.0,0.0,
2024-11-14 18:00:00,302.24066,992.78546,1.5860245,47.89571,0.0,0.0,
2024-11-14 19:00:00,300.39212,993.7022,2.9354806,45.692986,0.0,0.0,
2024-11-14 20:00:00,299.85968,993.95306,3.2255356,46.701786,0.0,0.0,
2024-11-14 21:00:00,299.45062,994.5207,3.1681197,47.0083,0.0,0.0,
2024-11-14 22:00:00,300.21066,995.33594,3.217143,43.56682,0.0,0.0,
2024-11-14 23:00:00,302.3415,995.9397,3.853339,35.764816,0.0,0.0,
2024-11-15 00:00:00,304.6775,995.935,4.288588,30.155256,0.17053783,0.0,
2024-11-15 01:00:00,306.87488,995.4685,4.2518735,27.751202,0.0,0.0,
2024-11-15 02:00:00,308.96478,994.49646,4.09986,25.250488,0.0,0.0,
2024-11-15 03:00:00,310.62216,993.31445,4.1562805,22.540924,0.0,0.0,
2024-11-15 04:00:00,312.07288,991.9811,4.029027,20.412888,0.0,0.0,
2024-11-15 05:00:00,312.9934,990.825,3.6514993,18.94809,0.0,0.0,
2024-11-15 06:00:00,313.62094,989.6122,3.3556938,17.704222,0.0,0.0,
2024-11-15 07:00:00,313.93848,988.7491,3.3123899,17.358313,0.0,0.0,
2024-11-15 08:00:00,313.90433,988.6039,4.185083,17.445803,0.0,0.0,
2024-11-15 09:00:00,312.98862,988.7394,4.983968,18.798498,0.0,0.0,
2024-11-15 10:00:00,310.91608,989.3064,6.2698855,24.22329,0.0,0.0,
2024-11-15 11:00:00,309.004,990.2385,6.3021636,30.55369,0.0,0.0,
2024-11-15 12:00:00,308.1862,990.9358,5.6480145,32.489742,0.0,0.0,
2024-11-15 13:00:00,307.62048,991.2597,4.9973793,33.527416,0.0,0.0,
2024-11-15 14:00:00,307.0047,991.37164,4.5254416,35.03017,0.0,0.0,
2024-11-15 15:00:00,306.39984,991.1233,4.569047,36.72931,0.0,0.0,
2024-11-15 16:00:00,305.76117,991.0325,4.606158,39.01808,0.0,0.0,
2024-11-15 17:00:00,305.188,990.83044,4.2283034,41.42131,0.0,0.0,
2024-11-15 18:00:00,304.64877,990.59674,3.766534,45.636333,0.0,0.0,
2024-11-15 19:00:00,303.04782,990.6259,4.577269,59.104683,0.0,0.71999997,
2024-11-15 20:00:00,302.36884,990.8008,3.8916605,63.422997,0.0,0.0,
2024-11-15 21:00:00,301.93405,991.5196,3.655142,65.49148,0.0,0.57,
2024-11-15 22:00:00,302.51526,992.46466,3.8960865,63.447594,0.0,0.0,
2024-11-15 23:00:00,304.4359,993.1872,4.1682754,55.01817,0.0,0.0,
2024-11-16 00:00:00,306.92487,993.262,4.247502,44.106518,0.0,0.0,
2024-11-16 01:00:00,309.08655,993.07,4.0516872,35.46834,0.010267645,0.0,
2024-11-16 02:00:00,310.4041,992.4645,3.8625407,30.733269,0.012066215,0.0,
2024-11-16 03:00:00,311.60992,991.61523,3.5505152,28.083138,0.0048950315,0.0,
2024-11-16 04:00:00,312.17444,990.72034,3.2956603,26.933256,0.02399832,1.3499999,
2024-11-16 05:00:00,311.953,989.9109,3.24555,26.894552,0.020116568,0.99,
2024-11-16 06:00:00,312.1501,988.8325,3.1696937,25.998528,0.014975667,1.56,
2024-11-16 07:00:00,308.96667,990.29175,3.3866348,36.736153,0.013723969,1.0799999,
2024-11-16 08:00:00,309.25012,989.9311,3.578198,34.388847,0.021010637,2.42,
2024-11-16 09:00:00,308.98157,989.91876,3.1944182,33.645733,0.003054738,0.31,
2024-11-16 10:00:00,308.53497,990.5197,3.0104573,34.184784,0.0,0.39,
2024-11-16 11:00:00,307.88275,990.9679,2.6106758,36.443604,0.0,0.0,
2024-11-16 12:00:00,307.23993,991.4886,2.583453,38.728897,0.0,0.38,
2024-11-16 13:00:00,306.7021,991.79974,2.732353,40.502174,0.0,0.35,
2024-11-16 14:00:00,306.03058,991.9813,2.6822455,42.61508,0.0,0.0,
2024-11-16 15:00:00,305.34564,991.57446,2.4413335,44.9322,0.0,0.0,
2024-11-16 16:00:00,304.66013,991.2605,2.65356,47.74932,0.0,0.0,
2024-11-16 17:00:00,304.00226,991.19025,2.9860928,52.13459,0.0,0.0,
2024-11-16 18:00:00,303.3393,991.3594,3.4352953,58.054077,0.0,0.0,
2024-11-16 19:00:00,302.48117,991.92126,1.3209136,48.4253,0.0,0.0,
2024-11-16 20:00:00,302.12622,992.21844,1.6860274,50.08669,0.0,0.0,
2024-11-16 21:00:00,301.7616,991.85455,2.1050982,51.099556,0.0,0.0,
2024-11-16 22:00:00,302.47455,993.0315,2.1499543,47.98538,0.0,0.0,
2024-11-16 23:00:00,304.03192,994.113,1.8886032,43.27956,0.0,0.0,
2024-11-17 00:00:00,304.57462,994.27966,0.46265125,42.29751,0.12541115,0.0,
2024-11-17 01:00:00,305.89703,994.4297,1.4372162,40.26415,0.0,0.0,
2024-11-17 02:00:00,307.07474,993.9481,2.2725077,38.64702,0.0,0.0,
2024-11-17 03:00:00,308.14935,993.0975,2.2345204,36.79392,0.005148351,0.0,
2024-11-17 04:00:00,308.9757,992.1334,1.954501,34.910046,0.015221536,0.14,
2024-11-17 05:00:00,309.79953,991.1833,2.1680298,32.891296,0.017493963,0.0,
2024-11-17 06:00:00,310.519,990.22406,2.9454298,31.357616,0.0051259995,0.35999998,
2024-11-17 07:00:00,306.9389,992.4691,4.3961973,36.724136,0.0072568655,0.0,
2024-11-17 08:00:00,305.8972,992.20264,5.935246,40.95305,0.0731498,0.87,
2024-11-17 09:00:00,304.48383,992.8133,6.0163646,46.8233,0.2335906,2.07,
2024-11-17 10:00:00,303.2573,993.55096,5.1016498,50.87334,0.032290816,0.13,
2024-11-17 11:00:00,302.682,993.7,5.1064672,53.374733,0.0,0.04,
2024-11-17 12:00:00,302.48236,994.1462,3.7930934,54.447342,0.0072717667,0.0,
2024-11-17 13:00:00,302.54126,994.4931,2.857629,54.161633,0.0,0.0,
2024-11-17 14:00:00,302.56958,994.712,2.4247515,53.812103,0.0,0.01,
2024-11-17 15:00:00,302.50916,994.44653,2.4540012,53.943718,0.0,0.01,
2024-11-17 16:00:00,302.43274,993.89526,2.6780355,53.70942,0.0,0.0,
2024-11-17 17:00:00,302.33795,993.46924,2.9826615,53.364784,0.0,0.0,
2024-11-17 18:00:00,302.09406,993.06616,3.169805,53.80926,0.0,0.0,
2024-11-17 19:00:00,301.2662,994.04205,3.363684,61.67339,0.001296401,0.0,
2024-11-17 20:00:00,300.97296,994.2338,2.8160071,62.695766,0.0,0.0,
2024-11-17 21:00:00,300.81708,994.71326,2.9225147,62.505894,0.011906028,0.0,
2024-11-17 22:00:00,301.1255,995.17017,4.0432825,59.505116,0.0,0.0,
2024-11-17 23:00:00,302.2783,995.7392,4.4874506,53.45953,0.0,0.0,
2024-11-18 00:00:00,304.3546,995.7202,4.483325,45.049603,0.4106611,0.0,
2024-11-18 01:00:00,306.00623,995.2737,3.9091015,41.261375,0.0,0.0,
2024-11-18 02:00:00,307.91602,994.2926,3.3366454,34.366604,0.0,0.0,
2024-11-18 03:00:00,309.29703,993.4617,2.6156497,30.226332,0.0,0.0,
2024-11-18 04:00:00,310.2954,992.45703,2.099312,27.448963,0.0,0.0,
2024-11-18 05:00:00,310.98788,991.60065,1.8901447,25.479456,0.0,0.0,
2024-11-18 06:00:00,311.36414,990.58673,1.6687942,24.472641,0.0,0.0,
2024-11-18 07:00:00,311.85376,990.1499,2.363343,22.198975,0.0,0.0,
2024-11-18 08:00:00,311.62442,989.90155,2.9236884,22.451818,0.0,0.0,
2024-11-18 09:00:00,311.07452,989.9621,3.3632665,23.711933,0.0,0.0,
2024-11-18 10:00:00,309.83237,991.0069,4.7188907,27.094143,0.0,0.0,
2024-11-18 11:00:00,308.6211,991.8102,5.2000303,31.342957,0.0,0.0,
2024-11-18 12:00:00,307.70392,992.51654,4.8793454,34.379433,0.0,0.0,
2024-11-18 13:00:00,307.06,992.83954,4.3266826,36.06251,0.0,0.0,
2024-11-18 14:00:00,306.52087,993.3325,3.6612759,37.269165,0.0,0.0,
2024-11-18 15:00:00,305.79907,993.1037,3.4812076,38.976402,0.0,0.0,
2024-11-18 16:00:00,305.0605,992.8361,3.4145644,40.892517,0.0025704503,0.0,
2024-11-18 17:00:00,304.58325,992.57874,3.55012,42.203796,0.060558323,0.0,
2024-11-18 18:00:00,304.21014,992.6225,3.9936423,43.650097,0.0068098307,0.0,
2024-11-18 19:00:00,303.28723,992.5619,1.3568463,47.07937,0.0,0.0,
2024-11-18 20:00:00,302.54144,993.185,1.571245,50.733006,0.0,0.0,
2024-11-18 21:00:00,301.8094,993.7536,1.8242495,55.74517,0.0,0.0,
2024-11-18 22:00:00,302.17276,994.89923,2.0497828,58.05983,0.0,0.0,
2024-11-18 23:00:00,303.71484,995.2392,1.9434233,53.67632,0.0,0.0,
2024-11-19 00:00:00,305.67126,995.2009,1.525134,45.793648,0.0707984,0.0,
2024-11-19 01:00:00,307.2505,994.53345,0.90446055,40.07657,0.0,0.0,
2024-11-19 02:00:00,308.93622,993.615,1.7316152,35.468616,0.0,0.0,
2024-11-19 03:00:00,310.628,992.1269,2.4705145,31.288227,0.0,0.0,
2024-11-19 04:00:00,311.8631,991.1105,2.7158368,28.769838,0.0,0.0,
2024-11-19 05:00:00,312.56754,990.2377,3.1568618,27.276567,0.0,0.0,
2024-11-19 06:00:00,312.1576,989.3384,3.2116935,27.946415,0.0,0.87,
2024-11-19 07:00:00,313.09393,988.72986,2.973851,22.41171,0.0,3.1999998,
2024-11-19 08:00:00,312.50864,988.37415,3.0818005,22.671547,0.0,3.5099998,
2024-11-19 09:00:00,312.12628,988.3768,5.2559733,22.635176,0.0,2.22,
2024-11-19 10:00:00,310.9139,989.6625,5.576284,23.835669,0.0,0.35,
2024-11-19 11:00:00,310.29675,990.36206,5.4755726,24.639416,0.0,0.0,
2024-11-19 12:00:00,309.7976,990.98303,5.014209,25.741184,0.0,0.0,
2024-11-19 13:00:00,309.07596,991.35596,3.8634233,27.571505,0.0,0.0,
2024-11-19 14:00:00,308.06927,991.9402,2.9425864,30.479795,0.0,0.0,
2024-11-19 15:00:00,306.604,991.8921,2.9115517,35.34973,0.0,0.11,
2024-11-19 16:00:00,305.58484,991.59906,3.2196307,40.9435,0.0,0.57,
2024-11-19 17:00:00,304.6336,991.2864,3.6683793,48.98761,0.0,0.0,
2024-11-19 18:00:00,303.751,991.02094,3.5554652,55.98174,0.0,0.0,
2024-11-19 19:00:00,302.2681,991.9168,3.354719,65.312614,0.0,0.0,
2024-11-19 20:00:00,301.86053,992.28394,2.7591336,67.728004,0.0,0.0,
2024-11-19 21:00:00,301.55322,992.6383,2.4015064,69.92613,0.0,0.0,
2024-11-19 22:00:00,301.76364,993.41736,2.732551,69.827156,0.0,0.0,
2024-11-19 23:00:00,303.04184,993.83563,2.788185,64.09833,0.0,0.0,
2024-11-20 00:00:00,304.89825,993.71094,2.7970586,55.74783,0.0012934207,0.0,
2024-11-20 01:00:00,306.67328,993.45844,2.2948668,48.227562,0.0029757621,0.0,
2024-11-20 02:00:00,307.93335,992.53687,1.7039952,42.879208,0.0038985163,0.0,
2024-11-20 03:00:00,309.22964,991.818,1.2141635,39.19789,0.0,0.0,
2024-11-20 04:00:00,310.01135,990.81586,0.5812815,36.633556,0.0,0.0,
2024-11-20 05:00:00,310.4737,990.09814,0.45103136,35.279613,0.0,0.0,
2024-11-20 06:00:00,311.1049,989.24396,0.30876926,33.30785,0.0,0.0,
2024-11-20 07:00:00,312.1496,988.2519,0.608629,25.067987,0.0,0.0,
2024-11-20 08:00:00,312.2376,987.67,0.7185552,24.599625,0.0,0.0,
2024-11-20 09:00:00,311.7323,987.2903,1.0331821,24.884617,0.0,0.0,
2024-11-20 10:00:00,311.32983,988.56805,1.6559142,25.19556,0.0,0.0,
2024-11-20 11:00:00,309.99887,989.6238,3.08585,28.211441,0.0,0.72999996,
2024-11-20 12:00:00,308.9466,990.2464,5.081608,32.48605,0.0,1.76,
2024-11-20 13:00:00,307.86975,990.2512,4.907385,36.5564,0.0,1.56,
2024-11-20 14:00:00,307.14728,990.7625,4.830936,39.202187,0.0,0.65999997,
2024-11-20 15:00:00,306.48987,990.7807,4.2617393,41.103397,0.0,2.01,
2024-11-20 16:00:00,305.82532,990.4132,3.6837893,42.839832,0.0,1.46,
2024-11-20 17:00:00,305.3648,990.1764,3.1337552,44.15434,0.0,0.76,
2024-11-20 18:00:00,304.85928,990.302,2.635098,45.790188,0.0,0.089999996,
2024-11-20 19:00:00,303.60138,990.4319,3.5137193,48.419617,0.0,0.12,
2024-11-20 20:00:00,303.19452,990.8795,3.9150107,50.996025,0.0,0.0,
2024-11-20 21:00:00,302.65253,991.60266,4.46028,55.00855,0.0,0.0,
2024-11-20 22:00:00,302.9085,992.10486,4.4050736,55.189236,0.0,0.0,
2024-11-20 23:00:00,304.17868,992.77545,4.230333,49.996872,0.0,0.5,
2024-11-21 00:00:00,306.09772,992.9575,4.2057447,42.886772,0.009655952,1.52,
2024-11-21 01:00:00,307.92334,992.693,3.8476517,37.356457,0.0,1.68,
2024-11-21 02:00:00,309.11627,991.78406,3.5704014,34.176792,0.0,1.5999999,
2024-11-21 03:00:00,310.69006,990.66516,3.1484282,30.451134,0.0,2.23,
2024-11-21 04:00:00,311.945,989.7187,2.5115964,27.724949,0.0,1.92,
2024-11-21 05:00:00,312.57858,988.8929,2.3106487,26.4987,0.0,1.54,
2024-11-21 06:00:00,312.8454,988.3475,2.228973,25.961098,0.0,0.51,
2024-11-21 07:00:00,307.24518,990.0513,2.094127,45.200245,0.0,0.38,
2024-11-21 08:00:00,307.78568,989.32697,1.0148635,42.665276,0.0014901161,0.11,
2024-11-21 09:00:00,307.76398,989.45654,1.0733855,42.029633,0.0,0.0,
2024-11-21 10:00:00,307.68213,990.0107,1.0075065,41.800625,0.0,0.099999994,
2024-11-21 11:00:00,307.4626,990.57513,1.6302351,42.311802,0.0,0.099999994,
2024-11-21 12:00:00,307.28235,991.19977,2.255364,42.843346,0.0,1.01,
2024-11-21 13:00:00,307.0132,991.335,2.874573,43.62537,0.0,0.0,
2024-11-21 14:00:00,306.78418,991.65875,3.476325,44.341156,0.0,0.0,
2024-11-21 15:00:00,306.33148,991.40234,3.9578207,45.757027,0.0,0.0,
2024-11-21 16:00:00,305.85754,990.96936,4.4100075,47.41083,0.0,0.0,
2024-11-21 17:00:00,305.1845,990.45514,4.677888,49.894817,0.0,0.0,
2024-11-21 18:00:00,304.5105,990.54297,4.6868687,52.95701,0.0,0.44,
2024-11-21 19:00:00,303.5265,991.19946,2.8149264,53.834705,0.0,0.24999999,
2024-11-21 20:00:00,303.3117,991.6092,2.6552002,54.92376,0.0,0.14999999,
2024-11-21 21:00:00,303.0902,992.40204,2.4647563,56.142593,0.0,0.5,
2024-11-21 22:00:00,303.33936,992.9172,2.3799932,55.836235,0.0,0.08,
2024-11-21 23:00:00,304.25458,993.44366,2.1925604,53.30247,0.0,0.0,
2024-11-22 00:00:00,305.98547,993.3942,2.4463348,47.32045,0.0036393912,0.0,
2024-11-22 01:00:00,307.61935,993.08655,2.5414822,41.86562,0.0010563371,0.0,
2024-11-22 02:00:00,309.21887,992.26776,2.2632306,36.622982,0.008556992,0.0,
2024-11-22 03:00:00,310.42163,991.23334,1.9620464,32.753048,0.001264736,0.0,
2024-11-22 04:00:00,311.4976,990.3597,1.8611268,30.06005,0.0,0.0,
2024-11-22 05:00:00,312.2591,989.4772,1.9556954,28.299725,0.0,0.0,
2024-11-22 06:00:00,312.66534,988.7456,2.0264628,27.283426,0.0,0.0,
2024-11-22 07:00:00,311.1791,988.78687,3.7409484,33.739193,0.012019277,0.0,
2024-11-22 08:00:00,310.89526,988.0391,2.7496734,33.446705,0.015415253,0.0,
2024-11-22 09:00:00,310.1639,988.72565,0.9615821,34.488876,0.29733032,0.34999996,
2024-11-22 10:00:00,305.49115,990.9339,3.175954,50.798893,1.4793351,0.22999999,
2024-11-22 11:00:00,304.4192,991.4217,3.0216777,55.884945,0.44167775,0.03,
2024-11-22 12:00:00,304.3562,991.67456,3.1153553,57.92538,0.0037103891,0.06,
2024-11-22 13:00:00,304.1187,991.94257,2.821929,60.62373,0.13515353,0.0,
2024-11-22 14:00:00,304.0033,991.9233,3.2138753,62.67859,0.03233552,0.0,
2024-11-22 15:00:00,303.8694,991.3614,3.2965791,63.871002,0.040858984,0.0,
2024-11-22 16:00:00,303.8258,990.8791,3.5354526,63.08061,0.025123358,0.0,
2024-11-22 17:00:00,303.8515,990.20123,3.784163,60.550983,0.0,0.0,
2024-11-22 18:00:00,303.8584,990.03595,3.5153577,58.581776,0.0,0.0,
2024-11-22 19:00:00,303.54907,990.1799,2.9781532,61.771225,0.0,0.0,
2024-11-22 20:00:00,302.95355,990.7578,3.4783926,64.476944,0.0,0.0,
2024-11-22 21:00:00,302.40057,991.3861,3.3607574,67.061905,0.0,0.0,
2024-11-22 22:00:00,303.2043,992.34296,3.0974884,61.809933,0.0,0.0,
2024-11-22 23:00:00,304.68777,992.9025,3.9201565,46.646484,0.0,0.0,
2024-11-23 00:00:00,306.41702,993.0782,5.3202295,40.12057,2.4974732,0.0,
2024-11-23 01:00:00,307.93536,992.8889,6.1549435,36.25827,0.0,0.0,
2024-11-23 02:00:00,309.32022,992.42303,6.199056,33.02414,0.0065118074,0.0,
2024-11-23 03:00:00,310.37637,991.61206,5.8866453,30.698412,0.013574958,0.0,
2024-11-23 04:00:00,311.07227,990.83795,5.464136,29.13226,0.008702278,0.0,
2024-11-23 05:00:00,311.75665,989.79584,5.4810805,28.015331,0.004120171,0.0,
2024-11-23 06:00:00,311.8506,988.92474,6.175771,27.31693,0.003889203,0.0,
2024-11-23 07:00:00,310.21613,989.0386,6.1922607,33.120872,0.0034347177,0.0,
2024-11-23 08:00:00,310.05035,988.95795,5.818876,33.16114,0.0028043978,0.0,
2024-11-23 09:00:00,309.4118,989.41956,5.6544323,34.40714,0.0,0.0,
2024-11-23 10:00:00,308.44427,990.2486,5.5290637,36.584354,0.0,0.0,
2024-11-23 11:00:00,307.89218,991.02625,5.0079556,37.697525,0.0,0.0,
2024-11-23 12:00:00,307.27423,992.0045,4.3792033,39.008625,0.079877675,0.0,
2024-11-23 13:00:00,305.6294,992.5792,5.4547367,44.2545,0.05836785,0.0,
2024-11-23 14:00:00,303.19183,993.21643,6.0841312,55.45048,0.016123056,0.0,
2024-11-23 15:00:00,302.1145,992.7784,4.7457952,60.720665,0.0,0.0,
2024-11-23 16:00:00,301.75418,992.44415,3.3967543,62.380856,0.0,0.0,
2024-11-23 17:00:00,301.52692,992.0262,2.603735,63.707275,0.0041246386,0.0,
2024-11-23 18:00:00,301.2649,991.7098,1.5092419,65.57415,0.0,0.0,
2024-11-23 19:00:00,300.53674,992.1177,3.0582948,63.682026,0.0,0.0,
2024-11-23 20:00:00,300.4397,992.6994,2.801422,63.725357,0.0,0.0,
2024-11-23 21:00:00,300.33066,993.3097,2.4353006,63.537354,0.0,0.0,
2024-11-23 22:00:00,300.73608,994.08655,2.9332578,59.939438,0.0,0.0,
2024-11-23 23:00:00,301.41187,994.4294,3.3287714,56.595314,0.0,0.0,
2024-11-24 00:00:00,302.7462,994.56915,3.2845893,52.14134,0.20161271,0.0,
2024-11-24 01:00:00,304.10486,994.215,3.2109556,48.287777,0.0,0.0,
2024-11-24 02:00:00,305.96136,993.71326,3.3319988,43.603657,0.0,0.0,
2024-11-24 03:00:00,307.27893,992.7958,3.191853,40.4953,0.0,0.0,
2024-11-24 04:00:00,308.37494,992.0661,2.9844885,37.95357,0.0012852252,0.0,
2024-11-24 05:00:00,309.21478,991.1133,2.7383132,36.0829,0.001527369,0.0,
2024-11-24 06:00:00,309.80536,990.10767,2.5798244,34.56577,0.0,0.0,
2024-11-24 07:00:00,311.28125,988.6255,3.798465,32.288517,0.023409724,0.0,
2024-11-24 08:00:00,310.57678,988.14343,2.9354503,33.53509,0.02810359,0.0,
2024-11-24 09:00:00,308.8722,989.09125,1.8987672,36.823406,0.37226826,0.0,
2024-11-24 10:00:00,304.1906,991.28845,1.4833766,53.59496,0.6907135,0.0,
2024-11-24 11:00:00,302.30334,992.19257,1.2620417,63.127308,0.7064864,0.0,
2024-11-24 12:00:00,301.9204,992.4356,1.0244845,65.43257,0.5943477,0.0,
2024-11-24 13:00:00,302.33127,992.4858,1.440112,64.11982,0.06343424,0.0,
2024-11-24 14:00:00,302.34717,992.44214,1.5430343,65.141884,0.0,0.0,
2024-11-24 15:00:00,302.06207,991.9444,0.9389515,66.851234,0.06724894,0.0,
2024-11-24 16:00:00,301.97195,991.2,1.5241137,68.26861,0.0,0.0,
2024-11-24 17:00:00,301.8096,990.8334,1.9054755,70.29375,0.0,0.0,
2024-11-24 18:00:00,301.4932,990.6321,1.8449155,73.13946,0.018835068,0.0,
2024-11-24 19:00:00,301.5135,990.67206,3.155948,75.42247,0.0,0.0,
2024-11-24 20:00:00,301.10547,991.08093,3.2605221,78.0281,0.0,0.0,
2024-11-24 21:00:00,300.7458,991.78143,3.1072233,80.35871,0.0,0.0,
2024-11-24 22:00:00,301.20178,992.68286,3.9058154,78.16328,0.0,0.0,
2024-11-24 23:00:00,302.58618,992.919,4.097462,72.432724,0.0,0.0,
2024-11-25 00:00:00,304.08972,992.64197,3.9263115,65.32764,2.6152432,0.0,
2024-11-25 01:00:00,305.27206,992.5318,3.8934216,60.12726,0.0,0.0,
2024-11-25 02:00:00,306.37418,991.6461,3.3867946,57.280827,0.08772686,0.0,
2024-11-25 03:00:00,307.62183,990.7605,2.6433003,50.453003,0.07123873,0.0,
2024-11-25 04:00:00,308.31464,989.6512,2.9876018,48.381893,0.018429011,0.0,
2024-11-25 05:00:00,309.01367,988.6717,3.219448,45.008175,0.023014843,0.0,
2024-11-25 06:00:00,308.17273,987.3681,3.9421453,46.46263,0.43331087,0.0,
2024-11-25 07:00:00,309.24652,986.1975,5.2121706,41.779846,0.26985258,0.0,
2024-11-25 08:00:00,307.43832,986.3773,7.4153867,50.745438,0.0017896527,0.0,
2024-11-25 09:00:00,306.208,987.33167,6.7928953,53.659428,0.0,0.0,
2024-11-25 10:00:00,305.61166,988.5041,4.5373497,54.273033,0.054121017,0.0,
2024-11-25 11:00:00,305.037,989.15,1.9248264,56.71867,0.07044524,0.38,
2024-11-25 12:00:00,304.5694,989.516,2.63727,60.168583,0.0,0.0,
2024-11-25 13:00:00,303.83478,989.70984,4.1726904,65.1583,0.0,0.0,
2024-11-25 14:00:00,303.1247,990.0818,4.5858116,69.988045,0.0,0.0,
2024-11-25 15:00:00,302.52747,989.71344,4.489044,73.43261,0.0,0.0,
2024-11-25 16:00:00,302.04517,989.1322,4.1926956,75.91633,0.0,0.0,
2024-11-25 17:00:00,301.6053,988.7022,4.0103264,77.86991,0.0,0.0,
2024-11-25 18:00:00,301.2648,988.7904,3.8302362,79.547104,0.0,0.0,
2024-11-25 19:00:00,300.85858,988.9059,3.369879,79.882744,0.0,0.0,
2024-11-25 20:00:00,300.78656,989.0016,3.6051908,80.3602,0.0,0.0,
2024-11-25 21:00:00,300.70648,989.9331,3.6744595,81.35511,0.0,0.0,
2024-11-25 22:00:00,301.27332,990.726,4.0352664,79.23485,0.0,0.0,
2024-11-25 23:00:00,302.7705,991.1884,4.8047986,72.13767,0.0,0.0,
2024-11-26 00:00:00,304.43738,991.1039,4.980565,64.27386,1.1763811,0.0,
2024-11-26 01:00:00,306.47864,990.51263,5.0184584,55.10183,0.0,0.0,
2024-11-26 02:00:00,308.17776,989.752,4.8140206,47.6293,0.017285347,0.0,
2024-11-26 03:00:00,309.49692,988.78906,4.352038,42.220833,0.012896955,1.0,
2024-11-26 04:00:00,310.55548,987.7589,3.811593,37.713593,0.004772097,2.58,
2024-11-26 05:00:00,310.71002,987.00464,3.5613828,35.76118,0.017091632,3.4899998,
2024-11-26 06:00:00,311.14758,986.0419,3.6314836,34.11129,0.015825033,3.67,
2024-11-26 07:00:00,308.64044,986.0003,4.4455028,48.412212,0.034213066,0.45999998,
2024-11-26 08:00:00,309.05255,985.7991,4.314365,46.585693,0.0,0.0,
2024-11-26 09:00:00,308.9496,986.594,4.3946123,45.797127,0.0,0.0,
2024-11-26 10:00:00,306.62396,987.75214,4.320946,53.685696,0.6586984,4.58,
2024-11-26 11:00:00,302.60184,989.155,1.7650293,72.82055,5.69547,2.6699998,
2024-11-26 12:00:00,302.3532,989.892,0.88340163,74.85361,0.58339536,0.0,
2024-11-26 13:00:00,302.83328,990.01373,0.7443522,73.58156,0.0,0.0,
2024-11-26 14:00:00,303.15747,990.21606,2.390639,73.69332,0.0,0.0,
2024-11-26 15:00:00,302.83344,989.7218,2.9737325,75.91766,0.0,0.0,
2024-11-26 16:00:00,302.4168,989.359,3.0499823,77.86065,0.0,0.0,
2024-11-26 17:00:00,301.99658,988.8497,2.9352357,79.91196,0.0,0.0,
2024-11-26 18:00:00,301.63593,989.13275,2.7071328,81.91107,0.0029951334,0.0,
2024-11-26 19:00:00,301.6882,988.1897,3.8169234,80.579735,0.0,0.0,
2024-11-26 20:00:00,301.3864,988.65265,3.4154766,82.59483,0.0,0.0,
2024-11-26 21:00:00,301.0536,989.3361,2.506347,84.75815,0.0,0.0,
2024-11-26 22:00:00,301.59808,990.8706,1.7821487,81.630745,0.011995435,0.0,
2024-11-26 23:00:00,302.17557,991.9788,2.2781382,76.99808,0.16254187,0.0,
2024-11-27 00:00:00,302.76038,992.24097,2.94387,73.9053,7.383749,0.0,
2024-11-27 01:00:00,304.13245,991.9575,3.4138353,67.31512,0.0,0.0,
2024-11-27 02:00:00,306.04337,991.1764,3.447687,57.31837,0.0,0.0,
2024-11-27 03:00:00,307.58722,990.1446,3.194518,49.342533,0.012069941,0.0,
2024-11-27 04:00:00,308.82965,989.19586,2.7060328,43.169994,0.021468848,0.0,
2024-11-27 05:00:00,309.62823,988.03656,2.5845113,38.819096,0.0033006072,0.0,
2024-11-27 06:00:00,310.3731,986.97675,2.8545465,35.250267,0.0,0.0,
2024-11-27 07:00:00,309.33038,987.03876,0.8917698,39.728794,0.0090152025,0.0,
2024-11-27 08:00:00,309.75388,986.3658,0.6898796,37.494354,0.0038594007,0.12,
2024-11-27 09:00:00,309.04822,986.7175,1.0896945,38.575714,0.0056922436,0.19,
2024-11-27 10:00:00,307.52277,987.79694,3.250771,46.588455,0.0,0.11,
2024-11-27 11:00:00,305.58267,988.8008,4.246468,57.451717,0.0,0.0,
2024-11-27 12:00:00,304.4972,989.95703,3.7822642,63.323326,0.0,0.0,
2024-11-27 13:00:00,303.91068,990.42596,1.9248922,67.942505,0.0,0.0,
2024-11-27 14:00:00,303.51242,990.6117,1.4168434,73.1955,0.0,0.0,
2024-11-27 15:00:00,303.26843,990.0655,1.341266,74.92968,0.0,0.0,
2024-11-27 16:00:00,302.96228,989.8228,1.27062,77.749565,0.0,0.0,
2024-11-27 17:00:00,301.75778,989.6664,2.9161615,75.08214,3.1271577,0.0,
2024-11-27 18:00:00,300.37735,989.37463,2.8430357,80.52325,5.972326,0.0,
2024-11-27 19:00:00,300.4837,990.67096,3.0211353,76.67622,0.12381375,0.0,
2024-11-27 20:00:00,300.06458,990.5105,3.46834,77.61041,0.0012665987,0.0,
2024-11-27 21:00:00,299.61157,991.188,3.7418067,78.79495,0.0,0.0,
2024-11-27 22:00:00,299.9986,991.83044,4.371684,75.95977,0.0,0.0,
2024-11-27 23:00:00,301.19073,992.32794,4.911335,69.961754,0.0,0.0,
2024-11-28 00:00:00,303.05164,992.73517,5.055008,62.307037,9.280428,0.0,
2024-11-28 01:00:00,304.75433,992.7928,5.0026093,54.861744,0.0,0.0,
2024-11-28 02:00:00,305.89874,992.3052,4.51088,49.857803,0.0,0.0,
2024-11-28 03:00:00,306.88867,991.4394,4.005607,46.739,0.0,0.0,
2024-11-28 04:00:00,307.49872,990.6378,3.494957,44.934387,0.0027902424,0.0,
2024-11-28 05:00:00,307.99387,989.7523,3.045446,43.81142,0.0,0.0,
2024-11-28 06:00:00,308.47452,989.12555,2.6794457,42.991505,0.0,0.0,
2024-11-28 07:00:00,309.10168,988.35565,2.6269174,38.856274,0.002168119,0.14,
2024-11-28 08:00:00,308.7896,988.15594,2.3742,38.49601,0.4037693,0.90999997,
2024-11-28 09:00:00,305.8494,988.9818,5.6190877,47.107693,0.8735806,0.32,
2024-11-28 10:00:00,304.21133,989.8661,4.0558314,52.368866,0.47929144,0.58,
2024-11-28 11:00:00,303.8051,990.6611,1.1955228,59.33697,0.0045523047,0.0,
2024-11-28 12:00:00,303.75732,991.0453,0.6464264,58.83096,0.0,0.0,
2024-11-28 13:00:00,302.8374,991.4023,0.9004698,71.41961,0.0,0.0,
2024-11-28 14:00:00,302.2843,991.6199,0.89448327,76.400085,0.0,0.0,
2024-11-28 15:00:00,301.9989,991.3198,1.408683,74.709564,0.0,0.0,
2024-11-28 16:00:00,301.5905,990.873,2.0791254,74.632065,0.0,0.0,
2024-11-28 17:00:00,300.9477,990.4397,2.619334,75.52728,0.0,0.0,
2024-11-28 18:00:00,300.43726,989.9919,2.9297144,76.56523,0.0,0.0,
2024-11-28 19:00:00,300.07666,989.9232,3.4963539,75.399155,0.0,0.0,
2024-11-28 20:00:00,299.71576,989.95056,3.2180705,78.66449,0.0,0.0,
2024-11-28 21:00:00,299.4906,990.8667,3.1166873,80.8761,0.0,0.0,
2024-11-28 22:00:00,300.24838,991.66315,3.574419,78.17975,0.0,0.0,
2024-11-28 23:00:00,301.76294,992.2706,4.392547,71.372925,0.0,0.0,
2024-11-29 00:00:00,303.52277,992.3929,4.634408,63.91393,1.7676556,0.0,
2024-11-29 01:00:00,305.22818,992.3245,4.4670043,57.12769,0.0,0.0,
2024-11-29 02:00:00,306.52707,991.33704,4.030039,51.978832,0.0047646463,0.0,
2024-11-29 03:00:00,307.45407,990.4464,3.5309627,48.636246,0.0,0.0,
2024-11-29 04:00:00,308.26715,989.2706,2.871011,45.976143,0.0,0.0,
2024-11-29 05:00:00,308.6561,988.5002,2.2200143,43.56582,0.0,0.0,
2024-11-29 06:00:00,308.98416,987.66156,1.9064126,41.61125,0.0,0.0,
2024-11-29 07:00:00,309.59674,986.508,2.565898,40.117775,0.0,0.0,
2024-11-29 08:00:00,309.41092,986.2481,2.5479507,39.93589,0.00641793,0.0,
2024-11-29 09:00:00,308.34793,986.7542,2.971088,42.709465,0.32122734,0.23999998,
2024-11-29 10:00:00,307.63806,987.7322,3.361053,45.75292,0.0036358833,0.16,
2024-11-29 11:00:00,306.07523,989.10724,2.7877672,51.558502,0.09759067,0.0,
2024-11-29 12:00:00,305.29535,990.3881,3.821195,52.39711,0.09404422,0.0,
2024-11-29 13:00:00,304.29993,990.82263,4.830448,55.17614,0.008583069,0.0,
2024-11-29 14:00:00,303.4328,991.0552,4.2208996,59.880344,0.0,0.0,
2024-11-29 15:00:00,302.68478,990.65173,2.5967314,65.567085,0.0,0.0,
2024-11-29 16:00:00,302.07172,990.2033,2.0486898,70.0076,0.0144690275,0.0,
2024-11-29 17:00:00,301.67245,989.65826,1.8587012,72.8464,0.05969405,0.0,
2024-11-29 18:00:00,301.2691,989.20135,1.4436651,76.676476,0.04771352,0.0,
2024-11-29 19:00:00,302.003,989.133,2.9118612,69.876144,0.0,0.0,
2024-11-29 20:00:00,301.5874,989.4264,2.8040347,72.629555,0.0,0.0,
2024-11-29 21:00:00,301.26758,989.85626,2.6748676,74.75372,0.0,0.0,
2024-11-29 22:00:00,301.69327,991.0108,2.625993,72.4894,0.013619661,0.0,
2024-11-29 23:00:00,302.33517,991.5264,3.5203643,68.46966,0.008106232,0.0,
2024-11-30 00:00:00,303.16785,991.6486,3.8871708,64.61476,0.68421364,0.0,
2024-11-30 01:00:00,305.01593,991.23596,3.501482,57.630074,0.0,0.0,
2024-11-30 02:00:00,306.39172,990.142,3.4755304,53.534508,0.0,0.0,
2024-11-30 03:00:00,307.88184,989.0747,3.681986,49.24165,0.0,0.0,
2024-11-30 04:00:00,308.7351,987.8782,3.1393154,45.934536,0.003412366,0.0,
2024-11-30 05:00:00,309.38437,986.7506,2.3132687,42.925243,0.0,0.0,
2024-11-30 06:00:00,310.27145,985.992,1.9446288,40.00338,0.0,0.0,
2024-11-30 07:00:00,311.6086,984.63745,2.2117138,34.07639,0.0,0.0,
2024-11-30 08:00:00,311.41373,984.4602,1.7725753,34.21758,0.0,0.0,
2024-11-30 09:00:00,310.9316,985.072,1.7675844,35.19108,0.0,0.0,
2024-11-30 10:00:00,310.48914,985.83795,2.4840014,36.570755,0.0036656857,0.0,
2024-11-30 11:00:00,304.63153,988.23065,5.877241,59.007233,1.1006594,0.0,
2024-11-30 12:00:00,302.6879,989.08966,3.6420512,69.90093,1.2236536,0.0,
2024-11-30 13:00:00,302.47433,989.4484,2.3424404,71.12859,1.5701503,0.41,
2024-11-30 14:00:00,301.64886,989.8412,2.510974,77.174446,4.333049,1.88,
2024-11-30 15:00:00,300.75098,989.4927,2.6442852,83.097015,6.3388643,0.91999996,
2024-11-30 16:00:00,300.52866,989.10425,2.2816389,84.65974,0.51024556,0.0,
2024-11-30 17:00:00,300.5603,988.4213,3.122398,83.84936,0.504598,0.0,
2024-11-30 18:00:00,300.49658,988.2622,3.4404905,84.55429,0.76426566,0.0,
2024-11-30 19:00:00,302.0255,987.843,3.7731905,79.04638,0.0,0.0,
2024-11-30 20:00:00,301.65015,987.98193,3.4971719,81.976524,0.0,0.0,
2024-11-30 21:00:00,301.38245,989.03406,3.188969,83.896935,0.0,0.0,
2024-11-30 22:00:00,301.75516,989.5039,3.4936066,81.73867,0.0,0.0,
2024-11-30 23:00:00,302.9139,989.9575,3.9173913,76.01927,0.0,0.0,
2024-12-01 00:00:00,304.22144,990.0111,3.7259777,69.433716,16.40889,0.0,
2024-12-01 01:00:00,305.46936,989.9363,3.2079399,63.708096,0.0,0.0,
2024-12-01 02:00:00,306.7387,989.2929,3.0628686,59.333366,0.0027641654,0.0,
2024-12-01 03:00:00,307.69836,988.40533,3.250205,56.13577,0.0034160912,0.0,
2024-12-01 04:00:00,308.62054,987.49023,3.4536078,51.741608,0.0021383166,0.0,
2024-12-01 05:00:00,308.97736,986.87256,4.268324,49.70599,0.0,0.0,
2024-12-01 06:00:00,307.89804,986.6086,5.28811,52.681976,0.10164082,0.0,
2024-12-01 07:00:00,309.55447,985.7,4.2784247,43.446503,0.0,0.0,
2024-12-01 08:00:00,308.93073,985.1408,4.4417973,44.491226,0.0128299,0.0,
2024-12-01 09:00:00,307.99564,985.3808,4.46207,47.582973,0.022262335,0.0,
2024-12-01 10:00:00,305.90845,986.99536,4.4814205,55.046047,0.25486946,0.17,
2024-12-01 11:00:00,304.57428,988.1152,5.6029763,61.479767,0.002026558,0.0,
2024-12-01 12:00:00,303.55304,988.39404,5.1759458,67.35965,0.0,0.0,
2024-12-01 13:00:00,302.8919,988.90436,5.1012187,71.390816,0.0,0.0,
2024-12-01 14:00:00,302.47247,989.04596,4.860034,74.3348,0.0,0.07,
2024-12-01 15:00:00,302.15634,988.71173,4.607346,76.59332,0.0,0.0,
2024-12-01 16:00:00,301.86905,988.3711,4.7069807,78.35625,0.0,0.0,
2024-12-01 17:00:00,301.56015,987.8228,4.692204,79.90536,0.0,0.0,
2024-12-01 18:00:00,301.25253,987.2308,4.4457135,81.454124,0.0,0.0,
2024-12-01 19:00:00,301.15753,986.7748,5.1234436,80.38689,0.0,0.0,
2024-12-01 20:00:00,300.90073,987.2431,4.5044384,82.329384,0.0,0.0,
2024-12-01 21:00:00,300.6831,988.0494,3.8621309,83.99092,0.0,0.0,
2024-12-01 22:00:00,301.27057,989.442,4.215882,81.62538,0.0,0.0,
2024-12-01 23:00:00,302.61603,990.0082,5.3171673,74.83608,0.0123433415,0.0,
2024-12-02 00:00:00,303.9579,989.9377,5.1246333,68.14211,0.49203634,0.0,
2024-12-02 01:00:00,305.64514,989.3038,4.685434,59.10186,0.0,0.0,
2024-12-02 02:00:00,307.37625,988.4486,4.3370605,51.937286,0.005001202,0.0,
2024-12-02 03:00:00,308.84396,987.1867,4.324759,46.612705,0.0,0.0,
2024-12-02 04:00:00,310.02405,986.3702,4.434764,42.52671,0.0,0.0,
2024-12-02 05:00:00,311.02338,985.48,4.5584,39.623566,0.002115965,0.0,
2024-12-02 06:00:00,311.7107,984.67267,4.665364,37.935265,0.0027418137,0.0,
2024-12-02 07:00:00,311.00912,984.3541,4.231822,38.795437,0.0,0.0,
2024-12-02 08:00:00,311.0606,983.9229,4.4026194,38.877823,0.0,0.0,
2024-12-02 09:00:00,309.6546,984.59985,6.2459607,40.836178,0.0,0.0,
2024-12-02 10:00:00,308.10837,985.69666,6.337547,45.835865,0.026717782,0.0,
2024-12-02 11:00:00,307.29907,986.7717,6.091313,49.106304,0.0,0.0,
2024-12-02 12:00:00,306.55237,987.5439,6.677352,52.46159,0.0,0.0,
2024-12-02 13:00:00,305.31287,988.24097,7.008032,59.316288,0.0,0.0,
2024-12-02 14:00:00,304.074,988.4938,5.995951,66.6917,0.0,0.0,
2024-12-02 15:00:00,303.17487,988.3328,5.817734,71.82732,0.0,0.0,
2024-12-02 16:00:00,302.56183,988.3003,5.2934704,75.402275,0.0,0.0,
2024-12-02 17:00:00,302.10748,988.19,4.4893093,77.780815,0.0,0.0,
2024-12-02 18:00:00,301.73715,987.99304,4.3267016,79.52959,0.0,0.0,
2024-12-02 19:00:00,301.70813,988.22144,3.9574637,79.188866,0.0,0.0,
2024-12-02 20:00:00,301.39948,988.4417,3.573047,80.94242,0.0,0.0,
2024-12-02 21:00:00,301.1338,988.85016,3.2855396,82.52335,0.0,0.0,
2024-12-02 22:00:00,301.67218,989.5652,4.2438602,79.29118,0.0,0.0,
2024-12-02 23:00:00,303.03732,989.89703,4.540613,70.78743,0.0,0.0,
2024-12-03 00:00:00,304.9425,990.0549,4.417355,60.0748,0.054597855,0.0,
2024-12-03 01:00:00,306.90332,989.632,4.1357336,51.539795,0.0,0.0,
2024-12-03 02:00:00,308.73428,989.08716,3.8118541,45.583607,0.0,0.0,
2024-12-03 03:00:00,310.36456,988.13385,3.7562368,40.920467,0.0,0.0,
2024-12-03 04:00:00,311.65906,986.9986,3.6972377,37.25248,0.0,0.0,
2024-12-03 05:00:00,312.4804,986.22437,4.0863566,35.020363,0.0,0.0,
2024-12-03 06:00:00,313.15997,985.16815,4.7168503,33.542553,0.0,0.0,
2024-12-03 07:00:00,312.7047,984.46686,3.2996075,32.310112,0.0,0.0,
2024-12-03 08:00:00,312.64093,984.3228,3.4964738,32.41879,0.0,0.0,
2024-12-03 09:00:00,311.683,984.8842,4.3812075,34.48771,0.0,0.0,
2024-12-03 10:00:00,309.08984,986.7067,6.263273,40.369736,0.060066584,0.0,
2024-12-03 11:00:00,307.50964,987.28394,6.348347,49.18147,0.0,0.0,
2024-12-03 12:00:00,306.19055,988.0517,6.6804986,56.96854,0.0,0.0,
2024-12-03 13:00:00,305.15192,988.3694,6.427635,63.749886,0.0,0.0,
2024-12-03 14:00:00,304.4238,988.85767,5.87535,68.490654,0.0,0.0,
2024-12-03 15:00:00,303.7897,988.90985,5.167258,71.66519,0.0,0.0,
2024-12-03 16:00:00,303.25275,988.6682,5.0175586,73.624954,0.0,0.0,
2024-12-03 17:00:00,302.6841,988.2762,4.9731765,75.59905,0.0,0.0,
2024-12-03 18:00:00,302.1977,987.8947,4.836601,77.01678,0.0,4.06,
2024-12-03 19:00:00,301.3559,988.59906,4.834669,79.024765,0.0,3.0,
2024-12-03 20:00:00,301.04248,989.09235,4.1594005,80.69224,0.0,0.32999998,
2024-12-03 21:00:00,300.85812,989.6982,2.9408042,81.70131,0.0,0.0,
2024-12-03 22:00:00,301.2097,990.7478,2.3658597,79.40283,0.098884106,0.0,
2024-12-03 23:00:00,302.0962,991.16986,2.1972978,73.77196,0.3862083,0.0,
2024-12-04 00:00:00,303.81128,990.79584,2.742389,65.22221,0.6191611,0.0,
2024-12-04 01:00:00,305.5352,990.2572,2.413938,57.410885,0.0,0.0,
2024-12-04 02:00:00,307.27737,989.2272,1.7379601,50.83618,0.0,0.0,
2024-12-04 03:00:00,308.8911,988.225,1.2189757,45.339912,0.0,0.0,
2024-12-04 04:00:00,310.40527,987.24854,1.0131655,40.368305,0.013649464,0.0,
2024-12-04 05:00:00,311.70862,986.3932,1.4317249,35.685726,0.0051371753,0.0,
2024-12-04 06:00:00,312.63275,985.5578,1.8424672,32.043736,0.0,0.0,
2024-12-04 07:00:00,313.00922,984.9175,1.8540883,28.5559,0.015105306,0.0,
2024-12-04 08:00:00,312.9384,984.70935,1.8453197,28.034067,0.0053420663,0.0,
2024-12-04 09:00:00,311.10764,984.86615,3.0938346,31.052801,0.0053942204,0.0,
2024-12-04 10:00:00,310.25024,986.08966,1.6377349,32.421795,0.013783574,0.0,
2024-12-04 11:00:00,310.05338,986.85736,2.4011574,33.165787,0.015810136,0.0,
2024-12-04 12:00:00,308.98083,987.95935,2.7005877,36.186607,0.10345131,0.0,
2024-12-04 13:00:00,308.48663,988.158,3.2631996,38.60882,0.0,0.0,
2024-12-04 14:00:00,307.49335,988.5737,4.122164,44.19079,0.0,0.0,
2024-12-04 15:00:00,306.30273,988.2395,4.1255755,50.718945,0.0,0.0,
2024-12-04 16:00:00,305.52216,988.07477,3.6733108,55.046688,0.0,0.0,
2024-12-04 17:00:00,305.02856,987.61694,3.2980127,57.64261,0.0,0.0,
2024-12-04 18:00:00,304.63416,987.7852,2.5834088,59.497787,0.027371455,0.0,
2024-12-04 19:00:00,304.7597,988.4975,3.8350291,56.65322,0.0,0.0,
2024-12-04 20:00:00,304.17987,988.46655,3.1901298,59.128475,0.0,0.0,
2024-12-04 21:00:00,303.67868,988.7243,2.662258,61.55399,0.0,0.19,
2024-12-04 22:00:00,303.99826,989.4629,3.1793354,61.997944,0.0,0.0,
2024-12-04 23:00:00,305.19034,989.86365,2.9093153,58.445393,0.0,0.0,
2024-12-05 00:00:00,306.77563,989.8315,2.2581477,52.26562,0.20784236,0.0,
2024-12-05 01:00:00,308.4049,989.5965,1.7326955,45.970135,0.0,0.0,
2024-12-05 02:00:00,309.92706,988.9125,0.93307203,40.356003,0.0140648335,0.0,
2024-12-05 03:00:00,311.3664,987.96295,0.42313996,35.52051,0.00596419,0.0,
2024-12-05 04:00:00,312.9565,987.02344,1.4880365,31.689484,0.0,0.01,
2024-12-05 05:00:00,313.96426,986.01404,2.0144618,29.237164,0.0,0.0,
2024-12-05 06:00:00,314.40594,985.1856,2.434007,27.67912,0.0,0.0,
2024-12-05 07:00:00,312.38712,985.8147,3.6148264,32.082287,0.0076964498,0.0,
2024-12-05 08:00:00,312.3648,985.4178,3.4196544,31.376133,0.009402633,0.0,
2024-12-05 09:00:00,311.6997,985.66235,3.2006736,32.03313,0.008538365,0.0,
2024-12-05 10:00:00,311.2135,986.0442,3.152928,31.922874,0.0029832118,0.0,
2024-12-05 11:00:00,310.81387,986.8758,3.22724,33.01048,0.0010579824,0.0,
2024-12-05 12:00:00,310.5442,987.64136,3.421196,33.823948,0.0,0.0,
2024-12-05 13:00:00,309.94733,988.1033,3.6469066,34.988895,0.0,0.0,
2024-12-05 14:00:00,309.33698,988.4963,3.5780938,36.743263,0.0,0.0,
2024-12-05 15:00:00,308.67413,988.312,3.232401,38.436806,0.0,0.0,
2024-12-05 16:00:00,308.02386,987.9936,2.7204502,40.053066,0.0,0.0,
2024-12-05 17:00:00,307.28656,987.6852,3.117625,42.796497,0.0,0.0,
2024-12-05 18:00:00,306.09402,987.52673,4.762664,50.881767,0.0,0.0,
2024-12-05 19:00:00,304.6505,988.2195,2.2074323,50.34826,0.0,0.0,
2024-12-05 20:00:00,304.02338,988.5036,2.1803536,55.484837,0.0,0.0,
2024-12-05 21:00:00,303.49255,989.1614,2.258112,60.983826,0.0,0.0,
2024-12-05 22:00:00,303.8432,989.9489,2.728151,63.61065,0.0,0.0,
2024-12-05 23:00:00,305.15887,990.3297,2.374671,58.295547,0.0,0.24,
2024-12-06 00:00:00,306.77344,990.3067,1.5505832,50.448956,0.05248487,0.0,
2024-12-06 01:00:00,308.2182,989.9431,0.66263914,44.533806,0.0,0.0,
2024-12-06 02:00:00,309.88806,989.302,1.2467914,39.239685,0.0,0.0,
2024-12-06 03:00:00,311.53857,988.3143,1.9288623,34.553032,0.0,0.13,
2024-12-06 04:00:00,312.60446,987.3212,2.092336,31.510357,0.0,0.089999996,
2024-12-06 05:00:00,313.12158,986.3201,2.2350774,30.0967,0.0,0.0,
2024-12-06 06:00:00,313.36496,985.51373,2.4882262,29.113806,0.0,0.35999998,
2024-12-06 07:00:00,307.87933,986.33014,6.6202245,51.21284,2.4651737,0.0,
2024-12-06 08:00:00,308.02463,985.84125,1.0718031,49.226334,0.3559813,0.69,
2024-12-06 09:00:00,305.7291,986.7764,2.8445191,60.081314,1.2229309,0.0,
2024-12-06 10:00:00,303.8622,988.36127,3.6186247,71.37136,4.938528,0.0,
2024-12-06 11:00:00,302.3822,989.6076,2.1546967,79.85196,6.069705,0.90999997,
2024-12-06 12:00:00,301.61566,990.3067,0.5333272,82.81226,4.8135223,3.47,
2024-12-06 13:00:00,301.34576,990.1961,0.87438345,83.54786,2.2478924,4.34,
2024-12-06 14:00:00,301.2131,989.89124,1.5950475,84.118904,0.27812272,4.39,
2024-12-06 15:00:00,301.10455,989.7735,1.3828262,85.13333,0.046864152,0.44,
2024-12-06 16:00:00,301.10153,989.2516,0.4212751,84.355774,0.0072419643,0.0,
2024-12-06 17:00:00,301.11945,988.849,1.1418376,84.40591,0.16744435,0.0,
2024-12-06 18:00:00,300.89597,988.7623,1.002342,84.69807,1.0360125,0.0,
2024-12-06 19:00:00,300.82544,988.92847,2.2038264,85.93799,0.14805235,0.0,
2024-12-06 20:00:00,300.6313,989.0229,2.9306295,86.96721,0.101327896,0.0,
2024-12-06 21:00:00,300.41855,989.6841,3.492699,85.05887,0.2591312,0.0,
2024-12-06 22:00:00,300.36505,989.77594,3.4611442,84.28506,0.02759695,0.45999998,
2024-12-06 23:00:00,300.85526,990.40784,4.1310124,80.93705,0.001758337,0.0,
2024-12-07 00:00:00,301.79465,990.37646,5.2114115,75.45426,24.187286,0.0,
2024-12-07 01:00:00,302.85138,990.33276,5.1857367,70.85649,0.0,0.0,
2024-12-07 02:00:00,303.62863,989.9797,4.8118963,68.8983,0.050039962,0.03,
2024-12-07 03:00:00,304.75897,989.23065,4.91128,66.78379,0.02855435,0.25,
2024-12-07 04:00:00,305.18756,988.46234,4.975033,66.09851,0.035353005,0.0,
2024-12-07 05:00:00,305.70157,987.4936,5.1005983,64.585815,0.00808388,0.25,
2024-12-07 06:00:00,306.015,987.058,5.259514,63.032104,0.009484589,1.0,
2024-12-07 07:00:00,305.1008,986.87854,3.7583702,65.654686,0.15157013,0.0,
2024-12-07 08:00:00,304.12265,986.65295,4.105428,70.52184,0.90771174,0.90999997,
2024-12-07 09:00:00,303.38583,986.9842,3.6224282,72.45025,3.061816,1.76,
2024-12-07 10:00:00,302.67938,988.0666,3.1032207,78.376076,0.0017806888,0.53,
2024-12-07 11:00:00,302.2472,988.80396,3.2567182,81.261375,0.0,0.0,
2024-12-07 12:00:00,302.09433,989.7146,3.3879735,80.968285,0.0,0.0,
2024-12-07 13:00:00,301.74835,989.95197,3.4435954,81.18981,0.0,0.0,
2024-12-07 14:00:00,301.42352,990.2579,3.266808,81.84603,0.0,0.0,
2024-12-07 15:00:00,301.16568,989.93335,2.9558122,82.69821,0.0017136335,0.0,
2024-12-07 16:00:00,300.90515,989.4977,2.5341887,83.870285,0.0,0.0,
2024-12-07 17:00:00,300.8084,989.23846,1.9140606,84.729904,0.0,0.0,
2024-12-07 18:00:00,300.73227,989.1503,1.6898925,85.128784,0.0,0.0,
2024-12-07 19:00:00,300.5818,988.9631,2.1243243,86.031204,0.0023650937,0.02,
2024-12-07 20:00:00,300.40338,989.3525,2.389766,86.668625,0.0013299286,0.29999998,
2024-12-07 21:00:00,300.18903,989.8682,2.6312268,87.378654,0.0,0.0,
2024-12-07 22:00:00,300.7283,991.0018,3.3205118,84.022736,0.0012814999,0.0,
2024-12-07 23:00:00,300.99194,991.5613,3.955367,80.78865,0.12257695,0.0,
2024-12-08 00:00:00,301.74252,991.50366,3.8770273,76.60543,4.4354496,0.0,
2024-12-08 01:00:00,302.60718,991.3077,3.796272,72.833374,0.0,0.0,
2024-12-08 02:00:00,303.67725,990.58734,4.428779,69.180885,0.020602718,0.0,
2024-12-08 03:00:00,304.82388,989.605,4.153937,66.882034,0.006005168,0.0,
2024-12-08 04:00:00,306.0088,988.5745,3.618883,64.19268,0.0026002526,0.84999996,
2024-12-08 05:00:00,306.5846,987.4228,3.480236,62.98063,0.06562099,0.32,
2024-12-08 06:00:00,306.12366,986.7882,3.6191697,63.364037,0.29343367,0.23,
2024-12-08 07:00:00,308.0026,986.229,6.142575,51.029976,0.02271682,0.0,
2024-12-08 08:00:00,307.31158,986.04565,6.244939,50.032158,0.3459081,0.0,
2024-12-08 09:00:00,305.83893,986.69415,4.988175,58.079773,0.0,0.0,
2024-12-08 10:00:00,304.66516,987.4773,3.836517,64.624664,0.0,0.0,
2024-12-08 11:00:00,303.68677,988.6782,3.5692356,69.7756,0.0,6.58,
2024-12-08 12:00:00,303.20377,989.53,3.5337987,72.712425,0.00552088,3.04,
2024-12-08 13:00:00,302.63977,989.84033,3.4799163,75.31825,0.0,0.0,
2024-12-08 14:00:00,302.03497,989.9939,2.967537,78.99624,0.0,0.0,
2024-12-08 15:00:00,301.37775,989.78845,1.9239596,84.06447,0.0,0.0,
2024-12-08 16:00:00,301.29913,989.5287,0.470363,84.01228,0.0,0.0,
2024-12-08 17:00:00,300.68048,989.0945,0.83909494,90.87849,0.0,0.0,
2024-12-08 18:00:00,300.50922,988.4208,1.4236065,89.69695,0.0,0.0,
2024-12-08 19:00:00,299.90573,988.8153,1.695793,86.995,0.0,0.0,
2024-12-08 20:00:00,299.62958,989.2573,1.9407188,87.87095,0.0,0.0,
2024-12-08 21:00:00,299.4115,989.8572,2.2678273,88.24034,0.0,0.0,
2024-12-08 22:00:00,300.08337,990.4557,2.8208466,84.74412,0.0,0.0,
2024-12-08 23:00:00,301.2914,990.75134,3.8345585,78.43136,0.0,0.0,
2024-12-09 00:00:00,302.6303,990.98376,4.3148565,73.407845,0.7748455,0.0,
2024-12-09 01:00:00,303.95416,990.5862,4.7508297,68.13901,0.0,0.0,
2024-12-09 02:00:00,305.31125,990.2103,4.8097897,62.767376,0.0,0.0,
2024-12-09 03:00:00,306.58066,989.21704,4.740484,57.706314,0.0029802322,0.0,
2024-12-09 04:00:00,307.50256,988.28,4.848661,54.386604,0.0,0.0,
2024-12-09 05:00:00,307.9958,987.23944,4.8499823,52.40754,0.0,0.0,
2024-12-09 06:00:00,308.59216,986.47595,4.8163934,51.124527,0.0,0.0,
2024-12-09 07:00:00,309.3578,985.38116,4.488275,44.431652,0.0,0.0,
2024-12-09 08:00:00,309.35742,985.5517,4.052042,43.206863,0.0,0.0,
2024-12-09 09:00:00,308.36475,986.14154,3.4834979,47.487076,0.0,0.0,
2024-12-09 10:00:00,306.33356,987.3072,3.7252553,57.240463,0.0,0.0,
2024-12-09 11:00:00,304.86523,987.88983,3.8017206,63.330605,0.0,0.0,
2024-12-09 12:00:00,304.07697,988.253,3.284931,67.51456,0.0,0.0,
2024-12-09 13:00:00,303.4654,988.8056,2.848421,71.46086,0.0,0.0,
2024-12-09 14:00:00,302.74194,989.28,2.4653113,75.69575,0.0017166135,0.0,
2024-12-09 15:00:00,302.23083,989.13257,2.2222152,78.868744,0.0,0.0,
2024-12-09 16:00:00,301.52386,988.98236,1.5420616,84.52892,0.0,0.0,
2024-12-09 17:00:00,301.794,988.99414,0.3969865,80.41847,0.0,0.0,
2024-12-09 18:00:00,301.267,988.78375,0.8191065,86.061356,0.017801244,0.0,
2024-12-09 19:00:00,300.58282,988.6814,1.4109718,87.299644,0.0,0.0,
2024-12-09 20:00:00,300.26178,989.187,1.6608198,89.76767,0.0,0.0,
2024-12-09 21:00:00,300.0768,989.7528,1.5152404,91.26795,0.0,0.0,
2024-12-09 22:00:00,300.9328,990.2341,1.600479,86.3155,0.0,0.0,
2024-12-09 23:00:00,302.5265,990.4543,1.9156072,77.08627,0.0,0.0,
2024-12-10 00:00:00,304.04092,990.4364,2.5285897,69.72702,0.022496443,0.0,
2024-12-10 01:00:00,305.64484,990.03375,3.1167197,63.21882,0.0,0.0,
2024-12-10 02:00:00,307.161,989.7608,3.8113282,56.505276,0.00984408,0.0,
2024-12-10 03:00:00,308.46985,988.74536,4.075273,51.738922,0.0,0.0,
2024-12-10 04:00:00,309.54166,987.8817,4.017952,47.497353,0.0,0.0,
2024-12-10 05:00:00,310.52405,987.15955,3.682213,43.68704,0.0,0.0,
2024-12-10 06:00:00,310.96713,986.3932,3.2995877,40.88048,0.0,0.0,
2024-12-10 07:00:00,311.13,985.3851,3.9658945,39.43355,0.0,0.45,
2024-12-10 08:00:00,309.7451,986.1197,5.96822,41.91834,0.34423918,0.62,
2024-12-10 09:00:00,303.60223,987.7442,6.976326,70.01954,1.0919943,0.42999998,
2024-12-10 10:00:00,303.40698,988.48315,3.5519223,71.58202,0.054448843,0.0,
2024-12-10 11:00:00,302.76703,988.5595,3.8269155,77.37129,0.0,0.0,
2024-12-10 12:00:00,302.11786,989.40625,3.2424378,82.56316,0.0,0.0,
2024-12-10 13:00:00,301.71103,989.8191,2.359492,85.55948,0.0,0.0,
2024-12-10 14:00:00,301.43637,990.5105,2.351961,87.53703,0.0,0.0,
2024-12-10 15:00:00,301.10742,990.0761,2.460643,89.170074,0.0,0.0,
2024-12-10 16:00:00,300.8421,989.8995,2.3246,90.0305,0.0,0.0,
2024-12-10 17:00:00,300.6803,989.84955,1.87824,90.700775,0.0,0.0,
2024-12-10 18:00:00,300.46832,989.33734,1.837821,91.70393,0.0,0.0,
2024-12-10 19:00:00,300.18958,989.4826,2.8832183,93.88455,0.023931265,0.0,
2024-12-10 20:00:00,300.0587,989.71625,3.126111,93.152016,0.017437385,0.0,
2024-12-10 21:00:00,300.0594,990.35443,2.7397637,92.13166,0.021189451,0.0,
2024-12-10 22:00:00,300.63892,991.28845,2.5879643,88.13805,0.0018626451,0.0,
2024-12-10 23:00:00,301.8218,991.68506,2.2704358,81.84151,0.0027567148,0.0,
2024-12-11 00:00:00,303.04126,991.6153,1.6328152,75.57811,1.6247064,0.0,
2024-12-11 01:00:00,304.37924,991.2374,0.4219611,68.355545,0.0,0.0,
2024-12-11 02:00:00,305.69614,990.5852,1.2543628,61.685528,0.04711747,0.0,
2024-12-11 03:00:00,307.12112,989.83344,2.2134852,54.591743,0.005982816,0.0,
2024-12-11 04:00:00,308.3539,988.8953,2.4529521,48.25899,0.0,0.0,
2024-12-11 05:00:00,309.29257,987.93506,2.0659716,43.076607,0.0,0.0,
2024-12-11 06:00:00,309.84546,986.7804,1.5474566,39.962944,0.0,0.0,
2024-12-11 07:00:00,310.9996,985.8072,1.8049942,34.779217,0.0,0.0,
2024-12-11 08:00:00,311.05188,985.2728,0.86588615,32.550545,0.0,0.0,
2024-12-11 09:00:00,310.94464,985.1694,2.3083327,32.919277,0.0,0.0,
2024-12-11 10:00:00,308.812,985.65576,3.9254005,42.984478,0.0,0.0,
2024-12-11 11:00:00,306.86523,986.865,4.1238666,51.804424,0.0,0.0,
2024-12-11 12:00:00,305.83432,987.64703,4.2970934,56.920288,0.0,0.0,
2024-12-11 13:00:00,304.7869,989.09143,5.404687,62.016453,0.0,0.0,
2024-12-11 14:00:00,303.13312,990.0226,5.7934947,71.70861,0.041902065,0.0,
2024-12-11 15:00:00,301.98788,989.81305,4.971068,78.93925,0.0,0.0,
2024-12-11 16:00:00,301.40796,989.66064,4.235008,82.11869,0.07660687,0.0,
2024-12-11 17:00:00,300.56418,989.5943,3.3943818,84.3713,1.395598,0.0,
2024-12-11 18:00:00,299.794,989.1906,3.177535,87.787346,1.6613156,0.0,
2024-12-11 19:00:00,300.44757,988.87976,4.1416526,85.274216,0.017404556,0.0,
2024-12-11 20:00:00,300.23322,988.6266,4.1027703,86.87042,0.0053346157,0.0,
2024-12-11 21:00:00,300.07486,989.20404,3.934023,88.08674,0.0021457672,0.0,
2024-12-11 22:00:00,300.51343,989.6958,3.9143336,85.55553,0.0,0.0,
2024-12-11 23:00:00,301.62323,990.1236,3.6494591,78.99513,0.0,0.0,
2024-12-12 00:00:00,303.07193,990.2542,3.320646,71.480675,3.3771098,0.0,
2024-12-12 01:00:00,304.5525,990.1736,2.5469723,64.29582,0.0,0.0,
2024-12-12 02:00:00,305.4951,989.62726,1.8082668,60.814358,0.067012385,0.0,
2024-12-12 03:00:00,306.3856,989.02484,1.5820975,57.829876,0.015486032,0.0,
2024-12-12 04:00:00,307.17963,988.2123,1.7085633,55.02489,0.003669411,0.0,
2024-12-12 05:00:00,307.97302,987.1964,1.8001232,51.966156,0.0,0.0,
2024-12-12 06:00:00,308.50168,986.2967,1.9506595,49.20734,0.0,0.0,
2024-12-12 07:00:00,308.89865,985.3434,2.1555216,44.01908,0.0,0.0,
2024-12-12 08:00:00,308.8216,984.6838,2.483897,43.646736,0.0,0.0,
2024-12-12 09:00:00,308.5354,985.09717,3.6897962,44.58509,0.0,0.0,
2024-12-12 10:00:00,307.79532,986.4839,3.2465506,48.48186,0.0,0.21,
2024-12-12 11:00:00,306.64206,987.18414,3.0996783,54.649937,0.016510487,2.75,
2024-12-12 12:00:00,304.46918,989.00635,1.501364,64.924576,0.2412498,5.35,
2024-12-12 13:00:00,302.49997,989.99194,3.8975441,73.859856,2.4116488,8.24,
2024-12-12 14:00:00,301.39288,990.4822,2.728496,77.55494,1.5473393,8.639999,
2024-12-12 15:00:00,301.1478,989.9931,2.5208337,77.70428,0.83589554,6.56,
2024-12-12 16:00:00,300.80548,989.4687,2.6882684,79.568565,0.29593706,6.5199995,
2024-12-12 17:00:00,300.3935,989.0097,2.7586865,82.60329,0.47802925,4.84,
2024-12-12 18:00:00,299.94702,988.3906,3.318776,85.147285,0.511277,2.5099998,
2024-12-12 19:00:00,300.92468,988.5817,1.792732,78.72318,0.007228926,1.3699999,
2024-12-12 20:00:00,300.6942,988.6433,1.4307326,80.976,0.0,0.31,
2024-12-12 21:00:00,300.51633,989.17914,1.2219875,83.131096,0.0,0.0,
2024-12-12 22:00:00,301.1943,989.8264,1.3240573,76.332016,0.0,0.0,
2024-12-12 23:00:00,302.4052,990.46063,2.1634007,68.976006,0.0,0.0,
2024-12-13 00:00:00,303.9173,990.4197,3.4382164,60.942345,6.4370737,0.0,
2024-12-13 01:00:00,305.08344,989.92377,3.3459346,55.543465,0.0,0.0,
2024-12-13 02:00:00,306.2412,989.4322,2.5663726,51.71907,0.0,0.0,
2024-12-13 03:00:00,307.14896,988.47687,1.8053586,48.975674,0.0,0.0,
2024-12-13 04:00:00,307.99005,987.8619,1.2274914,46.268723,0.0,0.0,
2024-12-13 05:00:00,308.7707,986.61237,0.88730866,44.091778,0.0,0.0,
2024-12-13 06:00:00,309.18295,985.674,1.1505775,42.59747,0.0,0.0,
2024-12-13 07:00:00,309.1439,985.0433,2.0146587,42.987175,0.0,0.0,
2024-12-13 08:00:00,309.08243,984.6138,2.4703116,42.601524,0.0,0.0,
2024-12-13 09:00:00,308.88553,985.1714,2.5003362,42.31629,0.0,0.0,
2024-12-13 10:00:00,307.67853,986.22046,1.2957243,45.170803,0.0032931566,0.0,
2024-12-13 11:00:00,304.29932,988.0111,2.0877006,59.270935,0.7249266,0.0,
2024-12-13 12:00:00,302.92215,988.89514,3.9005811,66.11729,0.38544834,0.0,
2024-12-13 13:00:00,302.19788,989.5714,3.9477115,71.171135,0.10274351,0.0,
2024-12-13 14:00:00,301.61868,990.1867,3.3746326,75.768295,0.7816106,0.0,
2024-12-13 15:00:00,300.9599,989.9306,4.0209355,80.18862,1.6571283,0.0,
2024-12-13 16:00:00,300.01483,989.53015,4.757398,85.421104,1.2648255,0.0,
2024-12-13 17:00:00,299.47394,988.8753,4.3950996,87.314995,0.45832992,0.0,
2024-12-13 18:00:00,299.43286,988.40796,3.8687115,87.19413,0.15297532,0.0,
2024-12-13 19:00:00,300.79022,989.0025,3.1193454,83.30651,0.46920776,0.0,
2024-12-13 20:00:00,300.48514,989.09686,3.1102977,84.69338,0.10257959,0.0,
2024-12-13 21:00:00,300.20517,989.84656,2.9768274,85.97387,0.03874302,0.0,
2024-12-13 22:00:00,300.30322,990.5645,2.4688635,85.12463,0.0038444996,0.0,
2024-12-13 23:00:00,300.9215,990.969,1.8250986,81.35159,0.0,0.0,
2024-12-14 00:00:00,302.29584,991.16156,1.9883345,73.76033,6.1460733,0.0,
2024-12-14 01:00:00,303.91653,990.99524,2.0079763,66.681305,0.0,0.0,
2024-12-14 02:00:00,305.14963,990.59406,2.4254165,60.866184,0.0,0.0,
2024-12-14 03:00:00,306.0606,989.97076,2.6268053,57.03266,0.0021383166,0.099999994,
2024-12-14 04:00:00,306.89728,989.0471,2.5810835,54.515995,0.0,0.14,
2024-12-14 05:00:00,307.8386,988.2358,2.6923268,52.48234,0.0,0.0,
2024-12-14 06:00:00,308.34378,987.3898,2.8809578,51.269978,0.0,0.0,
2024-12-14 07:00:00,308.41663,986.42267,2.2418172,49.677418,0.0033080578,0.0,
2024-12-14 08:00:00,307.84402,986.045,2.7225378,51.293137,0.027403235,0.21,
2024-12-14 09:00:00,306.35443,986.8092,3.1512806,57.459007,0.53299963,0.39999998,
2024-12-14 10:00:00,305.20126,987.8178,2.472833,63.244133,0.7636398,0.98,
2024-12-14 11:00:00,304.35135,988.3858,1.8449225,67.70446,0.8685589,3.01,
2024-12-14 12:00:00,303.6372,989.15515,3.1865287,72.1354,0.0756681,3.6399999,
2024-12-14 13:00:00,302.77625,989.7289,4.239832,76.25724,0.0,3.52,
2024-12-14 14:00:00,302.07892,990.18463,4.551513,79.36008,0.0025629997,2.84,
2024-12-14 15:00:00,301.78925,989.59674,4.2304015,79.71647,0.0,1.68,
2024-12-14 16:00:00,301.69034,989.437,4.159587,79.41912,0.0,0.0,
2024-12-14 17:00:00,301.53387,989.3236,4.1240416,79.408875,0.0,0.0,
2024-12-14 18:00:00,301.35452,988.8285,3.8764145,79.34983,0.0038444996,0.17999999,
2024-12-14 19:00:00,300.6974,989.52124,2.7490969,80.166794,1.2027025,0.37,
2024-12-14 20:00:00,300.46368,989.302,2.7727435,80.015335,1.0210574,0.53999996,
2024-12-14 21:00:00,300.23694,989.546,3.1553366,81.599495,0.5662739,0.53999996,
2024-12-14 22:00:00,300.4626,990.1703,3.4434128,81.33229,0.10997057,0.37,
2024-12-14 23:00:00,301.62854,990.517,4.0220175,76.53631,0.0,0.0,
2024-12-15 00:00:00,302.96295,990.53076,4.367703,71.631744,5.186743,0.0,
2024-12-15 01:00:00,304.40668,990.3638,4.4335356,66.16615,0.0,0.0,
2024-12-15 02:00:00,305.91968,990.1973,4.2829995,59.9916,0.0010728836,0.0,
2024-12-15 03:00:00,306.63757,989.8979,4.1229615,57.130177,0.010736287,0.0,
2024-12-15 04:00:00,307.48248,989.1161,3.919934,54.74562,0.008314848,0.0,
2024-12-15 05:00:00,308.14612,988.3818,3.6571481,51.6599,0.0,0.0,
2024-12-15 06:00:00,308.57947,987.7355,3.4119573,49.099823,0.0,0.0,
2024-12-15 07:00:00,307.84348,987.33203,1.2610904,50.713085,0.0,0.0,
2024-12-15 08:00:00,308.05444,986.6778,1.1799822,49.266327,0.0,0.21,
2024-12-15 09:00:00,307.8042,987.1054,1.2779658,49.58374,0.0,1.78,
2024-12-15 10:00:00,307.3568,987.6967,1.5663689,51.75925,0.0,3.76,
2024-12-15 11:00:00,306.3069,988.212,1.9075576,59.927494,0.0,3.61,
2024-12-15 12:00:00,305.28064,988.7951,2.4909282,65.844635,0.0,0.32999998,
2024-12-15 13:00:00,304.4552,989.29626,3.378931,68.515114,0.0,0.0,
2024-12-15 14:00:00,303.724,989.58093,3.8103516,71.53817,0.0,0.0,
2024-12-15 15:00:00,303.08386,989.3714,4.138573,74.25416,0.0,0.0,
2024-12-15 16:00:00,302.678,988.9341,4.7689543,74.72077,0.0,0.0,
2024-12-15 17:00:00,302.34933,988.52423,5.2068257,72.49592,0.0,0.0,
2024-12-15 18:00:00,301.92004,988.15826,4.885017,71.6272,0.0,0.0,
2024-12-15 19:00:00,301.40082,988.9916,3.6683478,75.0203,0.0,0.0,
2024-12-15 20:00:00,301.03564,989.04297,3.2879376,76.64032,0.0,0.0,
2024-12-15 21:00:00,300.76288,989.5009,2.8012817,79.0621,0.0,0.0,
2024-12-15 22:00:00,301.16116,990.3847,2.9054585,77.95447,0.0,0.0,
2024-12-15 23:00:00,302.3928,991.14844,3.273826,71.80026,0.0,0.0,
2024-12-16 00:00:00,303.72583,991.3497,3.3588576,65.159164,0.02014637,0.0,
2024-12-16 01:00:00,305.29895,991.1548,3.6241107,58.18,0.0,0.0,
2024-12-16 02:00:00,307.0155,990.52466,3.8380873,51.73347,0.0,0.0,
2024-12-16 03:00:00,308.48102,989.5447,3.957313,46.806908,0.0,0.0,
2024-12-16 04:00:00,309.67218,988.65765,3.930615,41.861786,0.0,0.0,
2024-12-16 05:00:00,310.25458,987.70935,3.5137284,38.37166,0.0,0.0,
2024-12-16 06:00:00,310.52582,987.1345,3.1216195,36.16885,0.0017210841,0.0,
2024-12-16 07:00:00,311.11398,986.46533,2.7076364,34.230797,0.010125339,0.0,
2024-12-16 08:00:00,310.82928,986.04193,3.477099,34.94187,0.0014901161,0.17,
2024-12-16 09:00:00,310.26218,986.622,3.839762,35.865906,0.0,0.0,
2024-12-16 10:00:00,309.2929,987.5058,3.9304175,39.344814,0.0,0.24,
2024-12-16 11:00:00,308.0008,988.33307,0.9526892,43.948246,0.0,0.17999999,
2024-12-16 12:00:00,306.9574,988.9853,1.7607878,49.35647,0.0,0.64,
2024-12-16 13:00:00,305.78113,989.557,2.8070776,52.0206,0.14929473,1.01,
2024-12-16 14:00:00,304.8943,990.04614,3.101922,56.158577,0.096672766,0.22,
2024-12-16 15:00:00,304.33093,989.64264,2.7567546,58.655487,0.17946959,0.31,
2024-12-16 16:00:00,303.8706,989.28827,2.5525458,60.690342,0.041380525,0.0,
2024-12-16 17:00:00,303.4219,988.8928,1.7432532,63.318855,0.011071592,1.4499999,
2024-12-16 18:00:00,302.9444,988.5619,1.984069,65.96864,0.027105212,2.51,
2024-12-16 19:00:00,300.93207,990.07263,3.1304805,66.91789,0.14546514,3.08,
2024-12-16 20:00:00,300.62637,990.1772,3.2606206,69.114716,0.09132922,2.57,
2024-12-16 21:00:00,300.63748,990.6902,3.5069997,69.754776,0.068962574,1.26,
2024-12-16 22:00:00,300.8839,991.0694,3.6926243,69.43375,0.0,0.96999997,
2024-12-16 23:00:00,301.528,991.5885,3.536658,67.00777,0.0,1.28,
2024-12-17 00:00:00,302.094,991.6653,3.1291,64.49496,0.8245498,0.88,
2024-12-17 01:00:00,303.13116,991.48065,3.1296728,60.51991,0.0,0.76,
2024-12-17 02:00:00,304.06674,991.10297,3.3112814,57.58601,0.001706183,0.0,
2024-12-17 03:00:00,305.96863,990.3025,3.7323503,52.09855,0.021595508,0.0,
2024-12-17 04:00:00,307.19446,989.4685,4.335525,47.89833,0.0,0.0,
2024-12-17 05:00:00,307.2807,988.7727,4.5046363,46.493237,0.0,0.0,
2024-12-17 06:00:00,307.47638,988.1658,4.4037476,45.017227,0.0,0.0,
2024-12-17 07:00:00,307.02094,987.7989,4.159612,46.542515,0.02041459,0.0,
2024-12-17 08:00:00,306.15692,987.74115,3.423418,49.854538,0.13628602,0.0,
2024-12-17 09:00:00,306.35065,987.46234,3.2017183,49.38945,0.0,0.0,
2024-12-17 10:00:00,305.96744,987.9406,2.5967872,51.10902,0.0,0.07,
2024-12-17 11:00:00,305.50873,988.59424,2.0150933,53.44589,0.0,0.0,
2024-12-17 12:00:00,305.01135,989.29236,1.4689268,56.79548,0.0066310167,0.0,
2024-12-17 13:00:00,304.39035,989.72925,1.097543,63.685234,0.0,0.0,
2024-12-17 14:00:00,304.02997,990.0614,1.266807,63.43742,0.06690918,0.0,
2024-12-17 15:00:00,303.53424,989.6909,0.6295496,68.116295,0.02208352,0.78999996,
2024-12-17 16:00:00,302.73087,989.0771,0.7083403,73.88774,0.08586049,1.71,
2024-12-17 17:00:00,302.59515,988.4872,1.713385,69.91676,0.0,1.74,
2024-12-17 18:00:00,302.24255,988.3786,1.6845154,72.438576,0.25904477,0.39,
2024-12-17 19:00:00,301.96582,988.63275,2.710502,71.29317,0.0,0.0,
2024-12-17 20:00:00,301.8145,988.7864,3.0227535,71.82901,0.0,0.48999998,
2024-12-17 21:00:00,301.63867,989.3077,3.0231767,71.80889,0.0,0.0,
2024-12-17 22:00:00,301.82404,989.92444,2.5324361,70.09678,0.0,0.0,
2024-12-17 23:00:00,302.8285,990.4021,2.1624136,63.73875,0.0,0.0,
2024-12-18 00:00:00,304.51538,990.03296,2.092866,55.9352,0.62053937,0.0,
2024-12-18 01:00:00,306.55566,989.48,2.0298102,47.325523,0.0,0.0,
2024-12-18 02:00:00,308.38626,988.645,2.2270691,40.77508,0.0,0.0,
2024-12-18 03:00:00,309.90817,987.7955,2.0023518,36.05181,0.0,0.0,
2024-12-18 04:00:00,311.08585,986.83405,1.7783482,32.92134,0.003889203,0.0,
2024-12-18 05:00:00,311.91257,985.8041,2.0252576,30.859705,0.012472272,0.39,
2024-12-18 06:00:00,312.39075,984.8636,1.9594041,29.495651,0.012241304,0.0,
2024-12-18 07:00:00,310.40662,985.6331,2.882012,34.719288,0.0012665987,0.0,
2024-12-18 08:00:00,309.19348,984.9255,3.0396492,37.563507,0.2521053,0.14,
2024-12-18 09:00:00,308.97775,985.0811,2.8339489,39.342476,0.0,0.0,
2024-12-18 10:00:00,308.31754,985.2034,2.8083818,42.03597,0.0,0.0,
2024-12-18 11:00:00,307.44415,985.9217,3.476925,46.97203,0.0,0.0,
2024-12-18 12:00:00,306.49695,986.22284,3.616281,52.970844,0.0,0.0,
2024-12-18 13:00:00,305.6217,987.2291,3.487887,58.262127,0.0,1.78,
2024-12-18 14:00:00,305.0208,987.24884,3.0497417,60.959972,0.0,5.1,
2024-12-18 15:00:00,304.60944,987.33734,2.5291002,61.9693,0.0,9.78,
2024-12-18 16:00:00,304.19373,986.8364,2.4877396,62.843746,0.0,2.9699998,
2024-12-18 17:00:00,303.76575,986.72955,1.8343403,64.63996,0.0,3.1,
2024-12-18 18:00:00,303.30405,986.2195,1.7327871,66.74239,0.0018626451,0.31,
2024-12-18 19:00:00,301.86932,986.8497,2.657892,75.520966,0.054091215,0.0,
2024-12-18 20:00:00,301.5504,987.2852,2.3619447,77.639755,0.0,0.0,
2024-12-18 21:00:00,301.2683,987.76544,2.3839839,79.45472,0.0,0.0,
2024-12-18 22:00:00,301.5846,988.7014,2.479533,77.97047,0.0,0.0,
2024-12-18 23:00:00,303.36737,989.04156,2.6322381,65.96825,0.0,0.0,
2024-12-19 00:00:00,305.2638,988.99854,2.458835,53.12859,0.3392094,0.0,
2024-12-19 01:00:00,307.58832,988.8565,2.3540034,41.452137,0.0,0.0,
2024-12-19 02:00:00,309.76462,988.07623,2.441924,33.367664,0.0,0.0,
2024-12-19 03:00:00,311.6499,987.14703,2.302139,28.027271,0.0,0.0,
2024-12-19 04:00:00,313.34546,986.1626,2.4430006,23.953524,0.0,0.0,
2024-12-19 05:00:00,314.59796,985.11237,2.4814067,21.452171,0.0,0.0,
2024-12-19 06:00:00,315.5048,984.05884,2.5193803,20.037632,0.0,0.0,
2024-12-19 07:00:00,315.02902,983.5492,2.7128384,22.602291,0.0,0.0,
2024-12-19 08:00:00,315.187,983.3078,3.1383533,21.791346,0.0,0.0,
2024-12-19 09:00:00,315.052,983.3172,3.8118303,21.270626,0.0,0.0,
2024-12-19 10:00:00,313.74695,984.7777,4.508352,21.615108,0.07490814,0.0,
2024-12-19 11:00:00,311.08826,985.74255,1.4133159,26.038074,0.67929924,0.0,
2024-12-19 12:00:00,309.3927,986.1476,4.9378843,33.524292,0.0,0.0,
2024-12-19 13:00:00,307.33563,986.54565,5.2402353,44.80094,0.0,0.0,
2024-12-19 14:00:00,306.54404,986.822,3.681736,49.010994,0.0,0.0,
2024-12-19 15:00:00,306.20474,986.62195,4.1197014,50.645054,0.0068098307,0.22,
2024-12-19 16:00:00,305.7386,986.269,3.6266053,52.593464,0.0,0.21,
2024-12-19 17:00:00,305.07977,986.048,2.9896507,55.302475,0.0,0.0,
2024-12-19 18:00:00,304.1112,985.8708,3.4621122,59.174,0.0,0.0,
2024-12-19 19:00:00,303.02173,986.5732,4.018972,60.748608,0.0,0.0,
2024-12-19 20:00:00,302.13855,986.7402,4.239143,68.48236,0.0,0.0,
2024-12-19 21:00:00,301.6739,987.37164,3.9362583,73.716736,0.0,0.0,
2024-12-19 22:00:00,302.08667,988.21484,3.9137902,74.10515,0.0,0.0,
2024-12-19 23:00:00,303.92078,988.78516,4.235094,67.65742,0.0,0.0,
2024-12-20 00:00:00,306.4062,988.5005,4.2125735,55.237587,0.76376796,0.0,
2024-12-20 01:00:00,308.8171,988.1755,3.8979156,44.865986,0.0,0.0,
2024-12-20 02:00:00,311.0879,987.54224,3.45011,35.53297,0.0,0.0,
2024-12-20 03:00:00,312.84464,986.6295,2.4883182,27.72426,0.0047646463,0.0,
2024-12-20 04:00:00,314.2021,985.7875,2.368575,21.886019,0.0030063093,0.0,
2024-12-20 05:00:00,315.03174,985.1742,2.5651948,17.46501,0.0,0.22999999,
2024-12-20 06:00:00,315.28253,984.42236,2.547384,15.406519,0.0,1.31,
2024-12-20 07:00:00,313.8991,984.96216,2.0179415,20.115343,0.0,3.1399999,
2024-12-20 08:00:00,313.7822,984.35034,1.1901165,18.472034,0.001206994,3.7099998,
2024-12-20 09:00:00,313.2162,984.4425,3.7641006,21.247128,0.0,1.55,
2024-12-20 10:00:00,310.81198,984.947,5.839953,32.813816,0.0,0.0,
2024-12-20 11:00:00,308.35437,985.3575,5.6758027,43.518894,0.0,0.0,
2024-12-20 12:00:00,307.18298,985.91174,4.7815337,46.390842,0.0,0.0,
2024-12-20 13:00:00,306.6906,986.3786,4.348397,46.751602,0.0,0.0,
2024-12-20 14:00:00,306.25906,986.6097,4.370968,46.113483,0.0,0.0,
2024-12-20 15:00:00,305.80206,986.46075,4.1340523,44.93563,0.0,0.0,
2024-12-20 16:00:00,304.9596,985.8554,3.7756007,45.274418,0.0,0.0,
2024-12-20 17:00:00,304.13257,985.64734,3.5826254,46.852417,0.0,0.0,
2024-12-20 18:00:00,303.19977,985.4947,3.5538697,50.13712,0.0,0.0,
2024-12-20 19:00:00,301.5371,986.6166,2.564381,61.55125,0.0,0.0,
2024-12-20 20:00:00,300.62262,986.93005,2.394866,65.70986,0.0,0.0,
2024-12-20 21:00:00,299.877,987.53217,2.3818192,68.84526,0.0,0.0,
2024-12-20 22:00:00,300.5386,988.122,2.1888976,64.38908,0.0,0.0,
2024-12-20 23:00:00,303.72604,988.3176,2.460332,41.791695,0.0,0.0,
2024-12-21 00:00:00,306.4944,988.34,1.9509001,27.022957,0.009909272,0.0,
2024-12-21 01:00:00,309.27277,988.0513,1.394029,18.025948,0.0,0.0,
2024-12-21 02:00:00,312.0595,987.40875,1.5992155,12.491158,0.0,0.0,
2024-12-21 03:00:00,314.5899,986.4353,2.06537,9.14783,0.0,0.0,
2024-12-21 04:00:00,316.23804,985.56177,1.9365774,7.1910686,0.0,0.0,
2024-12-21 05:00:00,317.05365,984.6192,1.4774413,6.501836,0.0,0.0,
2024-12-21 06:00:00,317.56134,983.8337,1.57207,6.0445404,0.0,0.0,
2024-12-21 07:00:00,317.5867,983.3209,1.8865693,6.8511953,0.0,0.0,
2024-12-21 08:00:00,317.575,983.1344,2.28303,6.715542,0.0,0.0,
2024-12-21 09:00:00,317.26254,983.25696,2.7576437,6.7120037,0.0,0.0,
2024-12-21 10:00:00,316.24274,983.92896,2.6116927,7.108581,0.0,0.0,
2024-12-21 11:00:00,314.26636,984.6142,2.5896425,8.243783,0.0,0.0,
2024-12-21 12:00:00,312.4433,985.0464,2.7428854,9.468834,0.0,0.0,
2024-12-21 13:00:00,310.67117,985.52985,2.9544187,10.441385,0.0,0.0,
2024-12-21 14:00:00,309.16843,986.0822,3.8547478,11.362381,0.0,0.0,
2024-12-21 15:00:00,307.8743,985.9855,4.282154,12.3590555,0.0,0.0,
2024-12-21 16:00:00,306.8574,985.84454,3.8847682,13.346428,0.0,0.0,
2024-12-21 17:00:00,305.27673,985.9533,1.5532885,17.236782,0.0,0.0,
2024-12-21 18:00:00,304.18726,986.4479,3.247206,20.317463,0.0,0.0,
2024-12-21 19:00:00,302.242,987.7559,4.162351,45.286816,0.0,0.0,
2024-12-21 20:00:00,301.34998,987.97943,3.9867709,63.126827,0.0,0.0,
2024-12-21 21:00:00,300.73004,988.59143,3.0486493,74.8729,0.0,0.0,
2024-12-21 22:00:00,301.27396,989.4327,3.0536313,80.10793,0.0,0.0,
2024-12-21 23:00:00,303.56766,989.6503,3.6968837,68.6598,0.0,0.0,
2024-12-22 00:00:00,306.21295,989.2441,3.2339718,51.331127,0.0,0.0,
2024-12-22 01:00:00,308.71234,988.8705,2.4457405,39.98236,0.0,0.0,
2024-12-22 02:00:00,311.08612,988.28296,1.7584581,31.283924,0.0,0.0,
2024-12-22 03:00:00,313.22922,987.22174,1.1841974,23.597536,0.0,0.0,
2024-12-22 04:00:00,314.81628,986.49744,0.50339395,17.786694,0.0,0.0,
2024-12-22 05:00:00,315.4894,985.4495,0.6055304,14.405574,0.0,0.0,
2024-12-22 06:00:00,316.01627,984.80273,0.8899016,12.810048,0.0,0.0,
2024-12-22 07:00:00,314.5651,984.61523,0.10284978,19.08554,0.0,0.0,
2024-12-22 08:00:00,314.65656,984.1372,0.85136324,18.694817,0.003005564,0.0,
2024-12-22 09:00:00,314.1441,984.0921,0.6066324,18.955868,0.0,0.0,
2024-12-22 10:00:00,313.75873,985.52344,2.6520932,18.669773,0.0,0.0,
2024-12-22 11:00:00,312.07837,985.7802,3.279593,21.437208,0.0,0.12,
2024-12-22 12:00:00,311.34106,986.223,3.0656834,23.202059,0.0,0.0,
2024-12-22 13:00:00,310.40656,986.53455,3.185196,24.988482,0.0,0.0,
2024-12-22 14:00:00,309.6032,987.1362,3.9638598,26.497013,0.0,0.0,
2024-12-22 15:00:00,308.43256,986.87134,5.4844446,30.384293,0.0,0.0,
2024-12-22 16:00:00,306.75964,986.90857,5.0669103,40.719837,0.0,0.0,
2024-12-22 17:00:00,305.5785,986.8181,3.562273,50.613308,0.0,0.0,
2024-12-22 18:00:00,304.8399,987.1389,3.4306822,58.862316,0.0,0.0,
2024-12-22 19:00:00,304.10287,988.4525,2.4137306,57.09311,0.0,0.0,
2024-12-22 20:00:00,303.23413,988.635,3.2105987,64.84836,0.0,0.0,
2024-12-22 21:00:00,302.4364,988.928,3.4653232,70.30055,0.0,0.0,
2024-12-22 22:00:00,302.65555,989.72986,3.1775324,70.42514,0.0,0.0,
2024-12-22 23:00:00,304.4294,990.2634,2.6269877,61.263084,0.0,0.0,
2024-12-23 00:00:00,306.6959,990.2455,2.1460097,48.919247,0.004732339,0.0,
2024-12-23 01:00:00,308.69836,990.2428,1.9473139,40.9396,0.0,0.0,
2024-12-23 02:00:00,310.6776,989.5737,1.7794679,34.108562,0.006388873,0.0,
2024-12-23 03:00:00,312.54187,988.6995,1.7390494,24.434916,0.0021457672,0.0,
2024-12-23 04:00:00,313.44562,987.9506,2.4994555,21.30527,0.0,0.0,
2024-12-23 05:00:00,313.87683,986.9356,2.196329,19.988289,0.0,0.0,
2024-12-23 06:00:00,314.518,986.15875,1.8770087,18.594393,0.0,0.0,
2024-12-23 07:00:00,313.4832,986.7922,2.6923218,20.66026,0.0,0.0,
2024-12-23 08:00:00,313.41516,986.1197,2.8571,19.981237,0.0,0.0,
2024-12-23 09:00:00,313.1462,986.51843,3.0077677,19.466602,0.0,0.0,
2024-12-23 10:00:00,312.5506,987.0243,3.1062126,19.554262,0.0,0.0,
2024-12-23 11:00:00,311.87637,987.74744,3.0444875,20.966635,0.0,0.0,
2024-12-23 12:00:00,310.84915,988.11597,3.141328,23.3345,0.0,0.0,
2024-12-23 13:00:00,309.84732,988.50146,3.0651426,25.592741,0.0,0.0,
2024-12-23 14:00:00,308.92426,988.6336,1.914391,27.70596,0.0,0.0,
2024-12-23 15:00:00,307.71503,988.6283,3.5899203,30.856245,0.0,0.0,
2024-12-23 16:00:00,305.2827,989.0429,6.813321,48.54654,0.0,0.0,
2024-12-23 17:00:00,303.53967,988.7028,5.767064,68.25001,0.0,0.0,
2024-12-23 18:00:00,303.03772,988.4247,4.86973,71.666504,0.0,0.0,
2024-12-23 19:00:00,302.51685,989.13245,3.6759932,73.92164,0.0,0.0,
2024-12-23 20:00:00,302.22153,989.5372,3.4051256,75.25562,0.0,0.0,
2024-12-23 21:00:00,302.02142,990.5112,2.9901505,75.905334,0.0,0.0,
2024-12-23 22:00:00,302.40213,991.40546,2.906079,73.45368,0.0,0.0,
2024-12-23 23:00:00,303.7624,992.2025,2.3773725,66.38779,0.0,0.0,
2024-12-24 00:00:00,305.61377,991.99097,2.182958,56.68369,0.008970499,0.0,
2024-12-24 01:00:00,307.6454,991.6381,2.2229974,47.11956,0.0,0.0,
2024-12-24 02:00:00,309.38538,990.59717,1.9955934,40.022816,0.012945384,0.0,
2024-12-24 03:00:00,310.84012,989.74554,1.4968743,34.70811,0.023756176,0.0,
2024-12-24 04:00:00,311.96866,988.77625,0.8808783,30.24346,0.006392598,0.0,
2024-12-24 05:00:00,312.26825,988.2257,1.0798695,28.415901,0.0,0.0,
2024-12-24 06:00:00,312.7357,987.5734,0.8872759,27.163795,0.0,0.0,
2024-12-24 07:00:00,313.79092,986.39343,1.8335489,21.730093,0.0,0.0,
2024-12-24 08:00:00,313.75882,986.22534,2.1052206,21.018318,0.0,0.0,
2024-12-24 09:00:00,313.57288,986.64044,2.4435475,20.655922,0.0,0.0,
2024-12-24 10:00:00,313.21863,987.52405,2.6914997,20.61674,0.0,0.0,
2024-12-24 11:00:00,312.71542,988.3161,2.5756466,21.007584,0.0,0.0,
2024-12-24 12:00:00,312.2802,988.78406,2.0786452,21.449568,0.0,0.0,
2024-12-24 13:00:00,311.2948,989.3123,1.7010792,23.33092,0.0,0.0,
2024-12-24 14:00:00,309.5313,990.0497,4.2458315,30.825779,0.13763021,3.23,
2024-12-24 15:00:00,307.3543,990.53156,5.863213,44.612305,0.026896596,0.0,
2024-12-24 16:00:00,306.0097,990.41974,5.8960776,53.246452,0.0,0.0,
2024-12-24 17:00:00,304.97253,990.2902,5.413243,61.26743,0.0,0.0,
2024-12-24 18:00:00,304.07208,990.15393,5.4127107,67.08557,0.0,0.0,
2024-12-24 19:00:00,302.3532,990.7367,4.207278,71.12021,0.0,0.0,
2024-12-24 20:00:00,301.99667,991.0799,3.9341962,74.10424,0.0,0.0,
2024-12-24 21:00:00,301.69165,991.4336,3.1944828,76.4794,0.0,0.0,
2024-12-24 22:00:00,301.85333,992.29297,2.558647,76.17682,0.0,0.0,
2024-12-24 23:00:00,302.86276,992.8119,1.9800724,71.250496,0.0,0.0,
2024-12-25 00:00:00,304.2664,993.2933,1.4981415,64.12927,0.20976269,0.0,
2024-12-25 01:00:00,306.26648,993.42017,1.3506701,54.585785,0.0,0.0,
2024-12-25 02:00:00,308.05243,992.997,1.4354299,44.42676,0.020321459,0.0,
2024-12-25 03:00:00,309.68634,992.10657,1.3867756,36.58614,0.017341226,0.0,
2024-12-25 04:00:00,310.81458,991.0089,1.1206396,32.54342,0.008292496,0.0,
2024-12-25 05:00:00,311.89093,990.0307,1.0222552,29.748932,0.0,0.0,
2024-12-25 06:00:00,312.81696,989.23126,1.2142642,27.728271,0.0,0.0,
2024-12-25 07:00:00,313.33093,988.0235,1.7513568,26.18886,0.029914081,0.0,
2024-12-25 08:00:00,312.85706,987.4917,0.43926632,26.174759,0.012986362,0.0,
2024-12-25 09:00:00,312.72504,988.2118,2.9936252,26.10745,0.0,0.0,
2024-12-25 10:00:00,311.7902,989.5325,4.1382413,27.13437,0.0,0.66999996,
2024-12-25 11:00:00,309.54822,990.8862,5.6758876,33.04613,0.0,0.47,
2024-12-25 12:00:00,307.1067,992.10486,5.2761974,45.14589,0.0,0.0,
2024-12-25 13:00:00,306.1687,992.1639,6.0706906,51.334225,0.0,0.0,
2024-12-25 14:00:00,305.38464,992.4395,6.255602,55.959385,0.0,0.089999996,
2024-12-25 15:00:00,304.63312,992.47125,5.5392537,59.75043,0.0,0.0,
2024-12-25 16:00:00,304.081,992.0659,4.871829,62.862907,0.0,0.0,
2024-12-25 17:00:00,303.591,991.70233,4.3936443,66.25151,0.0,0.0,
2024-12-25 18:00:00,303.16058,991.307,4.085217,69.712746,0.0,0.0,
2024-12-25 19:00:00,301.73865,991.9177,3.6502724,67.87114,0.0,0.0,
2024-12-25 20:00:00,301.31885,991.85736,3.1507514,71.17504,0.0,0.0,
2024-12-25 21:00:00,301.0772,992.4407,2.4213898,73.36025,0.0,0.0,
2024-12-25 22:00:00,301.13647,993.1792,2.0366054,73.73539,0.0,0.0,
2024-12-25 23:00:00,301.9621,994.0725,2.0262005,69.404335,0.0,0.0,
2024-12-26 00:00:00,303.52945,993.8767,1.7704372,61.00577,0.09080768,0.0,
2024-12-26 01:00:00,305.0559,993.5762,1.8170779,53.652103,0.0,0.0,
2024-12-26 02:00:00,307.21338,993.09344,1.8601024,44.754692,0.0,0.0,
2024-12-26 03:00:00,309.00488,992.23206,1.8723937,38.309856,0.0,0.0,
2024-12-26 04:00:00,310.40576,991.5257,1.7699846,34.276936,0.0021979213,0.0,
2024-12-26 05:00:00,311.33096,990.48267,1.9315625,32.024822,0.0038444996,0.0,
2024-12-26 06:00:00,312.06717,989.67334,2.2417722,30.660513,0.0,0.0,
2024-12-26 07:00:00,312.73145,988.1747,1.5228616,26.780378,0.0,0.0,
2024-12-26 08:00:00,312.10925,988.0466,0.8486855,27.814072,0.0,0.0,
2024-12-26 09:00:00,311.3404,988.5492,0.688995,29.163706,0.009261072,0.0,
2024-12-26 10:00:00,310.53207,989.6091,1.6933047,29.960186,0.44099241,0.0,
2024-12-26 11:00:00,309.4658,990.2986,0.8745056,32.15947,0.0,0.31,
2024-12-26 12:00:00,308.585,991.32086,3.2224157,36.794373,0.002998102,0.17,
2024-12-26 13:00:00,306.88452,992.22076,3.9901989,45.65362,0.076815486,0.0,
2024-12-26 14:00:00,305.5853,992.3723,4.434512,52.854218,0.003695488,0.0,
2024-12-26 15:00:00,304.63327,992.0572,4.3596787,57.64479,0.001847744,0.0,
2024-12-26 16:00:00,303.96863,991.6867,3.7314053,61.08497,0.060543418,0.0,
2024-12-26 17:00:00,303.22968,991.1308,3.4976547,65.36035,0.024944544,0.0,
2024-12-26 18:00:00,302.7359,990.7775,3.7747896,69.1521,0.01630187,0.0,
2024-12-26 19:00:00,303.61594,990.8077,3.1748576,66.06583,0.0,0.0,
2024-12-26 20:00:00,302.84036,991.2377,3.6888297,73.142334,0.0,0.0,
2024-12-26 21:00:00,302.26596,992.0737,3.6714616,77.77904,0.0,0.0,
2024-12-26 22:00:00,302.2408,992.8848,3.638087,78.19381,0.030636787,0.0,
2024-12-26 23:00:00,303.2027,993.719,3.592422,72.35178,0.11297024,0.0,
2024-12-27 00:00:00,304.61792,993.85077,3.2141519,64.252106,0.7884579,0.0,
2024-12-27 01:00:00,305.9016,993.86,2.7098536,57.213688,0.0,0.0,
2024-12-27 02:00:00,307.2199,993.4302,1.9925102,50.455307,0.0060591847,0.0,
2024-12-27 03:00:00,308.45575,992.55914,1.4152828,45.104786,0.013329089,0.0,
2024-12-27 04:00:00,309.94342,991.4418,1.4309422,39.658184,0.012092292,0.0,
2024-12-27 05:00:00,310.88464,990.6181,1.3289714,35.358837,0.01077354,0.0,
2024-12-27 06:00:00,311.7691,989.4283,1.3446984,31.963795,0.022649765,0.0,
2024-12-27 07:00:00,311.3164,989.0192,1.6908165,35.35495,0.032827258,0.46999997,
2024-12-27 08:00:00,311.18152,988.715,2.1744823,35.15089,0.029176474,0.64,
2024-12-27 09:00:00,306.7619,989.8784,2.1287007,51.760185,1.4374107,5.0699997,
2024-12-27 10:00:00,305.60736,991.0037,4.0837746,58.53588,0.24963915,4.8599997,
2024-12-27 11:00:00,303.81024,992.2469,2.5088274,66.700836,0.64237416,3.6,
2024-12-27 12:00:00,303.45892,993.15625,1.6710066,67.14789,1.4494807,4.45,
2024-12-27 13:00:00,302.67377,993.6248,1.4629601,67.453026,1.318383,5.2799997,
2024-12-27 14:00:00,302.05978,994.3127,1.4502631,68.47252,0.44228137,6.05,
2024-12-27 15:00:00,301.80627,993.96564,1.9770217,69.25982,0.043839216,3.09,
2024-12-27 16:00:00,301.5664,992.9557,3.040336,71.22314,0.0068098307,3.07,
2024-12-27 17:00:00,301.47476,992.0759,2.9183362,72.96145,0.0,1.91,
2024-12-27 18:00:00,301.3031,991.5442,1.4156458,74.85249,0.0,0.85999995,
2024-12-27 19:00:00,299.6856,992.738,4.1097536,72.81423,0.13393164,1.9300001,
2024-12-27 20:00:00,299.2167,992.3677,3.7653701,74.13565,0.0064373016,1.64,
2024-12-27 21:00:00,299.01453,992.645,2.9822357,75.340294,0.0,1.21,
2024-12-27 22:00:00,299.2864,993.2761,1.8403543,74.88932,0.0,0.57,
2024-12-27 23:00:00,300.12274,993.8669,1.3788043,72.18448,0.0,0.24,
2024-12-28 00:00:00,301.78284,993.91125,2.390131,65.08469,5.8584094,0.0,
2024-12-28 01:00:00,304.22467,993.83374,3.0352418,55.508816,0.0,0.0,
2024-12-28 02:00:00,306.21213,993.4454,3.3373117,48.61362,0.0,0.0,
2024-12-28 03:00:00,307.81232,992.6155,3.2135885,42.987564,0.0,0.0,
2024-12-28 04:00:00,308.8346,991.8738,3.0538492,39.31553,0.0,0.0,
2024-12-28 05:00:00,309.5506,991.0071,2.8066154,36.76196,0.0036209822,0.0,
2024-12-28 06:00:00,309.80774,990.3736,2.6066368,35.23791,0.005953014,0.0,
2024-12-28 07:00:00,309.76233,989.6252,3.901461,36.537247,0.0,0.0,
2024-12-28 08:00:00,309.2483,989.22144,4.137322,37.100994,0.0,0.53,
2024-12-28 09:00:00,309.05157,989.5073,3.645553,37.51913,0.0,0.78999996,
2024-12-28 10:00:00,308.05988,990.2619,2.0463014,41.67413,0.0,1.9599999,
2024-12-28 11:00:00,307.2214,991.2289,1.0272061,47.534637,0.0,0.61,
2024-12-28 12:00:00,306.59076,992.07935,0.2395013,51.48275,0.00230968,0.16,
2024-12-28 13:00:00,305.83502,992.41846,1.2433331,56.99898,0.0,0.0,
2024-12-28 14:00:00,305.08984,993.01843,1.596652,63.265682,0.016659498,0.0,
2024-12-28 15:00:00,304.44543,993.18665,2.3124716,62.173904,0.18377602,0.0,
2024-12-28 16:00:00,303.56232,993.13336,3.5929809,63.648193,0.11089444,2.03,
2024-12-28 17:00:00,302.0961,992.6546,4.545356,68.06604,0.17946959,1.5799999,
2024-12-28 18:00:00,300.84576,992.7223,5.118952,72.91461,0.5297363,0.0,
2024-12-28 19:00:00,299.80997,992.2365,4.3563766,77.39338,0.03424287,0.17,
2024-12-28 20:00:00,299.94754,992.12384,3.9609046,75.234215,0.009268522,0.0,
2024-12-28 21:00:00,299.95914,992.45435,2.8137333,74.41212,0.0,0.0,
2024-12-28 22:00:00,300.24866,993.5742,1.448125,72.928116,0.0,0.0,
2024-12-28 23:00:00,300.96063,994.6873,1.9123744,68.52823,0.0,0.0,
2024-12-29 00:00:00,301.63284,994.97015,2.505494,64.443634,1.0775328,0.0,
2024-12-29 01:00:00,302.57703,994.78326,2.59892,60.337776,0.0,0.0,
2024-12-29 02:00:00,303.3522,994.35986,2.489589,57.56676,0.0032037497,0.0,
2024-12-29 03:00:00,304.42786,993.6192,2.5717838,53.749622,0.0,0.0,
2024-12-29 04:00:00,305.03223,993.0725,2.342128,51.612324,0.0,0.0,
2024-12-29 05:00:00,305.96582,992.34906,2.0808635,48.706963,0.0,0.0,
2024-12-29 06:00:00,306.83453,991.53827,1.6890869,46.262074,0.0,1.3799999,
2024-12-29 07:00:00,307.3167,990.8083,2.3069894,45.68286,0.020086765,2.4099998,
2024-12-29 08:00:00,307.41174,990.03406,1.5847629,44.50002,0.0,1.8899999,
2024-12-29 09:00:00,307.63568,990.22546,1.9972168,44.0322,0.0,0.0,
2024-12-29 10:00:00,306.78635,991.2796,3.0324557,48.420887,0.0,0.83,
2024-12-29 11:00:00,305.1336,992.65686,3.6393843,57.272,0.028215349,0.07,
2024-12-29 12:00:00,304.24054,993.09595,3.774588,63.062244,0.0,0.0,
2024-12-29 13:00:00,303.56665,993.5695,3.3082342,68.403595,0.0,0.0,
2024-12-29 14:00:00,303.09424,993.781,3.0028982,72.07177,0.0,0.0,
2024-12-29 15:00:00,302.68387,993.52313,3.204652,74.54843,0.0,0.0,
2024-12-29 16:00:00,302.23602,993.2377,3.3506973,76.47707,0.0,0.0,
2024-12-29 17:00:00,301.81873,992.85596,3.0210247,78.04831,0.0,0.0,
2024-12-29 18:00:00,301.46594,992.7445,2.7453697,79.47892,0.0,0.0,
2024-12-29 19:00:00,300.90295,993.242,1.218203,83.62249,0.0,0.0,
2024-12-29 20:00:00,300.6721,993.72296,0.9093155,85.89329,0.0,0.0,
2024-12-29 21:00:00,300.36783,994.5268,1.263042,87.45793,0.0,0.0,
2024-12-29 22:00:00,300.78806,995.2667,1.3718734,84.548096,0.0,0.0,
2024-12-29 23:00:00,301.92685,995.7753,1.5178229,76.40312,0.0,0.0,
2024-12-30 00:00:00,303.2139,995.8999,1.200412,67.8137,0.053295493,0.0,
2024-12-30 01:00:00,304.49133,996.0893,1.1148081,59.248096,0.0,0.0,
2024-12-30 02:00:00,306.31952,995.60236,1.3383075,48.1415,0.0,0.0,
2024-12-30 03:00:00,307.66235,994.77655,1.8252385,41.47458,0.0,0.0,
2024-12-30 04:00:00,308.68893,993.9575,1.8667303,37.45363,0.0,0.0,
2024-12-30 05:00:00,309.70105,992.90326,1.6824374,34.329315,0.0,0.0,
2024-12-30 06:00:00,310.5614,991.9118,1.4569212,32.37532,0.0,0.0,
2024-12-30 07:00:00,311.75964,990.7227,1.849199,30.895609,0.0,0.01,
2024-12-30 08:00:00,312.02356,990.17847,2.1047647,30.666494,0.0,0.75,
2024-12-30 09:00:00,310.7583,990.4395,2.9825337,33.02699,0.32560527,1.23,
2024-12-30 10:00:00,309.05054,991.605,4.9897847,38.740208,0.0,1.77,
2024-12-30 11:00:00,308.3353,992.3963,2.2001173,41.277195,0.0,2.4699998,
2024-12-30 12:00:00,308.02625,993.3558,1.4395436,42.858826,0.0,3.69,
2024-12-30 13:00:00,307.47437,994.1878,2.8737235,45.70758,0.0,0.84,
2024-12-30 14:00:00,305.83057,994.5325,5.093181,54.073067,0.0,0.0,
2024-12-30 15:00:00,304.3294,994.28314,4.168125,61.956978,0.0,0.0,
2024-12-30 16:00:00,303.62347,993.6177,3.655237,64.851715,0.0,0.0,
2024-12-30 17:00:00,303.12238,993.21124,3.4707315,67.040085,0.0,0.0,
2024-12-30 18:00:00,302.68582,993.02844,3.1558244,69.41846,0.0,0.0,
2024-12-30 19:00:00,301.3608,993.36945,2.6019726,79.04496,0.0,0.0,
2024-12-30 20:00:00,301.1071,993.1365,1.9274056,80.09215,0.0,0.0,
2024-12-30 21:00:00,300.85272,993.3215,1.3007776,81.700066,0.0,0.0,
2024-12-30 22:00:00,301.35504,993.6946,1.0555156,78.96051,0.0,0.0,
2024-12-30 23:00:00,303.359,994.36224,1.2686361,68.15325,0.0,0.0,
2024-12-31 00:00:00,305.55597,994.4135,1.4433577,57.193893,0.34443438,0.0,
2024-12-31 01:00:00,307.49152,994.3499,1.3324975,48.173172,0.0,0.0,
2024-12-31 02:00:00,309.18677,993.96594,1.4048201,41.314404,0.0,0.0,
2024-12-31 03:00:00,310.40457,993.1474,2.112636,35.676365,0.0,0.0,
2024-12-31 04:00:00,311.558,992.1303,2.6080644,31.376574,0.0,0.0,
2024-12-31 05:00:00,312.66168,991.1331,2.946177,27.263176,0.0,0.0,
2024-12-31 06:00:00,313.36218,990.38495,3.2704296,24.923347,0.0,0.0,
2024-12-31 07:00:00,311.48334,990.0658,2.7665453,32.90222,0.0,0.0,
2024-12-31 08:00:00,311.51776,989.66907,3.2490737,31.746769,0.0,5.0099998,
2024-12-31 09:00:00,311.1474,990.2252,3.5394557,31.255262,0.28257072,0.41,
2024-12-31 10:00:00,309.4024,991.40875,0.88050425,34.1687,0.077582896,4.26,
2024-12-31 11:00:00,307.20398,992.0792,2.72061,43.101814,0.014044344,2.22,
2024-12-31 12:00:00,305.8097,991.805,4.7842493,52.515602,0.0,0.0,
2024-12-31 13:00:00,304.88403,992.20123,5.197746,59.350502,0.0,0.0,
2024-12-31 14:00:00,304.40472,992.38,4.508476,62.993656,0.0,0.03,
2024-12-31 15:00:00,304.02374,992.21594,3.9866636,65.86779,0.0,0.0,
2024-12-31 16:00:00,303.55206,991.85345,3.4624631,68.77846,0.0,0.0,
2024-12-31 17:00:00,303.1245,991.51953,2.7197506,71.386375,0.0,0.0,
2024-12-31 18:00:00,302.7941,991.3909,2.0686862,73.76045,0.0,0.0,
2024-12-31 19:00:00,301.86462,992.0439,1.1199195,80.557434,0.0,0.0,
2024-12-31 20:00:00,301.57516,991.8643,1.4313958,82.60392,0.0,0.0,
2024-12-31 21:00:00,301.31793,992.84283,1.6201923,84.574036,0.0,0.0,
2024-12-31 22:00:00,301.69067,993.5119,1.6807541,82.09709,0.0,0.0,
2024-12-31 23:00:00,303.0376,993.90454,1.487915,73.591774,0.0,0.0,
2025-01-01 00:00:00,304.77478,993.6105,2.2007563,64.32884,0.3746152,0.0,
2025-01-01 01:00:00,306.49033,993.1883,2.8604007,56.09119,0.0,0.0,
2025-01-01 02:00:00,308.41437,992.68506,3.3597283,46.83448,0.02193451,0.0,
2025-01-01 03:00:00,310.19418,992.12,3.4380841,38.39228,0.03296882,0.0,
2025-01-01 04:00:00,311.49164,991.017,3.5660336,33.062614,0.016320497,0.0,
2025-01-01 05:00:00,312.46317,990.0988,3.7223237,29.41664,0.016506761,0.0,
2025-01-01 06:00:00,312.92532,989.2377,3.8776116,26.954647,0.007107854,0.0,
2025-01-01 07:00:00,312.5287,988.0491,4.271307,29.098183,0.0030770898,0.0,
2025-01-01 08:00:00,312.4911,987.6941,3.681172,27.932762,0.011272728,0.0,
2025-01-01 09:00:00,308.9541,989.3005,6.822089,37.394955,0.980027,0.0,
2025-01-01 10:00:00,302.7586,991.1037,6.5460296,66.7579,1.6798228,0.16,
2025-01-01 11:00:00,302.7304,990.9508,5.05023,64.21084,0.24329126,0.0,
2025-01-01 12:00:00,302.82623,990.64056,6.2831335,63.487244,0.0,0.0,
2025-01-01 13:00:00,303.09515,990.5757,5.6490374,62.27042,0.0,0.0,
2025-01-01 14:00:00,303.36108,990.8825,4.202936,60.366154,0.0,0.2,
2025-01-01 15:00:00,303.3921,991.16565,2.5031307,60.62634,0.0,0.0,
2025-01-01 16:00:00,302.91595,991.0455,2.197521,64.15905,0.0,0.0,
2025-01-01 17:00:00,302.29922,990.8692,1.4226083,71.49753,0.0,0.0,
2025-01-01 18:00:00,301.9942,990.30347,0.7944095,73.791275,0.0,0.72999996,
2025-01-01 19:00:00,300.22174,991.8223,1.2120212,81.16802,0.0,0.59999996,
2025-01-01 20:00:00,300.14594,992.09076,1.1809222,81.72137,0.0,0.35,
2025-01-01 21:00:00,300.1001,992.7264,1.8081636,81.524925,0.0,0.0,
2025-01-01 22:00:00,300.27954,993.2494,2.455652,79.340004,0.0,0.31,
2025-01-01 23:00:00,300.96118,993.7569,3.0304892,74.23743,0.0,0.49999997,
2025-01-02 00:00:00,302.00946,993.7634,3.6781754,67.60516,3.0125082,,
2025-01-02 01:00:00,303.4991,993.60516,3.9877107,60.016296,0.0,,
2025-01-02 02:00:00,305.51184,993.6401,4.1205125,51.392807,0.0,,
2025-01-02 03:00:00,307.43896,992.8606,4.0034623,43.127216,0.0,,
2025-01-02 04:00:00,309.05,992.06744,3.8214233,35.36429,0.0,,
2025-01-02 05:00:00,309.69278,991.24603,3.5629468,30.750143,0.0,,
2025-01-02 06:00:00,309.96082,990.47986,3.378319,28.10038,0.0,,
2025-01-02 07:00:00,308.10645,991.23016,4.3783627,38.17048,0.0,,
2025-01-02 08:00:00,308.25644,990.4866,4.304135,36.528854,0.0,,
2025-01-02 09:00:00,307.85843,990.46313,3.6852002,37.750988,0.0,,
2025-01-02 10:00:00,306.88776,991.0797,2.9455185,42.25415,0.0,,
2025-01-02 11:00:00,305.90643,991.3948,2.947184,47.301205,0.0,,
2025-01-02 12:00:00,304.9317,991.82,3.362655,52.06747,0.0,,
2025-01-02 13:00:00,304.23788,992.0442,2.9450047,55.432404,0.0,,
2025-01-02 14:00:00,303.7022,992.25,2.718536,58.085186,0.0,,
2025-01-02 15:00:00,303.31052,991.8675,3.0021768,59.70508,0.0,,
2025-01-02 16:00:00,302.81238,991.123,3.3117938,61.0341,0.0,,
2025-01-02 17:00:00,302.22592,990.5986,3.3720675,62.462852,0.0,,
2025-01-02 18:00:00,302.0329,990.14526,3.5647898,62.21195,0.0,,
2025-01-02 19:00:00,301.24033,990.4018,1.3937625,70.39119,0.0,,
2025-01-02 20:00:00,300.90646,990.6202,2.162981,71.81527,0.0,,
2025-01-02 21:00:00,300.46298,991.27203,2.5709755,73.707535,0.0,,
2025-01-02 22:00:00,300.52325,991.95685,2.5109777,74.30077,0.0,,
2025-01-02 23:00:00,302.17294,992.5051,2.9650319,65.62514,0.0,,
2025-01-03 00:00:00,304.2594,992.2938,3.3603194,52.291935,0.0,,
2025-01-03 01:00:00,306.1424,991.943,3.4241996,43.981613,0.0,,
2025-01-03 02:00:00,308.50348,991.3373,3.5697584,35.81138,0.0,,
2025-01-03 03:00:00,310.70004,990.39185,3.734674,27.668083,0.0,,
2025-01-03 04:00:00,312.28394,989.5011,3.1631193,21.834213,0.0,,
2025-01-03 05:00:00,313.15643,988.65936,2.1248593,17.442041,0.0,,
2025-01-03 06:00:00,312.9978,987.9302,0.9593549,15.98552,0.0,,
2025-01-03 07:00:00,312.677,987.10034,0.73306066,17.265072,0.0,,
2025-01-03 08:00:00,312.95874,986.645,2.0944858,16.538752,0.0,,
2025-01-03 09:00:00,312.29553,986.4838,3.2929845,17.920975,0.0,,
2025-01-03 10:00:00,311.2026,987.0681,4.3343997,20.414791,0.0,,
2025-01-03 11:00:00,308.5782,987.39185,5.361909,25.649532,0.0,,
2025-01-03 12:00:00,306.55334,987.8175,5.1386127,31.59947,0.0,,
2025-01-03 13:00:00,305.50385,988.3258,4.650301,36.104942,0.0,,
2025-01-03 14:00:00,304.58704,988.88086,4.3248725,40.362377,0.0,,
2025-01-03 15:00:00,303.8783,988.9255,3.4460804,42.95053,0.0,,
2025-01-03 16:00:00,303.10785,988.84467,2.496697,44.990116,0.0,,
2025-01-03 17:00:00,302.14032,988.78705,1.9204187,48.767574,0.0,,
2025-01-03 18:00:00,301.4571,988.715,1.1645118,53.712265,0.0,,
2025-01-03 19:00:00,300.9272,989.02454,2.1224658,50.42247,0.0,,
2025-01-03 20:00:00,300.37698,989.79175,2.0941489,54.392807,0.0,,
2025-01-03 21:00:00,299.71338,990.16077,1.7683195,58.692215,0.0,,
2025-01-03 22:00:00,300.0001,990.90515,1.6373113,60.1538,0.0,,
2025-01-03 23:00:00,302.64032,991.32,1.8491048,52.08946,0.0,,
2025-01-04 00:00:00,304.87164,991.06995,1.3992715,46.095264,0.0,,
2025-01-04 01:00:00,306.94177,990.8022,0.48060575,39.94196,0.0,,
2025-01-04 02:00:00,309.10358,990.1293,0.9768607,33.982605,0.0,,
2025-01-04 03:00:00,311.22583,989.44653,1.3403774,28.075623,0.0,,
2025-01-04 04:00:00,312.77985,988.4239,1.5042442,21.554707,0.0,,
2025-01-04 05:00:00,313.86578,987.76154,2.8599877,17.234015,0.0,,
2025-01-04 06:00:00,314.36682,987.035,3.0525484,16.186863,0.0,,
2025-01-04 07:00:00,313.3332,986.8645,2.8133612,17.277498,0.0,,
2025-01-04 08:00:00,313.48145,986.42017,2.5463536,16.85791,0.0,,
2025-01-04 09:00:00,313.19598,986.5878,2.1708162,16.785603,0.0,,
2025-01-04 10:00:00,312.53662,987.16675,1.7917035,18.051254,0.0,,
2025-01-04 11:00:00,311.10233,987.6713,2.0420184,21.72766,0.0,,
2025-01-04 12:00:00,309.73505,988.1819,1.8991514,24.792175,0.0,,
2025-01-04 13:00:00,308.4691,988.6174,1.9420433,27.71897,0.0,,
2025-01-04 14:00:00,307.23996,989.0186,2.7944076,30.14199,0.0,,
2025-01-04 15:00:00,305.3011,989.3491,4.4606786,41.357624,0.0,,
2025-01-04 16:00:00,303.7113,989.5425,4.660673,57.22173,0.0,,
2025-01-04 17:00:00,302.9084,989.3826,3.850676,64.106445,0.0,,
2025-01-04 18:00:00,302.4101,989.28595,3.3721542,66.726,0.0,,
2025-01-04 19:00:00,301.00726,990.56024,3.3964605,77.575195,0.0,,
2025-01-04 20:00:00,300.49402,990.8159,2.6408703,80.71174,0.0,,
2025-01-04 21:00:00,300.11688,991.47766,1.8458672,83.17415,0.0,,
2025-01-04 22:00:00,300.42838,992.1878,1.4713652,82.17695,0.0,,
2025-01-04 23:00:00,302.1377,992.9256,2.1567438,74.12476,0.0,,
2025-01-05 00:00:00,304.24576,992.9202,2.0986152,64.5134,0.0,,
2025-01-05 01:00:00,306.47083,992.58685,1.5329545,53.336723,0.0,,
2025-01-05 02:00:00,308.67508,992.1314,1.0744736,41.478928,0.0,,
2025-01-05 03:00:00,310.52338,991.2636,0.7165891,32.2659,0.0,,
2025-01-05 04:00:00,311.7069,990.6582,1.5640801,26.331264,0.0,,
2025-01-05 05:00:00,312.45026,989.75916,2.3640306,23.277374,0.0,,
2025-01-05 06:00:00,313.0932,989.22656,2.4856453,21.367956,0.0,,
2025-01-05 07:00:00,313.80377,988.09625,1.6853615,18.019482,0.0,,
2025-01-05 08:00:00,314.02734,987.6886,1.4295325,17.128508,0.0,,
2025-01-05 09:00:00,313.91687,987.55743,1.0633823,16.533117,0.0,,
2025-01-05 10:00:00,313.7151,987.81104,0.8361336,16.164822,0.0,,
2025-01-05 11:00:00,313.25555,988.3153,1.4529371,16.712032,0.0,,
2025-01-05 12:00:00,312.59027,988.8303,1.9587735,17.702587,0.0,,
2025-01-05 13:00:00,311.47888,989.5976,1.7764343,19.087961,0.0,,
2025-01-05 14:00:00,310.39328,990.3053,1.6444052,20.611654,0.0,,
2025-01-05 15:00:00,309.28735,990.5701,2.6691573,21.6791,0.0,,
2025-01-05 16:00:00,307.01135,990.5968,5.473205,30.49876,0.0,,
2025-01-05 17:00:00,304.58942,990.4239,6.7412386,51.86299,0.0,,
2025-01-05 18:00:00,303.59647,990.2967,5.7559185,62.018417,0.0,,
2025-01-05 19:00:00,302.73267,991.36523,4.4024343,68.960075,0.0,,
2025-01-05 20:00:00,302.20056,991.56506,4.0290756,73.2509,0.0,,
2025-01-05 21:00:00,301.7756,992.116,3.4151278,76.58913,0.0,,
2025-01-05 22:00:00,302.03003,992.822,3.6611798,76.381096,0.0,,
2025-01-05 23:00:00,303.7462,992.9878,4.1856112,68.09154,0.0,,
2025-01-06 00:00:00,306.30557,992.9688,4.2959423,55.665726,0.0,,
2025-01-06 01:00:00,309.03537,992.6968,4.28354,42.97256,0.0,,
2025-01-06 02:00:00,311.24054,992.10864,4.028034,34.20757,0.0068172812,,
2025-01-06 03:00:00,312.9602,991.03455,3.426919,28.318449,0.0068433583,,
2025-01-06 04:00:00,313.8319,990.3308,0.8416889,23.119556,0.0,,
2025-01-06 05:00:00,313.6137,989.8816,1.3910784,22.224579,0.0,,
2025-01-06 06:00:00,314.2283,989.22156,2.0327961,21.040009,0.0,,
2025-01-06 07:00:00,313.87894,988.59015,1.2514094,24.475775,0.0,,
2025-01-06 08:00:00,313.4242,987.9958,0.8008262,24.669882,0.0,,
2025-01-06 09:00:00,313.3729,988.3854,0.58213246,24.13521,0.0,,
2025-01-06 10:00:00,312.86926,988.60095,2.5743186,24.856136,0.0,,
2025-01-06 11:00:00,310.93622,989.8368,4.022063,30.295042,0.011913478,,
2025-01-06 12:00:00,309.46832,990.50195,4.6433783,36.69191,0.0,,
2025-01-06 13:00:00,308.36566,990.7967,4.646986,41.619736,0.0,,
2025-01-06 14:00:00,307.78812,990.9456,4.644931,44.02949,0.0,,
2025-01-06 15:00:00,307.26553,990.6969,4.870728,46.19034,0.0,,
2025-01-06 16:00:00,306.53125,990.4112,4.6821194,49.42576,0.0,,
2025-01-06 17:00:00,305.72614,990.3552,5.170193,53.98876,0.0,,
2025-01-06 18:00:00,304.8058,990.58295,5.2672763,61.05861,0.0,,
2025-01-06 19:00:00,301.5182,992.1892,5.757677,64.68205,0.0015199184,,
2025-01-06 20:00:00,301.4032,991.7889,5.2109203,63.336136,0.0,,
2025-01-06 21:00:00,301.42767,992.475,3.6680412,62.292606,0.0,,
2025-01-06 22:00:00,301.88345,993.3858,2.3383024,59.92059,0.0,,
2025-01-06 23:00:00,303.51428,994.0588,1.568929,52.43917,0.0,,
2025-01-07 00:00:00,305.64728,994.0014,1.7571998,44.080757,0.02844448,,
2025-01-07 01:00:00,307.9231,993.85846,1.9805797,36.751064,0.0,,
2025-01-07 02:00:00,309.69266,993.4291,1.7927856,32.26642,0.0,,
2025-01-07 03:00:00,311.17047,992.49713,0.85982317,28.471502,0.0,,
2025-01-07 04:00:00,311.52646,991.4942,0.33023077,26.841513,0.0,,
2025-01-07 05:00:00,312.25732,990.5691,0.40789378,25.149271,0.0,,
2025-01-07 06:00:00,313.13928,989.8666,0.17592971,23.563225,0.0,,
2025-01-07 07:00:00,312.78687,989.4239,1.2731011,24.805803,0.0059604645,,
2025-01-07 08:00:00,312.7343,988.90906,1.4685245,24.773273,0.0023394823,,
2025-01-07 09:00:00,312.497,989.0799,1.5727357,25.026777,0.0,,
2025-01-07 10:00:00,311.983,989.06415,1.8581927,25.74983,0.002677739,,
2025-01-07 11:00:00,311.30133,989.5718,2.5170236,27.11204,0.0,,
2025-01-07 12:00:00,310.66235,990.3667,3.3721726,28.994617,0.0,,
2025-01-07 13:00:00,309.95447,991.03674,2.6909268,31.048733,0.0,,
2025-01-07 14:00:00,309.17914,990.97656,2.905775,32.991554,0.0,,
2025-01-07 15:00:00,308.4205,990.6292,3.140799,34.82961,0.0,,
2025-01-07 16:00:00,307.722,990.1943,3.2682917,36.605747,0.0,,
2025-01-07 17:00:00,307.13867,989.89,3.1143506,38.14219,0.0,,
2025-01-07 18:00:00,306.5124,989.7468,3.4090626,40.41043,0.0,,
2025-01-07 19:00:00,304.58203,990.8364,3.5296118,50.83993,0.01873076,,
2025-01-07 20:00:00,304.11627,990.84076,3.0865583,52.514393,0.0,,
2025-01-07 21:00:00,303.8954,991.79803,2.7532985,53.473724,0.0,,
2025-01-07 22:00:00,304.08112,992.2369,2.3336155,54.046505,0.0,,
2025-01-07 23:00:00,305.42407,993.1795,2.5841634,52.51541,0.0,,
2025-01-08 00:00:00,307.3391,993.1764,3.0905547,45.73662,0.032087166,,
2025-01-08 01:00:00,309.03558,992.9277,3.290431,39.951176,0.0,,
2025-01-08 02:00:00,310.60318,992.33704,2.9103785,34.82607,0.022064894,,
2025-01-08 03:00:00,311.80914,991.04376,2.2316124,30.91021,0.017594546,,
2025-01-08 04:00:00,313.11652,989.84814,1.6282624,27.795288,0.0,,
2025-01-08 05:00:00,313.91705,988.6538,1.0686839,25.152407,0.00783056,,
2025-01-08 06:00:00,314.241,987.71674,0.541289,23.753036,0.014945865,,
2025-01-08 07:00:00,312.90002,988.21,1.4369974,27.882204,0.0038444996,,
2025-01-08 08:00:00,312.9671,987.59705,1.5715348,27.424055,0.0048950315,,
2025-01-08 09:00:00,312.7423,987.8119,1.78655,27.018347,0.0018328428,,
2025-01-08 10:00:00,312.27356,988.3223,1.6682774,28.013695,0.29779226,,
2025-01-08 11:00:00,310.72403,989.61487,3.4859452,31.804031,0.6047517,,
2025-01-08 12:00:00,308.4823,990.2439,3.4492443,39.742027,0.035323262,,
2025-01-08 13:00:00,307.29587,990.7992,3.0693552,45.260525,0.0,,
2025-01-08 14:00:00,306.3984,991.22424,2.9023736,49.863735,0.0,,
2025-01-08 15:00:00,305.61633,991.045,2.704932,53.574135,0.0,,
2025-01-08 16:00:00,305.0498,990.6682,2.3364773,56.28224,0.0,,
2025-01-08 17:00:00,304.56696,990.23206,2.2644074,58.643063,0.0,,
2025-01-08 18:00:00,304.17444,990.1649,2.525333,59.977333,0.06315112,,
2025-01-08 19:00:00,303.45117,991.16766,2.3567,61.086567,0.0,,
2025-01-08 20:00:00,303.20428,991.10236,1.8996257,63.894485,0.0,,
2025-01-08 21:00:00,302.80798,991.96045,1.7531028,66.99888,0.021740794,,
2025-01-08 22:00:00,302.90823,992.7503,2.6181295,67.60861,0.053197145,,
2025-01-08 23:00:00,303.77124,993.40234,3.46719,65.62354,0.0,,
2025-01-09 00:00:00,305.53235,993.25806,3.104579,58.003967,1.1493891,,
2025-01-09 01:00:00,307.1795,992.8525,2.0516112,49.38582,0.0,,
2025-01-09 02:00:00,308.68494,992.3391,0.8594038,43.339855,0.0,,
2025-01-09 03:00:00,310.03915,991.40875,0.1507329,38.514053,0.012431294,,
2025-01-09 04:00:00,311.3244,990.54803,0.7650489,34.3753,0.009924173,,
2025-01-09 05:00:00,312.28143,989.59174,1.1412141,30.982775,0.0028163195,,
2025-01-09 06:00:00,313.00485,988.7111,1.1636628,28.746796,0.0026002526,,
2025-01-09 07:00:00,312.71973,988.16095,0.8508378,28.937181,0.0077188015,,
2025-01-09 08:00:00,312.73065,987.8423,0.66196346,28.459135,0.003889203,,
2025-01-09 09:00:00,312.77365,987.79376,0.5236204,28.079018,0.008590519,,
2025-01-09 10:00:00,312.50275,988.28125,0.621048,28.325071,0.00667572,,
2025-01-09 11:00:00,311.66406,989.2068,1.1995902,30.111065,0.5611181,,
2025-01-09 12:00:00,309.37253,990.62585,3.166934,37.623444,1.8240958,,
2025-01-09 13:00:00,308.85883,990.95544,2.6218874,39.84621,0.0,,
2025-01-09 14:00:00,308.25305,991.54,2.0284643,43.759125,0.046879053,,
2025-01-09 15:00:00,307.25677,991.53156,1.6179588,47.9912,0.23293495,,
2025-01-09 16:00:00,306.39972,991.2682,1.2174354,52.145344,0.1988709,,
2025-01-09 17:00:00,305.5226,991.46216,1.9325966,55.361164,0.05427003,,
2025-01-09 18:00:00,304.71576,991.4842,1.8888144,61.310555,0.013008714,,
2025-01-09 19:00:00,304.6484,991.11053,1.0115743,50.765556,0.0,,
2025-01-09 20:00:00,303.71686,991.66705,1.6672531,56.291508,0.0,,
2025-01-09 21:00:00,303.3328,992.44995,2.1142275,55.89448,0.0,,
2025-01-09 22:00:00,303.17456,993.4235,2.0789213,57.582485,0.0,,
2025-01-09 23:00:00,304.55228,994.2261,3.2636278,50.3404,0.0,,
2025-01-10 00:00:00,306.1974,994.15045,3.9729104,45.290432,2.9858649,,
2025-01-10 01:00:00,307.61865,994.1795,3.708571,41.05788,0.0,,
2025-01-10 02:00:00,308.3787,993.47675,2.1233168,38.951794,0.0,,
2025-01-10 03:00:00,309.41486,992.29407,1.2766769,36.75388,0.0,,
2025-01-10 04:00:00,310.61316,991.183,0.6539605,33.84767,0.0019520521,,
2025-01-10 05:00:00,311.58154,990.185,0.15979719,31.065971,0.0021457672,,
2025-01-10 06:00:00,312.29297,989.33057,0.20023425,28.810349,0.001296401,,
2025-01-10 07:00:00,312.57947,988.71344,1.5407087,29.391502,0.0036314132,,
2025-01-10 08:00:00,312.633,988.4123,1.7315679,27.861044,0.0046789646,,
2025-01-10 09:00:00,311.68875,988.52075,1.831363,28.539928,0.001296401,,
2025-01-10 10:00:00,311.4328,989.3217,2.7312355,29.446777,0.0,,
2025-01-10 11:00:00,310.4948,989.90576,3.3975673,32.260246,0.061440464,,
2025-01-10 12:00:00,308.6684,991.2068,6.2072196,38.88722,0.02876608,,
2025-01-10 13:00:00,306.578,992.48865,6.462406,48.262703,0.018164523,,
2025-01-10 14:00:00,305.28036,993.02545,5.876799,54.799263,0.0,,
2025-01-10 15:00:00,304.46313,992.7349,5.047765,59.291805,0.0,,
2025-01-10 16:00:00,303.79218,992.2316,4.6456113,63.653343,0.0,,
2025-01-10 17:00:00,303.2746,992.03595,4.122149,67.46964,0.0,,
2025-01-10 18:00:00,302.89755,991.99133,3.6751225,70.67802,0.0,,
2025-01-10 19:00:00,300.27884,992.8153,2.6796412,80.38823,0.0,,
2025-01-10 20:00:00,300.0696,992.48267,1.8761048,82.08759,0.0,,
2025-01-10 21:00:00,299.96744,992.66656,1.1902628,83.00006,0.0,,
2025-01-10 22:00:00,300.04315,993.09985,0.7442797,82.824394,0.0,,
2025-01-10 23:00:00,301.15637,993.8836,0.8269487,76.89344,0.0,,
2025-01-11 00:00:00,303.00845,993.77924,1.1319951,67.442505,0.1242508,,
2025-01-11 01:00:00,305.21936,993.50903,1.1923563,56.483673,0.0,,
2025-01-11 02:00:00,307.41943,992.735,1.4923779,45.83317,0.0,,
2025-01-11 03:00:00,309.3529,991.6772,1.9546622,38.193016,0.0,,
2025-01-11 04:00:00,310.86554,990.6795,2.082037,32.973904,0.0,,
2025-01-11 05:00:00,312.0034,989.5264,2.105545,29.443233,0.0,,
2025-01-11 06:00:00,312.7298,988.6797,2.4711049,27.696642,0.0,,
2025-01-11 07:00:00,312.5647,988.4888,2.9278696,30.412802,0.0,,
2025-01-11 08:00:00,312.4203,988.055,2.850603,30.568636,0.0,,
2025-01-11 09:00:00,311.92798,988.1693,2.624505,30.982796,0.0,,
2025-01-11 10:00:00,310.99588,988.4814,3.5897408,32.7446,0.0,,
2025-01-11 11:00:00,310.0819,989.0701,3.3178577,35.36052,0.0,,
2025-01-11 12:00:00,309.23615,989.7126,4.5639834,38.50973,0.0,,
2025-01-11 13:00:00,308.2398,990.5517,5.1320963,42.522892,0.0,,
2025-01-11 14:00:00,307.49136,991.1347,5.3773894,46.448936,0.0,,
2025-01-11 15:00:00,306.22937,991.355,6.4417167,54.420124,0.0,,
2025-01-11 16:00:00,304.87982,990.9464,6.459028,62.167007,0.0,,
2025-01-11 17:00:00,303.83453,990.6334,5.7160187,66.74376,0.043183565,,
2025-01-11 18:00:00,303.38202,990.47675,5.4023814,68.6662,0.025647882,,
2025-01-11 19:00:00,302.78555,990.84216,4.1301723,70.73131,0.0,,
2025-01-11 20:00:00,302.47922,991.21313,3.9450505,71.99111,0.0,,
2025-01-11 21:00:00,302.33722,992.1953,3.541263,72.560745,0.0,,
2025-01-11 22:00:00,302.44324,992.7395,3.2986891,72.0004,0.0,,
2025-01-11 23:00:00,303.221,993.28156,3.305595,68.203354,0.0,,
2025-01-12 00:00:00,304.44244,993.226,3.2661273,62.565075,0.07233322,,
2025-01-12 01:00:00,305.74927,993.1756,2.4253535,57.538105,0.0,,
2025-01-12 02:00:00,306.92142,992.59106,1.937672,53.492634,0.0045057386,,
2025-01-12 03:00:00,308.19757,991.3867,1.9129144,49.268322,0.025514513,,
2025-01-12 04:00:00,309.1142,990.16455,1.6875008,45.33048,0.0,,
2025-01-12 05:00:00,310.3971,989.21313,1.432208,40.372993,0.0,,
2025-01-12 06:00:00,311.2739,988.4278,1.5755988,37.178646,0.001065433,,
2025-01-12 07:00:00,306.48828,989.92206,1.3957485,57.87293,0.014334917,,
2025-01-12 08:00:00,306.98843,989.41705,1.458778,52.694214,0.023186207,,
2025-01-12 09:00:00,306.11066,989.6747,1.0606533,55.722473,0.30635297,,
2025-01-12 10:00:00,306.1952,989.8525,1.259712,54.939926,0.0,,
2025-01-12 11:00:00,306.1046,990.35626,0.734443,54.895687,0.0,,
2025-01-12 12:00:00,306.1448,990.78534,1.2068045,54.939686,0.0,,
2025-01-12 13:00:00,305.931,991.03827,1.6176041,55.717934,0.0,,
2025-01-12 14:00:00,305.63043,991.0613,1.5075386,56.91056,0.0,,
2025-01-12 15:00:00,305.2807,990.5756,1.344785,58.451187,0.0,,
2025-01-12 16:00:00,304.89545,990.1269,1.0543276,60.418274,0.0,,
2025-01-12 17:00:00,304.5011,989.7825,1.3228124,62.6786,0.0,,
2025-01-12 18:00:00,304.17102,989.53326,1.8024169,64.47183,0.0,,
2025-01-12 19:00:00,302.9167,990.14935,1.3334854,65.495926,0.0,,
2025-01-12 20:00:00,302.53876,990.33124,1.1565604,68.27487,0.0,,
2025-01-12 21:00:00,302.2163,990.849,1.2072169,70.342636,0.0,,
2025-01-12 22:00:00,302.31952,991.5515,1.7180878,69.639984,0.0,,
2025-01-12 23:00:00,303.5303,991.9389,2.696968,62.995483,0.0,,
2025-01-13 00:00:00,304.94217,992.0425,2.4513054,56.616295,0.37673116,,
2025-01-13 01:00:00,306.3918,991.6436,2.0357661,50.911682,0.0,,
2025-01-13 02:00:00,307.8496,991.21124,1.85667,45.515133,0.004315749,,
2025-01-13 03:00:00,309.0238,990.42,1.7811047,41.40473,0.012459233,,
2025-01-13 04:00:00,310.2836,989.4352,1.879941,38.168663,0.013701618,,
2025-01-13 05:00:00,311.0641,988.2582,2.1536355,36.00963,0.008523464,,
2025-01-13 06:00:00,311.9451,986.90686,2.9156852,33.41841,0.0020079315,,
2025-01-13 07:00:00,309.99274,987.132,3.1910675,39.540077,0.017553568,,
2025-01-13 08:00:00,310.02277,987.0298,3.2656877,38.423325,0.01064688,,
2025-01-13 09:00:00,309.2092,987.2728,2.6258934,39.433075,0.16332418,,
2025-01-13 10:00:00,308.98575,988.24023,2.3530276,39.64288,0.008508563,,
2025-01-13 11:00:00,307.80658,988.71063,2.8288724,42.395653,0.002115965,,
2025-01-13 12:00:00,306.6541,989.52954,4.6563106,47.809753,0.0,,
2025-01-13 13:00:00,305.6921,990.09985,5.102644,52.68733,0.0,,
2025-01-13 14:00:00,305.08307,990.5563,4.9525447,55.4044,0.0,,
2025-01-13 15:00:00,304.71954,990.5864,4.8979645,56.84343,0.0,,
2025-01-13 16:00:00,304.24005,990.40985,4.785059,59.499325,0.0,,
2025-01-13 17:00:00,303.76324,989.9998,4.50678,63.13765,0.0,,
2025-01-13 18:00:00,303.3131,989.71674,4.277597,66.97789,0.0,,
2025-01-13 19:00:00,302.60342,990.5578,3.5593064,70.34628,0.0,,
2025-01-13 20:00:00,302.34836,990.3803,2.977938,72.303566,0.0,,
2025-01-13 21:00:00,302.19128,991.18024,2.4953399,73.619316,0.0,,
2025-01-13 22:00:00,302.2148,991.5422,2.5624082,73.417336,0.007763505,,
2025-01-13 23:00:00,303.11063,992.2572,3.0364769,68.80707,0.028535724,,
2025-01-14 00:00:00,304.31937,992.1315,3.1307783,62.708347,0.2897352,,
2025-01-14 01:00:00,305.55032,992.27075,3.1893141,57.649334,0.0,,
2025-01-14 02:00:00,307.0207,991.95825,3.338052,52.796482,0.0055823475,,
2025-01-14 03:00:00,308.34454,991.16376,3.7993784,48.12944,0.010278076,,
2025-01-14 04:00:00,309.44885,990.2861,3.9031532,42.13604,0.01757592,,
2025-01-14 05:00:00,309.57874,989.25055,3.6981497,41.135498,0.009261072,,
2025-01-14 06:00:00,310.12408,987.8775,4.236612,39.108475,0.010937452,,
2025-01-14 07:00:00,306.2965,989.1775,4.07911,52.720608,0.19049941,,
2025-01-14 08:00:00,306.1944,988.7992,5.742179,52.681374,0.020772219,,
2025-01-14 09:00:00,305.36487,988.6967,6.467997,55.264874,0.0045776544,,
2025-01-14 10:00:00,304.4144,989.0253,5.346679,57.610767,0.0,,
2025-01-14 11:00:00,303.52313,989.6978,4.347177,61.221058,0.0,,
2025-01-14 12:00:00,303.1645,989.86096,3.4876814,63.95859,0.0,,
2025-01-14 13:00:00,303.1008,990.66656,3.3497374,66.11331,0.0,,
2025-01-14 14:00:00,302.9779,991.0909,3.4040434,68.46635,0.0,,
2025-01-14 15:00:00,302.7725,991.0705,3.841243,70.42117,0.018507242,,
2025-01-14 16:00:00,302.47144,990.7278,3.4760206,72.68828,0.06642938,,
2025-01-14 17:00:00,302.04822,989.7442,3.6041088,75.524994,0.04723668,,
2025-01-14 18:00:00,301.66296,989.06647,4.310955,77.88015,0.034064054,,
2025-01-14 19:00:00,300.69006,989.0175,0.49481273,76.55837,0.0030100346,,
2025-01-14 20:00:00,300.5895,989.2682,1.1109667,77.19567,0.007212162,,
2025-01-14 21:00:00,300.48224,989.7286,1.8150104,77.828865,0.0021696032,,
2025-01-14 22:00:00,300.48083,990.2278,2.3020158,77.84372,0.006371731,,
2025-01-14 23:00:00,301.31403,990.6202,2.2567413,74.230896,0.021755725,,
2025-01-15 00:00:00,302.5558,991.02,1.8175071,69.50131,0.5383134,,
2025-01-15 01:00:00,303.90924,990.97675,2.0546012,63.67802,0.0,,
2025-01-15 02:00:00,305.29333,990.35065,1.6339836,57.31288,0.042691827,,
2025-01-15 03:00:00,306.61426,989.3825,0.9249912,52.028156,0.033121556,,
2025-01-15 04:00:00,308.1314,988.4512,0.5863306,45.858253,0.019643456,,
2025-01-15 05:00:00,308.63068,987.53564,1.0109203,42.7336,0.0028833747,,
2025-01-15 06:00:00,308.989,986.60767,2.1964364,41.491398,0.07464737,,
2025-01-15 07:00:00,307.67224,985.2976,2.417101,50.281216,0.0038519502,,
2025-01-15 08:00:00,307.82254,984.73755,3.4531527,49.55513,0.0030130176,,
2025-01-15 09:00:00,305.66833,985.1731,3.864869,57.42883,0.9667874,,
2025-01-15 10:00:00,303.42883,986.8855,2.0650394,67.51898,3.0324905,,
2025-01-15 11:00:00,301.93112,987.9122,1.0882925,76.31135,5.9597197,,
2025-01-15 12:00:00,300.67212,988.77234,0.42761388,81.99317,6.6974173,,
2025-01-15 13:00:00,300.51938,989.43713,1.6978178,83.65125,3.3080726,,
2025-01-15 14:00:00,300.4489,989.3486,1.6099197,84.65834,1.2192875,,
2025-01-15 15:00:00,300.36407,988.6697,1.0838155,85.505005,1.6834736,,
2025-01-15 16:00:00,300.32446,987.93286,0.28159973,85.86615,0.56421757,,
2025-01-15 17:00:00,300.32587,987.411,1.1070298,86.08588,0.460729,,
2025-01-15 18:00:00,300.03967,987.2385,1.6179765,87.34677,1.1235774,,
2025-01-15 19:00:00,300.27417,987.14343,1.9510311,86.51604,0.7956028,,
2025-01-15 20:00:00,300.05807,986.93494,2.0410545,87.889496,0.590384,,
2025-01-15 21:00:00,299.91248,987.53674,3.0310051,89.177475,0.33083558,,
2025-01-15 22:00:00,299.8339,987.98596,3.936702,89.98655,0.21022558,,
2025-01-15 23:00:00,300.30707,988.4291,4.532431,86.43,0.1249481,,
2025-01-16 00:00:00,300.92413,988.3006,4.031392,82.47856,27.464151,,
2025-01-16 01:00:00,301.46265,988.2723,4.265562,79.347374,0.0,,
2025-01-16 02:00:00,302.4433,987.79346,3.9112685,74.582794,0.20584464,,
2025-01-16 03:00:00,303.19617,987.1992,3.0322046,72.243,0.25492907,,
2025-01-16 04:00:00,304.4058,986.313,2.5484319,68.04858,0.1619719,,
2025-01-16 05:00:00,304.58423,985.655,2.6591086,66.75132,0.13517588,,
2025-01-16 06:00:00,305.20557,984.58344,3.1393325,65.9324,0.046640635,,
2025-01-16 07:00:00,304.28632,984.77576,3.4849286,63.91338,3.2688155,,
2025-01-16 08:00:00,304.23166,984.1728,2.5321338,63.722473,0.2246648,,
2025-01-16 09:00:00,304.596,985.09546,1.8407074,60.227943,0.0,,
2025-01-16 10:00:00,303.13327,986.6287,3.8631475,69.649765,0.11229515,,
2025-01-16 11:00:00,301.25327,987.45703,4.641268,77.808235,0.17105043,,
2025-01-16 12:00:00,300.57257,988.02924,4.0588994,81.62195,0.078849494,,
2025-01-16 13:00:00,300.41864,988.2317,4.0702615,83.13018,0.09004772,,
2025-01-16 14:00:00,300.32782,988.19507,4.3528504,83.871826,0.041425228,,
2025-01-16 15:00:00,300.22012,988.1503,4.5025806,84.059616,0.013411045,,
2025-01-16 16:00:00,300.0913,987.71075,4.4045153,84.34948,0.113636255,,
2025-01-16 17:00:00,299.9699,986.96716,4.170804,85.06275,0.18903613,,
2025-01-16 18:00:00,299.85834,986.302,4.092679,85.72693,0.09422004,,
2025-01-16 19:00:00,299.52127,987.0376,2.968269,88.46806,0.15471876,,
2025-01-16 20:00:00,299.50073,987.08264,3.2433565,88.7849,0.11961162,,
2025-01-16 21:00:00,299.5213,987.6127,3.40339,88.953384,0.049963593,,
2025-01-16 22:00:00,299.6278,988.29626,3.63218,88.78523,0.0064224005,,
2025-01-16 23:00:00,300.41953,988.8164,4.7678747,83.64463,0.0,,
2025-01-17 00:00:00,301.6029,989.15875,5.14668,77.78502,5.692899,,
2025-01-17 01:00:00,302.52975,989.3622,4.8536015,73.62268,0.0,,
2025-01-17 02:00:00,303.4763,989.14703,4.5793705,71.39796,0.048669055,,
2025-01-17 03:00:00,303.97903,988.5994,4.420904,70.53274,0.07335842,,
2025-01-17 04:00:00,304.62164,987.54517,4.265606,68.64675,0.0680536,,
2025-01-17 05:00:00,304.94843,986.4386,4.7228813,66.64373,0.02770871,,
2025-01-17 06:00:00,305.09756,985.71576,4.6795397,64.59346,0.10149926,,
2025-01-17 07:00:00,303.11963,985.8197,4.247546,66.51468,2.2035763,,
2025-01-17 08:00:00,301.99503,986.1669,4.034641,71.887115,1.4635473,,
2025-01-17 09:00:00,301.237,986.4651,1.8907077,76.20733,0.69627166,,
2025-01-17 10:00:00,301.11652,987.33185,1.8800888,78.22148,0.13296306,,
2025-01-17 11:00:00,300.62787,987.7336,1.8236465,83.23422,0.1410991,,
2025-01-17 12:00:00,300.427,988.3006,2.2889225,85.28265,0.15306473,,
2025-01-17 13:00:00,300.2436,988.5873,2.8416443,85.69845,0.10921061,,
2025-01-17 14:00:00,300.03824,988.70825,2.7473865,85.93099,0.018113758,,
2025-01-17 15:00:00,299.91425,988.5346,2.4043124,86.09878,0.013262033,,
2025-01-17 16:00:00,299.73935,987.7703,2.3650105,86.45119,0.009417534,,
2025-01-17 17:00:00,299.43402,987.2033,2.8180199,87.35923,0.0,,
2025-01-17 18:00:00,299.16913,986.97266,3.2045746,87.46927,0.0,,
2025-01-17 19:00:00,299.22464,987.1336,2.9208677,86.682594,0.0,,
2025-01-17 20:00:00,299.0802,987.24927,2.9001818,86.60587,0.0,,
2025-01-17 21:00:00,298.9828,987.8347,2.922159,86.40324,0.0,,
2025-01-17 22:00:00,299.1006,988.49304,2.7713075,85.73295,0.0017434359,,
2025-01-17 23:00:00,299.67017,989.3066,3.2513492,81.412125,0.053599477,,
2025-01-18 00:00:00,300.24445,989.67596,4.3600426,77.163765,5.366677,,
2025-01-18 01:00:00,300.39606,990.0324,4.0983734,77.29462,0.0,,
2025-01-18 02:00:00,300.7603,989.83417,4.1813025,76.99025,0.9210808,,
2025-01-18 03:00:00,300.86017,989.2991,3.5610323,76.51701,2.825765,,
2025-01-18 04:00:00,300.7303,989.0925,2.5860019,78.639626,2.2888649,,
2025-01-18 05:00:00,300.87738,988.5595,1.9607408,78.98474,1.6261749,,
2025-01-18 06:00:00,300.83295,987.9953,2.351914,81.30935,0.8930378,,
2025-01-18 07:00:00,303.0132,987.146,3.3343678,67.93997,0.043846667,,
2025-01-18 08:00:00,302.45615,987.2903,4.0157976,71.97454,0.052914023,,
2025-01-18 09:00:00,301.4085,987.8463,3.9784353,79.09289,0.2963841,,
2025-01-18 10:00:00,300.65408,988.60767,3.8267763,84.17721,1.0345224,,
2025-01-18 11:00:00,300.0915,989.2929,3.7640762,85.9377,1.531438,,
2025-01-18 12:00:00,299.68204,989.79315,3.4979722,87.8819,1.7146617,,
2025-01-18 13:00:00,299.45444,989.81,2.713317,88.6492,1.1210144,,
2025-01-18 14:00:00,299.24304,990.1322,1.9768931,89.5267,0.40616933,,
2025-01-18 15:00:00,299.0018,989.6715,1.9136537,90.310524,0.6873384,,
2025-01-18 16:00:00,298.72314,989.23553,2.0408602,90.81944,0.67442656,,
2025-01-18 17:00:00,298.5752,988.5156,2.021166,91.15207,0.1937598,,
2025-01-18 18:00:00,298.38257,988.058,2.5641463,91.67534,0.15872717,,
2025-01-18 19:00:00,298.36853,988.0076,3.4864697,84.5717,0.08717179,,
2025-01-18 20:00:00,298.22418,987.6181,2.9610336,84.91384,0.00333786,,
2025-01-18 21:00:00,298.02106,987.7664,2.7197416,87.22032,0.0,,
2025-01-18 22:00:00,298.05756,988.43256,2.7540994,87.86763,0.0,,
2025-01-18 23:00:00,299.26013,989.1962,2.9098966,82.34663,0.0,,
2025-01-19 00:00:00,300.72113,989.5672,2.5017135,74.13059,17.720484,,
2025-01-19 01:00:00,301.72375,990.1372,2.1819782,69.48654,0.0,,
2025-01-19 02:00:00,302.89365,990.0697,2.3748133,66.11699,0.0,,
2025-01-19 03:00:00,303.81213,989.76013,2.7468271,63.503437,0.0,,
2025-01-19 04:00:00,304.32687,989.03326,2.3317153,62.674435,0.08298457,,
2025-01-19 05:00:00,304.93848,988.50696,1.7311958,61.997265,0.05336851,,
2025-01-19 06:00:00,305.3758,987.5348,0.81685233,59.71486,0.0,,
2025-01-19 07:00:00,304.89636,987.96155,2.712239,64.87011,0.024840236,,
2025-01-19 08:00:00,303.88782,987.4462,2.816167,66.993866,0.06170571,,
2025-01-19 09:00:00,303.0971,987.9925,3.8971255,71.43416,0.10176003,,
2025-01-19 10:00:00,302.36975,988.32153,3.260614,76.20944,0.0027567148,,
2025-01-19 11:00:00,301.49255,989.6933,3.379647,81.99225,0.02899766,,
2025-01-19 12:00:00,301.07617,990.225,3.1063282,84.30845,0.039830804,,
2025-01-19 13:00:00,300.6506,990.6724,2.9911451,85.98979,0.004011381,,
2025-01-19 14:00:00,300.2163,991.06635,2.7799332,87.29934,0.0,,
2025-01-19 15:00:00,299.77313,990.6975,2.4112504,88.862656,0.0,,
2025-01-19 16:00:00,299.30017,989.9866,2.4055383,90.49565,0.0,,
2025-01-19 17:00:00,298.93787,989.44366,2.7649667,91.4712,0.0,,
2025-01-19 18:00:00,298.60248,988.90485,2.9282348,92.138214,0.0,,
2025-01-19 19:00:00,298.5321,988.9247,2.5423698,92.959496,0.0,,
2025-01-19 20:00:00,298.24316,989.08844,2.2002234,93.39482,0.0,,
2025-01-19 21:00:00,298.00714,989.4922,1.8375801,93.7327,0.0,,
2025-01-19 22:00:00,298.1494,990.08234,1.5587927,93.354126,0.0,,
2025-01-19 23:00:00,299.6621,990.70044,2.2108436,85.61752,0.0,,
2025-01-20 00:00:00,301.11023,990.83954,1.8971226,80.00666,0.4017204,,
2025-01-20 01:00:00,302.46185,991.1425,1.4584216,75.20682,0.0,,
2025-01-20 02:00:00,303.8095,990.5691,1.9921608,70.242516,0.0,,
2025-01-20 03:00:00,305.05212,990.06854,2.6556113,65.49139,0.0,,
2025-01-20 04:00:00,306.03592,989.3078,2.7585313,61.306072,0.0,,
2025-01-20 05:00:00,306.80112,988.7236,2.8647366,58.056877,0.0,,
2025-01-20 06:00:00,307.40253,988.17126,2.7905476,55.451263,0.0,,
2025-01-20 07:00:00,307.84412,987.5809,1.493927,50.86917,0.0,,
2025-01-20 08:00:00,307.6713,987.3221,1.0621583,49.90657,0.0,,
2025-01-20 09:00:00,307.51843,987.14594,1.2314217,50.16397,0.0,,
2025-01-20 10:00:00,306.72388,987.9567,1.539452,56.506382,0.0,,
2025-01-20 11:00:00,305.1427,988.32117,2.3586273,66.6038,0.0,,
2025-01-20 12:00:00,303.8313,988.70386,3.450857,71.10545,0.0,,
2025-01-20 13:00:00,302.9014,988.71796,4.075455,73.87306,0.0,,
2025-01-20 14:00:00,302.2249,989.0103,4.616289,76.38052,0.0,,
2025-01-20 15:00:00,301.66238,988.92664,5.0369554,78.75449,0.0,,
2025-01-20 16:00:00,301.08246,988.5747,5.199868,81.67592,0.0,,
2025-01-20 17:00:00,300.7623,988.4288,5.1305504,83.70488,0.0,,
2025-01-20 18:00:00,300.53546,988.3899,4.8954563,85.375175,0.0,,
2025-01-20 19:00:00,300.63474,988.5761,4.068712,81.92179,0.0,,
2025-01-20 20:00:00,300.29968,988.8872,3.5938702,84.40109,0.0,,
2025-01-20 21:00:00,299.9724,989.4461,2.8189836,86.92342,0.0,,
2025-01-20 22:00:00,299.91833,990.45483,1.8726225,89.08659,0.0,,
2025-01-20 23:00:00,301.4823,991.28516,2.2185502,81.57582,0.0,,
2025-01-21 00:00:00,302.9427,991.45593,3.0009272,75.42085,0.0,,
2025-01-21 01:00:00,304.5984,991.1887,3.666795,68.69602,0.0,,
2025-01-21 02:00:00,306.35602,990.6,4.0616064,60.99745,0.0,,
2025-01-21 03:00:00,308.05072,989.77545,4.1308084,52.608593,0.0,,
2025-01-21 04:00:00,309.4229,989.0561,3.720752,45.166203,0.0,,
2025-01-21 05:00:00,310.60052,987.8928,2.7387698,37.47777,0.0,,
2025-01-21 06:00:00,311.278,987.09265,1.6160367,31.846485,0.0,,
2025-01-21 07:00:00,311.51172,986.37335,0.7994532,29.877207,0.0,,
2025-01-21 08:00:00,311.62354,986.258,0.59972876,28.252876,0.0,,
2025-01-21 09:00:00,310.78326,986.4665,2.0329669,34.16318,0.0,,
2025-01-21 10:00:00,308.78177,986.8787,2.896932,45.045715,0.0,,
2025-01-21 11:00:00,306.3672,987.4219,3.731327,52.786022,0.0,,
2025-01-21 12:00:00,304.7398,987.8475,4.6742973,59.263176,0.0,,
2025-01-21 13:00:00,303.7535,988.5136,5.4549317,65.73038,0.0,,
2025-01-21 14:00:00,303.04767,988.56757,5.6513677,69.67193,0.0,,
2025-01-21 15:00:00,302.47955,988.89905,5.1836762,72.63285,0.0,,
2025-01-21 16:00:00,301.99442,988.9358,4.3802695,75.79156,0.0,,
2025-01-21 17:00:00,301.54236,988.83844,3.6304638,79.80799,0.0,,
2025-01-21 18:00:00,301.31287,988.78204,3.7845507,82.834526,0.0,,
2025-01-21 19:00:00,300.95337,988.93884,4.0062504,84.717926,0.0,,
2025-01-21 20:00:00,300.53787,989.20044,3.5660539,87.74346,0.0,,
2025-01-21 21:00:00,300.2165,989.9316,3.4744322,90.04355,0.0,,
2025-01-21 22:00:00,300.31058,990.68115,3.4157877,90.751305,0.0,,
2025-01-21 23:00:00,301.77734,991.34064,4.09624,84.053635,0.0,,
2025-01-22 00:00:00,303.50574,991.3808,3.956919,74.3289,0.0017136335,,
2025-01-22 01:00:00,305.2301,991.33716,3.6988807,65.68973,0.0,,
2025-01-22 02:00:00,306.88458,991.04517,3.6405563,58.425087,0.0,,
2025-01-22 03:00:00,308.31207,990.1934,3.723547,52.09143,0.0,,
2025-01-22 04:00:00,309.6353,989.3525,3.774116,45.97715,0.0,,
2025-01-22 05:00:00,310.57526,988.5025,3.5240257,41.21488,0.0,,
2025-01-22 06:00:00,311.00644,988.03424,3.3124115,38.355724,0.0012814999,,
2025-01-22 07:00:00,310.10968,987.7622,2.525357,36.696453,0.24117827,,
2025-01-22 08:00:00,308.8505,988.1135,6.0614996,41.556587,0.11682509,,
2025-01-22 09:00:00,308.12085,988.85846,4.1403017,44.618195,0.0,,
2025-01-22 10:00:00,306.622,989.7532,2.235251,51.164032,0.0,,
2025-01-22 11:00:00,305.44238,989.82513,0.51034796,57.179367,0.0,,
2025-01-22 12:00:00,304.5683,990.9866,3.7205539,61.610718,0.057026744,,
2025-01-22 13:00:00,303.06003,991.69226,5.7526474,66.56,0.0,,
2025-01-22 14:00:00,301.9489,991.6369,3.9744096,72.970375,0.0,,
2025-01-22 15:00:00,301.3735,991.71326,4.595234,76.82336,0.0,,
2025-01-22 16:00:00,300.95154,991.30273,4.0833197,80.12175,0.0,,
2025-01-22 17:00:00,300.60925,991.09784,3.342629,83.03554,0.0,,
2025-01-22 18:00:00,300.4329,990.8795,3.5200381,84.91587,0.0,,
2025-01-22 19:00:00,299.89893,990.47235,2.8227232,87.27803,0.0,,
2025-01-22 20:00:00,299.60144,990.5242,2.3734648,89.61053,0.0,,
2025-01-22 21:00:00,299.3852,991.3766,1.9689344,91.4858,0.0,,
2025-01-22 22:00:00,299.52533,992.1811,1.4865625,92.07319,0.0,,
2025-01-22 23:00:00,301.06946,992.93555,2.4544003,83.71139,0.0,,
2025-01-23 00:00:00,302.64902,993.3766,2.4053626,75.727936,0.41808486,,
2025-01-23 01:00:00,304.3283,993.1506,2.2222998,68.12254,0.0,,
2025-01-23 02:00:00,306.1222,992.6125,2.2731924,59.50206,0.0,,
2025-01-23 03:00:00,307.66467,991.6626,2.1272948,51.697685,0.015765429,,
2025-01-23 04:00:00,308.58472,990.9025,1.7913809,46.737995,0.07203221,,
2025-01-23 05:00:00,309.1118,990.14655,0.8888902,43.462177,0.07546693,,
2025-01-23 06:00:00,309.7223,989.21796,0.55740994,40.869965,0.052705407,,
2025-01-23 07:00:00,310.1136,988.2774,1.117422,38.800667,0.040838115,,
2025-01-23 08:00:00,310.08838,987.9947,1.4483948,38.36599,0.029489398,,
2025-01-23 09:00:00,308.93433,988.4958,1.5398718,40.90291,0.48559907,,
2025-01-23 10:00:00,308.61945,988.71643,1.0205399,42.65922,0.0,,
2025-01-23 11:00:00,307.64084,989.6746,0.8483565,50.52537,0.0,,
2025-01-23 12:00:00,306.721,990.09784,1.9124584,56.164318,0.0,,
2025-01-23 13:00:00,305.8821,990.7356,2.909153,57.35056,0.0,,
2025-01-23 14:00:00,305.1908,991.3233,3.4392664,57.65882,0.0055879354,,
2025-01-23 15:00:00,304.1037,991.6132,2.7780752,61.646736,0.23807585,,
2025-01-23 16:00:00,302.01044,992.1058,3.1767337,70.802536,0.7841289,,
2025-01-23 17:00:00,302.02563,990.85345,2.5557477,71.80613,0.0,,
2025-01-23 18:00:00,302.01532,990.3187,2.9090238,72.275696,0.0,,
2025-01-23 19:00:00,300.2509,990.4366,3.508313,77.95293,0.0,,
2025-01-23 20:00:00,300.03452,990.3601,3.2300913,79.47975,0.0,,
2025-01-23 21:00:00,299.82312,990.55664,2.8621674,81.23277,0.0,,
2025-01-23 22:00:00,299.90906,990.92017,2.3294437,82.1072,0.0,,
2025-01-23 23:00:00,301.24384,991.455,2.9119675,76.69257,0.0,,
2025-01-24 00:00:00,303.04123,991.5798,3.1619232,69.59132,1.8010318,,
2025-01-24 01:00:00,305.0349,991.52155,3.2776182,60.854458,0.0,,
2025-01-24 02:00:00,306.8783,991.0913,3.2196033,53.611763,0.0,,
2025-01-24 03:00:00,308.35095,990.2085,2.930818,48.51359,0.0,,
2025-01-24 04:00:00,309.64035,989.1039,2.5859656,44.150276,0.0027567148,,
2025-01-24 05:00:00,310.6314,987.9557,2.0857515,40.553402,0.012099743,,
2025-01-24 06:00:00,311.28085,987.3014,1.8934847,37.95282,0.032782555,,
2025-01-24 07:00:00,311.61005,986.757,1.3630532,35.137455,0.028438866,,
2025-01-24 08:00:00,311.75012,986.4292,0.7373002,34.193737,0.012233853,,
2025-01-24 09:00:00,311.55872,986.4525,0.782043,34.219055,0.011980534,,
2025-01-24 10:00:00,310.98883,987.07196,1.730782,35.52087,0.0,,
2025-01-24 11:00:00,309.6651,987.66565,1.1960491,39.354015,0.0,,
2025-01-24 12:00:00,308.8131,988.6767,1.2403253,42.654495,0.0,,
2025-01-24 13:00:00,307.80365,989.6744,2.3144157,46.266296,0.0,,
2025-01-24 14:00:00,306.90173,990.3105,3.593255,48.273026,0.0,,
2025-01-24 15:00:00,305.81598,990.9217,1.9473451,54.71683,0.032916665,,
2025-01-24 16:00:00,305.31958,990.3811,2.1185193,56.9433,0.0,,
2025-01-24 17:00:00,304.77817,989.3947,4.121596,59.2328,0.0,,
2025-01-24 18:00:00,303.94446,988.9592,5.275274,64.849625,0.0,,
2025-01-24 19:00:00,302.44473,989.40393,5.1877165,68.57541,0.0,,
2025-01-24 20:00:00,301.7622,989.3677,5.070653,74.04987,0.0,,
2025-01-24 21:00:00,301.2719,989.96344,4.5700107,78.04943,0.0,,
2025-01-24 22:00:00,301.2663,991.22955,4.131448,79.853386,0.0,,
2025-01-24 23:00:00,302.41907,991.74255,4.92928,74.96008,0.0,,
2025-01-25 00:00:00,304.0737,991.79315,4.982292,66.590096,0.13503897,,
2025-01-25 01:00:00,306.2052,991.59436,4.638328,56.77401,0.0,,
2025-01-25 02:00:00,308.10263,990.90173,3.9525583,48.81791,0.0,,
2025-01-25 03:00:00,309.845,990.0112,3.1368227,42.404263,0.0,,
2025-01-25 04:00:00,311.2246,988.9986,2.2448611,37.455505,0.013284385,,
2025-01-25 05:00:00,312.09863,988.03735,1.2466965,33.800602,0.03244728,,
2025-01-25 06:00:00,312.9334,987.2196,1.240517,30.756626,0.035449862,,
2025-01-25 07:00:00,310.8111,987.3484,3.2980087,34.609657,0.0,,
2025-01-25 08:00:00,311.0541,986.4497,2.8623521,33.190132,0.0,,
2025-01-25 09:00:00,310.85007,986.3233,2.3211703,32.736652,0.0,,
2025-01-25 10:00:00,310.22968,986.85657,0.932853,34.37683,0.0,,
2025-01-25 11:00:00,309.43524,986.9839,0.7557689,36.844063,0.0,,
2025-01-25 12:00:00,308.86584,987.9995,1.6377724,38.882877,0.0,,
2025-01-25 13:00:00,308.2375,988.6768,2.0700674,40.533928,0.0,,
2025-01-25 14:00:00,307.35925,989.05963,2.3437712,43.030567,0.0,,
2025-01-25 15:00:00,306.62323,989.0751,2.5623071,44.881977,0.0,,
2025-01-25 16:00:00,305.9889,988.35236,2.803326,46.32663,0.0,,
2025-01-25 17:00:00,305.37292,987.91797,4.1207566,47.701447,0.0,,
2025-01-25 18:00:00,304.08698,987.78937,5.652808,59.152687,0.0,,
2025-01-25 19:00:00,303.02777,988.14966,4.2474046,57.66217,0.0,,
2025-01-25 20:00:00,301.94794,988.38873,4.579443,69.98385,0.0,,
2025-01-25 21:00:00,301.266,988.7692,4.3020363,79.00657,0.0,,
2025-01-25 22:00:00,301.34967,989.3473,3.640774,80.58252,0.0,,
2025-01-25 23:00:00,302.86328,989.7861,3.7818584,72.3575,0.0,,
2025-01-26 00:00:00,304.9993,989.70953,3.8651242,61.217262,0.081181526,,
2025-01-26 01:00:00,307.41022,989.7775,3.547476,49.52548,0.0,,
2025-01-26 02:00:00,309.3498,989.3217,2.6460207,40.652866,0.0,,
2025-01-26 03:00:00,310.9953,988.5714,1.792962,34.049503,0.0018365681,,
2025-01-26 04:00:00,312.05014,987.47906,0.7920444,29.862288,0.02285093,,
2025-01-26 05:00:00,313.01624,986.4299,0.36659008,26.965963,0.0169985,,
2025-01-26 06:00:00,313.59357,985.32446,0.6709103,25.205902,0.0073462725,,
2025-01-26 07:00:00,312.6144,984.8077,0.6833224,29.966589,0.025078654,,
2025-01-26 08:00:00,312.70068,984.14154,0.855019,29.434067,0.02041459,,
2025-01-26 09:00:00,312.21704,984.53143,2.0824506,30.54408,0.02092123,,
2025-01-26 10:00:00,309.68533,985.6819,2.9194107,37.57253,0.46934932,,
2025-01-26 11:00:00,309.05264,986.2886,4.4767027,41.586876,0.0,,
2025-01-26 12:00:00,308.0504,986.96985,4.401012,47.1784,0.0,,
2025-01-26 13:00:00,307.1287,987.6292,3.4988973,52.10677,0.0,,
2025-01-26 14:00:00,305.59247,988.65265,3.222573,58.812195,0.25221705,,
2025-01-26 15:00:00,304.35046,988.6841,5.0429463,64.09934,0.35746396,,
2025-01-26 16:00:00,303.8373,987.835,4.837728,66.0586,0.045076013,,
2025-01-26 17:00:00,303.5918,986.77234,4.9943304,68.22826,0.0,,
2025-01-26 18:00:00,303.28305,986.3102,5.2834024,70.63101,0.0,,
2025-01-26 19:00:00,302.1628,986.9542,4.7333174,74.929054,0.0,,
2025-01-26 20:00:00,301.74146,986.8716,5.045976,78.54424,0.0,,
2025-01-26 21:00:00,301.46667,987.32275,4.6475234,81.70293,0.0,,
2025-01-26 22:00:00,301.45648,987.90326,3.5078015,83.08894,0.0,,
2025-01-26 23:00:00,302.65094,988.9383,2.884246,77.45169,0.0,,
2025-01-27 00:00:00,303.8495,989.4913,2.0555444,72.086006,1.2408406,,
2025-01-27 01:00:00,305.62778,989.378,3.162165,64.380585,0.0,,
2025-01-27 02:00:00,307.47382,988.66705,2.91367,56.67855,0.0,,
2025-01-27 03:00:00,309.13022,987.6365,2.2918074,49.727055,0.0,,
2025-01-27 04:00:00,310.75385,986.517,1.8699856,42.658997,0.0,,
2025-01-27 05:00:00,311.94705,985.78656,1.3647481,37.606453,0.0,,
2025-01-27 06:00:00,312.6788,985.2025,1.0555023,34.32641,0.028051436,,
2025-01-27 07:00:00,311.19156,985.69604,1.4703975,38.277397,0.0055089584,,
2025-01-27 08:00:00,311.10873,985.13025,1.5743035,37.31008,0.068329275,,
2025-01-27 09:00:00,311.0831,984.6716,1.1916478,36.77167,0.048317015,,
2025-01-27 10:00:00,310.1477,986.00024,3.5081666,38.877247,0.2048388,,
2025-01-27 11:00:00,305.77783,988.0105,5.499285,54.19939,1.4283433,,
2025-01-27 12:00:00,305.36993,988.71295,4.441863,54.983078,0.0,,
2025-01-27 13:00:00,304.7777,989.2417,5.202245,57.22882,0.0027418137,,
2025-01-27 14:00:00,304.26184,989.99005,5.21237,58.96753,0.0,,
2025-01-27 15:00:00,303.6147,989.87274,5.0277042,62.0131,0.0,,
2025-01-27 16:00:00,303.0932,989.59344,4.1604033,65.13533,0.0,,
2025-01-27 17:00:00,302.56332,989.44867,3.0517788,68.187996,0.0,,
2025-01-27 18:00:00,302.19904,989.29126,2.2893445,70.613594,0.0,,
2025-01-27 19:00:00,302.25647,989.97797,2.6929152,67.03364,0.0,,
2025-01-27 20:00:00,302.0336,989.92944,1.4965563,69.292244,0.0,,
2025-01-27 21:00:00,301.7918,990.3103,1.334387,71.374,0.0,,
2025-01-27 22:00:00,301.84784,990.9865,2.059567,70.5086,0.0,,
2025-01-27 23:00:00,303.12085,991.2576,3.221172,63.92163,0.0,,
2025-01-28 00:00:00,304.78378,991.71515,2.5544016,56.83441,1.7866373,,
2025-01-28 01:00:00,306.50983,992.1241,1.9252471,50.773384,0.0,,
2025-01-28 02:00:00,308.0128,991.91095,1.993713,46.04835,0.0,,
2025-01-28 03:00:00,309.4532,991.3622,1.5963411,41.77579,0.012226403,,
2025-01-28 04:00:00,310.53705,990.49164,0.91150475,38.03513,0.00975281,,
2025-01-28 05:00:00,311.51794,989.7639,0.37730184,34.75125,0.0045225024,,
2025-01-28 06:00:00,312.0451,988.59717,0.13422519,32.622208,0.0,,
2025-01-28 07:00:00,310.75238,988.3551,0.85269743,38.791714,0.080260634,,
2025-01-28 08:00:00,308.9002,988.40894,2.2505467,44.667965,0.56290627,,
2025-01-28 09:00:00,308.52185,988.6906,2.244889,46.835472,0.0,,
2025-01-28 10:00:00,308.34872,989.37354,3.7750444,47.770805,0.0,,
2025-01-28 11:00:00,307.6792,989.99384,3.3648384,50.78109,0.0,,
2025-01-28 12:00:00,307.19965,990.41656,3.5205262,52.962917,0.0,,
2025-01-28 13:00:00,306.7352,990.6625,3.7664607,55.406918,0.0,,
2025-01-28 14:00:00,306.0926,990.6076,4.042197,58.897465,0.0,,
2025-01-28 15:00:00,305.37106,990.3575,4.398266,62.788116,0.0,,
2025-01-28 16:00:00,304.63797,989.75446,4.388665,66.64784,0.0,,
2025-01-28 17:00:00,304.03333,989.1722,4.320623,70.12443,0.0,,
2025-01-28 18:00:00,303.43524,988.58344,4.269645,73.64275,0.0,,
2025-01-28 19:00:00,301.53476,990.3256,2.4738927,78.13028,0.0,,
2025-01-28 20:00:00,301.06345,990.66876,2.5245419,81.0785,0.0,,
2025-01-28 21:00:00,300.73615,991.2894,2.6366904,83.00674,0.0,,
2025-01-28 22:00:00,300.63873,991.77435,2.8549042,83.83766,0.0,,
2025-01-28 23:00:00,301.53906,992.0705,3.2663078,79.65629,0.0,,
2025-01-29 00:00:00,303.31412,992.1511,3.193818,71.936386,0.6714493,,
2025-01-29 01:00:00,305.32187,991.978,3.0867193,63.522865,0.0,,
2025-01-29 02:00:00,307.3468,991.7505,2.9233582,55.55245,0.0,,
2025-01-29 03:00:00,309.00067,990.88007,2.5681717,48.99467,0.0,,
2025-01-29 04:00:00,309.94073,989.73456,1.8901153,44.187973,0.0,,
2025-01-29 05:00:00,311.10202,988.4439,1.2721477,38.626392,0.012345612,,
2025-01-29 06:00:00,311.6322,987.1094,1.191534,35.345547,0.01976639,,
2025-01-29 07:00:00,308.89752,988.128,2.6074395,43.008244,0.06222725,,
2025-01-29 08:00:00,308.45575,987.5829,1.4186921,44.526184,0.032432377,,
2025-01-29 09:00:00,308.30783,987.64417,0.91911757,44.68425,0.0,,
2025-01-29 10:00:00,308.18353,987.7829,2.3392308,45.331474,0.0,,
2025-01-29 11:00:00,307.45288,988.4617,3.3212507,48.707302,0.0,,
2025-01-29 12:00:00,306.85364,988.9327,3.3939874,51.130623,0.0,,
2025-01-29 13:00:00,306.19867,989.7813,2.279881,54.28507,0.0,,
2025-01-29 14:00:00,305.6183,990.33453,1.109035,57.861526,0.0,,
2025-01-29 15:00:00,304.66153,990.07623,2.5625272,63.007156,0.0,,
2025-01-29 16:00:00,303.84146,989.4975,2.631318,66.25314,0.0,,
2025-01-29 17:00:00,303.30237,988.94617,1.9777473,68.14281,0.0,,
2025-01-29 18:00:00,303.10498,988.3008,1.8735043,68.779686,0.0,,
2025-01-29 19:00:00,302.64325,988.9766,3.1459446,66.759705,0.0,,
2025-01-29 20:00:00,302.4054,989.0719,3.4094431,69.43017,0.0,,
2025-01-29 21:00:00,302.29565,989.1475,3.4529417,70.4985,0.0,,
2025-01-29 22:00:00,302.36212,989.13306,2.2934904,70.65858,0.0,,
2025-01-29 23:00:00,303.9112,989.46716,2.550593,62.832104,0.0,,
2025-01-30 00:00:00,305.89813,989.57227,2.6657696,52.624233,0.12853758,,
2025-01-30 01:00:00,307.84515,989.7753,2.1577227,44.33171,0.0,,
2025-01-30 02:00:00,309.51068,989.294,1.7788516,38.834675,0.0,,
2025-01-30 03:00:00,310.95282,988.3702,1.7047261,34.663383,0.0068619847,,
2025-01-30 04:00:00,312.18042,987.2187,1.6616794,31.245392,0.014208257,,
2025-01-30 05:00:00,313.11768,986.01544,1.726695,28.779034,0.01206249,,
2025-01-30 06:00:00,313.92584,985.02826,2.1674118,26.859823,0.015854836,,
2025-01-30 07:00:00,314.6127,984.1742,4.0716662,26.67463,0.032119453,,
2025-01-30 08:00:00,314.0699,983.5032,4.4486313,26.736275,0.3040731,,
2025-01-30 09:00:00,312.93024,983.9193,4.5923886,28.390226,0.3483072,,
2025-01-30 10:00:00,310.77145,984.9247,2.454309,33.073967,0.017859042,,
2025-01-30 11:00:00,309.20117,985.4164,3.557982,39.38154,0.0,,
2025-01-30 12:00:00,307.56995,986.9392,4.245857,46.34905,0.0224635,,
2025-01-30 13:00:00,306.14734,987.4908,5.0391836,51.819492,0.0036284328,,
2025-01-30 14:00:00,305.57245,987.84235,4.666223,54.029465,0.0,,
2025-01-30 15:00:00,305.15778,987.75806,3.842932,56.38557,0.0,,
2025-01-30 16:00:00,304.68457,987.2408,3.6161003,59.18039,0.0,,
2025-01-30 17:00:00,304.1527,986.7685,3.8676717,62.93187,0.0,,
2025-01-30 18:00:00,303.43103,986.01917,3.8982847,69.444534,0.0,,
2025-01-30 19:00:00,302.20105,986.7924,4.5649047,78.69982,0.0,,
2025-01-30 20:00:00,301.66534,986.9414,3.3817468,82.14842,0.0,,
2025-01-30 21:00:00,301.34045,987.03326,3.191626,83.95621,0.0,,
2025-01-30 22:00:00,301.25848,987.4581,3.355067,84.552795,0.0,,
2025-01-30 23:00:00,302.45428,988.02435,3.8687525,78.36462,0.0,,
2025-01-31 00:00:00,304.43393,988.06476,3.6357372,67.82877,0.7778585,,
2025-01-31 01:00:00,306.83768,987.8948,3.3263662,56.219643,0.0,,
2025-01-31 02:00:00,308.99243,987.39514,2.8645544,46.75912,0.0,,
2025-01-31 03:00:00,310.77466,986.6147,2.2148945,39.581604,0.0063851476,,
2025-01-31 04:00:00,312.266,985.59125,1.3963666,33.613483,0.0044703484,,
2025-01-31 05:00:00,313.22787,984.6447,0.6274898,29.429203,0.0040084124,,
2025-01-31 06:00:00,313.4978,983.935,0.6397857,28.000694,0.0022947788,,
2025-01-31 07:00:00,312.01642,984.77545,2.513244,34.03242,0.03837049,,
2025-01-31 08:00:00,311.8817,984.0228,3.251249,33.173244,0.035129488,,
2025-01-31 09:00:00,308.54883,985.4825,4.262975,41.102978,0.40660053,,
2025-01-31 10:00:00,308.70978,985.6472,1.1041391,39.67768,0.0,,
2025-01-31 11:00:00,308.29004,986.4455,3.2146385,42.03492,0.0,,
2025-01-31 12:00:00,307.588,987.2653,3.330629,45.05245,0.0,,
2025-01-31 13:00:00,306.97803,987.66046,3.4800212,47.79621,0.0,,
2025-01-31 14:00:00,305.99518,988.03,4.1252403,52.747715,0.0,,
2025-01-31 15:00:00,304.89706,987.68365,4.0382304,58.984566,0.0,,
2025-01-31 16:00:00,303.87573,986.9046,3.9825306,64.46318,0.0,,
2025-01-31 17:00:00,303.07788,986.03815,4.274501,69.025055,0.0,,
2025-01-31 18:00:00,302.51764,985.9356,3.904943,73.136086,0.0,,
2025-01-31 19:00:00,301.17783,986.8855,3.7582297,81.83975,0.0,,
2025-01-31 20:00:00,300.81293,987.0225,3.679362,83.26934,0.0,,
2025-01-31 21:00:00,300.52374,987.3678,3.0744152,84.23016,0.0,,
2025-01-31 22:00:00,300.52988,987.9266,2.4519088,83.760216,0.0,,
2025-01-31 23:00:00,301.22845,988.4372,2.2161674,79.37569,0.0,,
